2603
1.644397
4
91
40
10
1
5047
0.259429
-0.687991
0.068408
-0.262998
-0.871367
-1.000000
-0.377590
0.187678
0.915177
0.981044
-0.085283
-0.622116
0.589138
0.298839
-0.683427
0.741804
-0.884041
-0.217109
-0.706537
-0.007454
0.513030
0.512542
0.411280
0.919516
-0.619014
-0.850307
0.284076
0.183308
-0.137683
0.933892
0.471130
0.868072
0.301684
0.845280
-1.000000
-0.266860
0.882512
-0.223676
1.000000
0.010853
-0.549775
-0.632144
0.712755
0.262218
0.931003
0.922216
-1.000000
-0.671925
0.566109
-0.261905
-0.228960
-0.690838
-0.449748
0.449705
0.274619
-0.877264
0.670549
0.189347
-0.907782
-0.424686
-0.926711
0.846113
0.743923
-0.932882
-1.000000
0.218465
0.935456
0.856234
-0.785382
0.055230
-0.605324
0.597594
-0.838978
-0.433251
0.049225
-0.250327
0.607099
-0.829947
-0.942463
0.233741
0.301493
0.902096
-0.022069
0.462442
0.936474
0.833963
-0.565346
-0.748267
0.897551
-0.501774
-0.714877
0.450485
-0.974858
0.599097
0.107751
0.722701
0.111587
-0.448372
-0.940335
-0.703803
0.498923
0.032105
-0.651813
-0.413877
-0.965552
-0.517245
-0.123984
-0.631351
0.592371
-0.084422
0.061395
-0.646716
1.000000
-0.965137
0.753452
-0.334647
-0.675115
0.378568
0.946143
-0.792393
-0.955047
-0.564521
-0.402026
0.929359
0.000990
0.659884
0.062341
-0.065453
0.001513
-0.669944
-0.207522
0.043144
-0.214680
0.199253
-1.000000
-0.137150
0.168773
-0.412901
-0.093257
-0.708856
0.998686
0.557012
0.865175
1.000000
0.317570
-0.240472
0.207320
-0.872190
-0.468667
-0.168428
0.313752
0.481711
-0.597127
0.234172
0.709884
-0.528558
-0.816540
-0.814952
0.602014
-0.326127
-0.688398
0.773288
-0.643446
0.807853
-1.000000
-0.942824
-0.083743
-0.046215
0.710671
0.028836
-0.032755
-0.988573
-0.562656
0.670918
-0.290988
-0.887960
0.605753
-0.301379
-0.457655
-0.872810
-0.101453
-0.826844
0.684721
0.847776
0.384790
0.984638
0.002548
0.578097
0.893076
-0.858528
0.248404
0.801626
0.234708
-0.618895
-0.658525
-0.072571
-0.565739
0.543777
-0.613672
-0.662657
-0.654863
-0.106213
-0.054763
0.963355
0.945976
-0.215836
-0.690223
-0.519802
0.857104
-1.000000
-0.366573
-0.650369
0.369999
-0.779169
-0.415265
-0.852445
-0.058194
-0.571280
-0.869140
-0.354111
0.628622
-0.265362
0.550563
-0.425412
0.927564
0.013360
-0.214697
0.899483
-0.070755
0.028602
0.948330
-0.831185
0.635875
-0.234317
-0.858830
0.913954
-0.196964
-0.407030
0.907865
-1.000000
0.595111
-0.698480
-0.283224
0.905953
0.585132
0.336161
-0.828433
-0.943847
0.860545
0.069854
0.097848
0.844962
0.017111
-0.924480
0.771369
-0.777401
0.213588
0.205619
-0.207492
-0.965600
-0.929262
-0.405534
-0.229369
0.276922
-1.000000
0.532058
-0.317475
-0.951022
-1.000000
0.930171
-0.566460
-0.870901
0.427335
0.489992
-0.979919
0.315354
0.660873
0.406898
-0.400677
-0.272297
0.631391
0.810816
0.358904
-0.885662
-0.578203
0.575593
-0.629312
0.686128
1.000000
0.855609
0.400017
-0.044665
-0.792012
0.603252
0.371756
-0.228487
-0.909568
0.822193
-0.064681
0.409555
-0.022275
0.266132
0.748769
-0.629334
0.740177
-0.197598
0.172426
0.556171
-0.393410
-0.419273
-0.716937
0.113262
-0.636381
0.859585
0.696993
0.650617
0.521423
0.094409
0.067909
0.641793
-0.014271
0.936694
0.036776
-0.458139
0.230733
-0.689905
-0.966700
-0.601500
0.770186
-0.456154
0.177617
-1.000000
0.824167
0.129936
-0.688634
-0.609374
0.759751
0.167032
0.831513
-0.310845
0.172626
-0.930747
1.000000
-0.296392
0.470788
-0.536607
0.898298
-0.492341
-0.566455
0.246136
0.617531
-0.201098
-0.735734
0.414046
0.016576
-0.222348
0.049819
-0.044799
-0.078802
0.549294
-0.755461
0.039829
0.492538
0.855973
-0.546855
0.045991
0.506223
-0.812537
0.716900
0.228669
0.059226
0.271852
-0.129728
-0.221418
0.500655
1.000000
0.686881
-0.102485
0.542663
-0.481922
0.729366
0.472516
-0.352491
0.733687
-0.880376
-0.614951
-0.289972
-0.656027
0.322726
-0.101285
0.175800
-1.000000
-0.643430
-0.564541
-0.364212
-0.888415
0.335797
-0.191780
0.456071
-0.772967
0.286901
1.000000
0.792957
0.859209
-0.657135
1.000000
-0.358848
-0.668870
-0.326825
0.898947
-0.595568
-0.902006
-0.525712
1.000000
0.416633
-0.272235
-0.597327
0.371223
0.416773
-0.333877
0.832378
-0.697557
0.796067
-0.822599
0.720494
0.120508
0.743709
0.934857
-0.794633
-0.769206
0.257601
0.443405
-0.928187
0.157410
-0.139475
0.774048
0.535561
0.466102
0.668633
-0.227760
-0.577561
-0.065819
-0.494681
0.890981
-0.409219
-0.155568
0.056997
-0.031017
-0.746628
0.729319
-0.756353
0.358375
-0.972565
-0.167822
-0.978548
0.339559
-0.603016
-0.273704
0.624412
0.510998
-0.596622
-0.026983
-0.355124
-0.591445
-0.093247
0.878460
-0.114166
-0.554183
0.977041
0.638326
-0.044250
0.700748
-0.845974
0.968502
0.307568
0.368984
0.121331
-0.935049
0.456254
-0.130279
0.303223
1.000000
0.302619
1.000000
-0.550625
-0.983448
0.876185
-0.363552
-0.109058
-0.544037
0.552855
0.027720
-0.216569
0.452039
-0.327284
-0.569389
0.741197
-0.059487
0.036434
-0.112142
0.816845
-0.409466
0.241113
0.550805
0.642829
-0.042365
0.849307
-0.966272
-0.104876
-0.532169
-0.354404
-0.147106
0.694719
0.940448
-0.475509
-0.377928
0.882074
-0.880002
-0.113381
0.325688
-0.448388
-1.000000
0.044962
-0.745291
-0.941976
-0.590598
-0.153825
-0.139426
0.224395
-0.477208
-0.438058
0.413590
-0.445126
0.623049
-0.012255
0.662052
-0.719461
0.463225
-0.838358
-0.783694
0.196191
0.918404
0.776012
-0.973439
-0.057900
-0.909321
-0.787296
0.513663
-0.024393
-0.049030
0.567957
0.528079
-0.049097
-0.912420
-0.240669
-0.737404
-0.692246
0.826543
0.389401
-0.539454
-0.487053
-0.415385
-0.191807
1.000000
-0.821831
0.821704
0.022133
0.334530
0.354430
-0.641308
-0.184055
-0.279487
0.968396
-0.210027
0.177458
-0.117551
-0.172753
-0.146896
-0.127105
-0.805957
0.491762
-0.203946
0.447737
-0.786429
-0.122609
1.000000
0.321575
-0.179855
0.825765
0.234954
0.979038
0.329693
-1.000000
-0.093710
0.358215
-0.948768
1.000000
0.453932
0.525331
0.933233
0.851680
-0.164269
0.775856
0.520224
-0.520489
0.963839
-0.374753
0.262914
-0.853111
0.586156
1.000000
0.287553
-0.690548
0.999814
-0.137570
0.389531
-0.055765
0.802767
-0.759025
-0.426930
0.096469
0.454360
0.179192
-0.176411
-0.310329
-0.431021
-0.970296
-0.452171
-0.176578
0.515156
-0.407065
-1.000000
0.455741
-0.038199
-0.706001
-0.547006
0.171858
-0.471946
0.956732
-0.222028
-0.902756
-0.328140
0.320267
1.000000
0.730321
-0.145320
-0.368790
-0.921399
0.656913
-0.733656
-0.491483
-0.232091
-0.200254
-0.172572
0.848679
-0.315865
-0.311937
-0.450233
-0.040533
0.177776
0.579525
0.494201
0.799249
0.438127
-0.572822
0.860234
0.714512
-0.749603
-0.019354
-0.471196
-0.790242
-0.756692
-0.078357
-0.711034
-0.113079
0.623501
-0.361753
0.808098
0.887670
-0.691673
-0.286260
0.507350
-0.143085
-0.341167
-0.407413
-1.000000
-0.742830
0.468664
-0.506633
-0.294226
0.951980
0.229731
0.690296
0.698677
-0.232739
-0.786366
-0.931002
-0.102652
0.009467
-0.959580
0.135029
0.355786
0.774082
0.663488
-0.957721
-1.000000
-0.326893
-0.285438
0.515685
0.872139
0.964737
0.649076
-0.443043
0.474146
-0.265079
0.131868
-0.513452
-0.049813
0.086003
-0.851931
0.542560
0.181346
-0.458809
0.740527
-1.000000
0.216374
-0.476948
-0.588692
0.383951
-0.163256
0.887191
-1.000000
-0.924256
-0.804354
0.533765
1.000000
0.186560
0.250405
-0.190780
-0.649595
0.805145
-0.062390
-0.050319
-0.792110
0.657341
-0.918666
-0.718121
0.606579
0.003093
-0.236341
-0.417979
0.601706
-0.336162
0.710945
-0.064799
-0.902723
-0.485529
-0.371736
-0.969549
0.011812
0.489046
0.292870
-0.368384
-0.915003
0.333282
0.902051
0.260709
-0.754508
-0.556741
-0.786907
-0.032996
-0.337249
-0.840551
-0.311827
0.297903
-0.213875
-0.288985
-0.722817
-0.748846
-0.612387
-0.882983
-0.347400
-0.683288
0.178705
-0.810588
0.557904
-0.837105
0.355104
-0.433935
0.162725
-0.230950
-0.946777
-0.374922
-0.011927
-0.912727
0.549691
-0.348559
0.145109
0.748552
0.169526
0.129706
-0.002905
0.092903
-0.749985
-0.811147
-0.851987
-0.584990
-0.989327
0.131969
0.423022
0.007779
0.790066
0.097448
0.992341
-0.658514
-0.020747
-0.527945
-0.619966
0.419970
0.876241
0.496079
-0.199944
-0.934092
-0.748420
-0.426235
0.882017
-0.400589
-0.159738
-0.277866
0.088749
-0.636544
-0.158823
-0.819708
-0.215761
-0.666832
0.032759
-0.533965
0.849297
0.085617
-0.388043
0.190702
-0.699061
-0.668856
0.532922
-0.899956
-0.047631
0.257660
0.894055
-0.944624
-0.442878
-1.000000
-0.254722
0.371972
0.730845
0.698511
-0.550460
0.902460
-0.505741
0.626344
0.715339
0.522225
0.087980
0.053613
0.924539
-0.354807
0.529809
0.500033
-0.055899
-1.000000
-0.673218
0.785340
-0.026752
-0.054616
0.626455
-0.969746
0.293295
-0.655009
-0.758335
-0.557789
-0.182346
0.447169
-0.785641
0.373977
-0.365732
-0.497787
0.770175
-0.035757
-0.703292
0.292929
0.396345
-0.741418
-0.758097
0.903361
0.399432
0.903867
0.098094
0.515126
0.645041
-0.078559
0.318020
0.474794
-0.963335
-0.270880
0.131771
0.268649
0.964448
0.239919
1.000000
-0.532167
0.513379
-0.197359
0.176652
0.118211
-0.396088
-0.527210
0.920109
-0.910358
0.368668
0.661310
0.931665
0.300225
0.509749
-0.054340
-0.504990
0.441147
-0.140717
0.886567
-0.040138
-0.547251
0.841085
-0.402841
0.048693
0.348787
0.450472
0.618975
0.527272
0.367988
0.477568
-0.823771
0.537923
-0.327000
1.000000
0.864399
0.109365
-0.257012
0.868243
-1.000000
-0.304269
-1.000000
0.734331
1.000000
-0.647340
0.849338
0.313462
0.319378
-0.273978
0.234866
0.697111
0.519991
-1.000000
0.721016
-0.024640
0.717105
-0.275540
-0.513963
-0.729117
-0.078890
0.372632
0.041104
0.078940
0.018833
-0.407673
-0.410347
0.864908
1.000000
-0.726075
-0.779320
-0.069309
-0.127198
-0.006165
0.796918
-0.685500
-0.685056
0.332029
-0.405393
0.404655
-0.773382
-0.701208
0.588081
-0.656101
0.435851
0.589139
0.942608
0.796584
-0.494212
0.892181
-0.688878
-0.499952
0.647059
0.989477
0.435022
-0.889305
0.837780
0.178603
-0.649790
0.250016
-0.601065
-0.737212
-0.129009
-0.206603
0.612193
0.066656
-0.498460
-0.651030
-0.162862
-0.528352
-0.880717
0.497253
-1.000000
-0.312585
0.232340
-0.866962
-0.047630
0.902994
-0.406207
-0.153244
0.051385
-0.747375
0.977281
-0.679307
0.028916
-0.270335
0.702408
-0.808845
0.996585
0.506347
-0.549258
-1.000000
0.390807
-0.525319
-0.863108
-0.632638
-0.578410
-0.335941
0.787137
0.182007
-0.855713
-0.049563
0.797373
0.107883
0.334160
0.258673
-0.225597
-0.421036
0.614114
-0.457672
-0.813128
-0.326537
-0.348576
-0.088461
0.299121
-0.276466
-0.605998
0.043358
0.138152
0.369149
-0.912793
-0.839550
-0.859588
-0.720104
-0.318158
-0.891276
-0.233909
-0.978135
0.976458
0.658478
0.692399
0.099851
0.186391
-0.913263
-0.091964
-0.637047
-0.225443
0.158272
0.013386
1.000000
-0.036116
0.145379
0.487577
0.449130
0.609685
0.823643
-0.762689
0.064148
-0.238440
-0.640205
0.632983
0.522289
-0.568155
0.984228
-0.245426
-0.271922
0.274009
-0.778102
-0.301938
0.023643
0.203357
0.622706
0.876401
0.994211
-0.913889
0.716697
0.272239
-0.489764
-0.076339
-0.037060
0.520602
1.000000
-0.050469
-0.257971
-0.496641
-0.711755
-0.753082
0.450877
0.732259
-0.438190
0.909201
0.001320
-0.535218
-0.973765
-0.078763
-0.406834
-0.149523
1.000000
0.673523
-0.631328
0.674982
0.340797
-0.344938
-0.208338
0.344551
0.561884
-0.842094
-0.380960
0.191537
-0.911789
0.307056
0.180299
0.384271
0.090640
0.786471
-0.073875
0.499329
0.826129
0.724063
0.029057
1.000000
-0.102576
0.399059
0.291653
0.426816
-1.000000
0.921446
-0.036670
-0.779143
0.966622
0.423725
0.730670
-0.155527
-0.880765
-0.670016
0.477005
0.589289
-0.102416
0.575737
-0.479188
-0.243366
-0.466524
0.184386
0.721589
-0.834775
0.403849
0.936829
-0.964903
-0.788165
-0.892143
0.569911
-0.244030
0.741350
0.606749
-0.421887
-0.079321
-0.708476
0.069558
0.335170
-0.770591
0.117248
-0.318224
0.551503
0.511170
-0.999529
0.457125
-0.635686
-0.359174
0.035424
0.608804
0.093998
-0.604378
-0.950688
0.178304
0.847683
-0.121679
0.149804
0.411325
0.806185
-0.763199
0.813423
-0.360408
-0.454718
0.397204
-0.390120
0.361759
-0.287855
1.000000
-0.650856
0.146797
-0.031450
0.737821
-0.767304
0.288150
0.936580
1.000000
0.191131
-0.482149
0.548678
0.496296
-0.283747
-0.555374
0.687722
-0.222287
0.337651
-0.349123
0.124916
-0.325548
-1.000000
0.631278
0.018350
0.180357
-0.728669
0.998410
0.817485
0.349891
0.523933
0.009763
-0.362593
-0.020183
0.834824
-1.000000
-0.763509
-0.570123
0.973415
0.982742
0.693276
-0.378772
-0.520162
0.507059
0.681257
0.878494
0.895393
0.722875
0.319782
-0.442189
0.453849
0.195173
1.000000
0.431557
0.724797
0.553126
-0.427623
0.936885
-0.752260
-0.865213
0.901840
0.463327
-0.499535
-0.681717
-0.855857
0.286030
-0.212160
0.249280
0.816464
-0.151492
1.000000
0.986369
-0.349625
0.082434
0.850730
-1.000000
-0.631711
0.439426
-0.941490
0.637885
0.046066
-0.377094
-0.993243
0.786705
-0.539325
-0.240146
0.528019
1.000000
0.714835
-0.296485
-0.149896
0.152996
0.293859
0.842810
-0.376488
-0.043557
-0.447960
-0.214956
-0.054091
-0.139868
-0.699354
-0.158147
0.224343
0.496895
0.757646
0.016546
-0.649142
-0.260582
-0.763559
-0.714015
0.385742
-0.566676
0.558496
1.000000
-0.288533
0.635652
0.136143
0.519199
0.340523
-0.566629
0.083047
-0.511444
-0.095392
-0.112513
-0.321866
0.814598
0.789341
-0.561686
-0.628834
-0.928257
0.369762
-0.014932
1.000000
0.658513
1.000000
0.300538
-0.921631
0.516339
-0.714521
-0.656557
0.938750
-0.271684
-0.616338
0.486785
-0.816988
0.472089
-0.005168
0.099003
0.463870
0.828322
0.420953
0.446934
-0.494191
-0.168036
-0.723522
0.175406
-0.787901
-0.099459
-0.765633
0.128632
0.025126
-0.857322
0.064358
0.197849
-0.119241
-0.309466
0.238360
-0.497577
0.707260
0.020682
0.055869
0.888067
-0.894125
-0.093116
0.123575
-0.333870
0.536755
-0.667305
-0.416453
-0.889117
-0.216282
0.672390
0.126104
0.418929
0.246495
-0.922402
-0.693739
-0.118676
0.843437
0.568242
0.037865
-0.936665
0.388544
0.399750
0.743198
-0.456727
0.132297
0.620877
0.658137
-0.300234
0.693522
0.693982
0.695658
-0.291866
-0.354220
-0.249400
0.785746
-0.809534
-0.395249
-0.160280
0.969806
-0.108827
0.909860
-0.074765
0.758268
0.312390
-0.391790
-0.425494
0.109250
-0.061770
0.993899
0.673485
-0.449653
0.596917
-0.094642
0.286979
-0.162147
0.160534
-0.759226
0.437074
0.286125
-0.991808
-1.000000
-0.305392
0.264789
0.855433
-0.044934
0.440837
0.507527
0.405697
0.775131
-0.427505
-0.147061
-0.651483
0.212505
0.891544
-0.847518
-0.049469
-0.592081
0.877799
-0.718914
0.145045
0.963338
-0.742185
0.757093
-0.715043
0.639826
1.000000
0.273182
0.735399
-0.003707
0.703884
0.939937
-0.258670
0.582460
-0.266131
-0.869388
-0.789585
-0.098908
0.736593
-0.030445
-0.737111
0.314144
-1.000000
-0.724390
0.679219
0.269366
-0.090516
-0.589226
-0.611416
0.007722
0.709215
-1.000000
0.469481
-0.488985
-0.717941
0.714124
0.617107
-0.505715
1.000000
-0.669907
-0.309230
0.210112
-0.848106
-0.228107
0.181473
-0.645779
0.434339
-0.901702
0.066007
0.026513
-0.084071
-0.625520
-0.871409
0.740347
-0.091981
-0.557808
-0.851458
0.233883
0.574405
-0.833248
0.535027
0.903161
-0.024421
-0.676835
0.986732
0.248537
-0.583206
-0.562604
0.235154
-1.000000
-0.471225
-0.164507
-0.830594
-0.449540
-0.146173
0.668986
0.915960
0.676573
0.347804
0.086187
-0.013950
1.000000
0.113099
0.559725
-0.353511
0.646842
-1.000000
0.163513
-0.687444
0.328814
-1.000000
0.420831
0.695831
-0.325898
-0.061382
0.499655
0.860680
-0.844605
0.078149
0.768902
-0.943108
0.486006
-0.586840
-0.513603
0.964738
-0.966951
0.697247
-0.346677
0.966206
0.715153
0.792156
-0.400109
-0.130200
-0.071920
-0.081375
-0.644837
-0.099646
-0.914160
0.339738
-0.141822
0.049098
-0.337487
-0.100569
0.293571
-0.861110
0.988238
-0.127911
-0.877158
-0.132949
-0.764635
-0.162620
-0.539618
-0.703405
-0.240322
-0.913006
-0.753212
-0.320373
-0.301632
0.914294
0.935647
-0.336033
-0.579511
-0.808068
0.645168
-1.000000
0.717488
0.044716
-0.961164
-0.294719
-0.881923
-0.982627
0.539347
0.696526
-0.784045
0.452536
0.608368
-0.412358
0.419338
-0.030191
-0.886464
-0.773286
0.216605
0.872765
-0.276822
-0.703523
0.751043
-0.892723
-0.910333
-0.226285
-0.569918
-0.261699
-0.451448
0.541538
0.365706
0.201271
-0.879244
0.206764
-0.219785
-0.669456
0.922382
-0.929141
0.298884
-0.235617
-0.255010
-0.627207
-1.000000
-0.037524
-0.015365
-0.888514
0.384443
0.529501
-0.058034
0.919407
0.734367
-0.277702
0.171617
-0.715444
-0.923511
0.939241
0.957244
0.579652
-0.619722
-0.792715
0.760042
0.878367
-0.142091
0.634742
-0.632821
0.372291
0.399859
0.284562
0.158543
0.359778
0.585543
-0.376166
-0.804498
-0.657084
-1.000000
0.240523
0.083979
0.969694
-0.333590
0.252516
0.042925
-0.224107
0.754592
-0.407823
-0.762346
0.766832
0.484316
0.723491
0.696631
-0.345822
-1.000000
-0.814781
0.759511
0.224585
0.448102
-0.649823
-0.737141
0.974882
-0.849037
-0.901063
0.906818
0.653113
-0.405973
-0.930076
-0.361022
-0.028642
-0.029874
0.631516
0.959055
-0.402934
-1.000000
0.189218
0.403090
-0.122449
0.251838
0.270955
-0.057792
0.733397
-0.029365
0.650709
0.697361
0.956258
0.990257
-0.690929
-0.353273
0.893318
-0.419480
-0.757905
-0.653078
-0.938702
0.473574
0.677764
0.891348
-0.880309
-0.593335
-0.631816
0.763133
0.957226
-0.875975
0.986376
0.045895
0.941531
-0.779319
0.034746
0.863261
-0.417340
-0.051558
1.000000
-0.586833
0.051121
0.770888
-0.881311
-0.633734
0.760590
0.651064
0.927836
-0.175447
0.543869
0.754245
-0.347342
0.367989
0.961663
-0.960688
-0.685621
0.706064
0.354644
0.749541
0.196758
-0.066416
0.037762
-0.416146
0.730890
0.238126
-0.612934
0.584035
-0.857150
0.969151
-0.943917
0.692165
0.186528
0.931092
0.725181
0.419022
0.206792
0.054532
-0.150427
0.756115
0.280715
-0.199936
0.653997
0.881803
-0.467298
0.551931
-0.487812
-0.845541
-0.906587
0.725223
-0.030483
0.350859
0.953979
0.471814
-0.842646
-0.977086
-0.734929
-1.000000
-0.770907
0.026591
-0.301063
0.374189
-0.006709
0.470572
-0.479025
-0.935190
-0.550278
-0.785680
0.315832
-0.289057
0.191456
-0.887843
-0.026932
-0.339608
0.555051
0.671596
0.610255
-0.996877
-0.804827
-0.826278
-0.829566
0.408397
-0.586657
-0.800461
-0.141358
0.197911
-0.413962
0.344779
-0.589326
-0.421079
-0.509111
-0.002621
-0.914094
-0.501602
-0.204149
-0.320767
0.289776
0.846095
0.057098
0.860400
0.885200
0.584340
-0.513972
0.438972
-0.636627
0.085060
0.368872
-0.645887
-0.392569
-0.044464
0.495105
-0.163368
-0.959871
0.176464
0.584704
-0.709113
0.287598
-0.133557
0.314936
-0.742209
0.259020
0.471378
0.670322
-0.114923
-0.803534
-0.282057
0.594804
-0.585193
0.303529
-0.064241
0.144337
-0.278425
0.517313
0.813642
-0.285799
-0.601059
-0.332040
0.081522
0.694316
-0.418757
-0.160913
-0.415647
0.741068
0.797291
0.697968
-0.095178
0.249724
0.349449
0.879768
0.786161
0.898348
-0.956819
0.456544
-0.448505
-0.083803
-0.974161
-0.117816
0.271652
-0.791912
0.926546
-0.123779
-0.861336
-0.551952
-0.643232
0.029044
-0.209884
-0.946238
-0.063708
0.582504
0.607281
-0.043648
0.310813
-0.939722
0.519351
0.579129
-0.874616
0.770975
-0.967213
0.005315
-0.745525
0.643654
-0.322534
-0.413260
0.011342
0.701726
0.153240
-0.686392
0.802690
-0.927652
0.346785
0.212796
-0.375581
-0.067741
0.296027
-0.039985
0.089825
1.000000
0.449568
-0.476494
-0.585721
0.898819
-0.738118
0.911071
0.036496
0.362978
-0.316420
-0.135257
-0.374442
-0.732235
-0.622962
-0.883848
-0.973380
-0.080386
-0.724403
0.493745
0.990048
0.073480
0.338346
-0.238147
-0.457263
-0.490150
0.034174
0.775478
-0.392543
-0.099425
0.217970
-0.010856
0.211695
0.522023
0.903058
-0.964673
0.483274
0.971737
0.273941
0.530666
0.256918
0.345853
0.516756
-0.336384
0.408669
0.770772
0.852317
0.773289
0.443658
0.901013
-0.553589
-0.586705
1.000000
0.123719
-0.755862
-0.130168
-0.109443
0.841469
-0.734629
-0.792214
0.269106
0.725117
-0.518318
0.015700
0.702534
-0.542747
0.765989
-0.306436
-0.499589
-0.046988
-0.359769
0.152342
-0.003821
-0.242049
0.750655
0.323035
1.000000
0.429560
-0.493886
0.469048
0.413187
-0.110904
0.589446
-0.239492
0.537976
0.043781
0.735414
0.520288
-0.232110
0.963006
-0.083763
-0.940040
0.418854
0.399178
0.317231
0.011217
0.272840
0.723711
-0.210993
0.211775
0.056525
0.851140
-0.472642
0.720976
0.220896
-0.772549
-0.564398
-0.728263
0.986460
-0.562300
0.273771
0.331416
0.963475
-0.007717
0.859774
-0.693084
-0.666619
0.320438
0.828858
0.787297
-1.000000
-0.322886
0.291780
-0.801959
0.053367
0.104222
-0.436571
-0.594630
-0.190664
-0.425665
0.969403
0.022563
0.261846
-0.370646
-0.588004
0.345424
0.824194
0.396898
-0.258970
-0.378859
-0.460895
-0.304708
-0.488253
-0.832870
-0.857671
-0.415317
0.926845
0.418620
0.087957
0.307722
0.838859
0.439096
-0.634271
0.510349
0.945524
0.262972
-0.889496
-0.403591
0.363544
-0.342951
-0.878131
0.858689
-0.303385
0.065232
0.844912
0.860057
0.618225
-0.694745
0.991099
0.085289
-0.195999
-0.197113
-0.974700
0.863435
0.198737
-0.691786
0.812804
0.243785
-0.218245
0.875844
0.970108
-0.632569
-0.154880
0.231523
0.715677
-0.473108
-0.087052
0.855141
-0.360700
-0.482350
-0.069114
-0.360246
0.902928
0.691149
0.876267
0.685972
0.194321
0.748390
0.551090
0.182487
-0.423091
0.789362
-1.000000
0.510417
0.151701
0.844304
0.962332
-0.936185
0.703580
-0.930287
0.907090
-0.289690
0.450303
-0.261407
0.713121
0.921374
-0.814694
-0.737532
-0.487738
0.167530
-0.680214
-0.176268
0.639386
0.800627
-0.409548
-0.479913
0.381732
0.084258
-0.264973
-0.542120
0.355640
0.024538
-0.293941
-0.479810
0.302153
0.625938
0.372325
-0.694844
0.680491
0.033673
0.408809
-0.433938
-0.381439
1.000000
-0.497366
0.019725
-0.963678
-0.331099
0.732211
0.214994
-0.266829
0.841775
-0.098074
0.486027
0.300092
-0.934070
0.375145
0.492123
-0.043227
0.295194
-0.207072
0.688198
0.809296
-0.006199
-0.435355
0.381586
-0.455425
-0.997711
-0.049188
0.027199
-0.923938
-0.596543
-0.119358
-0.357094
-0.363031
-0.045245
0.510392
0.825708
-0.516048
0.280682
-0.070145
0.749741
-0.904865
0.731525
-0.183123
-0.912820
-0.411489
0.255005
0.096818
-0.936934
-0.451514
0.988079
0.327029
-0.429511
0.318524
0.945955
-0.500514
0.271733
-0.081566
0.719424
0.852627
0.983790
-0.283689
-0.720744
-0.513630
-0.490901
0.686647
1.000000
-0.402108
-0.317908
0.621567
-0.876056
-0.032657
0.602999
0.910756
0.745260
0.091866
0.599940
-0.639415
-0.292260
0.023534
0.592207
0.090491
-0.528837
-0.128137
0.981496
0.404610
-0.104364
-0.653690
-0.741848
-0.505969
-0.733018
-0.190369
0.781634
-0.912007
-0.514399
0.431997
1.000000
-0.421923
-0.058585
0.423017
-0.710756
-0.691386
0.143416
0.961062
-0.895069
0.994715
-0.164827
-0.139961
0.592733
0.109952
0.745369
-0.775601
0.029730
0.501729
0.985475
0.673598
-0.957354
0.949670
-0.485187
0.150492
-0.463780
-0.890259
0.317411
0.349861
-0.479516
0.696240
-0.266919
-0.110261
0.416754
0.231238
0.628370
0.196494
-1.000000
0.136567
0.817175
0.863308
0.028787
0.042854
-0.277523
-0.580315
0.318031
-0.643853
0.417578
-0.228455
-0.481656
-0.140723
-0.633619
0.816336
-0.323955
0.694178
-0.567546
0.091103
0.868980
0.263169
-0.219611
-0.485387
0.554129
-0.346489
-0.843187
-0.616146
0.040786
-0.573006
0.618972
0.285921
0.141271
0.644800
0.148326
0.711545
-0.701919
0.316693
-0.750970
0.548560
-0.070890
0.751136
-0.093476
-0.210605
-0.844218
-1.000000
1.000000
-0.058787
0.268736
0.143344
-1.000000
-0.147475
-0.453085
-0.420999
0.515723
-0.603036
0.325970
0.975043
-0.445619
0.852689
-0.462140
0.505704
0.249409
-0.684574
-0.065170
-0.071112
-0.233892
-0.368128
0.858987
-0.415259
-0.460172
-0.706025
0.401367
-0.913365
0.504562
-1.000000
0.711575
-0.152788
0.677636
0.704969
0.748259
0.162708
0.293877
-0.277602
0.958718
-0.702839
0.963858
-0.643913
0.620077
-0.331125
-0.026660
-0.774847
0.252729
-0.629464
0.946118
0.693966
0.129316
0.027721
0.132843
-0.921549
-0.727139
0.981635
-1.000000
-0.994803
0.501837
0.504672
-0.720991
0.007714
0.595027
0.583478
0.846922
0.715665
0.079897
-0.821800
-0.729393
0.141665
-0.257578
0.857927
0.049820
0.569991
0.447912
0.434355
-0.036835
0.721652
-0.870378
0.515135
0.534313
0.341595
-0.205514
0.118701
-0.500930
0.990996
0.250325
-0.486837
-1.000000
-0.659536
0.553534
-0.917072
0.256996
-0.479896
0.251659
0.819750
1.000000
-0.737146
0.289084
0.965986
-0.305273
0.312023
0.800041
-0.875550
-0.549275
0.275439
0.486702
0.986908
0.188727
-0.979304
0.442938
0.673626
-0.597470
-0.971830
-0.754175
0.373671
0.741664
-0.525600
-1.000000
-0.054863
0.744884
0.953682
0.446234
0.979142
0.190470
-0.402317
0.338187
-0.687035
-0.189613
-0.752175
0.620584
0.015129
-0.593686
-0.674514
0.244854
-0.809434
0.516967
0.624972
-0.135529
-0.659299
-0.115966
0.242779
0.993757
0.990823
1.000000
-0.046606
0.463957
-0.004177
-0.519790
0.753628
0.351955
-0.775162
-0.956123
0.866483
-0.748808
0.975448
-0.069258
-1.000000
-0.573840
-0.701061
-0.269266
0.315582
0.275562
-0.425685
-0.541135
0.390314
0.261259
0.172319
-0.675729
-1.000000
0.596413
0.261065
-0.594185
0.705812
0.529054
-0.319631
0.010912
0.667326
-0.354539
0.830870
-0.114531
-0.727189
-0.372032
-0.518124
0.923461
0.286685
-0.741832
-0.181162
0.002334
-0.175199
-0.844366
-0.568251
-0.194696
-0.334328
0.702295
-0.477237
0.804209
-0.258231
-0.535616
-1.000000
0.262418
0.385175
-0.677089
0.631369
0.605305
-0.024580
-0.497900
-0.532559
0.814123
0.787397
0.585295
0.651463
-0.573471
0.923337
-0.282152
0.224450
0.532400
-0.054534
0.318270
0.936879
0.983764
0.773709
0.300232
0.393305
-0.908904
-0.231541
0.179317
0.746652
0.659202
0.984175
-0.642604
0.243895
-0.674708
-0.454908
0.297906
0.382155
-0.356809
-0.043162
0.097248
0.587436
0.124164
-0.573272
-0.387442
-0.761994
0.059512
-0.852921
0.348714
0.888475
0.222140
0.771855
0.584691
-0.193691
-0.537524
-0.340422
0.916951
-0.470618
0.515518
0.867470
-0.706884
-0.276875
-0.319938
-0.380332
0.752111
0.883684
0.367184
-0.906015
0.991183
0.624702
-0.217691
0.034867
0.428903
0.288012
-0.856538
-0.301041
0.009831
-0.102266
-0.399207
0.358860
-0.446871
0.527004
0.061818
1.000000
-0.749581
-0.551419
-0.792917
0.465209
-0.156228
-0.062988
0.121399
0.026505
0.066876
-0.290623
0.183718
-0.097180
-1.000000
-0.524478
-0.438675
-0.422157
0.484558
1.000000
-0.683170
0.937080
0.867758
0.783332
0.355601
0.989959
0.773736
-0.536038
0.934670
-0.366661
-0.761539
0.784670
-0.766470
-1.000000
0.174301
0.639693
0.326455
-0.426868
1.000000
-0.249718
0.286707
0.474715
-0.594428
0.180256
0.616785
-1.000000
-0.762602
-0.703112
-0.108153
0.296844
-0.359282
-0.842693
0.698039
0.515322
-0.415097
0.482343
-1.000000
-0.477911
0.103164
-0.453634
-0.259626
0.620289
-0.932097
0.153346
0.949418
-0.973228
0.937535
-0.907013
0.556026
0.467453
1.000000
-0.806018
0.714300
0.309653
0.873187
0.428607
-1.000000
-0.646611
-0.818067
-0.861179
-0.144357
0.737031
0.121445
-0.346740
-0.998393
-0.356711
-0.613086
-0.837776
0.845604
-0.239046
-1.000000
0.404276
-0.979792
-0.469920
0.868243
0.350207
-0.992612
-0.160158
0.000579
-0.649185
-0.236363
0.373950
-0.561858
-0.184144
0.161891
0.262573
0.595082
-0.676371
0.478819
0.421704
-0.808839
0.877549
-0.366817
-0.292852
0.870753
0.557570
-0.354199
0.794621
0.691904
-0.187615
-0.973847
0.108418
1.000000
0.058816
0.412143
-0.244892
0.475452
-0.187185
-0.400481
-0.603365
-0.077872
-0.026307
-0.898339
-0.659271
0.086467
0.450018
0.435652
0.925315
-0.329229
0.506768
-0.698534
0.798386
0.799075
-0.103224
0.028732
-0.615005
0.101962
0.150096
-0.357058
-0.568950
-0.155669
0.396954
0.940546
1.000000
0.044889
1.000000
0.516136
-0.670291
-0.711860
-0.669647
-0.161424
-0.247036
-0.378036
0.794195
0.838045
0.967741
-0.007181
-0.490462
0.957278
0.142841
-0.590336
0.743055
0.577071
-0.682875
-0.727594
-0.865558
-0.047028
-1.000000
0.485458
0.414137
-0.935199
-0.611686
0.386967
-0.114077
0.630133
0.303401
-0.963622
0.073007
-0.913748
0.167469
-0.037283
-0.318683
0.138328
-0.042542
0.855853
0.118172
-0.368291
-0.825503
0.427268
-0.571720
0.002192
0.225840
0.965005
-0.514962
-0.568725
0.839107
0.209913
-0.289228
-0.318349
-0.840353
0.464661
-0.042215
0.801565
-0.179894
0.280452
0.471669
-0.961965
-0.697510
0.039526
-0.347105
-0.891244
0.361766
0.568994
0.803830
1.000000
-0.831681
0.847778
-0.263588
0.856003
0.941820
-0.021244
0.069545
0.268793
0.558112
0.863232
0.059202
0.259937
0.248382
-0.989170
0.785213
0.971136
-1.000000
-0.809263
-0.618827
-0.549415
-0.214484
-0.882579
0.113927
0.647838
-0.641649
-0.692464
0.946238
0.910315
0.854262
1.000000
-0.263330
0.977369
-0.429964
-0.716253
-0.728555
0.112107
1.000000
0.193750
0.762317
-0.827450
0.115411
-0.695164
0.053902
-0.932571
0.935238
0.343798
0.390433
0.723910
-0.866841
0.411432
-0.022492
0.195713
0.867477
-0.445962
-0.859550
0.280432
0.843852
-0.221541
0.712095
0.389724
-0.893461
-0.577956
0.215698
-0.287784
-0.892207
-0.283806
0.097380
0.783754
0.656989
-0.495659
-0.168051
-0.197400
-0.708918
-0.102714
-0.733096
0.668554
-0.214668
-0.149696
0.097448
-0.542622
-0.082341
0.149706
0.781986
-0.119164
-0.765435
0.707301
0.987109
-0.717757
-0.321162
-0.174931
0.529106
0.378095
0.332890
-0.277544
-0.706274
-0.499959
-0.332921
0.783804
-0.114916
0.177794
0.194839
-0.159533
-0.894962
-0.487509
-0.886243
-0.911913
0.055547
0.231677
0.717646
0.205075
-0.131481
-0.681636
0.576274
0.953753
-0.519681
-0.918568
0.098660
-0.643809
-0.061186
-0.630004
0.632899
0.710438
0.572558
0.034373
0.319539
0.148781
-0.455672
-0.972584
-0.708566
-0.800299
0.321159
-0.632224
-0.331978
-0.728235
-1.000000
-0.450945
-0.874733
0.939564
-0.001960
-0.715355
-0.546624
-0.603832
-0.150325
-0.682557
-0.284469
0.185813
-0.567350
-0.176041
-0.440980
-0.854032
0.851813
0.985652
0.870589
0.451868
-0.335863
-0.950608
-0.114238
-0.858218
0.811253
0.900954
-0.834915
0.440638
-0.549515
-0.233961
-0.884824
-0.377258
-0.284148
-0.661551
1.000000
0.908488
-0.023192
-0.071885
-0.376887
0.843835
0.328497
-0.581034
-0.533127
0.507457
0.193119
0.900990
-0.579693
0.385870
-0.623681
0.550957
-0.667915
-0.978049
0.168668
0.470583
-0.092684
0.649888
-0.043872
-0.119651
-0.965548
1.000000
-0.938900
-0.977189
-0.248890
-0.220204
0.658254
0.668746
0.574874
-0.540881
0.773046
-0.757891
0.486640
-1.000000
-0.154234
0.165311
0.472360
-0.720940
-0.318104
0.493832
0.274407
0.482611
-0.382799
0.065216
-0.172532
0.419382
-0.705431
-0.607496
0.523714
1.000000
-0.605952
0.689890
-0.367337
0.821992
-0.386209
-0.667588
0.024280
-0.725260
-0.185125
0.891813
-0.942890
-0.137132
0.433831
-0.175293
-1.000000
0.460800
0.810437
0.055778
0.606490
-0.020419
-0.253072
0.437387
-0.472888
-0.719018
-0.959059
-0.695046
-0.032145
0.638001
0.593609
-0.714841
0.566001
-0.145346
0.138308
-0.114114
-0.506551
0.080447
0.081189
-1.000000
0.121389
-0.777213
-0.730346
0.484492
-1.000000
0.186553
-0.039682
-0.500898
0.451766
-0.413594
-0.537769
0.158899
0.125598
0.065522
-0.681294
-0.740486
0.405502
-0.108281
-0.974374
-0.396151
-0.627801
-0.367333
-0.200122
0.113815
0.391239
-1.000000
-0.203825
-0.231113
-0.278174
0.749900
-0.671287
-0.020459
1.000000
-0.641225
-0.880499
-0.916788
0.496422
0.440805
-0.542001
-0.976328
0.337822
0.823846
0.950047
0.644905
-0.188770
0.725755
0.216982
0.509021
0.317067
0.846952
-0.410634
0.721661
0.056154
-0.061562
0.381307
-0.826026
-0.443415
0.540806
0.477679
0.974285
-0.143689
-0.347303
-0.813905
-0.796800
-1.000000
0.866772
-0.179383
-0.130560
-0.383095
-0.443736
1.000000
0.593939
-0.018038
0.605691
0.064165
-0.863447
0.953484
-0.656731
-0.857325
-0.270527
-0.640542
0.270854
0.994741
-0.460661
-0.474628
0.227797
-0.217328
0.313825
0.476131
-0.078319
0.051054
-0.902944
0.275853
-0.764192
0.438846
-0.859080
-0.019482
0.026662
0.836017
0.668065
-0.806254
0.572697
0.680995
0.719187
-0.044612
-0.969161
0.787854
0.253658
0.428283
-0.206166
-0.490769
-0.791482
-0.447445
-0.613796
0.482480
-0.593982
-0.366746
-0.550745
-0.097381
0.666919
-0.855433
0.877621
-0.561455
-0.358999
-0.516020
-0.202162
0.033781
-0.480432
-0.551316
0.000096
0.489558
-0.280510
-0.969902
-0.892453
0.626615
0.647203
-0.586630
-0.264200
0.242425
-0.057277
0.291373
-0.656109
0.392504
-0.092371
0.745225
0.560372
-0.734990
0.102737
-0.281062
-0.688080
0.992262
0.716345
-0.752199
0.137063
-0.502854
-0.186136
1.000000
0.658076
0.015497
-0.632697
0.326617
0.138569
-0.432842
0.595343
0.733845
-0.100978
-0.253467
0.932737
-0.954880
-0.509197
0.169311
-0.299339
0.665914
0.518331
0.247439
0.297304
0.021998
0.364111
-0.146585
0.104533
-0.460088
0.812519
0.283492
0.509010
-0.909070
1.000000
-0.917286
-0.532759
0.075192
0.616730
-0.301676
-0.983280
0.259779
0.875939
0.379165
0.763887
0.476670
0.315372
-0.598328
-0.252005
0.679540
0.387938
-0.571291
-0.642783
0.400442
-0.054139
-0.733601
0.258895
0.214161
-0.249408
0.563467
0.111582
-0.117033
-0.908342
-0.222406
-0.865393
0.655336
0.941491
-0.668391
0.650258
0.266981
-0.166137
0.369991
0.577427
0.176598
0.889580
-0.932282
0.875140
0.841992
0.596127
-0.715971
1.000000
0.438367
-0.843265
0.197125
0.076949
-0.610355
0.140679
-0.685511
-0.421461
-0.452637
0.261560
-0.467494
0.781919
-0.805073
-0.589161
0.960709
0.809682
0.269500
-0.460976
0.546668
-0.177355
0.796083
-0.493407
0.205344
0.838027
0.585748
0.885274
-0.168981
0.560570
-0.798084
0.324749
-1.000000
0.191728
-0.806738
0.153080
-0.417874
-0.119577
-0.265520
0.653014
0.067127
-0.080185
0.677852
1.000000
0.219075
-0.299583
-0.473009
0.608698
0.382082
-0.818556
0.465988
-0.941224
-0.701144
-0.019564
0.732398
0.487451
0.404423
-0.298765
0.546333
0.548952
-0.906185
0.591672
-0.161618
-0.733175
-0.988706
-0.668366
0.675512
0.358481
0.731228
-0.845086
0.945174
0.721992
1.000000
-0.327145
0.356725
-0.409558
-0.249233
-0.004384
0.124804
-0.472961
-0.174171
-0.739558
0.775795
-0.754757
0.271138
-0.447075
-0.418479
-0.657685
0.134539
-0.317387
0.049962
0.782551
-0.582007
-0.079640
0.033068
0.915685
-0.233101
-0.087495
-0.373863
-0.152311
0.140359
-0.540794
-0.656330
0.311957
-0.258273
-0.878060
0.550218
-0.875037
-0.915278
-0.231830
-0.848731
-0.252351
0.066069
0.337026
0.015310
0.896526
0.181983
0.246742
0.679018
0.420789
0.044235
-0.553616
-0.135663
-0.443111
1.000000
0.834413
-0.885980
0.342550
-0.453367
0.787950
0.628294
0.445595
-0.787827
-0.145640
0.948504
0.117797
-0.656420
0.277403
-0.424332
-1.000000
-0.397857
0.766499
0.867857
0.426116
0.523008
0.608449
-0.379472
0.326180
0.968234
0.367989
-0.114368
-0.768060
0.106966
0.166656
0.307230
0.104434
-0.044537
-0.221722
-0.642852
0.395212
-0.926978
0.690860
-0.999833
0.991930
-0.879938
0.365742
-0.340744
1.000000
-0.994069
-0.059720
0.347786
0.047455
1.000000
-0.605613
0.889706
0.425638
0.125986
-0.347781
0.639530
-0.084010
-0.002504
0.701964
0.428777
0.680255
-0.017764
-0.500363
0.743205
0.885567
0.985758
-0.969113
-0.587643
0.355127
-0.258399
0.240757
0.459224
-1.000000
-0.466977
0.285607
0.635069
0.705245
-0.251988
0.357810
0.327892
0.687688
0.904438
0.532247
0.188939
0.405530
0.903922
0.566482
-0.026603
0.828822
0.779420
0.356113
0.069494
0.581325
-0.472706
0.527557
0.343589
0.727484
-0.970644
0.876138
0.086691
-0.280818
-0.531297
1.000000
-0.049138
-0.179195
-0.880061
0.115529
-0.082423
-0.941300
0.910559
-0.498154
0.201702
0.282366
-0.025230
-0.775864
-0.233668
-0.839920
0.048890
0.292486
0.118987
-0.502851
-0.825491
0.663645
-0.478670
0.945403
-0.626445
-0.098600
-0.941366
0.245462
-0.496752
0.989492
-0.825843
-0.869795
-0.483584
-0.569705
0.408101
0.243832
0.538390
0.271168
0.622815
-0.699337
-0.854955
-0.407696
-0.815545
0.774855
0.378958
-0.742646
0.964777
-1.000000
-0.649044
-0.289565
0.978057
0.595715
0.176860
0.979267
-0.434673
0.122290
1.000000
-0.432179
0.493192
0.710162
0.266402
0.900164
-0.497946
-0.812431
-0.007047
0.564035
-0.048165
0.592010
0.911656
1.000000
0.115970
0.372319
0.105944
0.864810
0.995990
-0.759352
-0.314032
-0.571543
0.321353
-0.180545
-0.595098
0.938507
-0.670558
-0.798733
-0.859727
0.850298
-0.812348
0.950607
0.142001
-0.788318
0.452632
-0.962210
-0.710790
-0.032990
0.211100
-0.067701
-0.084555
0.848974
-0.620923
0.460304
-0.601402
-0.066624
0.003668
-0.505828
0.325806
-0.563535
0.248840
0.880780
0.242729
-0.535210
-0.777522
0.699797
0.030261
-0.160663
0.200602
0.431949
0.383090
0.970081
-0.620206
0.041560
-0.260220
0.241557
-0.247756
0.261337
-0.862948
0.233396
-0.099529
0.647681
0.258821
0.593965
0.074077
0.789670
0.354559
-0.136181
0.595652
0.991018
-0.175974
0.391057
-0.563967
0.571246
-0.308669
0.804203
-0.074406
0.662880
0.789526
0.246509
0.841125
-0.171136
0.406982
-0.851388
0.998876
0.731080
-0.888093
-0.569708
-0.990257
0.018603
0.281300
0.638920
0.177473
0.528739
-0.783684
-0.117531
-0.783518
-0.521240
0.684994
-0.279748
-0.582874
1.000000
0.866097
-0.744147
-0.575274
-0.751468
0.643371
-0.415993
0.750996
-0.629197
0.950362
0.895317
0.237185
-0.530207
-0.077369
0.649262
-0.594842
0.830409
-0.047413
-0.984560
0.347712
0.295880
0.838652
-0.747507
0.548401
-0.383209
0.815421
-0.097849
0.313951
-0.869128
-0.711726
-0.539886
-0.424454
-0.233134
0.941640
0.386996
0.345632
0.332159
-0.002397
-0.705558
-0.474663
-0.454665
-0.898367
-1.000000
-1.000000
-0.226529
0.070936
0.067058
-0.963164
-0.054217
0.225108
-0.527131
0.438041
0.831417
0.053358
-0.999722
-0.691104
0.822620
0.622218
0.310572
-0.130076
0.716051
0.469454
-0.417155
-0.119723
-0.253082
-0.255126
-0.993513
-0.979217
-0.072304
0.343779
-0.364884
-0.734691
-0.123651
-0.062160
0.289803
-0.196329
-0.378179
0.688549
0.855832
-0.291121
0.914320
-0.414751
-0.434454
0.714780
-0.472698
0.736096
-0.944518
-0.610592
-0.475057
0.879239
-0.453449
-0.725739
0.079961
0.924028
-0.487162
0.288999
-0.770247
0.379005
0.793940
0.255622
-0.701033
0.561843
-0.919281
-0.270611
-0.276881
0.696656
0.834279
-0.935684
0.116325
-0.058491
-0.865768
0.077800
-0.310755
0.439098
-0.230006
-0.151703
0.210726
0.860811
1.000000
0.300712
-0.587501
-0.794741
0.085698
0.861741
0.304969
0.396740
-0.254660
-0.480743
0.706731
0.765646
-0.338963
-0.825351
-0.395213
0.508550
-0.332535
-0.281087
0.843200
0.034838
-0.901212
-0.279232
0.964993
-0.260029
0.266370
-0.138893
0.581632
-0.505167
0.058758
0.620940
-0.140307
0.898271
0.752975
0.657043
0.943343
0.487344
0.477223
0.309810
0.322845
0.468270
0.260817
-0.775029
-0.738380
-0.312612
-0.970949
-0.479404
-0.377024
0.740022
-0.010372
0.002551
-0.207965
0.598315
0.561113
0.211362
0.918245
-0.872643
-0.580142
-0.793673
0.426173
0.532865
0.833165
0.482436
-0.808080
0.887087
-0.227228
0.795154
-0.783515
0.617606
-0.340146
1.000000
0.067171
0.258122
-0.109307
0.998912
-0.942219
0.698855
-0.891288
-0.451732
0.287655
0.119981
-0.940157
-0.989921
-0.623832
-0.440634
-0.085543
0.781402
0.976252
0.711014
0.503015
-0.546514
-0.597558
-0.853002
0.340615
0.046899
0.628892
-0.936536
0.439329
-0.665034
0.621348
0.128703
-0.378911
0.314169
0.575957
1.000000
0.269680
0.628565
-0.220582
-0.960524
1.000000
0.267642
-0.969669
0.012719
1.000000
-1.000000
-0.341890
-0.237353
-0.762906
0.591525
0.822156
0.782512
-0.988705
-0.306359
-0.421217
-0.752280
0.306817
-0.533234
-0.382129
-0.505657
-0.491208
0.995197
-0.731042
-0.551806
-0.328361
-0.064507
0.560043
0.864365
-0.266261
-0.391135
0.184647
0.331418
0.076959
-0.132790
0.428116
0.200461
-0.400973
0.037772
0.456854
-0.704723
0.590463
-0.970322
0.781745
0.721344
0.189609
-0.841731
-0.650376
0.869527
0.634727
-0.383049
-0.889723
0.577309
0.711518
-0.983728
-0.326069
-0.786787
-0.083357
-0.189621
-0.437340
0.385343
0.492340
0.111388
-0.028630
0.159233
1.000000
-0.415341
-0.328527
-1.000000
0.755875
0.052493
-0.769954
-0.961301
-0.255524
0.080193
0.591849
-0.158185
-0.083171
-0.553944
0.594315
0.687662
-0.801594
0.091241
-0.236330
0.840618
-0.574490
-0.810787
-0.344232
0.404375
-0.970444
0.500458
0.037538
0.920391
-0.096471
-0.699361
-0.776727
-0.924284
0.208072
0.406344
0.360138
0.349806
0.299393
-0.630750
-0.233482
-0.370578
-0.281044
0.222172
-0.530969
-0.756803
0.666393
-0.328071
0.024895
0.071767
0.172855
0.064261
0.355678
-0.063862
-0.121271
-0.625670
-0.762172
0.807486
-0.087802
0.499871
0.732375
-0.502524
0.351156
-0.700325
-0.758369
0.658540
0.846162
0.079842
1.000000
0.691499
-0.086921
0.355335
-0.576612
-0.857247
0.573208
-0.938259
0.253217
-0.838561
-0.366548
0.260703
-0.215422
0.307605
-0.921255
0.034838
0.241387
1.000000
-0.138484
0.649310
0.151716
0.382323
0.269325
-0.439139
0.880654
-0.206950
0.555488
0.470595
0.196005
-0.532893
0.095109
0.227760
-0.227212
0.158664
0.764509
-0.335749
0.555955
-0.874826
0.906834
0.215807
0.061560
0.698562
-0.733817
0.883014
0.427641
0.953463
0.630419
-0.164783
-0.736617
-0.773847
0.821655
0.091116
0.061535
0.082524
0.829788
0.186752
-0.242484
0.289754
-0.671921
-0.915579
0.492562
-0.173136
-0.377432
0.169773
-0.365921
0.463416
0.507934
0.097967
-0.666453
-0.330992
0.981338
-0.470931
-0.639090
-0.363280
-0.231086
-0.312716
-0.190199
0.451148
-0.501481
0.645322
0.212829
0.131121
0.646642
0.532402
0.456416
-0.130258
0.105429
-0.447236
0.994097
-0.424636
-0.726587
0.163198
0.891013
0.614803
-0.463698
-1.000000
0.341841
-0.559863
-0.734529
-0.335106
-0.266296
-0.887823
0.433995
-0.239641
0.774640
0.263885
0.172756
-0.423769
0.257045
-0.301531
0.376879
0.877831
-0.849133
-0.392265
-0.964504
-0.882544
0.615558
-0.411969
0.357447
-0.128584
0.560521
-1.000000
0.152145
-0.117481
0.026110
-0.494732
-0.944091
-0.781175
0.778013
0.625508
0.999263
-0.541380
0.064329
0.423045
-0.073352
-0.545977
0.767202
-0.186482
-0.033797
-0.108764
-0.147582
-0.792356
0.990548
-0.930889
-0.382431
0.605878
0.362629
-0.783931
0.931213
-0.513831
-0.272288
-0.602642
0.120813
0.319893
-0.600126
-0.973770
0.361989
-0.179189
-0.858488
-0.280226
-0.659915
0.535836
0.027453
0.167498
-0.779033
0.676969
0.334941
-0.826813
0.355129
0.929637
0.007513
0.102713
0.156414
-0.249393
0.841222
-0.619066
-0.063917
0.656551
0.409365
0.323964
-0.823942
-0.222444
0.118162
0.360579
0.266398
-0.403557
-0.890163
-0.212061
0.546964
0.003646
0.667403
0.285646
0.716887
-0.330864
-0.204796
-0.679858
-0.682683
-0.389987
0.524235
0.493010
-0.049205
0.754233
-0.631791
0.223703
0.545732
0.719910
1.000000
-0.411419
0.300294
0.622138
0.961548
-0.975202
-0.933572
0.642801
0.303946
0.049862
0.271344
-0.042234
0.016553
-0.204294
0.958955
0.338109
0.741910
0.000664
0.503457
0.009440
0.995117
0.086079
0.412393
-0.689660
-0.444573
-0.081761
0.128651
-0.451550
0.756735
-0.698591
-0.015763
-0.014629
-0.886369
-0.579111
0.929889
-0.454773
0.782448
-0.485341
0.035701
-0.288574
-0.477415
-0.134046
-0.001904
-0.759863
-0.249006
-0.602813
-0.335610
0.896177
0.276649
-0.134087
0.347839
-0.358146
0.057450
0.531838
-0.836823
-0.776968
0.159303
0.483756
-0.820127
-0.685538
0.771573
0.185939
-0.188144
0.085249
-0.716707
0.791246
0.052494
0.635202
-0.433486
-0.987202
0.800245
-0.483445
0.967414
0.142814
-0.890222
0.539464
-0.939511
0.953105
0.779139
-0.330572
-0.203633
-0.309111
-0.235170
0.509184
-0.526209
0.975292
0.506902
1.000000
0.220843
-0.232637
0.491577
-0.389189
0.349511
-0.414726
-0.413287
-0.232842
-0.479620
0.576435
-0.700637
-0.897656
-0.129822
-0.531878
0.897856
-0.636831
-0.370776
-0.728222
-0.020118
0.474563
0.617596
0.634047
0.174552
0.235074
-0.012267
-0.930919
0.709921
-0.865855
0.041746
0.724156
-0.911095
-0.182426
-0.889218
-0.250630
-0.965254
-0.459275
0.023433
0.781846
-0.634449
0.228091
-0.709740
-0.531964
0.663451
-0.514941
0.458206
0.272392
-0.674152
0.077143
0.791401
0.064497
-0.489084
-0.582097
-0.109416
-0.874264
0.331840
0.396599
-0.831388
-0.361115
0.470347
-0.675841
0.911833
-1.000000
-0.154210
-0.828882
0.186784
0.495943
1.000000
-0.315781
0.259525
0.510952
-0.812390
0.303438
-0.163702
-0.427222
-0.345488
0.473712
-0.921727
-0.944527
0.241752
0.599140
0.093875
-0.143364
0.249046
0.350707
-0.809963
-0.145069
0.461996
0.786881
0.491797
0.159558
-0.738120
-0.758203
0.216736
-0.784308
-0.201995
-1.000000
-0.824120
-0.747190
-0.597746
0.655237
-0.474195
0.481560
-0.431271
-0.263803
0.242456
0.733779
-0.931996
-0.808235
0.440045
-0.986570
-0.107028
-0.158394
0.592014
-0.035512
0.777996
-0.536370
0.593062
0.700504
0.085789
-0.674451
0.643769
-0.007371
0.431885
0.802012
-0.121330
-0.568030
-0.166754
0.300743
-0.847016
0.767750
0.625161
-1.000000
0.200322
0.648497
0.050739
0.043906
0.048300
-0.680884
0.263859
-0.587082
-0.665380
0.067875
0.956896
-0.010108
-0.866300
-0.072105
0.305788
-0.516192
-0.732414
0.626915
-0.193425
-0.266974
-0.213978
0.817265
0.432556
-0.192674
0.159791
0.294837
0.411069
-0.780993
0.165648
0.018339
0.055264
-0.223697
0.925638
-0.533894
0.959354
-0.953613
-0.563193
-0.486329
0.654704
0.313492
-0.965836
0.786246
-0.820815
0.068406
-0.713142
-0.397126
-0.159901
-0.775668
0.897918
0.330035
0.727287
0.228489
0.938673
0.731346
0.023263
0.503534
-0.810650
0.213641
-0.636475
0.489721
-0.718937
-0.321367
-0.939291
0.809774
-0.578405
-0.753263
0.982544
-0.422867
-0.723616
0.143739
0.133139
0.014004
0.876999
-0.410974
0.856557
-0.036809
0.141799
-0.514361
-0.605937
0.289824
0.659341
0.343889
0.485039
-0.168202
-0.416386
-0.670918
-1.000000
0.219054
-0.088717
-0.197560
0.734895
0.177800
0.065359
0.598381
-0.287165
0.710102
-0.151404
-0.304214
-0.236541
-0.069036
0.628785
0.647976
-0.561297
0.721063
0.731399
0.494569
0.945511
0.930792
-0.521257
0.799618
-0.985318
-0.865969
-0.390032
-0.327511
0.201434
-1.000000
0.401912
0.985159
0.734475
-0.977292
1.000000
-0.061312
0.509837
0.682094
-0.716202
0.528034
0.315826
0.662294
0.912603
-0.539087
0.074950
0.106637
-0.165885
0.772685
-0.775738
0.697064
0.115292
-0.640074
0.640847
-0.594757
0.237756
0.607475
0.290554
-0.929254
0.271837
-0.469749
0.687611
-0.304138
-0.609635
0.374664
0.269878
-0.888328
-0.615400
-0.181367
0.570270
-0.191517
0.012127
0.107957
0.686749
0.832453
0.841270
-0.028860
0.944514
0.584618
0.265743
1.000000
0.393583
-0.395798
-0.096693
-1.000000
0.670057
0.213984
-0.261129
0.695707
1.000000
0.750803
0.343342
-0.888153
0.061101
-0.594477
0.472261
-0.655318
0.888540
0.601739
-0.531650
-0.636446
-0.410873
0.442582
-0.854134
0.463556
0.893615
0.651207
0.903800
-0.221116
-1.000000
0.160199
0.174669
0.491816
-0.565826
-0.808149
0.115458
-0.835088
0.376674
-0.963424
0.091785
-0.402531
-0.851321
-0.974534
-0.117849
-0.173337
0.111685
-0.709554
0.955459
0.489222
-0.770285
0.189740
-0.634276
-1.000000
-0.151886
0.153979
-0.402718
0.282632
0.238628
0.021876
0.579646
-0.290832
0.023525
0.416963
-1.000000
0.201860
0.032219
0.751027
-0.979201
-0.002326
0.974533
0.774482
-0.324184
0.328552
0.991105
0.037149
-0.968261
0.358064
0.116490
0.267215
1.000000
0.374820
-0.314681
-0.849208
0.344379
-0.022277
-0.691580
0.387807
0.732224
-0.527411
0.320167
-0.008185
-0.885805
-0.548824
0.041518
-0.141570
0.466348
-0.274191
-0.637842
-0.122686
1.000000
-0.919627
-0.825569
0.143699
0.093899
0.175327
-0.843850
0.953360
-0.948667
0.882412
0.216379
0.448452
0.573516
-0.848519
0.717774
0.319416
-0.223939
0.081693
-0.218085
-0.897728
0.695354
-0.458103
0.581569
0.848948
-0.554295
-0.472191
-0.626869
0.952274
0.483161
0.047890
-0.223476
0.169474
0.509459
-0.398253
-0.393639
0.527057
-0.220328
0.746659
0.230372
0.645229
0.544110
-0.049706
-0.804756
-0.485992
0.401095
-0.522997
0.350804
0.938266
0.081285
0.851698
0.115300
0.901911
-0.873033
0.388519
0.557753
0.054413
0.160978
0.661619
1.000000
-0.211566
0.312084
0.449159
-0.574702
-0.699166
0.775351
-0.082195
0.125174
-0.598617
-0.297514
0.459922
-1.000000
-0.135453
-0.773248
-0.288822
0.452202
0.924471
0.898867
0.821236
0.412559
-0.906275
-0.964758
0.081067
0.633259
-0.871580
0.380778
0.165705
-0.177275
0.461261
0.452600
-0.921287
0.686460
-0.521571
0.825562
0.887354
0.590776
-0.063873
-0.471343
0.045765
-0.532510
-0.158600
-0.186729
-1.000000
0.511494
0.379188
-0.545736
-0.254116
0.453313
-0.106987
0.886216
-0.456185
-0.575844
0.392607
-0.741027
0.282607
-0.108976
-0.452734
-0.655197
0.327976
0.408105
-0.010466
-0.384740
-0.527215
0.008293
-0.144118
-0.899218
-0.042525
0.467430
-0.185703
0.842704
-0.589895
-0.188376
-0.339157
-0.414725
-0.232771
-0.555171
-0.209770
0.028347
0.242450
-0.360008
-0.053782
0.988441
0.796106
0.784880
0.661288
-0.802451
-0.797006
-0.943842
-0.380632
-0.349359
0.717942
-0.358856
-0.618615
-0.400818
-0.752331
0.948446
-0.324200
0.667317
0.043599
-0.843859
-0.641239
-0.466783
0.477263
-0.257027
0.080089
0.115713
0.472162
0.621757
0.924594
-0.418598
0.636202
0.325972
-0.347491
-0.159813
0.124791
0.681291
-0.435269
0.870908
0.121461
0.641065
-0.996043
-0.879305
-0.636974
0.932380
-0.700133
0.469156
-0.947690
-0.353249
0.106847
-0.199025
-0.550684
0.921839
0.090379
-0.188314
0.301380
-0.300016
-0.426620
-0.017880
0.674388
-0.167996
0.932751
0.794180
0.408661
0.074094
-0.894069
-0.204611
-0.629406
0.026619
0.369592
0.672560
0.387012
0.476849
0.180269
0.219409
0.780575
-0.743855
0.079977
0.726900
-0.810357
0.267892
0.655368
-0.249893
0.916396
0.363975
-0.910576
1.000000
0.379400
-0.667548
0.116552
0.153960
0.265510
0.056228
0.110647
-0.008770
0.085514
0.066368
-0.112063
0.237336
0.617093
0.814468
0.000581
0.034405
0.075672
0.009227
0.544250
0.184822
0.000045
0.121282
0.070157
0.006333
0.024012
0.041371
0.001717
0.070451
0.003574
0.013289
0.027065
0.000065
0.034535
0.000002
0.000011
0.064238
0.000100
0.571272
0.001688
0.000255
0.000951
0.159676
0.325046
0.131344
0.030508
0.000660
0.000066
0.198569
0.192951
0.000434
0.000709
0.119527
0.432543
0.179396
0.102581
0.000010
0.110928
0.797020
0.163266
0.152533
0.000601
0.071389
0.000182
0.006550
0.001163
0.036945
0.023839
0.000697
0.002256
0.005657
0.015200
0.048467
0.010944
0.031807
0.037273
0.000221
0.018766
0.388046
0.054100
0.031028
0.026328
0.009356
0.001851
0.428583
0.013779
0.004679
0.060880
0.021058
0.118603
0.199169
0.003418
0.000610
0.080635
0.000404
0.053219
0.008250
0.076757
0.021985
0.194112
0.035357
0.000444
0.000924
0.000177
0.000371
0.058991
0.000608
0.000026
0.090421
0.001317
0.000419
0.005494
0.003064
0.114003
0.001209
0.000043
0.000051
0.046369
0.015357
0.043298
0.135001
0.000155
0.015924
0.005206
0.417210
0.019139
0.287101
0.014653
0.139300
0.000658
0.117904
0.652208
0.000318
0.001530
0.008034
0.018898
0.065930
0.000149
0.000127
0.020028
0.105875
0.047595
0.048299
0.031362
0.000403
0.006883
0.000854
0.007256
0.464895
0.018863
0.020655
0.342006
0.077117
0.012955
0.528541
0.009890
0.021851
0.229444
0.000002
0.053469
0.025141
0.025634
0.241524
0.497058
0.001861
0.000096
0.021508
0.001041
0.019560
0.014650
0.001436
0.180674
0.127250
0.303753
0.009662
0.096464
0.000295
0.006655
0.108197
0.003231
0.048440
0.001346
0.000371
0.003464
0.009233
0.000017
0.296644
0.129391
0.001155
0.088760
0.006283
0.015723
0.028561
0.005828
0.168823
0.084506
0.000008
0.032661
0.001246
0.001973
0.003055
0.000536
0.000135
0.013669
0.271636
0.001136
0.018701
0.005853
0.000052
0.000106
0.033214
0.000593
0.000965
0.046810
0.032458
0.006387
0.013416
0.038471
0.233575
0.043714
0.046837
0.001038
0.000168
0.195966
0.000812
0.000094
0.003544
0.018301
0.111384
0.006920
0.000257
0.000418
0.000083
0.000637
0.002523
0.000198
0.066990
0.009626
0.019661
0.021589
0.000320
0.009548
0.000628
0.022320
0.012081
0.283754
0.005677
0.342742
0.015020
0.051746
0.017939
0.000131
0.003556
0.062900
0.179633
0.000174
0.000278
0.001531
0.006258
0.020513
0.000023
0.005774
0.022555
0.004936
0.002247
0.004642
0.039793
0.001123
0.000874
0.138915
0.000757
0.000619
0.000050
0.048238
0.026467
0.187211
0.003437
0.254238
0.025791
0.000145
0.783598
0.001712
0.023993
0.027784
0.006846
0.001574
0.036778
0.000660
0.000190
0.050989
0.032598
0.116402
0.000023
0.001011
0.033007
0.052528
0.015323
0.002145
0.003144
0.005302
0.563344
0.001835
0.080975
0.191295
0.106964
0.098732
0.000593
0.041405
0.225496
0.005787
0.000041
0.025759
0.259479
0.001624
0.163581
0.003242
0.038172
0.000141
0.087649
0.004827
0.108992
0.000094
0.250868
0.304352
0.017054
0.003425
0.266736
0.049654
0.001120
0.000163
0.000140
0.069418
0.180095
0.001009
0.004590
0.008361
0.049016
0.314303
0.002483
0.041511
0.321766
0.308173
0.017539
0.012352
0.000973
0.066838
0.000069
0.038913
0.009131
0.010069
0.000093
0.000175
0.163756
0.160358
0.026807
0.024711
0.241275
0.035302
0.003713
0.007598
0.002549
0.006974
0.002819
0.532907
0.000805
0.001287
0.046567
0.010001
0.001601
0.014760
0.261754
0.049073
0.000003
0.000331
0.065265
0.123040
0.015848
0.000331
0.002976
0.081906
0.015023
0.001448
0.104273
0.007017
0.059591
0.000169
0.000054
0.035392
0.000803
0.570871
0.000291
0.009147
0.002035
0.000037
0.001049
0.000203
0.089179
0.000133
0.066643
0.187165
0.001373
0.001348
0.000025
0.031575
0.000686
0.016873
0.151882
0.046423
0.000089
0.005153
0.017810
0.000178
0.018833
0.010745
0.024719
0.025692
0.000800
0.178262
0.000142
0.463868
0.003191
0.000035
0.003039
0.156528
0.000050
0.001272
0.001027
0.097689
0.000102
0.124330
0.000227
0.000033
0.002129
0.000816
0.111382
0.060560
0.000002
0.001085
0.015861
0.001911
0.005839
0.173395
0.002696
0.139225
0.000018
0.007774
0.000003
0.000006
0.081756
0.036069
0.031370
0.000020
0.036611
0.005280
0.001837
0.004761
0.015655
0.001502
0.003020
0.000023
0.008312
0.022445
0.003546
0.036613
0.210200
0.084595
0.629864
0.000028
0.000056
0.006748
0.001175
0.056041
0.000546
0.388046
0.018913
0.014906
0.000515
0.000002
0.001546
0.000743
0.006703
0.021359
0.000409
0.000030
0.001779
0.014153
0.025619
0.000770
0.042889
0.000077
0.000566
0.042436
0.000403
0.006584
0.037605
0.590441
0.000135
0.683235
0.000203
0.000003
0.000277
0.069339
0.000003
0.011401
0.007685
0.000754
0.088247
0.251122
0.000142
0.497198
0.008148
0.005723
0.009367
0.050144
0.089415
0.373208
0.050779
0.001840
0.000002
0.000057
0.017962
0.000998
0.000039
0.051312
0.024525
0.011526
0.000042
0.088803
0.000011
0.000306
0.017832
0.000333
0.209236
0.616927
0.102594
0.018910
0.000476
0.000011
0.007698
0.000003
0.009839
0.005774
0.000006
0.049586
0.002846
0.001656
0.018857
0.000992
0.000044
0.000035
0.165583
0.152035
0.000055
0.000024
0.022858
0.003843
0.005733
0.000373
0.027492
0.000843
0.039166
0.211734
0.040066
0.000662
0.003297
0.014930
0.460200
0.000017
0.000002
0.000413
0.002760
0.000504
0.000308
0.008093
0.003253
0.044356
0.006016
0.384140
0.060387
0.138594
0.007420
0.080082
0.215785
0.201875
0.018308
0.001491
0.006061
0.006893
0.008181
0.004017
0.000135
0.657212
0.009622
0.000891
0.079996
0.018642
0.117915
0.000104
0.011710
0.105718
0.002731
0.099415
0.003020
0.003604
0.008288
0.006129
0.319584
0.000050
0.073537
0.003437
0.333237
0.042362
0.024000
0.001524
0.045795
0.070649
0.000455
0.005970
0.008208
0.010285
0.000444
0.000083
0.029020
0.000058
0.172224
0.024224
0.065392
0.075018
0.000020
0.000244
0.002676
0.016116
0.508118
0.090534
0.072304
0.143631
0.000218
0.000029
0.000271
0.013181
0.038964
0.006111
0.033240
0.089455
0.000331
0.565456
0.021103
0.002019
0.186125
0.061561
0.002161
0.002543
0.001928
0.006560
0.158339
0.114106
0.050223
0.058099
0.003323
0.824302
0.033204
0.000059
0.004559
0.000076
0.012538
0.146613
0.044808
0.108484
0.000195
0.375129
0.010532
0.000255
0.128330
0.115469
0.004133
0.090676
0.137002
0.025167
0.000606
0.013675
0.055185
0.112192
0.101368
0.000088
0.000030
0.010632
0.001391
0.251268
0.126688
0.004702
0.010152
0.033211
0.064411
0.000057
0.000054
0.000281
0.405204
0.102277
0.000039
0.314781
0.000090
0.018851
0.000604
0.068201
0.012154
0.045978
0.045128
0.267734
0.020945
0.046498
0.000849
0.207467
0.112054
0.012817
0.000210
0.070438
0.014663
0.266328
0.002470
0.177831
0.010660
0.004094
0.024379
0.001991
0.000211
0.005824
0.001437
0.005954
0.000452
0.004165
0.000086
0.009843
0.000003
0.005263
0.000069
0.000006
0.000097
0.001319
0.084296
0.035642
0.002591
0.001087
0.000260
0.088665
0.004983
0.670709
0.031932
0.021664
0.008207
0.145287
0.000057
0.001555
0.050286
0.006515
0.027537
0.016113
0.003388
0.000774
0.002598
0.003182
0.000190
0.011949
0.000215
0.004252
0.026440
0.072080
0.180792
0.005558
0.000002
0.006299
0.002999
0.000118
0.020214
0.197757
0.008487
0.001485
0.014904
0.010218
0.001266
0.000041
0.004498
0.024508
0.007242
0.081443
0.014566
0.100586
0.000005
0.119528
0.006438
0.000857
0.013990
0.010088
0.000348
0.017272
0.009452
0.196150
0.022465
0.002124
0.000149
0.007474
0.000033
0.000010
0.107953
0.066274
0.007973
0.001175
0.000224
0.033049
0.000172
0.254251
0.039192
0.145430
0.000237
0.103064
0.030579
0.000160
0.000191
0.019740
0.003517
0.032541
0.000345
0.009511
0.000645
0.229748
0.558430
0.012610
0.000310
0.001629
0.192101
0.000121
0.001169
0.006176
0.001093
0.000330
0.029035
0.106036
0.064943
0.048094
0.038891
0.003540
0.012633
0.011471
0.026425
0.000516
0.046773
0.053973
0.157811
0.017110
0.048800
0.081658
0.000372
0.142356
0.166205
0.018769
0.001181
0.003840
0.000294
0.179208
0.038768
0.038374
0.021104
0.001657
0.201639
0.000747
0.344049
0.031886
0.003550
0.167796
0.061622
0.000013
0.000093
0.054738
0.002926
0.000426
0.002747
0.001856
0.000022
0.035363
0.000609
0.483802
0.001561
0.000002
0.702356
0.011323
0.002713
0.012065
0.000765
0.008501
0.019711
0.004463
0.152144
0.000318
0.008231
0.009037
0.000008
0.000209
0.257110
0.005511
0.013145
0.000361
0.006407
0.139481
0.037262
0.000585
0.063885
0.028236
0.035708
0.014481
0.010349
0.047565
0.385814
0.060795
0.005443
0.000024
0.000147
0.015679
0.009481
0.054786
0.025072
0.009245
0.000569
0.624898
0.028483
0.000108
0.012817
0.034332
0.077263
0.158151
0.231565
0.000596
0.000002
0.000771
0.145339
0.030504
0.045900
0.000096
0.000677
0.485843
0.001919
0.008526
0.059086
0.543664
0.000056
0.002145
0.000002
0.000384
0.000002
0.147854
0.000064
0.001375
0.022784
0.002298
0.000546
0.050588
0.012532
0.003184
0.006101
0.007659
0.002233
0.001196
0.028381
0.000098
0.172637
0.000548
0.039355
0.003551
0.002248
0.014582
0.407417
0.000063
0.043857
0.003683
0.245828
0.007921
0.002103
0.582831
0.000255
0.175791
0.007105
0.042615
0.060025
0.030458
0.035710
0.014173
0.002561
0.070261
0.000098
0.031682
0.280710
0.011755
0.011714
0.139186
0.781051
0.021171
0.000061
0.003084
0.455597
0.171710
0.000177
0.007572
0.001832
0.059147
0.123906
0.000740
0.000066
0.503742
0.004549
0.019698
0.008623
0.032511
0.003269
0.013041
0.055305
0.001250
0.000030
0.033942
0.000474
0.181483
0.000005
0.017699
0.001154
0.063387
0.001587
0.274378
0.075027
0.000046
0.000041
0.012930
0.000323
0.032509
0.029179
0.015658
0.032691
0.007342
0.001011
0.001644
0.002139
0.195557
0.091886
0.007021
0.000148
0.000008
0.001731
0.101923
0.000004
0.006154
0.096262
0.061589
0.000002
0.000196
0.033167
0.318848
0.032672
0.000425
0.014624
0.003949
0.124378
0.089317
0.001865
0.011845
0.056352
0.005922
0.001466
0.000006
0.137054
0.022047
0.008009
0.003733
0.080072
0.089224
0.000641
0.051520
0.006363
0.005146
0.079903
0.197270
0.019087
0.000222
0.000288
0.000045
0.009861
0.115320
0.000161
0.015268
0.000168
0.000008
0.094365
0.024131
0.000002
0.028592
0.016487
0.021665
0.065521
0.001067
0.009330
0.007640
0.005311
0.004541
0.036484
0.321099
0.023633
0.033738
0.005648
0.051604
0.014021
0.000503
0.461220
0.000517
0.075312
0.027712
0.139035
0.047001
0.015275
0.018449
0.025473
0.025614
0.055910
0.001105
0.003766
0.001558
0.033119
0.000012
0.092450
0.045622
0.000006
0.002113
0.000246
0.009195
0.117591
0.049160
0.000076
0.257903
0.007165
0.267137
0.118973
0.000003
0.036774
0.022500
0.004283
0.800861
0.001023
0.037300
0.164252
0.008050
0.017396
0.314015
0.116996
0.288888
0.017582
0.000052
0.005412
0.001710
0.003962
0.035040
0.000002
0.007159
0.016393
0.077029
0.000286
0.009084
0.000407
0.071500
0.004093
0.041463
0.009398
0.000393
0.003874
0.000813
0.014390
0.015860
0.127265
0.000559
0.003157
0.000839
0.019837
0.155429
0.002650
0.024985
0.000002
0.012941
0.000174
0.002096
0.029362
0.000003
0.221621
0.513360
0.036934
0.000063
0.005393
0.004034
0.003302
0.015719
0.001146
0.004236
0.000933
0.007200
0.001971
0.010111
0.001973
0.000121
0.094702
0.000161
0.001697
0.001629
0.002255
0.003169
0.200261
0.000084
0.137136
0.000030
0.000697
0.325807
0.089989
0.004437
0.216982
0.036175
0.061911
0.000008
0.000001
0.000003
0.027844
0.000761
0.030785
0.140466
0.003237
0.004237
0.045429
0.002912
0.020050
0.350267
0.005830
0.794137
0.003510
0.001668
0.058065
0.009533
0.001040
0.333045
0.001280
0.007925
0.173176
0.014726
0.000141
0.000408
0.005293
0.046458
0.000046
0.059513
0.071355
0.142518
0.050869
0.000835
0.104251
0.001237
0.025798
0.000083
0.075019
0.141872
0.262406
0.216082
0.000002
0.000635
0.083439
0.019263
0.002042
0.000296
0.015330
0.212230
0.002171
0.000947
0.021636
0.061220
0.044219
0.023619
0.009294
0.063328
0.509100
0.017712
0.003612
0.011631
0.041228
0.003438
0.007863
0.000797
0.219585
0.002331
0.000042
0.004146
0.008270
0.024426
0.001001
0.043961
0.041732
0.010286
0.000161
0.000019
0.012384
0.004188
0.000549
0.034351
0.004252
0.471857
0.028611
0.000310
0.000431
0.493339
0.371962
0.104345
0.555268
0.038452
0.000657
0.294326
0.003820
0.000652
0.000435
0.035099
0.015508
0.000007
0.059285
0.058464
0.055715
0.000786
0.006940
0.707038
0.071572
0.359117
0.000002
0.031790
0.280394
0.015502
0.007038
0.010619
0.082665
0.032360
0.000984
0.176505
0.080142
0.002364
0.000002
0.001068
0.009448
0.036016
0.337820
0.459766
0.000516
0.023743
0.001654
0.000185
0.000247
0.107247
0.121974
0.021838
0.000112
0.040059
0.095819
0.000267
0.000152
0.135751
0.000002
0.065480
0.004389
0.010475
0.014993
0.010008
0.002193
0.011435
0.400849
0.229275
0.580643
0.000037
0.312474
0.001973
0.045696
0.001539
0.033337
0.003017
0.025078
0.082950
0.009043
0.002206
0.008518
0.359517
0.011775
0.002389
0.000123
0.205616
0.063414
0.006532
0.004204
0.000497
0.001356
0.001878
0.007780
0.058239
0.006205
0.008389
0.064632
0.000214
0.002171
0.040828
0.001344
0.006284
0.014830
0.004609
0.006999
0.001640
0.000148
0.000980
0.031315
0.122797
0.007356
0.019423
0.018910
0.022029
0.008464
0.055860
0.002623
0.007180
0.016062
0.000831
0.005047
0.066174
0.051349
0.050816
0.014434
0.016011
0.001723
0.034770
0.009443
0.002026
0.000017
0.092270
0.012137
0.000987
0.025516
0.001523
0.000013
0.006277
0.011280
0.017242
0.000002
0.005688
0.060297
0.163181
0.000867
0.000014
0.000664
0.001624
0.031411
0.180283
0.031311
0.001608
0.021286
0.035799
0.001569
0.072406
0.000338
0.052006
0.045820
0.000036
0.000157
0.009149
0.126531
0.002294
0.394904
0.012563
0.006042
0.008921
0.715894
0.001003
0.025463
0.005985
0.000002
0.097782
0.000375
0.000097
0.093800
0.118741
0.121501
0.010026
0.001573
0.035656
0.020845
0.067520
0.037831
0.570926
0.021702
0.002124
0.014306
0.220596
0.000003
0.113934
0.086721
0.031669
0.000438
0.000357
0.033030
0.058649
0.005346
0.000021
0.003244
0.002613
0.000002
0.015853
0.002018
0.019645
0.006014
0.000220
0.045883
0.128400
0.019666
0.011842
0.003238
0.015241
0.111507
0.049094
0.019499
0.000525
0.164894
0.008075
0.047365
0.001320
0.765644
0.054248
0.242431
0.175138
0.300223
0.001998
0.001156
0.017985
0.348952
0.016140
0.034861
0.000192
0.008590
0.068385
0.172963
0.263015
0.000281
0.000340
0.091496
0.014624
0.000465
0.003841
0.000047
0.008946
0.239297
0.000007
0.027192
0.012426
0.044891
0.001118
0.001461
0.011875
0.001151
0.000011
0.126725
0.007197
0.003133
0.000916
0.333850
0.003524
0.050573
0.067718
0.097783
0.026743
0.008939
0.430638
0.277875
0.000013
0.018228
0.124957
0.047040
0.328573
0.000102
0.006915
0.000177
0.323827
0.025475
0.000148
0.014252
0.000014
0.008856
0.000002
0.001010
0.017314
0.013856
0.000820
0.047990
0.002707
0.004367
0.001016
0.340116
0.015781
0.203529
0.002181
0.002176
0.001410
0.001481
0.000002
0.001096
0.218431
0.016899
0.016132
0.030023
0.284883
0.005044
0.067377
0.002599
0.549517
0.001911
0.112565
0.005205
0.001822
0.007439
0.021303
0.022519
0.024840
0.024201
0.000291
0.001427
0.087841
0.000097
0.002855
0.007969
0.000031
0.001251
0.044211
0.002371
0.002066
0.171570
0.320072
0.024933
0.000380
0.007457
0.003179
0.000005
0.000613
0.019590
0.000800
0.000009
0.000702
0.027240
0.000489
0.003052
0.033517
0.000014
0.147005
0.000006
0.004349
0.000173
0.000115
0.003066
0.612170
0.024803
0.040378
0.000151
0.000003
0.013311
0.031557
0.044880
0.001350
0.007643
0.017150
0.000004
0.008341
0.043347
0.038234
0.021406
0.000401
0.000351
0.000113
0.104246
0.000027
0.119844
0.090218
0.040793
0.000232
0.094836
0.002401
0.001471
0.001720
0.001730
0.023598
0.120657
0.002611
0.201926
0.000248
0.012655
0.000975
0.034423
0.029521
0.000859
0.053809
0.000093
0.036045
0.001250
0.000074
0.000275
0.297495
0.014727
0.301794
0.000170
0.007559
0.576370
0.015749
0.000008
0.001380
0.018972
0.141385
0.000658
0.042694
0.053671
0.000800
0.001321
0.000443
0.000973
0.004907
0.074807
0.017761
0.798795
0.018950
0.007171
0.199878
0.099470
0.010371
0.074640
0.007764
0.000258
0.014094
0.041824
0.045662
0.000005
0.001943
0.014120
0.032481
0.001266
0.075423
0.001217
0.007176
0.566978
0.000029
0.016629
0.053748
0.014477
0.000007
0.000027
0.163292
0.003972
0.002662
0.000115
0.004604
0.008778
0.004773
0.164501
0.000019
0.000658
0.067688
0.005747
0.101966
0.025247
0.000880
0.023381
0.001051
0.013265
0.000202
0.109914
0.003267
0.004373
0.034205
0.005842
0.090451
0.011065
0.000808
0.001800
0.003098
0.014136
0.095333
0.000028
0.060475
0.057994
0.057334
0.029090
0.000152
0.254278
0.010246
0.260706
0.010697
0.000026
0.002475
0.174769
0.003759
0.000460
0.003043
0.029160
0.001620
0.015645
0.000011
0.003861
0.000012
0.013415
0.215033
0.157811
0.098986
0.020804
0.002871
0.000049
0.329493
0.000483
0.099644
0.000003
0.055413
0.007252
0.010616
0.348326
0.000026
0.000042
0.007130
0.000493
0.130206
0.005535
0.005788
0.005855
0.000488
0.155826
0.000028
0.038597
0.014148
0.032440
0.002370
0.034579
0.038672
0.000242
0.001548
0.102184
0.015748
0.000324
0.001500
0.006691
0.036197
0.000299
0.001697
0.050883
0.031070
0.087623
0.083868
0.000948
0.004523
0.029354
0.241992
0.034659
0.026897
0.000116
0.012968
0.000009
0.002380
0.000024
0.009435
0.004751
0.000305
0.001018
0.000023
0.044336
0.006955
0.002210
0.000431
0.005633
0.022062
0.000647
0.061942
0.023906
0.001017
0.002049
0.088008
0.044965
0.010573
0.005125
0.000408
0.002936
0.016300
0.022710
0.030990
0.000280
0.001139
0.055110
0.001008
0.001222
0.092375
0.025793
0.000007
0.097949
0.012447
0.000142
0.021084
0.003632
0.079572
0.015376
0.079641
0.011742
0.001135
0.005265
0.005148
0.000063
0.000014
0.083834
0.003947
0.035527
0.132802
0.217822
0.000079
0.010128
0.494029
0.002740
0.000023
0.010619
0.013957
0.001481
0.057439
0.002575
0.000767
0.049507
0.033329
0.064334
0.001678
0.004241
0.007007
0.354477
0.003378
0.030112
0.033860
0.115318
0.458291
0.017134
0.011925
0.001334
0.000663
0.028504
0.003746
0.000142
0.012619
0.015386
0.007007
0.000494
0.007924
0.001368
0.007433
0.000420
0.000017
0.002679
0.000031
0.001151
0.001072
0.004704
0.005303
0.046179
0.000056
0.049490
0.006073
0.038102
0.078790
0.014503
0.001016
0.001853
0.006945
0.001216
0.150367
0.000131
0.049140
0.008918
0.037071
0.000374
0.085013
0.002923
0.223891
0.098941
0.015279
0.000131
0.516701
0.000184
0.000095
0.024956
0.010510
0.000024
0.000008
0.000017
0.059676
0.365002
0.024500
0.032209
0.000468
0.023648
0.046207
0.002313
0.075536
0.002436
0.010497
0.188629
0.000052
0.737350
0.077881
0.008793
0.002589
0.001578
0.052935
0.007363
0.073500
0.002806
0.000002
0.119967
0.000029
0.229217
0.004932
0.000085
0.000138
0.006131
0.014631
0.174166
0.159692
0.206268
0.010911
0.068137
0.006766
0.006347
0.000037
0.053449
0.000173
0.000779
0.007644
0.000123
0.011897
0.098022
0.000581
0.105394
0.006083
0.000148
0.000046
0.000177
0.002947
0.111093
0.001028
0.041585
0.001620
0.360146
0.001766
0.000042
0.006432
0.030155
0.054007
0.053472
0.000216
0.491281
0.002700
0.067318
0.000422
0.019243
0.033125
0.006528
0.029176
0.005102
0.125598
0.198910
0.001918
0.015491
0.006209
0.003752
0.116839
0.000417
0.036199
0.008480
0.074863
0.151125
0.114922
0.005198
0.046644
0.002286
0.040204
0.029555
0.011589
0.002675
0.006844
0.002636
0.002257
0.055682
0.000002
0.001953
0.045965
0.003797
0.000049
0.018175
0.081706
0.018919
0.030316
0.059070
0.261332
0.003004
0.130502
0.005479
0.062422
0.001870
0.001391
0.017905
0.000002
0.000719
0.000920
0.003599
0.053040
0.554928
0.000854
0.000379
0.000372
0.025041
0.019333
0.000156
0.009597
0.057620
0.015552
0.030262
0.003849
0.036870
0.005508
0.056234
0.023942
0.120517
0.062857
0.000249
0.004208
0.074285
0.000237
0.011771
0.000011
0.000854
0.142736
0.032433
0.107108
0.504901
0.004304
0.013860
0.034314
0.236942
0.116181
0.000215
0.000005
0.006495
0.013209
0.100152
0.007950
0.068619
0.053077
0.003960
0.000019
0.054273
0.009664
0.012694
0.036751
0.000015
0.003193
0.001960
0.070352
0.004064
0.340084
0.008493
0.005151
0.639785
0.056757
0.018281
0.008826
0.066449
0.448742
0.001173
0.499208
0.038886
0.033497
0.000020
0.001162
0.234493
0.040412
0.000112
0.440484
0.000067
0.025973
0.005013
0.000042
0.001326
0.065681
0.060182
0.015676
0.636075
0.014503
0.042102
0.081947
0.017542
0.033162
0.008184
0.000029
0.006218
0.279955
0.001439
0.077694
0.039593
0.000160
0.121026
0.040394
0.325277
0.011681
0.007997
0.045778
0.034154
0.003384
0.000144
0.003957
0.008913
0.016974
0.557734
0.012851
0.001379
0.108247
0.091801
0.045736
0.000084
0.066851
0.009257
0.000002
0.166424
0.022140
0.009603
0.041282
0.020981
0.028031
0.000061
0.006670
0.000195
0.489686
0.345995
0.056151
0.113501
0.174446
0.061987
0.003470
0.006091
0.000503
0.000293
0.006676
0.075575
0.000114
0.201907
0.000680
0.008878
0.002804
0.234139
0.240486
0.000002
0.201395
0.002466
0.245896
0.003969
0.012116
0.001430
0.052426
0.030747
0.015554
0.029594
0.000640
0.071870
0.014293
0.009975
0.004717
0.006671
0.001413
0.000573
0.010558
0.003654
0.002212
0.121438
0.000189
0.059513
0.086813
0.005270
0.026999
0.010738
0.073181
0.026706
0.020719
0.012487
0.000007
0.006216
0.110763
0.000965
0.018345
0.000097
0.007637
0.008857
0.000027
0.055438
0.143190
0.086076
0.005329
0.105669
0.074766
0.000870
0.002141
0.241474
0.009503
0.014104
0.064226
0.000004
0.047409
0.000358
0.107195
0.001653
0.115496
0.057185
0.027448
0.003072
0.041272
0.058217
0.006663
0.000077
0.001035
0.005229
0.000421
0.000001
0.118688
0.315500
0.003311
0.048218
0.000401
0.074921
0.007924
0.001535
0.043507
0.000013
0.002499
0.009891
0.000030
0.001178
0.030615
0.008082
0.003008
0.531072
0.000610
0.000029
0.054266
0.157291
0.005093
0.013851
0.742892
0.000066
0.057086
0.410315
0.000004
0.003597
0.003543
0.032710
0.039654
0.001931
0.001815
0.000350
0.004851
0.019350
0.076373
0.017954
0.031869
0.000179
0.281893
0.039792
0.025219
0.034724
0.070087
0.004909
0.000166
0.000746
0.000326
0.012681
0.199471
0.007388
0.006520
0.008094
0.000218
0.013440
0.093788
0.068209
0.109581
0.000743
0.062734
0.027342
0.081932
0.025060
0.005646
0.058057
0.000160
0.182625
0.088110
0.161187
0.001740
0.031062
0.019625
0.137084
0.003954
0.000116
0.180750
0.002152
0.021613
0.012297
0.003924
0.166433
0.021734
0.000230
0.000033
0.046102
0.014708
0.001341
0.378987
0.160251
0.005201
0.117542
0.002124
0.062898
0.003365
0.787454
0.055450
0.683815
0.000162
0.000799
0.001761
0.010574
0.002722
0.001121
0.392450
0.050285
0.001379
0.139553
0.001432
0.000130
0.066287
0.307959
0.000002
0.555011
0.277410
0.004853
0.460640
0.010239
0.012409
0.040583
0.010797
0.000404
0.072076
0.008984
0.299820
0.209359
0.000022
0.001536
0.126715
0.021619
0.018519
0.054959
0.313657
0.026652
0.000014
0.021302
0.027485
0.013335
0.000391
0.000237
0.003609
0.000022
0.004898
0.002861
0.001263
0.000388
0.015081
0.128933
0.000383
0.158052
0.095516
0.000483
0.024672
0.022280
0.176010
0.000002
0.491375
0.001692
0.039511
0.003179
0.001588
0.012719
0.002765
0.184483
0.397202
0.000070
0.054773
0.000027
0.010862
0.075313
0.001463
0.003362
0.313147
0.000685
0.000132
0.063057
0.000020
0.000037
0.050224
0.205269
0.015660
0.002480
0.030118
0.271916
0.000436
0.010604
0.169330
0.014056
0.166552
0.720326
0.197291
0.000693
0.000282
0.000286
0.008317
0.159209
0.108776
0.006602
0.099097
0.000092
0.015367
0.052716
0.001525
0.000082
0.002837
0.027012
0.098462
0.015842
0.672197
0.007060
0.000042
0.000986
0.032222
0.083954
0.014025
0.003904
0.000003
0.018858
0.001539
0.065755
0.100414
0.033318
0.000002
0.000837
0.000309
0.040700
0.000244
0.262897
0.017356
0.022203
0.023163
0.062107
0.055190
0.000158
0.018272
0.114562
0.035268
0.030988
0.008837
0.000006
0.002885
0.000345
0.034680
0.002861
0.000223
0.000805
0.001078
0.010949
0.006144
0.000068
0.000620
0.000031
0.000055
0.001485
0.001524
0.067454
0.000092
0.008993
0.285309
0.069001
0.000022
0.000098
0.017666
0.009882
0.005071
0.021374
0.003353
0.409255
0.009950
0.162691
0.005721
0.004554
0.000326
0.012395
0.000033
0.039094
0.031374
0.004818
0.009910
0.000384
0.006956
0.031176
0.029500
0.033708
0.060652
0.004839
0.001583
0.000205
0.056434
0.028258
0.057852
0.004835
0.072198
0.056128
0.005928
0.009371
0.039894
0.005176
0.309310
0.000635
0.000622
0.684619
0.001003
0.004133
0.343943
0.001379
0.008862
0.000272
0.006523
0.376955
0.048453
0.002364
0.024134
0.047803
0.000562
0.000153
0.274181
0.058854
0.011040
0.000031
0.001598
0.101346
0.009576
0.001684
0.062947
0.116264
0.001394
0.013999
0.016123
0.000006
0.122376
0.067930
0.000009
0.001539
0.003119
0.002212
0.005348
0.003643
0.001782
0.003659
0.000479
0.058070
0.073670
0.005595
0.000043
0.011796
0.001282
0.130354
0.002999
0.044208
0.139251
0.083895
0.035580
0.372286
0.000027
0.000004
0.000042
0.011673
0.038085
0.005166
0.067878
0.077986
0.104171
0.037598
0.055217
0.002659
0.017888
0.147462
0.012928
0.000008
0.000248
0.064964
0.007203
0.021381
0.000357
0.024430
0.009611
0.008749
0.000130
0.015644
0.120125
0.204678
0.177746
0.000115
0.008489
0.006769
0.073602
0.000062
0.066031
0.006009
0.008482
0.014455
0.043261
0.072137
0.002391
0.024466
0.059312
0.005090
0.001240
0.097502
0.000151
0.049380
0.014447
0.164287
0.368590
0.005125
0.000015
0.060857
0.031156
0.000939
0.006406
0.468455
0.004700
0.001327
0.193083
0.072803
0.010531
0.000506
0.164966
0.006687
0.273934
0.009655
0.079258
0.003409
0.288922
0.024676
0.021580
0.079829
0.002590
0.092609
0.002714
0.000018
0.163219
0.076731
0.024113
0.003022
0.004634
0.000424
0.257007
0.008426
0.310527
0.055281
0.000051
0.000115
0.001407
0.000651
0.001224
0.009942
0.001885
0.006647
0.000495
0.084806
0.000259
0.222648
0.000011
0.000004
0.210333
0.000808
0.003243
0.614652
0.065817
0.304594
0.004828
0.005674
0.000550
0.013765
0.044122
0.073370
0.002869
0.097637
0.284774
0.563368
0.003940
0.000083
0.018483
0.000038
0.107575
0.000028
0.014061
0.000055
0.125863
0.055238
0.000011
0.156542
0.002550
0.004159
0.257344
0.000037
0.024734
0.000372
0.000015
0.012524
0.064221
0.022806
0.000025
0.003938
0.004291
0.027142
0.047914
0.000788
0.006690
0.512930
0.079208
0.177883
0.032303
0.000813
0.010254
0.011061
0.019763
0.047002
0.002247
0.001538
0.007591
0.016797
0.056419
0.000386
0.000212
0.009199
0.000108
0.005210
0.005370
0.086059
0.021417
0.001178
0.001250
0.219094
0.015623
0.000003
0.000394
0.180339
0.000804
0.000003
0.031201
0.018280
0.000643
0.049632
0.007398
0.000612
0.005302
0.435979
0.000564
0.124046
0.019014
0.003455
0.004185
0.011840
0.106946
0.032758
0.006548
0.000569
0.028797
0.223056
0.054944
0.006398
0.000003
0.000181
0.102925
0.000015
0.141294
0.001106
0.112771
0.135198
0.016326
0.020843
0.000030
0.005158
0.033614
0.007040
0.000758
0.101783
0.012259
0.055814
0.083640
0.000217
0.143324
0.000075
0.160156
0.002831
0.000212
0.151792
0.017181
0.004899
0.001482
0.000005
0.033474
0.249839
0.005965
0.087144
0.000987
0.052615
0.000196
0.035935
0.000009
0.011725
0.039251
0.058349
0.004631
0.080924
0.133197
0.000525
0.015391
0.154892
0.074361
0.002877
0.001462
0.000046
0.006108
0.000251
0.052026
0.110204
0.000197
0.000130
0.023771
0.005232
0.134614
0.060160
0.335815
0.035216
0.002791
0.000253
0.007397
0.046814
0.221313
0.000002
0.018145
0.063153
0.005461
0.005728
0.005111
0.112456
0.005919
0.000045
0.002906
0.000940
0.034380
0.061213
0.006726
0.093824
0.000004
0.004024
0.002353
0.003876
0.000178
0.004695
0.000347
0.049273
0.048945
0.040599
0.003939
0.093105
0.065530
0.005015
0.002815
0.003470
0.001366
0.000035
0.064004
0.001411
0.007880
0.158877
0.001402
0.000378
0.015000
0.007676
0.000019
0.053136
0.084126
0.038345
0.178345
0.000169
0.044750
0.001409
0.000034
0.228748
0.000117
0.014675
0.000635
0.042684
0.000456
0.174042
0.000647
0.003430
0.001422
0.416214
0.281351
0.000780
0.000624
0.005328
0.093299
0.000004
0.006318
0.004713
0.011946
0.023932
0.065172
0.008408
0.047258
0.006761
0.024036
0.548012
0.008122
0.266715
0.002314
0.025245
0.000215
0.000144
0.354356
0.306527
0.000003
0.025255
0.192965
0.001002
0.028663
0.000012
0.144143
0.004253
0.013163
0.000005
0.023691
0.000002
0.000281
0.000189
0.067338
0.000346
0.053725
0.118463
0.001022
0.000180
0.069235
0.000032
0.148154
0.010597
0.102347
0.000041
0.000222
0.031776
0.000018
0.257889
0.015140
0.002897
0.000034
0.541205
0.328784
0.131474
0.001875
0.002466
0.006157
0.335052
0.002792
0.010774
0.014160
0.065449
0.011131
0.009202
0.006860
0.033135
0.000079
0.027134
0.000226
0.134791
0.003260
0.105167
0.000094
0.000004
0.057436
0.000109
0.014100
0.025555
0.348261
0.005046
0.015957
0.002812
0.077556
0.081922
0.005339
0.001231
0.000031
0.000956
0.128417
0.052504
0.046693
0.000129
0.171203
0.031394
0.001684
0.000605
0.056194
0.008808
0.014532
0.000447
0.004954
0.010677
0.001944
0.005887
0.412719
0.001975
0.010324
0.491418
0.001964
0.000185
0.002392
0.013577
0.828982
0.000639
0.053125
0.013711
0.000148
0.000059
0.000504
0.124375
0.016557
0.007187
0.091332
0.070593
0.076129
0.006846
0.002993
0.002028
0.083502
0.044551
0.129357
0.000247
0.000057
0.198446
0.000479
0.000120
0.022963
0.096186
0.160127
0.075606
0.010781
0.876193
0.157335
0.075793
0.067021
0.000040
0.146948
0.236318
0.013279
0.000044
0.000053
0.001418
0.018191
0.053803
0.093824
0.070169
0.111306
0.002798
0.002645
0.032006
0.001955
0.073178
0.024902
0.229891
0.001874
0.000161
0.076023
0.000001
0.182057
0.016729
0.000150
0.002649
0.001392
0.013442
0.002537
0.080786
0.009828
0.081947
0.016867
0.033090
0.021033
0.025816
0.002034
0.033629
0.000062
0.035487
0.020118
0.000041
0.089910
0.001277
0.009560
0.000265
0.315971
0.000102
0.000362
0.005229
0.024251
0.075460
0.022393
0.015586
0.078071
0.001155
0.000918
0.011082
0.005660
0.000097
0.070791
0.016520
0.020137
0.000092
0.015188
0.070306
0.092724
0.418347
0.017947
0.001786
0.001414
0.087631
0.011752
0.000184
0.001689
0.000693
0.000034
0.225661
0.087358
0.014289
0.000079
0.000247
0.000003
0.030062
0.002050
0.012573
0.028815
0.002896
0.000139
0.001833
0.000010
0.008322
0.000277
0.023290
0.000008
0.000125
0.007310
0.006230
0.102594
0.000332
0.003077
0.000055
0.056822
0.003131
0.006430
0.002755
0.008469
0.000497
0.045573
0.051985
0.009256
0.246276
0.107522
0.009661
0.010540
0.000355
0.000001
0.000002
0.000009
0.116594
0.035039
0.002809
0.086979
0.003668
0.000153
0.000017
0.005782
0.029143
0.000612
0.000394
0.007222
0.000004
0.005310
0.008814
0.000982
0.022455
0.007065
0.002024
0.139162
0.017414
0.000151
0.027117
0.002097
0.002799
0.000447
0.020210
0.000002
0.000090
0.021088
0.016907
0.000002
0.004979
0.004901
0.168371
0.019416
0.048065
0.010607
0.036658
0.288455
0.355653
0.001529
0.060063
0.036435
0.000152
0.012072
0.000836
0.029595
0.046450
0.010079
0.037722
0.010906
0.436869
0.004677
0.035818
0.025864
0.003279
0.017288
0.000960
0.023335
0.025327
0.002201
0.087767
0.286116
0.259600
0.000003
0.027837
0.069251
0.368565
0.103128
0.000199
0.000909
0.060649
0.006958
0.000075
0.063060
0.000002
0.002246
0.010118
0.002970
0.020869
0.000011
0.068910
0.011898
0.001889
0.039702
0.049196
0.053043
0.000243
0.000950
0.008122
0.002444
0.040873
0.000012
0.005177
0.144469
0.007801
0.057760
0.126071
0.010380
0.004176
0.016053
0.027948
0.115670
0.000321
0.063999
0.000516
0.000668
0.006207
0.961957
0.000189
0.048573
0.000436
0.081035
0.003150
0.407253
0.034643
0.131310
0.003105
0.000238
0.001554
0.015804
0.029121
0.016099
0.001330
0.000032
0.000023
0.053277
0.046972
0.151189
0.000250
0.003642
0.084187
0.088099
0.004944
0.030175
0.029496
0.010382
0.079774
0.001887
0.207596
0.223778
0.268372
0.019599
0.054466
0.047692
0.000040
0.002504
0.002381
0.010194
0.126824
0.156132
0.002233
0.000045
0.000002
0.031329
0.275355
0.000422
0.000004
0.002703
0.085362
0.227418
0.050913
0.001223
0.011677
0.194056
0.018410
0.009149
0.000177
0.036372
0.092394
0.000008
0.000045
0.032748
0.000347
0.003695
0.000221
0.004185
0.066410
0.000037
0.032127
0.007406
0.006234
0.024963
0.027155
0.000030
0.000313
0.003178
0.000007
0.000044
0.009249
0.003712
0.216816
0.078490
0.029189
0.333843
0.010698
0.002768
0.012704
0.018237
0.019325
0.080325
0.001691
0.123203
0.000656
0.014824
0.000044
0.000928
0.003372
0.000818
0.029306
0.057928
0.010256
0.116264
0.000267
0.111825
0.000117
0.001764
0.031857
0.000459
0.000161
0.060627
0.013671
0.026510
0.007357
0.030753
0.029105
0.000388
0.003149
0.003282
0.010109
0.122695
0.668294
0.075471
0.021940
0.005194
0.001711
0.038369
0.010103
0.000081
0.000200
0.103158
0.168962
0.000071
0.049605
0.086197
0.061862
0.577489
0.000875
0.187318
0.017631
0.302940
0.002413
0.105607
0.083600
0.397377
0.081159
0.060125
0.019571
0.088801
0.028954
0.049095
0.039571
0.023940
0.004937
0.061065
0.004211
0.007733
0.008729
0.000220
0.000504
0.045665
0.050839
0.039064
0.000149
0.206691
0.000909
0.056521
0.005988
0.000997
0.090877
0.000010
0.000010
0.011141
0.080480
0.008357
0.000146
0.000018
0.038205
0.000269
0.002908
0.422306
0.014227
0.036078
0.280034
0.061014
0.003513
0.000113
0.000017
0.026231
0.024323
0.028143
0.025183
0.062954
0.001966
0.000002
0.139099
0.000769
0.011623
0.102669
0.004669
0.002444
0.005566
0.022722
0.000046
0.411565
0.000002
0.014964
0.001373
0.113623
0.104144
0.000009
0.033097
0.002945
0.022515
0.006440
0.002878
0.001966
0.084188
0.113467
0.048950
0.052653
0.037815
0.187697
0.075359
0.241922
0.000714
0.014875
0.001089
0.020016
0.018841
0.184399
0.182406
0.004535
0.002202
0.007156
0.003983
0.000082
0.336705
0.339084
0.025886
0.240287
0.002715
0.001485
0.007182
0.000173
0.000082
0.000006
0.005690
0.019211
0.001129
0.002343
0.231121
0.003188
0.144353
0.000255
0.005398
0.019174
0.018230
0.008426
0.000233
0.043186
0.083340
0.026014
0.032769
0.278804
0.203154
0.000486
0.004384
0.596766
0.043132
0.449420
0.000145
0.050613
0.518481
0.009152
0.000766
0.037081
0.379684
0.062047
0.001959
0.002315
0.006811
0.016598
0.000002
0.000016
0.000359
0.095482
0.002173
0.000763
0.164156
0.558874
0.002184
0.103738
0.050655
0.000013
0.001640
0.000214
0.001187
0.001936
0.035218
0.082500
0.111739
0.004021
0.022377
0.000006
0.012854
0.006724
0.000007
0.069162
0.197318
0.032441
0.002913
0.000703
0.058318
0.007761
0.002180
0.089623
0.002753
0.002468
0.002820
0.000010
0.000778
0.000545
0.002023
0.001285
0.095190
0.023273
0.004132
0.307443
0.021149
0.003057
0.000002
0.002861
0.016713
0.125193
0.006756
0.017605
0.274126
0.012296
0.018803
0.001455
0.005574
0.001069
0.246935
0.001289
0.014290
0.111349
0.014819
0.071682
0.021046
0.087697
0.015972
0.000127
0.054329
0.041567
0.054235
0.000002
0.000008
0.001199
0.041876
0.035383
0.007981
0.000943
0.012971
0.114727
0.160453
0.118260
0.008706
0.174780
0.031769
0.028366
0.000195
0.002318
0.000081
0.061455
0.001915
0.005754
0.000800
0.057174
0.050111
0.050969
0.057522
0.018503
0.067503
0.028504
0.052875
0.005630
0.017628
0.651722
0.032523
0.023825
0.000606
0.023524
0.000010
0.123849
0.070099
0.024122
0.001254
0.133758
0.086650
0.001334
0.000658
0.000220
0.007398
0.028512
0.165529
0.086617
0.000496
0.009670
0.000215
0.007922
0.006069
0.002419
0.006129
0.005043
0.773926
0.338562
0.008521
0.004493
0.000364
0.011957
0.002835
0.365080
0.382404
0.083923
0.016834
0.000991
0.018923
0.003359
0.002199
0.419119
0.316535
0.057764
0.006058
0.000114
0.000409
0.002845
0.026441
0.177154
0.000324
0.050277
0.243584
0.000340
0.000800
0.046224
0.019409
0.079075
0.006999
0.179192
0.273510
0.007942
0.001708
0.000218
0.153812
0.000326
0.009115
0.000050
0.090909
0.000643
0.076722
0.005425
0.000223
0.002176
0.065332
0.019177
0.004803
0.216298
0.006991
0.134286
0.003389
0.092461
0.001435
0.319244
0.000178
0.010142
0.026474
0.009891
0.023590
0.000323
0.001591
0.002516
0.006425
0.073221
0.035471
0.321592
0.069441
0.001258
0.000216
0.008763
0.000311
0.040878
0.000193
0.020424
0.053851
0.004282
0.313116
0.014921
0.084690
0.000006
0.000229
0.297704
0.000195
0.000684
0.258208
0.027229
0.029239
0.139288
0.000400
0.052306
0.001860
0.000429
0.071783
0.000003
0.443368
0.093830
0.763676
0.000140
0.017781
0.000863
0.037136
0.020242
0.368890
0.000409
0.000977
0.048726
0.003702
0.025072
0.100587
0.000002
0.006957
0.012242
0.000175
0.035989
0.002122
0.004412
0.000614
0.181030
0.035223
0.029492
0.000008
0.016217
0.005597
0.224042
0.189389
0.004927
0.091613
0.003460
0.278818
0.016449
0.105852
0.000020
0.000436
0.099739
0.171655
0.005217
0.100675
0.278916
0.000798
0.002297
0.034717
0.017195
0.000239
0.129739
0.000438
0.055481
0.056507
0.007911
0.000501
0.000045
0.021030
0.001834
0.006849
0.034378
0.000220
0.019752
0.051455
0.045143
0.602285
0.000002
0.018619
0.000523
0.002498
0.000269
0.003324
0.002747
0.072520
0.050980
0.017373
0.027508
0.133825
0.339733
0.378285
0.036654
0.000002
0.004449
0.113168
0.120340
0.001020
0.000047
0.000864
0.059397
0.001698
0.000010
0.000262
0.000309
0.005056
0.000528
0.001313
0.009018
0.487300
0.079319
0.019682
0.000077
0.022319
0.039074
0.030171
0.001317
0.022227
0.527638
0.435044
0.004345
0.012860
0.066392
0.000226
0.010450
0.031044
0.019271
0.117047
0.000007
0.253699
0.111777
0.014420
0.001363
0.000797
0.005350
0.006248
0.001384
0.029224
0.127296
0.002060
0.038992
0.001823
0.074904
0.022084
0.014006
0.073005
0.000174
0.082228
0.001885
0.003074
0.008724
0.000017
0.011384
0.003737
0.011668
0.004227
0.000733
0.001252
0.118858
0.007776
0.003786
0.009072
0.003758
0.000758
0.146021
0.027306
0.000810
0.001467
0.010604
0.011057
0.046884
0.033012
0.048062
0.016893
0.002487
0.001049
0.005682
0.037855
0.353638
0.007711
0.334057
0.073043
0.007084
0.000019
0.046432
0.005264
0.000032
0.005736
0.000324
0.034718
0.213757
0.071512
0.000267
0.050398
0.061442
0.676729
0.023585
0.015768
0.016008
0.080244
0.635032
0.009523
0.065135
0.001137
0.013967
0.076589
0.012757
0.000867
0.018613
0.083971
0.013329
0.011410
0.007065
0.001938
0.002608
0.085434
0.091923
0.025952
0.215394
0.131066
0.037347
0.000065
0.101987
0.004696
0.163383
0.000150
0.160211
0.073214
0.000048
0.000002
0.046606
0.001829
0.304538
0.003595
0.132413
0.053017
0.014722
0.010406
0.026047
0.003491
0.042421
0.000150
0.098962
0.009160
0.151258
0.006688
0.134582
0.010219
0.060205
0.001483
0.018288
0.058291
0.068177
0.007465
0.000346
0.054818
0.008486
0.150916
0.015220
0.086807
0.000003
0.131337
0.001020
0.000057
0.042642
0.022629
0.328760
0.041886
0.000517
0.172788
0.023087
0.486973
0.191539
0.004688
0.021847
0.585006
0.026625
0.061823
0.094535
0.446215
0.579481
0.054538
0.001898
0.000029
0.003462
0.033412
0.000137
0.011528
0.006010
0.009087
0.041032
0.000009
0.000006
0.004840
0.000297
0.012056
0.000181
0.000125
0.211463
0.078583
0.000294
0.001665
0.002111
0.001752
0.088302
0.002529
0.052133
0.145747
0.015531
0.231734
0.000636
0.006424
0.125304
0.006310
0.000002
0.309808
0.129626
0.053417
0.000427
0.443865
0.006170
0.000085
0.000037
0.011892
0.001605
0.000009
0.052452
0.053578
0.044370
0.000012
0.004769
0.002836
0.048212
0.040543
0.043287
0.033501
0.009650
0.349431
0.014262
0.039363
0.048169
0.039067
0.005048
0.000040
0.141508
0.004872
0.009677
0.026231
0.501007
0.018715
0.003664
0.000083
0.000006
0.000277
0.044636
0.089958
0.012276
0.121578
0.010315
0.101156
0.000670
0.027425
0.033860
0.002065
0.052810
0.025484
0.000223
0.185335
0.005703
0.000006
0.482844
0.191868
0.026614
0.014208
0.047138
0.005073
0.004741
0.002757
0.003089
0.099225
0.002008
0.015623
0.027958
0.000003
0.000130
0.118050
0.005661
0.001427
0.000798
0.001330
0.047285
0.019474
0.000014
0.000693
0.039009
0.001042
0.005496
0.032833
0.001163
0.000650
0.069563
0.004498
0.270972
0.436243
0.109016
0.050060
0.060406
0.036852
0.008287
0.014858
0.002107
0.010928
0.201422
0.154266
0.000010
0.000713
0.432050
0.064871
0.005867
0.008728
0.014534
0.000106
0.004868
0.134596
0.053354
0.011471
0.001098
0.001237
0.011472
0.012117
0.000037
0.057113
0.000627
0.031034
0.126712
0.096365
0.011829
0.202897
0.037082
0.000240
0.003303
0.000356
0.000104
0.027400
0.004995
0.000012
0.000766
0.007133
0.001931
0.024495
0.167941
0.054135
0.004616
0.034148
0.005055
0.003953
0.069388
0.038173
0.000641
0.000559
0.016114
0.079790
0.000787
0.007550
0.212617
0.053249
0.132991
0.003620
0.002670
0.000092
0.013008
0.041126
0.000743
0.000061
0.020423
0.000376
0.134949
0.015340
0.000523
0.000205
0.000098
0.043128
0.014005
0.154393
0.006305
0.082424
0.000403
0.000175
0.026472
0.000067
0.234190
0.000206
0.008673
0.006873
0.000118
0.116234
0.003167
0.000702
0.057504
0.026252
0.845928
0.113790
0.022979
0.192639
0.079884
0.000126
0.006537
0.014000
0.035159
0.000003
0.057479
0.007679
0.000198
0.000323
0.082647
0.051158
0.002501
0.082472
0.000009
0.006817
0.134661
0.017328
0.028518
0.182846
0.008719
0.058121
0.042001
0.000650
0.000698
0.000053
0.000844
0.020702
0.001648
0.011571
0.000281
0.397663
0.014926
0.119398
0.010665
0.002610
0.013076
0.000947
0.005922
0.618351
0.163564
0.001288
0.000685
0.036949
0.009512
0.006335
0.054178
0.014383
0.000256
0.025554
0.024850
0.027514
0.015577
0.176039
0.130247
0.009127
0.005571
0.021470
0.014975
0.011899
0.002713
0.000084
0.036286
0.000023
0.125378
0.070804
0.000034
0.009276
0.004679
0.000697
0.006139
0.086403
0.000289
0.004014
0.005414
0.005254
0.001744
0.024115
0.002101
0.004834
0.033548
0.010358
0.186720
0.066358
0.140732
0.201773
0.002445
0.324294
0.004496
0.046098
0.004293
0.328125
0.006730
0.014674
0.008023
0.591109
0.000704
0.001585
0.000725
0.000009
0.827583
0.021283
0.005306
0.001161
0.045541
0.057462
0.651809
0.001130
0.016063
0.014028
0.000323
0.003323
0.000024
0.006299
0.000266
0.005401
0.010876
0.001346
0.007048
0.095510
0.000273
0.643744
0.006791
0.004252
0.000335
0.038496
0.045804
0.003722
0.020092
0.301748
0.027877
0.087837
0.000023
0.010595
0.036135
0.100711
0.000221
0.036014
0.000187
0.034096
0.006789
0.002422
0.000760
0.031669
0.058419
0.000739
0.073395
0.592080
0.031016
0.005994
0.054797
0.063654
0.000008
0.002072
0.066545
0.104790
0.004770
0.136526
0.018689
0.010763
0.000053
0.045437
0.514420
0.075954
0.032441
0.007201
0.000832
0.000516
0.578575
0.027740
0.002540
0.002472
0.000124
0.029879
0.082091
0.002207
0.052466
0.000270
0.081267
0.006908
0.003268
0.028226
0.052582
0.000924
0.124627
0.033741
0.277517
0.000002
0.020046
0.009842
0.000565
0.020040
0.005041
0.001804
0.000002
0.098841
0.000791
0.000177
0.010834
0.007227
0.091556
0.098844
0.189131
0.016410
0.000077
0.075896
0.011394
0.000368
0.001191
0.489027
0.095810
0.008051
0.003933
0.000002
0.049446
0.174415
0.002363
0.022559
0.005587
0.003162
0.001479
0.041975
0.018566
0.000045
0.000006
0.015268
0.011111
0.010141
0.123934
0.000216
0.038171
0.507225
0.072332
0.003990
0.013006
0.431731
0.019006
0.025638
0.014448
0.042023
0.001355
0.013978
0.003397
0.001842
0.001224
0.025055
0.042621
0.011674
0.001164
0.007647
0.002620
0.000045
0.079908
0.108066
0.001687
0.043613
0.000546
0.078590
0.579214
0.000242
0.109147
0.004515
0.050000
0.000003
0.097288
0.003023
0.073493
0.002240
0.044268
0.000019
0.013343
0.002030
0.071425
0.000144
0.017660
0.000042
0.000421
0.089554
0.000959
0.000157
0.000062
0.528551
0.006426
0.037100
0.024759
0.066953
0.254599
0.002761
0.000314
0.035507
0.400741
0.002205
0.036120
0.000002
0.007310
0.043388
0.007605
0.022585
0.004570
0.015601
0.039678
0.000136
0.037757
0.234335
0.026182
0.000822
0.036373
0.033652
0.000003
0.005962
0.008450
0.122786
0.059101
0.099506
0.071816
0.003908
0.084167
0.000324
0.046033
0.398113
0.000857
0.000222
0.000314
0.000117
0.000134
0.008393
0.007853
0.079623
0.000179
0.588805
0.006390
0.232097
0.010730
0.003146
0.151021
0.037459
0.002727
0.034039
0.000919
0.006695
0.059209
0.007931
0.000124
0.061692
0.013006
0.000006
0.039588
0.013121
0.001837
0.003304
0.044937
0.008505
0.037571
0.885473
0.000112
0.000200
0.021629
0.004916
0.075378
0.000069
0.136281
0.043033
0.126366
0.259625
0.033034
0.000225
0.000034
0.277249
0.091223
0.007073
0.037803
0.000102
0.000378
0.014955
0.001982
0.241416
0.000230
0.064617
0.076762
0.062841
0.134552
0.012436
0.000280
0.039303
0.000220
0.006198
0.119864
0.117565
0.021277
0.403040
0.000002
0.014370
0.009168
0.037794
0.203436
0.000638
0.016307
0.007201
0.002892
0.000002
0.028790
0.008107
0.000748
0.021936
0.000505
0.000005
0.035542
0.024035
0.063464
0.025700
0.310083
0.003255
0.185598
0.002378
0.001266
0.233020
0.034403
0.090416
0.323748
0.192819
0.006861
0.000050
0.011961
0.036333
0.039446
0.016393
0.017352
0.000683
0.003274
0.073534
0.770853
0.003134
0.013459
0.000742
0.348121
0.110253
0.102156
0.006747
0.000116
0.000189
0.005533
0.000088
0.000104
0.010439
0.027708
0.081363
0.000454
0.008346
0.002564
0.000284
0.203351
0.142239
0.001314
0.000766
0.006978
0.062849
0.003279
0.002302
0.004428
0.016948
0.000100
0.008980
0.003301
0.301702
0.000265
0.000729
0.491057
0.001102
0.002185
0.073373
0.000378
0.001182
0.003180
0.021041
0.000904
0.001120
0.081861
0.001397
0.121780
0.008489
0.003083
0.003747
0.046501
0.002204
0.021465
0.001899
0.118708
0.227498
0.042487
0.001856
0.070761
0.007479
0.003233
0.005915
0.000033
0.222353
0.019833
0.020643
0.000287
0.000105
0.065513
0.417011
0.023501
0.000924
0.017275
0.021884
0.004335
0.002818
0.022316
0.046689
0.006199
0.219474
0.027887
0.015500
0.000056
0.016180
0.007063
0.049481
0.000042
0.001559
0.049574
0.042706
0.000015
0.030888
0.056990
0.000175
0.203999
0.005857
0.001211
0.020430
0.001703
0.075406
0.002156
0.006685
0.000061
0.000281
0.023024
0.000996
0.027304
0.035020
0.000476
0.003996
0.005971
0.003644
0.026811
0.061501
0.107507
0.002733
0.008923
0.015850
0.000237
0.000003
0.002729
0.074627
0.024297
0.051216
0.002070
0.000053
0.371195
0.048402
0.023009
0.004446
0.023246
0.799574
0.074851
0.025275
0.053369
0.000936
0.461343
0.065647
0.013229
0.000358
0.002002
0.058271
0.007107
0.054739
0.046237
0.182046
0.057286
0.030544
0.000039
0.000195
0.000358
0.013152
0.017112
0.003188
0.005122
0.072769
0.005384
0.000090
0.004489
0.000022
0.012129
0.207597
0.120401
0.029712
0.020405
0.234747
0.011026
0.047965
0.002747
0.101619
0.012899
0.175002
0.000045
0.081804
0.018537
0.000513
0.009207
0.048682
0.000386
0.031237
0.000080
0.065108
0.000554
0.000166
0.048112
0.067838
0.000589
0.000042
0.003557
0.000443
0.001497
0.005735
0.045837
0.007514
0.101294
0.110664
0.000093
0.001756
0.000016
0.000079
0.486985
0.079874
0.008096
0.000010
0.000344
0.381832
0.065979
0.000508
0.093650
0.002178
0.000008
0.050297
0.023655
0.492296
0.038471
0.050669
0.082405
0.034770
0.032191
0.059088
0.002089
0.193464
0.328317
0.006503
0.000613
0.008226
0.002039
0.040909
0.003765
0.044460
0.001062
0.000300
0.020704
0.001660
0.000259
0.031291
