2603
1.558507
4
91
40
10
1
5047
1.000000
-0.688591
-0.036952
-0.232891
-0.856527
-1.000000
-0.104599
0.187722
0.904269
1.000000
-0.079740
-0.644432
0.608176
0.298948
-0.718560
0.737473
-0.888952
-0.276868
-0.706572
-0.029909
0.513031
0.512533
0.334639
0.919355
0.639914
-0.846613
0.284737
0.182951
-0.280781
0.565762
0.411092
0.885574
0.300722
0.845210
-0.582684
-0.371803
0.882362
-0.223995
0.892161
-0.708855
-0.701085
-0.630067
0.712745
0.218994
0.343243
0.978445
-0.892750
-0.671166
0.465277
-0.261974
-0.232369
-0.692307
-0.454594
0.441944
0.275181
-0.880748
0.667761
0.158530
-0.959437
-0.441095
-0.913970
0.860929
0.744000
-0.936670
-0.698323
0.104095
0.969015
0.861691
-0.776122
0.057321
0.239626
0.589237
-0.849266
-0.409664
0.014118
-0.466081
0.300053
-0.832099
-0.941878
0.240137
0.302081
0.911054
-0.009402
0.543174
0.958993
0.996631
-0.621373
-0.747714
0.895677
-0.502036
-0.715548
0.536040
-0.975378
0.599184
-0.299710
0.722610
0.111166
-0.451438
-0.935124
-0.736538
0.499281
0.032105
-0.651809
-0.323622
-0.952022
-0.472477
-0.035580
-0.631344
0.662884
-0.092161
0.063848
-0.674256
1.000000
-0.952323
0.863244
-0.334273
-0.537836
0.480550
0.945817
-0.793312
-0.949805
-0.581697
-0.405879
0.929155
0.001423
0.674225
0.342483
-0.015340
-0.137720
-0.683110
-0.208390
0.044311
-0.213207
0.182602
-0.128219
-0.112499
0.139317
-0.240167
-0.004141
-0.726250
1.000000
0.582173
0.894673
1.000000
0.317570
-0.164504
0.168759
-0.877921
-0.125891
-0.222845
0.313185
0.481703
-0.577945
0.236829
0.674347
-0.567107
-0.815492
-0.603445
0.502627
0.191880
-0.679357
0.786603
-0.643191
0.802922
-1.000000
-0.936588
-0.143167
-0.048597
0.710830
0.027739
-0.024403
-0.988581
-0.255631
0.644056
-0.291169
-0.929163
0.606562
-0.298973
-0.471407
-0.872509
-0.166283
-0.908320
0.684717
0.924594
0.383169
0.985395
0.009134
0.578192
0.892918
-0.848485
-0.247910
0.801286
0.200951
-0.622698
-0.658589
-0.072778
-0.575185
0.543537
-0.615348
-0.533309
-0.659507
-0.085564
-0.048847
1.000000
0.565234
-0.289090
-0.623236
-0.521416
0.857647
-1.000000
-0.365768
-0.650512
0.361902
-0.755738
-0.723532
-0.846092
-0.058572
-0.570603
-0.868957
-0.353283
0.630071
-0.265480
0.462379
-0.441538
0.956937
-0.008931
-0.213832
0.919962
-0.069948
-0.018025
0.975134
-0.524111
0.627193
0.188070
-0.848696
0.804664
-0.207298
-0.407319
0.912576
-0.952944
0.483961
-0.698036
-0.283606
0.902055
0.587887
0.279302
-0.828454
-0.935737
0.908362
0.069237
0.100152
0.853161
0.028818
-0.923873
0.771760
-0.850013
0.213995
0.205276
-0.207543
-0.809422
-0.918172
-0.378874
-0.229608
-0.601855
-1.000000
0.532124
1.000000
-0.952196
-0.925910
0.899023
-0.571150
-0.869561
0.413258
0.488335
-0.979404
0.259465
0.574817
0.139743
-0.400733
-0.272389
0.689165
0.760352
0.356139
-0.886938
-0.581428
0.570825
-0.843383
0.682032
0.998317
0.960325
0.424708
0.130305
-0.791933
0.521693
0.287131
-0.222233
-0.909462
0.806582
-0.064064
0.408304
0.270429
0.269849
0.722317
-0.629131
0.678230
-0.193803
0.108021
0.556054
0.082883
0.114724
-0.760151
0.112020
-0.485649
0.964463
0.694762
0.650445
0.521794
0.066405
0.305750
0.643744
-0.018962
0.954702
0.047878
-0.011718
0.230664
-0.588644
-1.000000
-0.221940
0.802918
-0.483600
0.178288
-0.902580
0.824150
0.173400
-0.670729
-0.612948
0.759662
0.167487
0.661707
-0.433425
0.191449
-0.885529
0.811239
-0.346456
0.474423
-0.523372
0.894537
-0.498362
-0.560690
-0.264020
0.617063
-0.199554
-0.817522
0.407563
0.018487
-0.193392
0.184772
0.028700
-0.078800
0.549321
-0.781216
0.040224
0.509833
0.855455
-0.554810
0.079599
0.498139
-0.811835
0.735260
0.239362
-0.030038
0.271737
-0.129726
-0.297499
0.501076
1.000000
0.687517
-0.114861
0.544936
-0.481863
0.726954
0.472394
-0.318829
0.733544
-0.942214
-0.764881
-0.287772
-0.653760
0.322751
-0.092458
0.174544
-1.000000
-0.990399
-0.613334
-0.364417
-0.887323
0.284375
-0.191630
0.445529
-0.752579
0.294425
0.982360
0.796558
0.881968
-0.657301
0.824848
-0.360861
-0.668931
-0.326245
0.933231
-0.595510
-0.900891
-0.526607
0.926094
0.416762
-0.221392
-0.597053
0.371220
0.418301
-0.335001
0.838258
-0.551786
0.796068
-0.824066
0.703967
0.121728
0.747234
1.000000
-0.787703
-1.000000
0.257623
0.447823
-0.928182
0.157412
-0.242843
0.782169
0.560493
0.466081
0.744050
-0.222826
-0.578285
-0.059420
-0.539416
0.884609
-0.408150
-0.155598
0.049931
-0.015531
-0.737375
0.722148
-0.425067
0.185814
-0.785221
-0.167875
-0.978454
0.339045
-0.602663
-0.228666
0.624327
0.382631
-0.606734
-0.001614
-0.356220
-0.591445
-0.096215
0.878507
-0.125536
-0.534116
0.976918
0.638338
-0.042411
0.699336
-0.874290
0.968826
0.266166
0.368902
0.121102
-1.000000
0.456505
-0.124550
0.403826
0.948414
0.302349
1.000000
-0.550198
-0.983447
0.876125
-0.106175
-0.109061
-0.521921
0.552176
0.027169
-0.161489
1.000000
-0.327420
0.752098
0.731559
-0.059101
0.041062
-0.023172
0.731568
-0.792576
0.111264
0.552219
0.642832
-0.042375
0.878586
-0.965760
-0.104929
-0.578363
-0.339424
-0.162010
0.694633
0.695204
-0.475511
-0.378036
0.874848
-0.879517
0.241129
1.000000
-0.461936
-0.995091
0.044729
-0.745266
-0.956677
-0.590599
-0.173965
-0.149539
0.224394
-0.387896
-0.436796
0.417975
-0.531659
0.621221
-0.012284
0.662037
-0.954129
-0.065172
-0.838334
-0.783696
0.182086
0.929030
0.764096
-0.974965
-0.045130
-0.907919
-0.684522
0.466923
0.029797
-0.047808
0.570288
0.525928
1.000000
-0.912453
-0.240666
-0.736644
-0.691424
0.826452
0.389391
-0.534915
-0.474782
-0.357805
-0.177740
0.752204
-0.948814
0.565127
0.010140
0.079957
-0.196836
-0.285854
-0.195367
-0.278499
0.953487
-0.205103
0.175433
-0.111409
-0.172720
0.432713
-0.158422
-0.804297
0.456051
-0.219570
0.481132
-0.786011
-0.102575
0.789062
0.317344
-0.208733
0.826089
0.234909
0.991027
0.327930
-0.944025
-0.093751
0.510643
-0.946144
0.691989
0.448113
0.495334
0.934666
0.891941
-0.158233
0.776467
0.518491
-0.508522
0.949852
-0.373769
0.263033
-0.801492
0.586116
1.000000
0.267741
-0.584700
0.847957
-0.137557
0.389352
-0.059531
0.773249
-0.983180
-0.417335
0.064893
0.539022
0.178905
-0.176407
-0.310556
-0.441138
-0.963599
-0.438976
-0.231088
0.516524
-0.406965
0.263026
0.417974
-0.037070
-0.744665
-0.547407
0.169148
-0.472880
0.956175
-0.233136
-1.000000
-0.426727
0.260426
0.954894
0.731072
-0.083793
-0.296116
-0.921400
0.657403
-0.733707
-0.491521
-0.259661
-0.202277
-0.228915
0.848700
0.070273
-0.312012
-0.449717
-0.160519
0.134973
0.566795
0.667225
0.902469
0.436799
-0.573328
0.873497
0.675474
-0.776395
0.358936
-0.471152
-0.790285
-0.759885
-0.078902
-0.553176
0.098500
0.617515
-0.360582
0.837968
0.929112
-0.691611
-0.286209
0.507247
-0.658189
-0.296833
-0.407425
-1.000000
-0.742730
0.475964
-0.507182
-0.397409
0.950350
0.238030
0.660296
0.335252
-0.189885
-0.858953
-0.932463
0.041422
0.058723
-0.968014
0.134488
0.421023
0.754869
0.951295
-0.957756
-0.994103
-0.299717
-0.275778
0.553040
0.868613
0.965007
0.637551
-0.442509
0.471982
-0.265891
0.123443
-0.513448
-0.023232
0.086000
-0.839551
0.542630
0.181350
-0.458650
0.740552
-1.000000
0.219613
-0.476073
-0.586483
0.384246
-0.101094
0.886142
-1.000000
-0.880087
-0.805730
0.531469
1.000000
0.186515
0.250985
-0.255139
-0.650421
0.784528
-0.025541
-0.051082
-0.793163
0.649645
-0.912703
-0.718361
0.651994
0.003251
-0.248211
-0.451665
0.555642
-0.621057
0.712133
-0.064801
-0.899466
-0.475990
-0.371693
-0.964408
-0.521438
0.489082
0.292572
-0.397741
-0.902837
0.333691
0.902085
0.262143
-0.767910
-0.570685
-0.686891
-0.054718
-0.318954
-0.840549
-0.514414
0.294175
-0.213621
-0.275115
-0.749043
-0.748365
-0.608836
-0.895971
-0.337245
-0.724556
0.181785
-0.810657
0.559589
-0.837140
0.355114
-0.287183
0.134363
-0.216440
-0.947633
-0.375225
0.044155
-0.912979
0.319868
-0.348150
0.173033
0.749026
0.030748
0.204397
-0.002744
0.093092
-0.736966
-0.801667
-0.830310
-0.584852
-0.994082
0.132637
0.265520
-0.102733
0.758771
0.097567
0.993626
-0.650822
-0.020687
-0.527427
-0.620487
0.421142
0.876376
0.523152
0.067412
-0.906156
-0.864040
-0.571807
0.879395
-0.384256
-0.172071
-0.260213
0.087520
-0.573928
-0.143309
-1.000000
-0.226581
-0.620268
-0.135220
-0.533735
0.868690
0.123165
-0.374611
0.189937
-0.700433
-0.669169
0.309806
-0.872249
-0.102858
0.267058
0.891767
-1.000000
-0.442555
-1.000000
-0.237079
0.368219
0.869167
0.682251
-0.550506
0.902761
-0.475085
0.628622
0.715775
0.523963
0.083358
0.053640
0.915598
-0.353962
-0.187546
0.502570
-0.055897
-1.000000
-0.657436
0.794147
-0.038697
-0.055235
0.626442
-0.943043
0.291818
-0.582275
-0.758060
-0.557408
-0.161798
0.447187
-0.786009
0.550850
-0.365466
-0.529123
0.770034
-0.033478
-0.419755
0.324650
0.396834
-0.654242
-0.694105
0.898765
0.392433
0.915177
0.044202
0.929166
0.862620
-0.083007
0.317982
0.475025
-0.980804
-0.278008
0.147409
0.272233
0.980391
0.238321
1.000000
-0.569725
0.513354
-0.189063
0.237304
0.009834
-0.241495
0.242214
0.919265
-0.910364
0.368821
0.885925
0.905496
0.314898
0.509734
-0.054082
-0.411571
0.446072
-0.146498
0.873224
0.611878
-0.547170
0.843165
-0.402835
0.049366
0.348789
0.119374
0.618882
0.529145
0.345747
0.478445
-0.821995
0.587373
-0.334314
1.000000
0.865187
0.127396
-0.255013
0.867871
-0.988464
-0.304050
-1.000000
0.733656
1.000000
-0.631680
0.844166
0.281637
-0.347866
-0.274033
0.243640
0.690768
0.586838
-0.987982
0.718682
0.386549
0.716905
-0.372520
-0.502463
-0.727114
-0.031282
0.393627
0.035606
0.072950
0.014832
-0.410289
-0.410412
0.972777
0.530560
-0.724792
-0.789943
0.104244
0.359435
-0.011568
0.796875
-0.681026
-1.000000
0.344121
-0.405391
0.403529
-0.772935
-0.617466
1.000000
-0.656231
0.435831
0.825802
0.944270
0.775141
-0.480790
1.000000
-0.686676
-0.499822
0.597813
0.991448
0.435066
-0.962639
0.837918
0.554641
-0.649795
0.197675
-0.601139
-0.737301
-0.129200
-0.327154
0.612820
0.066608
-0.498430
-0.660283
-0.163696
-0.532429
-0.913605
0.537326
-1.000000
-0.327843
0.230959
-0.864868
-0.045329
1.000000
-0.271847
-0.162335
0.051166
-0.747362
0.982086
-0.679876
0.028930
-0.267354
0.723526
-0.882699
0.996586
0.506319
-0.541057
-0.909521
0.335800
-0.525476
-0.860287
-0.625330
-0.380031
-0.164319
0.788521
0.211147
-0.836381
-0.055920
0.799297
0.107886
0.522638
0.296828
-0.228872
-0.413567
0.583710
-0.462111
-0.812072
-0.496262
-0.345124
-0.095560
0.184752
-0.441654
-0.607133
0.042961
0.138181
0.369026
-0.926958
-0.971568
-0.859144
-0.718864
-0.318295
-0.891290
-0.104963
-0.941927
0.976457
0.540282
0.685838
0.101835
0.231984
-0.913904
-0.066915
-0.642738
-0.235257
0.157579
0.031703
1.000000
-0.017649
0.080282
0.474405
0.507566
0.622508
0.825601
-1.000000
0.064614
-0.311371
-0.594185
0.899987
0.490924
-0.564895
0.982565
-0.205348
-0.264979
0.167932
-0.778445
-0.299722
0.023215
0.153308
0.622734
0.956433
0.992293
-0.913886
0.711101
0.271604
-0.485924
-0.310005
-0.043710
0.520522
0.425138
-0.051590
0.545137
-0.617669
-0.711757
-0.778090
0.457676
0.732580
-0.906379
0.907818
0.071680
-0.672537
-0.983274
-0.056171
-1.000000
-0.217561
0.894443
0.697668
-0.631409
0.675036
0.339519
-0.333732
-0.294509
0.344547
0.552298
-0.829328
-0.262545
0.190779
-0.905058
0.307192
-0.023668
0.377622
0.072943
0.801368
-0.072985
0.501611
0.824910
0.736570
0.073717
1.000000
-0.101835
0.402955
0.293477
0.409948
-0.684340
0.929446
-0.014096
-0.779147
0.958243
0.423819
0.728401
-0.143885
-0.880764
-1.000000
-0.229619
0.600510
-0.102463
0.579911
-0.472717
-0.239023
-0.494026
0.181848
0.731186
-0.835556
0.400439
0.939170
-0.958913
-0.789193
-0.892095
0.753099
-0.244251
0.742652
0.604716
-0.420268
-0.076680
0.126090
0.069673
0.294370
-0.770659
0.115581
0.704546
0.756201
0.516858
-1.000000
0.427019
-0.543324
-0.359166
0.035424
0.608803
0.106570
-0.605028
-0.989771
0.358847
0.848105
-0.130016
0.177505
0.407005
0.763844
-0.669715
0.819597
-0.512980
-0.451555
0.396915
-0.372863
0.352316
-0.287702
0.837094
-0.651448
0.162970
-0.276927
0.739530
-0.766765
0.286970
0.934721
1.000000
0.191044
-0.501033
0.500750
0.673523
-0.285846
-0.555574
0.780957
-0.219639
0.377669
-0.349095
0.160096
-0.079650
-0.407007
0.341192
0.018349
0.180331
-0.476207
1.000000
0.818440
0.349426
0.541121
-0.252263
-0.361437
-0.017039
0.825053
-0.923347
-0.795363
-0.513361
0.979838
0.961054
0.373822
-0.376461
-0.515753
0.532989
0.592947
0.890223
0.903749
0.721731
0.470428
-0.441443
0.453790
0.210980
1.000000
0.402751
0.724572
0.596667
-0.318766
0.926862
-0.752060
-0.865158
0.913150
0.470762
-0.500499
-0.668516
-0.857548
0.244743
-0.274601
0.249290
0.815473
0.312974
1.000000
1.000000
-0.049295
-0.003368
0.850827
-0.656612
-0.640783
0.439551
-0.941827
0.658564
0.019390
-0.377090
-0.854450
0.846994
-0.609933
-0.238586
0.531473
1.000000
0.554980
-0.938045
-0.149895
0.113239
0.841571
0.816636
-0.366845
-0.029821
-0.393587
-0.252681
-0.053366
0.139880
-0.741752
-0.160935
0.224346
0.496525
0.760415
0.070844
-0.406714
-0.915248
-0.763653
-0.720298
0.383969
-0.567018
0.558130
0.981293
-0.267813
0.659521
0.136086
0.414921
0.318902
-0.566326
0.082924
-0.665141
-0.095391
-0.084164
-0.319327
0.795980
0.810639
-0.545453
-0.626884
-0.897350
0.296848
0.078432
1.000000
0.658557
0.655050
0.295654
-0.914776
0.516469
-0.722888
-0.659837
0.993072
-0.125103
-0.603209
0.486696
-0.791392
0.629098
-0.005225
0.097275
0.463690
1.000000
0.360884
0.446745
-0.497648
-0.167275
-0.721601
0.175806
-0.799674
-0.056001
-0.777233
0.105362
0.247410
-0.857070
0.059343
0.220936
-0.118763
-0.300490
0.266130
-0.501024
0.714422
0.014046
0.055917
0.888047
-0.920872
0.001459
0.119010
-0.351189
0.499184
-0.690461
-0.417883
-1.000000
-0.216505
0.673370
0.106769
0.418475
0.241345
-0.951161
-0.686751
-0.016335
0.834955
0.568951
0.041386
-0.952807
0.392267
0.401424
0.743180
-0.548220
0.152382
0.618072
0.634043
-0.300577
0.693516
0.694749
0.717846
-0.284544
-0.354217
-0.248511
0.626161
-0.718711
-0.395328
-0.160293
0.968422
-0.112722
0.909055
-0.202530
0.728785
0.307603
-0.414612
-0.450416
0.106960
-0.046084
0.993988
0.709546
-0.500140
0.596929
-0.094709
0.296038
-0.374424
0.163740
-0.857272
0.458013
0.277729
-0.982815
-0.664039
-0.303806
0.265292
0.838961
-0.044935
0.549329
0.507561
0.405727
1.000000
-0.473755
-0.338708
-0.654529
0.213197
0.924632
-0.850610
-0.093385
-0.607559
-0.128416
-0.769819
0.147351
0.935713
-0.998523
0.757091
-0.791174
0.810447
0.915390
0.272221
0.735315
0.012559
0.817048
0.957235
-0.258680
0.585698
-0.266970
-0.869392
-0.787964
-0.098188
0.721481
-0.028638
-0.736827
0.243948
-0.988133
-0.702918
0.680664
0.270671
-0.149479
-0.727499
-0.584753
0.001614
0.708195
-1.000000
0.471336
-0.528837
-0.717351
-1.000000
0.659604
-0.425246
1.000000
-0.701661
-0.311202
0.209770
-0.866034
-1.000000
0.163222
-0.608820
0.434485
-0.909633
-0.000762
0.068932
0.049872
-0.625617
-0.870747
0.709975
-0.052781
-0.559027
-0.851086
0.233821
0.582050
-0.813903
0.535042
0.886450
-0.012977
-0.662304
0.989940
0.241659
-0.595053
-0.565812
0.235137
-1.000000
-0.458626
-0.154241
-0.830142
0.055799
-0.148494
0.641703
0.936337
0.699812
0.354514
0.079556
-0.449549
0.398643
0.113137
0.547869
-0.346580
0.689728
-0.573582
0.163402
-0.696871
0.328897
-1.000000
0.405425
0.695545
-0.325160
-0.061396
0.510360
0.860680
-0.842306
0.066236
0.752216
-0.942449
0.426167
-0.590543
-0.505304
0.966636
-0.336670
0.666034
-0.233752
0.967215
0.719524
0.792326
-0.398983
-0.130204
-0.072282
-0.009846
-0.623912
-0.100113
-0.857237
0.229498
-0.141266
0.067757
-0.331881
0.836356
0.292190
-1.000000
0.999870
-0.130561
-0.888374
-0.142933
-0.766965
-0.137961
-0.511005
-0.703260
-0.240147
-0.828806
-0.753360
-0.314521
-0.303451
0.914212
0.933567
-0.362129
-0.579126
-0.808091
0.584164
-0.974137
0.719690
0.045135
-0.979594
-0.301049
-0.881906
-0.983573
0.563588
0.695707
-0.784043
0.453088
0.625785
-0.412446
0.421714
-0.039805
-0.886480
-0.504423
0.216607
0.862583
-0.277017
-0.703468
0.756999
0.036509
-0.964225
-0.218560
-0.570310
-0.261698
-0.472051
0.523178
0.234154
0.199029
-0.882572
0.249214
-0.219788
-0.661497
0.972010
-1.000000
0.279067
-0.235396
-0.254618
-0.627242
-0.946315
-0.037545
-0.280390
-1.000000
0.402248
0.529543
-0.196712
0.918015
0.735673
-0.280012
0.179328
-0.712729
-0.940562
0.932948
0.973666
0.579435
-0.623970
-0.793526
0.733754
0.875500
-0.141634
0.588227
-0.632865
0.302856
0.399549
0.284538
0.158570
0.780304
0.628402
-1.000000
-0.804488
-0.665840
-0.792262
0.190805
0.083973
0.974261
-0.314921
0.284724
0.042094
-0.170296
0.835863
-0.406699
-0.762897
0.766671
0.484960
0.722030
0.494404
-0.338940
-0.528195
-0.819515
0.746313
0.252207
0.433131
-0.650331
-0.975168
0.975709
-0.849203
-0.917358
0.950627
0.668221
-0.405976
-0.931046
-0.337496
-0.020462
-0.029229
0.644951
0.959782
-0.414026
0.026252
0.189262
0.381647
-0.133504
0.233089
0.270945
-0.057799
0.808862
-0.033313
0.650097
0.697194
0.952103
0.982451
-0.690825
-0.483746
0.893317
-0.421017
-0.749794
-0.670268
-0.918640
0.406644
0.677583
0.810046
-0.879122
-0.619745
-0.631957
0.996097
0.949732
-0.883185
0.930881
0.038647
0.830999
-0.771993
0.033280
0.861704
-0.425179
-0.045331
1.000000
-0.586852
0.134409
0.734210
-1.000000
-0.639184
0.760392
0.829829
0.932879
-0.106341
0.524279
0.754241
-0.347505
0.536700
0.968028
-0.960771
-0.688479
0.733478
0.355641
0.731687
0.196769
-0.065704
0.037774
-0.423071
0.828522
-0.076433
-0.354170
0.587594
-0.858458
0.969158
-0.502578
0.693044
0.156056
0.931096
0.626198
0.407707
0.201894
-0.283550
-0.150390
0.756070
0.282453
-0.199407
0.646848
0.868441
-0.450658
0.560748
-0.488232
-0.701301
-0.906599
0.733542
-0.005054
0.367469
0.952109
0.529019
-0.869278
-0.976836
-0.735014
-0.819203
-0.743774
0.026010
-0.300839
0.377208
-0.001371
0.470156
-0.481442
-0.984256
-0.601686
-0.747922
0.183756
-0.288498
0.200376
-0.864413
0.246935
-0.307991
0.576093
0.671480
0.592691
-0.996877
-0.802778
-0.826286
-0.833034
0.402159
-0.586901
-0.801793
-0.141368
0.111951
-0.406826
0.348198
-0.590718
-0.413465
-0.489713
-0.002886
-0.899722
-0.464534
-0.204513
-0.319820
0.158129
0.872569
0.061801
0.864204
0.883816
0.588755
-0.540606
0.442723
-0.559989
0.084865
0.369334
-0.622166
-0.391715
-0.042813
0.239835
-0.105202
-0.959871
0.378283
0.555752
-0.709242
0.284532
-0.135311
0.167527
-0.722006
0.232247
0.466562
0.670138
-0.111458
-0.812059
-0.282039
0.594796
-0.777030
0.298744
0.002506
0.229969
-0.404788
0.517341
0.790631
-0.314056
-0.604131
-0.332035
0.095003
0.692144
-0.418139
-0.253520
-0.416073
0.740839
0.704153
0.678391
-0.028590
0.250043
0.347180
0.883898
0.959594
0.903699
-0.948920
0.448600
-0.211501
-1.000000
-0.964009
-0.118676
0.269127
-0.791758
0.939501
-0.123792
-0.861390
-0.524855
-0.673490
0.017138
-0.209728
-0.943023
-0.062015
0.576647
0.608247
-0.043694
0.310972
-0.939703
0.518103
0.578544
-0.870038
0.780037
-0.975896
0.005303
-0.710177
0.649787
-0.331648
-0.449655
0.022776
0.700028
0.149176
-0.698550
0.802659
-1.000000
0.346590
0.312920
-0.392814
-0.028826
0.295815
0.119438
0.090694
0.958265
0.573994
-0.501174
-0.586131
0.606000
-0.737783
0.910962
0.025882
0.375933
-0.316434
-0.135233
-0.374480
-0.680707
0.019044
-0.900922
-0.874329
-0.080566
-0.728579
0.544875
0.992894
0.124460
0.338197
-0.232777
-0.718807
-0.490160
0.736254
0.625559
-0.388548
-0.101082
0.221172
0.031392
0.213989
0.509487
0.910407
-0.964671
0.710960
0.971677
0.354866
0.532847
0.256970
0.345676
0.529824
-0.352091
0.642311
0.488034
0.310472
0.762022
0.615563
0.903172
-0.543197
-0.586715
0.885194
0.123609
-0.756448
-0.123644
-0.109518
0.841352
-0.805704
-0.790621
0.201113
0.729934
-0.518163
0.015711
0.702147
-0.539216
0.680948
-0.305835
-0.552335
-0.047069
-0.830591
0.153104
-0.003734
-0.240042
0.704980
0.233419
0.992391
0.429577
-1.000000
0.469313
0.501151
-0.110590
0.616269
-0.283481
0.533659
0.041833
0.732256
0.209700
0.057717
0.958031
-0.058588
-0.933683
0.415931
0.227418
0.316247
0.067686
0.288896
0.800522
0.288975
-0.007487
0.057697
0.855861
-0.472296
0.661043
0.177071
-0.749070
-0.563911
-0.720600
0.989073
-0.562635
0.340784
0.331418
0.961982
0.031962
0.859174
-0.693115
-0.654503
0.255841
0.783304
0.747497
-0.956396
-0.864553
0.284642
-0.532790
0.062822
0.200557
-0.436101
-0.595874
-0.235507
-0.425664
0.968343
0.023983
0.255965
-0.332671
-1.000000
0.345646
0.823972
0.396231
-0.265558
-0.374799
-0.460601
-0.312862
-0.434825
-0.775503
-0.840040
-0.413976
0.982458
0.413507
0.059426
0.327407
1.000000
0.442061
-0.635091
0.513431
0.915823
0.262472
-0.896545
-0.403581
0.364125
-0.601736
-0.918315
0.941743
-0.662391
0.062222
0.811513
0.834622
1.000000
-0.901338
0.991423
0.085277
-0.188121
-0.216325
-0.816371
0.856399
0.207240
-0.711564
0.808324
0.243797
-0.166580
0.873530
0.967802
-0.614044
-0.154889
0.227971
0.713179
-0.527063
-0.092556
0.788993
-0.350090
-0.485151
-0.400261
-0.440614
0.880305
0.700566
0.860962
0.487770
0.194133
0.907938
0.617226
0.220613
-0.423068
0.789696
-0.468067
0.472979
0.151808
0.580511
0.962407
-0.927875
0.695906
-0.930262
0.906530
-0.252796
0.401431
-0.270925
1.000000
0.903077
-0.868727
-0.718428
-0.520242
0.101205
-0.693865
-0.176235
0.630732
1.000000
-0.404975
-0.500210
0.283130
0.084421
-0.107927
-0.623018
0.585309
0.028445
-0.296073
-0.453721
0.230731
0.618490
0.372237
-0.701599
0.686585
0.060798
-0.025351
-0.432695
-0.384045
0.876682
-0.351456
-0.024249
-0.963738
-0.216547
0.745036
0.214988
-0.521697
0.903756
-0.094794
0.494054
0.287494
-0.924095
0.375219
0.494428
-0.043179
1.000000
0.333184
0.577748
0.687714
0.047259
-0.384470
0.378752
-0.451320
-0.997855
-0.048627
0.021583
-0.879136
-0.596666
-0.359413
-0.357060
-0.345003
-0.048231
0.034033
0.997638
-0.516046
0.825669
-0.074061
-0.004125
-0.901340
0.720242
-0.181891
-0.756315
-0.396905
0.246757
0.055066
-0.938097
-0.279082
1.000000
0.314239
-0.437342
0.322000
0.944006
-0.499749
0.301602
-0.083930
0.715259
0.753237
0.983849
-0.230686
-0.600500
-0.519757
-0.561928
0.699457
1.000000
-0.363757
-0.312875
0.619939
-0.876058
-0.053370
0.562399
0.912434
0.774479
0.091779
0.620148
-0.631543
-0.292281
0.064358
0.795301
0.027437
-0.536152
-0.124625
1.000000
0.404588
-0.107850
-0.612422
-0.746968
-0.539339
-0.599658
-0.190369
0.829555
-0.911910
-0.397322
0.429675
0.900101
-0.276076
-0.119686
0.429312
-0.671832
-0.524934
0.134670
0.961201
-0.894261
1.000000
-0.165361
-0.139962
0.397513
-0.071736
0.741994
-0.771055
0.030355
0.470573
0.981603
0.672492
-0.883358
0.949684
-0.482781
0.156478
-0.463743
-0.891772
0.324583
0.347794
-0.487474
1.000000
-0.268150
-0.110352
0.477670
0.268570
0.636038
0.191750
-1.000000
0.136576
0.834531
0.905905
0.028791
0.036083
-0.273436
-0.599427
0.299420
-0.640944
0.414307
-0.227905
-0.487011
-0.199834
-0.699881
0.817264
-0.283613
0.694003
-1.000000
0.124489
0.904297
0.220039
-0.197967
-0.487614
0.554447
-0.346513
-0.842981
-0.603642
0.093528
-0.568725
0.621551
0.278836
0.141211
0.679204
0.253263
0.534425
-0.871422
0.318082
-0.819751
0.442586
-0.035160
0.761232
-0.092739
-0.284907
-0.844425
-0.588915
0.912935
0.096553
0.270906
0.188420
-1.000000
-0.082734
-0.447154
-0.421335
-0.044692
-0.604932
0.316921
0.952281
-0.454995
1.000000
-0.498268
0.505185
0.249390
-0.648972
-0.051731
-0.071135
-1.000000
-0.411567
0.856141
-0.482925
-0.460432
-0.685398
0.401649
-0.296330
0.463124
-1.000000
0.711328
-0.151237
0.675587
0.708184
0.746284
0.162137
1.000000
-0.396284
0.956818
-0.759648
0.964115
-0.643904
0.547861
-0.748655
-0.026661
-0.161010
0.592086
-0.628120
1.000000
0.690182
0.126613
0.060558
0.127696
-0.921758
-0.712795
0.990373
-0.372766
-0.619295
0.501842
0.506373
-0.875368
-0.000392
0.597794
0.578539
1.000000
0.637100
0.079885
-0.797718
-0.656852
0.169565
-0.258231
0.858980
0.063819
0.569999
0.452863
0.427574
-0.035800
0.721516
-0.869200
0.570365
0.534200
0.459297
-0.244069
0.118067
-0.506264
1.000000
-0.175983
-0.486837
-1.000000
-0.656811
0.551345
-0.922007
0.255483
-0.438133
0.252712
0.891198
0.476366
-0.737098
0.298483
0.965953
-0.277152
0.320291
0.799991
-0.873443
-0.805397
0.275857
0.486641
0.849710
0.188741
-0.979218
0.355874
0.838180
-0.602289
-0.968534
-0.742297
-0.003327
0.741985
-0.525144
-1.000000
-0.095479
1.000000
-0.192839
0.475283
0.979428
0.190394
-0.402446
0.322626
-0.453285
-0.292593
-0.747076
0.538281
0.014905
-0.606931
-0.780525
0.241327
-0.809312
0.514559
0.643261
-0.047447
-0.674454
1.000000
0.233746
0.993705
0.990857
0.921068
0.244218
0.460632
-0.005238
-0.519790
0.735905
0.349637
-0.855100
-0.931395
0.900558
-0.748806
0.975262
-0.069041
-0.949352
-0.574222
-0.637226
-0.276802
0.321091
0.273573
-0.476825
-0.483220
0.389949
0.241635
0.236391
-0.750809
-0.988115
0.613991
0.261055
-0.592656
0.705313
0.550435
-0.318092
0.011255
0.665913
-0.354157
0.837179
-0.117606
-0.727173
-0.371815
-0.518069
0.923274
0.285307
-0.742482
-0.278847
0.002473
-0.196774
-0.603402
-0.535969
-0.194750
-0.334477
0.739911
-0.489981
0.803404
-0.263825
-0.544162
-0.019185
0.260825
0.152757
-0.663101
0.628679
0.605510
-0.015152
-0.497922
-0.621110
0.839533
0.786439
0.589813
0.651360
-0.582913
0.955525
-0.292406
0.295803
0.516990
-0.046638
0.317696
0.936859
1.000000
0.744564
0.337356
0.390255
-0.798267
-0.339535
0.181146
0.754136
0.646793
0.982637
-0.259939
0.245099
-0.676359
-0.056090
0.299132
0.374380
-0.262348
-0.044288
0.064082
0.587056
0.133800
-0.555874
-0.354488
-0.763522
0.038758
-0.741787
0.347978
0.888640
0.479810
0.794800
0.575778
-0.193679
-0.538422
-0.096736
0.906855
-0.470553
0.468960
0.839524
-0.703554
-0.290552
-0.335681
-0.380306
0.692094
1.000000
0.367197
-0.905376
0.988569
0.624562
-0.208333
0.038250
0.429014
0.281695
-0.857250
-0.373834
0.022230
-0.100970
-0.399075
0.359513
-0.447364
0.711754
0.059944
0.944090
-0.602430
-0.635097
-0.779661
-0.126611
-0.156221
-0.062983
0.121318
0.032431
0.021680
-0.288331
0.132192
-0.204456
-1.000000
-0.542936
-0.451659
-0.421381
0.448903
0.990430
-0.708210
0.937095
0.867161
0.892204
0.350292
0.958800
0.773446
-0.554232
0.938154
-0.382035
-0.761659
0.776431
-0.884671
-0.710938
0.137491
0.639488
0.341554
-0.414728
0.904891
-0.249550
0.305497
0.477980
-0.594454
0.165631
0.699497
-1.000000
-0.762167
-0.701029
0.142495
0.294654
-0.360862
-0.927111
0.698288
0.427659
-0.418973
0.794361
-0.482926
-0.479946
0.103125
-0.526529
-0.317495
0.620670
-0.929426
0.913463
0.951867
-0.969665
1.000000
-0.849600
0.567654
0.466957
0.621269
-0.807873
1.000000
0.294247
1.000000
0.430595
-0.548775
-0.630414
-0.795396
-0.946900
-0.151974
1.000000
0.122058
-0.346753
-1.000000
-0.300119
-0.610398
-0.844011
0.845582
-0.238302
-0.614103
0.397094
-0.776611
-0.498878
0.868153
0.350225
-0.999121
-0.159993
0.003615
-0.647463
-0.237323
0.363262
-0.562501
-0.103989
0.161229
-0.151704
0.595066
-0.676371
1.000000
0.422721
-0.816959
0.131932
-0.406482
0.648879
0.864048
0.555803
-0.354166
0.811334
0.811970
0.054801
-0.970725
0.072298
1.000000
-0.000540
0.410693
-0.244834
0.447639
-0.187249
-0.595879
-0.603307
-0.038686
-0.026416
-0.943305
-0.729830
0.086438
0.361136
0.430540
0.923908
-0.174080
0.506745
-0.682701
0.798558
0.799102
-0.088420
0.081378
-0.635790
0.101959
0.146153
-0.357314
-0.524123
-0.129882
0.394152
0.938537
1.000000
0.155419
0.985120
0.519390
-0.669823
-0.740770
-0.655954
-0.122525
-0.220684
-0.377518
0.793753
0.861009
0.966488
0.067765
-0.490401
0.957278
0.175172
-0.590486
0.746743
0.578659
-0.724654
-0.737201
-0.866570
-0.047225
-0.546783
0.510555
0.414140
-0.935885
-0.527801
0.386737
-0.114072
0.580222
0.309439
-0.963305
0.004169
-0.906525
0.166673
-0.036674
-0.203504
0.139339
-0.068994
0.857454
0.120798
-0.364700
-0.819358
0.575766
-0.619416
0.022927
0.224172
0.971163
-0.546561
-0.599941
0.832103
0.209907
-0.288905
-0.151133
-0.840373
0.652033
-0.042372
1.000000
-0.414782
0.257637
0.475357
-0.962028
-0.705527
0.046616
-0.334431
-0.890359
0.410150
0.571797
0.761450
0.976040
-0.831990
0.848964
-0.263696
1.000000
0.943610
-0.021282
0.224047
0.233842
0.554264
0.862101
0.059203
0.245820
-0.245168
-0.977801
0.853225
0.972994
-0.986404
-0.809731
-0.551950
-0.549417
-0.192584
-0.981109
0.001668
0.655862
-0.665984
-0.608360
0.946633
0.872522
0.826102
0.967734
-0.263310
0.981656
-0.430032
-0.719099
-0.728475
0.130346
0.809077
0.193536
0.762528
-0.791048
0.116765
-0.816474
-0.028326
-0.464745
0.942438
0.343485
0.390694
0.737915
-0.881047
0.298230
-0.022490
0.197352
0.920163
-0.440141
-0.855753
0.279610
0.962445
-0.225608
0.712065
0.392261
-0.894867
-0.478298
0.245337
-0.281717
-0.952716
-0.283809
0.094586
0.785106
0.653548
-0.495664
-0.175350
-0.197272
-0.747333
-0.022793
-0.760429
0.669892
0.067471
-0.097530
0.100460
-0.544877
-0.079110
0.149729
0.781990
-0.082556
-0.769297
0.722079
1.000000
-0.717599
-0.321597
-0.173694
0.540986
0.378114
0.374451
-0.387372
-0.633499
-0.585332
-0.332602
0.682901
-0.116866
0.177857
0.137062
-0.159463
-0.898349
-0.486691
-0.934573
-0.911218
-0.135053
0.232739
0.712677
0.203365
0.134130
-1.000000
0.577230
0.953502
-0.527737
-0.957518
0.098658
-0.654274
-0.061888
-0.657918
0.568432
0.507569
0.554704
0.012963
0.303783
0.124693
0.839274
-0.972347
-0.659054
-0.798871
0.334769
-0.632880
-0.331999
-0.224884
-0.446028
-0.450943
-0.880859
0.978854
-0.002047
-0.759039
-0.546625
-0.600595
-0.146619
-0.679909
-0.284470
0.171427
-0.567353
-0.176046
-0.441451
-0.738220
0.851570
1.000000
1.000000
0.450005
-0.335424
-0.726252
-0.114284
-0.911150
0.782700
0.952966
-0.834893
0.440369
-0.579165
-0.233957
-0.703183
-0.370623
-0.288099
-0.661618
0.612592
0.629033
0.171789
-0.074374
-0.375850
0.849150
-0.333623
-0.575615
-0.550622
0.517435
0.215557
0.880199
-0.563865
0.379684
-0.664290
0.550970
-0.652282
-0.978329
0.081495
0.465709
-0.169269
0.649779
-0.043878
-0.143667
-0.965577
0.989000
-0.928157
-0.596651
-0.242167
-0.223947
0.659055
0.781607
0.722145
-0.550404
0.773756
-0.757866
0.485801
-0.887336
-0.108075
0.167863
0.472474
-0.557454
-0.323907
0.491572
0.273201
0.482056
-0.384852
0.065395
-0.172842
0.421873
-0.677233
-0.611788
0.518297
0.958870
-0.601448
0.687397
-0.460413
0.819241
-0.385931
-0.670524
0.003240
-1.000000
-0.185887
0.852012
-0.945301
-0.137234
0.433800
-0.175646
-1.000000
0.438933
0.826696
0.056342
0.551335
0.091799
-0.258695
0.428809
-0.473261
-0.502632
-0.993819
-0.552796
-0.032533
0.638130
0.883998
-0.714607
0.565873
-0.185796
0.115286
0.043667
-0.668171
0.064895
-1.000000
-1.000000
0.282670
-0.754033
-0.730378
0.289920
-0.657829
0.182678
-0.039635
-0.500772
0.451422
-0.429188
-0.547572
0.001424
0.140082
0.004778
-0.682460
-0.744665
0.471553
-0.113707
-1.000000
-0.397856
-0.775048
-0.371817
-0.200377
0.090935
0.391238
-0.719060
-0.235539
-0.231017
-0.269988
0.748932
-0.668891
-0.016230
0.778930
-0.654112
-0.831134
-0.931429
0.469470
0.481345
-0.552621
-0.973832
0.333410
0.823864
0.929813
0.647471
-0.188763
0.677052
0.218927
0.508054
0.317274
0.337314
-0.410580
0.721621
0.056357
-0.030077
0.412662
-0.835402
-0.444154
0.454466
0.477869
0.973492
-0.177704
-0.340390
-0.814225
-0.699424
-0.956374
0.874456
-0.179320
-0.162529
-0.353418
-0.225953
0.722869
0.590288
-0.020722
0.600544
0.190419
-0.879218
0.953591
-0.656924
-0.857268
-0.270555
-0.590664
0.285606
0.998701
-0.460848
-0.474403
0.227796
-0.144338
0.313176
0.473051
-0.148300
0.051026
-0.903413
0.280014
-0.764195
0.432251
-0.859372
-0.030557
0.026660
0.835629
0.673360
-0.820639
0.635578
0.681295
0.716142
-0.044681
-0.936696
0.787546
0.241014
0.434671
-0.190943
-0.490179
-0.702248
-0.450775
-0.607085
0.516602
-0.682020
-0.372141
-0.554265
-0.096850
0.666920
-0.855428
0.877640
-0.518833
-0.326645
-0.508945
-0.190011
0.042144
-0.480741
-0.551294
0.003525
0.447532
-0.281420
-0.969129
-0.888268
0.626614
0.655726
-0.605921
-0.263391
0.249465
-0.044770
0.290585
-0.419621
0.433804
-0.092579
0.723183
0.559244
-0.734865
0.102429
-0.277474
-0.688080
0.992349
0.698578
-0.767386
0.137061
-0.501740
-0.191591
1.000000
0.656186
0.001960
-0.637340
0.343144
-0.346249
-0.440476
0.593758
0.705018
0.017765
-0.253300
0.928506
-0.953722
-0.506302
0.103413
-0.295767
0.689139
0.537015
-0.086628
0.304945
0.035529
0.391123
-0.145365
0.111967
-0.459618
0.844076
0.207506
0.514672
-1.000000
0.809568
-0.914147
-0.532757
0.078597
0.460491
-0.120899
-1.000000
0.260228
0.875435
0.391829
0.772364
0.476651
0.438610
-0.598329
-0.256166
0.681711
0.391969
-0.546974
-0.642800
0.334849
-0.062481
-0.733415
0.224185
0.242200
-0.271397
0.563670
0.111223
-0.119390
-0.909287
-0.272477
-0.865412
0.662072
0.695541
-0.683241
0.718378
0.504986
-0.158071
0.376248
0.554059
0.098817
0.958472
-0.932807
0.951735
0.841612
0.594502
-0.705580
1.000000
0.438356
-0.923032
0.196740
0.168874
-0.598727
0.177266
-0.758990
-0.617649
-0.448411
0.261265
-0.465176
0.798784
-0.810514
-0.562895
0.957425
0.809569
0.269523
-0.553005
0.559486
0.256011
0.796724
-0.498389
0.285745
0.611758
0.592150
0.967113
-0.168367
0.558572
-0.864497
0.326448
-1.000000
-0.324600
-0.553148
0.155465
-0.445192
-0.046506
-0.265600
0.653360
0.069728
-0.077237
0.422873
1.000000
0.220772
-0.299621
-0.473009
0.592555
0.289898
-0.819125
0.465992
-0.942135
-0.784904
0.717437
0.743718
0.488500
0.390338
0.068987
0.546875
0.547717
-0.906478
0.659619
-0.316927
-0.733170
-0.988630
-0.700939
0.675902
0.360349
0.731011
-0.854744
0.985185
0.721967
1.000000
-0.332274
0.369668
-0.366692
-0.266585
-0.004457
0.124345
-0.471939
-0.174168
-0.739616
0.758390
-0.746742
0.333988
-0.432135
-0.353054
-0.486905
0.158106
-0.319877
0.072388
0.792730
-0.545796
-0.201487
0.033479
0.855787
-0.232193
-0.092867
-0.373861
-0.152671
0.142143
-0.541119
-0.698548
0.505753
-0.276041
-0.974381
0.550248
-0.898312
-0.915218
-0.232648
-0.895571
-0.252237
0.066092
0.406781
-0.008953
0.987571
0.198422
0.235278
0.679290
0.420119
0.052392
-0.548463
-0.122361
-0.523739
1.000000
0.880971
-0.872475
0.344516
-0.454930
0.779133
0.641850
0.445556
-0.787541
0.070197
1.000000
0.117785
-0.660443
0.270374
-0.429228
-1.000000
-0.397902
1.000000
0.836389
0.141758
0.525046
0.680130
-0.306352
0.138005
0.810664
0.398762
-0.055612
-0.711034
0.049005
0.246643
0.340538
0.134388
-0.041660
-0.219616
-0.638867
0.408719
-0.947142
0.690819
-1.000000
0.953543
-0.851356
0.327424
-0.340679
0.888713
-0.994838
-0.040784
0.341273
0.047550
1.000000
-0.605609
0.889688
0.396294
0.236373
-0.357459
0.639235
-0.083980
-0.012568
0.702473
0.427692
1.000000
-0.007174
-0.424148
0.786992
0.900171
0.982337
-0.969319
-0.587617
0.298864
-0.245648
0.185368
0.472176
-1.000000
-0.462295
0.285607
0.484112
0.704702
-0.248417
0.312889
0.338133
0.685637
0.905953
0.515802
0.188892
0.247346
0.903920
0.528694
-0.025858
0.963435
0.828826
0.356115
0.020827
0.587594
-0.468842
0.512453
0.341357
0.727226
-0.904465
0.837167
-0.031498
-0.262622
-0.407019
0.751089
-0.181401
-0.154039
-0.878847
0.131775
-0.082358
-0.927119
0.943630
-0.962777
-0.055137
0.279307
-0.027720
-0.765057
-0.224821
-0.839929
-0.346857
0.327069
0.067213
-0.500770
-0.820465
0.664781
-0.461213
0.945804
-0.626471
-0.098578
-0.941485
0.244519
-0.498626
0.993597
-0.728055
-0.878002
-0.208861
-0.570250
0.408778
0.274512
0.555251
0.279180
0.622523
-0.745400
-0.726741
-0.382216
-0.788331
1.000000
0.293248
-0.742943
0.959192
-0.448144
-0.571385
-0.481346
0.978066
0.614358
-0.394184
0.992022
-0.436014
0.096124
0.232203
-0.320007
0.491744
0.713491
0.268695
0.880614
-0.497951
-0.812477
-0.006583
0.475060
-0.045021
0.591374
1.000000
0.674065
0.119408
0.219669
-0.032532
0.864797
0.995158
-0.759255
-0.314159
-0.573008
0.365298
-0.304887
-0.519268
0.943709
-0.693825
-0.798736
-0.888973
0.836314
-0.812352
0.928366
0.315657
-0.802244
0.454095
-0.962774
-0.676000
-0.035980
0.212508
-0.202279
-0.083470
0.848698
-0.615670
0.460302
-0.599999
-0.066861
0.005702
-0.506302
0.430119
-0.601040
0.264478
0.188395
0.262646
-0.534326
-0.777528
0.696830
0.028294
-0.272252
0.206372
0.406632
0.060658
0.961076
-0.619642
0.039826
-0.273444
0.238006
0.469542
0.264056
-0.867030
0.197760
-0.117217
0.617879
0.264596
0.847942
0.087708
0.789513
0.336072
-0.075949
0.509836
0.991021
-0.175972
0.388754
-0.582963
0.538090
-0.317174
0.803503
-0.077413
0.730803
0.533311
0.205170
0.847750
-0.044358
0.361673
-0.920641
0.998556
0.736103
-0.887986
-0.507136
-0.991607
0.009322
0.281610
0.695184
0.185001
0.528708
-0.767023
-0.166530
-0.805838
-0.552124
0.767194
-0.283289
-0.598240
1.000000
0.883137
-0.703156
-0.576084
-0.757441
0.643349
-0.534231
0.828581
-0.605944
0.948505
0.881771
0.318280
-0.529506
-0.076922
0.648464
-0.603383
0.921306
0.181650
-0.984162
0.347721
0.298071
0.838658
-0.742577
0.554855
-0.382749
0.808723
-0.096866
0.325149
-1.000000
-0.692428
-0.539848
-0.424415
-0.245114
0.941674
-0.005869
-0.120835
0.219575
-0.008219
-0.704478
-0.489278
-0.457775
-0.899082
-1.000000
-1.000000
-0.167728
0.059187
0.067268
-0.961765
-0.057248
0.191304
-0.468938
0.438249
0.704371
0.067907
-0.998691
-0.691510
0.777376
0.651429
0.398228
-0.128435
0.969728
0.366481
-0.417949
-0.121698
-0.252394
-0.419586
-0.993875
-0.996178
-0.072307
0.340637
-0.364397
-0.743614
-0.120137
-0.062181
0.293043
-0.201464
-0.317461
0.696675
0.676508
-0.287629
0.777049
-0.419585
-0.257350
0.716703
-0.517065
0.735811
-0.945538
-0.600399
-0.481287
0.877868
-0.453123
-0.725951
0.085535
0.932347
-0.564817
0.272731
-1.000000
0.276735
0.793579
0.255783
-0.727434
0.562104
-0.817763
-0.270505
-0.264804
0.717598
0.834675
-0.724325
0.103637
-0.088064
-0.865775
0.078169
-0.536266
0.438945
-0.230652
-0.476049
0.203975
0.881961
1.000000
0.301043
-0.562406
-0.793855
0.085692
0.795116
0.304968
1.000000
-0.338788
0.892430
0.706344
0.785101
-0.338357
-0.892960
-0.369431
1.000000
-0.331612
-0.280123
0.784810
0.036261
-0.915228
-0.229265
0.964989
-0.271812
0.252502
-0.138880
0.634725
-0.504065
0.062254
0.621172
-0.136670
0.882508
0.691738
0.657037
0.951274
0.495132
0.697806
0.429617
0.320202
0.306371
0.261261
-0.929000
-0.750261
-0.174907
-0.970966
-0.478133
-0.495573
0.821175
-0.022626
-0.002605
0.097285
0.599090
0.559858
0.192396
0.947142
-0.872829
-0.350165
-0.793961
0.438670
0.441763
0.851151
0.481449
-0.808071
0.914108
-0.226878
0.783716
-0.760291
0.617193
-0.311247
0.968009
0.156863
1.000000
-0.109309
0.975362
-0.942737
0.697532
-0.891175
-0.454098
0.290649
0.160001
-1.000000
-0.973332
-0.617886
-0.419495
0.575798
0.415008
0.983204
0.711014
0.507397
-0.658884
-0.391872
-0.853311
0.340599
0.050804
0.529142
-0.940006
0.439356
-0.665234
0.621137
0.123916
-0.378999
0.314113
0.585187
1.000000
0.353702
0.609885
-0.220507
-0.940899
0.955121
0.277304
-0.971717
-0.062735
1.000000
-1.000000
-0.346582
-0.241795
-0.820152
0.591737
0.828552
0.830418
-0.999919
-0.411889
-0.421213
-1.000000
0.393889
-0.551879
-0.382723
-0.507062
-0.486247
1.000000
-0.732402
-0.561050
-0.339991
-0.064130
0.581876
0.866989
-0.121145
-0.367021
0.173076
0.350695
0.076839
-0.228283
0.426853
0.197334
-0.400834
0.037761
0.473981
-0.709675
0.592196
-0.977634
0.780982
0.718568
0.363067
-0.831228
-0.644233
0.867251
0.636046
-0.383327
-1.000000
0.571909
0.711061
-0.983634
-0.317029
-0.790927
-0.102811
-0.255241
-0.463837
0.407062
0.494375
0.111407
-0.031517
0.158601
0.725211
-0.402214
-0.714532
-0.850730
0.750154
0.052512
-0.827829
-0.962245
-0.255480
0.077045
0.591733
-0.139529
-0.124733
-0.585795
0.594691
0.578087
-0.808956
0.943962
-0.260484
0.838712
-0.541048
-0.912388
-0.590361
0.406219
-0.923374
0.500846
0.028615
0.781447
-0.103453
-0.700264
-0.770376
-0.880034
0.196447
0.414397
0.377255
0.350940
0.300554
-0.732943
-0.332923
-0.296563
-0.332298
0.464147
-0.426465
-0.756616
0.639654
-0.336296
-0.264046
0.071943
-0.024322
-0.115995
0.355757
-0.063865
-0.003221
-0.625688
-0.628020
0.807111
0.135001
0.514097
0.725385
-0.493288
0.381377
-0.697785
-0.856109
0.658712
0.665538
0.084043
0.782179
0.696881
-0.191766
0.341802
-0.574953
-0.853474
0.580911
-0.976163
0.239663
-0.830170
-0.366864
0.416048
-0.226169
0.163671
-0.947480
-0.012855
0.241388
0.897958
-0.139051
0.649319
0.086341
0.391110
0.239918
-0.390348
0.882729
-0.450873
0.513758
-0.331843
0.553571
-0.520801
0.082491
0.361077
-0.240094
0.183975
0.755525
-0.411950
1.000000
-0.735000
0.904797
0.215820
0.064322
0.686870
-0.733766
0.899522
0.421200
0.965009
0.588699
-0.164771
-0.736642
-0.773120
0.822255
0.080643
0.061701
0.082447
0.997737
0.289266
-0.242559
0.287593
-0.672615
-0.917495
0.545043
-0.169714
-0.222272
0.042741
-0.404119
0.546083
0.507245
0.105812
-0.298596
-0.339359
0.981338
-0.364599
-0.846706
-0.499247
-0.230328
-0.480545
-0.198272
0.451233
-0.501538
0.653354
0.212695
0.131124
0.651631
0.646554
0.397431
-0.130260
0.106819
-0.453582
0.921140
-0.491693
-0.705864
0.199987
0.902130
0.106074
-0.438530
-1.000000
0.224675
-0.533719
-0.732147
-0.335139
-0.157584
-0.887575
0.412130
-0.356386
1.000000
0.236305
0.173128
-0.423800
0.257054
-0.300878
0.366702
0.835368
-0.868087
-0.027653
-0.963277
-0.926303
0.614924
-0.441239
0.340295
-0.133615
0.589961
-1.000000
0.151916
-0.335076
0.020030
-0.494724
-1.000000
-0.802612
0.810632
0.615644
0.991942
-0.535029
0.071710
0.418956
-0.073899
-0.375380
0.764789
-0.173590
-0.022334
-0.108764
-0.147638
-0.685987
0.982144
-0.930421
-0.383584
0.605401
0.353343
-0.750693
0.931223
-0.513069
-0.295409
-0.602815
0.123485
0.310600
-0.600469
-0.974073
0.267367
-0.168860
-1.000000
0.460200
-0.462569
0.502080
0.064979
0.210124
-0.766450
0.666334
0.335953
-0.817002
0.097976
0.867854
0.007528
0.101659
0.536049
-0.115784
0.846589
-0.629273
-0.088627
0.656586
0.409452
0.590795
-0.747886
-0.202715
0.117183
0.361822
0.253007
-0.392835
-0.890159
-0.186932
0.547810
-0.025562
0.696613
0.360715
0.723850
-0.154351
-0.164553
-0.679645
-0.694179
-0.389903
0.524389
0.440672
-0.039013
0.754253
-0.631136
0.233256
0.542176
0.743499
1.000000
-0.317902
0.303090
0.635160
0.961012
-0.976723
-1.000000
0.618064
0.302720
0.050325
0.280297
0.002526
0.014479
-0.213830
0.906129
0.342616
0.480677
0.004236
0.508562
0.009701
0.971260
0.078984
0.411772
-0.689578
-0.431473
-0.080924
0.082977
-0.411935
0.756247
-0.697898
-0.015494
-0.001560
-0.901571
-0.651580
0.922275
-0.347553
0.781995
-0.485400
0.052223
-0.288693
-0.180266
-0.133629
0.010334
-0.777765
-0.249200
-0.414437
-0.338473
0.896031
0.271576
-0.165151
1.000000
-0.281645
0.009382
0.570180
-0.938053
-0.776904
0.156551
0.466344
-0.884843
-0.685533
0.762494
0.167249
-0.188261
0.084341
-0.652851
0.666390
0.054223
0.725114
-0.433489
-1.000000
0.725564
-0.524511
0.938085
0.015119
-0.865680
0.527672
-0.992384
0.951937
0.780054
-0.330548
-0.204688
-0.293974
-0.232345
0.519003
-0.526447
-0.157276
0.534863
1.000000
0.232331
-0.228962
0.495486
-0.388362
0.354106
-0.050762
-0.821061
-0.233796
-0.480568
0.623820
-0.690611
-0.905737
0.030051
-0.537661
0.897682
-0.581208
-0.385607
-0.734187
-0.006906
0.429785
0.526465
0.638696
0.168797
0.245834
-0.006285
-0.927125
0.714892
-0.865799
0.085093
0.724141
-0.795091
-0.307772
-0.889204
-0.249918
-0.969084
-0.461205
0.014329
0.405055
-0.634677
0.222325
-0.716340
-0.528876
0.663947
-0.519753
0.457615
0.279164
-0.733166
0.116643
0.267294
0.126934
-0.522467
-0.624047
-0.109092
-0.999541
0.327434
0.386094
-0.830411
-1.000000
0.461164
-0.682279
0.927313
-0.950622
-0.152960
-0.827881
0.187524
0.495930
1.000000
-0.366205
0.248652
0.509455
-0.858068
0.244260
-0.354079
-0.430338
-0.362297
0.475708
-0.921406
-0.951872
0.241745
0.602750
0.094018
-0.147463
0.266206
0.352717
-0.813401
0.037400
0.462163
0.163778
0.490552
0.159150
-0.738676
-0.689282
0.113193
-0.783307
-0.236838
-1.000000
-0.886493
-0.574944
-0.597738
0.684999
-0.465198
0.433300
-0.431107
-0.278250
0.242969
0.762932
-0.941388
-0.802624
0.441454
-0.906520
-0.069822
-0.157325
0.696367
-1.000000
0.794230
-0.539378
0.596646
0.567547
0.085795
-0.676842
0.516511
0.272268
0.434789
1.000000
-0.089716
-0.561834
-0.166692
0.340555
-1.000000
0.740474
0.678793
-0.997824
0.197806
0.647922
0.287295
0.059719
0.048840
-0.681685
0.263706
-0.652695
-0.678338
0.067596
0.958773
-0.010462
-0.934045
-0.058477
0.307008
-0.509276
-0.694939
0.625956
0.058878
-0.324299
0.423897
0.817269
0.435345
-0.194632
0.160327
0.323951
0.417060
-0.782388
0.165652
-0.028014
0.054926
-0.223369
0.920581
-0.538773
0.900081
-0.927921
-0.544744
-0.470684
0.654594
0.340937
-0.972981
0.786252
-0.821304
-1.000000
-0.710437
-0.411736
-0.160937
-0.775671
0.929360
0.452560
0.733088
0.220116
0.940309
0.731681
0.017696
0.517439
-0.779406
0.213593
-0.636482
0.471262
-0.730943
-0.331769
-1.000000
0.809328
-0.570810
-0.236603
1.000000
-0.415368
-0.708131
1.000000
0.046201
0.019540
0.915657
-0.453012
0.853014
-0.019134
0.137753
-0.517073
-0.607082
0.270454
0.731402
0.343858
0.482635
-0.166157
-0.413878
-0.670930
-1.000000
0.153070
-0.088341
-0.087607
0.734284
0.135844
-0.058400
0.597944
-0.180026
0.705983
0.025580
-0.304211
0.039521
-0.063780
0.543518
0.648194
-0.626331
0.721090
0.740701
0.493082
0.998714
0.931037
-0.557081
0.799619
-0.984511
-0.784089
-0.388397
-0.327384
0.201406
-0.906603
0.416672
1.000000
0.722484
-1.000000
0.834390
-0.059566
0.510476
0.572918
-0.900555
0.527870
0.298924
0.662295
0.913303
-0.632130
0.083474
0.154901
-0.147169
0.759270
-0.738244
0.697175
0.094840
-0.274072
0.676661
-0.595191
0.262942
0.593146
0.290551
-0.910152
0.286118
-0.200520
0.886801
-0.331037
-0.569130
0.376375
0.253812
-0.888966
-0.622105
0.883063
0.569289
-0.191558
0.011534
0.107940
0.686724
0.813301
0.845244
0.065527
0.944614
0.669027
0.269643
1.000000
0.419306
-0.397032
-0.084639
-1.000000
0.674470
0.198177
-0.261691
0.686059
1.000000
0.750951
0.343553
-1.000000
0.067832
-0.594479
0.427311
-0.647507
0.886546
0.606889
-0.607172
-0.634072
-0.375036
-0.756164
-0.853805
0.463843
0.885773
0.659466
0.966691
-0.221152
-0.836545
0.163814
0.121974
0.337363
-0.552853
-0.808203
0.115418
-1.000000
0.359865
-0.964565
0.032465
-0.402508
-0.850692
-0.966795
-0.115148
0.016080
0.111061
-0.547012
0.904811
0.442611
-0.475484
0.156624
-0.633829
-0.983849
-0.152007
0.149268
-0.408062
0.075841
0.275300
-0.277756
0.579647
-0.313525
0.010209
0.386432
-1.000000
0.202870
0.062860
0.752763
-0.979074
-0.002328
0.933405
0.769242
-0.323265
0.311561
0.991109
0.037149
-1.000000
0.327875
0.264988
0.303154
0.376502
0.376177
-0.459600
-0.844439
0.345748
0.315927
-0.750540
0.208355
1.000000
-0.463669
0.317272
-0.008004
-0.885366
-0.506577
0.035097
-0.123496
0.449375
-0.275735
-0.639417
-0.081302
1.000000
-0.921524
-0.795978
0.143714
0.644049
0.084308
-0.530643
0.963333
-0.948910
0.882547
0.212977
0.448495
0.573763
-0.859910
0.627006
0.310474
-0.223537
0.096842
-0.215535
-0.898181
0.706993
-0.407715
0.582830
0.849244
-0.543522
-0.446841
-0.626253
0.950030
0.486434
0.035144
-0.223498
0.166435
0.512713
0.576540
-0.393534
0.526337
0.471561
0.746625
0.228263
0.576657
0.543777
-0.050246
-0.809063
-0.432064
0.399775
-0.521966
0.310172
0.940747
0.089499
0.843722
0.116523
0.899868
-0.869236
0.392405
0.585198
0.053261
0.155430
0.208328
0.981187
-0.211401
0.444283
0.453828
-0.572011
-0.691605
0.775301
0.295589
0.082731
-0.622853
-0.297623
0.460108
-1.000000
-1.000000
-0.747551
-0.286464
0.440152
0.945200
0.891963
0.819031
0.353271
-0.869904
-0.966405
-0.235610
0.628364
-0.863117
0.380711
0.138474
-0.181516
0.417480
0.452596
-0.919900
0.611974
-0.544711
0.825557
0.885843
0.541549
-0.063905
-0.603851
0.045334
-0.533600
-0.169358
-0.188904
-1.000000
0.511562
0.376545
-0.545483
-0.254065
0.549235
-0.105631
0.872851
-0.385601
-0.575283
0.386359
-0.735373
0.282788
-0.078525
-0.576348
-0.634692
0.329004
0.409110
-0.040285
-0.384535
-0.527221
0.009575
-0.030017
-0.931795
0.003665
0.465643
-0.185662
0.703210
-0.652641
-0.184720
-0.346063
-0.401532
-0.757889
-0.516115
-0.205726
0.075712
0.242130
0.279460
-0.067855
0.968866
0.795592
0.781787
0.642015
-0.803827
-0.689366
-1.000000
-0.626594
-0.248727
0.722758
-0.358783
-0.618335
-0.401096
-0.753145
0.950747
-0.328496
0.654637
0.020575
-0.837681
-0.641162
-0.475981
0.477232
-0.258149
0.459497
0.258390
0.378412
0.647491
0.459567
-0.407027
0.692924
0.330431
-0.270550
-0.206119
0.083485
0.681268
-0.435322
0.883664
0.121346
0.664955
-1.000000
-0.878807
-0.632111
0.932351
-0.679674
0.468662
-0.947533
-0.453070
0.179739
-0.198586
-0.550616
0.916557
0.089103
-0.186442
0.308039
-0.346878
-0.430278
0.090449
0.681276
-0.167930
0.931433
0.794195
0.408598
-1.000000
-0.835647
-0.211792
-0.629422
0.026795
0.898412
0.701371
0.387800
0.641833
0.177695
0.219415
0.740733
-0.776542
1.000000
0.689434
-0.845113
0.220635
0.579168
-0.266135
0.715593
0.364415
-1.000000
1.000000
0.391372
-0.668151
0.101008
0.158550
0.209427
0.053266
0.114129
-0.010064
0.085695
0.073911
-0.113419
0.236904
0.559318
0.698065
0.000560
0.033320
0.072368
0.007985
0.506614
0.182792
0.000041
0.134459
0.054634
0.006386
0.025469
0.038827
0.001518
0.075023
0.003706
0.013355
0.023718
0.000058
0.031321
0.000002
0.000010
0.059167
0.000101
0.623730
0.001654
0.000270
0.000804
0.162976
0.304998
0.138042
0.030858
0.000645
0.000067
0.200783
0.180609
0.000344
0.000591
0.107262
0.362243
0.189184
0.094127
0.000010
0.092248
0.664200
0.202402
0.157321
0.000618
0.074043
0.000173
0.005641
0.000996
0.034091
0.020123
0.000780
0.002851
0.005007
0.014886
0.053433
0.012526
0.034359
0.039287
0.000264
0.025335
0.372732
0.049069
0.033226
0.025796
0.009776
0.002135
0.450846
0.014395
0.004519
0.061568
0.021314
0.145417
0.175743
0.003652
0.000911
0.075479
0.000389
0.048920
0.008394
0.074513
0.019445
0.169986
0.036088
0.000389
0.000956
0.000156
0.000287
0.060908
0.000588
0.000027
0.104840
0.001136
0.000425
0.004909
0.003304
0.118571
0.001428
0.000036
0.000057
0.048227
0.014370
0.046877
0.138204
0.000172
0.014308
0.005346
0.345445
0.018791
0.235320
0.012418
0.111703
0.000666
0.090938
0.617184
0.000328
0.001551
0.007121
0.018559
0.059402
0.000143
0.000121
0.021423
0.111196
0.053414
0.048527
0.026411
0.000363
0.007070
0.000865
0.008569
0.424005
0.024415
0.022170
0.351763
0.081277
0.014194
0.601275
0.007073
0.021490
0.244524
0.000002
0.052465
0.024449
0.029600
0.234345
0.454381
0.001759
0.000088
0.019836
0.000867
0.021701
0.013305
0.001232
0.178516
0.102983
0.289645
0.009638
0.097655
0.000266
0.006591
0.102924
0.002925
0.039595
0.001633
0.000315
0.003302
0.009487
0.000018
0.279645
0.129482
0.001343
0.094176
0.006423
0.019410
0.030413
0.006842
0.145260
0.084119
0.000009
0.034599
0.001141
0.001755
0.002752
0.000502
0.000128
0.013810
0.319512
0.001038
0.020109
0.004102
0.000056
0.000117
0.032793
0.000615
0.001062
0.052909
0.025584
0.006720
0.015250
0.039970
0.221534
0.048829
0.051973
0.000975
0.000184
0.225827
0.001054
0.000095
0.003588
0.017395
0.119541
0.007797
0.000283
0.000510
0.000086
0.000602
0.002786
0.000191
0.076210
0.008738
0.017440
0.023864
0.000305
0.010728
0.000522
0.023468
0.012712
0.314581
0.007484
0.295905
0.013844
0.063757
0.017325
0.000134
0.003480
0.070319
0.140539
0.000166
0.000247
0.001317
0.006180
0.022599
0.000025
0.007451
0.022349
0.005511
0.002448
0.004663
0.037788
0.001156
0.000833
0.123371
0.000720
0.000639
0.000050
0.055072
0.031866
0.198194
0.002914
0.292627
0.028365
0.000127
0.748470
0.001792
0.019647
0.027141
0.006587
0.001414
0.035956
0.000748
0.000168
0.045780
0.032980
0.106023
0.000023
0.000908
0.031796
0.054054
0.017282
0.002605
0.003145
0.005515
0.460390
0.001834
0.077824
0.193407
0.098689
0.098729
0.000575
0.044811
0.195589
0.004958
0.000043
0.029645
0.241881
0.001526
0.137078
0.003117
0.035303
0.000117
0.091786
0.005035
0.101906
0.000106
0.228808
0.300317
0.015055
0.003667
0.310839
0.045501
0.001184
0.000166
0.000137
0.073136
0.185441
0.000906
0.004070
0.009394
0.050787
0.294215
0.002344
0.041228
0.320538
0.327648
0.016881
0.011126
0.000975
0.059616
0.000070
0.035617
0.010426
0.009438
0.000081
0.000184
0.152390
0.184312
0.029252
0.030714
0.225248
0.034532
0.003304
0.006528
0.002394
0.006043
0.003277
0.687781
0.000725
0.001037
0.048081
0.009511
0.001252
0.017308
0.244831
0.045651
0.000003
0.000352
0.072718
0.122557
0.016902
0.000395
0.003054
0.065984
0.016855
0.001324
0.102915
0.007345
0.056521
0.000198
0.000051
0.039975
0.000845
0.576757
0.000343
0.008712
0.001914
0.000033
0.001042
0.000239
0.071663
0.000112
0.049386
0.183751
0.001359
0.001313
0.000020
0.024241
0.000632
0.017108
0.139519
0.043232
0.000114
0.004916
0.018490
0.000150
0.019188
0.011092
0.027830
0.025052
0.000701
0.141871
0.000148
0.488407
0.003291
0.000036
0.003466
0.152856
0.000051
0.001373
0.001180
0.087482
0.000084
0.112392
0.000227
0.000029
0.002243
0.000794
0.130776
0.061576
0.000002
0.001145
0.014225
0.001808
0.005750
0.186903
0.002964
0.126373
0.000020
0.007223
0.000003
0.000008
0.066405
0.037140
0.034579
0.000022
0.028111
0.005893
0.001919
0.004747
0.016236
0.001742
0.002989
0.000025
0.007159
0.022606
0.003460
0.026047
0.216493
0.086913
0.631303
0.000029
0.000056
0.007608
0.001271
0.042756
0.000524
0.354233
0.017495
0.015247
0.000515
0.000002
0.001785
0.000898
0.006487
0.023730
0.000412
0.000037
0.001860
0.016921
0.022835
0.000826
0.039691
0.000067
0.000665
0.047035
0.000382
0.006269
0.032785
0.665814
0.000140
0.734535
0.000214
0.000003
0.000264
0.063035
0.000003
0.010477
0.007078
0.000697
0.088626
0.185165
0.000139
0.467669
0.008725
0.005594
0.008760
0.052063
0.083829
0.381064
0.049133
0.001981
0.000002
0.000051
0.019136
0.000968
0.000038
0.064417
0.025180
0.012481
0.000040
0.093760
0.000009
0.000294
0.013204
0.000329
0.207849
0.625121
0.103325
0.012673
0.000400
0.000010
0.007483
0.000003
0.008197
0.006147
0.000006
0.047759
0.002677
0.001912
0.018240
0.001217
0.000049
0.000041
0.161958
0.186761
0.000056
0.000029
0.026024
0.005052
0.005761
0.000377
0.028411
0.001081
0.036474
0.225772
0.045457
0.000661
0.003325
0.015826
0.524442
0.000016
0.000002
0.000436
0.002786
0.000444
0.000260
0.008383
0.004523
0.042029
0.007653
0.484147
0.063008
0.159268
0.007846
0.082961
0.217353
0.242425
0.019055
0.001181
0.006199
0.006875
0.007248
0.004336
0.000136
0.779900
0.009108
0.000820
0.059750
0.022267
0.103832
0.000121
0.011570
0.110130
0.002914
0.116567
0.003428
0.003425
0.009498
0.005820
0.270063
0.000044
0.070724
0.003014
0.297886
0.039887
0.025917
0.001419
0.042565
0.070146
0.000407
0.004907
0.008792
0.010465
0.000401
0.000081
0.028881
0.000073
0.179094
0.027648
0.068764
0.072520
0.000018
0.000303
0.003352
0.017432
0.480048
0.081905
0.079218
0.114926
0.000241
0.000028
0.000215
0.013827
0.039869
0.006277
0.028053
0.098548
0.000389
0.477982
0.024046
0.002125
0.183824
0.059549
0.002148
0.002362
0.002542
0.006730
0.164825
0.106202
0.039188
0.078775
0.003524
0.729495
0.040441
0.000061
0.004878
0.000076
0.013943
0.164772
0.047319
0.121154
0.000217
0.368580
0.009216
0.000266
0.121868
0.107701
0.004540
0.094559
0.153605
0.026047
0.000757
0.013547
0.048951
0.096968
0.112861
0.000061
0.000028
0.009648
0.001358
0.194837
0.150319
0.004665
0.009693
0.035010
0.060441
0.000073
0.000053
0.000264
0.556795
0.114822
0.000038
0.320672
0.000122
0.017102
0.000537
0.072068
0.009995
0.047271
0.034908
0.293429
0.022020
0.046196
0.001082
0.184478
0.138663
0.013446
0.000183
0.072472
0.012739
0.270579
0.002597
0.208151
0.010800
0.004447
0.031742
0.002297
0.000191
0.006024
0.001307
0.006455
0.000450
0.003578
0.000109
0.009365
0.000003
0.005892
0.000083
0.000006
0.000094
0.001342
0.077591
0.033352
0.002647
0.001256
0.000347
0.096195
0.005398
0.636079
0.039084
0.016769
0.007329
0.167360
0.000060
0.001802
0.048729
0.007747
0.027817
0.016820
0.003185
0.000860
0.002762
0.003585
0.000185
0.013182
0.000192
0.004001
0.025311
0.084396
0.178185
0.006187
0.000002
0.005772
0.003487
0.000107
0.023708
0.177467
0.008292
0.001507
0.016439
0.009608
0.001277
0.000035
0.005201
0.019928
0.008756
0.083441
0.019698
0.096720
0.000005
0.122133
0.005418
0.000764
0.014176
0.010560
0.000297
0.019145
0.008835
0.197123
0.029368
0.001964
0.000167
0.006767
0.000037
0.000010
0.119129
0.067490
0.007573
0.001369
0.000231
0.034433
0.000166
0.287889
0.038142
0.160793
0.000271
0.106774
0.035168
0.000184
0.000177
0.022172
0.003116
0.031041
0.000313
0.008147
0.000593
0.215763
0.670312
0.013035
0.000334
0.001680
0.206000
0.000112
0.001125
0.007389
0.001265
0.000337
0.024794
0.115021
0.070928
0.047878
0.037428
0.003419
0.012006
0.010275
0.023935
0.000653
0.036353
0.045470
0.166983
0.020413
0.052951
0.072884
0.000438
0.144722
0.211047
0.018074
0.001185
0.004319
0.000284
0.143889
0.034954
0.034635
0.026834
0.001716
0.194168
0.000687
0.340561
0.031633
0.002814
0.204918
0.056310
0.000014
0.000097
0.048469
0.002902
0.000555
0.002799
0.002062
0.000023
0.031398
0.000575
0.429487
0.001602
0.000002
0.656064
0.010381
0.002673
0.015353
0.000812
0.009171
0.018579
0.004435
0.152272
0.000313
0.006569
0.010507
0.000009
0.000205
0.265826
0.005543
0.012799
0.000394
0.005472
0.154660
0.035295
0.000711
0.056821
0.032542
0.036169
0.013431
0.011543
0.045127
0.374202
0.060817
0.005203
0.000028
0.000131
0.015077
0.009494
0.062306
0.023040
0.010646
0.000572
0.545063
0.027598
0.000116
0.013216
0.032713
0.071428
0.165740
0.273561
0.000675
0.000002
0.000873
0.117692
0.032562
0.052279
0.000092
0.000613
0.453217
0.002033
0.006716
0.043351
0.664266
0.000065
0.001855
0.000002
0.000414
0.000002
0.152572
0.000069
0.001215
0.021695
0.002217
0.000543
0.049069
0.013534
0.003092
0.005531
0.007739
0.002205
0.001022
0.025212
0.000100
0.198845
0.000582
0.044451
0.003416
0.002468
0.018724
0.406517
0.000059
0.046095
0.003472
0.246416
0.008337
0.002197
0.471607
0.000307
0.180496
0.005836
0.043705
0.066705
0.025529
0.034686
0.013911
0.002309
0.075628
0.000096
0.030515
0.293734
0.010164
0.010815
0.135373
0.701102
0.024982
0.000053
0.003310
0.426232
0.201166
0.000171
0.006784
0.001440
0.057363
0.145400
0.000792
0.000058
0.513874
0.005676
0.021184
0.008336
0.027128
0.003083
0.012399
0.057213
0.001275
0.000042
0.035000
0.000487
0.177499
0.000006
0.019219
0.001273
0.062026
0.001492
0.251846
0.057513
0.000042
0.000045
0.014012
0.000352
0.035298
0.028280
0.014170
0.028986
0.007263
0.000984
0.001652
0.002057
0.201892
0.095785
0.006472
0.000143
0.000009
0.001391
0.102179
0.000004
0.005423
0.086496
0.072732
0.000002
0.000209
0.029181
0.317865
0.032445
0.000391
0.017955
0.003921
0.129905
0.085477
0.001991
0.014615
0.058073
0.005905
0.001427
0.000007
0.141352
0.019123
0.008517
0.003416
0.073160
0.087442
0.000700
0.057367
0.006874
0.006879
0.084357
0.164278
0.020393
0.000228
0.000305
0.000039
0.009519
0.130704
0.000184
0.013831
0.000175
0.000007
0.094717
0.022845
0.000002
0.026934
0.020082
0.023547
0.067218
0.001063
0.008425
0.007582
0.005180
0.004342
0.034536
0.346187
0.029003
0.031861
0.005391
0.049193
0.012672
0.000541
0.453233
0.000456
0.068132
0.031574
0.149222
0.038421
0.012884
0.022225
0.028181
0.028631
0.065264
0.000908
0.003647
0.001418
0.034417
0.000013
0.079932
0.046403
0.000006
0.002172
0.000266
0.010405
0.133378
0.038051
0.000083
0.261571
0.006977
0.265279
0.130125
0.000003
0.029294
0.024488
0.003998
0.884035
0.000957
0.040448
0.155163
0.008497
0.018404
0.295518
0.101122
0.230683
0.015711
0.000046
0.005651
0.001939
0.003648
0.032476
0.000002
0.007485
0.016707
0.095381
0.000271
0.009971
0.000364
0.074824
0.004480
0.042868
0.009976
0.000360
0.004220
0.000930
0.014058
0.017307
0.111473
0.000575
0.002870
0.000962
0.017925
0.162635
0.002664
0.023162
0.000002
0.013418
0.000154
0.002403
0.031737
0.000002
0.209693
0.579737
0.029823
0.000064
0.005165
0.004360
0.003615
0.015883
0.001108
0.004038
0.000916
0.005798
0.002263
0.012305
0.002392
0.000118
0.108423
0.000161
0.001820
0.001495
0.002713
0.002939
0.198567
0.000087
0.156081
0.000026
0.000769
0.349959
0.081993
0.003651
0.183540
0.044461
0.082566
0.000008
0.000001
0.000003
0.024729
0.000822
0.027984
0.124516
0.003176
0.004977
0.048323
0.002938
0.023114
0.369846
0.006742
0.815879
0.003487
0.001624
0.060044
0.010254
0.000921
0.328685
0.001231
0.008530
0.173424
0.016684
0.000161
0.000425
0.005307
0.049925
0.000042
0.066101
0.058143
0.142362
0.057139
0.000859
0.104251
0.001312
0.028540
0.000075
0.069090
0.124560
0.249006
0.190357
0.000002
0.000607
0.108906
0.020939
0.001997
0.000202
0.016022
0.219223
0.001918
0.001009
0.019310
0.056555
0.050934
0.019370
0.009220
0.075104
0.631569
0.018512
0.002843
0.012740
0.036808
0.005217
0.008716
0.000710
0.183725
0.001948
0.000042
0.003707
0.007462
0.022306
0.001105
0.040133
0.040924
0.010189
0.000182
0.000020
0.013748
0.004140
0.000587
0.034490
0.004751
0.464882
0.030192
0.000325
0.000475
0.412341
0.359618
0.100563
0.633659
0.035308
0.000544
0.267611
0.004049
0.000683
0.000440
0.035218
0.016697
0.000007
0.056365
0.055797
0.072961
0.000735
0.007118
0.690272
0.067468
0.376076
0.000002
0.030583
0.306567
0.015164
0.008176
0.009307
0.075432
0.033971
0.000809
0.171799
0.094747
0.002446
0.000002
0.001096
0.010162
0.041552
0.329375
0.423786
0.000502
0.023068
0.001832
0.000186
0.000300
0.116871
0.130970
0.021404
0.000165
0.045023
0.100995
0.000277
0.000173
0.134015
0.000002
0.064074
0.005315
0.009730
0.014621
0.011742
0.002523
0.012971
0.338601
0.245058
0.597591
0.000034
0.381132
0.001908
0.054745
0.001378
0.037069
0.002906
0.029533
0.071959
0.010231
0.001752
0.007449
0.350002
0.011910
0.002288
0.000139
0.228900
0.074295
0.006823
0.003633
0.000392
0.001284
0.001982
0.007123
0.054342
0.007865
0.009722
0.075683
0.000199
0.002189
0.042265
0.001105
0.005425
0.011353
0.004713
0.007005
0.001488
0.000132
0.000965
0.031651
0.114672
0.006459
0.021143
0.023051
0.023797
0.008807
0.074507
0.002482
0.006595
0.017731
0.000913
0.005344
0.054290
0.059612
0.048256
0.013190
0.016222
0.002112
0.030815
0.010520
0.002136
0.000019
0.081926
0.010708
0.000977
0.020311
0.001462
0.000014
0.006708
0.012312
0.019107
0.000002
0.006247
0.064883
0.203098
0.000771
0.000015
0.000775
0.001947
0.034097
0.211949
0.032966
0.001704
0.022666
0.042997
0.001893
0.080897
0.000363
0.050756
0.049535
0.000029
0.000169
0.009350
0.124061
0.002534
0.377515
0.010733
0.006692
0.010218
0.587751
0.000936
0.022936
0.006449
0.000002
0.087317
0.000370
0.000103
0.077421
0.108987
0.156759
0.009702
0.001230
0.034878
0.021173
0.086567
0.035559
0.598004
0.023591
0.001789
0.013935
0.195277
0.000003
0.121065
0.083995
0.032004
0.000552
0.000312
0.028788
0.067176
0.006255
0.000019
0.003403
0.002678
0.000002
0.014934
0.001588
0.021867
0.006725
0.000209
0.040146
0.119468
0.015331
0.010631
0.003498
0.015714
0.104679
0.047735
0.018129
0.000554
0.143809
0.008752
0.044336
0.001512
0.745166
0.054481
0.245275
0.160997
0.305334
0.002411
0.001289
0.017706
0.400983
0.014632
0.040734
0.000204
0.007818
0.069037
0.164439
0.276819
0.000233
0.000317
0.106287
0.015298
0.000497
0.004072
0.000049
0.008125
0.253080
0.000006
0.019610
0.011548
0.040523
0.001095
0.001679
0.009641
0.000969
0.000012
0.113593
0.007096
0.003826
0.000844
0.455128
0.003253
0.051468
0.066370
0.093278
0.025140
0.008296
0.446025
0.255601
0.000011
0.019142
0.116044
0.039728
0.321271
0.000129
0.008459
0.000272
0.306024
0.024313
0.000212
0.015242
0.000015
0.009478
0.000002
0.001048
0.019652
0.012720
0.000870
0.043197
0.002706
0.004363
0.001092
0.392035
0.011861
0.214685
0.002122
0.002119
0.001268
0.001512
0.000002
0.001217
0.307052
0.018061
0.014597
0.026794
0.254129
0.005762
0.069590
0.002710
0.556481
0.001638
0.120756
0.005294
0.001832
0.006560
0.018538
0.024513
0.024389
0.024414
0.000336
0.001412
0.078752
0.000093
0.002552
0.007593
0.000033
0.001166
0.044695
0.002559
0.001696
0.150838
0.322091
0.024442
0.000345
0.007192
0.003376
0.000005
0.000533
0.021931
0.000728
0.000008
0.000810
0.024711
0.000496
0.002504
0.028257
0.000016
0.144904
0.000005
0.004252
0.000179
0.000138
0.003403
0.592463
0.031711
0.037600
0.000167
0.000003
0.013362
0.025834
0.050753
0.001398
0.007375
0.016772
0.000005
0.008659
0.057808
0.036482
0.019809
0.000516
0.000331
0.000106
0.092035
0.000020
0.139743
0.117599
0.040959
0.000191
0.096437
0.002550
0.001619
0.001960
0.001652
0.020170
0.120312
0.003095
0.227835
0.000221
0.008222
0.000877
0.036994
0.029793
0.000934
0.047799
0.000105
0.046280
0.001388
0.000061
0.000241
0.267863
0.015499
0.335548
0.000143
0.006063
0.665025
0.014472
0.000006
0.001526
0.015332
0.114825
0.000628
0.039161
0.053273
0.000802
0.001250
0.000492
0.001040
0.004181
0.087310
0.016141
0.862695
0.016831
0.006088
0.228957
0.080141
0.009755
0.076666
0.006845
0.000255
0.013843
0.053162
0.043778
0.000005
0.001987
0.013471
0.036164
0.001301
0.074555
0.001195
0.007166
0.571594
0.000039
0.013817
0.047343
0.015449
0.000007
0.000028
0.185296
0.003845
0.002315
0.000107
0.004104
0.006273
0.005435
0.190770
0.000019
0.000602
0.066253
0.006396
0.110054
0.028659
0.000980
0.029224
0.001100
0.011826
0.000268
0.093065
0.003299
0.004629
0.036518
0.006710
0.079311
0.008926
0.000828
0.001416
0.004050
0.013115
0.091493
0.000027
0.062326
0.059607
0.056485
0.024453
0.000190
0.267154
0.008423
0.238230
0.010138
0.000027
0.003061
0.185783
0.003772
0.000414
0.003304
0.031673
0.001560
0.017645
0.000012
0.003818
0.000011
0.013494
0.202935
0.171153
0.105277
0.020409
0.003176
0.000047
0.346438
0.000488
0.080541
0.000003
0.055542
0.007348
0.008572
0.308849
0.000028
0.000042
0.007355
0.000442
0.115273
0.006175
0.005121
0.005106
0.000472
0.153340
0.000028
0.042738
0.014547
0.035785
0.002608
0.038634
0.031747
0.000206
0.001702
0.110699
0.014008
0.000309
0.001343
0.006540
0.038494
0.000231
0.001865
0.065408
0.029496
0.080298
0.083167
0.001119
0.004593
0.029070
0.257048
0.033419
0.022105
0.000125
0.012934
0.000008
0.002646
0.000026
0.008912
0.005382
0.000317
0.000903
0.000020
0.052852
0.006028
0.002255
0.000464
0.006559
0.021876
0.000654
0.062065
0.025472
0.000931
0.002088
0.066584
0.038020
0.011310
0.004530
0.000432
0.002699
0.017442
0.021583
0.032431
0.000262
0.001180
0.060826
0.000998
0.001378
0.079382
0.025485
0.000008
0.092754
0.014051
0.000171
0.020471
0.004013
0.074655
0.016088
0.068723
0.011819
0.001215
0.005178
0.005068
0.000056
0.000015
0.080561
0.004543
0.035526
0.116447
0.220805
0.000087
0.011828
0.493076
0.002904
0.000024
0.012684
0.012607
0.001480
0.055454
0.002873
0.000886
0.052136
0.029446
0.071628
0.001585
0.004417
0.007556
0.393611
0.003921
0.030398
0.038742
0.127035
0.539835
0.020178
0.016140
0.001146
0.000711
0.031336
0.004307
0.000133
0.012284
0.014825
0.007109
0.000510
0.007095
0.001529
0.008114
0.000411
0.000014
0.002520
0.000033
0.001150
0.001067
0.004983
0.005177
0.041619
0.000053
0.049704
0.006268
0.037492
0.078731
0.012616
0.001099
0.002035
0.007490
0.001000
0.122140
0.000127
0.045406
0.010058
0.038720
0.000419
0.072684
0.002995
0.226606
0.104940
0.016960
0.000117
0.531938
0.000151
0.000075
0.020322
0.007470
0.000024
0.000009
0.000016
0.075225
0.445947
0.024079
0.041538
0.000484
0.023460
0.045854
0.001976
0.081647
0.002094
0.012015
0.175860
0.000048
0.794315
0.071594
0.008357
0.001906
0.001640
0.056570
0.008594
0.086523
0.002811
0.000002
0.109450
0.000029
0.210148
0.005004
0.000093
0.000131
0.006163
0.012392
0.156442
0.183620
0.226343
0.011914
0.066519
0.005546
0.007365
0.000040
0.055020
0.000158
0.000883
0.007016
0.000112
0.012295
0.083763
0.000718
0.105917
0.005864
0.000171
0.000045
0.000170
0.002885
0.097791
0.000912
0.041369
0.001422
0.347158
0.001546
0.000045
0.005508
0.032042
0.055187
0.053920
0.000235
0.490061
0.001978
0.057234
0.000344
0.019600
0.030250
0.007285
0.027824
0.004899
0.137039
0.217292
0.001857
0.016623
0.006099
0.003339
0.153216
0.000482
0.042342
0.008106
0.067178
0.175059
0.118549
0.004420
0.054675
0.001807
0.040497
0.023024
0.013805
0.003205
0.007015
0.002838
0.002580
0.052846
0.000002
0.001853
0.050403
0.003714
0.000042
0.016554
0.066137
0.021598
0.030485
0.061860
0.277941
0.003253
0.110466
0.004523
0.062779
0.001589
0.001150
0.019147
0.000002
0.000674
0.000989
0.003325
0.058162
0.511100
0.000797
0.000412
0.000375
0.026735
0.017314
0.000125
0.009402
0.072090
0.021169
0.033696
0.003596
0.045271
0.007595
0.044398
0.022571
0.136328
0.067345
0.000324
0.004282
0.078522
0.000267
0.012777
0.000009
0.000982
0.143749
0.029280
0.084904
0.494364
0.004316
0.013438
0.033189
0.231430
0.141913
0.000215
0.000005
0.008029
0.010057
0.090239
0.007933
0.072163
0.050641
0.003314
0.000017
0.047256
0.007942
0.013160
0.037524
0.000014
0.003315
0.002022
0.061880
0.004554
0.307927
0.010462
0.004612
0.661972
0.057625
0.015876
0.009598
0.081844
0.480349
0.001270
0.422117
0.041520
0.027630
0.000022
0.001196
0.256408
0.038926
0.000112
0.455071
0.000075
0.024719
0.006123
0.000040
0.001134
0.046591
0.058265
0.015948
0.513136
0.012175
0.047235
0.083469
0.018851
0.035765
0.009330
0.000025
0.006307
0.237333
0.001512
0.067191
0.035520
0.000184
0.110947
0.045475
0.342130
0.011327
0.007661
0.043440
0.037863
0.003260
0.000120
0.003804
0.008073
0.017296
0.609885
0.012271
0.001468
0.101993
0.097710
0.042340
0.000077
0.060233
0.010040
0.000002
0.210310
0.021259
0.008402
0.044570
0.018618
0.026461
0.000056
0.006458
0.000144
0.516691
0.363359
0.059155
0.129025
0.139993
0.068338
0.004026
0.006269
0.000412
0.000295
0.008219
0.059380
0.000123
0.180258
0.000587
0.008191
0.002925
0.280624
0.242240
0.000002
0.191903
0.002316
0.249761
0.003453
0.014744
0.001579
0.051080
0.036664
0.017761
0.032094
0.000509
0.077296
0.015723
0.008583
0.004793
0.007457
0.001776
0.000579
0.012446
0.003319
0.002443
0.124409
0.000177
0.058028
0.096736
0.006593
0.025024
0.013757
0.097222
0.020906
0.017658
0.012645
0.000006
0.007237
0.106959
0.000981
0.018529
0.000108
0.007892
0.009441
0.000026
0.070410
0.132118
0.073981
0.006530
0.091774
0.074087
0.000895
0.001963
0.252611
0.010399
0.014505
0.075098
0.000004
0.045660
0.000332
0.110499
0.001762
0.107230
0.071834
0.025271
0.003320
0.046604
0.066598
0.006230
0.000057
0.001030
0.005477
0.000413
0.000001
0.092582
0.402949
0.002991
0.042449
0.000338
0.088511
0.007642
0.001402
0.051751
0.000017
0.002435
0.012293
0.000027
0.001288
0.032797
0.008139
0.003069
0.654254
0.000570
0.000028
0.045436
0.147648
0.004414
0.018713
0.586274
0.000048
0.054874
0.388260
0.000004
0.003889
0.003181
0.037916
0.039672
0.001772
0.001756
0.000336
0.005501
0.020178
0.079322
0.018929
0.031121
0.000171
0.326470
0.039579
0.024664
0.035133
0.064768
0.003838
0.000158
0.000751
0.000290
0.013183
0.169302
0.007362
0.006306
0.008851
0.000179
0.013235
0.086969
0.067035
0.108208
0.000732
0.069374
0.035821
0.092121
0.026920
0.005618
0.048271
0.000160
0.178515
0.098414
0.147790
0.001588
0.026137
0.017672
0.161478
0.003995
0.000103
0.173212
0.001715
0.023574
0.013531
0.003847
0.162366
0.018700
0.000247
0.000036
0.052663
0.014792
0.001232
0.465507
0.162539
0.004617
0.139172
0.002519
0.060555
0.003339
0.739634
0.064962
0.680510
0.000133
0.001074
0.001499
0.012050
0.002886
0.000942
0.395275
0.057225
0.001622
0.170491
0.001191
0.000118
0.072050
0.288804
0.000002
0.436277
0.326327
0.005679
0.472480
0.011829
0.012630
0.043122
0.009081
0.000355
0.070277
0.009391
0.274937
0.219823
0.000022
0.001698
0.135509
0.018289
0.018465
0.055395
0.323955
0.029133
0.000014
0.021015
0.025030
0.014029
0.000382
0.000297
0.004571
0.000023
0.004451
0.002997
0.001332
0.000391
0.013774
0.163091
0.000301
0.173946
0.097436
0.000575
0.031150
0.019836
0.178666
0.000002
0.566162
0.001701
0.035869
0.003157
0.001573
0.014767
0.003440
0.162974
0.407460
0.000057
0.059416
0.000027
0.009524
0.079099
0.001844
0.003170
0.303805
0.000650
0.000170
0.062631
0.000018
0.000047
0.050160
0.201583
0.017493
0.002012
0.033194
0.276138
0.000431
0.008716
0.185265
0.019471
0.150885
0.795802
0.193108
0.000784
0.000250
0.000263
0.008913
0.156977
0.112526
0.006474
0.114678
0.000101
0.015767
0.051636
0.001438
0.000093
0.004488
0.024845
0.091165
0.015250
0.743424
0.009215
0.000039
0.000934
0.030272
0.083223
0.014335
0.004252
0.000003
0.018851
0.001591
0.059255
0.091014
0.031745
0.000002
0.000771
0.000322
0.047462
0.000256
0.272523
0.015811
0.028104
0.024851
0.070542
0.057248
0.000191
0.014443
0.116513
0.041435
0.026570
0.008816
0.000005
0.003231
0.000351
0.032241
0.002757
0.000205
0.000847
0.001174
0.010942
0.006957
0.000062
0.000639
0.000029
0.000048
0.001438
0.001718
0.063170
0.000090
0.008145
0.292017
0.064004
0.000023
0.000094
0.019764
0.008189
0.004689
0.020480
0.003563
0.441739
0.009847
0.144333
0.005480
0.004669
0.000326
0.011337
0.000034
0.046923
0.030669
0.004981
0.008454
0.000363
0.006481
0.030169
0.035418
0.030287
0.059680
0.003979
0.001829
0.000245
0.052190
0.026429
0.056372
0.005549
0.072359
0.056074
0.005758
0.007468
0.040534
0.004804
0.257477
0.000606
0.000686
0.695828
0.000950
0.004146
0.376405
0.001456
0.010233
0.000273
0.007972
0.365939
0.050659
0.002804
0.024642
0.045620
0.000747
0.000169
0.260873
0.058176
0.010793
0.000030
0.001918
0.115008
0.007987
0.001677
0.059460
0.111677
0.001428
0.017669
0.019272
0.000006
0.136543
0.060253
0.000011
0.001372
0.003270
0.002424
0.007587
0.003874
0.001949
0.003527
0.000474
0.055178
0.071490
0.005603
0.000037
0.012261
0.001849
0.114126
0.002483
0.044840
0.120933
0.099648
0.032075
0.458028
0.000022
0.000003
0.000049
0.013450
0.036130
0.005913
0.078460
0.078124
0.113366
0.041164
0.067558
0.002724
0.021258
0.137722
0.012641
0.000008
0.000256
0.058707
0.006347
0.021757
0.000394
0.029373
0.009249
0.011347
0.000126
0.016608
0.111595
0.242084
0.186758
0.000137
0.007151
0.006802
0.069273
0.000064
0.051743
0.006258
0.008866
0.015402
0.039298
0.064944
0.002633
0.028491
0.076225
0.004937
0.001319
0.101561
0.000141
0.043286
0.012084
0.145755
0.352987
0.005201
0.000015
0.054279
0.035149
0.001026
0.006689
0.483567
0.005327
0.001369
0.206946
0.068855
0.011480
0.000410
0.152555
0.006422
0.245868
0.009917
0.086775
0.003152
0.290022
0.021084
0.022957
0.084698
0.002654
0.088697
0.002607
0.000018
0.149473
0.057709
0.025362
0.003026
0.005464
0.000390
0.300086
0.009567
0.330933
0.047171
0.000061
0.000125
0.001483
0.000654
0.001110
0.009993
0.001868
0.007381
0.000577
0.092416
0.000248
0.225768
0.000010
0.000004
0.222002
0.000738
0.002768
0.641368
0.082108
0.330080
0.004113
0.005237
0.000461
0.014878
0.049162
0.074067
0.003135
0.111679
0.201276
0.566117
0.004487
0.000082
0.017969
0.000033
0.122473
0.000027
0.014066
0.000058
0.119674
0.069294
0.000011
0.161344
0.002829
0.003803
0.230881
0.000028
0.025567
0.000338
0.000017
0.012148
0.055759
0.027850
0.000027
0.003544
0.004556
0.027954
0.045535
0.000746
0.006260
0.523753
0.066238
0.170983
0.035954
0.000957
0.011242
0.009773
0.021261
0.058597
0.002254
0.001419
0.008891
0.017567
0.061406
0.000349
0.000196
0.009989
0.000131
0.005017
0.004411
0.073224
0.019927
0.001076
0.001246
0.273420
0.017679
0.000003
0.000435
0.170024
0.000619
0.000003
0.037277
0.017604
0.000544
0.056870
0.007683
0.000609
0.004805
0.505015
0.000609
0.109588
0.014595
0.003349
0.004575
0.009762
0.086741
0.033525
0.007446
0.000633
0.027447
0.264836
0.040321
0.006430
0.000003
0.000212
0.087490
0.000017
0.116434
0.001295
0.146871
0.146166
0.014433
0.020419
0.000040
0.004995
0.032600
0.007025
0.000651
0.106550
0.013274
0.065361
0.092703
0.000282
0.158385
0.000073
0.167499
0.002546
0.000227
0.137957
0.016022
0.004886
0.001634
0.000006
0.041110
0.201543
0.005837
0.075885
0.001099
0.049741
0.000204
0.038172
0.000008
0.010969
0.034391
0.054826
0.004322
0.069177
0.115392
0.000597
0.016889
0.161085
0.073504
0.002523
0.001421
0.000047
0.006162
0.000272
0.048061
0.103343
0.000162
0.000130
0.021403
0.004936
0.122671
0.057569
0.342223
0.034094
0.002840
0.000245
0.007970
0.046292
0.214137
0.000002
0.018223
0.067435
0.005311
0.004828
0.005189
0.108454
0.005368
0.000035
0.003017
0.000896
0.038983
0.062019
0.007642
0.081671
0.000004
0.003792
0.003256
0.003607
0.000165
0.005532
0.000456
0.040861
0.051758
0.051499
0.004492
0.097946
0.065726
0.005308
0.003271
0.004138
0.001144
0.000035
0.060079
0.001430
0.006330
0.156653
0.001092
0.000462
0.017983
0.007474
0.000024
0.055152
0.082493
0.033158
0.218790
0.000149
0.048497
0.001332
0.000043
0.256494
0.000128
0.012253
0.000633
0.049639
0.000445
0.170314
0.000553
0.004114
0.001745
0.417707
0.221771
0.000840
0.000564
0.005015
0.105397
0.000004
0.006398
0.003900
0.011959
0.024088
0.083597
0.007082
0.049837
0.008784
0.025903
0.649363
0.008761
0.239120
0.002126
0.024175
0.000200
0.000148
0.397659
0.286707
0.000003
0.027842
0.188696
0.000995
0.027293
0.000010
0.119687
0.004880
0.012931
0.000005
0.028442
0.000002
0.000279
0.000187
0.070676
0.000372
0.064910
0.142048
0.001173
0.000189
0.068255
0.000039
0.166530
0.009647
0.103720
0.000037
0.000201
0.031253
0.000018
0.231416
0.013202
0.002835
0.000038
0.504299
0.324287
0.132423
0.002098
0.002487
0.006242
0.342764
0.003103
0.009821
0.014600
0.066205
0.011045
0.009234
0.007898
0.035260
0.000075
0.028981
0.000224
0.114333
0.002961
0.077351
0.000097
0.000005
0.062088
0.000093
0.016050
0.023108
0.352813
0.004988
0.016420
0.002815
0.074508
0.082500
0.004602
0.001106
0.000037
0.001095
0.112131
0.072779
0.033366
0.000131
0.129885
0.027711
0.001688
0.000755
0.050391
0.009093
0.014008
0.000518
0.004094
0.010071
0.002654
0.005507
0.321790
0.002137
0.007771
0.420678
0.001829
0.000190
0.002428
0.011115
0.811274
0.000491
0.051587
0.012159
0.000130
0.000048
0.000550
0.117015
0.017055
0.007273
0.073831
0.067610
0.075272
0.007566
0.003620
0.002276
0.077246
0.050984
0.129938
0.000238
0.000055
0.195097
0.000458
0.000151
0.019398
0.081963
0.169822
0.106704
0.012243
0.749430
0.152970
0.073346
0.076504
0.000049
0.156067
0.221100
0.012412
0.000044
0.000052
0.001568
0.019252
0.050373
0.093114
0.056243
0.110084
0.002639
0.003046
0.033282
0.002213
0.084077
0.029341
0.198354
0.002044
0.000152
0.066686
0.000001
0.230677
0.013908
0.000162
0.003062
0.001317
0.012192
0.002725
0.068601
0.008477
0.093850
0.014457
0.035799
0.025522
0.026040
0.002708
0.027418
0.000051
0.031172
0.020816
0.000037
0.098169
0.001429
0.008394
0.000268
0.273701
0.000113
0.000363
0.005210
0.022899
0.091057
0.026220
0.016100
0.085076
0.001141
0.000775
0.012042
0.004641
0.000096
0.090396
0.017076
0.022953
0.000111
0.014783
0.057782
0.085049
0.436309
0.018785
0.002116
0.001303
0.078679
0.011202
0.000249
0.001534
0.000671
0.000036
0.227032
0.075939
0.016877
0.000076
0.000230
0.000003
0.034167
0.001530
0.012961
0.024208
0.003187
0.000170
0.002036
0.000011
0.006389
0.000213
0.025225
0.000006
0.000113
0.007428
0.006817
0.114924
0.000279
0.003951
0.000069
0.054070
0.003153
0.006068
0.002326
0.010567
0.000484
0.041400
0.048528
0.011018
0.264275
0.102127
0.010911
0.012184
0.000342
0.000001
0.000002
0.000008
0.123979
0.029799
0.002460
0.085519
0.003973
0.000156
0.000015
0.005563
0.030039
0.000611
0.000442
0.006656
0.000004
0.005967
0.008423
0.000918
0.020076
0.008238
0.002259
0.138936
0.014868
0.000151
0.028782
0.002228
0.002742
0.000332
0.018575
0.000002
0.000105
0.017717
0.024295
0.000002
0.004441
0.005309
0.143871
0.017524
0.048334
0.011382
0.041717
0.310766
0.360866
0.001879
0.055596
0.037352
0.000120
0.011405
0.000777
0.031928
0.046029
0.007960
0.030873
0.012336
0.376507
0.005455
0.035216
0.027943
0.003539
0.016019
0.001071
0.026048
0.029359
0.002343
0.072619
0.244965
0.337128
0.000003
0.030930
0.073100
0.276855
0.095380
0.000172
0.000882
0.058215
0.007584
0.000077
0.067162
0.000002
0.001885
0.010986
0.002513
0.019545
0.000011
0.065817
0.010168
0.002019
0.040438
0.050241
0.048099
0.000262
0.001027
0.007838
0.002633
0.036746
0.000013
0.005514
0.153392
0.007792
0.059612
0.095163
0.011876
0.004173
0.016958
0.029160
0.129458
0.000294
0.066586
0.000548
0.000660
0.006250
0.846323
0.000175
0.059631
0.000436
0.090556
0.003960
0.380341
0.040695
0.117248
0.003458
0.000247
0.001668
0.015009
0.031371
0.017602
0.001188
0.000032
0.000023
0.053375
0.043918
0.179844
0.000307
0.003671
0.075807
0.105851
0.004887
0.034985
0.030599
0.011512
0.068460
0.001536
0.218139
0.243041
0.275366
0.019863
0.054570
0.037771
0.000042
0.002519
0.002350
0.009428
0.122802
0.155895
0.002250
0.000047
0.000002
0.030140
0.273170
0.000414
0.000004
0.002419
0.096065
0.246995
0.059919
0.001129
0.014411
0.204968
0.018056
0.008801
0.000163
0.041396
0.078978
0.000009
0.000048
0.037143
0.000405
0.003768
0.000245
0.004343
0.076122
0.000041
0.029672
0.007021
0.006375
0.025688
0.022884
0.000034
0.000329
0.003312
0.000008
0.000045
0.009985
0.002934
0.263737
0.081923
0.027649
0.366176
0.009885
0.002727
0.014901
0.023152
0.018942
0.068472
0.001801
0.127072
0.000608
0.010335
0.000053
0.000966
0.002773
0.000834
0.033554
0.062065
0.009303
0.110877
0.000273
0.121520
0.000146
0.001586
0.032433
0.000445
0.000131
0.060577
0.014204
0.028387
0.008190
0.030099
0.025296
0.000405
0.003140
0.003242
0.009316
0.094493
0.602291
0.068962
0.023700
0.005423
0.001572
0.034899
0.008737
0.000066
0.000165
0.107154
0.180650
0.000059
0.054579
0.079608
0.071576
0.658592
0.000823
0.180417
0.018375
0.344567
0.002291
0.110297
0.073736
0.443635
0.083184
0.053807
0.018668
0.120548
0.029137
0.047855
0.038373
0.022526
0.004832
0.045207
0.003760
0.008625
0.008278
0.000200
0.000475
0.045821
0.047603
0.048852
0.000160
0.185504
0.001101
0.045316
0.006643
0.000965
0.095222
0.000009
0.000010
0.009470
0.093134
0.009964
0.000160
0.000018
0.035064
0.000247
0.002750
0.372462
0.013258
0.044479
0.211988
0.058808
0.003398
0.000136
0.000022
0.024165
0.022347
0.030005
0.024064
0.063017
0.001883
0.000002
0.146093
0.000803
0.010915
0.115445
0.004549
0.002096
0.005532
0.023677
0.000046
0.390027
0.000002
0.015264
0.001591
0.116647
0.111127
0.000009
0.032975
0.003348
0.019351
0.007564
0.003010
0.001793
0.093245
0.104236
0.064400
0.056021
0.044809
0.158377
0.096797
0.241936
0.000791
0.014344
0.001198
0.021342
0.019483
0.199542
0.209625
0.005055
0.003059
0.007740
0.004525
0.000089
0.338330
0.408209
0.027942
0.277001
0.002767
0.001411
0.006689
0.000190
0.000074
0.000007
0.006394
0.018746
0.001275
0.002335
0.227487
0.003390
0.147925
0.000296
0.005712
0.019250
0.017669
0.008718
0.000199
0.038906
0.084691
0.026485
0.029044
0.284458
0.191169
0.000436
0.003999
0.540484
0.042693
0.463124
0.000165
0.051480
0.453696
0.010209
0.000908
0.034415
0.390470
0.050466
0.001975
0.002060
0.008129
0.014413
0.000002
0.000017
0.000410
0.076221
0.001902
0.000728
0.155100
0.568341
0.002423
0.097507
0.049759
0.000012
0.001866
0.000178
0.001193
0.001888
0.039287
0.092411
0.116225
0.003466
0.024027
0.000005
0.012865
0.007475
0.000009
0.062906
0.218997
0.032735
0.003181
0.000941
0.050138
0.007822
0.002092
0.106122
0.002523
0.002024
0.002067
0.000010
0.000838
0.000611
0.001720
0.001144
0.076769
0.022531
0.005144
0.351616
0.015584
0.003149
0.000002
0.002589
0.013473
0.109723
0.006909
0.018759
0.292482
0.013620
0.017840
0.001584
0.005390
0.000891
0.256860
0.001173
0.013703
0.121595
0.016082
0.063485
0.024805
0.090608
0.014135
0.000139
0.062680
0.040942
0.061294
0.000002
0.000008
0.001321
0.043981
0.030736
0.010313
0.000733
0.012551
0.105081
0.147492
0.103633
0.008683
0.168669
0.028406
0.033907
0.000165
0.002403
0.000069
0.051849
0.002259
0.005363
0.000675
0.060711
0.042824
0.058107
0.059895
0.021123
0.060243
0.026011
0.055083
0.005730
0.016094
0.643490
0.029141
0.022059
0.000618
0.024559
0.000011
0.098404
0.065475
0.024873
0.000916
0.136215
0.078057
0.001413
0.000743
0.000198
0.006972
0.027276
0.167624
0.111760
0.000487
0.010392
0.000195
0.008327
0.005359
0.002570
0.005971
0.005199
0.692448
0.346745
0.009961
0.004321
0.000379
0.011607
0.002586
0.336447
0.417650
0.087851
0.017006
0.001025
0.016953
0.003482
0.002686
0.491920
0.338948
0.057269
0.006612
0.000120
0.000411
0.002552
0.031904
0.150837
0.000348
0.042262
0.224225
0.000331
0.000786
0.049481
0.021684
0.069458
0.006605
0.182792
0.280382
0.007168
0.001855
0.000254
0.129355
0.000311
0.009505
0.000049
0.091871
0.000867
0.069833
0.005352
0.000211
0.002142
0.059426
0.019028
0.004603
0.215643
0.008689
0.151030
0.002781
0.090028
0.001544
0.329120
0.000188
0.012366
0.023482
0.009102
0.027034
0.000287
0.001966
0.002479
0.006092
0.080600
0.031633
0.363707
0.075551
0.001567
0.000210
0.009926
0.000318
0.046396
0.000196
0.019427
0.063434
0.004225
0.320024
0.012571
0.104382
0.000007
0.000208
0.335125
0.000212
0.000688
0.270285
0.020777
0.027031
0.132551
0.000495
0.055075
0.001799
0.000405
0.063701
0.000003
0.406251
0.089782
0.812716
0.000135
0.015697
0.000965
0.036130
0.019331
0.336721
0.000430
0.001080
0.044968
0.003465
0.025525
0.112254
0.000002
0.007204
0.011287
0.000161
0.033067
0.002271
0.004843
0.000645
0.170450
0.034109
0.028706
0.000007
0.013342
0.006173
0.243746
0.183981
0.004509
0.101617
0.003296
0.236328
0.019986
0.096235
0.000016
0.000419
0.098080
0.165863
0.005539
0.106230
0.294241
0.000721
0.002720
0.036629
0.017644
0.000313
0.156665
0.000364
0.067743
0.054885
0.009410
0.000602
0.000042
0.024864
0.001643
0.005215
0.039313
0.000229
0.022672
0.052318
0.056237
0.624166
0.000002
0.017653
0.000498
0.002268
0.000281
0.003018
0.003259
0.070286
0.063484
0.016872
0.029609
0.155337
0.373730
0.378267
0.034847
0.000002
0.003984
0.094362
0.114247
0.001034
0.000045
0.000967
0.062225
0.001572
0.000010
0.000319
0.000343
0.004635
0.000515
0.001480
0.009562
0.481172
0.073482
0.016116
0.000073
0.022894
0.038947
0.030154
0.001543
0.023521
0.571276
0.444796
0.004356
0.013162
0.075472
0.000249
0.007449
0.028324
0.020882
0.158982
0.000006
0.252129
0.118475
0.013751
0.001713
0.000807
0.004977
0.006621
0.001413
0.029481
0.112839
0.001977
0.035697
0.001785
0.056750
0.017693
0.014183
0.062669
0.000150
0.095244
0.001737
0.002682
0.007744
0.000014
0.010024
0.004293
0.013403
0.003737
0.000606
0.001388
0.106277
0.006039
0.004050
0.008991
0.004705
0.000741
0.144187
0.027872
0.000847
0.001461
0.010006
0.011244
0.038100
0.038271
0.060259
0.017569
0.002294
0.000925
0.005999
0.039428
0.388754
0.007889
0.422288
0.069595
0.005273
0.000019
0.050014
0.006628
0.000031
0.005387
0.000310
0.027330
0.174912
0.070238
0.000255
0.044227
0.059594
0.626098
0.021608
0.017442
0.017859
0.080204
0.640120
0.008686
0.065209
0.001179
0.012521
0.069223
0.009787
0.001003
0.016538
0.115099
0.012303
0.008781
0.007222
0.002291
0.002215
0.107501
0.087149
0.025525
0.179004
0.132971
0.038169
0.000088
0.108312
0.005213
0.177050
0.000119
0.159644
0.073170
0.000046
0.000002
0.040281
0.002034
0.251516
0.003407
0.117531
0.046219
0.017974
0.009948
0.030136
0.003383
0.050371
0.000142
0.096297
0.008629
0.129826
0.006057
0.120684
0.007329
0.067369
0.001259
0.017424
0.051308
0.083528
0.006821
0.000333
0.062208
0.010122
0.143037
0.014513
0.086572
0.000003
0.107669
0.001019
0.000054
0.047477
0.023583
0.287457
0.048567
0.000663
0.193978
0.025523
0.425380
0.201719
0.004797
0.022207
0.537809
0.029351
0.061214
0.095678
0.411549
0.665570
0.056423
0.002126
0.000031
0.003420
0.029032
0.000146
0.014338
0.005915
0.009342
0.036741
0.000009
0.000007
0.005111
0.000309
0.011253
0.000225
0.000134
0.174608
0.076626
0.000225
0.001675
0.001821
0.001670
0.095997
0.002556
0.055851
0.128346
0.016204
0.191632
0.000632
0.005470
0.120872
0.005730
0.000002
0.296862
0.134566
0.058625
0.000508
0.535622
0.006385
0.000119
0.000041
0.010551
0.001383
0.000010
0.045508
0.055158
0.048126
0.000012
0.003803
0.002414
0.048537
0.041923
0.048219
0.034148
0.008557
0.338857
0.011953
0.036527
0.054207
0.039158
0.005466
0.000035
0.163767
0.005093
0.010168
0.028487
0.644421
0.023679
0.004124
0.000085
0.000006
0.000340
0.046923
0.091279
0.014458
0.142858
0.009755
0.115533
0.000698
0.033043
0.038446
0.002405
0.053822
0.024922
0.000212
0.166226
0.005978
0.000006
0.506864
0.164050
0.028579
0.014173
0.046282
0.005969
0.005249
0.002820
0.002689
0.099879
0.002066
0.011629
0.031346
0.000003
0.000116
0.129363
0.006423
0.001645
0.000788
0.001473
0.046692
0.021532
0.000014
0.000683
0.041933
0.001125
0.005520
0.034500
0.001221
0.000652
0.067950
0.005576
0.237875
0.580978
0.117100
0.048796
0.053259
0.033874
0.008287
0.013914
0.002722
0.011290
0.220790
0.138771
0.000011
0.000636
0.471688
0.063153
0.005326
0.008977
0.012436
0.000096
0.004774
0.121535
0.067447
0.010597
0.001289
0.001231
0.013279
0.011979
0.000042
0.059927
0.000645
0.029378
0.135492
0.106547
0.012616
0.249079
0.038161
0.000261
0.003308
0.000298
0.000083
0.025879
0.004590
0.000015
0.000820
0.008498
0.002127
0.025794
0.173699
0.047776
0.004370
0.031196
0.005205
0.003580
0.075561
0.036966
0.000594
0.000513
0.019177
0.078993
0.001142
0.008056
0.244343
0.051310
0.121849
0.003611
0.003246
0.000088
0.012637
0.039109
0.000583
0.000056
0.024181
0.000406
0.163004
0.017129
0.000435
0.000232
0.000095
0.050399
0.013021
0.197213
0.005551
0.075482
0.000443
0.000167
0.028625
0.000064
0.208723
0.000191
0.008251
0.006573
0.000125
0.120357
0.003944
0.000748
0.050609
0.024951
0.816584
0.098049
0.020127
0.158618
0.077499
0.000135
0.005216
0.015015
0.027116
0.000004
0.047260
0.006608
0.000198
0.000380
0.095462
0.048584
0.002052
0.081944
0.000008
0.006747
0.121719
0.016509
0.023664
0.158184
0.009349
0.069899
0.056100
0.000679
0.000665
0.000055
0.000807
0.019001
0.001538
0.013472
0.000238
0.315216
0.013312
0.131589
0.009608
0.002582
0.011714
0.000872
0.005951
0.570865
0.184663
0.001430
0.000761
0.031471
0.012329
0.006057
0.060465
0.011465
0.000239
0.024278
0.028651
0.026790
0.013253
0.164287
0.114594
0.011502
0.005890
0.020204
0.017552
0.011887
0.002786
0.000085
0.028691
0.000023
0.132634
0.059291
0.000031
0.008077
0.003830
0.000579
0.006134
0.078588
0.000266
0.004285
0.004535
0.005708
0.001849
0.023807
0.002155
0.005210
0.036911
0.010915
0.200279
0.069608
0.154196
0.151002
0.002366
0.284878
0.004910
0.045034
0.003785
0.337839
0.007431
0.018080
0.009073
0.544100
0.000782
0.001564
0.000824
0.000007
0.815897
0.023169
0.007196
0.001026
0.041421
0.068982
0.772007
0.001135
0.015317
0.012008
0.000363
0.003503
0.000020
0.006464
0.000221
0.004456
0.008882
0.001448
0.007802
0.100547
0.000247
0.664781
0.006227
0.004543
0.000313
0.036616
0.046658
0.003439
0.020185
0.314586
0.031158
0.069837
0.000023
0.010471
0.038767
0.100796
0.000225
0.030953
0.000177
0.034780
0.006742
0.003073
0.000683
0.031439
0.064159
0.000747
0.082938
0.648692
0.030981
0.004960
0.059876
0.078896
0.000009
0.002224
0.050518
0.116257
0.005137
0.169142
0.020087
0.010457
0.000053
0.056142
0.536120
0.065808
0.035194
0.006925
0.000883
0.000594
0.469366
0.027607
0.002077
0.002489
0.000142
0.036635
0.082588
0.002023
0.055904
0.000257
0.080500
0.009050
0.003600
0.028638
0.056114
0.000998
0.140224
0.032062
0.222178
0.000002
0.015796
0.011972
0.000605
0.021115
0.004812
0.001934
0.000002
0.088718
0.000679
0.000171
0.012347
0.006162
0.101706
0.084820
0.184445
0.019691
0.000084
0.088639
0.012548
0.000362
0.001135
0.572860
0.106046
0.008929
0.004192
0.000002
0.043882
0.141296
0.002642
0.017629
0.006927
0.002737
0.001921
0.042791
0.017741
0.000045
0.000005
0.015664
0.009789
0.009775
0.168775
0.000254
0.032447
0.568029
0.070011
0.004530
0.013458
0.349297
0.021838
0.028034
0.012903
0.035994
0.001801
0.014607
0.003419
0.001797
0.001274
0.024041
0.037172
0.013661
0.001228
0.007097
0.002755
0.000040
0.079313
0.120095
0.001522
0.043403
0.000509
0.084247
0.574371
0.000300
0.104250
0.004419
0.988170
0.000003
0.098313
0.002459
0.072081
0.002278
0.045158
0.000021
0.011765
0.002123
0.084193
0.000137
0.015576
0.000042
0.000465
0.085167
0.001003
0.000165
0.000057
0.521355
0.005477
0.044621
0.023606
0.062271
0.281133
0.003419
0.000388
0.039336
0.371502
0.002736
0.031602
0.000002
0.007040
0.048306
0.007747
0.022361
0.005458
0.013287
0.036858
0.000115
0.032305
0.225360
0.025915
0.000808
0.035789
0.037272
0.000003
0.006341
0.008065
0.126729
0.061035
0.120975
0.077602
0.004414
0.073417
0.000280
0.052369
0.486825
0.001142
0.000231
0.000311
0.000101
0.000152
0.008222
0.008406
0.068730
0.000193
0.531416
0.006168
0.184012
0.012618
0.003500
0.149868
0.036459
0.002773
0.027898
0.001088
0.005869
0.070638
0.007945
0.000119
0.065015
0.009210
0.000006
0.039714
0.012855
0.001581
0.003319
0.045286
0.008442
0.029689
0.798638
0.000129
0.000184
0.016674
0.004670
0.070311
0.000080
0.111952
0.042921
0.125744
0.238233
0.039797
0.000240
0.000028
0.305344
0.094977
0.008087
0.038871
0.000103
0.000419
0.011310
0.002090
0.244438
0.000233
0.067223
0.088540
0.079986
0.132181
0.010863
0.000296
0.036565
0.000238
0.005402
0.135012
0.121179
0.021644
0.442101
0.000002
0.013848
0.009515
0.031343
0.239308
0.000681
0.016019
0.007087
0.002719
0.000002
0.032234
0.006764
0.000736
0.022929
0.000507
0.000004
0.035364
0.024834
0.063226
0.021425
0.381946
0.002793
0.160698
0.002272
0.001425
0.229310
0.027344
0.084123
0.359024
0.188052
0.005444
0.000044
0.009729
0.030309
0.036520
0.017856
0.015838
0.000728
0.002814
0.074061
0.805950
0.002785
0.012972
0.000627
0.393205
0.122699
0.113643
0.007757
0.000132
0.000154
0.004615
0.000085
0.000077
0.010528
0.031717
0.065471
0.000403
0.008382
0.002693
0.000291
0.225414
0.142141
0.001470
0.000615
0.006885
0.055566
0.003229
0.002295
0.004674
0.020710
0.000119
0.006368
0.004111
0.283487
0.000277
0.000856
0.488048
0.001057
0.002034
0.085381
0.000350
0.001064
0.003164
0.021224
0.000941
0.001065
0.084817
0.001365
0.111318
0.007672
0.002901
0.003544
0.047117
0.002547
0.023520
0.001894
0.113309
0.236624
0.034573
0.001688
0.059882
0.006154
0.003415
0.005662
0.000030
0.221814
0.019249
0.022013
0.000338
0.000127
0.061785
0.385466
0.017678
0.000824
0.020434
0.019632
0.004599
0.002902
0.024907
0.051822
0.006488
0.240677
0.027926
0.016104
0.000049
0.021877
0.006730
0.051826
0.000044
0.001405
0.050832
0.042303
0.000017
0.027722
0.044753
0.000169
0.200969
0.005807
0.000995
0.021816
0.001562
0.062371
0.001920
0.006952
0.000064
0.000256
0.026459
0.001196
0.030086
0.030620
0.000453
0.004115
0.005508
0.003592
0.024125
0.058334
0.102572
0.002713
0.009551
0.015924
0.000166
0.000003
0.002824
0.071376
0.026226
0.050254
0.002073
0.000050
0.373459
0.059500
0.023101
0.005706
0.021427
0.743019
0.076436
0.028921
0.045220
0.000765
0.359059
0.080690
0.013633
0.000312
0.001733
0.056504
0.006243
0.050553
0.048060
0.170713
0.072140
0.029883
0.000040
0.000228
0.000311
0.013489
0.017457
0.003320
0.005202
0.069524
0.005520
0.000084
0.005040
0.000020
0.012026
0.223281
0.108676
0.028718
0.016782
0.230412
0.010700
0.051638
0.003187
0.097008
0.012436
0.155797
0.000052
0.092489
0.014160
0.000629
0.010259
0.055494
0.000383
0.034281
0.000086
0.066980
0.000636
0.000129
0.048484
0.059073
0.000701
0.000038
0.002999
0.000458
0.001781
0.004910
0.049924
0.006930
0.116698
0.095121
0.000094
0.001808
0.000018
0.000073
0.452330
0.075325
0.007372
0.000009
0.000358
0.403061
0.062431
0.000512
0.095243
0.002142
0.000008
0.052552
0.025482
0.543466
0.040663
0.046853
0.083781
0.032167
0.031935
0.051395
0.002443
0.228454
0.307671
0.007475
0.000669
0.009862
0.001971
0.036259
0.003296
0.043939
0.001191
0.000315
0.023033
0.001426
0.000238
0.031466
