2603
1.485113
4
91
40
10
1
5047
-0.312799
-0.686375
0.065558
-0.367557
-0.884583
-0.700525
0.706396
0.187572
0.913162
0.913288
-0.086161
-0.810320
0.408527
0.294355
-0.390053
0.734623
-0.911596
-0.358207
-0.706272
-0.226213
0.513025
0.512531
0.681209
0.919116
0.305073
-0.845536
0.283925
0.178645
-0.158923
1.000000
-0.415547
0.852808
0.305128
0.844917
-0.791627
-0.229603
0.884800
-0.226442
1.000000
-1.000000
-0.325463
-0.712928
0.712800
0.636123
-0.493273
0.240994
-0.691695
-0.672179
0.482408
-0.262555
-0.207394
-0.695160
-0.586596
0.519424
0.270370
-0.866822
0.663998
0.106014
-0.982202
-0.428125
-0.776371
0.974660
0.742715
-0.994868
-0.590802
0.355719
0.978668
0.820167
-0.788908
0.047924
1.000000
0.594452
-0.833213
-0.245528
-0.026562
-0.254717
0.858843
-0.823751
-0.942547
0.157298
0.302497
0.917296
-0.009730
0.606101
0.943624
0.696662
-0.612414
-0.747968
0.888986
-0.501816
-0.717467
0.714795
-0.974995
0.599166
-0.473257
0.725857
0.111682
-0.472645
-0.915345
-1.000000
0.498069
0.032061
-0.651878
-0.373955
-0.992122
-0.760780
-0.094517
-0.630883
0.636194
-0.111734
0.635951
-0.642022
-0.702103
-0.901716
1.000000
-0.334750
-0.798771
1.000000
0.944589
-0.797348
-0.954402
-0.636494
-0.466379
0.929170
0.000735
0.646633
0.174580
-0.096960
-0.105470
-0.627793
-0.207356
0.032246
-0.211445
0.252803
0.250741
-0.056195
0.289460
0.888245
-0.142480
-0.782895
0.815675
0.586085
0.922591
0.904747
0.317570
-0.272619
0.235073
-1.000000
-0.899373
-0.156470
0.305335
0.482141
-0.657008
0.242008
0.628269
-0.574672
-0.799263
-0.241045
0.305320
0.041314
-0.692502
0.459588
-0.644169
0.790056
-0.601063
-0.934505
-0.133213
-0.048910
0.712109
0.050314
0.029107
-0.988556
0.155335
0.290447
-0.293850
-0.526873
0.576578
-0.198430
-0.241971
-0.846005
-0.294315
-0.594240
0.684705
1.000000
0.385803
0.992986
0.012768
0.578636
0.892845
-0.827583
-0.143039
0.798142
0.230487
-0.579248
-0.658717
-0.073255
-0.721553
0.547094
-0.610461
-0.611176
-0.769542
-0.063367
-0.018163
0.882223
0.529685
-0.569856
-0.719637
-0.524027
0.856730
-0.516371
-0.367637
-0.650337
0.366860
-0.727296
-0.534878
-0.873919
-0.059684
-0.572770
-0.868908
-0.353963
0.633152
-0.265024
0.526488
-0.482664
1.000000
-0.033777
-0.214191
0.920779
-0.068287
-0.017738
0.912774
0.861830
0.645841
-1.000000
-0.887869
0.793810
-0.300376
-0.407426
0.896567
-0.620929
0.529099
-0.698404
-0.283303
0.900423
0.533379
0.300831
-0.828595
-0.906648
0.799520
0.085861
0.101106
0.848237
0.065008
-0.920709
0.773035
-0.890895
0.213248
0.206092
-0.207829
-0.976838
-0.913627
0.255591
-0.234308
0.794094
-0.967343
0.531844
-1.000000
-0.945434
-1.000000
0.984980
-0.583548
-0.874729
0.305488
0.482035
-0.979539
0.040825
0.664590
0.368206
-0.400770
-0.267631
0.754895
0.978110
0.449259
-0.885640
-0.586583
0.589074
-0.009829
0.673991
0.933705
0.452703
-0.178264
-0.061218
-0.794046
0.642525
1.000000
-0.219409
-0.909620
0.692597
-1.000000
0.410703
0.120201
0.261002
0.897643
-0.629903
0.916964
-0.212094
0.048834
0.556163
0.337137
0.699237
-0.775836
0.119911
-0.643404
0.981568
0.696407
0.651231
0.521906
0.222322
0.487581
0.639861
0.001401
0.934576
0.176274
0.602140
0.235193
-0.627707
-0.154365
-0.569226
0.767283
-0.413339
0.187133
-1.000000
0.824314
0.195098
-0.680356
-0.628239
0.759685
0.168135
0.202015
-0.067159
0.198899
-0.973314
0.183998
-0.524349
0.468840
-0.533069
0.886352
-0.478932
-0.565178
0.022319
0.613836
-0.200441
-0.847057
0.397489
0.020405
-0.262653
0.245235
-0.022321
-0.078796
0.548861
-1.000000
-0.493378
0.657235
0.857114
-0.558384
0.162842
0.440529
-0.819224
0.346267
0.240912
-0.175326
0.272037
-0.129688
-0.078759
0.503215
1.000000
0.687472
-0.113851
0.547406
-0.481929
0.736684
0.472903
-0.022557
0.733751
-0.942399
-0.463435
-0.292885
-0.658862
0.322758
0.033140
0.173670
-1.000000
0.038922
-0.864998
-0.364139
-0.885702
0.251737
-0.192139
0.443832
-0.656781
0.185978
0.927807
0.797349
0.715776
-0.656698
-0.467667
-0.371569
-0.668974
-0.330090
0.424116
-0.595271
-0.904382
-0.519452
0.812669
0.416766
0.026942
-0.597310
0.371209
0.408463
-0.336314
0.887152
-0.478438
0.796060
-0.815069
0.749562
0.122512
0.734922
0.073630
-0.795441
-0.555508
0.257686
0.465269
-0.928194
0.157431
-0.151565
0.977820
0.514806
0.465977
0.675987
-0.268700
-0.576800
-0.060696
-0.662141
0.882603
-0.406075
-0.155608
0.044280
-0.131302
-0.736519
0.655250
-0.800254
0.180613
0.133055
-0.167908
-0.978239
0.353483
-0.603145
-0.368073
0.623246
0.918555
-0.658117
-0.011986
-0.353375
-0.591444
-0.102459
0.876768
-0.120194
-0.504481
0.976624
0.638162
-0.035755
0.697923
-0.901228
0.967620
0.177840
0.368541
0.119432
-0.918790
0.456964
-0.156875
0.407529
0.333070
0.301827
1.000000
-0.549505
-0.983428
0.876437
0.261442
-0.109052
-0.495524
0.560349
0.025253
-0.210454
0.840910
-0.326999
0.683889
0.703310
-0.013398
0.068575
-0.044998
0.881981
-1.000000
0.114303
0.549786
0.642818
-0.042251
0.953011
-0.962993
-0.104821
-0.351658
-0.412081
-0.163957
0.694588
1.000000
-0.475553
-0.383277
0.857729
-0.880074
-1.000000
-1.000000
-0.945261
-0.994976
0.045480
-0.745299
-0.926877
-0.590615
-0.176087
-0.146826
0.224398
-0.538522
-0.434378
0.410036
-0.523510
0.621693
-0.012404
0.662084
-1.000000
0.409279
-0.838345
-0.783648
0.251227
0.910488
0.771814
-0.974337
0.039673
-0.905840
-0.663508
0.210304
-0.053106
-0.051466
0.562280
0.558027
-1.000000
-0.912427
-0.240682
-0.737625
-0.684842
0.825760
0.388651
-0.496829
-0.475270
-0.051079
-0.190260
-0.469763
-0.967019
0.280135
0.037694
0.038789
-0.432804
0.277147
-0.170181
-0.275252
0.979799
-0.201429
0.145855
-0.104465
-0.172573
-0.775790
-0.171103
-0.802743
0.994480
-0.184918
0.592289
-0.785961
-0.074733
0.917205
0.314789
-0.420186
0.822082
0.237464
0.956106
0.313700
-0.125746
-0.094006
0.266053
-0.959664
1.000000
0.385663
0.607566
0.932577
0.832455
-0.083087
0.776095
0.505632
-0.508050
0.956933
-0.374745
0.262870
-0.894658
0.586021
0.961645
0.263243
-0.459183
0.982595
-0.137587
0.390344
-0.064354
0.790681
-1.000000
-0.358654
0.428778
0.505986
0.180755
-0.176486
-0.309180
-0.428763
-0.919022
-0.392735
-0.254319
0.807790
-0.405791
-1.000000
0.514132
-0.041957
-0.286438
-0.581868
0.163229
-0.457567
0.945682
-0.230100
-0.064357
-0.703200
0.188446
0.897510
0.711871
-1.000000
-0.234230
-0.921692
0.642370
-0.733441
-0.520144
1.000000
-0.215060
-0.795838
0.848459
-0.432634
-0.323746
-0.450079
0.149305
0.646939
0.562234
0.002644
0.703886
0.493813
-0.571620
0.894918
0.681730
-0.464659
0.043496
-0.471073
-0.790308
-0.743339
-0.082404
-0.811407
0.392581
0.613013
-0.350191
1.000000
0.675194
-0.691795
-0.286227
0.508848
-0.272725
-0.367358
-0.407415
0.144020
-0.743102
0.531475
-0.507289
-0.232829
0.966887
0.181793
0.656269
0.331293
-0.181957
-0.669786
-0.936499
-0.557656
-0.688171
-0.975714
0.135271
0.202598
0.709734
0.733967
-0.946816
-0.771851
-0.291669
-0.291528
0.613508
0.871454
0.965412
0.631713
-0.446982
0.437596
-0.263116
0.127964
-0.513145
0.002971
0.086020
-0.852775
0.542372
0.181326
-0.458947
0.743514
-0.822909
0.342536
-0.484648
-0.579264
0.384333
-0.192446
0.892277
-0.673166
-0.908402
-0.731437
0.583761
0.911988
0.186242
0.246610
-0.436681
-0.596397
0.767524
0.078714
-0.038400
-0.796199
0.655405
-0.908505
-0.718379
0.663751
0.003342
-0.228473
-0.394099
0.486137
-0.912285
0.717536
-0.064807
-0.934595
-0.503312
-0.371664
-0.926469
-0.955253
0.507517
0.294753
-0.424380
-0.923586
0.327999
0.902052
0.276342
-0.703731
-0.580571
-0.998124
-0.063819
-0.013003
-0.840536
-0.504751
0.271873
-0.215024
-0.302758
-0.702005
-0.749001
-0.639288
-0.963221
-0.644373
-0.559708
0.178197
-0.810452
0.528657
-0.837173
0.355100
-0.140753
0.411468
-0.254898
-0.948645
-0.374903
0.137269
-0.912588
1.000000
-0.125546
-0.394327
0.747458
-0.486039
0.228074
-0.002039
0.094082
-0.731518
-0.819897
-0.914962
-0.585001
-1.000000
0.133016
-0.550974
0.132911
0.775440
0.098249
0.994147
-0.028759
-0.021157
-0.528250
-0.647092
0.417433
0.876530
0.411169
-0.223826
-0.900715
-0.287003
-0.657078
0.882008
-0.318376
-0.149509
0.000424
0.088053
-0.498512
-0.109974
-0.894316
-0.166864
-0.558724
-0.033784
-0.535814
1.000000
0.703448
-0.441298
0.190638
-0.681674
-0.670861
0.422768
-0.779982
-0.021976
0.143795
0.889942
-1.000000
-0.441436
0.361730
-0.246210
0.376601
1.000000
0.441367
-0.550488
0.902110
-0.346991
0.632603
0.717637
0.498856
0.084184
0.053434
0.694851
-0.357056
1.000000
0.504599
-0.055896
1.000000
-0.675832
0.776437
-0.018952
-0.057183
0.639358
-1.000000
0.307102
0.617843
-0.759980
-0.532255
-0.185337
0.447157
-0.785957
1.000000
-0.351046
-0.537319
0.771227
-0.028825
-0.467966
0.171683
0.398216
-0.853167
-0.592360
0.974056
0.375493
0.950809
0.098217
1.000000
0.671575
-0.070838
0.317992
0.474567
-0.946564
-0.310819
0.398339
0.245673
0.974977
0.239160
0.714644
-0.607181
0.513098
-0.198835
0.249981
0.435649
-0.995931
-0.192902
0.917561
-0.910350
0.371460
0.732215
0.994541
0.232763
0.510026
-0.052578
0.027665
0.442927
-0.149966
0.994875
0.267505
-0.547037
0.835041
-0.402829
0.047563
0.348774
-0.284993
0.618831
0.520151
0.400723
0.468130
-0.822749
0.539323
-0.327951
0.987812
0.869495
0.131919
-0.251625
0.865838
-0.884615
-0.304601
-0.212900
0.733900
0.747557
-0.639506
0.838203
0.251698
-0.137305
-0.274378
-0.457329
0.683316
-0.070424
-0.974987
0.715891
0.655366
0.717089
-0.900118
-0.513268
-0.726075
0.094150
0.360608
0.036717
0.154441
0.015470
-0.740820
-0.410894
0.931212
0.786251
-0.804437
-0.709975
0.127511
-0.918309
0.079414
0.796956
-0.672238
0.869147
0.556779
-0.405088
0.388881
-0.762270
-0.479947
1.000000
-0.658412
0.435737
0.968659
0.943549
0.850078
-0.460899
0.834968
-0.701104
-0.482152
0.715167
0.986795
0.434790
-1.000000
0.835757
-0.416187
-0.649763
0.202082
-0.603306
-0.741862
-0.131130
-0.949635
0.715250
0.066497
-0.498084
-0.628958
-0.164296
-0.489265
-0.899193
0.554150
-0.848607
-0.322758
0.231612
-0.863824
-0.044231
-0.092619
-0.790653
-0.150859
0.051867
-0.747374
0.981436
-0.359947
0.028887
-0.237414
0.846445
-0.869815
0.996579
0.508842
-0.388360
-0.426301
0.178545
-0.526990
-0.896065
-0.651926
-0.719293
-0.210548
0.790076
0.224249
-0.647191
-0.068221
0.791530
0.107896
0.054211
0.307791
-0.217360
-0.401518
0.094979
-0.596061
-0.814394
-0.386544
-0.343395
-0.141072
0.417350
-0.203227
-0.644482
0.043291
0.137940
0.368961
-0.878664
-0.450736
-0.859766
-0.903488
-0.319086
-0.891260
0.183439
-0.943576
0.976459
0.659130
0.547685
0.127497
0.159562
-0.917515
-0.075231
-0.655196
-0.249158
0.148383
-0.136747
-0.371170
-0.056374
0.011797
0.461479
0.382523
0.647651
0.825002
-0.361640
0.066661
-0.174523
-0.539043
1.000000
0.448755
-0.474936
0.903523
-0.137169
-0.255902
0.379825
-0.777331
-0.299588
0.027743
0.182956
0.622688
0.881925
0.970295
-0.913859
0.706583
0.272692
-0.525845
-0.084859
-0.302343
0.520159
-0.604131
-0.049185
0.428842
-0.469140
-0.711758
-0.898474
0.424924
0.729866
-0.902369
0.909441
0.062234
-0.965961
-0.997568
-0.184900
-0.242655
0.073125
0.006050
0.736729
-0.631432
0.662017
0.334783
-0.358522
-0.140093
0.344551
0.548036
-0.860911
-0.524147
0.191021
-0.935767
0.306932
0.120151
0.367452
0.086062
0.791468
-0.076024
0.507435
0.824550
0.750420
0.033525
0.885120
-0.102413
0.395764
0.292937
0.460462
-1.000000
0.923871
0.029617
-0.779137
0.964068
0.423935
0.735965
-0.071156
-0.880772
-0.410937
-0.448385
0.509913
-0.102301
0.570384
-0.480674
-0.233551
-0.538342
0.178554
0.724946
-0.831327
0.391790
0.940581
-1.000000
-0.790883
-0.892301
0.849407
-0.244630
0.743883
0.607203
-0.421280
-0.078707
-0.530042
0.069817
0.661785
-0.770606
0.120541
0.012614
0.627977
0.492978
-0.729947
0.372708
-0.349025
-0.359199
0.035429
0.608811
0.033560
-0.605249
-1.000000
0.136487
0.878755
-0.134985
-0.097378
0.397148
0.746698
0.465175
0.815144
-1.000000
-0.446369
0.397893
-0.227252
0.373597
-0.288291
-0.824929
-0.661089
0.164651
-0.512984
0.723505
-0.767890
0.287232
0.955616
0.084521
0.191302
-0.105909
0.389518
-0.331006
0.091962
-0.554506
0.894008
-0.222146
0.380116
-0.349115
0.169867
-0.343874
-0.268319
-0.059597
0.018342
0.183473
-0.702851
1.000000
0.813155
0.350355
0.566351
-0.260941
-0.356439
-0.021498
0.978551
-0.923513
-0.942429
-0.482443
0.939052
0.891453
0.084869
-0.366819
-0.497599
0.517648
0.950123
0.892450
0.896843
0.718800
0.311123
-0.440783
0.453948
0.210252
0.968986
0.453566
0.723588
0.725675
-0.369189
0.939415
-0.751117
-0.865248
0.889013
0.464383
-0.501307
-0.793408
-0.886604
0.329941
-0.222125
0.249110
0.815608
1.000000
0.284766
1.000000
-0.467031
0.024527
0.849889
-0.024907
-0.620902
0.441977
-0.938310
0.479879
0.165736
-0.377076
-0.907997
0.688641
-0.583818
-0.242429
0.488923
0.342947
0.295504
-0.594960
-0.149897
-0.015266
0.472701
0.811503
-0.392280
-0.012692
-0.662656
-0.267295
-0.053521
-0.635983
-0.496129
-0.162226
0.224338
0.503564
0.699492
0.117630
0.471306
-1.000000
-0.765591
-0.884367
0.381701
-0.567725
0.557223
0.858636
-0.835310
0.736425
0.134883
0.624306
0.447890
-0.567502
0.083073
-0.838164
-0.095409
-0.462824
-0.323388
0.814726
0.757258
-0.564050
-0.636304
-0.905022
1.000000
-1.000000
-0.770924
0.658418
0.046430
0.304581
-1.000000
0.503661
-0.644216
-0.632876
0.996052
-0.299016
-0.520950
0.480441
-0.762864
-0.083464
0.014083
0.107282
0.464707
0.359910
0.957111
0.445891
-0.496715
-0.168081
-0.718497
0.179548
-0.801934
-0.067963
-0.795598
0.112285
0.079955
-0.856493
0.067405
0.161139
-0.119024
-0.309958
0.310128
-0.508533
0.666907
0.014103
0.055697
0.887969
-0.993320
-0.347487
0.102712
-0.266992
0.534372
-0.736387
-0.436318
-0.957902
-0.210595
0.657264
0.095500
0.417468
0.237812
-0.931889
-1.000000
-0.271893
0.859668
0.585640
0.043035
-0.887880
0.424850
0.395295
0.743110
-0.570315
0.074057
0.625527
0.660511
-0.302068
0.693564
0.689327
0.690366
-0.212557
-0.354216
-0.250242
0.954697
-0.840220
-0.396659
-0.160232
0.969728
-0.105748
0.772477
0.199145
0.902274
0.310807
-0.311790
-0.501517
0.114995
-0.227306
0.993605
0.734945
-0.273013
0.596992
-0.095108
0.310383
-0.424869
0.152224
-0.845326
0.461186
0.299955
-0.961965
0.659077
-0.302376
0.279044
0.852226
-0.044933
-0.264758
0.507788
0.405974
1.000000
0.284981
-0.681222
-0.670955
0.215623
0.883364
-0.789244
-0.376612
-0.634264
-0.196319
-0.775401
0.143960
0.922992
-1.000000
0.757073
-1.000000
0.695398
0.842046
0.276273
0.735060
0.002389
0.567586
0.958079
-0.258559
0.582414
-0.269712
-0.869386
-0.765542
-0.092911
0.752305
-0.019463
-0.737130
0.386190
-0.869792
-0.739982
0.705512
0.266244
-0.212030
-0.472290
-0.373735
0.024734
0.707758
-0.326217
0.480492
-0.665258
-0.711014
0.010714
0.298919
-0.057932
0.916725
0.267790
-0.311653
0.207957
-0.900087
-0.848584
0.204829
-0.806468
0.434525
-0.902113
-0.092713
0.426823
-0.228103
-0.624053
-0.873395
0.818214
-0.048258
-0.555900
-0.877005
0.233859
0.518746
-1.000000
0.535032
0.974886
0.021421
-0.764676
0.987699
0.245815
-0.613377
-0.569428
0.235098
-0.656915
-0.456362
-0.156227
-0.827680
1.000000
-0.152596
0.951886
0.742691
0.779685
0.291673
0.067081
0.341619
0.229103
0.113107
0.615164
-0.368097
0.533070
-1.000000
0.162796
-0.705936
0.329708
0.296264
0.467655
0.696313
-0.314931
-0.061293
0.495479
0.860678
-0.843014
0.113800
0.727490
-0.940689
0.537488
-0.583458
-0.536252
0.965098
-1.000000
0.690819
-0.764025
0.963178
0.715417
0.790614
-0.396363
-0.130216
-0.084371
0.255395
-0.580663
-0.168996
-0.804599
-0.432623
-0.188567
-0.204566
-0.337933
-0.125640
0.292365
-0.412449
0.993874
-0.125363
-0.915837
-0.194353
-0.789362
-0.165022
-0.606548
-0.703131
-0.238422
-0.919596
-0.753454
-0.317075
-0.333499
0.914168
0.940430
-0.350641
-0.559200
-0.811368
0.132068
1.000000
0.702279
0.044771
-0.983094
-0.292478
-0.881933
-0.986613
0.637093
0.697290
-0.784025
0.455434
0.681531
-0.411644
0.429701
0.033250
-0.886537
-0.792470
0.216610
0.855293
-0.276358
-0.704316
0.738161
1.000000
-0.891045
0.113688
-0.569590
-0.261688
-0.462934
0.469046
0.235680
0.206635
-0.850426
0.271716
-0.219786
-0.638705
0.775307
-0.919445
0.340474
-0.238704
-0.254096
-0.627925
-0.775307
-0.037523
0.149536
-0.021087
0.496518
0.528723
-0.435701
0.925251
0.730822
-0.288514
0.189260
-0.684281
-0.913595
0.943123
0.685837
0.579302
-0.619958
-0.794008
0.970285
1.000000
-0.140273
0.603088
-0.632488
0.222373
0.404171
0.284581
0.158529
-0.336016
0.630893
0.918634
-0.804018
-0.667065
1.000000
0.147657
0.083981
0.974134
-0.255122
-0.217182
0.044814
-0.131241
0.734652
-0.416249
-0.765292
0.766546
0.484680
0.722726
0.706556
-0.307920
0.878948
-0.891054
0.718851
0.937033
0.282057
-0.613353
-0.547272
0.995390
-0.849922
-0.956609
0.991736
0.651443
-0.405958
-0.929772
-0.331677
-0.073867
-0.029138
0.822478
0.963997
-0.408667
1.000000
0.189358
0.404085
0.182470
0.220346
0.270950
-0.057769
0.805487
-0.045601
0.657642
0.696706
0.966207
0.940600
-0.728803
-0.458874
0.893259
-0.421900
-0.447895
-0.679589
-0.821464
0.353537
0.682182
0.835502
-0.882683
-0.654047
-0.631617
0.482598
0.960036
-0.873896
0.918431
0.054446
1.000000
-0.837772
0.031590
0.872006
-0.418658
-0.073949
0.866924
-0.586871
0.214767
0.886002
-1.000000
-0.687095
0.761809
0.146183
0.899304
0.547313
0.511785
0.754237
-0.336057
0.905272
0.974135
-0.961829
-0.693970
0.784654
0.349169
0.630865
0.196819
-0.064687
0.037782
-0.385134
0.509142
-0.083970
-0.574824
0.664505
-0.832148
0.969016
0.391459
0.691716
-0.044119
0.931099
0.816375
0.413230
0.189581
-1.000000
-0.150422
0.756260
0.299966
-0.201566
0.054833
0.911939
-0.435290
0.571521
-0.487047
-0.361212
-0.906579
0.823251
0.001825
0.360724
0.947885
0.441477
-0.742666
-0.976811
-0.724849
-0.382892
-0.812657
0.025839
-0.301322
0.376804
0.098828
0.471111
-0.488163
-0.952576
-0.421666
-0.113097
0.908016
-0.289560
0.196808
-0.833258
0.345342
-0.361265
0.687161
0.671699
0.670772
-0.996882
-0.809024
-0.826276
-0.852487
0.402165
-0.587593
-0.803529
-0.141396
0.172545
-0.432093
0.336337
-0.589123
-0.375323
-0.450920
-0.000617
-0.633664
-0.490527
-0.204464
-0.327967
0.719027
0.978310
0.086289
0.856814
0.888207
0.603059
-0.570131
0.496588
-0.563677
0.085242
0.369829
-0.556989
-0.394623
-0.047757
-0.075395
-0.203869
-0.959848
0.354934
0.516837
-0.707894
0.227848
-0.151608
0.224133
-0.742610
0.556028
0.555593
0.668126
-0.112836
-0.829932
-0.281740
0.594788
-0.641257
0.286484
0.137858
0.052787
-0.931075
0.517647
0.843294
-0.972036
-0.588465
-0.331966
0.119249
0.719042
-0.425150
-0.102754
-0.420502
0.737392
0.809108
0.645334
0.200910
0.255935
0.357653
0.879887
0.530601
0.867447
-0.988615
0.494495
0.015714
1.000000
-0.982566
-0.213936
0.268843
-0.790577
0.945583
-0.109510
-0.860558
-0.540826
-0.734226
0.024169
-0.209631
-0.960145
-0.066815
0.609159
0.608120
-0.043686
0.303951
-0.939699
0.515231
0.576830
-0.859443
0.744940
-1.000000
0.005360
-0.689233
0.656598
-0.607892
0.112588
0.051523
0.700891
0.159696
-0.700054
0.798430
-0.061106
0.347229
0.160013
-0.404457
0.019175
0.292845
0.023932
0.096893
0.829647
0.422006
-0.473933
-0.585949
0.413058
-0.738614
0.911292
0.036082
0.401583
-0.316446
-0.135299
-0.374501
-0.914758
0.943161
-0.815285
-0.966042
-0.077685
-0.746505
0.646194
0.990430
0.174628
0.342370
-0.317044
-0.300797
-0.490058
0.426964
0.749908
-0.404963
-0.101066
0.220972
-0.111735
0.238611
0.497519
0.884558
-0.964670
-0.405049
0.971816
0.823767
0.552425
0.256858
0.346169
0.469701
-0.336892
0.460224
0.296786
0.654324
0.749779
0.276822
0.877834
-0.569868
-0.586952
0.647022
0.122320
-0.755676
-0.140491
-0.109074
0.837454
-0.711755
-0.792800
-0.122930
0.734622
-0.516981
0.015890
0.702102
-0.537137
0.553687
-0.308407
-0.577774
-0.053237
-1.000000
0.141397
-0.003393
-0.257975
0.677067
0.419110
0.861866
0.429199
1.000000
0.477869
0.451678
-0.111501
0.558141
-0.234161
0.527948
-0.071779
0.742934
0.119958
0.465284
0.951244
-0.089975
-0.947066
0.379244
0.250366
0.317854
-0.017855
0.270557
0.657023
0.337370
-0.027064
0.053836
0.524760
-0.477699
0.832741
0.178909
-0.703379
-0.561263
-0.753831
0.986903
-0.560486
0.777873
0.331413
0.975098
0.031063
0.859860
-0.693050
-0.713611
-0.018515
0.714348
0.828321
-0.869706
-0.572647
0.269141
-0.630785
0.040121
0.102929
-0.436800
-0.597584
-0.131399
-0.425673
0.969017
0.024058
0.247712
-0.321231
-0.623824
0.345484
0.824413
0.397504
-0.534375
-0.360919
-0.461650
-0.229036
-0.614915
-0.824791
-0.911485
-0.401832
0.919844
0.392496
0.020171
0.368552
1.000000
0.555104
-0.634384
0.496032
0.864464
0.263272
-0.893701
-0.403552
0.364776
-0.108206
-0.735859
0.496464
-0.675626
0.046937
0.799399
0.911562
0.782684
-0.673645
0.990879
0.085276
-0.218830
-0.217478
-0.608058
0.869989
0.503189
-0.720459
0.792952
0.243795
-0.599240
0.828888
1.000000
-0.680458
-0.155005
0.221899
0.698433
-0.601042
-0.057586
0.244641
-0.388445
-0.479195
-1.000000
-0.855138
0.896990
0.705091
0.920795
1.000000
0.198434
-0.719087
0.527443
0.077228
-0.422955
0.793120
-0.263176
0.493967
0.151028
0.280677
0.962160
-0.949507
0.665816
-0.930353
0.906098
-0.373375
0.508881
-0.218993
-0.265859
0.918394
-0.686182
-0.500527
-0.538388
-0.048061
-0.688716
-0.176327
0.643073
0.973099
-0.404496
-0.278684
0.352423
0.083673
0.299235
-0.890329
0.900304
-0.001084
-0.290991
-0.506978
0.351101
0.639585
0.373298
-0.691377
0.671860
0.107188
-0.792003
-0.431615
-0.376690
0.786298
-0.336813
-0.016108
-0.963431
-0.807913
0.700774
0.214991
0.067766
0.996787
-0.006460
0.539123
0.300971
-0.963543
0.375153
0.501821
-0.043137
-0.114570
1.000000
0.812266
0.843581
0.456352
-0.702908
0.379511
-0.463148
-0.998152
-0.048950
0.002305
-0.962944
-0.596680
-0.274310
-0.355555
-0.381664
-0.035071
-0.687144
1.000000
-0.516048
1.000000
-0.064648
0.957090
-0.925767
0.748660
-0.184518
-0.779485
-0.480088
0.251127
-0.078404
-0.935346
-0.360574
0.910436
0.276223
-0.416529
0.291300
0.944048
-0.499299
0.297046
-0.122976
0.719081
0.599987
0.984318
-0.584181
-0.586376
-0.557446
-0.442760
0.655365
0.750064
-0.387633
-0.310288
0.639028
-0.876068
-0.068396
0.638851
0.911098
0.699146
0.091527
0.628003
-0.580041
-0.292147
-0.037955
-0.112486
-0.006896
-0.527882
-0.171129
0.841970
0.398714
-0.098893
0.287271
-0.737207
-0.477742
-0.499233
-0.190367
0.760749
-0.911724
-0.850118
0.434415
0.459487
0.134286
-0.269115
0.423457
-0.746873
-0.667165
0.162727
0.961104
-0.893124
1.000000
-0.162355
-0.139962
0.421609
-0.160412
0.737964
-0.789312
0.030682
0.337111
0.933713
0.681769
-1.000000
0.949719
-0.481734
0.204003
-0.463792
-0.888011
0.553152
0.348817
-0.487250
-0.749770
-0.268616
-0.110166
1.000000
0.081667
0.650396
0.239075
0.809655
0.136448
0.790384
1.000000
0.028778
0.040907
-0.274486
-0.638927
0.348209
-0.643502
0.415254
-0.225941
-0.473191
-0.076319
-0.365259
0.889388
-0.207586
0.694320
-0.911825
0.178424
0.816261
0.617950
-0.219456
-0.497244
0.555444
-0.348066
-0.843074
-0.665334
0.517501
-0.596600
0.636950
0.237597
0.141101
0.638692
0.155840
0.975420
-0.634963
0.314926
-0.756314
0.539450
-0.495346
0.722162
-0.101150
-0.490638
-0.844865
0.858649
0.699897
-0.693580
0.267446
0.028696
-1.000000
0.021496
-0.461439
-0.421284
0.184753
-0.609188
0.354752
0.996475
-0.455872
0.430620
-0.479006
0.505611
0.249519
-0.679498
-0.047306
-0.073308
0.417767
-0.219424
0.869849
-0.605853
-0.446318
-1.000000
0.398741
0.437482
0.303987
-0.487439
0.711062
-0.157850
0.673100
0.737727
0.751662
0.165229
0.778095
-0.457512
0.955895
-0.935575
0.969496
-0.644066
0.703024
-1.000000
-0.026656
-0.500028
0.241046
-0.617156
1.000000
0.655079
0.142894
0.086560
0.151477
-0.922020
-1.000000
0.969013
-0.012125
-1.000000
0.501816
0.499705
-0.476680
-0.045246
0.542129
0.646394
-1.000000
0.567166
0.079955
-0.818549
-0.656174
0.121454
-0.257301
0.859005
0.038111
0.570045
0.434382
0.423163
-0.038596
0.722477
-0.776799
0.350015
0.533476
1.000000
-0.507946
0.119859
-0.526873
0.988841
-0.400759
-0.486837
0.837509
-0.660844
0.655407
-0.912563
0.259265
-0.542320
0.252166
1.000000
-1.000000
-0.736756
0.056578
0.966030
-0.210315
0.361239
0.794374
-0.867224
-0.086962
0.278761
0.486686
0.912873
0.188747
-0.979088
0.358650
0.349971
-0.581178
-0.960053
-0.758644
0.921705
0.739641
-0.530541
0.189374
-0.004863
1.000000
1.000000
0.542848
0.979452
0.191598
-0.401567
0.314088
0.390929
-0.206926
-0.699418
0.436187
0.015033
-0.600740
-0.771084
0.239012
-0.809417
0.515574
0.552587
0.133740
-0.694872
0.064118
0.244283
0.993863
0.988062
0.942686
0.203672
0.409358
-0.022548
-0.519821
0.806337
0.349279
-0.993727
-0.764787
0.793903
-0.748800
0.974336
-0.069205
-0.714594
-0.574139
-0.557035
-0.175099
0.466193
0.040688
-0.207440
-0.516961
0.389797
0.278128
0.175771
-0.833461
-1.000000
0.602848
0.261059
-0.574013
0.705186
0.674273
-0.309023
0.010569
0.663985
-0.349902
0.768180
-0.136722
-0.727419
-0.373229
-0.518041
0.923294
0.280969
-0.733486
-0.194009
0.002814
-0.250506
-0.631809
-0.540995
-0.194730
-0.334362
0.681751
-0.455520
0.822664
-0.157569
-0.531185
-1.000000
0.250917
0.503046
-0.675289
0.613620
0.605330
0.036074
-0.498040
-0.632272
0.763261
0.782849
0.600892
0.652153
-0.548175
0.932180
-0.308417
0.289324
0.700998
-0.055387
0.326780
0.937062
1.000000
0.748185
0.345683
0.398885
-0.701253
-0.371011
0.177163
0.744367
0.684545
0.990382
0.590735
0.242825
-0.670652
0.934461
0.295091
0.395901
-1.000000
-0.046418
0.063146
0.589278
0.120027
0.679738
-0.647694
-0.746047
0.045516
-0.649149
0.345021
0.888413
1.000000
0.721485
0.548029
-0.193694
-0.536403
-0.838177
0.901528
-0.480582
0.713385
0.294898
-0.711334
-0.233632
-0.311739
-0.380320
0.283649
0.818078
0.367154
-0.915115
0.985783
0.630274
-0.229765
0.041747
0.432286
0.274888
-0.858104
-0.270670
-0.125679
-0.087037
-0.398920
0.321161
-0.449468
0.475192
0.055466
0.794917
0.207616
-0.567671
-0.840648
0.169879
-0.156126
-0.062994
0.121377
0.025206
0.369686
-0.288885
0.226214
0.003234
-1.000000
-0.523393
-0.330821
-0.420379
0.517006
0.163481
-0.714348
0.937068
0.867645
0.639162
0.350699
0.876943
0.772390
-0.431297
0.953739
-0.389226
-0.761687
0.882694
-0.814305
-0.814539
-0.633939
0.639866
0.318550
-0.437088
0.768665
-0.249620
0.654151
0.469294
-0.586907
0.230876
0.421108
-0.918820
-0.763461
-0.747818
0.193797
0.322631
-0.361552
-0.725933
0.698409
0.440630
-0.405359
0.802562
-0.898822
-0.477643
0.103163
-0.590982
-0.382973
0.614426
-0.954414
0.591057
0.940411
-0.967098
0.970724
-0.611637
0.548822
0.466620
0.200986
-0.838949
0.196259
0.218667
0.636871
0.426014
0.101392
-0.631251
-0.805333
-0.700244
-0.160973
1.000000
0.128621
-0.346818
-0.683533
0.164209
-0.567698
-0.822420
0.888031
-0.239730
0.549987
0.388806
1.000000
-0.385983
0.868406
0.350180
-0.997828
-0.160739
0.004788
-0.678963
-0.241757
0.324727
-0.564795
-0.261781
0.161615
0.711636
0.594985
-0.676366
-0.259868
0.419036
-0.815530
1.000000
-0.528040
-0.741347
0.871243
0.576910
-0.357331
0.820737
0.690952
0.018150
-0.946965
-0.122849
1.000000
-1.000000
0.423880
-0.244775
0.405240
-0.187382
-0.055341
-0.603614
-0.024339
-0.026436
-0.960346
-1.000000
0.086441
-0.563484
0.445382
0.938164
-0.313904
0.506753
-0.850037
0.799426
0.799077
-0.105292
0.016115
-0.618885
0.101816
0.144122
-0.370604
-0.570878
0.035527
0.395192
0.920417
0.509546
0.428883
1.000000
0.706672
-0.667148
-0.677587
-0.646887
-0.139477
-0.129458
-0.375194
0.786116
0.839635
0.947325
0.051818
-0.490007
0.957133
0.114018
-0.590518
0.747815
0.569899
-1.000000
-0.655033
-0.861706
-0.045259
-1.000000
0.513771
0.414122
-0.934483
-0.076991
0.387530
-0.114066
0.701570
0.336426
-0.961518
0.235669
-0.971890
0.170356
-0.040600
-0.132779
0.137881
-0.247994
0.863030
0.091891
-0.381974
-0.905200
-0.103400
-0.420272
-0.001175
0.224446
0.922611
-0.235050
-0.751415
0.811635
0.209900
-0.290945
-0.052859
-0.840336
0.834802
-0.039512
0.397946
0.466067
0.240599
0.376059
-0.961960
-0.698895
0.051938
-0.348205
-0.895180
0.356578
0.639531
0.747446
0.616930
-0.832913
0.688190
-0.263760
-0.590790
0.938263
-0.021761
0.686377
0.303952
0.572673
0.865096
0.059199
0.339900
0.312820
-0.979886
1.000000
0.970294
1.000000
-0.808640
-0.569171
-0.549397
-0.216000
-0.971290
0.278523
0.683604
-1.000000
-1.000000
0.949595
0.975696
0.633625
0.815924
-0.271133
0.982248
-0.430293
-0.742450
-0.729587
0.337490
0.850239
0.193507
0.762778
-0.743258
0.158031
-0.994560
0.321381
-1.000000
0.896664
0.356309
0.390336
0.753368
-0.796756
0.824764
-0.022492
0.136538
0.705291
-0.464817
-0.855971
0.280566
0.363975
-0.241541
0.711813
0.398182
-0.893567
-0.430601
-0.145315
-0.316486
-0.932264
-0.283815
0.096563
0.765296
0.651187
-0.495685
-0.150784
-0.196306
-0.932557
-0.222189
-1.000000
0.668695
0.114118
-0.023505
0.091173
-0.546702
-0.084763
0.159094
0.782103
0.230116
-0.770871
0.739051
0.243520
-0.717419
-0.322943
-0.194087
0.548664
0.377993
0.343001
-0.135469
-0.676087
0.074579
-0.332746
0.589092
-0.103190
0.177773
0.992503
-0.158821
-0.944053
-0.488820
-0.988971
-0.911616
0.531524
0.233344
0.728349
0.207053
-1.000000
0.102829
0.575503
0.952304
-0.508711
-0.736327
0.098648
-0.603357
-0.037452
-0.658478
0.772298
0.638573
0.558484
-0.213414
0.323874
0.217740
-0.242201
-0.912630
-0.683090
-0.802551
0.252452
-0.632351
-0.332623
-0.425478
-0.555491
-0.450929
-0.864381
0.271392
0.001412
-0.791538
-0.546595
-0.313687
-0.152268
-0.680647
-0.284458
0.282074
-0.567365
-0.175876
-0.441356
-0.460527
0.852721
0.943523
0.620211
0.453987
-0.336158
-0.775429
-0.114192
-0.200923
0.833180
0.939474
-0.834940
0.440000
-0.407524
-0.234005
-0.504791
-0.395769
-0.284469
-0.661658
1.000000
1.000000
0.130811
-0.083070
-0.377628
0.858520
1.000000
-0.580690
-0.500994
0.490751
0.977642
0.836999
-0.569128
0.394393
-0.599509
0.550716
-0.498116
-0.976985
-0.864154
0.457622
0.138998
0.650174
-0.043861
-0.133844
-0.965793
0.935139
-0.883672
-0.273343
-0.260806
-0.123832
0.664713
0.834759
1.000000
-0.562977
0.777668
-0.758341
0.491792
-0.437676
-0.023784
0.223167
0.472403
-0.778901
-0.332753
0.495183
0.271858
0.449080
-0.377589
0.029521
-0.169723
0.416792
-0.667026
-0.607865
0.528935
0.211901
-0.599772
0.703866
0.245473
0.821482
-0.385745
-0.675611
-0.036321
1.000000
-0.184925
0.951679
-0.946674
-0.136340
0.433736
-0.177106
-0.347707
0.441153
0.799656
0.551659
0.165823
-0.010627
-0.265599
0.431006
-0.466437
-0.178735
1.000000
-0.534987
-0.030949
0.638177
-0.659156
-0.714976
0.565911
-0.192229
0.330276
-0.023476
-0.737835
0.053703
1.000000
-0.778995
0.157411
-0.683206
-0.730222
0.079135
-0.763217
0.200718
-0.039385
-0.500711
0.450604
-0.283893
-0.434310
-0.256016
0.305872
-0.652793
-0.665875
-0.736887
0.519805
-0.102958
-0.841789
-0.362967
-0.755082
-0.356323
-0.200388
0.444131
0.391242
-0.445817
-0.189412
-0.230936
-0.281277
0.749515
-0.720055
-0.023788
0.758746
-0.644131
-0.827198
-0.910420
0.640323
0.410472
-0.541868
-0.982352
0.489364
0.823970
0.916623
0.671376
-0.188606
0.452257
0.220123
0.526137
0.317162
-0.049948
-0.411173
0.721925
0.091241
0.001439
-0.009420
-0.885126
-0.400851
0.418393
0.474902
0.975347
-0.190622
-0.350828
-0.814493
-0.473522
-0.997587
0.910697
-0.179680
-0.168579
-0.151109
-0.061402
-0.986707
0.630375
-0.014404
0.604029
0.270644
-0.948746
0.952194
-0.653395
-0.857831
-0.270478
-0.878729
0.165710
0.992546
-0.460349
-0.474321
0.227828
-0.125279
0.309858
0.417633
-0.119138
0.040612
-0.903962
0.270633
-0.764200
0.378213
-0.858763
0.141732
0.026675
0.835985
0.679193
-0.782474
0.495985
0.681081
0.709536
-0.044346
-0.708142
0.789337
0.245505
0.430276
-0.233816
-0.492485
-0.939146
-0.290108
-0.592519
0.920019
-0.532384
-0.294652
-0.470406
-0.097387
0.666922
-0.855432
0.877604
-0.074886
-0.162580
-0.494248
-0.211177
0.033431
-0.481482
-0.551181
-0.017026
0.399758
-0.281382
-0.970608
-0.880633
0.626626
0.617923
-0.616794
-0.264667
0.145776
-0.043350
0.289309
-0.563645
0.468090
-0.091548
0.796865
0.581665
-0.728193
0.102339
-0.132303
-0.688087
0.992151
0.717050
-0.744061
0.137065
-0.523490
-0.175358
0.830646
0.553137
0.157798
-0.653358
0.275228
1.000000
-0.959049
0.592982
0.546391
-0.107098
-0.252961
0.949872
-0.956156
-0.589522
-0.095054
-0.253278
0.739766
0.539088
-0.917654
0.328140
-0.169097
0.451777
-0.142860
0.155616
-0.459348
0.886882
0.216898
0.507492
-0.643472
0.826251
-1.000000
-0.532766
-0.016146
0.504076
-0.100614
-0.441793
0.259985
0.876190
0.500413
0.817349
0.476602
0.368415
-0.598329
-0.257626
0.703488
0.391578
-0.556872
-0.642738
0.207471
-0.149060
-0.736860
-0.090232
0.401617
-0.366389
0.563351
0.109539
-0.121606
-0.915766
-0.335906
-0.865383
0.650746
-0.410673
-0.692065
0.806016
0.579018
-0.156578
0.379094
0.613594
0.152258
0.757461
-0.931917
0.668231
0.844570
0.593567
-0.698368
0.399451
0.437924
0.770066
0.197283
0.080539
-0.604410
0.779651
-0.632604
-0.752695
-0.463899
0.258900
-0.465152
0.777507
-0.671359
-0.522358
0.958110
0.809698
0.269261
-0.603804
0.589277
-0.247049
0.797615
-0.509375
-0.044191
0.980135
0.603915
1.000000
-0.127504
0.526906
-0.912623
0.323762
-0.922540
-0.478387
-0.534866
0.081068
-0.422697
0.210620
-0.265709
0.673584
0.088405
-0.039014
0.544083
1.000000
0.222035
-0.299744
-0.473008
0.354740
-0.566596
-0.817959
0.465976
-0.948112
-0.541423
0.237403
0.705210
0.482161
0.416052
0.098982
0.451462
0.530862
-0.906442
0.505934
-0.192987
-0.733174
-0.988905
-0.867155
0.673763
0.363181
0.732818
-0.873599
0.804970
0.722015
0.871050
-0.317974
0.372556
-0.593468
-0.206263
-0.004361
0.122457
-0.470656
-0.174153
-0.739662
0.760045
-0.745034
1.000000
-0.082318
-0.371187
-0.029367
0.173047
-0.321273
0.088606
0.658842
-0.556145
-0.202796
0.029718
0.369590
-0.231666
-0.137057
-0.374110
-0.149518
0.159454
-0.537682
-0.766230
0.038773
-0.292287
-0.343357
0.549463
-0.998507
-0.915172
-0.224709
-0.770597
-0.251503
0.066055
0.325036
-0.026191
1.000000
0.172075
0.356137
0.829263
0.422110
0.066570
-0.550303
-0.096309
-0.078018
-0.996340
0.563149
-0.819120
0.352648
-0.453115
0.690930
0.607744
0.445455
-0.788296
0.286035
0.684010
0.117858
-0.702549
-0.332583
-0.063354
-1.000000
-0.399366
1.000000
0.770558
0.512580
0.512217
1.000000
-0.309812
-0.293522
0.858899
0.311060
-0.062424
-1.000000
0.100335
0.059833
0.364931
0.142390
-0.041705
-0.448337
-0.638544
0.388637
-0.950059
0.690660
-0.998621
0.599268
-0.946519
0.402345
-0.339748
0.232574
-0.997399
-0.208106
0.363287
0.047646
0.848708
-0.605631
0.889698
0.421510
0.326008
-0.365694
0.638340
-0.084033
0.015821
0.702321
0.432827
0.734114
0.001243
-0.593975
-0.266812
0.756355
0.963082
-0.968955
-0.587732
0.340997
-0.348087
0.292463
0.337776
-0.936665
-0.458466
0.285605
-0.343904
0.705791
-0.250673
0.327274
0.352789
0.686945
0.923526
0.530200
0.188917
0.403764
0.903913
0.578628
-0.033486
0.720209
0.719937
0.356113
0.201931
0.597835
-0.571629
0.516249
0.342508
0.732796
-0.483930
0.656851
-0.119581
-0.176342
-0.593960
0.672436
0.008602
0.912140
-0.879322
0.118089
-0.078821
-0.950574
0.972939
-0.422877
-0.473167
0.268661
-0.034114
-0.758283
-0.258994
-0.839895
-0.377754
-0.260924
0.083490
-0.313862
-0.827308
0.660559
-0.455083
0.945908
-0.626750
-0.098595
-0.941701
0.226274
-0.497386
0.996201
-0.760085
-0.867264
-0.706153
-0.569758
0.431748
0.288818
0.611360
0.244764
0.624079
-0.571698
-0.581866
-0.465522
-0.859559
0.417143
1.000000
-0.742923
0.962065
1.000000
-0.673294
-1.000000
0.978959
0.514397
-0.404404
1.000000
-0.436413
0.154620
-1.000000
-0.454389
0.494665
0.703684
0.269100
0.988660
-0.497953
-0.812524
-0.007571
0.682297
-0.049400
0.593954
0.827090
-1.000000
0.107024
0.170024
0.073161
0.864768
0.997516
-0.759136
-0.309517
-0.569310
0.314976
-0.295247
-0.325838
0.953813
-0.737803
-0.798729
-0.861295
0.853578
-0.812376
0.931425
0.366158
-0.762645
0.474365
-0.962228
-0.377995
-0.040752
0.214437
-0.514836
-0.100270
0.850413
-0.626606
0.460278
-0.601034
-0.066478
0.004898
-0.509426
0.254194
-0.645515
0.246890
1.000000
0.342561
-0.535001
-0.777536
0.686731
-0.064326
-0.955596
0.203711
0.389788
0.943875
0.948669
-0.727737
0.029175
-0.277030
0.239033
1.000000
0.259752
-0.890476
-0.596056
-0.031708
0.632135
0.350831
0.493079
0.140817
0.789807
0.316605
-0.043433
0.924492
0.991012
-0.175911
0.386833
-0.537327
0.662600
-0.322190
0.810337
-0.184051
1.000000
1.000000
0.754928
0.816290
-0.133266
0.267515
-0.812481
0.998923
0.739364
-0.888359
-0.745760
-0.985435
0.018170
0.280241
0.935926
0.181907
0.615313
-0.816391
-0.127931
-1.000000
-0.558525
0.832614
-0.263181
-0.573564
1.000000
0.977827
-0.721866
-0.575676
-0.887208
0.643410
-0.341042
0.981051
-0.569332
0.948894
0.673827
0.435450
-0.530746
-0.077666
0.648809
-0.590508
0.816229
0.077473
-0.954118
0.349473
0.256114
0.839195
-0.701418
0.552344
-0.384720
0.794194
-0.082405
0.900111
-1.000000
-0.698967
-0.562318
-0.426410
-0.209580
0.942289
-0.032011
1.000000
0.785994
-0.069089
-0.704127
-0.557516
-0.436603
-0.901274
0.154229
-0.095141
-0.336778
0.048421
0.067054
-0.963469
-0.061934
0.246585
-0.858427
0.438315
0.976881
0.918778
-0.997403
-0.689752
0.751641
0.679055
0.560882
-0.177947
1.000000
-0.064760
-0.398400
-0.117978
-0.252183
-0.577063
-0.995546
-0.953958
-0.072515
0.667068
-0.360899
-0.859558
-0.130068
-0.061726
0.292163
-0.363528
-0.319473
0.681424
1.000000
-0.282306
0.643154
-0.421758
-0.934156
0.712566
-0.127573
0.736794
-0.921572
-0.656391
-0.485028
0.824975
-0.453238
-0.723520
0.083477
0.953294
-0.282160
0.309007
-0.625942
0.032142
0.790058
0.255737
-0.756968
0.561405
-0.791483
-0.270611
-0.317103
0.750378
0.824637
-0.642467
0.127782
0.003399
-0.865744
0.077071
-1.000000
0.438771
-0.232054
-0.799778
0.167481
0.670690
-0.043476
0.300783
-0.391253
-0.796669
0.086067
0.757891
0.304963
1.000000
-0.266248
1.000000
0.706234
0.747463
-0.336664
-0.861300
-0.386191
1.000000
-0.329842
-0.283830
0.691457
0.045492
-0.816477
-1.000000
0.964980
-0.267273
0.266902
-0.138401
0.715593
-0.508937
0.052579
0.620481
0.296716
0.959885
0.657805
0.657006
0.973166
0.517190
-0.374477
0.212711
0.306780
0.902503
0.250726
0.769492
-0.675472
-0.729419
-0.970991
-0.477594
-0.363265
1.000000
-0.018571
0.124582
-0.999790
0.600950
0.547171
0.330966
0.947355
-0.871700
-0.529645
-0.792582
0.345170
0.542191
0.849891
0.483881
-0.808033
0.906581
-0.221424
0.817447
-0.678465
0.617547
-0.331374
1.000000
0.167136
1.000000
-0.109315
0.981707
-0.942712
0.694656
-0.894179
-0.474898
0.287559
0.040940
-0.980531
-0.958568
-0.396551
-0.866301
0.349213
0.466984
0.971858
0.711013
0.515963
-0.834187
-0.371743
-0.852050
0.340406
0.051965
0.313970
-0.937486
0.439348
-0.667007
0.621257
0.123675
-0.378137
0.315076
0.554575
0.506802
0.471885
0.633857
-0.219920
-0.993388
0.897764
0.073861
-0.973807
0.057295
-0.790549
0.440156
-0.337331
-0.305300
-0.368683
0.592092
0.781951
0.803595
-0.976586
-0.333458
-0.421215
-1.000000
0.559815
-0.553126
-0.384588
-0.507435
-0.472306
0.966884
-0.731044
-0.596075
0.193329
-0.077462
0.621389
0.870560
-0.272186
-0.359928
0.202854
0.448588
0.076931
-0.467143
0.430058
0.196130
-0.367133
0.037691
0.482709
-0.719328
0.574874
-0.985161
0.780292
0.719838
0.161658
-0.823355
-0.668990
0.832368
0.633827
-0.381008
-1.000000
0.598262
0.715126
-0.987345
-0.309562
-0.766504
0.026767
-0.078130
-0.228110
0.450495
0.491567
0.106854
-0.033422
0.117272
0.501625
-0.394236
0.258198
-1.000000
0.752743
0.052483
-0.678531
-0.933339
-0.255361
0.098048
0.593059
-0.273393
0.284755
-0.795043
0.594810
0.655726
-0.947012
1.000000
-0.256022
0.912577
-0.575461
-0.973761
-1.000000
0.419263
-1.000000
0.494354
0.002298
0.924683
-0.071975
-0.695576
-0.870572
-1.000000
0.258186
0.396338
0.373846
0.358688
0.289745
-0.685668
-0.681268
-0.210521
-0.001010
0.100789
-0.526991
-0.756758
0.759870
-0.348989
0.294532
0.071773
0.433690
0.260249
0.355679
-0.063860
0.029107
-0.623741
0.169902
0.790540
0.089887
0.353903
0.783389
-0.487962
0.383221
-0.686523
-0.464838
0.658953
0.623177
0.081310
0.563255
0.713674
0.339943
0.265226
-0.566317
-0.859608
0.444468
0.678785
0.070679
-0.851808
-0.367109
0.220670
-0.179759
0.946113
-0.931483
0.209241
0.241406
0.822231
-0.137529
0.649457
0.324957
0.431172
1.000000
-0.791163
0.881027
-0.847753
0.601095
0.891005
0.113669
-0.506316
0.046113
0.605295
-0.234610
0.236322
0.859462
-1.000000
-0.148841
-0.713600
0.901912
0.215958
0.061208
0.729136
-0.733331
0.944411
0.442264
0.936019
0.939395
-0.164755
-0.736644
-0.777847
0.821786
0.116509
0.061243
0.082472
0.383014
0.082988
-0.241616
0.278396
-0.671517
-0.918066
0.642251
-0.139527
-0.534560
0.242705
-0.367383
0.282508
0.509292
0.137125
-0.143055
-0.334213
0.981339
-1.000000
-0.602695
-0.326974
-0.229944
-0.382071
-0.207580
0.451655
-0.501363
0.669268
0.213528
0.131146
0.551278
0.491382
0.347493
-0.130260
0.115322
-0.451677
0.923050
-0.445466
-0.352607
0.080272
0.932849
-0.156873
-0.319884
-0.888347
0.595726
-0.465287
-0.723025
-0.335127
0.132777
-0.888869
0.443627
-0.418137
0.210267
0.348629
0.163052
-0.424009
0.257042
-0.301552
0.449068
0.820825
-0.936616
-0.455273
-0.958798
-0.813903
0.617036
-0.352124
0.744706
-0.130286
0.459445
-1.000000
0.152272
-0.555923
0.007350
-0.494730
-1.000000
-1.000000
0.649696
0.674482
0.890079
-0.551124
0.047845
0.425332
-0.083822
-0.463149
0.773613
-0.236333
-0.062744
-0.108768
-0.147914
-0.876283
0.994200
-0.923893
-0.387295
0.612245
0.637427
-0.747800
0.931159
-0.513720
-0.245097
-0.602264
0.132233
0.174843
-0.601486
-0.971631
0.549173
-0.184378
-0.694011
0.321210
-0.394869
0.673684
0.143370
0.385554
-0.766691
0.704812
0.316831
-0.760610
-0.960129
0.205100
0.007527
0.098251
0.354108
-0.116275
0.841745
-0.625032
-0.065432
0.656136
0.398646
0.435065
-0.778113
-0.168776
0.114765
0.364051
0.203027
-0.371612
-0.890132
0.128853
0.544889
-0.052021
0.665704
0.748204
0.717730
0.861288
-0.263284
-0.678923
-0.666342
-0.389017
0.524134
0.382253
-0.009461
0.754207
-0.631396
0.283520
0.519475
0.829305
0.461267
-0.450668
0.291837
0.733441
0.947294
-0.969452
-1.000000
0.727624
0.305418
0.052344
0.223998
-0.059783
0.008668
-0.160232
0.284681
0.563937
0.434212
-0.011923
0.518338
0.009082
0.962652
-0.029541
0.408385
-0.689252
-0.452985
-0.079962
-0.327451
-0.412862
0.756270
-0.698743
-0.015108
0.135840
-0.905880
-0.763909
0.940779
-0.314961
0.784060
-0.485897
0.068121
-0.288554
-0.310985
-0.132851
0.034897
-0.767159
-0.248216
-0.755331
-0.342758
0.893604
0.335118
-0.140607
-1.000000
-0.285310
0.030659
-0.202432
-0.837029
-0.777161
0.136784
0.438702
-0.708121
-0.685542
0.710526
0.144755
-0.187496
0.085068
-1.000000
0.456580
0.053295
1.000000
-0.433469
-0.999445
1.000000
-0.406787
0.839712
0.137642
-0.910314
0.589137
-0.863568
0.951188
0.781957
-0.330434
-0.201316
-0.324801
-0.224945
0.507264
-0.526734
0.707595
0.491583
1.000000
0.215744
-0.230816
0.464055
-0.393081
0.339445
0.108386
-0.881032
-0.229418
-0.479298
0.644818
-0.706370
-0.895252
-0.010384
-0.611244
0.897812
-0.595890
-0.300768
-0.833212
-0.072783
0.819194
0.935633
0.597550
0.190228
0.172147
-0.036524
-0.827441
0.711108
-0.865760
-0.012645
0.724146
0.400314
-0.302933
-0.889115
-0.271569
-0.964147
-0.459493
0.021101
0.452096
-0.634142
0.234601
-0.683309
-0.514730
0.663656
-0.571691
0.458345
0.294330
-0.759098
0.116314
0.806309
0.395197
-0.487541
0.209597
-0.112997
-1.000000
0.347271
0.240815
-0.856532
-1.000000
0.463590
-0.687896
0.951131
0.816843
-0.151098
-0.831872
0.188086
0.495936
-0.046078
-0.196801
0.259158
0.514722
-0.660231
0.146438
-1.000000
-0.427249
-0.435711
0.456334
-0.919825
-0.942988
0.241707
0.591159
0.094187
-0.186318
0.266571
0.348771
-0.824137
0.173249
0.460591
-0.183157
0.489493
0.148023
-0.738005
-0.771193
0.266653
-0.778807
-0.169867
-0.438906
-0.924182
-0.447186
-0.597779
0.641650
-0.431821
0.063309
-0.430799
-0.282159
0.243290
0.869974
-0.947067
-0.821585
0.444979
-0.971568
-0.203171
-0.155141
1.000000
0.627897
0.694340
-0.559629
0.674579
0.812503
0.085822
-0.665080
0.124765
-0.416434
0.477145
1.000000
-0.120062
-0.500878
-0.166977
0.277664
0.208036
1.000000
0.616720
-1.000000
0.203869
0.648773
-0.025607
0.087859
0.054254
-0.675536
0.263949
-0.634606
-0.561514
0.054193
0.890161
-0.009405
-0.674687
-0.065180
0.304410
-0.498401
-0.927192
0.624044
-0.727127
-0.418039
-0.915395
0.817273
0.453671
-0.261544
0.160290
0.353512
0.411554
-0.781189
0.165654
0.101561
0.050092
-0.223549
0.907994
-0.542714
0.738953
-0.971947
-0.773025
-0.585321
0.654171
-0.095218
-0.896313
0.788711
-0.824339
0.099890
-0.583748
-0.395247
-0.158678
-0.775668
0.835509
-0.285360
0.734847
0.246900
0.962427
0.740698
0.018730
0.710255
-0.761949
0.213718
-0.636464
0.316687
-0.702005
-0.300168
-1.000000
0.810424
-0.693056
-0.657089
0.885790
-0.416185
-0.583324
0.865326
0.129841
-0.011633
0.987685
-0.454438
0.848043
-0.030633
0.124829
-0.522745
-0.604981
0.318672
0.675391
0.287988
0.489713
-0.110931
-0.408422
-0.671024
-0.786768
-0.189983
-0.091923
-0.160538
0.734644
-0.489651
-0.705468
0.598404
-0.257714
0.692040
0.144138
-0.304218
0.399412
-0.056501
0.558088
0.643832
-0.631019
0.721086
0.695996
0.489280
0.960264
0.931871
-0.612729
0.799493
-0.986742
-0.659479
-0.390661
-0.327616
0.201017
1.000000
0.441185
0.865877
0.633946
-0.935504
0.380762
-0.061670
0.513046
0.751472
-0.791656
0.530645
0.207403
0.662293
0.904554
-0.835851
0.044298
0.016008
-0.166632
0.735333
-0.680634
0.696585
0.152850
-0.742007
0.605520
-0.588076
0.065213
0.336810
0.290547
-0.899869
0.290684
0.068647
0.858758
-0.089356
-0.368842
0.375417
-0.009455
-0.889493
-0.596663
-0.673359
0.571276
-0.192424
0.012537
0.108377
0.687606
0.789097
0.804943
0.308270
0.944298
0.538848
0.265048
0.783399
0.413049
-0.393501
-0.296967
-0.751779
0.661019
0.275743
-0.260030
0.727087
0.956308
0.754743
0.342743
-0.975277
0.115909
-0.594486
0.455265
-0.626780
0.889718
0.618916
-0.539460
-0.671718
-0.280600
0.698655
-0.853587
0.463311
0.958057
0.656779
0.449389
-0.220943
-1.000000
0.024138
-0.372439
-0.989319
-0.357801
-0.807034
0.115379
-0.004899
0.130927
-0.950791
0.084963
-0.402527
-0.853324
-0.940136
-0.115539
-0.021816
0.111520
-0.629447
0.827263
0.464952
-0.673357
0.168899
-0.633467
-0.867509
-0.152284
0.167147
-0.644283
0.986238
0.128223
-0.362947
0.579648
-0.266140
0.076683
0.336961
-0.362314
0.201640
0.025459
0.694365
-0.973833
-0.002321
0.998706
0.743329
-0.326297
0.255169
0.991912
0.037124
-1.000000
0.383404
0.308737
0.225084
0.071221
0.385706
0.767320
-0.852598
0.336919
0.434366
-0.774919
0.567804
0.942940
0.243800
0.319251
-0.008231
-0.898146
-0.567459
0.146415
-0.248801
0.459081
-0.276563
-0.637426
-0.169001
-0.788628
-0.911211
-0.895941
0.140290
0.758632
0.803993
-0.406851
0.985279
-0.949206
0.881966
0.185651
0.448727
0.573611
-0.871417
0.814328
0.417587
-0.223910
0.118312
-0.232927
-0.896401
0.271638
-0.078150
0.587667
0.847567
-0.599105
-0.331287
-0.632574
0.949060
0.475032
0.025949
-0.223393
0.145098
0.504926
0.019962
-0.393771
0.528736
0.604229
0.751445
0.225186
0.132595
0.542959
-0.049543
-0.819939
-0.527358
0.402094
-0.522350
0.430686
0.938079
0.198812
0.802736
0.104770
0.914701
-0.906698
0.393724
0.432778
0.057224
0.212343
0.480776
0.896547
-0.209047
0.595418
0.461765
-0.589466
-0.705998
0.775304
-0.518425
0.053789
-0.618107
-0.300847
0.459486
-0.982585
-0.472199
-0.711488
-0.284134
0.512531
0.807865
0.880978
0.820642
0.408683
-0.766682
-0.973713
-0.224855
0.626357
-0.879043
0.380480
0.242279
-0.199120
0.255241
0.452567
-0.921567
0.611325
-0.687808
0.825535
1.000000
0.686667
-0.064271
0.240673
0.037711
-0.533963
-0.104955
-0.190346
-1.000000
0.512920
0.383356
-0.545511
-0.254557
0.581001
-0.107594
0.937940
-0.501872
-0.575366
0.393393
-0.750825
0.290902
-0.177269
-0.866664
-0.837790
0.321702
0.422681
-0.074037
-0.383561
-0.527199
-0.011975
-0.236315
-0.927545
-0.044473
0.470243
-0.185450
1.000000
-0.451795
-0.130822
-0.356324
-0.314277
1.000000
-0.679159
-0.219544
0.213987
0.246261
-1.000000
-0.302177
1.000000
0.795362
0.790801
0.406604
-0.808540
-0.850270
-0.898152
-1.000000
-0.263819
0.692202
-0.358877
-0.618385
-0.399817
-0.744879
0.959610
-0.333022
0.672466
-0.054194
-0.816195
-0.640798
-0.491820
0.477449
-0.271293
0.630817
0.552492
0.453265
0.716503
1.000000
-0.394166
0.524786
0.338982
-0.982924
-0.261268
1.000000
0.681542
-0.489382
0.860142
0.120316
0.605959
-1.000000
-0.878687
-0.819345
0.932669
-1.000000
0.468167
-0.947448
-0.390477
0.004999
-0.204174
-0.550672
0.933474
0.090640
-0.180116
0.303801
-0.251206
-0.457848
0.029743
0.034543
-0.167887
0.931993
0.794230
0.408739
0.874620
-0.589565
-0.247342
-0.629415
0.029454
0.882442
1.000000
0.389345
0.342969
0.186852
0.219492
0.541442
-0.772736
-0.160672
0.915782
-0.849981
0.284609
0.644044
-0.476658
0.890378
0.360235
0.127642
0.830197
0.394140
-0.667410
0.025920
0.151688
-0.121237
0.055082
0.012747
-0.014417
0.086635
0.027528
-0.109279
0.235907
0.486452
0.597131
0.000792
0.037871
0.046282
0.009266
0.388507
0.183451
0.000075
0.165825
0.058618
0.007185
0.040471
0.039084
0.002277
0.071697
0.002736
0.013031
0.043278
0.000052
0.034867
0.000002
0.000008
0.089707
0.000101
0.588604
0.001335
0.000226
0.001481
0.095505
0.416981
0.145643
0.018205
0.000711
0.000072
0.079627
0.154171
0.000339
0.000807
0.132904
0.739372
0.183383
0.171607
0.000013
0.080537
0.772415
0.129700
0.236747
0.000730
0.053813
0.000271
0.006341
0.001221
0.034087
0.032564
0.000844
0.001987
0.005079
0.012283
0.028853
0.008421
0.025005
0.054780
0.000363
0.024153
0.562595
0.039563
0.031039
0.028150
0.008813
0.002242
0.736238
0.010868
0.004971
0.063455
0.021846
0.192596
0.193522
0.003445
0.000748
0.086086
0.000493
0.047309
0.007380
0.092570
0.020257
0.186027
0.035470
0.000588
0.001033
0.000121
0.000263
0.070986
0.000562
0.000025
0.072316
0.000823
0.000418
0.002325
0.004387
0.151258
0.001728
0.000039
0.000032
0.059606
0.016513
0.041625
0.063541
0.000144
0.009934
0.007031
0.287869
0.018021
0.360319
0.013277
0.105877
0.000818
0.067669
0.695428
0.000283
0.001425
0.006836
0.013585
0.054628
0.000137
0.000085
0.012661
0.081999
0.028862
0.056116
0.032794
0.000368
0.004984
0.000974
0.007196
0.474369
0.020931
0.020559
0.288404
0.063225
0.021532
0.658369
0.008809
0.016696
0.161523
0.000002
0.056054
0.018972
0.036526
0.242224
0.287092
0.001108
0.000130
0.017959
0.001133
0.022171
0.011534
0.002029
0.179981
0.089056
0.197242
0.007937
0.062257
0.000271
0.004964
0.120861
0.002569
0.036442
0.001993
0.000342
0.003790
0.011701
0.000016
0.256434
0.101192
0.001074
0.137591
0.010014
0.017500
0.048524
0.008869
0.141194
0.065519
0.000011
0.037604
0.001363
0.001572
0.002847
0.000702
0.000142
0.014205
0.239155
0.002296
0.026112
0.004976
0.000054
0.000155
0.064417
0.000456
0.000762
0.046448
0.047233
0.005910
0.017338
0.037799
0.207464
0.031285
0.036244
0.000608
0.000115
0.153626
0.000937
0.000066
0.003675
0.009950
0.136778
0.005309
0.000300
0.000669
0.000054
0.000463
0.001953
0.000136
0.066964
0.015950
0.015443
0.022862
0.000433
0.012156
0.000531
0.036578
0.008542
0.296155
0.004791
0.218824
0.014122
0.056653
0.016125
0.000132
0.001777
0.056482
0.211134
0.000152
0.000221
0.001284
0.012925
0.022082
0.000034
0.007359
0.018258
0.003585
0.001761
0.003094
0.031365
0.001193
0.001155
0.142964
0.000644
0.000640
0.000065
0.098360
0.040282
0.276926
0.002847
0.203530
0.017585
0.000113
0.653198
0.002184
0.047705
0.042700
0.009043
0.001871
0.027411
0.000887
0.000241
0.048321
0.038531
0.089703
0.000017
0.001001
0.039393
0.073478
0.024151
0.002630
0.003885
0.004012
0.489310
0.001260
0.094551
0.172412
0.123143
0.087965
0.000590
0.037066
0.238824
0.004724
0.000061
0.022459
0.243412
0.002118
0.165205
0.002835
0.037721
0.000144
0.084771
0.003498
0.095300
0.000051
0.246098
0.445552
0.016028
0.003147
0.242281
0.065063
0.000885
0.000291
0.000173
0.099552
0.255116
0.001569
0.005638
0.007228
0.043112
0.369993
0.002073
0.043553
0.194041
0.473819
0.010938
0.012737
0.000851
0.106263
0.000061
0.057427
0.007610
0.010003
0.000058
0.000201
0.163742
0.205871
0.030558
0.044406
0.203724
0.029106
0.003325
0.011770
0.003756
0.006913
0.003859
0.435724
0.000831
0.000779
0.038443
0.009223
0.001924
0.016005
0.203766
0.048638
0.000003
0.000487
0.060950
0.120924
0.020124
0.000366
0.002847
0.056840
0.019575
0.000742
0.131057
0.013502
0.077528
0.000119
0.000063
0.047321
0.000831
0.720025
0.000250
0.008965
0.002638
0.000043
0.001356
0.000191
0.107938
0.000140
0.059992
0.156942
0.001161
0.001390
0.000031
0.028034
0.000656
0.022290
0.238182
0.056812
0.000127
0.005777
0.014987
0.000191
0.016853
0.015586
0.032669
0.024322
0.000579
0.217065
0.000221
0.293885
0.003329
0.000031
0.003219
0.121624
0.000063
0.001108
0.000955
0.069898
0.000109
0.088806
0.000251
0.000025
0.001307
0.000688
0.104464
0.052000
0.000002
0.001352
0.012005
0.001883
0.005340
0.180672
0.003520
0.086625
0.000032
0.007430
0.000003
0.000006
0.064314
0.031571
0.021034
0.000015
0.029350
0.006477
0.001888
0.006350
0.014497
0.001484
0.002012
0.000012
0.005691
0.008661
0.004036
0.035611
0.159505
0.081614
0.600874
0.000034
0.000063
0.007546
0.001738
0.034807
0.000584
0.257528
0.012151
0.012004
0.000739
0.000002
0.002492
0.000700
0.005605
0.023022
0.000392
0.000028
0.002376
0.011808
0.026849
0.000642
0.040386
0.000184
0.000672
0.048849
0.000299
0.006905
0.038351
0.044428
0.000119
0.554959
0.000184
0.000003
0.000305
0.067295
0.000003
0.016529
0.004570
0.000588
0.101962
0.167084
0.000081
0.627333
0.011411
0.009763
0.008169
0.061209
0.113971
0.249400
0.039159
0.001588
0.000002
0.000042
0.027098
0.000640
0.000036
0.071567
0.032000
0.013067
0.000047
0.086989
0.000013
0.000576
0.025547
0.000237
0.364639
0.499171
0.169293
0.016773
0.000527
0.000008
0.006792
0.000005
0.011525
0.005423
0.000004
0.049912
0.002569
0.001831
0.016885
0.000894
0.000080
0.000073
0.201491
0.198617
0.000060
0.000030
0.030479
0.005461
0.006854
0.000313
0.034272
0.000836
0.039339
0.165314
0.022667
0.000635
0.003806
0.016303
0.628533
0.000015
0.000003
0.000321
0.002272
0.000421
0.000271
0.007117
0.002009
0.038921
0.006777
0.483736
0.070488
0.140455
0.009798
0.128652
0.159554
0.286717
0.015553
0.001257
0.005753
0.006693
0.006076
0.002833
0.000186
0.778391
0.011139
0.000684
0.122569
0.013598
0.090126
0.000113
0.006038
0.092547
0.002365
0.091344
0.004352
0.003394
0.007931
0.011039
0.321809
0.000044
0.076967
0.002571
0.347881
0.051402
0.044507
0.001467
0.023875
0.072562
0.000447
0.006452
0.013442
0.009611
0.000361
0.000105
0.025476
0.000065
0.272185
0.027094
0.042895
0.083876
0.000013
0.000223
0.003776
0.020128
0.228863
0.095744
0.051466
0.089406
0.000182
0.000027
0.000162
0.010611
0.018835
0.006487
0.040039
0.075011
0.000306
0.495299
0.022452
0.002424
0.192793
0.055147
0.001816
0.002259
0.002714
0.004483
0.160834
0.152213
0.042264
0.060045
0.004806
0.707695
0.029925
0.000061
0.005403
0.000071
0.013107
0.214738
0.038642
0.123386
0.000295
0.303176
0.014700
0.000322
0.088316
0.081758
0.003278
0.143526
0.109171
0.020372
0.000803
0.009557
0.038073
0.117811
0.103536
0.000092
0.000036
0.007622
0.001460
0.195729
0.126609
0.007589
0.008092
0.043516
0.055782
0.000061
0.000054
0.000338
0.472589
0.089930
0.000051
0.349010
0.000115
0.011126
0.000866
0.067248
0.008727
0.032422
0.026186
0.336154
0.018918
0.048005
0.000794
0.156659
0.095394
0.013437
0.000144
0.047235
0.012751
0.277350
0.003068
0.229315
0.007544
0.002750
0.036261
0.002105
0.000206
0.007170
0.002476
0.006328
0.000554
0.002152
0.000121
0.014517
0.000003
0.008862
0.000086
0.000006
0.000088
0.001629
0.062037
0.040650
0.003850
0.001560
0.000201
0.081284
0.003700
0.569098
0.036389
0.009667
0.012927
0.133197
0.000085
0.001863
0.053828
0.006725
0.020109
0.015756
0.003626
0.000648
0.002960
0.003490
0.000231
0.011210
0.000456
0.004470
0.038238
0.089920
0.109748
0.006229
0.000002
0.008178
0.003021
0.000169
0.015576
0.258782
0.009076
0.001176
0.015943
0.007452
0.000998
0.000031
0.003920
0.019529
0.011060
0.099250
0.013290
0.097393
0.000005
0.107722
0.004843
0.000793
0.013961
0.007760
0.000287
0.017895
0.010937
0.159595
0.061927
0.001133
0.000124
0.005261
0.000037
0.000010
0.078353
0.085693
0.008559
0.001363
0.000301
0.030493
0.000143
0.327971
0.039892
0.093719
0.000273
0.136060
0.022011
0.000208
0.000151
0.012550
0.003360
0.027166
0.000451
0.008176
0.000398
0.340753
0.518145
0.020727
0.000225
0.001241
0.196454
0.000102
0.001027
0.011495
0.000836
0.000201
0.019719
0.136328
0.062166
0.057671
0.029949
0.004007
0.007607
0.009677
0.040834
0.000550
0.041312
0.062192
0.094671
0.014276
0.047484
0.050774
0.000633
0.177870
0.192717
0.016185
0.001031
0.004620
0.000358
0.301257
0.035006
0.033628
0.019362
0.001674
0.240224
0.000621
0.321021
0.021489
0.003275
0.247375
0.067545
0.000013
0.000109
0.042927
0.004138
0.000599
0.003824
0.001966
0.000017
0.072384
0.000630
0.483009
0.001201
0.000002
0.537135
0.010589
0.002295
0.013117
0.000923
0.007222
0.017408
0.004976
0.128715
0.000364
0.008520
0.010092
0.000010
0.000183
0.174578
0.006222
0.006508
0.000438
0.005876
0.124788
0.057554
0.000755
0.049425
0.036292
0.033184
0.011607
0.009668
0.056651
0.344977
0.033263
0.005495
0.000012
0.000098
0.013976
0.012186
0.087593
0.034346
0.007106
0.000638
0.702984
0.017308
0.000128
0.015939
0.025052
0.090211
0.142696
0.424936
0.000504
0.000003
0.000701
0.129384
0.021113
0.053062
0.000085
0.000496
0.298489
0.003085
0.007298
0.055958
0.686478
0.000098
0.001002
0.000002
0.000245
0.000002
0.129667
0.000061
0.001169
0.023264
0.002286
0.000691
0.050584
0.013198
0.005088
0.005072
0.010005
0.003007
0.001032
0.022371
0.000131
0.167959
0.000356
0.076659
0.003986
0.002521
0.024316
0.453786
0.000044
0.734867
0.002341
0.277072
0.006090
0.001862
0.451306
0.000336
0.155108
0.006252
0.041313
0.065777
0.018222
0.041588
0.014911
0.003007
0.062710
0.000143
0.025307
0.218502
0.013651
0.023117
0.155369
0.505333
0.013493
0.000059
0.002623
0.558432
0.094410
0.000213
0.008412
0.001494
0.041996
0.127015
0.001080
0.000062
0.616036
0.004024
0.018314
0.007596
0.021785
0.003076
0.021595
0.065154
0.001120
0.000035
0.033291
0.000827
0.115403
0.000005
0.019527
0.001221
0.064614
0.002038
0.396782
0.073437
0.000063
0.000053
0.014563
0.000238
0.029888
0.035056
0.015611
0.039238
0.007937
0.000504
0.001330
0.001828
0.214559
0.078951
0.005481
0.000177
0.000006
0.001038
0.071409
0.000006
0.005242
0.096897
0.072640
0.000004
0.000290
0.040056
0.277532
0.024901
0.000518
0.018069
0.006183
0.131050
0.100400
0.002052
0.010835
0.053152
0.006049
0.001896
0.000004
0.079720
0.019649
0.005167
0.003487
0.097182
0.102411
0.000644
0.031792
0.006987
0.007541
0.100890
0.233252
0.012196
0.000324
0.000235
0.000040
0.008217
0.145648
0.000231
0.026702
0.000314
0.000007
0.074504
0.040166
0.000002
0.033586
0.020865
0.016807
0.064364
0.000780
0.005962
0.006578
0.003516
0.004227
0.044885
0.272415
0.036793
0.044244
0.006787
0.037520
0.010147
0.000518
0.308804
0.000477
0.056602
0.024984
0.118196
0.050042
0.012089
0.024056
0.022953
0.018918
0.073764
0.000872
0.003713
0.002555
0.043291
0.000014
0.166313
0.055170
0.000004
0.001946
0.000265
0.009172
0.103354
0.051701
0.000102
0.237529
0.007764
0.297188
0.113908
0.000003
0.035660
0.016446
0.005674
0.850653
0.001427
0.036400
0.293429
0.005360
0.012806
0.236731
0.080438
0.344744
0.015293
0.000057
0.004354
0.001854
0.006704
0.029610
0.000002
0.004802
0.013957
0.049159
0.000290
0.007948
0.000497
0.100100
0.003181
0.040752
0.011761
0.000368
0.003017
0.000670
0.008590
0.020688
0.124370
0.000594
0.002473
0.001179
0.027155
0.160600
0.002997
0.018706
0.000002
0.020818
0.000123
0.002074
0.022829
0.000002
0.133774
0.392991
0.046888
0.000045
0.005927
0.003702
0.003688
0.017922
0.001025
0.002520
0.000745
0.005296
0.002148
0.016044
0.002487
0.000083
0.083997
0.000131
0.001947
0.001513
0.002302
0.002373
0.118395
0.000048
0.136939
0.000026
0.000850
0.203042
0.088489
0.004124
0.123780
0.039605
0.058238
0.000007
0.000001
0.000003
0.029284
0.001033
0.030092
0.107793
0.002973
0.003348
0.033234
0.003362
0.014062
0.319653
0.005202
0.740654
0.004493
0.001772
0.074250
0.014431
0.001361
0.266603
0.001683
0.005271
0.225275
0.013240
0.000121
0.000616
0.003927
0.767343
0.000067
0.066611
0.117022
0.144389
0.076275
0.001122
0.094051
0.001260
0.018611
0.000061
0.077638
0.106682
0.280227
0.356398
0.000002
0.000856
0.105171
0.022666
0.001336
0.000217
0.015268
0.149605
0.002803
0.000728
0.023041
0.072963
0.040154
0.031420
0.011731
0.104970
0.402463
0.023060
0.003284
0.007555
0.060963
0.006282
0.006426
0.001120
0.197049
0.001392
0.000036
0.005041
0.005008
0.025416
0.000869
0.042071
0.035706
0.012517
0.000204
0.000015
0.018333
0.003459
0.000476
0.031117
0.006929
0.756618
0.043570
0.000318
0.000411
0.538267
0.422482
0.118384
0.658085
0.040737
0.000516
0.343686
0.002710
0.000710
0.000359
0.030800
0.017957
0.000007
0.081025
0.056070
0.054020
0.000468
0.008974
0.872984
0.055906
0.279087
0.000002
0.035008
0.227487
0.020531
0.009771
0.009767
0.074124
0.043106
0.001341
0.251200
0.121511
0.002313
0.000002
0.001329
0.008110
0.042979
0.290871
0.562925
0.000504
0.027812
0.001658
0.000258
0.000285
0.134864
0.120703
0.032114
0.000152
0.058142
0.070526
0.000175
0.000130
0.149275
0.000002
0.076614
0.003536
0.009242
0.010204
0.007853
0.001636
0.010665
0.331743
0.269665
0.441806
0.000025
0.275220
0.003550
0.044470
0.002088
0.043289
0.003884
0.035650
0.089344
0.010379
0.002239
0.009155
0.383478
0.014988
0.001447
0.000124
0.239251
0.121723
0.009724
0.003184
0.000372
0.000982
0.001578
0.009960
0.042929
0.004059
0.005499
0.041871
0.000151
0.002650
0.040083
0.001877
0.004830
0.022387
0.002572
0.008203
0.001717
0.000164
0.001292
0.066494
0.116137
0.007274
0.027066
0.025165
0.028380
0.009419
0.118922
0.004720
0.007488
0.020834
0.000691
0.004493
0.052947
0.052609
0.058149
0.016114
0.015691
0.001917
0.041312
0.007921
0.001530
0.000027
0.068297
0.017794
0.000920
0.018082
0.001525
0.000015
0.006788
0.012180
0.020620
0.000002
0.003814
0.049647
0.150309
0.000773
0.000015
0.000836
0.001569
0.046003
0.185865
0.032809
0.001761
0.029615
0.044370
0.002908
0.075421
0.000295
0.052586
0.028471
0.000023
0.000174
0.009635
0.219289
0.002484
0.410456
0.010991
0.005898
0.009805
0.375392
0.000830
0.027609
0.004897
0.000002
0.094442
0.000515
0.000081
0.059865
0.181707
0.187916
0.008471
0.000912
0.031056
0.022683
0.078098
0.029419
0.605209
0.044104
0.002055
0.015326
0.270502
0.000003
0.121982
0.068628
0.042217
0.000558
0.000399
0.032069
0.070772
0.004372
0.000032
0.002588
0.002835
0.000002
0.016245
0.001944
0.010090
0.004590
0.000188
0.056533
0.149087
0.019153
0.006666
0.002297
0.014067
0.069836
0.068054
0.025637
0.000514
0.159363
0.013223
0.032679
0.001484
0.549618
0.067126
0.174351
0.175263
0.175469
0.001975
0.000965
0.025119
0.340161
0.012640
0.036409
0.000231
0.008404
0.044658
0.280073
0.392940
0.000333
0.000370
0.064013
0.017210
0.000381
0.004279
0.000040
0.006072
0.341313
0.000008
0.027884
0.012606
0.037444
0.000616
0.000847
0.006183
0.001037
0.000009
0.092379
0.006674
0.004232
0.000721
0.408469
0.002668
0.054742
0.052128
0.158669
0.021841
0.006803
0.503628
0.279298
0.000009
0.012263
0.122533
0.047023
0.273234
0.000138
0.006390
0.000242
0.236324
0.035314
0.000214
0.015935
0.000030
0.007855
0.000002
0.001234
0.020173
0.011232
0.000882
0.028085
0.003815
0.005358
0.001074
0.259903
0.014240
0.260176
0.002107
0.002713
0.002029
0.001881
0.000002
0.001004
0.255472
0.019932
0.018596
0.025401
0.209459
0.005705
0.058395
0.002798
0.367883
0.001641
0.110084
0.004397
0.002478
0.007833
0.018117
0.026116
0.015256
0.021155
0.000198
0.001171
0.094114
0.000113
0.002811
0.007962
0.000034
0.001356
0.050372
0.003098
0.002395
0.113149
0.403278
0.019748
0.000216
0.009779
0.003555
0.000004
0.000473
0.023626
0.001022
0.000007
0.001413
0.015663
0.000474
0.003285
0.051416
0.000019
0.165254
0.000006
0.005389
0.000168
0.000086
0.003168
0.586058
0.022847
0.067043
0.000154
0.000005
0.015518
0.015062
0.062175
0.001258
0.008103
0.013344
0.000006
0.009203
0.040400
0.022931
0.006868
0.000395
0.000449
0.000066
0.060307
0.000017
0.103059
0.129582
0.054549
0.000176
0.099780
0.002105
0.001866
0.002079
0.001432
0.018531
0.115649
0.003628
0.145343
0.000300
0.009639
0.000757
0.030740
0.028961
0.001029
0.040062
0.000085
0.040399
0.000679
0.000061
0.000176
0.123331
0.013715
0.412158
0.000138
0.007972
0.695697
0.016318
0.000008
0.001785
0.018497
0.105458
0.000731
0.039632
0.054941
0.000711
0.001875
0.000330
0.000767
0.006324
0.061230
0.015272
0.051858
0.022277
0.007088
0.337064
0.093338
0.010575
0.092370
0.007033
0.000272
0.013727
0.040154
0.036191
0.000005
0.002105
0.006650
0.045111
0.001038
0.080551
0.001287
0.011379
0.581717
0.000049
0.012366
0.047567
0.011477
0.000006
0.000040
0.167301
0.005049
0.001693
0.000098
0.005227
0.011174
0.004751
0.211779
0.000019
0.000700
0.103638
0.006958
0.077377
0.019520
0.000838
0.019708
0.001000
0.013224
0.000430
0.063968
0.003500
0.005287
0.036406
0.007701
0.143887
0.005829
0.000930
0.002638
0.005688
0.014289
0.094952
0.000021
0.090732
0.071934
0.068648
0.025697
0.000168
0.198278
0.009108
0.204161
0.011779
0.000037
0.003537
0.131612
0.006311
0.000480
0.002317
0.025753
0.001787
0.016798
0.000020
0.004758
0.000008
0.013276
0.209472
0.152732
0.056438
0.024206
0.003616
0.000055
0.332180
0.000378
0.109084
0.000004
0.043569
0.008184
0.012730
0.282721
0.000026
0.000051
0.007087
0.000541
0.095303
0.006210
0.006695
0.005329
0.000702
0.158470
0.000030
0.051006
0.011166
0.047263
0.002292
0.038591
0.050133
0.000394
0.001534
0.120976
0.011169
0.000306
0.001083
0.005417
0.055778
0.000217
0.002765
0.037150
0.033992
0.062021
0.111809
0.001996
0.003931
0.033161
0.237575
0.030787
0.013626
0.000185
0.008558
0.000009
0.002078
0.000030
0.008310
0.005746
0.000418
0.000688
0.000030
0.035077
0.007991
0.002555
0.000478
0.016223
0.020862
0.000797
0.038904
0.022205
0.001202
0.002689
0.064904
0.048662
0.006329
0.005433
0.000284
0.002964
0.014143
0.015996
0.022348
0.000285
0.001022
0.050988
0.001192
0.001734
0.041312
0.034030
0.000008
0.065915
0.019730
0.000113
0.035596
0.004437
0.067422
0.012556
0.057642
0.011506
0.001738
0.005478
0.004626
0.000046
0.000009
0.051805
0.004857
0.037588
0.115524
0.281943
0.000099
0.015620
0.669962
0.005373
0.000018
0.009264
0.020724
0.001149
0.044574
0.004283
0.001040
0.026488
0.025478
0.055201
0.001494
0.002550
0.005063
0.495726
0.005766
0.024185
0.033283
0.088653
0.316818
0.018862
0.010894
0.001661
0.000728
0.035098
0.004202
0.000198
0.017119
0.018695
0.005727
0.000647
0.005378
0.002053
0.003570
0.000323
0.000015
0.001845
0.000033
0.002264
0.000971
0.004587
0.005902
0.050301
0.000048
0.035061
0.004924
0.043225
0.071318
0.010771
0.000636
0.002289
0.008208
0.000664
0.209999
0.000109
0.033126
0.012975
0.027605
0.000417
0.043980
0.002532
0.179883
0.082435
0.014228
0.000171
0.264805
0.000216
0.000095
0.022352
0.007337
0.000021
0.000020
0.000016
0.071588
0.308881
0.026571
0.038797
0.000199
0.028019
0.052599
0.002602
0.064476
0.002153
0.015346
0.158909
0.000056
0.666181
0.064043
0.011978
0.003042
0.002134
0.066906
0.012139
0.068172
0.004445
0.000002
0.129232
0.000046
0.165927
0.006384
0.000067
0.000096
0.011449
0.015036
0.119256
0.154945
0.227075
0.009801
0.066131
0.004958
0.003123
0.000061
0.061557
0.000153
0.000514
0.004182
0.000117
0.010672
0.087474
0.000897
0.099972
0.005423
0.000165
0.000034
0.000158
0.003872
0.095266
0.000871
0.025870
0.001490
0.393189
0.002163
0.000048
0.004855
0.025496
0.054200
0.069877
0.000253
0.487069
0.002767
0.029081
0.000612
0.025428
0.059943
0.003245
0.045223
0.004903
0.098406
0.231863
0.002325
0.015386
0.004914
0.003681
0.120255
0.000488
0.040517
0.006217
0.066769
0.127014
0.096434
0.003994
0.059940
0.001228
0.045494
0.033525
0.008391
0.003045
0.011358
0.002453
0.002239
0.068078
0.000002
0.002195
0.024454
0.003605
0.000043
0.018800
0.095991
0.024512
0.062964
0.055356
0.285283
0.002652
0.090787
0.008351
0.062724
0.001756
0.001204
0.015836
0.000002
0.000684
0.000865
0.003768
0.097831
0.530933
0.000914
0.000427
0.000298
0.037220
0.015921
0.000228
0.010409
0.061540
0.031244
0.024372
0.003393
0.061067
0.006589
0.048263
0.022736
0.166243
0.063550
0.000247
0.002903
0.104898
0.000392
0.019343
0.000010
0.001158
0.141525
0.027440
0.182893
0.369761
0.006702
0.016970
0.041572
0.284834
0.148055
0.000295
0.000007
0.008322
0.009561
0.058418
0.005740
0.062677
0.051148
0.003275
0.000017
0.066060
0.010341
0.009675
0.042778
0.000022
0.002512
0.001519
0.095767
0.005227
0.323386
0.013362
0.005084
0.533409
0.093702
0.020277
0.009052
0.071923
0.408128
0.001590
0.729606
0.047226
0.027625
0.000016
0.000733
0.265731
0.030470
0.000145
0.339355
0.000052
0.023757
0.006171
0.000051
0.001314
0.055914
0.045934
0.015585
0.571228
0.009976
0.042362
0.076503
0.017008
0.052178
0.010208
0.000026
0.004900
0.281062
0.001369
0.067650
0.044849
0.000139
0.129974
0.040638
0.300727
0.011944
0.005342
0.045669
0.032683
0.006034
0.000155
0.005110
0.006068
0.023258
0.421766
0.010365
0.000844
0.056330
0.121959
0.047156
0.000080
0.075664
0.007980
0.000002
0.127498
0.025039
0.014711
0.054821
0.016563
0.030741
0.000100
0.005610
0.000125
0.599575
0.446804
0.066770
0.103163
0.262219
0.056245
0.003372
0.008093
0.000266
0.000338
0.008391
0.057108
0.000161
0.304346
0.000790
0.004667
0.006123
0.181709
0.575450
0.000002
0.182192
0.001821
0.248774
0.003024
0.013939
0.001881
0.059202
0.018244
0.015181
0.022948
0.000702
0.051636
0.018583
0.008634
0.006573
0.005410
0.001814
0.000510
0.012694
0.004901
0.002362
0.102469
0.000283
0.079827
0.052792
0.005600
0.041419
0.006987
0.073552
0.023619
0.033654
0.015155
0.000006
0.013485
0.101336
0.001206
0.011911
0.000073
0.007096
0.005731
0.000029
0.083270
0.195955
0.076796
0.005371
0.089757
0.068873
0.001084
0.002733
0.204497
0.011275
0.022626
0.070149
0.000006
0.049734
0.000527
0.129529
0.001781
0.171381
0.105003
0.035968
0.002954
0.072508
0.050978
0.010799
0.000083
0.000967
0.006377
0.000524
0.000001
0.082581
0.289364
0.004243
0.033921
0.000433
0.098842
0.008588
0.001239
0.036603
0.000013
0.002375
0.009597
0.000018
0.000910
0.023359
0.008075
0.002998
0.492668
0.000428
0.000028
0.565153
0.129208
0.007043
0.014406
0.448450
0.000065
0.066443
0.412396
0.000005
0.003262
0.004233
0.020344
0.039592
0.001936
0.001022
0.000447
0.004678
0.015330
0.142565
0.012329
0.038668
0.000225
0.231194
0.050617
0.039800
0.039875
0.044610
0.003383
0.000166
0.000890
0.000394
0.019933
0.204130
0.008958
0.005084
0.010021
0.000166
0.010774
0.042112
0.053441
0.092925
0.001227
0.072975
0.024210
0.076605
0.015387
0.008327
0.094764
0.000175
0.187719
0.142479
0.156179
0.001804
0.018710
0.022717
0.163923
0.002781
0.000068
0.132473
0.001946
0.026643
0.019194
0.003692
0.160819
0.029990
0.000371
0.000036
0.047781
0.020237
0.001459
0.293366
0.119495
0.005298
0.103003
0.003902
0.053182
0.002884
0.815780
0.094679
0.861407
0.000185
0.000930
0.001850
0.009424
0.002172
0.000803
0.434996
0.062099
0.003084
0.157276
0.001297
0.000109
0.119310
0.415399
0.000002
0.284283
0.195215
0.006678
0.582673
0.010346
0.013845
0.050943
0.006369
0.000381
0.052705
0.010297
0.256804
0.204577
0.000017
0.002185
0.161784
0.020305
0.013057
0.083771
0.446434
0.021837
0.000023
0.020896
0.032871
0.015421
0.000321
0.000218
0.004481
0.000025
0.006483
0.002915
0.002114
0.000548
0.016755
0.182984
0.000289
0.249623
0.136394
0.000354
0.028543
0.021313
0.277802
0.000002
0.545665
0.002194
0.034422
0.003605
0.001557
0.015689
0.004114
0.284067
0.424085
0.000063
0.033208
0.000034
0.012440
0.045697
0.002213
0.003937
0.499348
0.000576
0.000101
0.070962
0.000018
0.000061
0.050939
0.206097
0.029193
0.003813
0.052634
0.171671
0.000442
0.013390
0.184942
0.011605
0.133685
0.683243
0.200026
0.001065
0.000244
0.000259
0.008836
0.160793
0.099670
0.005924
0.100379
0.000095
0.016420
0.068391
0.002084
0.000131
0.004224
0.020575
0.127344
0.013893
0.528268
0.006701
0.000027
0.001364
0.042895
0.084920
0.008153
0.006908
0.000004
0.015044
0.001111
0.052364
0.082153
0.039508
0.000002
0.000966
0.000440
0.049505
0.000291
0.115695
0.018509
0.039997
0.032364
0.031291
0.048562
0.000203
0.009440
0.121383
0.032709
0.039472
0.010104
0.000004
0.003061
0.000276
0.028550
0.002349
0.000182
0.000471
0.000950
0.009665
0.007712
0.000043
0.000433
0.000031
0.000063
0.001050
0.001624
0.065034
0.000109
0.015247
0.174040
0.062319
0.000020
0.000064
0.023017
0.011244
0.005268
0.026524
0.003683
0.436799
0.020406
0.134078
0.005508
0.003018
0.000283
0.008910
0.000032
0.050767
0.059124
0.004595
0.008501
0.000501
0.008011
0.036769
0.032082
0.023484
0.048410
0.002683
0.001697
0.000298
0.042896
0.022504
0.043092
0.003652
0.061089
0.049079
0.004215
0.008402
0.029051
0.008146
0.266260
0.000457
0.000686
0.547367
0.001395
0.004300
0.226851
0.001482
0.006828
0.000528
0.012723
0.442460
0.055776
0.003156
0.015129
0.049251
0.000762
0.000115
0.335392
0.044523
0.009211
0.000030
0.001753
0.107467
0.009042
0.001953
0.054169
0.139474
0.000874
0.013979
0.014317
0.000004
0.115367
0.074582
0.000009
0.001656
0.001840
0.001570
0.005788
0.003516
0.001181
0.002158
0.000290
0.051344
0.070563
0.005419
0.000070
0.014388
0.001106
0.092928
0.001218
0.059583
0.154299
0.107294
0.029054
0.726753
0.000023
0.000004
0.000037
0.010940
0.039137
0.004083
0.056579
0.067967
0.106520
0.038775
0.071131
0.002108
0.025071
0.105773
0.012417
0.000006
0.000165
0.045576
0.006110
0.021370
0.000360
0.021681
0.010010
0.013404
0.000109
0.016481
0.092379
0.200417
0.239803
0.000115
0.009048
0.007010
0.053223
0.000054
0.060827
0.005748
0.004928
0.021594
0.039104
0.065998
0.002806
0.020873
0.080940
0.006323
0.001152
0.097196
0.000089
0.033368
0.006344
0.118223
0.355634
0.004701
0.000010
0.074181
0.031619
0.001409
0.005187
0.443400
0.007374
0.000977
0.191663
0.051668
0.013905
0.000604
0.144651
0.005341
0.203163
0.008375
0.066565
0.004093
0.341908
0.020293
0.017936
0.133189
0.002900
0.099991
0.001973
0.000018
0.194361
0.076031
0.037676
0.003724
0.008963
0.000343
0.222083
0.008746
0.406259
0.046854
0.000042
0.000065
0.002067
0.000880
0.000848
0.010064
0.002331
0.007100
0.000425
0.087232
0.000307
0.322921
0.000016
0.000005
0.343443
0.000687
0.002372
0.443906
0.075408
0.330189
0.006403
0.006464
0.000543
0.009918
0.055406
0.069142
0.003036
0.174950
0.380185
0.368719
0.003361
0.000145
0.014671
0.000040
0.073228
0.000051
0.010743
0.000071
0.119019
0.061550
0.000012
0.157017
0.002042
0.002796
0.266338
0.000032
0.024801
0.000445
0.000016
0.007912
0.055643
0.024000
0.000035
0.002893
0.006733
0.028612
0.096580
0.000622
0.009670
0.605502
0.074002
0.201104
0.024215
0.000770
0.012100
0.016643
0.027587
0.045268
0.003584
0.002112
0.011133
0.014746
0.052521
0.000375
0.000260
0.009124
0.000079
0.004274
0.004811
0.036629
0.015699
0.000981
0.001357
0.154159
0.015702
0.000003
0.000425
0.199027
0.000647
0.000003
0.044114
0.018397
0.000565
0.088216
0.010302
0.000892
0.006565
0.450433
0.000526
0.114438
0.012633
0.003508
0.003217
0.011190
0.074035
0.019153
0.003769
0.000576
0.021084
0.326879
0.040634
0.005022
0.000004
0.000189
0.075268
0.000015
0.128547
0.001751
0.072403
0.183808
0.012853
0.020675
0.000030
0.005217
0.026286
0.009094
0.000933
0.130458
0.012050
0.064097
0.065697
0.000244
0.165790
0.000083
0.160534
0.001563
0.000229
0.148564
0.014381
0.002143
0.001754
0.000004
0.036328
0.169445
0.009184
0.144751
0.001475
0.825555
0.000169
0.025646
0.000007
0.013941
0.056999
0.052812
0.004332
0.087099
0.080794
0.001048
0.014723
0.120142
0.095904
0.002524
0.001414
0.000058
0.003670
0.000223
0.044092
0.126577
0.000221
0.000076
0.017340
0.006324
0.141384
0.059285
0.350432
0.044412
0.003863
0.000218
0.006364
0.056678
0.284660
0.000002
0.015671
0.051785
0.006147
0.004433
0.005020
0.108714
0.007754
0.000036
0.004260
0.000905
0.048136
0.036745
0.009089
0.055707
0.000004
0.002974
0.004134
0.005124
0.000142
0.002692
0.000253
0.037220
0.051197
0.049486
0.002552
0.083000
0.050998
0.005445
0.002299
0.005765
0.001399
0.000043
0.034242
0.001333
0.006862
0.194701
0.001050
0.000303
0.015891
0.009902
0.000025
0.052636
0.061555
0.028641
0.177378
0.000156
0.085167
0.001370
0.000030
0.271026
0.000074
0.013416
0.000731
0.095211
0.000565
0.138674
0.000447
0.002894
0.002082
0.485035
0.280614
0.001425
0.000654
0.006565
0.149906
0.000002
0.005978
0.003281
0.009456
0.020691
0.105718
0.008075
0.042576
0.006755
0.024458
0.387081
0.011697
0.173887
0.001664
0.023021
0.000188
0.000171
0.234861
0.339881
0.000003
0.025684
0.189710
0.001981
0.018365
0.000013
0.153687
0.006274
0.014416
0.000007
0.024344
0.000002
0.000240
0.000124
0.083820
0.000297
0.065909
0.076796
0.001184
0.000193
0.057418
0.000039
0.185299
0.010923
0.138348
0.000037
0.000273
0.036098
0.000022
0.170415
0.015107
0.003447
0.000047
0.530343
0.436313
0.088818
0.001112
0.002671
0.010412
0.543350
0.004338
0.007944
0.018113
0.099700
0.011701
0.005618
0.003982
0.040058
0.000082
0.015136
0.000239
0.119453
0.002277
0.083710
0.000126
0.000002
0.074721
0.000088
0.015213
0.026776
0.496151
0.008323
0.017824
0.002472
0.095243
0.061151
0.005929
0.000946
0.000036
0.000817
0.119550
0.040638
0.044675
0.000103
0.107015
0.025129
0.001572
0.000710
0.038520
0.005518
0.010301
0.000799
0.002978
0.008333
0.002795
0.008772
0.215942
0.002758
0.005687
0.452328
0.001624
0.000163
0.002849
0.008796
0.852340
0.000339
0.034604
0.008812
0.000132
0.000046
0.000330
0.119269
0.010276
0.006053
0.084347
0.062374
0.082620
0.006221
0.003549
0.002254
0.056162
0.769105
0.147544
0.000268
0.000058
0.277028
0.000375
0.000085
0.021887
0.074158
0.153185
0.073244
0.014786
0.624054
0.136999
0.095850
0.068296
0.000034
0.156869
0.239739
0.010518
0.000035
0.000080
0.001167
0.020026
0.039477
0.115823
0.065684
0.119673
0.002046
0.002911
0.029854
0.001645
0.103929
0.042394
0.238530
0.002842
0.000233
0.069714
0.000001
0.290015
0.009373
0.000210
0.002176
0.001166
0.010075
0.003048
0.058289
0.011954
0.071178
0.018035
0.022938
0.013939
0.047414
0.002548
0.036016
0.000049
0.032267
0.028135
0.000027
0.099645
0.001155
0.010061
0.000251
0.228387
0.000126
0.000297
0.006989
0.037260
0.098611
0.018480
0.017715
0.043220
0.001028
0.001065
0.014211
0.003774
0.000093
0.064613
0.015019
0.018414
0.000141
0.018093
0.047094
0.122230
0.479860
0.017480
0.003790
0.001278
0.078890
0.014194
0.000208
0.001400
0.000805
0.000058
0.176829
0.075771
0.016981
0.000084
0.000223
0.000004
0.016534
0.002744
0.013570
0.026126
0.004126
0.000143
0.003712
0.000020
0.008807
0.000236
0.020911
0.000008
0.000094
0.004442
0.007163
0.069560
0.000405
0.004503
0.000050
0.033634
0.003446
0.005504
0.003362
0.008592
0.000332
0.048829
0.031113
0.006861
0.333069
0.060037
0.010433
0.013339
0.000331
0.000001
0.000002
0.000011
0.174615
0.021831
0.003687
0.065740
0.002534
0.000198
0.000019
0.006172
0.019587
0.000676
0.000650
0.007582
0.000004
0.004592
0.012190
0.000770
0.031266
0.004890
0.001844
0.140604
0.012159
0.000150
0.046612
0.002377
0.002227
0.000609
0.034228
0.000002
0.000121
0.022002
0.016968
0.000002
0.005605
0.004496
0.126813
0.025864
0.047951
0.012512
0.052263
0.321910
0.244635
0.002644
0.084903
0.046560
0.000080
0.016433
0.000736
0.028397
0.045834
0.005955
0.032807
0.006806
0.240059
0.004529
0.040556
0.033288
0.003424
0.014186
0.001272
0.027856
0.026134
0.002488
0.076854
0.228045
0.245708
0.000002
0.052573
0.062523
0.285956
0.081975
0.000162
0.001072
0.052641
0.010465
0.000073
0.096015
0.000002
0.002175
0.008350
0.003689
0.026061
0.000018
0.079949
0.014686
0.002662
0.056989
0.040761
0.057654
0.000306
0.001015
0.007980
0.003382
0.038173
0.000012
0.004907
0.230549
0.007628
0.065225
0.187463
0.008779
0.002466
0.010685
0.028404
0.113062
0.000325
0.073032
0.000595
0.000569
0.009763
0.469822
0.000241
0.042657
0.000272
0.053829
0.003191
0.393158
0.031094
0.064183
0.002387
0.000396
0.001501
0.018348
0.024150
0.019043
0.001075
0.000036
0.000038
0.071000
0.039723
0.182572
0.000266
0.003355
0.124401
0.150425
0.004851
0.041493
0.030662
0.013554
0.098062
0.002022
0.297924
0.245743
0.266471
0.014530
0.042574
0.061715
0.000048
0.002846
0.003258
0.016750
0.044128
0.174053
0.001798
0.000054
0.000002
0.024822
0.287294
0.000355
0.000006
0.003061
0.084716
0.193534
0.056094
0.001302
0.015583
0.134612
0.017120
0.011642
0.000189
0.036988
0.077929
0.000008
0.000041
0.042253
0.000379
0.004036
0.000182
0.004973
0.064431
0.000040
0.015715
0.005471
0.008051
0.038724
0.029642
0.000034
0.000265
0.002599
0.000009
0.000068
0.006942
0.003982
0.348207
0.087108
0.035310
0.429496
0.010655
0.003203
0.007506
0.020052
0.014666
0.057239
0.001488
0.167057
0.000519
0.017790
0.000050
0.000987
0.004638
0.000775
0.038694
0.052063
0.010122
0.098685
0.000296
0.080232
0.000107
0.001515
0.030731
0.000607
0.000152
0.063111
0.017380
0.035937
0.010736
0.022098
0.031980
0.000351
0.002651
0.003055
0.007783
0.099546
0.641323
0.090675
0.022375
0.002533
0.000933
0.022616
0.008110
0.000037
0.000189
0.094902
0.344372
0.000055
0.067287
0.079834
0.078037
0.464978
0.000751
0.191743
0.022139
0.224738
0.002234
0.171969
0.088061
0.290806
0.075813
0.051443
0.014560
0.104297
0.033628
0.050261
0.024526
0.015334
0.003337
0.095937
0.004337
0.009703
0.012704
0.000264
0.000856
0.048069
0.033097
0.051850
0.000231
0.168660
0.000980
0.066167
0.008945
0.000871
0.089178
0.000011
0.000008
0.008644
0.053504
0.009715
0.000219
0.000014
0.041634
0.000159
0.002340
0.448890
0.011818
0.031133
0.206608
0.085649
0.006123
0.000250
0.000023
0.015528
0.018453
0.044615
0.023574
0.040788
0.001551
0.000002
0.132319
0.000701
0.011156
0.110345
0.003933
0.001980
0.005443
0.035769
0.000051
0.357809
0.000002
0.009396
0.001972
0.094402
0.116381
0.000012
0.060181
0.003079
0.011550
0.008760
0.003747
0.001467
0.091566
0.133882
0.038513
0.050017
0.057738
0.161778
0.091120
0.183008
0.000729
0.015590
0.001980
0.015950
0.020273
0.179846
0.247604
0.006322
0.003072
0.007400
0.005911
0.000081
0.206867
0.353291
0.024535
0.219591
0.003654
0.001295
0.009850
0.000170
0.000120
0.000007
0.004809
0.025463
0.001366
0.001717
0.231066
0.002467
0.139220
0.000333
0.007387
0.023201
0.019686
0.010165
0.000243
0.033474
0.083578
0.027063
0.036285
0.208206
0.214404
0.000403
0.003438
0.754234
0.072323
0.308102
0.000264
0.027965
0.441285
0.016352
0.000661
0.042314
0.381860
0.071955
0.001592
0.001736
0.005381
0.014465
0.000002
0.000014
0.000291
0.059108
0.002653
0.000550
0.157025
0.453411
0.002401
0.081951
0.075415
0.000018
0.001765
0.000284
0.001451
0.001822
0.040121
0.105462
0.093224
0.004190
0.017473
0.000006
0.011113
0.012268
0.000009
0.055865
0.127158
0.024365
0.003965
0.001041
0.059072
0.010213
0.001807
0.148906
0.003179
0.002447
0.002345
0.000012
0.000556
0.000881
0.002214
0.001540
0.124064
0.027319
0.004848
0.343119
0.013573
0.002681
0.000002
0.002258
0.016067
0.134511
0.008195
0.017113
0.226950
0.013625
0.025510
0.002675
0.006879
0.000963
0.280080
0.001237
0.011081
0.119714
0.019186
0.083094
0.031690
0.084471
0.017271
0.000161
0.044962
0.037065
0.088117
0.000002
0.000008
0.001491
0.057509
0.025373
0.014692
0.001260
0.013695
0.161734
0.204432
0.175154
0.005478
0.321920
0.019871
0.019736
0.000181
0.002526
0.000102
0.036982
0.002303
0.006813
0.000618
0.050274
0.030607
0.031976
0.043195
0.015121
0.060815
0.034282
0.060154
0.003799
0.017454
0.532743
0.036964
0.028387
0.000467
0.014158
0.000008
0.117901
0.079738
0.029397
0.000683
0.096610
0.107336
0.001168
0.000999
0.000222
0.005959
0.028123
0.127456
0.086546
0.000388
0.005339
0.000308
0.009151
0.005350
0.004523
0.004363
0.005159
0.060015
0.358266
0.014368
0.008608
0.000355
0.022397
0.001968
0.338445
0.523235
0.091000
0.018372
0.000804
0.016252
0.004382
0.002494
0.462187
0.401306
0.061756
0.004015
0.000065
0.000905
0.002048
0.026198
0.169664
0.000168
0.037892
0.195068
0.000435
0.001143
0.035873
0.012086
0.078628
0.008506
0.221071
0.338844
0.006871
0.002151
0.000174
0.217920
0.000294
0.009829
0.000043
0.103121
0.000715
0.067418
0.005080
0.000226
0.003203
0.059082
0.031315
0.005184
0.152136
0.005627
0.146374
0.003648
0.109700
0.002033
0.461839
0.000138
0.013246
0.028747
0.005581
0.019696
0.000222
0.002120
0.002630
0.006790
0.087267
0.024693
0.530968
0.054192
0.001337
0.000137
0.007461
0.000283
0.026326
0.000279
0.031041
0.038926
0.003374
0.208019
0.010530
0.071770
0.000009
0.000221
0.321284
0.000163
0.001170
0.482381
0.028383
0.024857
0.192884
0.000481
0.055617
0.001956
0.000292
0.074783
0.000003
0.327194
0.078250
0.625585
0.000088
0.022818
0.000888
0.018391
0.017832
0.601292
0.000400
0.001034
0.039853
0.003295
0.032673
0.152343
0.000002
0.007834
0.011258
0.000116
0.033078
0.001783
0.005569
0.000397
0.093578
0.029322
0.030581
0.000009
0.010685
0.006563
0.250791
0.174471
0.004997
0.099594
0.003942
0.333625
0.014287
0.063491
0.000016
0.000315
0.106368
0.200060
0.004313
0.120002
0.231388
0.000845
0.003987
0.033077
0.018145
0.000495
0.115215
0.000287
0.039663
0.029890
0.006204
0.000378
0.000088
0.022808
0.001984
0.006390
0.036500
0.000187
0.015731
0.057960
0.073461
0.731910
0.000002
0.024752
0.000567
0.002611
0.000363
0.003242
0.003334
0.070994
0.048126
0.010337
0.025244
0.124133
0.341890
0.312355
0.045931
0.000002
0.003083
0.091648
0.108559
0.001527
0.000032
0.001350
0.040701
0.001016
0.000010
0.000485
0.000353
0.004162
0.000288
0.001294
0.015420
0.341968
0.069668
0.014971
0.000072
0.013383
0.027608
0.026051
0.001100
0.028347
0.554159
0.558161
0.005942
0.020528
0.042120
0.000173
0.008111
0.027827
0.017976
0.192393
0.000014
0.185301
0.120119
0.022814
0.001491
0.000943
0.004026
0.009663
0.001821
0.040275
0.093141
0.001076
0.032989
0.002418
0.048186
0.018331
0.018208
0.099729
0.000229
0.059743
0.001995
0.002928
0.009363
0.000023
0.010290
0.003796
0.021960
0.004365
0.001101
0.000946
0.119128
0.008316
0.003314
0.008576
0.004571
0.000583
0.159953
0.027437
0.000658
0.001477
0.007870
0.012788
0.034208
0.024841
0.062803
0.023998
0.001976
0.001157
0.006105
0.036557
0.370003
0.009433
0.363152
0.045616
0.007744
0.000012
0.037532
0.005745
0.000033
0.008266
0.000457
0.031529
0.125864
0.070928
0.000207
0.047003
0.066117
0.783107
0.016666
0.025107
0.011675
0.080465
0.622710
0.007604
0.059209
0.001743
0.021393
0.084580
0.013828
0.000840
0.027805
0.080112
0.012339
0.010364
0.008539
0.002720
0.004013
0.094590
0.121455
0.032499
0.318965
0.145625
0.048509
0.000057
0.106118
0.006305
0.183951
0.000101
0.140299
0.056415
0.000047
0.000002
0.049041
0.001904
0.271804
0.002398
0.127951
0.037424
0.015439
0.007778
0.023065
0.005065
0.035148
0.000160
0.143157
0.008413
0.134177
0.006646
0.137699
0.010576
0.063210
0.001410
0.022673
0.812055
0.097611
0.010570
0.000253
0.061958
0.008030
0.152656
0.017886
0.123597
0.000003
0.121508
0.000841
0.000060
0.059913
0.020282
0.585480
0.052992
0.000903
0.165121
0.024099
0.476956
0.178389
0.006785
0.016762
0.447159
0.029788
0.068135
0.128020
0.409102
0.537056
0.055410
0.001570
0.000025
0.003577
0.039699
0.000195
0.013140
0.005856
0.006636
0.064755
0.000014
0.000006
0.003320
0.000292
0.013132
0.000198
0.000104
0.138307
0.056897
0.000219
0.001723
0.001928
0.001834
0.152729
0.004457
0.063761
0.129552
0.015560
0.378657
0.000611
0.007281
0.104025
0.006065
0.000002
0.273979
0.098525
0.048715
0.000654
0.555558
0.005059
0.000086
0.000049
0.009969
0.001087
0.000011
0.037168
0.060047
0.048525
0.000009
0.006119
0.001767
0.037798
0.020991
0.055337
0.025248
0.010298
0.491607
0.018346
0.034376
0.046341
0.035632
0.005515
0.000027
0.165098
0.004582
0.013748
0.040811
0.754397
0.023563
0.001819
0.000057
0.000003
0.000414
0.036954
0.091459
0.011922
0.146821
0.009849
0.109844
0.000408
0.026356
0.027747
0.002586
0.032393
0.020968
0.000314
0.199300
0.004177
0.000005
0.457437
0.200561
0.030534
0.011816
0.043493
0.004377
0.004712
0.003462
0.002750
0.083239
0.001528
0.013224
0.048516
0.000003
0.000127
0.100237
0.004427
0.001527
0.000888
0.001021
0.043461
0.010055
0.000011
0.000990
0.039708
0.001477
0.004894
0.053528
0.001105
0.000568
0.117453
0.004879
0.276859
0.513936
0.086056
0.039320
0.030189
0.036513
0.007778
0.021370
0.003887
0.010497
0.183251
0.115088
0.000007
0.000575
0.678510
0.082692
0.003998
0.006642
0.006856
0.000129
0.006363
0.108130
0.110172
0.006351
0.000988
0.001687
0.020167
0.015115
0.000055
0.080873
0.000650
0.031015
0.174277
0.094962
0.009745
0.356866
0.029654
0.000302
0.003132
0.000248
0.000126
0.023045
0.008178
0.000017
0.000811
0.014928
0.001940
0.019696
0.097519
0.050775
0.005233
0.049276
0.006834
0.002899
0.063578
0.039237
0.000416
0.000545
0.015509
0.065180
0.001163
0.008327
0.284465
0.069946
0.127836
0.002911
0.002846
0.000120
0.014272
0.046835
0.000783
0.000054
0.018214
0.000370
0.214410
0.012699
0.000321
0.000141
0.000080
0.049598
0.010965
0.214514
0.006606
0.079643
0.000519
0.000267
0.016882
0.000090
0.178303
0.000290
0.009766
0.004914
0.000171
0.076722
0.001736
0.000799
0.082464
0.017616
0.604773
0.072912
0.020043
0.103434
0.089607
0.000119
0.002694
0.016505
0.027987
0.000003
0.060254
0.005105
0.000200
0.000799
0.103685
0.040225
0.002894
0.118727
0.000008
0.009243
0.248241
0.027748
0.023478
0.128350
0.013806
0.056867
0.060702
0.000596
0.000629
0.000038
0.000634
0.015448
0.002459
0.012775
0.000287
0.376761
0.019118
0.061404
0.012041
0.002604
0.009052
0.001614
0.006979
0.606660
0.129956
0.001306
0.000556
0.032637
0.010038
0.008512
0.040183
0.018326
0.000209
0.028437
0.022224
0.032792
0.011942
0.222197
0.195941
0.012105
0.005707
0.009622
0.016840
0.013389
0.003704
0.000061
0.030889
0.000027
0.181052
0.064868
0.000036
0.009305
0.007405
0.000811
0.005393
0.062413
0.000200
0.005247
0.003703
0.006167
0.000958
0.028146
0.001877
0.004431
0.040499
0.006013
0.218396
0.098706
0.089945
0.154258
0.001648
0.225677
0.003558
0.059169
0.004285
0.341971
0.008725
0.019467
0.011116
0.766943
0.001187
0.000853
0.000673
0.000006
0.574299
0.020978
0.004815
0.001540
0.039167
0.048141
0.644990
0.001195
0.010510
0.013319
0.000265
0.005993
0.000016
0.008837
0.000254
0.006388
0.010105
0.001392
0.010641
0.091052
0.000262
0.667434
0.005035
0.004638
0.000276
0.044579
0.042252
0.003900
0.016478
0.258047
0.031468
0.040833
0.000022
0.009368
0.025682
0.136849
0.000250
0.030985
0.000173
0.065019
0.003435
0.003549
0.000779
0.023160
0.047786
0.000956
0.132610
0.576360
0.026027
0.006829
0.063036
0.073608
0.000005
0.002536
0.061943
0.189770
0.005619
0.124230
0.020122
0.014865
0.000061
0.067451
0.580073
0.091084
0.033864
0.008902
0.000901
0.000565
0.695178
0.023578
0.002506
0.002167
0.000149
0.023094
0.071147
0.002307
0.036954
0.000341
0.082014
0.006898
0.003346
0.033880
0.044844
0.001543
0.134569
0.034495
0.192510
0.000002
0.014125
0.010506
0.000495
0.018511
0.006197
0.001377
0.000002
0.160094
0.000389
0.000161
0.013148
0.008284
0.090574
0.078954
0.132784
0.019299
0.000069
0.091252
0.012395
0.000663
0.001163
0.350224
0.076868
0.010597
0.006861
0.000002
0.061636
0.221323
0.003616
0.021017
0.008188
0.003211
0.002250
0.033934
0.026904
0.000053
0.000004
0.015719
0.013154
0.011598
0.133777
0.000322
0.048575
0.459576
0.054829
0.004334
0.008908
0.256110
0.021572
0.022466
0.022636
0.035324
0.002820
0.015677
0.002293
0.001810
0.001332
0.025994
0.053623
0.013409
0.001277
0.005839
0.002317
0.000027
0.094860
0.082071
0.001936
0.065101
0.000718
0.166269
0.501314
0.000279
0.155953
0.004422
0.044517
0.000003
0.129925
0.002124
0.079220
0.001869
0.043660
0.000014
0.012545
0.001657
0.050646
0.000246
0.026522
0.000031
0.000502
0.077355
0.000943
0.000133
0.000059
0.523264
0.005119
0.067831
0.019171
0.140975
0.222694
0.002777
0.000333
0.042634
0.389788
0.003176
0.039393
0.000002
0.008829
0.053735
0.012800
0.023887
0.006977
0.012374
0.029824
0.000182
0.017188
0.200963
0.019197
0.001343
0.046636
0.059066
0.000003
0.005942
0.006975
0.128219
0.079726
0.093910
0.144686
0.003501
0.063573
0.000519
0.045337
0.446163
0.001408
0.000129
0.000253
0.000111
0.000100
0.009073
0.006593
0.068187
0.000197
0.598497
0.006756
0.213659
0.012992
0.004027
0.119050
0.049893
0.003042
0.024261
0.001780
0.007172
0.074863
0.007690
0.000104
0.049557
0.012261
0.000005
0.027396
0.016393
0.001301
0.002542
0.036862
0.007042
0.017627
0.967701
0.000110
0.000129
0.018644
0.003931
0.045234
0.000067
0.103299
0.064888
0.148537
0.287200
0.033885
0.000318
0.000028
0.169394
0.126401
0.006632
0.030557
0.000089
0.000446
0.010851
0.002460
0.159737
0.000126
0.071317
0.071895
0.119826
0.192029
0.012208
0.000588
0.054818
0.000210
0.006253
0.109534
0.108480
0.025743
0.449493
0.000002
0.009439
0.008276
0.041850
0.273430
0.000509
0.015525
0.009391
0.002661
0.000002
0.014182
0.007610
0.000530
0.017645
0.000726
0.000003
0.033929
0.024285
0.083349
0.020908
0.400546
0.002741
0.291436
0.002412
0.001447
0.227776
0.033764
0.059802
0.271552
0.142349
0.004993
0.000050
0.009075
0.031105
0.046735
0.023868
0.011099
0.000985
0.005457
0.042686
0.716138
0.002249
0.015518
0.000532
0.430288
0.143654
0.085759
0.007128
0.000095
0.000129
0.005293
0.000112
0.000084
0.010192
0.026051
0.084622
0.000710
0.005879
0.003063
0.000265
0.218669
0.104373
0.001231
0.000676
0.009889
0.056345
0.003784
0.001981
0.004822
0.024428
0.000143
0.009552
0.004987
0.599057
0.000254
0.000770
0.426218
0.001549
0.002043
0.095319
0.000740
0.001143
0.002939
0.016170
0.000541
0.000683
0.063874
0.001063
0.084442
0.010186
0.002476
0.002946
0.074920
0.001727
0.018749
0.002354
0.084832
0.247707
0.043757
0.002664
0.076908
0.006864
0.002670
0.004531
0.000025
0.203321
0.014387
0.021892
0.000412
0.000097
0.063390
0.371318
0.016547
0.000628
0.018350
0.037980
0.002687
0.002498
0.027011
0.046175
0.004135
0.333742
0.029268
0.016648
0.000074
0.017316
0.007694
0.048247
0.000040
0.002031
0.047820
0.049712
0.000013
0.032828
0.072609
0.000161
0.187254
0.007110
0.001875
0.035991
0.001314
0.063167
0.002431
0.005140
0.000064
0.000154
0.030174
0.000872
0.039300
0.018048
0.000501
0.004174
0.005287
0.006291
0.020850
0.069649
0.135485
0.001542
0.012804
0.019421
0.000327
0.000002
0.002573
0.060061
0.033505
0.090632
0.001657
0.000059
0.298359
0.034252
0.015922
0.005462
0.026283
0.863291
0.057701
0.026929
0.054728
0.000961
0.647232
0.062208
0.014499
0.000380
0.001464
0.080746
0.005310
0.047224
0.054775
0.123256
0.056512
0.015111
0.000050
0.000198
0.000308
0.014112
0.016052
0.002211
0.006246
0.049928
0.005576
0.000068
0.003813
0.000043
0.013657
0.239601
0.084378
0.020700
0.015234
0.270160
0.016455
0.033784
0.004903
0.140964
0.010915
0.164872
0.000041
0.113165
0.021956
0.000687
0.009220
0.055904
0.000327
0.038040
0.000080
0.089238
0.000757
0.000142
0.050549
0.052274
0.000536
0.000025
0.003652
0.000437
0.001482
0.003595
0.039228
0.005847
0.105985
0.154137
0.000103
0.001607
0.000008
0.000152
0.657953
0.056725
0.005411
0.000014
0.000275
0.358556
0.119006
0.000579
0.112999
0.001737
0.000007
0.050506
0.024310
0.641392
0.051351
0.048181
0.191643
0.016370
0.034307
0.032900
0.002376
0.231463
0.258905
0.006371
0.001307
0.013743
0.002288
0.049244
0.003650
0.040389
0.001800
0.000265
0.019783
0.001150
0.000348
0.018679
