2527
1.738569
4
91
40
10
1
5047
0.858347
-0.695533
0.089067
0.047663
-0.957340
0.324215
-0.750317
0.187209
0.379858
0.589369
-0.086366
-0.899297
-0.172938
0.265441
-0.295943
0.716275
-1.000000
-0.403773
-0.706641
-0.367255
0.513033
0.512524
0.431127
0.913877
0.490856
-0.877444
0.284911
0.172257
-0.108564
-0.831117
0.342856
0.838778
0.303267
0.840901
-0.510689
-0.672200
0.886055
-0.221357
0.780289
-0.034487
-0.581044
-1.000000
0.712808
-0.842996
-0.385787
1.000000
-0.145164
-0.665631
0.365428
-0.260206
-0.307523
-0.710844
-0.859555
0.269986
0.279370
-0.857346
0.682420
0.888783
-0.883726
-0.381122
-0.936416
0.611920
0.732232
-0.849552
0.847372
0.000283
0.860406
0.917521
-0.835525
0.061847
1.000000
0.555973
-0.842043
0.322821
0.106272
0.792487
-0.072640
-0.839318
-0.949190
0.212113
0.306019
0.983166
-0.031796
0.661215
0.799245
-0.939948
-0.765953
-0.749545
0.888963
-0.503634
-0.719124
0.017145
-0.974407
0.599263
-0.801982
0.719340
0.106742
-0.361913
-0.946159
-0.015651
0.506831
0.032746
-0.652276
-0.416609
-0.685798
-0.465707
-0.923982
-0.633608
0.501837
-0.054173
0.522265
-0.938337
-1.000000
-0.956185
0.656739
-0.341828
-0.417096
-0.601182
0.950353
-0.792788
-0.984147
-0.532638
-0.712252
0.926071
0.002746
0.628362
-0.434495
0.121050
-0.185605
-0.828025
-0.211210
0.072773
-0.198909
0.150740
-0.255365
-0.215151
0.375056
-0.176276
0.663982
-0.597775
-0.121505
0.604914
0.926689
0.295556
0.317555
0.427636
0.531649
-0.754366
-1.000000
-0.063081
0.305973
0.481424
-0.634204
0.248643
0.188995
-0.513620
-0.817314
-0.284629
0.009245
-0.212893
-0.640670
-0.011692
-0.646575
0.846890
0.321802
-0.958050
-0.041985
-0.046657
0.716820
0.056124
-0.175336
-0.988648
-0.131359
0.996775
-0.272786
0.513429
0.458774
-0.213973
0.920821
-0.985377
-1.000000
-0.639188
0.685165
0.991356
0.390110
0.974736
-0.027129
0.574239
0.892329
-0.970455
0.597154
0.805715
0.054387
-0.574857
-0.657522
-0.074136
-0.325248
0.535332
-0.624360
-0.567547
-0.539917
-0.183909
-0.086479
0.602824
0.897008
0.381521
0.063556
-0.519086
0.855126
-0.898621
-0.374121
-0.650709
0.416514
-0.617141
-0.100970
-0.904057
-0.062944
-0.571647
-0.869519
-0.351768
0.682859
-0.264421
-1.000000
-0.432430
0.932820
-0.424126
-0.217240
0.997217
-0.083545
-0.047953
0.996475
-0.293919
0.482421
-0.934402
-0.616249
0.687947
-0.373008
-0.406833
0.875774
-0.854641
0.826171
-0.698708
-0.284818
0.901827
0.523878
0.349558
-0.828921
-0.925864
0.587609
0.101627
0.095717
0.849536
0.384756
-0.925026
0.802628
1.000000
0.210560
0.201389
-0.207717
-0.886393
-0.709503
0.948207
-0.247447
0.439559
-0.767783
0.532522
-0.489993
-0.926122
-1.000000
0.934694
-0.609054
-0.871197
0.213533
0.472771
-0.987278
0.558304
0.274513
0.652819
-0.400319
-0.283456
0.395848
-0.408801
0.353882
-0.722737
-0.580750
0.574529
0.258379
0.711372
-0.682275
0.413562
-0.939427
-0.709205
-0.789033
0.638071
-0.791379
-0.242256
-0.910117
0.643192
0.179511
0.434218
0.268402
0.266494
0.576432
-0.631805
0.235444
-0.201946
-1.000000
0.556256
-0.005093
-1.000000
-0.979611
0.110889
-0.022249
0.666692
0.688580
0.644693
0.522359
-0.476246
0.575762
0.637682
0.020911
0.750186
-0.000702
0.416264
0.279753
0.370493
0.881890
0.725758
0.870229
-0.417806
0.180383
-0.329133
0.823985
0.194787
-0.999531
-0.791227
0.761076
0.166850
-1.000000
1.000000
0.479101
-0.424065
0.961423
-0.332306
0.488060
-0.593797
0.877341
-0.507867
-0.622822
0.319343
0.596584
-0.189728
-0.722149
0.580525
0.019407
-0.450338
-0.447306
0.240309
-0.078811
0.549493
-0.360208
0.978114
0.341453
0.850172
-0.574063
0.002334
0.659977
-0.798220
0.150379
0.435960
-0.092254
0.272087
-0.131315
-0.211547
0.506234
1.000000
0.688571
0.051573
0.583967
-0.482036
0.715162
0.477127
-0.525564
0.733741
-0.906724
-0.014104
-0.302343
-0.626149
0.322404
0.397077
0.179361
-0.827874
-0.055464
-0.782878
-0.364099
-0.888383
0.270814
-0.212075
0.311356
-0.683129
0.216756
0.666327
0.802265
0.478252
-0.655525
-0.461800
-0.327884
-0.668974
-0.385535
0.392276
-0.594828
-0.880854
-0.553368
0.917030
0.416317
-0.022420
-0.605538
0.371249
0.376480
-0.344572
0.023055
-0.367026
0.796055
-0.819022
0.461953
0.157221
0.707370
0.911400
-0.925294
-0.359407
0.257995
0.484407
-0.928180
0.157330
-0.417926
0.124307
0.935482
0.465555
0.758365
-0.290460
-0.541838
-0.061822
-0.568025
0.906692
-0.389067
-0.155793
-0.136887
-0.111270
-0.761013
0.771989
-0.199034
0.440267
0.987465
-0.168563
-0.978567
0.334362
-0.601951
0.439200
0.622224
0.846141
-1.000000
-0.169123
-0.343179
-0.591447
-0.107366
0.883109
-0.203315
-0.715830
0.972941
0.639104
-0.027031
0.731487
-0.974782
0.973426
0.333245
0.368138
0.113503
-0.618679
0.451420
-0.111213
0.516981
-0.237857
0.303873
0.544009
-0.546775
-0.983425
0.878851
0.046494
-0.109066
-0.612320
0.519412
0.027517
-0.213401
1.000000
-0.327291
0.818023
0.726821
-0.082206
0.100217
0.056076
0.626894
0.135059
-0.088193
0.543391
0.642812
-0.042603
0.483908
-0.961064
-0.105802
-0.267447
-0.397207
-0.195045
0.695009
-0.974329
-0.475682
-0.378171
0.745380
-0.879545
0.942457
0.067139
0.500103
-0.864207
0.045729
-0.745242
-0.909670
-0.590570
-0.424018
-0.216894
0.224338
1.000000
-0.466275
0.401951
-0.487549
0.624364
-0.012365
0.662876
-0.931289
-0.688100
-0.836090
-0.783685
0.218183
0.894940
0.853123
-0.972700
0.438137
-0.905723
-0.376713
-1.000000
-0.097986
-0.064035
0.545305
0.722641
0.020538
-0.912278
-0.240614
-0.733930
-0.706296
0.833284
0.388688
-0.447965
-0.374259
-0.550288
-0.138233
-0.820564
-0.366797
-0.215775
0.150739
0.543944
-0.191341
0.116537
-0.454093
-0.295251
0.954627
-0.253694
0.217983
-0.151178
-0.173543
-1.000000
-0.173903
-0.799076
0.518098
-0.013650
0.688904
-0.785999
-0.152737
0.830752
0.337429
-0.492504
0.840390
0.282139
0.996723
0.326801
-0.792905
-0.093919
0.622794
-0.970070
-0.163729
0.508442
0.558915
0.889027
0.456792
-0.348389
0.783562
0.496829
-0.522329
0.922480
-0.384823
0.262263
-0.615429
0.586111
-1.000000
0.201888
-0.708427
0.441952
-0.137549
0.393655
0.029314
0.517844
0.099185
-0.710154
0.196226
0.487000
0.179930
-0.176177
-0.312101
-0.497598
0.195332
-0.341587
0.068039
0.548780
-0.395181
-0.308637
0.754919
-0.043485
-1.000000
-1.000000
0.166934
-0.468767
0.958636
-0.265567
0.356082
-1.000000
0.798909
0.232741
0.721142
0.727979
0.023136
-0.921217
0.656027
-0.734269
-0.655990
-0.295657
0.323982
-0.067047
0.851722
-0.319969
-0.458669
-0.453145
0.386237
-0.010055
0.537742
0.406716
0.451304
0.448124
-0.568893
0.844128
0.773209
-0.715406
-0.485239
-0.470789
-0.789885
-0.849505
-0.022138
-0.503873
0.630240
0.588135
-0.284080
0.541938
0.195720
-0.692109
-0.286292
0.505695
-1.000000
-0.611986
-0.406957
-0.380635
-0.743547
0.561531
-0.498869
-0.301818
0.840633
0.147753
0.494168
0.679766
-0.011236
0.929608
-0.937468
-0.116336
0.168886
-1.000000
0.128676
-0.011543
0.926500
0.869256
-0.964896
0.208602
-0.315024
-0.399905
0.831061
0.889251
0.966624
0.673684
-0.454416
0.458123
-0.255767
0.132070
-0.514735
-0.182104
0.086067
-0.701241
0.541864
0.181505
-0.458651
0.720746
-0.883597
0.913108
-0.484699
-0.586597
0.382923
-0.983192
0.889398
0.626701
-0.733413
-0.797524
0.506547
0.005479
0.186658
0.265730
-0.510086
-0.698891
0.440652
0.110067
-0.051155
-0.793919
0.674528
-0.913677
-0.719594
0.595490
0.003592
-0.219913
-0.602746
1.000000
0.603262
0.935312
-0.064813
-1.000000
-0.543699
-0.374021
-0.933140
-1.000000
0.341688
0.308539
-0.338166
-0.848226
0.344736
0.901841
0.199037
-0.794083
-0.595901
-1.000000
0.099533
-0.144024
-0.840467
0.049909
0.322344
-0.214848
-0.200398
-0.725808
-0.753150
-0.613878
-0.911648
-0.014380
0.894299
0.173457
-0.810462
0.515312
-0.836907
0.355136
0.143212
0.925814
-0.135173
-0.945130
-0.370978
0.493632
-0.911272
0.344002
-0.575459
-0.946569
0.752454
0.294257
0.285412
0.002799
0.093242
-0.643195
-0.764169
-0.508982
-0.585294
-0.949545
0.139032
0.839268
-0.582180
0.526547
0.093920
0.981208
-0.170616
-0.022798
-0.541410
-0.956273
0.419759
0.871755
0.681251
-0.405326
-0.428949
-0.728745
-0.536111
0.879819
-0.362507
-0.181258
-0.057788
0.091731
-0.081224
-0.350039
-0.338787
-0.317651
-0.550976
-0.086429
-0.548149
-1.000000
-0.727286
-0.404504
0.177559
-0.684164
-0.676898
-0.123331
-0.498787
-0.675190
0.037897
0.923685
-0.977636
-0.443186
0.302811
-0.130822
0.359118
-1.000000
0.478977
-0.550373
0.902824
-0.010778
0.634382
0.720827
0.555610
0.087193
0.053539
0.962527
-0.361865
0.534736
0.520869
-0.055890
0.375614
-0.666038
0.792791
-0.058390
-0.050894
0.614690
-0.749642
0.317027
0.648346
-0.753653
-0.535237
-0.187172
0.447243
-0.787506
0.477079
-0.346223
-0.533928
0.758734
-0.114578
0.620217
0.253379
0.393177
-0.576370
-0.878009
-0.037651
0.447502
0.996484
0.028731
-0.529763
0.775130
-0.068751
0.318087
0.473704
-0.565296
-0.340429
0.031663
0.459825
0.989807
0.233027
0.909198
-0.327595
0.513471
0.562656
0.468582
0.383274
-0.553819
-0.328455
0.928412
-0.910342
0.371946
-0.641177
0.990413
-0.249558
0.510096
-0.058866
-0.420675
0.454622
-0.135296
1.000000
0.704267
-0.544439
0.847921
-0.402832
0.050623
0.348782
0.858410
0.619016
0.500333
0.488301
0.461311
-0.823809
0.294607
-0.189926
0.937032
0.823893
0.120645
-0.235462
0.880588
-0.527595
-0.305544
-0.334996
0.735139
0.996393
-0.648833
0.878063
0.248525
-0.128448
-0.274481
0.897897
0.750246
0.022877
-0.953291
0.720561
0.099474
0.717662
0.234430
-0.413244
-0.364254
0.346024
0.087197
0.470875
0.207514
0.045587
-0.656447
-0.411143
0.887568
0.942028
-0.755869
-0.378519
-1.000000
-0.752156
-0.040263
0.797062
-0.707118
0.648733
0.459994
-0.405747
0.366246
-0.758518
-0.612679
0.737201
-0.657144
0.435202
0.198917
0.943312
0.618196
-0.433513
0.867279
-0.685807
-0.227706
-0.207343
0.979742
0.434992
-0.541521
0.837045
-1.000000
-0.649815
0.536899
-0.592818
-1.000000
-0.147150
-1.000000
0.053294
0.066408
-0.497950
-0.574324
-0.163690
-1.000000
-0.551466
0.444162
-0.885329
-0.075373
0.232918
-0.859666
-0.058448
0.357931
0.481577
-0.154923
0.055242
-0.747372
0.982286
0.942187
0.028957
-0.172427
-0.344093
-0.160588
0.996606
0.506385
-1.000000
0.974301
0.177845
-0.515484
-0.758929
-0.601621
-1.000000
-0.327765
0.768465
0.052724
-0.915475
-0.129154
0.823728
0.107936
-0.965873
0.293903
-0.254997
-0.338878
0.200476
-1.000000
-0.795997
-0.828960
-0.355875
-0.121341
-0.057370
-0.601238
-0.379671
0.043224
0.138714
0.368242
-0.854709
-0.670359
-0.858664
-0.813227
-0.326108
-0.891276
-0.816727
-1.000000
0.976482
0.592836
0.640650
-0.092923
-0.183456
-0.920118
-0.137781
-0.609141
-0.255549
0.127832
0.149424
-0.463682
0.312115
-0.848344
0.486646
0.688458
0.882387
0.821250
0.732978
0.065775
0.123358
-0.658119
-0.958693
0.686082
-0.319642
0.807880
0.071804
-0.182942
0.242944
-0.782631
-0.432756
-0.017995
-0.255845
0.622916
-0.068977
0.969176
-0.913882
0.695471
0.274786
-0.320973
1.000000
0.337024
0.519985
-0.761134
-0.069987
-0.860550
0.727420
-0.711780
0.889725
0.608979
0.679711
0.754262
0.900931
-0.109521
-0.475152
-0.932776
-0.304821
0.967976
0.922123
0.601849
0.858921
-0.632870
0.555262
0.337757
-0.223497
-0.119620
0.344573
0.481600
-0.702882
-0.176598
0.186183
-0.974744
0.307163
-0.460528
0.420218
-0.037497
0.741883
-0.076135
0.495719
0.828186
0.895334
0.028515
0.976909
-0.102277
0.515258
0.291471
0.283679
-0.360297
0.966307
0.166879
-0.779152
0.837041
0.421986
0.699836
0.116935
-0.880749
-0.914878
-0.514057
0.744606
-0.103089
0.557973
-0.444019
-0.236630
-0.547377
0.188093
0.735544
-0.843004
0.418342
0.994022
-0.907889
-0.746537
-0.889218
0.273777
-0.245250
0.759790
0.605652
-0.394153
-0.051411
0.724296
0.069969
0.812679
-0.770986
0.112173
-0.664029
-0.762044
0.454213
0.910088
0.393379
-0.637306
-0.359218
0.035416
0.608822
-0.293828
-0.605807
-0.422976
-1.000000
0.886679
-0.130240
-0.265646
0.397739
0.556464
-0.956202
0.767206
-0.777426
-0.350254
0.391241
-0.004727
0.389430
-0.281750
0.925743
-0.658801
0.186569
0.077741
0.480859
-0.764404
0.288032
0.958338
0.316710
0.191846
-0.749161
-0.438995
0.823116
-0.059675
-0.548544
0.668496
-0.230862
-0.175643
-0.349535
0.456002
1.000000
0.341569
0.961425
0.018349
0.184776
-0.405748
0.917228
0.827376
0.347482
0.526244
0.276608
-0.364074
-0.024158
0.915988
-0.587556
0.051479
0.117210
0.794482
0.510387
-0.019927
-0.424275
-0.517670
0.470717
0.653276
0.894834
0.813173
0.708684
0.524243
-0.432189
0.453908
0.171591
0.745197
0.143703
0.725056
0.411399
-0.670245
0.719945
-0.750532
-0.863885
0.944417
0.467918
-0.505920
-0.795979
-1.000000
0.106099
-0.494770
0.248585
0.816158
-0.073122
-0.737346
0.279300
-1.000000
0.045480
0.842712
0.252465
-0.627306
0.446789
-0.941351
0.362956
0.139668
-0.377165
-0.670293
0.523520
-0.682321
-0.243774
0.490018
0.366576
0.713803
-0.939080
-0.149923
0.349497
0.993649
0.912940
-0.318551
-0.023692
-0.121138
-0.100933
-0.043162
0.158765
-0.234803
-0.141765
0.224360
0.479286
0.652071
0.575803
-0.076665
0.698028
-0.769890
-0.747383
0.381529
-0.559623
0.565685
-0.414964
-0.258144
0.827179
0.138880
0.897829
0.825208
-0.567458
0.084395
-0.562886
-0.095450
-0.173056
-0.326287
0.754237
0.796891
-0.460021
-0.632232
-0.917160
0.729405
-0.792030
0.127962
0.659146
-0.441184
0.320598
-0.865162
0.526986
-0.533735
-0.665852
0.787902
-0.008957
-0.471850
0.476804
-0.688157
-0.249181
-0.052725
0.092920
0.463615
0.710121
0.258663
0.500028
-0.474040
-0.168048
-0.672169
0.213753
-0.950290
-0.071802
-0.740969
0.131104
0.452272
-0.852301
0.057530
0.581484
-0.123442
-0.303249
0.038277
-0.565244
0.563099
0.007710
0.055758
0.899441
-1.000000
0.414233
0.087743
-0.212914
0.815873
-0.856124
-0.417417
-0.512942
-0.215795
0.690006
-0.004662
0.416717
0.222704
-0.488968
-0.212060
0.960951
0.705985
0.653399
0.050639
-0.572508
0.186332
0.402556
0.742902
-0.295052
-0.002326
0.612107
0.708204
-0.314266
0.694070
0.591153
0.626328
-0.412032
-0.354209
-0.291180
0.703227
-0.532573
-0.400647
-0.160289
0.981669
-0.121760
1.000000
-0.013623
0.943800
0.331363
-0.351156
-0.589336
0.128036
1.000000
0.994383
0.147714
0.487419
0.597007
-0.094674
0.157029
-0.813035
0.141926
-0.575365
0.555846
0.245283
-0.937438
-0.300873
-0.302836
-0.114256
0.840364
-0.044934
-0.150020
0.500044
0.405638
0.277566
-1.000000
-0.994304
-0.545604
0.203294
0.877644
-0.618431
-0.175920
-0.455451
-0.932043
-0.767901
0.162573
0.811500
0.918245
0.757099
-0.545222
0.757857
0.851132
0.265580
0.732785
0.984725
1.000000
0.973019
-0.258522
0.532609
-0.137688
-0.869409
-0.788199
-0.098745
0.079885
0.108030
-0.737991
-0.441675
0.391962
-0.830724
0.566471
0.272996
-0.244606
1.000000
-0.924278
0.012621
0.704230
-0.816013
0.439998
-0.147935
-0.718258
1.000000
0.949010
-0.890045
-0.204080
-0.737084
-0.335654
0.207985
-0.888701
0.354635
-0.012292
0.912932
0.435571
-0.978584
0.798964
1.000000
0.594229
-0.621189
-0.869557
-0.055859
0.070700
-0.556514
-0.909860
0.234899
0.394634
-0.062878
0.535163
0.787852
-0.071223
-0.633263
0.997594
0.247816
-0.625595
-0.602205
0.235104
-0.676949
-0.539531
-0.128232
-0.834303
-1.000000
-0.123386
0.091467
0.202036
0.889535
0.242997
0.067357
0.297461
0.392951
0.113186
0.728946
-0.452198
-0.861797
0.679306
0.162721
-0.709960
0.324757
0.927295
0.401175
0.696458
-0.256176
-0.061210
0.478216
0.860699
-0.856645
-0.300618
0.833361
-0.950031
0.271841
-0.579913
-0.514680
0.975916
-1.000000
1.000000
0.696183
0.970037
0.697344
0.769861
-0.363465
-0.130190
-0.082537
0.806832
-0.875244
-0.190687
-0.910300
-0.377691
-0.185598
-0.257141
-0.341309
-0.970686
0.327210
0.098387
0.977918
-0.091683
-0.789441
-0.237847
-0.729028
-0.918978
-0.502094
-0.704410
-0.206053
-0.684755
-0.754216
-0.281211
-0.368378
0.914355
0.942757
-0.594836
-0.589787
-0.818782
1.000000
-0.352353
0.548834
0.046352
-1.000000
-0.333608
-0.881962
-0.981963
0.635212
0.692861
-0.783931
0.469313
0.781437
-0.414103
0.444308
0.627821
-0.886607
-0.677559
0.216619
0.878588
-0.277441
-0.705985
0.739455
-0.014609
-0.850548
-0.704421
-0.574310
-0.261654
-0.353606
0.491958
0.293025
0.192529
-0.958310
0.131793
-0.219804
-0.588597
0.934885
-0.898712
0.336898
-0.239841
-0.249394
-0.628348
-0.856398
-0.037194
-0.730271
-0.249389
0.367517
0.532836
-0.354022
0.904532
0.736632
-0.292218
0.198661
-0.755261
-0.456730
0.984897
0.214038
0.579055
-0.671188
-0.805805
0.735142
0.786373
-0.138785
0.444570
-0.631326
0.438152
0.408236
0.283977
0.156182
0.719326
0.714237
1.000000
-0.806146
-0.671351
0.702556
0.366972
0.083896
0.999328
-0.411807
-0.356319
0.043703
-0.084392
0.682165
-0.414975
-0.774753
0.761912
0.476926
0.738083
0.065159
-0.301358
0.010685
-0.589108
0.775473
0.020796
-0.166958
-0.753541
1.000000
1.000000
-0.854868
-0.915830
1.000000
0.926921
-0.406005
-0.936094
0.014249
-0.088318
-0.028207
0.036019
0.951546
-0.477205
0.417136
0.189574
0.313052
0.126868
0.217783
0.271021
-0.056856
0.050786
-0.102185
0.680014
0.699719
0.935698
0.977425
-0.723950
-0.157896
0.893235
-0.418170
0.776877
-0.720959
-0.770360
0.365648
0.683475
0.102463
-0.873030
-0.554573
-0.631006
0.315951
0.968190
-0.939454
0.889693
0.055387
0.117266
-0.838516
0.018860
0.838779
-0.458921
-0.113878
-0.894604
-0.586975
0.069463
0.584357
-0.673343
-0.238541
0.761455
0.261355
0.921201
0.867687
0.609626
0.754343
-0.355551
-0.686380
0.857376
-0.949349
-0.694398
0.947645
0.384522
0.697173
0.196744
-0.164644
0.037863
-0.407368
-0.140160
-0.813794
-0.576271
0.367370
-0.838838
0.969194
1.000000
0.693009
0.676543
0.931102
0.110286
0.292720
0.276367
-0.818105
-0.150524
0.755656
0.282798
-0.195843
-0.228073
0.954501
-0.457492
0.604087
-0.489859
-0.266121
-0.906617
0.961296
-0.027007
0.861900
0.955900
0.617426
-0.886858
-0.979718
-0.726071
-0.436460
-0.628453
0.026192
-0.302653
0.420944
-0.127237
0.470499
-0.491649
-0.608436
-0.168832
0.222421
-0.193251
-0.355794
0.223922
-0.918359
-0.606174
-0.415676
0.733094
0.674259
0.629555
-0.996702
-0.776496
-0.826368
-0.813296
0.446174
-0.589526
-0.806662
-0.141052
-0.142839
-0.378449
0.340611
-0.591379
-0.421247
-0.244579
-0.020595
-0.799427
0.087962
-0.192761
-0.331458
1.000000
0.922881
-0.096027
0.869886
0.887715
0.558387
-0.307628
0.386871
-0.643084
0.084923
0.366540
-1.000000
-0.382118
-0.043891
0.980788
-0.250792
-0.959788
-0.683751
0.542888
-0.709039
-0.092413
-0.187269
0.292837
-0.878971
0.703142
0.505180
0.679404
-0.073550
-0.849921
-0.281864
0.594773
-0.604544
0.345657
-0.618643
0.052427
0.338316
0.517289
0.972592
0.281590
-0.624446
-0.331669
0.187079
0.985783
-0.439567
-0.374947
-0.418190
0.744753
0.662664
0.504760
0.524384
0.272782
0.356854
0.867577
0.675038
0.917346
-0.932727
0.319154
0.476331
1.000000
-0.869621
-0.210298
0.260562
-0.782717
0.930427
-0.125678
-0.862515
-0.700677
-0.823848
0.075056
-0.210065
-0.947083
-0.067251
0.554666
0.612490
-0.043637
0.302172
-0.939638
0.530767
0.569451
-0.825082
0.772699
-0.876759
0.005028
-0.823938
0.712068
-0.836428
-0.216745
0.021325
0.701475
0.217510
-0.748315
0.810877
0.205611
0.345322
0.108186
-0.450467
-0.025727
0.285085
-0.946298
0.069091
-0.564279
-0.648469
-0.082461
-0.586308
0.862127
-0.738493
0.912111
0.397743
0.477329
-0.316361
-0.135194
-0.374271
-0.706961
-0.647677
-0.922507
-0.928511
-0.076305
-0.589052
-0.158285
0.971527
0.257759
0.322547
-0.082054
0.601183
-0.489661
0.189103
1.000000
-0.581566
-0.092803
0.241497
0.452903
0.295506
-0.463519
0.882693
-0.964674
0.819663
0.972341
0.462621
0.592541
0.258183
0.347201
0.430420
-0.327508
0.668407
0.791520
-0.263097
0.777817
0.600200
0.855106
-0.572866
-0.586356
0.474044
0.123199
-0.778387
-0.089199
-0.108378
0.971041
-0.297824
-0.781293
-0.751789
0.715530
-0.518209
0.015891
0.701246
-0.499109
-1.000000
-0.302083
-0.061506
-0.032125
0.125146
0.166403
-0.004484
-0.221466
0.651859
-0.520847
1.000000
0.431910
0.143104
0.447306
-0.195861
-0.103954
0.580656
-0.157769
0.530679
-0.894893
0.731563
0.809500
-0.881878
0.950700
-0.033772
-0.950297
0.387554
0.287873
0.313644
0.028683
0.361964
0.378817
0.788896
0.425523
0.005933
0.596703
-0.466321
-0.184159
0.946039
-0.769103
-0.539853
-0.837736
0.994020
-0.526536
0.351511
0.331422
0.924761
0.742068
0.817502
-0.693520
-0.568351
0.977438
0.757862
0.490299
-0.582793
0.745060
0.238286
0.123148
0.047181
-0.780733
-0.459801
-0.583932
-0.500498
-0.425680
0.979062
0.013796
0.241248
-0.210235
0.884405
0.338056
0.826005
0.403394
0.518894
-0.465401
-0.462188
-0.331477
-0.528640
-0.763348
-0.225259
-0.414320
-0.013645
0.456739
-0.462572
0.154089
-0.485794
0.896703
-0.636336
0.528919
1.000000
0.265947
-0.906316
-0.403648
0.364742
0.915627
-0.744591
1.000000
-0.685304
0.069322
0.917500
0.605504
0.802313
0.505594
0.986999
0.085361
-0.259609
-0.228852
-0.893344
0.907934
0.426006
-0.970407
0.798886
0.243736
-0.127904
0.835416
0.929535
-0.206906
-0.155556
0.199403
0.627776
-0.600045
-0.047200
0.177768
-0.487290
-0.506067
1.000000
-0.730776
0.893547
0.670261
-0.664705
0.532138
0.126315
0.888582
0.446069
0.259324
-0.422828
0.777771
0.148539
0.539950
0.148456
0.849447
0.962581
0.911406
0.656738
-0.929626
0.906878
-0.636911
0.045059
-0.143069
-0.580536
0.758391
-0.925786
0.899019
-0.467488
-0.591450
-0.697894
-0.176266
0.573753
-0.273467
-0.389856
0.492668
0.325001
0.079441
-0.215953
-0.552236
-0.666777
0.078925
-0.332634
-1.000000
0.354076
0.678469
0.371594
-0.635452
0.649040
-0.650585
-0.992585
-0.548503
-0.385138
1.000000
0.194847
-0.169347
-0.964153
-0.124387
0.762412
0.214996
0.111639
0.573140
-0.169184
-0.195921
0.218262
-0.824745
0.374964
0.495577
-0.041273
0.261430
-0.244851
0.497355
-0.395140
-0.528466
-0.796483
0.358811
-0.373584
-0.994652
-0.043578
0.135151
-0.607334
-0.596846
0.564616
-0.359359
-0.414960
-0.009727
-1.000000
0.315838
-0.516046
-0.001871
-0.076690
-0.607508
-0.886463
0.639738
-0.185876
-0.960860
-0.451767
0.695864
0.171148
-0.936050
0.203372
0.909507
0.407554
-0.473111
0.372563
0.943460
-0.497334
0.520709
-0.101518
0.727801
1.000000
0.983747
0.389104
0.352743
-0.496685
-0.625008
0.766694
0.441794
-0.674465
-0.032664
0.487174
-0.876090
0.006675
1.000000
0.907245
0.473253
0.090691
0.678962
-0.572653
-0.291674
-0.396245
0.143421
-0.562628
-0.458538
0.081949
0.631177
0.388819
-0.160928
-0.804150
-0.709676
-0.152101
-0.412752
-0.190327
0.788278
-0.886953
-1.000000
0.393857
0.270558
-0.135540
0.247834
0.396849
-0.207479
0.627554
0.109862
0.962074
-0.887883
0.985863
-0.167936
-0.139971
0.875111
-0.689679
0.748237
-0.505262
0.029275
0.659266
0.978501
0.689510
-0.981017
0.949944
-0.483518
0.158023
-0.463808
-0.883327
0.846149
0.332663
-0.445971
1.000000
-0.266930
-0.110094
0.763080
-0.153495
0.712260
0.146901
0.373321
0.136667
0.377132
1.000000
0.028765
0.052071
-0.286395
-0.562371
0.182327
-0.652859
0.424527
-0.231743
-0.531908
-0.342009
0.066271
0.772026
-0.042427
0.691241
-0.586697
0.207835
0.920861
-0.210129
-0.222940
-0.554808
0.554206
-0.361898
-0.834046
-0.682883
0.693803
-0.409169
0.628154
0.227205
0.142683
1.000000
0.170005
0.445923
-0.580721
0.317513
-0.914770
0.502940
0.314185
0.721346
0.094176
-0.128852
-0.844065
-0.096047
0.752245
0.799619
0.258792
-0.105369
-0.515368
0.595984
-0.461290
-0.417802
0.083608
-0.580281
0.280356
0.958575
-0.514869
-0.813479
-0.730230
0.500214
0.249209
-0.052294
-0.088122
-0.026039
-1.000000
-0.735760
0.923803
0.013463
-0.504826
-0.552153
0.410325
-1.000000
0.631555
-0.823930
0.710806
-0.144906
0.690328
0.756819
0.750429
0.150932
0.560147
-0.833646
0.960408
0.133064
0.973856
-0.642592
-0.195379
0.979845
-0.026678
0.678302
-0.699219
-0.589670
-1.000000
0.394320
-0.077906
0.251057
0.114468
-0.918618
-0.360154
0.958883
1.000000
-0.848303
0.501858
0.508524
-0.034285
-0.258799
0.681783
0.330135
-0.224567
0.655207
0.079975
-0.699437
-0.555762
-0.122838
-0.264888
0.858196
0.025938
0.569707
0.439747
0.403853
-0.037668
0.721458
-0.735103
-0.591796
0.535106
1.000000
-0.324685
0.117918
-0.817746
0.581416
-0.413581
-0.486860
0.953596
-0.668839
0.794602
-0.958972
0.249904
-0.566842
0.299726
0.889768
0.492932
-0.737243
0.479197
0.965711
-0.310544
-0.287665
0.798032
-0.860637
-0.074173
0.268132
0.486886
0.646717
0.188534
-0.978406
-0.013364
0.415625
-0.832810
-0.948496
-0.725303
-0.675410
0.747023
-0.577128
0.586198
-0.034705
-0.335521
-0.065112
0.486370
1.000000
0.188466
-0.400021
0.294966
-0.991907
-0.093764
-0.797752
-0.648261
0.014950
-0.589819
-0.917635
0.253480
-0.809754
0.470977
-0.037335
0.806761
-0.893901
-1.000000
0.302705
0.993883
0.991380
0.935546
0.578142
0.533606
0.010180
-0.519806
0.723814
0.353689
-0.437219
-1.000000
0.557402
-0.748795
0.986927
-0.073781
0.471296
-0.576409
-0.870551
-0.237579
0.055805
0.061258
-0.296950
-0.924398
0.390708
0.341243
-0.476700
-0.495162
-0.988089
0.539762
0.261001
-0.605501
0.709941
0.964549
-0.310033
0.010303
0.665114
-0.364480
0.803884
-0.104690
-0.726616
-0.364839
-0.517961
0.923184
0.285762
-0.749353
0.146968
0.005474
-0.259063
-0.805134
-0.908231
-0.194110
-0.334575
1.000000
-0.556752
0.722217
-0.159121
-0.493446
-0.980284
0.242106
-0.081629
-0.663962
0.671121
0.608085
-0.027118
-0.497603
-0.568677
0.234360
0.779705
0.664150
0.646601
-0.598357
0.610697
-0.061150
0.148328
0.916542
-0.136979
0.341716
0.934670
0.658020
0.677855
-0.310381
0.360560
0.385511
-0.384042
0.210943
0.634565
0.136798
0.769640
0.808884
0.236846
-0.668300
-0.225560
0.316063
0.441073
0.426396
-0.026225
0.134420
0.590246
0.099595
-0.363898
0.012883
-0.756866
0.317321
-0.466374
0.350079
0.887378
0.117890
-0.254665
0.641852
-0.193870
-0.519128
-0.144107
0.787160
-0.463886
-1.000000
1.000000
-0.712179
-0.258328
-0.296119
-0.380400
0.987393
0.771462
0.367211
-0.943538
0.965084
0.624498
-0.391077
0.070935
0.455322
0.230595
-0.849556
0.242019
0.290054
-0.080423
-0.398561
0.305500
-0.462314
0.920186
0.020053
-0.427739
-0.884856
-0.167137
-0.748544
0.021163
-0.156010
-0.062915
0.121527
0.174146
0.212840
-0.299299
0.722523
0.421409
-0.749092
-0.970454
-1.000000
-0.407838
0.241156
0.896405
-0.975410
0.936748
0.870185
0.383330
0.222561
0.794643
0.773893
-0.104501
0.955002
-0.476580
-0.760096
0.994456
-0.964106
-0.720656
0.778206
0.641227
0.165951
-0.464526
0.066813
-0.249416
0.169272
0.468728
-0.595957
0.135682
-0.046271
-0.891527
-0.754424
-0.657002
0.702219
0.387784
-0.365702
-0.506568
0.698008
0.514511
-0.433375
-0.620193
-0.313770
-0.578202
0.103113
-0.924863
-0.871855
0.617575
-0.979148
-0.221402
0.904797
-0.980294
-0.103166
-0.321638
0.659986
0.466760
-0.675267
-0.829169
0.733978
0.403447
-1.000000
0.490855
0.281904
-0.944869
-0.716157
0.065246
-0.119355
0.839096
0.118775
-0.346919
0.293250
0.887156
-1.000000
-0.831486
0.764627
-0.235269
-0.426165
0.390643
0.470269
-0.127715
0.868273
0.351337
-0.956319
-0.155105
0.004516
-0.679081
-0.218082
0.322419
-0.562865
-0.125473
0.174723
0.401791
0.595040
-0.676380
-0.525973
0.433015
-0.850449
-0.359487
0.544381
-0.222865
0.897837
0.533240
-0.350944
0.924844
-1.000000
0.120020
-0.916642
-0.761396
-0.292748
0.465660
0.465091
-0.243860
0.610910
-0.187047
1.000000
-0.603533
-0.121093
-0.026174
-0.865015
-0.856395
0.086579
0.194298
0.439663
0.959927
-0.505100
0.505984
-0.598927
0.799645
0.799359
-0.148361
-0.140288
-0.681951
0.100979
0.154699
-0.386371
-0.810754
-0.236967
0.394354
0.963502
0.076339
0.498790
-0.735836
0.412895
-0.676927
-0.792679
-0.429457
-0.024688
-0.111814
-0.368615
0.830736
0.941371
0.911608
0.161142
-0.493181
0.956364
0.072889
-0.590001
0.709684
0.490674
0.008855
-0.241312
-0.872815
-0.027183
0.308542
0.655978
0.414152
-0.936371
-0.468659
0.382992
-0.114075
0.887679
0.358237
-0.958763
-0.241638
-0.862670
0.177958
-0.057923
-0.555298
0.144482
1.000000
0.907132
0.019255
-0.368142
-0.919820
0.828603
-0.334630
-0.009812
0.222829
0.964694
0.420426
-0.969193
0.728227
0.209947
-0.288233
-0.476815
-0.840443
0.682499
-0.048312
0.523097
0.264188
0.375742
0.518444
-0.962241
-0.707697
-0.120845
-0.217408
-0.909419
-0.938648
0.671622
0.220955
0.658644
-0.828134
0.097980
-0.263853
-0.607703
1.000000
-0.020220
0.658893
0.108486
0.554531
0.844991
0.059170
-0.147130
0.939903
-0.880888
0.760500
0.975941
0.133980
-0.809308
-0.242805
-0.549491
-0.259854
0.584700
-0.182359
0.682913
0.092753
-1.000000
0.938248
0.957958
0.201477
1.000000
-0.253010
0.993597
-0.429985
-0.690149
-0.732571
0.851911
-1.000000
0.193224
0.762647
-0.944299
0.142462
-1.000000
-0.291889
-0.394397
-0.688049
0.349936
0.392462
0.704097
-0.719864
0.648205
-0.022466
0.318845
0.603805
-0.245311
-0.924209
0.248186
0.066438
-0.156421
0.711629
0.378667
-0.895111
-0.730201
-0.113400
-0.394237
-0.587953
-0.283813
0.087147
0.757206
0.672468
-0.494908
-0.154766
-0.203904
-0.740433
0.230977
0.310697
0.763365
-0.591752
-0.504420
0.221292
-0.500339
-0.078999
0.176526
0.783195
-0.165855
-0.784539
0.748188
-0.122826
-0.724422
-0.320487
0.005243
0.500941
0.376983
-0.045032
-1.000000
-0.745423
-0.407224
-0.333815
1.000000
-0.131237
0.177253
0.183436
-0.158688
-0.808897
-0.486183
-1.000000
-0.914596
-0.494196
0.233037
0.650623
0.205472
0.108918
0.876264
0.579173
0.953490
-0.495027
-0.446133
0.098672
-0.599944
-0.050628
-0.587592
0.415364
0.521406
0.620376
0.162311
0.280281
0.202435
0.232117
-0.929371
0.281084
-0.807923
0.401677
-0.631663
-0.333077
0.217031
-0.807301
-0.450873
-0.770231
-0.004489
0.007078
-0.914559
-0.546663
-0.290322
-0.128629
-0.702289
-0.284459
0.299849
-0.567408
-0.176956
-0.443029
-0.939001
0.848996
0.143552
0.876287
0.463537
-0.334470
-0.281686
-0.113853
-0.797788
0.851061
1.000000
-0.835097
0.443030
-0.169553
-0.233981
1.000000
-0.243289
-0.282433
-0.662048
0.153739
-0.029384
-0.660669
-0.060293
-0.393439
0.807676
0.356235
-0.623476
-0.603816
0.607067
0.734449
0.834610
-0.685699
0.295162
-0.556451
0.550291
-0.640311
-0.977450
-0.506292
0.490643
0.268222
0.648866
-0.043843
-0.142111
-0.965955
0.928464
-0.955600
1.000000
-0.378652
-0.192115
0.641299
0.403040
0.357191
-0.507547
0.775217
-0.758210
0.485892
-1.000000
-0.163795
0.437417
0.471167
-0.642237
-0.203569
0.495074
0.268707
0.778165
-0.380013
-0.198733
-0.168564
0.369299
-0.622951
-0.579862
0.510386
-1.000000
-0.579924
0.836226
-1.000000
0.823125
-0.383437
-0.648092
0.056318
-0.608131
-0.195371
0.826666
-0.997369
-0.135563
0.433302
-0.175228
-0.775591
0.510354
0.895131
-0.658800
0.713272
0.325419
-0.238330
0.438566
-0.462965
-0.422452
-0.911948
-0.197128
-0.032650
0.638858
-0.678018
-0.718842
0.567249
-0.036208
-0.278353
0.193442
-0.529516
0.109774
-0.188226
1.000000
0.819635
-0.225050
-0.730591
-0.266832
0.965031
0.322387
-0.039114
-0.500982
0.443013
-0.222219
-0.249651
0.493811
0.028449
0.761769
-0.637183
-0.753289
0.309798
-0.119477
-0.377201
-0.523431
-0.359882
-0.353182
-0.198270
-0.179377
0.391239
-0.231678
0.178930
-0.229456
-0.308808
0.753109
-0.627015
0.010684
0.768753
-0.543150
0.483204
-1.000000
0.782688
0.409099
-0.645041
-0.996718
0.387750
0.824039
0.668673
0.683886
-0.188871
0.204046
0.225361
0.498120
0.315412
-0.445635
-0.409746
0.723486
0.065664
-0.079471
0.026636
-0.855815
-0.125907
0.180091
0.450892
0.962335
-0.200773
-0.349863
-0.814465
-0.739941
-1.000000
0.936586
-0.181422
-0.039162
-0.546982
0.659087
0.325517
0.730436
-0.036169
0.605516
0.280590
-0.715823
0.953482
-0.658669
-0.852470
-0.269905
-0.117900
0.185296
0.954385
-0.459368
-0.475749
0.227798
0.035979
0.303701
0.466487
-0.027467
0.039749
-0.907262
0.298959
-0.763932
0.366062
-0.857804
0.042946
0.026714
0.836908
0.652927
-0.742657
0.758092
0.680517
0.630340
-0.044657
0.086790
0.810996
0.221708
0.433895
-0.204279
-0.488873
-0.467912
-0.565896
-0.635105
0.412323
-0.304743
-0.435315
-0.632241
-0.095159
0.666926
-0.855409
0.877497
-0.933496
-0.544930
-0.485817
0.755029
0.037809
-0.481559
-0.551004
0.063063
0.148949
-0.282748
-0.968046
-0.836448
0.626611
0.587422
-0.596268
-0.267594
-0.002180
-0.114867
0.279093
-0.935262
0.287883
-0.091430
0.776694
0.557875
-0.744428
0.101237
-0.170987
-0.688076
0.990941
0.580933
-0.571257
0.137043
-0.487551
-0.192040
-0.732935
0.683941
0.116216
-0.584831
-0.134732
-0.294166
1.000000
0.583083
0.541501
-0.111031
-0.251759
1.000000
-0.961894
-0.315497
-0.034046
-0.206661
0.215753
0.438543
-0.695357
0.325962
-0.255831
-0.030178
-0.058135
-0.143410
-0.479185
0.575793
0.795035
0.497178
-0.412293
-1.000000
0.307977
-0.532778
-0.561409
0.450829
-0.623509
0.019150
0.257684
0.862848
0.605011
0.793644
0.476598
0.630035
-0.598315
-0.272750
0.652093
0.437874
-0.314310
-0.642808
0.248285
-0.023356
-0.738434
0.260395
-0.084949
-0.443422
0.563421
0.107330
-0.124496
-0.879409
-0.247685
-0.865384
0.627431
-0.807544
-0.661716
0.467751
-0.315080
-0.160899
0.330103
0.568430
0.219088
0.114615
-0.931376
0.785495
0.857582
0.590868
-0.701211
0.611513
0.439580
-0.817061
0.195953
-0.135253
-0.702152
-0.746755
-0.671654
-0.558278
-0.438081
0.263138
-0.472503
0.808277
-0.150409
-0.701823
0.980696
0.810235
0.269439
-0.448110
0.025627
-0.048882
0.798259
-0.481394
-0.613868
0.724755
0.458958
0.761134
0.280038
0.527029
0.527604
0.296083
0.176452
0.707254
-1.000000
0.047135
-0.267447
0.398090
-0.265327
0.679964
0.053986
-0.122629
-0.726689
0.760460
0.215060
-0.300425
-0.473013
-0.010266
0.545163
-0.821717
0.465984
-0.964838
-0.824604
-0.146254
0.151831
0.482580
0.312622
0.727198
0.482313
0.607584
-0.906439
0.329519
-0.833700
-0.733177
-0.989124
-0.835078
0.677243
0.375167
0.726732
-0.817170
0.392779
0.722205
0.660521
-0.335076
0.269820
-0.536297
-0.183793
-0.004354
0.125442
-0.434589
-0.174374
-0.740107
0.817152
-0.758167
-0.062614
-0.710387
-0.717205
1.000000
0.119009
-0.273751
0.059829
0.702556
-0.456173
0.302562
0.038622
-0.003907
-0.230451
0.241988
-0.373473
-0.153489
0.332020
-0.532810
-0.950549
0.151384
-0.256182
-0.901673
0.549982
-0.796671
-0.914474
-0.225668
-0.909284
-0.253140
0.071750
-0.811907
0.016662
0.933964
0.251123
0.609053
0.889325
0.427293
0.090217
-0.486043
-0.132962
-0.142140
-0.267497
-0.422083
-0.908950
0.548500
-0.461216
-0.034041
0.493735
0.443991
-0.790026
-0.644089
0.157411
0.118160
-0.277262
-0.154419
0.295705
-0.707435
-0.388893
-0.540523
0.686024
-0.236326
0.529425
1.000000
-0.803482
1.000000
-0.326901
0.904853
0.153569
-0.844429
-0.158922
0.173881
0.170986
0.037380
-0.053822
-0.662517
-0.628208
0.230455
-0.872969
0.693639
-0.998417
0.254769
-0.528455
0.771584
-0.340713
0.715706
-0.990596
0.451705
0.395654
0.057921
0.675676
-0.605593
0.889667
0.301487
-0.676199
-0.449299
0.636312
-0.084078
0.136574
0.705630
0.447357
-1.000000
0.065524
-0.668103
-0.171774
0.575863
0.995527
-0.971462
-0.587584
0.499270
-0.478683
0.560767
0.280957
-1.000000
-0.448766
0.285604
1.000000
0.700466
-0.316466
0.033517
0.270673
0.695385
0.884134
0.697771
0.189537
1.000000
0.903944
0.635046
-0.055464
0.338536
0.469521
0.356145
0.383305
0.589709
-0.579463
0.612017
0.335447
0.720434
-0.443996
0.117947
-0.652571
1.000000
-0.515869
-0.621873
0.430552
-0.048682
-0.886466
-0.102767
-0.095790
-0.956588
0.827131
0.136065
0.787904
0.308712
-0.019162
-0.771617
-0.272646
-0.840272
-0.803108
0.389894
0.218062
-0.465654
-0.880379
0.641467
-0.504515
0.945506
-0.626695
-0.098420
-0.997787
-0.261649
-0.499225
0.984469
0.602672
-0.819044
-0.188194
-0.579212
0.450632
0.504337
0.476310
0.311982
0.623698
-0.456053
-0.550620
-0.699914
-0.893498
0.448517
0.494640
-0.745456
0.921891
0.554727
-0.957727
-0.278441
0.976757
0.927421
0.153809
0.366142
-0.439142
-0.145532
0.941171
-0.212745
0.485772
0.703217
0.244930
0.602569
-0.497934
-0.812592
-0.001217
0.931364
-0.048600
0.586076
1.000000
-0.472121
0.101296
0.762449
0.439313
0.864853
0.990413
-0.758395
-0.305208
-0.562648
-0.131968
0.834645
-0.352427
0.885251
-1.000000
-0.798739
-0.815927
0.993096
-0.812353
0.019522
1.000000
-0.897584
0.474852
-0.956626
-0.055159
-0.295071
0.218154
-0.162789
-0.102454
0.892559
-0.623471
0.460748
-0.602354
-0.069521
0.024751
-0.494720
0.383916
-0.798467
0.302340
0.378475
0.395301
-0.509152
-0.777536
0.682455
0.359095
0.806939
0.134983
0.551639
0.542177
0.927382
-0.645451
0.012280
-0.280597
0.249181
-0.706511
0.275127
-0.922780
-0.868122
-0.067320
0.579220
-0.094911
0.808799
0.279020
0.792660
0.934481
-0.405019
-0.200516
0.991031
-0.175889
0.410278
-0.728341
0.228693
-0.115142
0.785452
-0.086479
0.747882
0.609886
0.436722
0.841160
-0.527663
0.355605
-0.823584
0.998273
0.763398
-0.888023
0.837189
-0.964119
0.038431
0.280347
0.888963
0.064386
0.345459
-0.255815
0.108151
-0.188509
-0.572212
0.448862
-0.223210
-0.501664
1.000000
0.935075
-1.000000
-0.581073
-0.870862
0.643049
-0.897393
0.104300
0.993395
0.944098
1.000000
0.704867
-0.539810
-0.069102
0.648603
-0.481687
0.512236
-0.091968
-0.247176
0.350131
0.203124
0.842867
-0.811803
0.605808
-0.414534
0.787199
-0.102424
0.463186
-0.030824
-0.788531
-0.613154
-0.425741
-0.352047
0.830534
0.008826
-0.501340
0.481307
-0.166202
-0.707797
-0.472000
-0.528896
-0.875797
-0.339994
0.928110
-0.100543
0.044604
0.068816
-0.968401
-0.119093
0.066372
0.196731
0.437782
0.907754
-0.935458
-0.991171
-0.686690
0.461488
0.650326
0.821569
-0.137662
0.451302
0.258385
-0.416267
-0.144327
-0.249644
0.719533
-0.995164
-0.998798
-0.072298
0.951245
-0.366753
-0.829149
-0.091968
-0.061263
0.302766
-0.140532
-0.693043
0.674218
-0.117960
-0.238638
-0.805385
-0.406605
-0.154156
0.707915
-0.977090
0.735848
-0.945999
-0.776504
-0.429393
0.763005
-0.450028
-0.740095
0.079294
0.979902
-0.517997
0.123812
1.000000
0.069582
0.735167
0.255534
-0.402156
0.562544
-0.916242
-0.271296
-0.487916
0.757235
0.825722
-0.532227
0.030950
0.139799
-0.865801
0.075297
0.986543
0.439253
-0.234260
-0.496894
-0.068475
0.656546
-0.285829
0.295519
-0.540926
-0.809469
0.084259
0.841363
0.304981
-0.735537
-0.782851
0.682959
0.709007
0.474841
-0.357531
-0.707509
-0.529869
-0.453406
-0.326450
-0.282254
0.664280
0.051499
-0.957697
0.119385
0.964978
-0.443656
0.214562
-0.137693
0.561505
-0.513689
0.049035
0.626297
0.292344
0.740940
0.953850
0.657051
0.926204
0.470042
-0.156687
0.227509
0.265616
-0.584000
0.241077
-0.015616
-0.875552
-0.704386
-0.970897
-0.480128
0.959559
0.526455
0.018993
-0.530053
-0.067138
0.593787
0.581859
0.367016
1.000000
-0.873167
-1.000000
-0.797563
0.130499
-0.039329
0.930172
0.489684
-0.804774
0.897913
-0.234003
0.615896
-0.781590
0.616134
-0.272266
0.052129
-0.686306
0.333558
-0.109318
0.983664
-0.939433
0.738506
-0.889944
-0.469316
0.296829
-0.347457
-0.522477
-0.986501
-0.946582
0.541341
-0.790679
-1.000000
0.880951
0.711037
0.510265
-0.004265
0.999507
-0.844631
0.340269
0.079423
-0.905941
-0.915067
0.439440
-0.670085
0.617559
0.095316
-0.382835
0.307607
0.555219
-0.128055
0.924362
0.557277
-0.220391
-0.809682
0.911164
-0.040932
-0.947610
-0.293185
0.208982
0.601593
-0.350866
-0.377449
-0.897560
0.591804
0.819430
0.751677
-0.697713
-0.568065
-0.421157
-0.518067
1.000000
-0.518913
-0.375078
-0.513599
-0.484772
0.849160
-0.749914
-0.939710
-0.269475
-0.085363
0.731190
0.851290
-0.538691
1.000000
0.102779
0.756116
0.076689
-0.711623
0.465907
0.205428
-0.259191
0.037870
0.425992
-0.757431
0.468762
-0.970672
0.787787
0.682706
0.019510
-0.918645
-0.662673
0.733368
0.545382
-0.378486
0.610003
0.638832
0.713650
-0.991847
-0.345234
-0.883151
0.417841
-0.119681
0.089575
0.462032
0.561226
0.113345
0.017291
0.143302
-0.270340
-0.433679
-0.354245
-0.630550
0.751036
0.052042
-0.843599
-0.910354
-0.256141
0.215873
0.593738
0.657154
-0.567117
-0.672256
0.596217
0.283429
-0.843726
-1.000000
-0.042525
0.908333
-0.667971
-0.585897
0.329255
0.403586
-0.614685
0.500132
-0.084487
0.962663
0.024877
-0.710357
-0.931865
-0.492109
0.217554
0.509366
0.472458
0.329967
0.320804
-1.000000
-0.451937
-0.470498
-1.000000
-0.566827
-0.401216
-0.756440
-0.424951
-0.397007
0.923574
0.073273
-0.018678
0.934330
0.355216
-0.063878
-0.271629
-0.653446
0.569320
0.775975
-0.100851
0.937052
0.900981
-0.515810
0.349071
-0.726014
-0.787315
0.659677
-0.432514
0.196154
0.654572
0.627145
0.724794
0.225222
-0.555847
-0.844789
0.427283
-0.291615
-0.662359
-0.806607
-0.362316
0.507114
-0.185472
0.018844
-0.938753
-0.751117
0.241300
0.609935
-0.141371
0.649118
0.502194
-0.249616
-0.776729
-1.000000
0.879547
-0.978633
0.770797
-0.534973
-0.882032
-0.541884
-0.094984
-0.995338
0.315805
0.369835
0.719574
0.786534
-0.249922
-0.786481
0.860447
0.216087
-0.002857
0.734712
-0.732423
0.895890
0.450457
0.981506
0.968923
-0.164767
-0.736588
-0.869480
0.818040
0.137061
0.061550
0.081253
0.031214
0.835881
-0.244177
0.276429
-0.668751
-0.899816
-0.043343
-0.148279
-0.131060
0.894116
-0.407225
0.687275
0.508519
0.054362
0.674958
-0.321591
0.981335
0.953736
0.186405
-0.804833
-0.233846
1.000000
-0.229486
0.451580
-0.501917
0.649546
0.246093
0.131080
0.344805
-0.172198
0.625776
-0.130285
0.130559
-0.447181
0.048277
-0.428269
1.000000
-0.264636
0.904187
-1.000000
-0.294030
-0.390024
-0.194707
-0.574713
-0.674182
-0.335115
-0.675905
-0.888237
0.585221
-0.630588
1.000000
0.565008
0.137319
-0.423323
0.257032
-0.303071
0.496504
0.566917
-0.954769
-0.246459
-0.828755
-0.838019
0.617753
-0.170945
0.976634
-0.110140
0.466164
-0.927466
0.152932
-0.654838
0.022326
-0.494730
-0.610199
-0.011274
-0.142524
0.526293
0.076565
-0.431986
-0.015467
0.454463
-0.095928
-0.455525
0.773339
-0.192834
-0.105751
-0.108782
-0.147848
-0.866196
0.969990
-0.935047
-0.387431
0.616495
0.135961
-0.952935
0.931233
-0.494684
0.230540
-0.662539
0.118232
0.158572
-0.608337
-0.978142
0.100253
-0.172234
0.192325
0.164889
-0.255292
-0.127120
0.308161
0.118740
-0.755812
0.705721
0.348160
-0.889619
0.610068
-0.989788
0.007802
0.098319
0.220129
-0.034322
0.816505
-0.680824
-0.159297
0.656889
0.618830
0.848455
-0.769091
-0.142713
0.114426
0.366273
0.393531
-0.288746
-0.891551
-0.029989
0.544770
-0.046008
0.335260
0.775688
0.725215
-0.619827
-0.374018
-0.676258
-0.691448
-0.391005
0.522842
0.085684
-0.067411
0.754176
-0.646812
0.277036
0.530287
0.990513
0.754564
-1.000000
0.291906
0.546123
0.989822
-0.982077
-0.646702
0.681336
0.306212
0.040819
0.281292
-0.143525
0.005058
-0.342192
0.531513
0.580121
0.312280
0.037826
0.551021
0.007155
0.978396
0.027531
0.407522
-0.689304
-0.834743
-0.081914
0.180916
-0.544713
0.756780
-0.698150
-0.014537
0.216982
-0.792624
0.849073
0.931506
0.896586
0.777943
-0.486878
0.247732
-0.288410
0.171289
-0.123870
0.119299
-0.758174
-0.249339
0.774335
-0.338049
0.893120
-0.357725
0.212748
0.295830
-0.958161
-0.047226
-0.036255
-0.602453
-0.777050
0.154839
0.261861
-0.743541
-0.685541
1.000000
0.198767
-0.186715
0.082399
-0.349100
0.451337
0.044865
0.716155
-0.433544
-0.978040
-1.000000
-0.501948
0.990904
0.310609
-0.827555
0.666021
-0.491294
0.958797
0.770584
-0.330311
-0.195466
-0.693863
-0.254393
0.464592
-0.524649
0.714825
0.797690
0.225696
0.155918
-0.204014
0.427040
-0.395873
0.284628
0.574951
0.720321
-0.279934
-0.478394
0.334524
-0.882132
-0.938716
0.031655
-0.461970
0.898094
-0.226009
-0.175862
-0.909823
-0.088776
0.015383
-0.371764
0.793960
0.212238
0.336388
-0.243672
-0.879095
0.686240
-0.866364
0.636982
0.724291
-1.000000
-0.120789
-0.889632
-0.249972
-0.946098
-0.452624
-0.089965
0.767646
-0.633962
0.176228
-0.711745
-0.543336
0.645090
-0.408756
0.454136
0.149071
-0.866944
0.018521
0.628032
0.141496
-0.770510
-0.320698
-0.142276
-0.128041
0.355961
-0.017454
-0.863665
0.134415
0.296227
-0.717234
0.898381
0.359174
-0.148706
-0.837494
0.187257
0.495957
-0.812934
-0.797791
0.298275
0.495101
-0.796228
0.415448
1.000000
-0.431485
-0.151808
0.413197
-0.921893
-0.951942
0.241870
0.497032
0.094714
-0.172335
0.363885
0.342863
-0.911378
0.869622
0.460668
1.000000
0.466107
0.260787
-0.736763
-0.537624
0.103974
-0.785865
-0.041823
-0.906426
-0.837520
-0.978406
-0.597843
0.578127
-0.118588
0.772097
-0.428706
-0.211211
0.243934
0.835699
-0.920316
-0.811044
0.446503
-0.696855
0.218668
-0.154369
0.963945
1.000000
0.667741
-0.564750
0.925890
-0.022182
0.085839
-0.647014
0.810305
0.686265
0.413917
1.000000
-0.161936
-0.820137
-0.166175
-0.011959
-0.029676
-0.868919
0.805313
-0.980344
0.192149
0.649574
0.874263
-0.005141
0.084974
-0.704350
0.262160
-0.609294
-0.522080
0.070391
0.985521
-0.008874
1.000000
0.033295
0.279571
-0.354594
-0.540683
0.622120
-0.232256
-0.332910
0.166452
0.817277
0.518182
-0.117038
0.158360
0.169933
0.499601
-0.796078
0.165656
-0.483792
0.045587
-0.224188
0.965916
-0.534407
0.470038
0.899944
-0.125983
-0.654440
0.651649
-0.015049
-1.000000
0.780505
-0.820545
-0.437499
-1.000000
-0.232834
-0.124850
-0.775668
-0.110507
1.000000
0.752785
0.483393
0.922073
0.719110
0.034022
0.256602
-0.637609
0.214931
-0.636507
0.290186
-1.000000
-0.368153
-0.174800
0.812283
-0.497959
1.000000
0.760441
-0.222828
-0.488039
-0.213018
0.288765
0.051342
0.451124
-0.795980
0.869546
0.019832
0.121525
-0.539375
-0.578327
0.297434
0.407950
0.458739
0.478750
-0.061040
-0.434660
-0.669572
-0.343868
0.165195
-0.131778
0.175271
0.727459
-0.164364
0.511482
0.595126
-0.792719
0.763920
-0.747415
-0.304186
0.785427
-0.076697
0.640036
0.612726
-0.307750
0.720919
0.769643
0.480067
0.759252
0.930559
-0.495939
0.799344
-0.988501
-0.771673
-0.380501
-0.328332
0.201016
-0.788304
0.466278
0.873081
0.535056
-0.654382
0.603310
-0.033800
0.507911
0.237611
-0.896202
0.525543
0.636743
0.662304
1.000000
-0.981058
0.067233
0.379221
-0.122441
0.677282
-0.394999
0.696846
0.298391
0.553185
0.536021
-0.604401
0.332299
0.587953
0.290529
-0.900719
0.184803
0.064651
0.612208
0.876416
-0.552101
0.404422
-0.100794
-0.887963
-0.124215
-1.000000
0.577397
-0.190685
0.012450
0.109507
0.688000
0.799785
1.000000
0.242079
0.942455
0.292697
0.240949
0.505250
0.337056
-0.311256
-0.522408
-0.854879
0.694093
0.129465
-0.267932
0.646396
-0.773056
0.785031
0.343911
-1.000000
0.053636
-0.594304
0.408959
-0.614894
0.875832
0.649772
-0.241269
-0.518928
-1.000000
0.887524
-0.854100
0.462786
0.387524
0.701054
-1.000000
-0.220743
-0.456246
0.256101
0.125624
-0.046372
-0.018677
-0.812053
0.115881
0.356965
0.924936
-0.930584
0.355151
-0.403235
-0.856974
-0.768210
-0.114189
-0.090275
0.111788
0.370738
0.751773
0.617033
-0.861855
0.080838
-0.633908
-0.813535
-0.152940
0.167767
-0.689842
-0.132626
0.381784
-0.263508
0.579605
-0.059232
0.048705
0.273343
0.870396
0.199333
-0.024050
0.759717
-0.960381
-0.002348
0.721046
0.689262
-0.321719
0.494481
0.984458
0.037151
-0.798541
0.695283
-0.423412
0.476350
-0.649293
0.393172
-0.927275
-0.836974
0.331449
-0.641275
-0.997243
0.518557
-1.000000
-0.912966
0.261979
-0.007561
-0.966839
-0.456835
0.386616
1.000000
0.311696
-0.273490
-0.665703
1.000000
-0.446659
-0.934606
-0.767456
0.142414
0.026520
0.564150
-0.229015
0.986949
-0.948359
0.881462
0.183551
0.448601
0.574238
-0.977849
0.254978
0.822979
-0.224517
0.141130
-0.261240
-0.895135
0.606488
0.705359
0.589676
0.846789
-0.093256
-0.160243
-0.483588
0.955768
0.471513
-0.123581
-0.223671
0.157104
0.508673
1.000000
-0.395646
0.502877
0.346078
0.720925
0.247733
0.910211
0.536793
-0.009117
-0.799034
-0.819778
0.387508
-0.513056
0.281196
0.946857
0.357182
0.794209
0.139212
0.889493
0.138410
0.413178
0.732037
0.082928
0.822929
0.150246
0.444650
-0.193412
0.820504
0.479808
-0.577786
-0.496318
0.774945
-0.968942
0.116676
-0.742609
-0.289699
0.460405
-0.655846
-0.761036
-0.853057
-0.291635
0.572465
1.000000
0.879975
0.824754
0.443075
-0.678749
-0.944565
0.516126
0.561230
-0.648591
0.381076
0.058738
-0.142359
0.920275
0.452602
-0.912380
-0.270391
-0.130658
0.826262
0.852109
0.504599
-0.064860
-0.743555
0.069315
-0.544056
-0.676721
-0.201109
-0.600742
0.532301
0.334377
-0.544440
-0.255710
0.321989
-0.108005
0.785692
-0.483827
-0.576058
0.376499
-0.858742
0.300787
-0.083225
-0.268421
-0.408672
0.348164
0.298231
0.082427
-0.387311
-0.527213
-0.002936
-0.710962
-0.757908
-0.625466
0.441732
-0.182135
0.620309
-0.066732
-0.057432
-0.371445
-0.425097
0.784690
-0.155864
0.051708
0.126775
0.244962
0.176111
-0.484092
0.827305
0.797607
0.801871
0.356535
-0.833848
0.101056
-0.947431
-0.555780
0.685134
0.663686
-0.360551
-0.617824
-0.402018
-0.646202
0.941076
-0.387814
0.628713
-0.034093
-0.857218
-0.641570
-0.507820
0.477318
-0.260538
1.000000
0.430016
0.495308
0.999221
0.077614
-0.542115
0.468308
0.397880
-0.151059
-0.004556
-0.394130
0.681166
-0.442194
0.534036
0.115023
0.512560
-1.000000
-0.878988
-0.450822
0.932856
-0.888707
0.465320
-0.949473
-0.357635
-0.020502
-0.196423
-0.550580
0.976167
0.090647
-0.188104
0.230245
-0.619064
-0.516847
-0.671631
-1.000000
-0.167386
0.939534
0.794298
0.409681
0.910909
-0.717270
-0.177763
-0.629348
0.025021
-0.710137
0.078454
0.383320
0.400969
0.170261
0.219504
0.850841
-0.919281
0.370533
0.353880
-0.997824
0.990376
0.821129
-0.560599
1.000000
0.317525
-0.645784
-0.639768
0.354114
-0.651455
-0.154111
0.159100
-0.153710
0.079681
0.175191
-0.014870
0.093754
-0.055469
-0.129794
0.230378
0.401803
0.477035
0.001227
0.061585
0.030188
0.007140
0.312103
0.233600
0.000057
0.041209
0.078942
0.002268
0.016617
0.036819
0.001348
0.134399
0.006115
0.039465
0.049274
0.000096
0.111860
0.000003
0.000008
0.122773
0.000391
0.251305
0.003513
0.000618
0.002226
0.130229
0.282091
0.114118
0.028325
0.000493
0.000780
0.142204
0.497155
0.000774
0.000873
0.060060
0.880094
0.107807
0.120741
0.000004
0.202112
0.447352
0.051536
0.107266
0.001927
0.067861
0.000418
0.005415
0.001410
0.051286
0.007946
0.000457
0.002066
0.001149
0.075955
0.046520
0.002058
0.042947
0.032195
0.000486
0.041381
0.236459
0.050138
0.028189
0.015779
0.006794
0.011745
0.191467
0.014894
0.011204
0.668373
0.023994
0.037050
0.045788
0.001566
0.001614
0.040729
0.000189
0.119973
0.011263
0.030778
0.051054
0.078748
0.034723
0.000593
0.001709
0.000320
0.000825
0.063964
0.001518
0.000031
0.098734
0.000738
0.000738
0.021358
0.003022
0.148826
0.002489
0.000031
0.000137
0.034635
0.013522
0.029950
0.165711
0.000390
0.013355
0.007744
0.236979
0.022717
0.578231
0.011191
0.177999
0.000429
0.092748
0.315189
0.000329
0.001475
0.003104
0.012136
0.130852
0.000096
0.000251
0.025907
0.049410
0.031713
0.016619
0.049190
0.000322
0.007609
0.000528
0.012318
0.279123
0.012405
0.056172
0.204986
0.099384
0.018074
0.362397
0.005663
0.004979
0.109138
0.000002
0.021412
0.050408
0.037236
0.176669
0.510418
0.002342
0.000540
0.020639
0.001100
0.019707
0.016073
0.000910
0.173121
0.106259
0.205106
0.019693
0.026905
0.000383
0.017220
0.069277
0.004039
0.109517
0.001805
0.000520
0.006792
0.010818
0.000013
0.055351
0.088306
0.001296
0.101980
0.014893
0.007367
0.159907
0.017570
0.303004
0.050375
0.000029
0.013092
0.001716
0.002838
0.004558
0.000234
0.000124
0.017461
0.088566
0.001269
0.081929
0.003467
0.000095
0.000077
0.057546
0.000663
0.001374
0.070033
0.083578
0.007983
0.045188
0.024878
0.230112
0.079824
0.052394
0.000340
0.000274
0.132043
0.002124
0.000209
0.009984
0.007024
0.071820
0.011222
0.000438
0.000875
0.000048
0.000283
0.006964
0.000043
0.081040
0.014020
0.018702
0.085547
0.000104
0.011103
0.001852
0.019767
0.010578
0.220851
0.018996
0.109073
0.042052
0.011579
0.012804
0.000085
0.001956
0.041885
0.203237
0.000603
0.000203
0.001145
0.009445
0.009011
0.000086
0.006339
0.015983
0.002106
0.003797
0.002269
0.050259
0.001467
0.002575
0.378152
0.000253
0.000322
0.000075
0.043663
0.010132
0.125160
0.008412
0.280573
0.017258
0.000205
0.121735
0.003238
0.020856
0.022374
0.002405
0.005143
0.039707
0.004035
0.000700
0.059059
0.031302
0.127965
0.000034
0.000347
0.058493
0.224497
0.027125
0.015123
0.001841
0.010096
0.232342
0.005987
0.118432
0.134093
0.063926
0.040258
0.001003
0.005580
0.139190
0.004765
0.000164
0.047072
0.060050
0.004048
0.171533
0.000474
0.011380
0.000130
0.032518
0.001640
0.191331
0.000137
0.263594
0.321915
0.022554
0.005287
0.291047
0.018358
0.000399
0.000970
0.000150
0.112329
0.052172
0.001175
0.003161
0.013895
0.034407
0.317959
0.008352
0.052330
0.135640
0.240478
0.011805
0.040509
0.000385
0.059049
0.000148
0.307279
0.023528
0.020108
0.000166
0.000549
0.425722
0.259276
0.048261
0.043488
0.127306
0.011651
0.002686
0.013079
0.002992
0.013545
0.017523
0.189467
0.001720
0.001805
0.017526
0.006924
0.001017
0.015527
0.117734
0.020598
0.000003
0.002010
0.122973
0.058298
0.023430
0.000763
0.004094
0.133870
0.012044
0.003173
0.071173
0.013562
0.041994
0.000112
0.000074
0.018304
0.002065
0.997741
0.000435
0.010824
0.001833
0.000014
0.000336
0.000546
0.098290
0.000039
0.044957
0.045180
0.001063
0.001245
0.000038
0.023074
0.000524
0.041988
0.142640
0.427810
0.000163
0.013676
0.005162
0.001253
0.017552
0.010013
0.006416
0.074113
0.001080
0.253693
0.000190
0.585671
0.002163
0.000051
0.004874
0.331629
0.000019
0.002256
0.000862
0.123183
0.000073
0.176754
0.000593
0.000034
0.002672
0.001005
0.134638
0.061183
0.000002
0.000387
0.022060
0.001224
0.003664
0.153260
0.005825
0.209364
0.000062
0.003064
0.000005
0.000011
0.047541
0.073193
0.023764
0.000037
0.682271
0.006566
0.003856
0.004332
0.020000
0.003001
0.003228
0.000010
0.015150
0.017640
0.001287
0.029192
0.218005
0.071683
0.550489
0.000064
0.000064
0.003236
0.002318
0.069688
0.001057
0.362674
0.031870
0.008243
0.001087
0.000002
0.002395
0.000230
0.004254
0.017506
0.000407
0.000128
0.002232
0.023032
0.023473
0.001333
0.027759
0.000371
0.001305
0.029876
0.000614
0.006151
0.022255
0.273047
0.000095
0.133002
0.000538
0.000010
0.000437
0.037240
0.000007
0.019498
0.002017
0.000745
0.174218
0.151891
0.000064
0.419555
0.022886
0.002497
0.005580
0.025241
0.054972
0.379437
0.250567
0.009489
0.000002
0.000090
0.048544
0.000516
0.000065
0.061476
0.041114
0.013445
0.000084
0.107902
0.000016
0.001093
0.008282
0.000193
0.137298
0.234243
0.679976
0.019279
0.000417
0.000007
0.004408
0.000002
0.021547
0.003393
0.000003
0.520861
0.015027
0.001551
0.027250
0.000477
0.000073
0.000100
0.061512
0.230779
0.000175
0.000101
0.033232
0.004757
0.004447
0.000198
0.031210
0.000704
0.031775
0.360885
0.009486
0.000653
0.017166
0.022201
0.881339
0.000028
0.000003
0.000821
0.001122
0.000723
0.000188
0.007311
0.010491
0.050824
0.003523
0.483171
0.064578
0.336556
0.038631
0.052364
0.133224
0.083417
0.033524
0.001463
0.006006
0.005525
0.007061
0.004414
0.000069
0.346654
0.009258
0.001778
0.083850
0.028207
0.033198
0.000082
0.019322
0.114389
0.003246
0.071663
0.006526
0.004585
0.011691
0.002368
0.196435
0.000037
0.106012
0.004828
0.096569
0.022459
0.008512
0.006429
0.046874
0.064739
0.000434
0.005257
0.008163
0.010170
0.001337
0.000058
0.029617
0.000043
0.108409
0.024650
0.021280
0.175798
0.000013
0.000447
0.004968
0.022665
0.175985
0.146288
0.048264
0.033198
0.000215
0.000020
0.000341
0.005035
0.140763
0.008501
0.039858
0.131073
0.001175
0.237301
0.021234
0.001601
0.042606
0.044640
0.000654
0.001345
0.003726
0.010202
0.131423
0.505970
0.051550
0.106950
0.004172
0.298619
0.020430
0.000079
0.005022
0.000057
0.043312
0.123995
0.031647
0.043248
0.000093
0.254841
0.015159
0.000537
0.077945
0.014615
0.021016
0.033427
0.072674
0.013651
0.000221
0.061553
0.037710
0.046258
0.045743
0.000173
0.000075
0.011308
0.004871
0.096448
0.076677
0.011642
0.019725
0.039317
0.080094
0.000056
0.000043
0.000320
0.593921
0.101043
0.000035
0.299155
0.000099
0.002061
0.001147
0.077354
0.008090
0.016505
0.065363
0.182273
0.028483
0.119501
0.000911
0.108503
0.470334
0.004564
0.000567
0.056542
0.024565
0.360509
0.002630
0.249056
0.007336
0.004023
0.046236
0.004050
0.000261
0.003129
0.003916
0.003629
0.000385
0.005697
0.000047
0.015747
0.000002
0.013577
0.000153
0.000013
0.000164
0.002227
0.103965
0.033760
0.002998
0.001185
0.000220
0.069850
0.007462
0.554807
0.077214
0.009463
0.008552
0.032699
0.000042
0.001022
0.056077
0.010383
0.013042
0.020322
0.006651
0.000554
0.000766
0.008418
0.000588
0.017234
0.000332
0.004970
0.041538
0.339830
0.187533
0.023595
0.000002
0.025507
0.004230
0.000254
0.004320
0.233444
0.016539
0.003344
0.013593
0.007923
0.003254
0.000060
0.006194
0.019148
0.006296
0.108853
0.020003
0.046460
0.000003
0.452847
0.001393
0.001530
0.016173
0.010148
0.000332
0.048535
0.004888
0.271483
0.084163
0.000650
0.000156
0.002312
0.000079
0.000018
0.058660
0.124022
0.002955
0.000516
0.000157
0.047912
0.000185
0.153545
0.064324
0.176748
0.000743
0.137884
0.011151
0.000579
0.000182
0.020822
0.007193
0.039031
0.000180
0.004678
0.000525
0.295838
0.453558
0.025327
0.000574
0.003359
0.140451
0.000091
0.001305
0.026943
0.000807
0.000426
0.018619
0.113776
0.101689
0.022642
0.037041
0.019288
0.009881
0.004280
0.007488
0.000289
0.050637
0.017783
0.260460
0.008979
0.076524
0.078646
0.000761
0.116742
0.107428
0.019699
0.000581
0.003461
0.000627
0.154656
0.010577
0.033409
0.021515
0.000937
0.382382
0.000889
0.523053
0.051967
0.005761
0.498000
0.025209
0.000023
0.000079
0.056053
0.002133
0.000480
0.003734
0.008293
0.000040
0.046120
0.000528
0.287199
0.002685
0.000002
0.330392
0.041095
0.005964
0.012301
0.000284
0.021858
0.045290
0.001734
0.087720
0.000590
0.007395
0.006821
0.000024
0.000071
0.334032
0.006741
0.013313
0.000852
0.011255
0.166661
0.038153
0.001456
0.024273
0.036633
0.136406
0.007393
0.019085
0.029364
0.226151
0.039648
0.005076
0.000014
0.000384
0.013678
0.006266
0.096092
0.018050
0.007862
0.000165
0.148062
0.042831
0.000098
0.014653
0.036548
0.060288
0.045649
0.292690
0.002156
0.000002
0.000113
0.094227
0.012162
0.058436
0.000075
0.000585
0.190838
0.006661
0.004106
0.132377
0.493762
0.000200
0.000894
0.000002
0.000373
0.000002
0.042694
0.000016
0.003774
0.006984
0.004077
0.000924
0.035593
0.025745
0.002164
0.004604
0.009258
0.002331
0.001119
0.033702
0.000331
0.159780
0.000286
0.067986
0.006030
0.006688
0.025154
0.126717
0.000024
0.655106
0.002528
0.233324
0.004819
0.005330
0.612652
0.000080
0.193066
0.011633
0.446833
0.041035
0.022198
0.859752
0.016374
0.004160
0.063735
0.000119
0.014030
0.156682
0.025031
0.028856
0.065889
0.228124
0.032430
0.000146
0.001829
0.268233
0.162135
0.000122
0.012500
0.007387
0.007329
0.062529
0.000430
0.000100
0.381940
0.005146
0.020592
0.003936
0.036944
0.004161
0.060181
0.490356
0.003956
0.000025
0.068564
0.000754
0.170019
0.000028
0.029295
0.002866
0.054564
0.001398
0.587808
0.086833
0.000197
0.000182
0.014924
0.000117
0.025169
0.028560
0.015538
0.050000
0.024121
0.000467
0.000753
0.002671
0.088053
0.173373
0.003283
0.000399
0.000003
0.000655
0.093112
0.000009
0.018102
0.058249
0.207669
0.000002
0.000922
0.039323
0.162550
0.063977
0.000622
0.007041
0.001204
0.228508
0.266130
0.005043
0.011596
0.158766
0.023367
0.002699
0.000011
0.085923
0.030500
0.002613
0.002515
0.232189
0.055935
0.000898
0.042846
0.006955
0.012214
0.068717
0.102855
0.046594
0.000201
0.001322
0.000078
0.012093
0.042751
0.000200
0.013601
0.000801
0.000017
0.094722
0.053726
0.000002
0.050322
0.023343
0.027629
0.018858
0.000771
0.008078
0.012992
0.003065
0.005618
0.011463
0.159052
0.061355
0.110211
0.019633
0.041467
0.007333
0.000781
0.305527
0.001021
0.053393
0.034646
0.082642
0.035569
0.074614
0.023835
0.018871
0.032029
0.038532
0.001807
0.002552
0.002551
0.668715
0.000017
0.165455
0.116304
0.000008
0.002356
0.000152
0.020147
0.128242
0.062220
0.000039
0.063340
0.007878
0.282836
0.051773
0.000006
0.131954
0.030774
0.008583
0.151534
0.001765
0.091248
0.239517
0.007941
0.015292
0.532955
0.155970
0.181599
0.026540
0.000046
0.022801
0.004894
0.006610
0.013032
0.000003
0.004922
0.023101
0.052589
0.000678
0.004669
0.000300
0.051156
0.003211
0.006149
0.003491
0.000392
0.005063
0.000664
0.012302
0.024717
0.054413
0.000501
0.007876
0.001182
0.011890
0.114639
0.001823
0.012641
0.000002
0.031728
0.000330
0.005182
0.064720
0.000002
0.139475
0.230755
0.035904
0.000071
0.005062
0.006510
0.001154
0.011002
0.001152
0.002270
0.000935
0.005305
0.003770
0.028557
0.004736
0.000290
0.069309
0.000101
0.002474
0.002745
0.001382
0.002922
0.081343
0.000032
0.061768
0.000019
0.001869
0.406876
0.324800
0.004970
0.077172
0.039373
0.082756
0.000012
0.000001
0.000006
0.035431
0.000936
0.044170
0.136274
0.001996
0.002526
0.013274
0.001956
0.038671
0.232596
0.003502
0.332428
0.011387
0.001964
0.047709
0.014031
0.002088
0.168012
0.001439
0.010906
0.162773
0.044153
0.000155
0.000507
0.008067
0.232375
0.000085
0.048050
0.166802
0.083108
0.012389
0.001267
0.058416
0.000764
0.044660
0.000225
0.266018
0.129966
0.137480
0.204911
0.000002
0.000446
0.072977
0.016660
0.001289
0.000377
0.006511
0.189949
0.001537
0.001123
0.031980
0.212191
0.145800
0.035855
0.011497
0.075402
0.377781
0.038531
0.002677
0.003194
0.102282
0.005625
0.005459
0.000845
0.438733
0.001526
0.000045
0.003776
0.012671
0.018911
0.000882
0.036940
0.031421
0.038718
0.000200
0.000100
0.005798
0.005649
0.000548
0.011995
0.026753
0.133629
0.027837
0.000513
0.000352
0.121957
0.278104
0.118523
0.218059
0.036856
0.000824
0.220498
0.002029
0.001485
0.000347
0.059850
0.122378
0.000005
0.089933
0.073689
0.017169
0.000655
0.006639
0.461751
0.047165
0.235732
0.000002
0.016228
0.173645
0.017188
0.004396
0.019376
0.192157
0.029977
0.001056
0.089139
0.091582
0.002819
0.000003
0.002096
0.010000
0.173582
0.237883
0.259937
0.000444
0.019618
0.003375
0.000525
0.000299
0.620553
0.047488
0.013999
0.000468
0.040464
0.069545
0.000205
0.000223
0.190150
0.000006
0.012905
0.001701
0.007440
0.021420
0.004979
0.003882
0.005045
0.102532
0.187248
0.244068
0.000088
0.244566
0.002597
0.061263
0.002804
0.032004
0.008467
0.037492
0.046023
0.007832
0.001791
0.013252
0.310990
0.013490
0.002403
0.000082
0.297056
0.264926
0.042607
0.010474
0.000364
0.002908
0.002231
0.007100
0.050052
0.009818
0.014354
0.044867
0.000671
0.001191
0.021178
0.000493
0.001880
0.037249
0.003398
0.010629
0.005369
0.000263
0.001870
0.036513
0.058441
0.006219
0.006175
0.013755
0.012205
0.004684
0.012622
0.000623
0.003055
0.016497
0.000831
0.003359
0.050858
0.073337
0.040592
0.011596
0.008362
0.000816
0.082695
0.020534
0.001372
0.000051
0.120374
0.012705
0.000948
0.017150
0.001930
0.000067
0.006962
0.024332
0.035737
0.000002
0.015813
0.052842
0.029867
0.001732
0.000010
0.003045
0.002928
0.089485
0.074698
0.016492
0.000426
0.018984
0.132397
0.001990
0.271875
0.000338
0.031390
0.095901
0.000031
0.000394
0.011068
0.137149
0.005015
0.342490
0.010290
0.008286
0.016536
0.120132
0.000778
0.107099
0.005515
0.000004
0.033724
0.000576
0.000324
0.042089
0.154362
0.044605
0.007018
0.002329
0.043968
0.012885
0.183726
0.020615
0.240348
0.038850
0.003590
0.012335
0.167342
0.000002
0.088553
0.055648
0.052955
0.000947
0.000489
0.116048
0.049357
0.001719
0.000028
0.005641
0.015240
0.000002
0.007869
0.002940
0.089656
0.010687
0.000107
0.038171
0.166872
0.012428
0.008182
0.001929
0.010480
0.100841
0.413781
0.019099
0.002231
0.053422
0.007113
0.019752
0.002087
0.663888
0.052452
0.090024
0.128272
0.502696
0.003771
0.001548
0.008697
0.140424
0.050233
0.216593
0.000539
0.005026
0.102756
0.416400
0.059042
0.000346
0.000339
0.046534
0.005821
0.000235
0.006885
0.000196
0.014205
0.171600
0.000014
0.003716
0.013463
0.129117
0.001122
0.002818
0.004561
0.003495
0.000006
0.066466
0.006236
0.003017
0.001980
0.290028
0.001619
0.217554
0.122845
0.051388
0.046445
0.006547
0.414085
0.470955
0.000012
0.035913
0.031091
0.168850
0.123292
0.000168
0.009750
0.000233
0.785499
0.013185
0.000159
0.019202
0.000016
0.010845
0.000002
0.001069
0.040570
0.011231
0.001191
0.782194
0.002393
0.003231
0.000419
0.062770
0.058464
0.369793
0.002377
0.003478
0.002620
0.002985
0.000003
0.000429
0.233929
0.012806
0.013052
0.018856
0.352636
0.002532
0.055248
0.001952
0.160417
0.003442
0.239210
0.012280
0.003239
0.003181
0.012078
0.057210
0.153195
0.018248
0.000308
0.004719
0.037893
0.000159
0.006404
0.005238
0.000047
0.001119
0.111937
0.004618
0.001712
0.077672
0.345565
0.018823
0.000236
0.011237
0.006221
0.000010
0.000388
0.049246
0.000765
0.000022
0.001890
0.006985
0.000279
0.002798
0.163489
0.000053
0.066467
0.000006
0.001763
0.000202
0.000051
0.002258
0.330469
0.023069
0.061362
0.000222
0.000006
0.017163
0.034202
0.073075
0.000386
0.010310
0.008189
0.000006
0.015083
0.072834
0.012315
0.015920
0.000276
0.000233
0.000123
0.030500
0.000034
0.175048
0.156397
0.029010
0.000485
0.072131
0.002143
0.002730
0.004313
0.000981
0.017045
0.056213
0.006362
0.167102
0.000104
0.011729
0.000443
0.035265
0.038725
0.001188
0.063376
0.000117
0.471784
0.000512
0.000095
0.000325
0.358885
0.005409
0.169089
0.000150
0.004267
0.513446
0.007469
0.000002
0.001925
0.010730
0.089009
0.000636
0.066425
0.064954
0.000495
0.000793
0.000322
0.002021
0.003940
0.090567
0.006576
0.265826
0.061973
0.004475
0.127678
0.054563
0.006853
0.450682
0.030657
0.000216
0.033369
0.101449
0.026787
0.000003
0.000483
0.028622
0.020037
0.000662
0.036710
0.001542
0.006760
0.179292
0.000054
0.018746
0.052896
0.006035
0.000007
0.000069
0.197368
0.018802
0.006388
0.000345
0.004104
0.040420
0.001688
0.144338
0.000121
0.000668
0.090740
0.019962
0.049134
0.013099
0.000901
0.560313
0.001325
0.038226
0.000175
0.121427
0.003623
0.004247
0.016860
0.005501
0.113459
0.003718
0.000477
0.004200
0.004605
0.003022
0.121227
0.000041
0.212006
0.144066
0.016374
0.054924
0.000167
0.385812
0.018292
0.155447
0.005871
0.000065
0.004147
0.185317
0.011357
0.001178
0.000980
0.022172
0.002188
0.017757
0.000043
0.007052
0.000010
0.007393
0.227124
0.237858
0.043220
0.049576
0.001040
0.000068
0.528132
0.000692
0.098226
0.000011
0.045947
0.039985
0.011719
0.093951
0.000021
0.000059
0.003503
0.000476
0.252785
0.004551
0.005068
0.005816
0.000271
0.344921
0.000039
0.027283
0.012775
0.051251
0.001107
0.036339
0.022595
0.000060
0.004270
0.065908
0.019326
0.001044
0.001356
0.002734
0.040496
0.000169
0.001819
0.075080
0.044150
0.026864
0.060005
0.003456
0.009828
0.025487
0.049771
0.009652
0.026191
0.000134
0.005496
0.000007
0.002227
0.000045
0.007093
0.016828
0.000433
0.000651
0.000033
0.125817
0.017853
0.001815
0.000193
0.003504
0.052426
0.002338
0.039958
0.037351
0.000550
0.004885
0.517913
0.010276
0.007968
0.001551
0.000211
0.005967
0.037212
0.010971
0.071517
0.000106
0.000424
0.065533
0.000783
0.001721
0.080247
0.098478
0.000022
0.087877
0.013678
0.000135
0.036536
0.001565
0.078902
0.013916
0.029380
0.019744
0.003933
0.004913
0.007933
0.000035
0.000035
0.053416
0.002231
0.034839
0.125125
0.238617
0.000114
0.004555
0.448882
0.004365
0.000030
0.037983
0.063715
0.002575
0.021660
0.006892
0.001697
0.022880
0.016695
0.113511
0.001427
0.003720
0.006575
0.360914
0.007618
0.019129
0.048421
0.140520
0.293652
0.014025
0.038242
0.002071
0.001874
0.029386
0.001744
0.000384
0.007367
0.043448
0.003397
0.000739
0.007323
0.000919
0.003509
0.000634
0.000038
0.001115
0.000054
0.002327
0.000413
0.006216
0.003140
0.269808
0.000050
0.060939
0.008831
0.050726
0.031236
0.010216
0.000687
0.007794
0.003529
0.000335
0.071298
0.000113
0.080221
0.003456
0.041326
0.000608
0.130697
0.008240
0.185871
0.050405
0.025589
0.000106
0.187212
0.000377
0.000217
0.057448
0.009218
0.000044
0.000055
0.000024
0.178971
0.130524
0.020248
0.050198
0.000272
0.015317
0.429303
0.001331
0.040317
0.005613
0.021026
0.150239
0.000030
0.355270
0.535436
0.033519
0.001064
0.003597
0.145046
0.005183
0.024414
0.005374
0.000004
0.147746
0.000043
0.110829
0.003204
0.000181
0.000091
0.033266
0.027332
0.057209
0.092957
0.271227
0.002467
0.021396
0.018958
0.001231
0.000151
0.090509
0.000155
0.002420
0.004107
0.000215
0.014179
0.059816
0.005045
0.128090
0.005763
0.000524
0.000041
0.000145
0.013979
0.052095
0.000973
0.019415
0.001988
0.146708
0.001722
0.000057
0.007970
0.046226
0.158925
0.078198
0.000159
0.088726
0.001471
0.040304
0.000438
0.007300
0.145136
0.003875
0.077911
0.011667
0.055502
0.170894
0.007554
0.007336
0.004296
0.000773
0.049836
0.000574
0.074399
0.003353
0.035228
0.087436
0.022644
0.004179
0.046459
0.000975
0.260716
0.049751
0.012542
0.003938
0.013341
0.000914
0.002372
0.019258
0.000002
0.007121
0.090463
0.006877
0.000033
0.041490
0.108804
0.011750
0.036310
0.015761
0.167645
0.001298
0.066181
0.008790
0.300744
0.000787
0.001606
0.017235
0.000002
0.000913
0.000620
0.010570
0.055473
0.204237
0.000994
0.000483
0.000240
0.077659
0.028026
0.000471
0.008176
0.075428
0.017220
0.048966
0.002837
0.060012
0.004973
0.097711
0.030556
0.121084
0.064602
0.000230
0.005683
0.961449
0.001686
0.039519
0.000022
0.001319
0.084216
0.076195
0.101873
0.325944
0.001959
0.023773
0.047499
0.248330
0.275832
0.000363
0.000009
0.008570
0.006776
0.062262
0.003260
0.041897
0.034119
0.002455
0.000016
0.014473
0.007873
0.013860
0.022747
0.000033
0.003522
0.016705
0.056478
0.016175
0.193392
0.006944
0.003454
0.220853
0.131007
0.006193
0.005621
0.661048
0.274481
0.006758
0.323103
0.070814
0.032595
0.000020
0.001193
0.097835
0.028259
0.000351
0.186099
0.000038
0.665833
0.019883
0.000054
0.000647
0.047084
0.029530
0.030012
0.098636
0.007367
0.018175
0.090347
0.006217
0.132230
0.015910
0.000023
0.002768
0.199641
0.002012
0.091561
0.088412
0.000272
0.044871
0.032719
0.404454
0.004460
0.006196
0.023405
0.032657
0.005686
0.000147
0.002062
0.007632
0.040938
0.178669
0.042189
0.000682
0.052220
0.195496
0.029254
0.000050
0.029314
0.016932
0.000003
0.076599
0.007992
0.027529
0.030727
0.012697
0.027147
0.000034
0.004071
0.000101
0.273003
0.198059
0.069892
0.103416
0.066763
0.034021
0.005700
0.005629
0.000190
0.000760
0.020764
0.034243
0.000049
0.246077
0.000675
0.003175
0.003274
0.147843
0.130746
0.000002
0.306150
0.000621
0.506087
0.012893
0.012501
0.001458
0.025618
0.009140
0.040569
0.020421
0.000355
0.057822
0.008527
0.017955
0.009345
0.002929
0.000973
0.000420
0.017341
0.003746
0.002271
0.054113
0.000098
0.035388
0.088054
0.007648
0.016866
0.013279
0.118819
0.018053
0.022799
0.009562
0.000012
0.015291
0.217960
0.003052
0.017555
0.000061
0.014721
0.009404
0.000086
0.025423
0.105469
0.098812
0.010674
0.151969
0.019256
0.001102
0.002474
0.272733
0.064831
0.048303
0.064569
0.000002
0.058866
0.001958
0.227297
0.008318
0.069512
0.036661
0.049517
0.004880
0.012995
0.786920
0.006254
0.000100
0.000791
0.005502
0.000431
0.000001
0.295194
0.414769
0.007597
0.031272
0.000520
0.083449
0.006623
0.000996
0.111575
0.000011
0.001651
0.013474
0.000012
0.002715
0.020235
0.006150
0.010553
0.609578
0.000329
0.000041
0.606691
0.044595
0.005195
0.009961
0.094225
0.000033
0.122816
0.264202
0.000002
0.005235
0.002914
0.011178
0.046701
0.000591
0.001852
0.000299
0.008270
0.076109
0.075008
0.019483
0.015883
0.000252
0.094680
0.064670
0.050849
0.054761
0.045880
0.008224
0.000079
0.001328
0.001053
0.015586
0.190442
0.017199
0.007371
0.003396
0.000180
0.039899
0.050448
0.030501
0.081594
0.000882
0.039955
0.019923
0.126619
0.049140
0.016712
0.038940
0.000076
0.211609
0.103867
0.047070
0.001592
0.026696
0.050497
0.319775
0.004593
0.000526
0.213262
0.002109
0.009639
0.033157
0.011157
0.664749
0.032063
0.000480
0.000074
0.038919
0.027406
0.003211
0.335547
0.107823
0.002608
0.141663
0.007701
0.038783
0.005455
0.289596
0.050423
0.620996
0.000273
0.000627
0.001348
0.016098
0.008032
0.001496
0.195882
0.065147
0.000520
0.238481
0.001885
0.000791
0.302145
0.168214
0.000002
0.371168
0.093510
0.001478
0.705236
0.016871
0.014158
0.036657
0.008360
0.000788
0.026083
0.002114
0.169577
0.126377
0.000009
0.001360
0.085015
0.010317
0.021179
0.095743
0.115440
0.010292
0.000011
0.007417
0.021883
0.003347
0.000989
0.000169
0.001946
0.000056
0.004111
0.002464
0.002487
0.000385
0.021778
0.123206
0.000774
0.214167
0.062679
0.000248
0.022617
0.020738
0.223642
0.000002
0.206515
0.001143
0.054214
0.002674
0.001990
0.022752
0.006286
0.237142
0.173437
0.000162
0.109873
0.000020
0.009032
0.230481
0.001655
0.000926
0.178539
0.000316
0.000101
0.071870
0.000074
0.000172
0.033449
0.046895
0.034757
0.001136
0.059965
0.092297
0.000401
0.006536
0.280616
0.010452
0.095029
0.490781
0.673359
0.008615
0.000656
0.000371
0.008017
0.060900
0.124129
0.007520
0.200660
0.000050
0.043033
0.046855
0.001922
0.000345
0.002985
0.034058
0.202787
0.022769
0.151606
0.005047
0.000012
0.000357
0.016539
0.034109
0.038722
0.003706
0.000008
0.015592
0.002581
0.136816
0.080344
0.041003
0.000002
0.001952
0.000438
0.272330
0.000508
0.127556
0.009649
0.019668
0.048041
0.042874
0.525231
0.000444
0.027368
0.039407
0.079977
0.026338
0.005641
0.000005
0.003573
0.000563
0.012803
0.001065
0.000055
0.000733
0.000971
0.027499
0.008832
0.000086
0.001231
0.000025
0.000085
0.001607
0.005494
0.131032
0.000118
0.015020
0.306593
0.047041
0.000049
0.000047
0.045992
0.013647
0.016378
0.006294
0.010285
0.240198
0.004750
0.168986
0.011386
0.005739
0.000121
0.029590
0.000034
0.077469
0.166566
0.003589
0.009264
0.000596
0.010327
0.020735
0.016928
0.017375
0.182429
0.006658
0.003675
0.000851
0.017946
0.046184
0.360026
0.005318
0.077469
0.017670
0.003904
0.009047
0.056864
0.008150
0.330246
0.000754
0.000308
0.664542
0.000851
0.012207
0.293685
0.000904
0.003014
0.000430
0.004501
0.195578
0.038259
0.001872
0.016637
0.086338
0.000220
0.000544
0.275421
0.068081
0.009694
0.000029
0.001073
0.043592
0.029894
0.003516
0.087950
0.129600
0.000737
0.037431
0.017533
0.000008
0.118272
0.071239
0.000005
0.002064
0.004372
0.001894
0.020180
0.002209
0.000871
0.003561
0.000672
0.025161
0.077988
0.005342
0.000061
0.014775
0.004760
0.030256
0.003074
0.217296
0.084392
0.052666
0.014304
0.160864
0.000019
0.000005
0.000023
0.031520
0.022171
0.006976
0.031686
0.052624
0.022987
0.515299
0.415588
0.003333
0.013286
0.086797
0.016343
0.000021
0.000134
0.030262
0.008162
0.059507
0.000298
0.062228
0.005018
0.010375
0.000177
0.019908
0.043554
0.126679
0.714025
0.000144
0.008167
0.004641
0.136704
0.000026
0.184780
0.001517
0.006441
0.010158
0.056778
0.038897
0.001851
0.028914
0.306834
0.005742
0.000785
0.059699
0.000082
0.059355
0.038725
0.136588
0.120718
0.007538
0.000018
0.098808
0.039466
0.001077
0.006145
0.203855
0.007442
0.001255
0.065131
0.077957
0.038386
0.000498
0.216088
0.013634
0.449594
0.006560
0.147281
0.003061
0.606394
0.037166
0.025706
0.194331
0.001252
0.035823
0.001183
0.000006
0.161775
0.059137
0.068297
0.006477
0.008703
0.000506
0.374755
0.012041
0.222983
0.058068
0.000026
0.000221
0.005364
0.001280
0.002993
0.013932
0.001932
0.012307
0.000201
0.047277
0.000632
0.101311
0.000005
0.000002
0.370012
0.000642
0.006601
0.403985
0.054041
0.164110
0.011733
0.003749
0.000860
0.015902
0.396254
0.061883
0.009699
0.047210
0.150924
0.304036
0.002944
0.000178
0.717358
0.000063
0.079373
0.000031
0.010678
0.000043
0.157773
0.049764
0.000015
0.059056
0.005230
0.006569
0.075813
0.000124
0.017104
0.000350
0.000016
0.016587
0.030831
0.012079
0.000090
0.000574
0.005578
0.016455
0.045242
0.000935
0.004862
0.312394
0.093917
0.216285
0.029995
0.001588
0.032638
0.041184
0.027573
0.050663
0.003475
0.000672
0.014396
0.011216
0.037498
0.000325
0.000129
0.029002
0.000075
0.000994
0.005900
0.066302
0.026512
0.000203
0.003752
0.201062
0.008679
0.000008
0.000215
0.177282
0.000114
0.000005
0.046220
0.011394
0.000430
0.043116
0.014687
0.000613
0.005237
0.465109
0.000882
0.088623
0.019665
0.007800
0.008292
0.009721
0.125048
0.010401
0.008392
0.000500
0.045076
0.318659
0.073662
0.021241
0.000003
0.000320
0.047151
0.000015
0.021454
0.000545
0.129510
0.140059
0.005077
0.017098
0.000274
0.002072
0.022214
0.008719
0.001651
0.105398
0.014385
0.028427
0.087365
0.000986
0.167753
0.000064
0.360050
0.016522
0.000460
0.325788
0.007896
0.002707
0.002832
0.000022
0.037432
0.269540
0.004511
0.620121
0.001216
0.350086
0.000237
0.013806
0.000011
0.035724
0.449432
0.059702
0.010178
0.337394
0.147846
0.000151
0.008929
0.258905
0.051163
0.000997
0.002627
0.000029
0.003049
0.000978
0.064247
0.267754
0.000251
0.000159
0.021360
0.002165
0.705347
0.164460
0.117545
0.483224
0.002382
0.000241
0.008717
0.049742
0.281079
0.000002
0.110959
0.169965
0.014837
0.003406
0.006320
0.072879
0.010973
0.000055
0.001499
0.000358
0.016742
0.056380
0.004310
0.013640
0.000003
0.003628
0.000908
0.000971
0.000079
0.001690
0.000569
0.550283
0.087572
0.103157
0.007114
0.074871
0.077356
0.012986
0.006012
0.003030
0.003560
0.000073
0.070561
0.001044
0.003439
0.041115
0.002031
0.000690
0.018018
0.009652
0.000057
0.063787
0.021953
0.016762
0.463158
0.000312
0.040568
0.002020
0.000055
0.196594
0.000021
0.017346
0.000945
0.054775
0.000171
0.191396
0.000306
0.006840
0.004782
0.152185
0.105309
0.001359
0.000719
0.004793
0.054758
0.000004
0.003311
0.004621
0.004784
0.029589
0.137624
0.030755
0.032492
0.002632
0.038729
0.119897
0.004691
0.058126
0.001573
0.016320
0.000180
0.000175
0.294150
0.191800
0.000005
0.043408
0.263288
0.001379
0.016191
0.000005
0.114154
0.001146
0.011354
0.000013
0.042041
0.000007
0.000194
0.000110
0.056738
0.000357
0.143178
0.075568
0.000846
0.000133
0.068674
0.000044
0.232245
0.013129
0.150551
0.000025
0.000201
0.012184
0.000005
0.276593
0.051875
0.001065
0.000031
0.556972
0.208680
0.067986
0.001315
0.001148
0.011974
0.243493
0.010480
0.005696
0.017253
0.085488
0.008817
0.005164
0.007593
0.054986
0.000251
0.008574
0.000414
0.075770
0.001643
0.316304
0.000041
0.000002
0.048828
0.000043
0.012740
0.050146
0.284176
0.006415
0.005950
0.004306
0.130086
0.207260
0.003140
0.004974
0.000020
0.001709
0.171497
0.039298
0.027985
0.000173
0.143625
0.007511
0.001209
0.000293
0.013384
0.003312
0.027490
0.000690
0.007350
0.006153
0.001932
0.006028
0.252185
0.005178
0.016209
0.298688
0.002126
0.000320
0.003126
0.005700
0.123741
0.001291
0.043896
0.010269
0.000044
0.000101
0.000442
0.035158
0.035730
0.004789
0.048169
0.030146
0.105744
0.005705
0.000677
0.004321
0.043807
0.494633
0.077840
0.000126
0.000056
0.121533
0.000520
0.000129
0.014343
0.163349
0.170229
0.098191
0.030865
0.475036
0.067931
0.109079
0.106674
0.000031
0.084246
0.499531
0.034652
0.000031
0.000071
0.004051
0.019681
0.055902
0.202339
0.090342
0.320598
0.005369
0.004906
0.044749
0.002145
0.109820
0.026054
0.046521
0.003414
0.000100
0.015466
0.000001
0.095937
0.033476
0.000220
0.001021
0.000717
0.020037
0.004502
0.084058
0.008139
0.119419
0.028660
0.026152
0.023068
0.077010
0.001919
0.020754
0.000090
0.069065
0.031245
0.000038
0.090786
0.001386
0.020927
0.000269
0.193795
0.000135
0.000424
0.004098
0.010047
0.047762
0.006030
0.046980
0.075123
0.001112
0.000461
0.008437
0.003573
0.000249
0.032278
0.023207
0.013264
0.000230
0.039984
0.034834
0.082709
0.468131
0.034523
0.000415
0.000717
0.117876
0.015720
0.000225
0.001402
0.001019
0.000080
0.358966
0.171640
0.020503
0.000083
0.000170
0.000004
0.026042
0.001536
0.020851
0.062953
0.004661
0.000345
0.001596
0.000008
0.006585
0.000168
0.015280
0.000002
0.000169
0.005761
0.010312
0.054201
0.000303
0.028923
0.000038
0.056175
0.004278
0.002107
0.000838
0.020347
0.002597
0.046978
0.036797
0.007146
0.316851
0.085478
0.017365
0.011284
0.000680
0.000001
0.000004
0.000010
0.272035
0.017057
0.003676
0.214770
0.007253
0.000043
0.000020
0.004507
0.017117
0.000331
0.000452
0.016912
0.000003
0.003485
0.008799
0.000327
0.014054
0.002156
0.003992
0.095992
0.022385
0.000084
0.061998
0.001497
0.001424
0.001857
0.059863
0.000002
0.000226
0.030524
0.016611
0.000002
0.003641
0.010678
0.142214
0.019421
0.037898
0.018719
0.076255
0.388455
0.251615
0.004587
0.061071
0.011864
0.000061
0.011116
0.001223
0.011559
0.008477
0.004667
0.046867
0.024294
0.057704
0.001616
0.033164
0.009298
0.001647
0.022463
0.001686
0.069994
0.060914
0.005640
0.115822
0.184383
0.325479
0.000005
0.042209
0.042949
0.071964
0.061967
0.000102
0.000908
0.061244
0.003963
0.000311
0.041281
0.000002
0.001173
0.035633
0.005750
0.059289
0.000019
0.097543
0.012069
0.003626
0.053411
0.019415
0.203608
0.000596
0.002114
0.002386
0.011605
0.057805
0.000032
0.005018
0.055382
0.006074
0.083749
0.075444
0.003053
0.007129
0.105175
0.016461
0.078322
0.000549
0.053409
0.000299
0.001705
0.003204
0.473152
0.000143
0.498280
0.000148
0.033629
0.008308
0.621445
0.009645
0.039679
0.009211
0.000564
0.002089
0.008456
0.063581
0.019785
0.000921
0.000040
0.000034
0.105604
0.022667
0.361802
0.000338
0.004132
0.531472
0.044016
0.020821
0.010578
0.018834
0.009882
0.176394
0.004778
0.346580
0.217049
0.433805
0.014087
0.035779
0.045909
0.000075
0.002781
0.002329
0.010650
0.099317
0.276854
0.005999
0.000045
0.000002
0.047422
0.172905
0.000230
0.000009
0.003765
0.102298
0.095049
0.044415
0.002507
0.011949
0.106645
0.009270
0.005886
0.000335
0.016239
0.037439
0.000007
0.000068
0.033293
0.000545
0.002197
0.000405
0.011063
0.050612
0.000087
0.015783
0.003750
0.006075
0.039723
0.010098
0.000020
0.000326
0.002234
0.000042
0.000117
0.015025
0.004073
0.362916
0.119469
0.041795
0.542362
0.010012
0.003326
0.007831
0.007760
0.019783
0.021386
0.001058
0.132939
0.000468
0.037374
0.000074
0.001077
0.020014
0.000986
0.173212
0.077934
0.004944
0.090387
0.000134
0.155540
0.000096
0.003024
0.016396
0.001186
0.000886
0.328475
0.006891
0.012451
0.008862
0.023273
0.032197
0.000432
0.001422
0.003151
0.018874
0.162737
0.578012
0.413273
0.005814
0.014628
0.001781
0.194251
0.017964
0.000100
0.000205
0.363498
0.233768
0.000088
0.080697
0.029248
0.049801
0.114871
0.001162
0.250335
0.006743
0.137411
0.002860
0.721734
0.105637
0.136712
0.246226
0.588852
0.022393
0.034777
0.013116
0.011205
0.021048
0.011460
0.001693
0.047477
0.001813
0.010011
0.005323
0.000618
0.001448
0.063793
0.042867
0.038880
0.000262
0.196104
0.002865
0.073139
0.010681
0.000800
0.071355
0.000006
0.000021
0.035774
0.090811
0.027156
0.000227
0.000029
0.022095
0.000599
0.001302
0.599200
0.009668
0.017177
0.074503
0.100222
0.002706
0.000297
0.000014
0.010698
0.046429
0.057767
0.046231
0.650203
0.001353
0.000002
0.182575
0.000416
0.009644
0.096814
0.011558
0.004728
0.004498
0.029936
0.000041
0.403987
0.000002
0.003398
0.003153
0.157256
0.073427
0.000014
0.030162
0.001926
0.019055
0.019961
0.003456
0.001046
0.036887
0.139091
0.054978
0.502386
0.022503
0.166425
0.057486
0.298132
0.001187
0.025898
0.003449
0.013742
0.013891
0.098869
0.053059
0.002555
0.001697
0.005569
0.004774
0.000135
0.108601
0.320757
0.053576
0.082148
0.007333
0.001138
0.002477
0.000268
0.000046
0.000027
0.001560
0.037749
0.000885
0.003633
0.075405
0.004204
0.094137
0.001283
0.001709
0.008680
0.002979
0.012591
0.000125
0.014135
0.070800
0.021124
0.038291
0.125281
0.144275
0.000280
0.003401
0.426500
0.037735
0.122039
0.000222
0.020480
0.282751
0.039337
0.000547
0.029301
0.160237
0.028417
0.001152
0.002380
0.005990
0.024779
0.000002
0.000020
0.000596
0.021697
0.005698
0.001029
0.257036
0.366225
0.002173
0.051111
0.045511
0.000009
0.000770
0.000302
0.000362
0.005841
0.083876
0.051250
0.012611
0.004031
0.040388
0.000005
0.022076
0.014427
0.000014
0.050427
0.175731
0.011270
0.006358
0.000702
0.034860
0.031182
0.001830
0.206500
0.001837
0.010864
0.009552
0.000017
0.000598
0.000297
0.002103
0.002692
0.071606
0.034933
0.006517
0.195215
0.003062
0.001593
0.000004
0.004096
0.023897
0.194426
0.005142
0.019388
0.215790
0.006987
0.015221
0.002901
0.012019
0.001285
0.058904
0.003293
0.019357
0.084931
0.022961
0.087713
0.030135
0.049970
0.026107
0.000152
0.036275
0.030125
0.253582
0.000002
0.000010
0.001940
0.035830
0.024908
0.013366
0.000897
0.007206
0.145010
0.135742
0.261114
0.016462
0.074315
0.055633
0.013740
0.000274
0.002386
0.000347
0.152705
0.001579
0.005055
0.000540
0.020309
0.045703
0.049228
0.074427
0.017931
0.031489
0.024252
0.021880
0.002516
0.003974
0.165972
0.015847
0.067781
0.000458
0.011857
0.000034
0.055383
0.101665
0.496404
0.002068
0.195873
0.080328
0.002157
0.000822
0.000071
0.011995
0.020835
0.253996
0.097469
0.000280
0.011486
0.000324
0.011552
0.003893
0.005961
0.002922
0.005945
0.480786
0.494278
0.015772
0.005210
0.000219
0.023535
0.006573
0.048889
0.441142
0.066206
0.055518
0.000561
0.022018
0.047733
0.006900
0.132199
0.271585
0.017461
0.009489
0.000094
0.001263
0.006451
0.028800
0.115067
0.000181
0.053760
0.105281
0.000308
0.000642
0.062520
0.008197
0.060812
0.005312
0.045647
0.113224
0.003878
0.001574
0.000300
0.365914
0.000498
0.008214
0.000093
0.026550
0.000675
0.026568
0.014261
0.000269
0.003110
0.361032
0.116155
0.002439
0.220552
0.003196
0.464041
0.003403
0.041183
0.002112
0.186293
0.000088
0.007385
0.009737
0.017721
0.032154
0.000554
0.002376
0.001189
0.013150
0.061535
0.025763
0.191635
0.087319
0.003151
0.000128
0.040375
0.000277
0.065521
0.000192
0.020075
0.024490
0.003101
0.335581
0.009268
0.102441
0.000009
0.000179
0.286602
0.000053
0.001049
0.125919
0.016672
0.069485
0.131218
0.000131
0.043880
0.002987
0.000280
0.016525
0.000007
0.465651
0.112148
0.750096
0.000548
0.041776
0.002431
0.034384
0.020425
0.351582
0.000516
0.000641
0.065746
0.004234
0.013646
0.130651
0.000002
0.008426
0.029922
0.000596
0.008737
0.005528
0.003240
0.000778
0.044134
0.022355
0.028643
0.000009
0.004398
0.005652
0.254500
0.265070
0.010697
0.133150
0.003919
0.131029
0.057276
0.057363
0.000021
0.000305
0.043429
0.176084
0.002181
0.059579
0.040264
0.000536
0.003603
0.032567
0.026878
0.000126
0.224491
0.000672
0.030663
0.067819
0.015428
0.000826
0.000219
0.012167
0.001791
0.019623
0.018854
0.000178
0.004979
0.134386
0.160441
0.343993
0.000002
0.010062
0.000366
0.012987
0.000424
0.001128
0.000901
0.158668
0.048830
0.014533
0.017994
0.083625
0.376646
0.163382
0.025598
0.000002
0.001223
0.027821
0.056635
0.000889
0.000208
0.004304
0.147423
0.007690
0.000008
0.000251
0.000479
0.004053
0.000426
0.002032
0.016757
0.160142
0.095991
0.007666
0.000142
0.018678
0.010685
0.014861
0.001597
0.028187
0.366365
0.472058
0.010793
0.034809
0.025236
0.000094
0.010503
0.034616
0.012510
0.097041
0.000003
0.083412
0.191663
0.006141
0.000900
0.000405
0.005167
0.011407
0.003423
0.063353
0.027768
0.001387
0.184251
0.000974
0.037899
0.628150
0.085180
0.075291
0.000125
0.086622
0.001730
0.001058
0.017131
0.000036
0.003478
0.001110
0.028882
0.004792
0.001140
0.014405
0.012811
0.018826
0.000805
0.007825
0.021486
0.000595
0.108832
0.024446
0.000710
0.001775
0.006964
0.006446
0.027886
0.026643
0.047997
0.011838
0.008130
0.000776
0.007415
0.045104
0.446681
0.003300
0.396612
0.099392
0.016809
0.000101
0.046006
0.007540
0.000153
0.010002
0.000201
0.149691
0.075292
0.033011
0.001045
0.081276
0.030497
0.234399
0.012633
0.014692
0.009411
0.145867
0.267287
0.009384
0.031110
0.002585
0.013878
0.132083
0.015432
0.000530
0.019099
0.030194
0.009231
0.007417
0.008613
0.002357
0.002811
0.069415
0.081541
0.032252
0.602800
0.050596
0.019129
0.000049
0.030173
0.002591
0.098727
0.000225
0.269378
0.053334
0.000109
0.000002
0.086579
0.003619
0.201447
0.001481
0.113691
0.027652
0.036438
0.028179
0.008236
0.013616
0.029844
0.000276
0.060576
0.008205
0.107930
0.007405
0.040230
0.016150
0.083212
0.001675
0.027080
0.363911
0.112418
0.020571
0.000429
0.041507
0.012798
0.142743
0.023705
0.162493
0.000010
0.119213
0.001889
0.000152
0.037761
0.051024
0.332374
0.584778
0.000576
0.155596
0.022852
0.293574
0.240231
0.002426
0.015476
0.439914
0.013896
0.041982
0.070052
0.111335
0.300548
0.072805
0.006409
0.000020
0.005839
0.045161
0.000262
0.006023
0.005514
0.016748
0.032362
0.000004
0.000004
0.019418
0.000463
0.015098
0.000041
0.000067
0.083723
0.028062
0.000195
0.002182
0.001002
0.000869
0.055566
0.004835
0.042666
0.075077
0.017200
0.150811
0.000189
0.010596
0.085324
0.007860
0.000002
0.134020
0.085275
0.201834
0.000910
0.308252
0.004807
0.000077
0.000065
0.008731
0.003192
0.000015
0.042139
0.824539
0.106240
0.000010
0.004773
0.000869
0.124404
0.053294
0.105743
0.022848
0.007253
0.670090
0.015702
0.050878
0.092190
0.058350
0.002973
0.000098
0.179305
0.001799
0.015991
0.036367
0.681868
0.033533
0.006168
0.000024
0.000008
0.000350
0.032792
0.027023
0.020918
0.101180
0.008228
0.053106
0.000202
0.016277
0.033023
0.002194
0.018570
0.018087
0.000173
0.079157
0.006060
0.000003
0.106964
0.056613
0.087843
0.006368
0.134517
0.007034
0.005425
0.003173
0.000481
0.115438
0.001863
0.004884
0.015067
0.000004
0.000282
0.030956
0.011500
0.001906
0.001140
0.001866
0.099461
0.043907
0.000017
0.002655
0.102036
0.005396
0.006110
0.039772
0.001147
0.000718
0.066007
0.007809
0.097302
0.208894
0.082939
0.053717
0.012472
0.046816
0.004457
0.016239
0.001742
0.007342
0.180190
0.737367
0.000042
0.000649
0.407979
0.080283
0.003618
0.012727
0.011113
0.000029
0.016574
0.089359
0.159032
0.006312
0.000643
0.002162
0.017637
0.017733
0.000115
0.239221
0.000416
0.080051
0.120450
0.062341
0.006158
0.448069
0.031343
0.000268
0.011953
0.000146
0.000152
0.022875
0.011016
0.000017
0.000782
0.007644
0.006377
0.036964
0.041164
0.051796
0.006548
0.021631
0.001698
0.002074
0.009905
0.012414
0.001326
0.001199
0.028164
0.068921
0.000805
0.009394
0.087167
0.086074
0.784593
0.008144
0.004982
0.000475
0.037924
0.091712
0.000804
0.000080
0.017775
0.000210
0.094779
0.018512
0.000847
0.000167
0.000040
0.085796
0.008662
0.142347
0.003535
0.121251
0.000936
0.000334
0.011123
0.000077
0.195999
0.000503
0.009275
0.001975
0.000212
0.067116
0.004247
0.002455
0.128630
0.027093
0.390191
0.168789
0.028062
0.080477
0.039656
0.000138
0.008175
0.036738
0.025426
0.000004
0.868620
0.002447
0.000307
0.000470
0.121315
0.039462
0.001513
0.035413
0.000021
0.014900
0.261289
0.021318
0.029967
0.048379
0.001649
0.062503
0.027494
0.000520
0.001189
0.000009
0.001331
0.014226
0.002468
0.020133
0.000185
0.225682
0.012540
0.111452
0.020752
0.005261
0.011000
0.001081
0.008126
0.112520
0.091187
0.004635
0.000681
0.096072
0.010020
0.006530
0.085537
0.021385
0.000210
0.024485
0.023726
0.026519
0.005384
0.287506
0.184899
0.007349
0.001850
0.007778
0.052707
0.011945
0.006553
0.000008
0.084591
0.000052
0.265094
0.192134
0.000066
0.008689
0.001523
0.000722
0.007223
0.042439
0.000128
0.004258
0.000921
0.008457
0.000613
0.016439
0.001709
0.011328
0.053213
0.005496
0.044542
0.044221
0.326126
0.029785
0.001811
0.261308
0.003774
0.082681
0.006674
0.479052
0.008041
0.006792
0.006425
0.222738
0.000607
0.000977
0.000334
0.000008
0.451836
0.024591
0.002726
0.000659
0.041531
0.013765
0.532994
0.000425
0.063880
0.009413
0.000146
0.004729
0.000004
0.002671
0.000129
0.012087
0.007064
0.000410
0.006416
0.039154
0.000129
0.354483
0.003028
0.008868
0.000230
0.025563
0.043829
0.001330
0.008411
0.350360
0.013418
0.021374
0.000027
0.005920
0.013126
0.060980
0.000459
0.016736
0.000322
0.017128
0.002606
0.003815
0.001573
0.048622
0.347660
0.000399
0.063190
0.343950
0.015038
0.008226
0.032887
0.031117
0.000016
0.002420
0.124022
0.110288
0.006515
0.141079
0.009084
0.029504
0.000158
0.041518
0.056370
0.179816
0.048896
0.011622
0.000232
0.000628
0.079028
0.024419
0.001874
0.009828
0.000089
0.069022
0.024742
0.004364
0.070333
0.000342
0.249764
0.025922
0.000639
0.022785
0.025176
0.000450
0.068457
0.006813
0.064968
0.000002
0.019796
0.014527
0.000409
0.025423
0.010501
0.001788
0.000002
0.073974
0.000350
0.000147
0.006491
0.003252
0.025831
0.144772
0.081296
0.023585
0.000382
0.059937
0.019732
0.000450
0.001160
0.154004
0.103779
0.017055
0.002889
0.000002
0.036175
0.185600
0.017930
0.029644
0.005494
0.003312
0.004332
0.065394
0.010822
0.000061
0.000004
0.028837
0.019210
0.004392
0.034536
0.000380
0.026288
0.208710
0.170470
0.007274
0.019677
0.253491
0.017298
0.013706
0.040301
0.025756
0.001167
0.018371
0.007702
0.001388
0.007447
0.004400
0.114044
0.014087
0.002395
0.008507
0.002359
0.000043
0.082217
0.049916
0.004128
0.099854
0.000975
0.043681
0.202736
0.001511
0.082761
0.006027
0.299959
0.000004
0.072371
0.000759
0.016397
0.003093
0.034463
0.000029
0.002959
0.001062
0.043378
0.000193
0.021241
0.000019
0.000235
0.138076
0.003054
0.000135
0.000028
0.222341
0.002186
0.051038
0.015349
0.036558
0.120237
0.006567
0.000408
0.030986
0.274241
0.008298
0.033990
0.000002
0.011643
0.026626
0.011226
0.010009
0.007478
0.012639
0.088660
0.000301
0.025608
0.146626
0.038678
0.000597
0.015750
0.020596
0.000004
0.003617
0.003420
0.055360
0.056832
0.046481
0.039350
0.006713
0.218287
0.000501
0.721707
0.231460
0.004162
0.000176
0.000210
0.000173
0.000316
0.006654
0.012151
0.066121
0.000050
0.305693
0.009127
0.063861
0.018391
0.009650
0.051186
0.071365
0.002305
0.027778
0.003056
0.008844
0.349748
0.003196
0.000095
0.116810
0.010055
0.000023
0.066772
0.011443
0.001197
0.009272
0.086602
0.012390
0.065036
0.381043
0.000109
0.000249
0.045278
0.004660
0.403905
0.000148
0.080242
0.021505
0.054048
0.092727
0.028526
0.000579
0.000039
0.206301
0.039145
0.007329
0.051899
0.000105
0.000560
0.007301
0.001162
0.213617
0.000235
0.177517
0.066514
0.033053
0.130530
0.005434
0.000215
0.075989
0.000172
0.003115
0.088997
0.057158
0.009405
0.514349
0.000004
0.044419
0.006986
0.093211
0.159148
0.000617
0.020913
0.001413
0.003373
0.000005
0.017382
0.013099
0.000458
0.046828
0.001455
0.000002
0.074355
0.042332
0.673766
0.079964
0.156574
0.003800
0.206102
0.000569
0.000531
0.270038
0.037694
0.065090
0.200945
0.116920
0.004977
0.000035
0.004103
0.012985
0.079919
0.620366
0.009993
0.000726
0.002627
0.147399
0.836469
0.003004
0.036333
0.006020
0.038575
0.147127
0.138501
0.015712
0.000133
0.000334
0.002688
0.000065
0.000032
0.027216
0.070553
0.046913
0.000371
0.008307
0.003519
0.000440
0.131826
0.177685
0.000512
0.001389
0.057051
0.030780
0.018197
0.000617
0.004663
0.037396
0.000067
0.007557
0.008142
0.340804
0.000184
0.002328
0.061907
0.005933
0.003190
0.083143
0.000180
0.003702
0.003336
0.053796
0.002593
0.001205
0.128782
0.000841
0.077681
0.006676
0.003312
0.008132
0.099504
0.007686
0.031823
0.006019
0.128698
0.267429
0.673879
0.003941
0.104085
0.004241
0.002777
0.023104
0.000031
0.379804
0.032644
0.013594
0.000672
0.000105
0.028751
0.072612
0.033020
0.000613
0.007020
0.049850
0.006075
0.002004
0.033449
0.058133
0.002430
0.182659
0.013874
0.059628
0.000079
0.015520
0.013808
0.031259
0.000103
0.003483
0.357222
0.042910
0.000073
0.033811
0.098588
0.000052
0.329600
0.008718
0.002772
0.032217
0.001218
0.072973
0.002434
0.003678
0.000042
0.000365
0.022935
0.001368
0.012602
0.026695
0.000848
0.005649
0.018443
0.007809
0.029803
0.065265
0.042467
0.002925
0.035537
0.004165
0.000291
0.000002
0.001983
0.053051
0.016520
0.086564
0.003550
0.000805
0.509136
0.064685
0.013319
0.004746
0.011246
0.315497
0.066990
0.021998
0.023459
0.000308
0.174376
0.043745
0.009328
0.001102
0.002689
0.042887
0.010848
0.586396
0.025126
0.124099
0.152638
0.027678
0.000254
0.000705
0.000596
0.021571
0.023192
0.009316
0.011623
0.163613
0.002618
0.000089
0.003641
0.000019
0.042788
0.144874
0.134427
0.018982
0.012669
0.176146
0.013403
0.029996
0.022615
0.127862
0.013375
0.157365
0.000025
0.150495
0.028012
0.000993
0.032816
0.048298
0.000195
0.057135
0.000034
0.037940
0.001460
0.000720
0.061096
0.685168
0.001413
0.000028
0.010205
0.000243
0.000884
0.007691
0.031542
0.009018
0.057282
0.072847
0.000059
0.001532
0.000012
0.000072
0.348878
0.027493
0.008288
0.000012
0.000777
0.211573
0.085621
0.001719
0.029863
0.002180
0.000018
0.092812
0.012778
0.602776
0.048682
0.110754
0.071339
0.024976
0.036961
0.049307
0.001278
0.243579
0.229507
0.003370
0.001595
0.033658
0.001638
0.031511
0.006251
0.052592
0.002278
0.001086
0.009593
0.002960
0.001430
0.041640
