2518
1.752593
4
91
40
10
1
5047
0.896205
-0.699627
-0.085160
-0.033122
-0.973452
0.788379
0.642171
0.186261
0.348316
0.960903
-0.092550
-0.851757
-0.233331
0.261669
-1.000000
0.742853
-1.000000
-0.135126
-0.706676
-0.141988
0.513022
0.512572
0.850200
0.912557
-0.398781
-0.878831
0.282973
0.179568
-0.697196
-0.790912
0.827273
0.884304
0.302130
0.843341
-0.234785
0.864082
0.886672
-0.224832
0.114917
0.480274
-0.783971
-0.383077
0.712793
0.018660
0.174076
0.811914
-0.322188
-0.670031
0.273272
-0.262145
-0.318804
-0.713355
-0.872675
0.349145
0.279192
-0.853626
0.689611
0.758472
-0.786917
-0.372947
-0.982312
0.719094
0.732167
-0.804500
0.016193
-0.010083
0.458853
0.861066
-0.793042
0.078154
1.000000
0.539378
-0.788440
-1.000000
0.125366
0.811796
-0.070863
-0.822536
-0.941387
0.604459
0.306144
0.574092
0.071872
0.505498
0.828468
-0.247636
-0.695533
-0.759456
0.906267
-0.503647
-0.727586
0.665960
-0.971277
0.599322
-0.399934
0.722646
0.110087
-0.417595
-0.956475
-0.107516
0.503762
0.032898
-0.651491
-0.454437
-0.580489
-0.275717
-0.615129
-0.632332
0.619995
-0.057462
0.761189
-0.718980
-0.913161
-0.960555
-0.084360
-0.341841
-0.318597
0.599960
0.953350
-0.796369
-0.956247
-0.469953
-0.519609
0.923844
0.001888
0.800272
-0.602408
0.468738
0.078950
-0.996069
-0.213682
0.050554
-0.200066
0.240128
0.884985
-0.206842
-0.545254
0.641847
0.167526
-0.739906
0.322758
0.592189
0.954820
0.586519
0.317531
0.322627
0.730687
-0.880260
1.000000
-0.637603
0.314091
0.480504
-0.696175
0.252940
0.245857
-0.525203
-0.806526
-0.603918
-0.321522
-0.422410
-0.523749
0.093922
-0.644370
0.949673
0.353426
-0.965523
-0.138691
-0.057858
0.717390
-0.044946
-0.242579
-0.988652
-0.124366
1.000000
-0.260823
0.737847
0.523316
-0.209311
0.177491
-0.943929
-0.485132
-0.758118
0.684958
1.000000
0.403743
0.976567
-0.022632
0.573931
0.892659
-0.978261
0.922616
0.806101
-0.021522
-0.577625
-0.655890
-0.074583
-0.192437
0.535097
-0.631060
-0.775291
-0.423208
-0.106768
-0.664818
0.663443
0.962147
0.729357
0.714962
-0.518161
0.855506
-1.000000
-0.369937
-0.652310
0.511129
-0.677641
-0.001742
-0.970039
-0.063996
-0.568563
-0.869416
-0.351495
0.694461
-0.264528
1.000000
-0.461089
0.974312
-0.885910
-0.216113
0.985328
-0.071038
-0.016699
0.998856
0.199168
0.603745
-0.144453
-0.897519
0.584178
-0.391668
-0.407245
0.860018
-0.786108
0.000594
-0.694778
-0.287193
0.907844
0.537788
0.350447
-0.828575
-0.982319
0.581458
0.100233
0.052658
0.841336
0.746087
-0.908339
0.809456
-0.132904
0.210415
0.196391
-0.207645
-0.573761
-0.554467
0.595765
-0.301765
-1.000000
-0.699090
0.531834
-0.834268
-0.941413
-0.891256
0.826973
-0.634534
-0.872435
0.636167
0.459986
-0.985944
0.386248
0.325299
0.925945
-0.400439
-0.288713
0.001151
0.867654
0.237425
-0.709216
-0.571109
0.566517
0.438191
0.675024
-0.733591
0.299091
-0.957926
-0.667405
-0.782691
0.607920
-0.968817
-0.219959
-0.911222
0.655570
-0.027911
0.435244
-0.102876
0.262026
0.571239
-0.633351
-0.018204
-0.199847
-0.242581
0.554283
0.915429
-0.354435
-0.825334
0.077168
0.272325
0.649785
0.688869
0.636722
0.522774
-0.483121
0.252777
0.634701
0.005662
0.800597
0.185687
0.062276
0.218752
0.154284
-0.134827
0.492624
0.918045
-0.509755
0.178769
0.084975
0.823217
0.317015
-0.977451
-0.786265
0.759122
0.171680
-0.124219
0.261146
0.438219
-0.413852
0.285986
-0.240602
0.506247
-0.418674
0.893432
-0.660036
-0.717479
0.351751
0.593344
-0.193994
-0.766166
0.598423
0.016705
-0.452138
-0.475740
0.152754
-0.078812
0.564602
0.201184
0.721558
0.609522
0.850800
-0.593933
0.848602
0.644438
-0.804427
-0.163367
0.516665
-0.165511
0.272173
-0.132168
-0.124028
0.515356
-0.031888
0.688604
-0.021300
0.581994
-0.482197
0.714948
0.478491
-0.427685
0.733945
-0.765448
0.141971
-0.296688
-0.610212
0.322531
0.561560
0.181187
-0.957566
1.000000
-0.030581
-0.363227
-0.833501
0.255066
-0.210243
0.402918
-0.708294
0.224084
0.635156
0.801581
0.562313
-0.657762
0.565486
-0.348572
-0.669509
-0.367654
-0.841647
-0.594682
-0.895309
-0.552119
0.396727
0.416716
-0.790099
-0.600274
0.371429
0.382032
-0.349107
0.339537
-0.077081
0.796056
-0.814327
0.504275
0.148225
0.743872
-0.314502
-0.922669
0.229563
0.257809
0.485295
-0.928173
0.157428
-0.065553
-0.083561
0.988893
0.465591
-0.336849
-0.278887
-0.547633
-0.089458
-0.696208
0.913627
-0.409425
-0.155701
-0.194402
-0.125266
-0.761808
0.513233
0.559277
0.962809
0.111541
-0.168845
-0.978677
0.336456
-0.599163
0.508641
0.627007
0.122789
-0.787781
-0.251909
-0.330325
-0.591454
-0.100794
0.881572
-0.185862
-0.583449
0.973145
0.638733
-0.032601
1.000000
-0.861092
0.945705
0.356026
0.368242
0.109378
-0.627305
0.453204
-0.131454
0.716509
-0.178797
0.303507
0.353453
-0.549577
-0.983423
0.878882
-0.239450
-0.109088
-0.613645
0.517590
0.030794
-0.337236
0.750912
-0.327245
0.713250
0.875343
-0.083404
0.132789
0.221527
0.703142
1.000000
1.000000
0.523763
0.642790
-0.043090
0.552471
-0.961974
-0.105678
0.315466
-0.094917
-0.168978
0.694643
-0.775787
-0.475664
-0.376740
0.830870
-0.880291
-0.196510
-0.208690
1.000000
-0.831775
0.044040
-0.745259
-0.946239
-0.590574
-0.325673
-0.172872
0.224348
-0.538462
-0.577420
0.403309
-0.162787
0.624898
-0.013303
0.663032
-1.000000
0.902522
-0.836504
-0.784968
0.129387
0.886277
0.835565
-0.971914
0.372418
-0.908438
-0.234786
0.050137
-0.130832
-0.066336
0.485109
0.608043
-0.865294
-0.912478
-0.240598
-0.740188
-0.713599
0.837288
0.388385
-0.525257
-0.398748
-0.660702
-0.159138
0.972665
-0.216749
-0.544909
0.223340
0.736850
-0.974195
-0.515318
-0.458099
-0.291995
0.968612
-0.194118
0.075089
-0.181362
-0.174106
0.519326
-0.190200
-0.789919
0.569863
0.043137
0.634648
-0.785985
-0.347644
0.835910
0.323166
-0.419276
0.833077
0.280461
0.995922
0.336608
-0.701759
-0.093253
0.893691
-0.995847
0.090900
0.575415
0.694729
0.955810
0.232937
-0.269204
0.784612
0.542662
-0.567586
0.953495
-0.390356
0.262251
-0.688072
0.585860
-0.715864
-0.124706
-0.501519
1.000000
-0.137700
0.391968
0.047433
0.449368
0.812151
-1.000000
0.140310
0.434220
0.179808
-0.176161
-0.311956
-0.514470
0.653020
-0.513079
-0.120292
-0.167058
-0.395783
-0.655233
0.872615
-0.037163
-0.685951
-0.959862
0.164797
-0.462251
0.962609
-0.322970
0.153835
0.599928
0.510667
-0.267825
0.728070
0.235714
0.051833
-0.920277
0.604980
-0.734729
-0.284633
0.537246
0.325904
-0.102851
0.852363
0.484939
-0.405974
-0.452031
0.601168
-0.036854
0.499304
0.178402
0.323129
0.528345
-0.567086
0.864628
0.652365
-0.594036
-0.132710
-0.470657
-0.789585
-0.906688
-0.030772
-0.428537
0.407244
0.527007
-0.309280
0.848358
0.258214
-0.691124
-0.286264
0.509186
-0.086970
-0.924306
-0.406973
0.113307
-0.742645
0.571606
-0.495247
-0.006562
0.764905
0.219102
0.456893
0.522115
-0.096968
0.955669
-0.936500
-0.649630
0.708346
-0.987208
0.128306
-0.135406
0.961132
1.000000
-0.966439
1.000000
-0.364250
-0.386200
1.000000
0.905849
0.967022
0.682682
-0.427836
0.443574
-0.254734
0.165336
-0.514802
-0.295354
0.086065
-0.622427
0.543455
0.181543
-0.457057
0.721728
-0.704684
1.000000
-0.488559
-0.594148
0.380806
-1.000000
0.864978
0.338416
-0.669054
-0.840985
0.537249
-0.206884
0.186549
0.268185
-0.364927
-0.721924
0.557893
0.150429
-0.050811
-0.796654
0.670022
-0.851173
-0.712721
0.550555
0.005947
-0.215823
-0.611805
0.767658
0.792973
0.939784
-0.064812
-0.913756
-0.545255
-0.374442
-0.921179
0.346372
0.328800
0.287711
-0.288072
-0.846770
0.333898
0.901830
0.184527
-0.898418
-0.551552
-0.897856
0.006341
-0.179921
-0.840472
0.153098
0.318666
-0.219018
-0.196306
-0.731686
-0.755065
-0.871791
-0.854312
-1.000000
0.576018
0.180321
-0.811440
0.536647
-0.836859
0.355145
-0.071955
0.127446
-0.135336
-0.944198
-0.370530
0.513509
-0.914946
0.899876
-0.590632
0.863729
0.760428
0.818692
0.195435
0.004522
0.092213
-0.785831
-0.744574
-0.550622
-0.584760
-0.951083
0.141256
0.747761
0.157901
0.672523
0.097726
0.990534
-0.551155
-0.022293
-0.529719
-0.807521
0.418144
0.872995
0.668241
-0.419303
-0.313359
-0.802248
-0.826584
0.806254
-0.482454
-0.152730
-0.064616
0.092868
-0.217216
-0.327432
-0.977495
-0.246055
-0.037212
0.157310
-0.543030
-0.002659
-0.008830
-0.218865
0.176508
-0.680164
-0.669811
0.282210
-0.381001
-0.518145
0.044025
0.928122
-0.699339
-0.447644
-1.000000
-0.461134
0.420212
-0.131334
0.483790
-0.550602
0.903101
-0.066779
0.612070
0.719569
0.564619
0.027099
0.053524
0.897429
-0.362424
0.152917
0.533516
-0.055885
0.206605
-0.726576
0.838691
-0.025444
-0.051242
0.679047
-0.763763
0.317072
-0.149111
-0.750209
-0.474090
-0.189063
0.446907
-0.787539
-0.695885
-0.319026
-0.447308
0.762419
-0.105322
0.081515
0.325683
0.391665
-0.624594
-0.956031
0.070587
0.482265
0.985620
0.099270
-0.434455
0.827011
-0.064231
0.318038
0.471521
-0.603667
-0.299266
0.178376
0.497877
0.976546
0.233631
0.873820
-0.454534
0.513719
0.395325
0.714382
-0.040821
-0.202458
-0.807439
0.942427
-0.910366
0.373888
-0.929307
0.934170
-0.327103
0.510007
-0.057075
-0.694045
0.447899
-0.123463
0.580369
0.247273
-0.542515
0.852392
-0.402833
0.048684
0.348779
0.718774
0.618876
0.497980
0.456328
0.442747
-0.825106
0.282058
-0.161024
0.953612
0.820563
0.005723
-0.214926
0.873082
-0.704520
-0.303236
0.070561
0.732829
0.939633
-0.664143
0.870916
0.306403
1.000000
-0.274371
-1.000000
0.741982
0.549017
-0.966527
0.723232
-0.956678
0.717231
-0.947493
-0.614796
-0.026704
0.114753
0.071435
0.767930
0.174306
0.045361
-0.715377
-0.410877
0.700523
-0.452160
-0.747859
-0.239861
-1.000000
-0.463245
-0.322835
0.795029
-0.699044
0.237613
1.000000
-0.404612
0.376715
-0.718022
-0.647246
0.157086
-0.661674
0.435243
1.000000
0.967667
0.528886
-0.448454
0.873204
-0.695148
-0.224067
-1.000000
0.962683
0.435149
0.407521
0.831860
-0.889337
-0.649849
0.728683
-0.617879
-0.599435
-0.152549
-0.322137
-0.215369
0.064404
-0.497579
-0.527388
-0.163104
-1.000000
-0.823448
0.502394
-0.605944
-0.008931
0.234477
-0.871550
-0.059321
0.458701
0.408463
-0.155214
0.055267
-0.747367
0.979094
0.552091
0.028943
-0.330358
-0.940944
0.711275
0.996595
0.506800
-1.000000
0.650383
-0.023974
-0.517672
-0.771991
-0.594573
-0.410414
-0.142443
0.767459
0.155921
-0.347817
-0.152539
0.820091
0.108011
-0.925141
0.370367
-0.277285
-0.336217
0.555048
-0.942441
-0.798981
-0.556044
-0.356327
-0.065955
0.213802
0.054008
-0.465399
0.043561
0.157875
0.367932
-0.822323
-0.824217
-0.859873
-0.840047
-0.329271
-0.891134
-1.000000
-0.942795
0.976486
0.526395
0.926187
0.055145
-0.184542
-0.916454
-0.211328
-0.512874
-0.262908
0.132510
0.149248
-0.852815
0.303233
-0.829511
0.721098
0.957259
0.842268
0.819625
-0.234123
0.056966
0.435170
-0.651397
-0.882822
0.918772
-0.702003
0.833075
0.031036
-0.277254
0.302425
-0.771294
-0.433961
0.007693
-1.000000
0.622965
-0.869161
0.172660
-0.913726
0.701074
0.274936
-0.341840
-0.186360
1.000000
0.520065
-0.950240
-0.099952
0.646193
0.470557
-0.711768
-0.843354
0.785708
0.854806
-0.220242
0.903740
0.065203
0.940900
-0.994069
-0.287198
1.000000
0.811601
0.111337
0.890655
-0.632804
0.545235
0.326979
-0.240009
-0.262467
0.344578
0.477760
-0.853935
-0.271846
0.188268
-1.000000
0.304521
0.030203
0.432132
0.003254
0.762167
-0.076787
0.514533
0.822667
0.852914
-0.134708
0.952837
-0.104829
0.494287
0.290272
0.345819
0.230806
0.970014
0.136214
-0.779155
0.458101
0.422696
0.768901
-0.684233
-0.880769
-0.499444
-0.940483
0.807280
-0.103568
0.550918
-0.423155
-0.238644
-0.517368
0.183786
0.728863
-0.835499
0.463304
0.984630
-0.579373
-0.771197
-0.887836
0.712785
-0.244989
0.756203
0.577843
-0.392796
-0.056808
0.005896
0.069957
0.860674
-0.770933
0.099442
-0.400709
1.000000
0.476934
0.472610
0.323358
-0.500302
-0.359262
0.035412
0.608809
-0.148401
-0.598996
-0.038647
-0.649809
0.893375
-0.121808
-0.199228
0.413352
0.528892
-0.223130
0.810691
-0.549553
-0.377877
0.407578
0.145261
0.453155
-0.285576
0.116340
-0.671318
0.200729
0.218275
0.517627
-0.764131
0.288186
0.999379
0.973285
0.191366
-0.646449
-0.863016
0.255350
-0.008516
-0.562236
0.694808
-0.233595
0.042521
-0.349715
0.111123
-0.398874
0.924047
-0.847196
0.018353
0.184714
-0.454437
0.835482
0.834497
0.345623
0.478079
1.000000
-0.367375
-0.035052
0.894725
-0.538690
0.910867
0.629071
0.805465
0.457638
-0.137070
-0.337034
-0.466364
0.447921
-0.035774
0.903637
0.838046
0.711050
1.000000
-0.439764
0.454248
0.104780
0.776079
0.166709
0.726178
0.289179
-0.686064
0.578039
-0.750238
-0.864151
0.916866
0.460829
-0.505914
-0.709883
-0.785308
1.000000
-0.698042
0.250137
0.815072
-0.093818
-0.225191
0.428355
-0.920628
-0.086757
0.845743
-0.837440
-0.624629
0.442066
-0.943012
0.684834
0.007588
-0.377139
-0.664544
0.859670
-0.750998
-0.245166
0.514334
0.431040
0.469318
-0.909158
-0.149912
0.478411
0.415563
0.889358
-0.329369
-0.012013
1.000000
-0.216812
-0.042128
0.748820
-0.526083
-0.143803
0.224340
0.460750
0.732340
0.449692
-0.496529
-0.447881
-0.769012
-0.935915
0.397408
-0.557957
0.566130
0.397586
-0.288270
0.817526
0.137750
0.760980
0.792277
-0.565628
0.083226
-0.498765
-0.095478
-0.191673
-0.309838
0.747327
0.788955
-0.452155
-0.614836
-0.921228
0.642142
-0.630002
0.408930
0.659356
-0.459412
0.325190
-0.341266
0.541070
-0.355741
-0.597639
0.797089
-0.043483
-0.445114
0.475339
-0.919575
0.376938
-0.005566
0.081981
0.463892
0.371578
-1.000000
0.539692
-0.506919
-0.168157
-0.682978
0.206263
-0.931292
0.062583
-0.697212
0.144856
-0.131683
-0.855715
0.063280
0.730344
-0.121361
-0.300931
0.280495
-0.533559
0.653917
0.079304
0.054317
0.889164
-0.601587
0.511711
0.041842
-0.214113
0.654589
-0.866368
-0.436042
-0.423604
-0.215001
0.671257
0.003123
0.413440
0.170574
-0.495817
-0.327907
0.811570
0.758875
0.663587
0.050419
-0.881938
0.128131
0.405750
0.742790
0.540241
0.075117
0.618522
0.744490
-0.312946
0.694234
0.595558
0.566680
-0.474157
-0.354201
-0.162763
0.545828
-0.521629
-0.385884
-0.160336
0.991367
-0.129499
0.430268
-0.085269
0.911503
0.325089
-0.376003
0.218206
0.114843
-0.970097
0.995171
0.091429
0.956866
0.597029
-0.095421
0.182116
-0.317089
0.149637
-0.614694
0.582404
0.238227
-0.872511
-0.977836
-0.302379
-0.247124
0.783369
-0.044909
-0.354328
0.498396
0.406073
0.393933
0.725724
-0.993895
-0.552643
0.220333
0.767543
-0.691493
-0.411273
-0.341040
-0.068279
-0.639879
0.217768
0.828964
0.915673
0.757087
-0.739078
0.798123
0.956177
0.268029
0.732774
1.000000
0.560396
0.956575
-0.258456
0.509063
-0.124619
-0.869410
-0.794396
-0.122236
0.077437
0.095847
-0.737374
-0.355560
0.924808
-0.705291
0.566833
0.270176
-0.274955
0.274534
0.560614
-0.079947
0.715136
-0.538739
0.428737
-0.128822
-0.730372
-0.933039
-1.000000
-0.743848
0.845133
-0.041365
-0.336216
0.198058
-0.953752
0.500513
-0.287528
0.523598
0.434395
-0.985025
-0.410588
-0.961350
-0.407347
-0.621939
-0.870798
0.012017
0.054759
-0.557480
-0.891483
0.234971
0.494613
-0.233273
0.535247
0.758220
-0.101137
-1.000000
0.994463
0.224346
-0.644122
-0.593085
0.235094
-0.847324
-0.609895
-0.157413
-0.828005
0.299192
-0.123573
0.533572
1.000000
0.560596
0.955426
0.041937
1.000000
-0.568892
0.113081
0.619392
-0.258296
-0.674925
0.938113
0.163054
-0.632250
0.324980
-0.409160
0.254993
0.695066
-0.242615
-0.061339
0.594590
0.860682
-0.859235
-0.646084
0.774390
-0.952465
-0.005351
-0.569235
-0.515360
0.974164
-0.391887
0.920542
0.063641
0.968351
0.695716
0.809285
-0.344187
-0.130201
-0.083065
-0.891326
-0.859794
-0.233938
-0.852221
-0.780472
-0.210468
0.147729
-0.349639
-0.305312
0.318671
0.735547
0.802513
-0.091735
-0.783917
-0.315302
-0.988702
-0.028987
-0.530014
-0.705773
-0.163794
-0.627091
-0.753534
-0.209658
-0.346604
0.914833
0.942730
-0.474109
-0.596988
-0.824360
0.474261
0.618255
0.446664
0.044954
-0.952235
-0.381221
-0.882035
-0.983663
0.954635
0.691811
-0.784084
0.455630
0.793601
-0.413163
0.469137
0.592354
-0.886859
-0.809991
0.216622
0.868674
-0.278167
-0.706020
0.726481
-0.616866
-0.791470
-0.974895
-0.572847
-0.261625
-0.414513
0.484754
0.760998
0.191810
-0.992097
0.201603
-0.219816
-0.595118
0.467352
-0.919250
0.309151
-0.240406
-0.249259
-0.627791
-0.634613
-0.037276
-0.213806
0.207037
0.299292
0.531112
-0.237160
0.874170
0.720683
-0.266051
0.199511
-0.716191
-0.116575
0.981524
0.491353
0.578121
-0.763388
-0.806182
0.413183
0.895309
-0.138393
0.012745
-0.631098
-0.562705
0.409565
0.283679
0.156825
-0.037991
0.727651
1.000000
-0.805751
-0.645980
-1.000000
0.347364
0.083889
0.992633
-0.452883
-0.522363
0.038393
-0.719575
0.821033
-0.417507
-0.777095
0.762021
0.475444
0.757056
-0.262612
-0.222393
0.508324
-1.000000
0.741051
-0.990610
0.072885
-0.749806
-0.096439
0.911827
-0.853776
-0.969330
0.343411
0.983046
-0.406011
-0.934989
-0.095387
-0.356092
-0.029945
0.076528
0.952181
-0.520291
-0.268240
0.189435
0.239577
0.352625
0.213401
0.270983
-0.057709
-0.225090
-0.043197
0.653391
0.697999
0.902412
0.968514
-0.725741
-0.873701
0.893473
-0.410516
0.437552
-0.754282
-0.746278
0.354404
0.688301
-0.959612
-0.864078
-0.683032
-0.629621
0.551128
0.948486
-0.938919
0.880331
0.092436
-0.744356
-0.812258
0.019335
0.849643
-0.455235
-0.121563
0.873732
-0.586528
0.672128
-0.098851
-0.573034
0.116684
0.761108
1.000000
1.000000
0.556985
0.607212
0.754929
-0.370270
-0.904110
0.862034
-0.954263
-0.687172
0.897695
0.378514
0.664745
0.196909
-0.187535
0.037992
-0.390231
0.278573
-0.831779
-0.218778
0.356683
-0.833096
0.968840
1.000000
0.693185
1.000000
0.931046
0.117380
0.296104
0.277079
-0.944444
-0.150511
0.755232
0.301564
-0.199947
-0.042951
0.981819
-0.453485
0.577233
-0.490172
-0.365658
-0.906993
0.927706
0.075604
0.702609
0.961093
0.406710
-1.000000
-0.979156
-0.673490
-0.194795
-0.625025
0.031193
-0.291673
0.427637
0.397344
0.470782
-0.504869
-0.333445
-0.075293
0.230934
-0.901854
-0.395963
0.216767
-0.811231
-0.652062
-0.357918
0.716559
0.674857
0.653111
-0.996680
-0.776133
-0.826543
-0.842022
0.371886
-0.587814
-0.798788
-0.141046
0.545070
-0.300974
0.336366
-0.591429
-0.442183
-0.176603
-0.031294
-0.667573
0.278770
-0.193094
-0.348120
0.476706
0.951663
-0.140614
0.870860
0.889222
0.538107
-0.277393
0.470756
-0.621319
0.085009
0.367717
-0.442328
-0.377418
-0.034538
0.022540
-0.546644
-0.959819
-0.267635
0.450909
-0.709782
-0.176676
-0.172688
0.430832
-0.927608
0.630773
0.547530
0.660953
-0.077893
-0.791360
-0.281625
0.594864
-0.736792
0.346001
-0.126019
0.009478
0.909395
0.516613
0.993087
0.497738
-0.622831
-0.331708
0.162082
1.000000
-0.455350
-0.455426
-0.433375
0.730689
0.626680
0.518701
-0.399091
0.258848
0.350328
0.872059
0.132895
0.923968
-0.864589
0.445378
0.785363
0.140553
-0.901084
0.108942
0.271434
-0.769362
0.715690
-0.145076
-0.860746
-0.708142
-0.348383
0.051624
-0.212048
-0.974217
-0.054632
0.576559
0.618680
-0.043757
0.304135
-0.939095
0.523964
0.571174
-0.771838
0.733826
-0.607089
0.005035
-0.387111
0.690192
-0.482684
-0.246071
0.003909
0.704980
0.280776
-0.758287
0.808213
0.586762
0.345328
0.894651
-0.477352
0.009095
0.290983
-0.582480
0.073304
0.533209
-0.693254
0.004877
-0.585911
0.818135
-0.739508
0.911716
1.000000
0.477073
-0.316328
-0.135902
-0.374400
-1.000000
-0.660589
-0.930316
-0.852508
-0.074354
-0.544919
1.000000
0.971368
0.427350
0.299333
-0.048006
0.919522
-0.489380
1.000000
1.000000
-0.605692
-0.078580
0.230742
-0.079890
0.269823
-0.521142
0.873316
-0.964688
0.803905
0.972032
1.000000
0.596423
0.258753
0.347073
0.491876
-0.238773
0.558340
0.967174
0.660491
0.779663
0.517574
0.921846
-0.578576
-0.586558
0.446864
0.122560
-0.787417
-0.085863
-0.109691
0.959059
-0.925612
-0.747414
-0.107857
0.759561
-0.518451
0.016241
0.700087
-0.491376
-0.932747
-0.293064
0.051848
-0.029339
0.188686
0.164564
-0.004701
-0.223179
-0.037866
0.058592
0.506833
0.432237
0.586782
0.437551
0.158535
-0.106314
0.497284
0.107876
0.530857
-0.783111
0.759396
1.000000
1.000000
0.947506
-0.027846
-0.941338
0.381912
0.327760
0.310334
-0.027916
0.344533
0.452981
1.000000
0.205511
-0.002251
0.649727
-0.472570
0.824352
0.985692
-0.756246
-0.550933
-0.593042
0.988765
-0.531066
0.405378
0.331431
0.978743
0.927095
0.853728
-0.693663
-0.685851
0.687175
0.736552
0.158634
-0.452409
-0.288322
0.250844
-0.044059
0.047346
-1.000000
-0.460341
-0.586177
-0.398902
-0.425671
0.974539
0.013729
0.179262
-0.521004
-0.185937
0.332797
0.822088
0.404650
0.365260
-0.723306
-0.463288
-0.298438
-0.629345
-0.718302
-0.277415
-0.459793
0.076971
0.460958
-0.918890
0.634047
-0.494138
0.675974
-0.634593
0.529732
0.621726
0.262843
-0.675319
-0.403701
0.374188
0.388412
-0.634665
0.581211
0.431894
0.064353
0.796309
0.824383
1.000000
1.000000
0.987979
0.085230
-0.269016
-0.244110
-1.000000
0.914320
0.378160
-0.796357
0.797348
0.243672
-0.014554
0.864460
0.800982
-0.572389
-0.155912
0.189080
0.827284
-1.000000
-0.077932
-0.475237
-0.462157
-0.517153
1.000000
-0.907571
0.925719
0.724587
-0.410876
0.778484
0.130404
0.212200
-0.528703
0.444138
-0.422831
0.781489
0.054588
0.448318
0.147201
0.928383
0.962369
1.000000
0.753443
-0.930012
0.906154
-0.925172
0.154911
-0.245410
-0.318312
0.746324
-0.875503
0.185186
-0.449265
-0.574014
-0.646466
-0.176220
0.563659
1.000000
-0.398812
0.624599
0.186172
0.082098
-0.409877
-0.577263
1.000000
0.068212
-0.300453
-0.906544
0.601531
0.608258
0.371393
-0.639130
0.687380
-0.681601
-0.778315
-0.839139
-0.378886
0.323349
0.787645
0.033461
-0.963724
-0.116455
0.701019
0.214980
-0.988220
0.583893
-0.196221
-0.277231
0.231884
-0.709226
0.374827
0.516122
-0.041585
-0.193665
0.822119
-0.159114
0.628272
-0.182806
-0.705605
0.389266
-0.377938
-0.993459
-0.038488
0.210877
-0.486922
-0.596527
-0.625163
-0.364048
-0.415343
-0.013325
-0.968786
0.560148
-0.516054
0.884869
-0.078077
-0.410395
-0.987972
0.604762
-0.191277
-0.932080
-0.464606
0.583188
0.652443
-0.935322
0.184773
0.944985
0.402391
-0.490234
0.377412
0.941004
-0.500909
0.265162
-0.126200
0.693140
1.000000
0.983568
0.309732
-0.452353
-0.523373
-0.666530
0.731521
0.452981
-0.629831
-0.142590
0.501569
-0.876004
-0.041400
-1.000000
0.904504
0.398778
0.090460
0.789631
-0.657174
-0.292261
-0.451325
-0.370553
-0.427448
-0.462763
-0.248844
0.585085
0.390688
-0.199685
-0.383568
-0.950867
-0.138341
-0.026605
-0.190337
0.139779
-0.896751
0.002372
0.450325
0.025620
-0.183850
0.577345
0.369179
-0.257399
1.000000
0.114089
0.961833
-0.892920
0.959196
-0.167945
-0.139974
0.479827
-0.133712
0.756493
-0.452371
0.028586
-0.163127
0.969540
0.697041
-1.000000
0.949866
-0.475376
0.096768
-0.463881
-0.880444
0.947398
0.352892
-0.501704
1.000000
-0.267758
-0.110059
1.000000
0.302028
0.735214
0.152206
0.797295
0.136936
0.747150
-1.000000
0.028762
0.040614
-0.314381
-0.601478
0.031601
-0.651525
0.448494
-0.231839
-0.564815
-0.221278
-0.505939
0.665582
-0.277773
0.693257
-0.879151
-0.678746
0.604072
-0.169822
-0.247088
-0.480824
0.553929
-0.356257
-0.839627
-0.629206
0.804092
-0.428748
0.645589
0.221505
0.142490
0.753832
-0.206918
0.406723
-0.893952
0.315887
-0.849762
0.546789
0.215118
0.787394
0.225167
-0.210921
-0.844331
-0.051069
0.603810
1.000000
0.270972
0.019242
-0.912393
-0.943550
-0.503338
-0.416260
0.953456
-0.603379
0.256411
0.915757
-0.513361
-0.194702
-0.563974
0.504102
0.249589
-0.023022
-0.471301
-0.027118
0.245719
-0.104982
0.917209
-0.719866
-0.510716
-0.648109
0.435581
-0.477938
0.795755
-0.422406
0.710113
-0.143494
0.697264
0.743997
0.676423
0.156447
0.821635
-0.781352
0.969538
0.480079
0.973166
-0.640922
-1.000000
0.037837
-0.026682
-0.428844
-1.000000
-0.588499
-0.081578
0.467254
-0.118895
0.260827
0.142535
-0.915267
-0.186708
0.963524
0.467145
-0.684104
0.501798
0.504429
0.216561
-0.320583
0.417676
0.104171
-0.640919
0.619399
0.079884
-0.721872
-0.605402
-0.110237
-0.265308
0.858254
0.030507
0.569434
0.449658
0.419887
-0.043839
0.721727
-0.639726
-0.554065
0.531728
1.000000
-0.507864
0.117609
-0.954546
0.795666
-0.633783
-0.486858
0.138317
-0.678689
0.844995
-0.951523
0.241039
-0.573309
0.266783
0.684387
-0.752239
-0.739523
0.273823
0.965597
-0.307326
0.997517
0.803278
-0.861835
0.707379
0.268492
0.486232
0.993481
0.188441
-0.978577
-0.233595
0.609708
-0.984461
-0.949618
-0.567188
-0.846784
0.747994
-0.543819
0.604851
-0.041925
-0.362734
0.766440
-0.196804
1.000000
0.190937
-0.399884
0.287001
-0.776560
-0.331306
-0.791112
-1.000000
0.015194
-0.138578
-1.000000
0.221330
-0.810540
0.486126
0.043687
-0.400599
-1.000000
-0.816732
0.316253
0.993813
0.986289
0.955106
0.700759
0.758797
0.041978
-0.519763
0.744261
0.341653
-0.461010
-0.892671
0.526624
-0.748809
0.971889
-0.068877
-1.000000
-0.579183
-0.725151
-0.240587
0.060791
0.056464
-0.717096
-0.363467
0.390373
0.174284
-0.546567
-0.425123
-1.000000
0.492920
0.261028
-0.603199
0.709430
0.982935
-0.306523
0.011048
0.668460
-0.364936
0.718981
-0.126097
-0.727050
-0.372014
-0.517664
0.922917
0.286082
-0.758884
-0.273356
0.004218
-0.253141
-0.177904
-0.671191
-0.194554
-0.334310
0.859588
-0.666743
0.759830
-0.174311
-0.519214
-0.657037
0.250682
0.815839
-0.738932
0.725369
0.608433
0.260959
-0.497394
-0.215154
-0.565095
0.781309
0.695156
0.648014
-0.582191
0.648313
-0.067964
0.141069
0.181336
-0.145981
0.336638
0.939270
0.650927
0.892741
0.161114
0.343859
0.515931
-0.280456
0.221885
0.599390
0.069358
0.807835
-0.801524
0.235109
-0.670431
1.000000
0.315233
0.494620
0.429913
-0.030137
0.063480
0.590055
0.081512
-0.388054
0.128370
-0.769475
0.139365
0.212066
0.351357
0.888740
-1.000000
-0.654411
0.578221
-0.193863
-0.514460
-0.188598
0.805056
-0.452471
-0.589492
0.979917
-0.717069
-0.431958
-0.444711
-0.380415
0.480884
0.657114
0.367195
-0.970605
0.963221
0.631139
-0.469543
0.077789
0.453697
0.219183
-0.846970
0.270720
0.418050
-0.078060
-0.398953
0.325603
-0.454498
0.746631
0.023053
-0.258165
-0.703033
-0.239499
-0.643194
-0.414551
-0.156080
-0.062935
0.121715
-0.101227
0.165433
-0.331880
0.655453
0.257191
-0.759839
-1.000000
-0.808947
-0.391585
0.245551
0.784993
-0.916293
0.936820
0.871453
0.441207
0.331062
0.854220
0.774349
-0.271322
0.988943
-0.535152
-0.760478
0.941283
-0.668995
-0.629175
0.735650
0.640731
0.093618
-0.486911
0.341304
-0.249266
0.332509
0.468071
-0.563062
0.209655
0.005852
-0.877906
-0.752859
-0.452357
0.824640
0.399975
-0.357880
-0.227827
0.697703
0.684808
0.084486
-0.700614
0.355515
-0.572558
0.103227
-0.243400
-0.967436
0.616523
-0.999725
-0.923734
0.898533
-0.979264
-0.285035
-0.236298
0.342558
0.463915
1.000000
-0.792367
-1.000000
0.377630
-0.061060
0.485599
-0.475248
-0.690895
-0.821778
-0.852806
-0.125833
0.895329
0.126391
-0.346916
0.753393
0.793358
-0.636078
-0.822606
0.719674
-0.239805
-0.978961
0.315265
0.761267
0.119154
0.868424
0.351162
-0.949125
-0.154873
0.112801
-0.667156
-0.222988
0.338448
-0.561541
-0.465560
0.180507
0.347137
0.595000
-0.676381
-0.893796
0.432339
-0.856884
0.250231
0.676918
0.201114
0.901691
0.506824
-0.350836
0.815217
0.467272
0.287945
-0.972733
-0.939131
-0.712945
0.545785
0.482589
-0.244317
0.145090
-0.186742
0.516780
-0.603616
-0.045225
-0.026265
-0.310490
-0.607751
0.086804
0.163237
0.467076
0.995218
-0.299206
0.505902
-0.666194
0.794136
0.799343
-0.231515
-0.171763
-0.807256
0.101716
0.158773
-0.393530
-0.914087
0.255150
0.397423
0.960356
-0.472657
0.247853
-0.080545
0.108247
-0.682023
-0.808078
-0.597642
-0.273838
-0.348759
-0.362412
0.828000
0.995972
0.866726
0.283068
-0.497400
0.955841
0.035144
-0.590159
0.719664
0.482273
0.217245
-0.457339
-0.873521
-0.034756
0.412216
0.686072
0.414313
-0.933744
0.306813
0.383128
-0.114086
1.000000
0.377848
-0.958133
-0.281712
-0.830535
0.174770
-0.064797
0.594737
0.136496
0.940315
0.742669
0.010624
-0.326637
-0.917434
1.000000
-0.347129
0.001981
0.223044
0.715303
-0.591837
-0.632967
0.836573
0.209938
-0.290136
-0.953654
-0.840362
0.633650
-0.040835
-0.095861
0.873986
0.396099
0.561553
-0.962589
-0.707285
-0.122506
-0.231425
-0.910387
-0.498209
0.693664
0.604593
0.000587
-0.831144
0.255421
-0.264737
-0.736609
0.859846
-0.020115
0.848161
0.088957
0.527147
0.825012
0.059171
-0.215756
0.705654
-0.880596
-1.000000
0.975619
0.683802
-0.810270
-0.148774
-0.549547
-0.118703
0.758699
0.496591
0.701418
0.099629
-0.526097
0.938344
0.981288
0.252895
0.685053
-0.253390
0.988623
-0.430169
-0.698061
-0.744218
0.984103
-0.813061
0.192270
0.762188
-0.975042
0.133836
-0.497587
0.021148
-0.758829
0.368942
0.373979
0.390425
0.821992
-0.663398
-0.529792
-0.022466
-0.146708
0.649266
-0.236519
-0.923523
0.180667
0.142549
-0.113880
0.711304
0.386733
-0.895332
-0.769949
-0.387122
-0.361488
-0.590227
-0.283798
0.078787
0.757723
0.672029
-0.495239
-0.153198
-0.202726
-0.348277
-0.170233
-0.424423
0.756178
-0.678104
0.002354
0.176498
-0.521579
-0.059001
0.194900
0.783355
-0.786816
-0.774860
0.756522
-0.050725
-0.711074
-0.314671
-0.000841
0.432739
0.377195
0.162853
-0.967498
-0.695923
-1.000000
-0.332896
0.844576
-0.134246
0.177119
0.726753
-0.158577
-0.899707
-0.482293
-0.114655
-0.914655
-1.000000
0.234244
0.645438
0.221254
-0.114377
0.976315
0.589347
0.960491
-0.449608
-0.574435
0.098680
-0.610614
-0.064406
-0.581351
0.470138
-0.762166
0.621135
0.356231
0.286279
0.674254
-0.275466
-0.915124
0.300561
-0.823146
0.430999
-0.632799
-0.331813
1.000000
-1.000000
-0.450877
-0.958961
-0.969957
0.011948
-0.892033
-0.546646
0.514475
-0.130878
-0.526376
-0.284334
0.164941
-0.567414
-0.177637
-0.442856
-1.000000
0.850196
0.712598
0.753562
0.464391
-0.333999
-0.655664
-0.114534
-0.564397
0.899527
0.209986
-0.835127
0.442740
-0.155122
-0.234015
-1.000000
-0.160453
-0.274408
-0.661923
0.169244
0.302822
-0.948496
-0.067155
-0.390273
0.734170
0.238737
-0.621588
-0.588847
0.639333
0.554522
0.863976
-0.675897
0.383971
-0.007522
0.549522
-0.608952
-0.976665
-0.861411
0.492824
0.130339
0.649168
-0.043859
0.123507
-0.965822
0.932204
-0.649597
0.985573
-0.464430
-0.165415
0.645268
0.835668
1.000000
-0.524960
0.774903
-0.758358
0.492995
-0.188059
-0.227799
0.368703
0.472862
0.370507
-0.224885
0.510486
0.269324
0.809934
-0.378591
-0.281202
-0.161781
0.333047
-0.593919
-0.577862
0.480384
0.001560
-0.607392
0.805194
-0.499764
0.810635
-0.386629
-0.650631
0.033380
-0.915663
-0.195063
1.000000
-0.957465
-0.135961
0.434163
-0.177020
-0.461425
0.603455
0.885151
1.000000
0.599076
0.023163
-0.216130
0.443262
-0.480005
-0.726667
-0.575284
0.051759
-0.033311
0.639195
-0.383056
-0.716914
0.567006
-0.043445
-0.203378
0.684657
0.566879
-0.002738
-0.813983
0.999071
1.000000
-0.389454
-0.730607
-0.344346
-0.280400
0.444183
-0.039195
-0.501167
0.471222
-0.352504
-0.092131
0.892466
0.479972
0.486113
-0.620326
-0.767045
0.496799
-0.122353
-0.972585
-0.564666
-0.802487
-0.356443
-0.197859
-0.099374
0.391251
0.160887
0.217916
-0.227107
-0.310829
0.753202
-0.645721
0.045621
0.907261
-0.553415
0.619459
-0.878327
0.584579
0.479938
-0.954550
-0.976743
0.298402
0.823703
0.259572
0.625875
-0.188863
0.565518
0.223525
0.648186
0.314168
-1.000000
-0.412050
0.720478
0.052555
-0.039179
0.091544
-0.833096
-0.084403
0.301534
0.452011
0.966774
-0.210295
-0.321008
-0.816339
-0.576822
-1.000000
0.928810
-0.182083
0.445650
-0.592634
0.729128
0.796228
0.929781
-0.034052
0.600817
0.245025
-0.804617
0.950350
-0.650752
-0.858263
-0.268439
-1.000000
-0.329251
0.990780
-0.458966
-0.477964
0.227831
0.043497
0.300927
0.405597
-0.420070
-0.023063
-0.906365
0.295591
-0.763929
0.356692
-0.859191
0.134242
0.026700
0.836353
0.686288
-0.823359
0.601599
0.680917
0.541812
-0.044725
-0.439106
0.849484
0.226524
0.427740
0.006058
-0.515046
-0.159383
-0.676495
-0.638952
-0.056134
0.236138
-0.576188
-0.698398
-0.097923
0.666924
-0.855435
0.877548
1.000000
-0.583649
-0.494922
-0.943153
0.069495
-0.481110
-0.551127
0.196335
0.029527
-0.284467
-0.971158
-0.816467
0.626599
0.596600
-0.633483
-0.269209
-0.087128
-0.125706
0.278341
-0.464866
0.166731
-0.092037
0.382492
0.557933
-0.746179
0.106191
-1.000000
-0.688081
0.989956
0.350884
-0.575742
0.137028
-0.481772
-0.090367
-0.892374
0.757654
0.011868
-0.545693
0.559305
0.227090
1.000000
0.611042
0.658059
-0.286040
-0.251977
0.947582
-0.966484
-0.295305
-0.092087
-0.183032
0.372359
0.474996
-0.806394
0.326764
-0.447979
-0.040416
-0.045205
0.113290
-0.469672
-0.115440
0.911968
0.539427
-1.000000
0.239089
0.578193
-0.532778
-0.695331
0.892172
-0.274057
0.294214
0.257707
0.867354
0.705441
0.799717
0.477435
0.878600
-0.598306
-0.278125
0.479672
0.468520
-0.469396
-0.642990
0.168720
-0.079846
-0.731273
0.453430
-0.052282
0.400750
0.563045
0.107335
-0.125620
-0.862297
-0.497102
-0.865324
0.650244
-1.000000
-0.683714
1.000000
0.026436
-0.189268
0.284636
0.866827
0.142121
0.248636
-0.926275
0.977764
0.857222
0.574305
-0.738241
-0.302914
0.439415
-0.205860
0.195530
-0.183142
-0.720986
-1.000000
-0.751039
-0.976043
-0.485701
0.261218
-0.481195
0.793800
-0.085368
-0.688473
0.973351
0.810114
0.269609
-0.032616
0.330165
0.177439
0.798493
-0.456816
0.488233
0.481026
0.508126
0.793963
0.131324
0.488109
0.768578
0.305394
-0.895405
0.921148
-1.000000
0.032357
-0.011519
0.136146
-0.265610
0.658391
0.046142
-0.098954
-0.749930
0.674412
0.209671
-0.300428
-0.473016
0.579977
0.727680
-0.820966
0.466025
-0.984676
-0.737330
0.923310
-0.623876
0.470370
0.196801
0.623914
0.488840
0.692474
-0.906988
0.311298
-0.959546
-0.733156
-0.989195
-0.896481
0.679091
0.377313
0.724930
-0.838426
0.258677
0.722717
0.791654
-0.364193
0.292102
-0.523320
-0.069943
-0.004195
0.129772
-0.449796
-0.174274
-0.740223
0.740027
-0.733403
0.504961
-0.386606
-0.582662
-0.178596
0.076885
-0.276695
0.057546
0.718421
-0.461351
0.228975
0.032629
-0.381099
-0.234109
-0.189958
-0.373344
-0.165403
0.308650
-0.538280
0.205933
-0.409698
-0.279706
-0.587166
0.551559
-0.649339
-0.913945
-0.240992
-1.000000
-0.254492
0.071733
-0.403193
0.010289
0.941212
0.224994
0.881924
0.788451
0.431401
0.101657
-0.485618
-0.177735
0.996083
-1.000000
-0.524202
-0.914087
0.464367
-0.455000
-0.029249
0.567725
0.444499
-0.788947
0.840767
-0.682927
0.118040
-0.239950
0.000392
0.556967
-0.629977
-0.386191
0.069255
0.711168
-0.595602
0.536183
-0.142978
-0.433122
-0.351008
0.711584
-1.000000
0.196962
-0.705953
-0.130812
0.204582
0.420699
0.176603
-0.051721
-0.156027
-0.648706
0.276059
-0.871532
0.700912
-0.975779
0.474690
-1.000000
0.499096
-0.340139
-0.846708
-0.956588
0.497077
0.358129
0.064234
0.461428
-0.605585
0.889577
0.116640
-0.786542
-0.587347
0.636554
-0.084109
0.142292
0.707028
0.450132
-0.367157
-0.017379
-0.729250
0.245972
0.836595
0.964455
-0.970985
-0.587532
0.524165
-0.524930
0.821697
0.237345
-0.304773
-0.437757
0.285606
-0.262930
0.699630
-0.315223
0.647709
0.290574
0.732460
0.892167
0.450760
0.189933
-0.016333
0.903954
0.628298
-0.075050
0.650988
-0.243888
0.356189
0.417466
0.585848
-0.647606
0.397926
0.336335
0.718287
-0.336014
0.196023
-0.984502
1.000000
-0.425051
-0.429931
0.223080
-0.478732
-0.882559
-0.040277
-0.090969
-0.889841
0.801107
0.237745
0.743365
0.285436
-0.021388
-0.765112
-0.293652
-0.840102
-1.000000
0.101773
0.369336
-0.932520
-0.849437
0.639122
-0.513597
0.944139
-0.626517
-0.098488
-0.990367
-0.098157
-0.503134
1.000000
0.244118
-0.851770
1.000000
-0.601943
0.449598
0.463303
0.476023
0.296177
0.624396
-0.560254
-0.733230
-0.815647
-1.000000
0.903929
1.000000
-0.750231
0.917466
1.000000
-0.940755
0.811721
0.977549
0.943529
-0.254299
0.133554
-0.441909
0.089329
-0.042115
-0.389139
0.488512
0.706557
0.242886
0.722130
-0.497944
-0.812456
-0.004671
0.925974
-0.013398
0.585006
0.233613
-0.350387
0.110837
0.586138
0.923915
0.864829
0.993692
-0.757625
-0.306931
-0.474863
0.548117
0.874142
-0.345064
0.886221
-1.000000
-0.798800
-0.975690
0.971562
-0.812362
0.512333
0.637034
-0.871976
0.453884
-0.951225
0.012076
0.023257
0.221285
-1.000000
-0.106195
0.950148
-0.535870
0.460828
-0.597153
-0.069271
0.027165
-0.471268
0.326422
-0.685990
0.320686
0.822528
0.380431
-0.507109
-0.777553
0.698568
-0.422318
-0.504304
0.146535
0.680241
0.460725
0.977144
-0.489133
0.026276
-0.288953
0.247171
-0.307482
0.278315
-0.964154
-0.773012
-0.176536
0.930438
-0.017522
0.788785
0.333839
0.792272
1.000000
-0.264962
-0.165398
0.991026
-0.175786
0.411963
-0.496797
0.091399
-0.140291
0.779570
-0.115538
0.772945
0.504550
-0.078750
0.965145
-0.063639
0.514525
-0.863369
0.997765
0.763685
-0.888470
0.236420
-0.980806
0.080401
0.277765
0.940618
0.269975
0.647288
-0.070207
0.165553
-0.099097
-0.625013
0.485643
-0.222115
-0.530742
0.413538
0.941115
-0.870333
-0.575388
-0.935587
0.642863
-0.711624
-0.108332
-0.602027
0.939777
0.385316
0.263089
-0.537754
-0.073041
0.648624
-0.477915
0.500396
-0.626923
-0.382399
0.351477
0.191925
0.849201
-0.779315
0.597502
-0.369806
0.799653
-0.143817
-0.005525
0.009838
-0.725018
-0.639410
-0.426847
-0.449559
0.849454
-0.187561
-0.227944
0.211430
-0.248625
-0.708045
-0.475992
-0.547811
-0.859928
-0.889558
0.481328
-0.250020
0.139526
0.069892
-0.967585
-0.129472
0.165787
-1.000000
0.438983
1.000000
-0.498942
-0.989316
-0.684861
0.898998
0.638522
-0.928417
-0.096740
0.330982
0.192657
-0.420107
-0.156145
-0.250697
0.027394
-0.992527
-0.971302
-0.072882
0.811056
-0.360475
-0.863094
-0.044099
-0.060028
0.277062
1.000000
-0.282098
0.662007
0.653515
-0.245220
0.351884
-0.394034
-0.187183
0.711524
-0.236110
0.736291
-0.917630
-0.795454
-0.634240
0.695489
-0.443336
-0.736371
0.085697
0.911538
-0.649230
0.243138
0.066023
0.337247
0.735637
0.256867
-0.265488
0.563390
-0.969965
-0.270313
-0.428126
0.724207
0.888596
-0.101861
0.023473
0.775183
-0.865763
0.074473
0.343406
0.439577
-0.235839
-0.407666
-0.012020
0.849408
0.534299
0.294254
-0.808855
-0.832064
0.085520
0.871580
0.305066
0.147350
-0.623659
0.737241
0.712886
0.261193
-0.349379
-0.861887
-0.567430
-0.491443
-0.326012
-0.274715
1.000000
0.041201
-0.952795
0.932684
0.964981
-0.491209
-0.003499
-0.135529
0.623365
-0.509600
0.032965
0.625820
0.405037
0.707094
0.981347
0.657115
0.882236
0.451584
0.540339
-0.578072
0.189912
-0.847794
0.238888
0.407346
-1.000000
-0.950645
-0.970993
-0.480488
0.574707
0.674511
0.015969
-0.381674
-0.040081
0.598941
0.574455
0.455164
0.921831
-0.871796
-0.518190
-0.790621
0.031235
0.027493
0.897943
0.490325
-0.802389
0.928548
-0.230161
0.594288
-0.634769
0.613468
-0.265468
-0.421312
0.747427
0.848676
-0.109332
0.980366
-0.939142
0.563093
-0.890928
-0.469037
0.292830
-0.001961
-0.635668
-1.000000
-0.871074
0.146961
0.407878
-1.000000
0.807729
0.711047
0.513260
-0.027471
1.000000
-0.846223
0.339284
0.077910
-0.058493
-0.928167
0.439476
-0.671555
0.617801
0.080676
-0.383545
0.323782
0.560199
0.282935
0.842544
0.643325
-0.219759
-0.829002
0.914848
-0.022585
-0.939755
-0.206372
-0.897467
0.392519
-0.289569
-0.266765
-0.909574
0.591156
0.761630
0.549753
-0.728933
-0.948916
-0.421135
-0.096760
0.580988
-0.478371
-0.377846
-0.513210
-0.476202
0.746970
-0.744115
-0.520940
-0.021742
-0.092371
0.755441
0.860010
-0.410970
-0.101695
0.156754
0.777816
0.075592
-0.676872
0.461050
0.211970
-0.196071
0.037801
0.411524
-0.757669
0.570049
-0.981813
0.785593
0.613430
-0.024779
-0.843852
-0.665197
0.710840
0.532234
-0.379730
0.021203
0.702455
0.714431
-0.996756
-0.353583
-0.914320
0.386400
0.017325
0.294577
0.300309
0.606236
0.110212
0.063453
-0.142780
-1.000000
-0.431845
-0.832715
-0.415886
0.764372
0.051655
-0.316002
-0.926647
-0.256246
0.189274
0.594226
0.787333
-0.514251
-0.949830
0.588119
0.513117
-0.897978
-0.648590
-0.039012
0.897408
-0.674557
-0.176424
-0.332647
0.445552
-0.708434
0.524331
-0.011934
-0.167041
0.061413
-0.710022
-0.960387
-0.529058
0.218154
0.607168
0.676382
0.306329
0.334564
-0.576956
-0.393431
-0.414044
0.729165
-0.677726
-0.500703
-0.756678
-0.337263
-0.398127
0.944951
0.072686
-0.948473
0.906337
0.355921
-0.063883
-0.241025
-0.659427
0.879426
0.776320
-0.172840
0.719776
0.873272
-0.563334
0.370720
-0.608167
-0.800995
0.660686
-0.758167
0.182384
0.796138
0.610156
0.811530
0.223257
-0.559864
-0.855161
0.628836
-0.917187
-0.780410
-0.718217
-0.359799
0.560932
-0.317495
-0.127860
-0.963773
0.752589
0.241353
0.388700
-0.132528
0.649480
0.482271
-0.202528
1.000000
0.121625
0.874898
0.281371
0.669007
0.972899
-0.878742
-0.562391
-0.171152
-1.000000
0.244544
0.025117
1.000000
-0.776523
1.000000
-0.475909
0.883947
0.216148
-0.023786
0.345837
-0.732363
0.874256
0.458606
0.916926
0.951620
-0.164757
-0.736654
-0.728959
0.818617
0.201886
0.061967
0.081199
0.404988
0.705495
-0.241215
0.267788
-0.665219
-0.896646
0.594590
-0.104289
-0.426621
0.777391
-0.386418
0.237255
0.509093
0.165874
0.941895
-0.310705
0.981344
1.000000
0.711488
-0.586584
-0.234062
-0.455680
-0.223517
0.451373
-0.501794
0.683519
0.240802
0.131089
0.415994
1.000000
1.000000
-0.130228
0.143228
-0.447794
0.445285
0.437725
1.000000
-0.237869
0.920061
0.303714
-0.189277
-0.455328
-0.510129
-0.253067
-0.671863
-0.335106
-0.384727
-0.918490
0.442318
-0.730716
0.934573
0.491601
0.200468
-0.423392
0.256958
-0.300505
0.550884
0.380748
-0.911048
-0.142448
-0.826257
-1.000000
0.617474
-0.114640
1.000000
-0.108407
0.379541
-0.955309
0.155655
0.076438
0.082843
-0.494679
-0.786106
-0.120613
0.101398
0.531461
0.719857
-0.430118
-0.048730
0.433595
-0.095880
-0.925608
0.769346
-0.173371
-0.239391
-0.108776
-0.149180
-0.949844
0.982824
-0.956166
-0.382794
0.627998
0.119261
-0.987760
0.931390
-0.497659
0.004208
-0.639208
0.140665
0.103392
-0.609110
-0.974283
0.019672
-0.148232
-0.426533
-0.822991
0.061044
-0.350377
0.259016
0.415171
-0.722751
0.835519
0.353214
-0.893604
0.535161
0.361904
0.008010
0.099998
1.000000
-0.108470
0.822764
-0.752588
-0.196632
0.656552
0.545489
0.893069
-0.878301
-0.177482
0.121336
0.370898
0.206470
-0.310826
-0.891157
-0.460649
0.546388
-0.627692
0.288051
0.788259
0.724321
-0.223955
-0.321120
-0.673825
-0.619172
-0.389640
0.522630
0.036736
-0.135752
0.754030
-0.644875
0.255333
0.570860
0.752552
0.705654
-0.827404
0.222574
0.439661
0.997051
-0.981501
-0.594091
0.646529
0.299561
0.032047
0.391381
-0.021080
0.005470
-0.377047
0.736731
0.545149
-0.764764
0.025929
0.505477
0.010088
0.728107
-0.097451
0.396917
-0.689304
-0.810716
-0.081848
-0.176824
-0.401473
0.753252
-0.699037
-0.014587
0.454260
-0.730694
0.454691
0.971570
0.867784
0.781583
-0.487904
0.236724
-0.288519
-0.275710
-0.123937
0.175333
-0.768884
-0.249670
1.000000
-0.333478
0.863426
-0.495715
0.163892
0.741400
-0.398281
-0.138473
0.341752
-0.902969
-0.776848
0.111988
0.224192
-0.625828
-0.685538
-0.848419
0.207669
-0.187452
0.081646
0.079895
0.175573
0.038086
0.981091
-0.433403
-0.879119
0.410841
-0.938959
0.983743
0.144040
-0.836216
0.467070
-0.503784
0.962026
0.770986
-0.330323
-0.197407
-0.819411
-0.232802
0.588590
-0.527171
-0.115475
0.767301
0.637561
0.084648
-0.222615
0.420758
-0.407264
0.305237
0.983771
0.895551
-0.295635
-0.483598
0.397927
-0.954103
-0.915034
0.938077
-0.414170
0.896926
-0.270700
-0.462183
-0.966739
-0.077418
0.648828
-0.102579
0.723685
0.209952
0.339959
0.071210
-1.000000
0.699816
-0.866433
0.439293
0.723959
-0.521234
-0.634832
-0.890205
-0.279001
-0.937039
-0.449583
-0.043230
0.997879
-0.633208
0.180771
-0.702288
-0.646961
0.640220
-0.460044
0.462143
0.094221
-0.996302
0.069013
1.000000
0.042902
1.000000
-0.229771
-0.147169
-1.000000
0.410681
0.698256
-0.843916
-0.151511
0.302957
-0.713697
0.879238
0.273915
-0.144909
-0.830825
0.187321
0.495878
-0.699026
-0.877028
0.281029
0.498954
-0.937037
0.275637
-1.000000
-0.434176
0.174823
0.415914
-0.920775
-0.965148
0.241934
0.495431
0.096073
0.026965
0.354608
0.341841
-0.981555
0.833754
0.459242
0.955009
0.451248
0.296300
-0.735806
-0.367408
0.086986
-0.776957
-0.009457
-1.000000
-0.908223
-0.924302
-0.597467
0.536563
-0.181913
0.947728
-0.429933
-0.151902
0.244227
0.919919
-0.907098
-0.807687
0.415884
-0.857335
0.129455
-0.157028
0.900367
0.326253
0.635538
-0.519505
0.456270
0.035745
0.085924
-0.659163
0.387865
0.058354
0.398885
-0.650572
-0.118616
-0.696427
-0.166251
-0.378329
0.304622
-0.354785
0.458139
-0.975743
0.192602
0.647008
0.501295
0.238262
0.100517
-0.712494
0.261993
-1.000000
-0.975762
0.062014
0.158330
-0.008460
0.035435
-0.076332
0.277051
-0.494944
-0.611493
0.617744
0.348636
-0.348332
0.273855
0.817283
0.495666
-0.100016
0.157087
0.201427
0.571354
-0.795233
0.165653
-0.450417
0.045588
-0.224372
0.901102
-0.557931
0.451641
-1.000000
-0.961767
-0.508211
0.652103
-0.275912
-0.955439
0.771907
-0.825906
-0.743716
-0.406443
-0.307507
-0.110628
-0.775664
-0.325706
0.818737
0.767691
0.357087
0.919838
0.734817
0.061340
0.030794
-0.834085
0.215113
-0.636482
0.363297
-0.982140
-0.353700
0.010753
0.814289
-0.574540
0.020337
0.433905
-0.176710
-0.590787
-0.300459
0.344892
0.167195
0.381346
-0.899520
0.870154
0.103325
0.147997
-0.540208
-0.553091
0.300848
0.187870
0.549684
0.508754
0.021674
-0.436043
-0.670127
0.041639
0.263609
-0.136647
0.529223
0.717463
-0.332608
1.000000
0.593263
-1.000000
0.731884
0.383720
-0.304157
0.461441
-0.077618
0.475028
0.608166
-0.110102
0.720818
0.781096
0.489391
0.540880
0.930430
-0.525686
0.799361
-0.990622
-0.251892
-0.390241
-0.327681
0.201211
-0.463464
0.477908
0.921952
0.532931
-0.986860
0.573045
-0.008772
0.506509
0.314888
0.336036
0.489858
0.322873
0.662297
0.981620
-0.895087
0.180918
0.480941
-0.169776
0.594369
-0.356635
0.697295
0.333605
0.831207
0.374534
-0.603620
0.361491
0.683992
0.290585
-0.961777
0.193790
-0.897353
0.773037
0.438912
-0.368712
0.529414
0.834753
-0.885405
0.302921
0.397681
0.561979
-0.190980
0.013658
0.110216
0.689518
0.772675
0.982566
0.519506
0.942002
0.418630
0.090710
0.215186
0.323525
-0.280751
-0.961803
-0.988273
0.688090
0.181017
-0.270076
0.630724
0.887520
0.812092
0.344667
-0.115171
0.064178
-0.594231
0.214168
-0.732357
0.870097
0.570453
-0.470165
-0.467867
-0.988882
-0.140368
-0.854836
0.462221
0.432149
0.709144
-0.122050
-0.220278
-0.429242
0.086547
1.000000
0.247965
0.132252
-0.806263
0.115960
-0.412777
0.754487
-0.968446
0.352366
-0.403171
-0.855232
-0.739390
-0.108147
-0.657376
0.111297
0.272344
1.000000
0.504570
-0.336480
0.113649
-0.634396
-0.890661
-0.153332
0.176153
-0.931449
0.158174
0.358152
0.603460
0.579610
0.210330
0.071199
0.623661
-0.286392
0.203967
0.057394
0.769298
-0.984111
-0.002348
0.705565
0.527762
-0.323769
0.308259
0.975549
0.037135
-1.000000
0.728174
1.000000
0.170644
-0.342543
0.362387
-1.000000
-0.835335
0.332521
0.543828
-0.893438
0.505804
-0.709110
-0.666609
0.307376
-0.007687
-0.929509
-0.498914
-0.142347
0.813529
0.360493
-0.273407
-0.677542
0.691015
0.836528
-0.903303
-0.713082
0.092004
-0.066449
0.845553
-0.022069
0.839725
-0.948603
0.884642
0.151696
0.448855
0.573774
-0.914235
0.029196
0.828068
-0.225912
0.081114
-0.253602
-0.894740
0.848535
0.584856
0.588147
0.845117
-0.519514
-0.276070
-0.630274
0.951267
0.489776
-0.361462
-0.223500
0.138940
0.474165
-0.157240
-0.394953
0.519133
0.719510
0.856297
0.243055
1.000000
0.534712
0.012596
-0.809326
-0.489116
0.374532
-0.512110
-0.165799
0.943128
0.718203
0.828972
0.110818
1.000000
-0.174434
0.447719
0.747230
0.056706
0.895838
0.292935
1.000000
-0.227862
0.296292
0.493698
-0.577211
-0.581037
0.775004
-0.629307
-0.405105
-0.759388
-0.290755
0.460657
-0.809153
-0.653338
-0.989316
-0.297445
0.545903
0.970174
0.889237
0.831807
0.130145
-0.565162
-0.935377
0.705051
0.818978
-0.711359
0.381055
0.106771
-0.154561
0.769965
0.453850
-0.914081
-0.333094
-0.166307
0.826856
0.649680
0.642812
-0.065715
0.439063
0.061360
-0.548581
-0.630514
-0.204578
-0.720772
0.529079
0.317399
-0.544614
-0.257022
0.271000
-0.117164
0.937010
-0.448481
-0.568830
0.340690
-0.715199
0.273654
0.310153
-0.497023
-0.310552
0.346947
0.293731
0.073139
-0.385658
-0.527216
0.001270
-0.600422
-0.663021
-0.174474
0.416555
-0.182145
0.553899
-0.356456
0.024995
-0.352788
-0.483586
-1.000000
-0.299980
0.133338
0.175667
0.244538
0.444680
-0.812634
0.792927
0.797230
0.795111
0.653949
-0.877311
-0.307427
-0.984975
-0.108519
0.698392
0.880750
-0.358192
-0.606789
-0.404576
-0.577456
1.000000
-0.363851
0.620065
1.000000
-0.871994
-0.641786
-0.513939
0.477129
-0.114789
0.765641
0.629933
0.477686
0.969764
0.048406
-0.450178
0.565436
0.459205
-0.534009
-0.019288
0.521356
0.680843
1.000000
0.414902
0.115304
0.232621
-0.968604
-0.879366
0.585275
0.933208
-0.639248
0.463750
-0.949037
-1.000000
0.864182
-0.200096
-0.550213
0.921158
0.091663
-0.182671
0.216149
-0.512574
-0.565777
-0.561005
-0.489297
-0.167203
0.959461
0.794263
0.410080
1.000000
-0.767737
-0.110131
-0.629386
0.025937
0.823391
-0.501514
0.388866
0.420312
0.180710
0.219657
0.553659
-0.958678
0.744866
0.645062
-0.882033
0.947433
0.600073
-0.728325
0.711378
0.305243
0.337445
-0.912167
0.337434
-0.676630
-0.309998
0.143491
-0.103012
0.079338
0.211144
-0.007764
0.089247
0.002622
-0.133428
0.235473
0.253203
0.362888
0.000745
0.093294
0.045379
0.005185
0.372624
0.383446
0.000142
0.037031
0.061551
0.002789
0.020926
0.015944
0.001560
0.097357
0.005445
0.022071
0.039770
0.000061
0.089573
0.000002
0.000004
0.164729
0.000329
0.248223
0.002943
0.000905
0.003578
0.186988
0.344592
0.073251
0.028563
0.000423
0.000561
0.079242
0.249952
0.001546
0.000978
0.054075
0.217499
0.094502
0.124990
0.000011
0.248100
0.222566
0.046351
0.090555
0.002438
0.116331
0.000245
0.004652
0.000677
0.040503
0.009555
0.000519
0.001730
0.002534
0.061052
0.024762
0.001727
0.066110
0.042076
0.000455
0.029466
0.228598
0.067327
0.077038
0.014438
0.006209
0.007494
0.149204
0.038529
0.007965
0.578164
0.026813
0.054581
0.023030
0.001280
0.001753
0.030651
0.000122
0.096933
0.008423
0.025184
0.096779
0.239365
0.027914
0.000925
0.003021
0.000164
0.000525
0.054069
0.001926
0.000022
0.099340
0.000812
0.001991
0.015107
0.001852
0.131358
0.001894
0.000040
0.000286
0.044436
0.009655
0.039381
0.170622
0.000451
0.026639
0.004803
0.329433
0.025203
0.454479
0.009543
0.173320
0.000547
0.065653
0.330325
0.000381
0.001268
0.003236
0.010256
0.301603
0.000076
0.000138
0.021746
0.080898
0.034285
0.045144
0.055679
0.000473
0.004840
0.000342
0.021985
0.462524
0.017020
0.053283
0.201916
0.086961
0.014175
0.239991
0.006371
0.007092
0.150358
0.000002
0.027882
0.018055
0.018752
0.315376
0.532067
0.001986
0.000938
0.014333
0.001055
0.008054
0.023850
0.001182
0.136055
0.231647
0.137657
0.033868
0.013972
0.000423
0.012918
0.143060
0.008444
0.070553
0.000822
0.000624
0.009437
0.008864
0.000017
0.034286
0.071917
0.000944
0.159667
0.019954
0.005458
0.173646
0.008263
0.202923
0.051859
0.000078
0.013340
0.003120
0.001417
0.007269
0.000354
0.000265
0.014084
0.044620
0.000412
0.071715
0.001476
0.000118
0.000069
0.016167
0.000596
0.001480
0.078238
0.151550
0.011454
0.051492
0.014459
0.120092
0.066629
0.024617
0.000384
0.000123
0.079805
0.001251
0.000327
0.010470
0.010108
0.083678
0.010462
0.000232
0.000915
0.000055
0.000550
0.002727
0.000036
0.643976
0.012281
0.015639
0.117078
0.000384
0.021111
0.001213
0.009036
0.012158
0.110467
0.021023
0.125105
0.038619
0.025737
0.012474
0.000092
0.002583
0.039210
0.133822
0.000685
0.000504
0.001232
0.014685
0.012094
0.000100
0.005194
0.027260
0.002213
0.004760
0.002893
0.100330
0.002041
0.003242
0.373072
0.000245
0.000490
0.000113
0.031365
0.009328
0.099925
0.005862
0.782923
0.014286
0.000375
0.131112
0.003731
0.016975
0.011231
0.002532
0.002776
0.089136
0.002245
0.000429
0.057956
0.011969
0.147959
0.000044
0.000475
0.047828
0.257270
0.024902
0.018621
0.002681
0.007847
0.081322
0.006656
0.109596
0.106728
0.022159
0.037952
0.000692
0.007235
0.143184
0.004225
0.000201
0.032891
0.067934
0.005514
0.085373
0.000763
0.011994
0.000178
0.024926
0.002678
0.099292
0.000122
0.347797
0.374475
0.019084
0.005426
0.308582
0.011655
0.000222
0.001596
0.000111
0.067510
0.040023
0.001869
0.004604
0.010524
0.026282
0.318517
0.011409
0.055139
0.105303
0.098924
0.013304
0.019691
0.000345
0.061754
0.000221
0.291793
0.013037
0.022154
0.000256
0.000395
0.336966
0.278453
0.018000
0.043034
0.153092
0.023039
0.002158
0.016782
0.003327
0.010248
0.021997
0.219862
0.001463
0.001471
0.010812
0.005468
0.000746
0.008525
0.077767
0.014220
0.000003
0.001364
0.138409
0.079965
0.009651
0.001478
0.004204
0.155833
0.007207
0.002066
0.040535
0.019040
0.050949
0.000155
0.000077
0.015191
0.003547
0.582629
0.000274
0.011552
0.001667
0.000016
0.000137
0.000357
0.063705
0.000053
0.061073
0.030286
0.001457
0.001505
0.000019
0.026613
0.000638
0.047185
0.203860
0.174967
0.000141
0.003717
0.004585
0.001286
0.007833
0.011711
0.009678
0.092708
0.000772
0.431448
0.000185
0.247998
0.003346
0.000057
0.005717
0.164380
0.000017
0.002147
0.000763
0.104894
0.000039
0.162900
0.000605
0.000035
0.001755
0.001016
0.109515
0.064659
0.000002
0.001445
0.020542
0.001208
0.003296
0.179024
0.004208
0.360436
0.000046
0.002778
0.000004
0.000007
0.039953
0.048246
0.013904
0.000057
0.824668
0.006312
0.006491
0.004181
0.018764
0.005043
0.005862
0.000021
0.018646
0.014149
0.001494
0.018967
0.142703
0.085572
0.601526
0.000077
0.000036
0.004016
0.002393
0.058424
0.001243
0.236588
0.027831
0.004365
0.003248
0.000002
0.005345
0.000281
0.003801
0.025603
0.000277
0.000160
0.003908
0.039944
0.013024
0.002136
0.022690
0.000247
0.001419
0.022229
0.000332
0.004459
0.025472
0.232605
0.000059
0.132526
0.001297
0.000011
0.000353
0.061614
0.000008
0.017624
0.001062
0.000618
0.182814
0.099396
0.000040
0.213178
0.022615
0.002335
0.006405
0.023090
0.023977
0.469496
0.397273
0.010159
0.000002
0.000077
0.033089
0.000592
0.000046
0.054975
0.043762
0.009444
0.000047
0.092590
0.000016
0.001618
0.010426
0.000189
0.127322
0.407188
0.462634
0.041142
0.000901
0.000005
0.004588
0.000002
0.010143
0.002942
0.000004
0.311475
0.015277
0.001199
0.054265
0.000834
0.000138
0.000201
0.708250
0.113286
0.000137
0.000113
0.038800
0.004095
0.005984
0.000209
0.011141
0.000433
0.021849
0.453560
0.010042
0.000722
0.018009
0.010729
0.737549
0.000019
0.000002
0.001309
0.001478
0.000438
0.000280
0.005237
0.013834
0.072790
0.003738
0.461806
0.057761
0.313960
0.021749
0.078169
0.108085
0.088333
0.035308
0.001698
0.003929
0.005412
0.017820
0.004577
0.000049
0.566496
0.009312
0.001667
0.064166
0.032567
0.027353
0.000169
0.017660
0.105940
0.005462
0.088761
0.006549
0.006367
0.016951
0.002183
0.340983
0.000050
0.107774
0.009986
0.064600
0.034599
0.007736
0.008890
0.036829
0.101536
0.000437
0.003407
0.010524
0.014442
0.000880
0.000015
0.020389
0.000049
0.073376
0.021095
0.017461
0.194991
0.000012
0.000851
0.002942
0.019590
0.252467
0.247090
0.052680
0.025950
0.000121
0.000017
0.000217
0.014576
0.085199
0.022391
0.026275
0.142010
0.001724
0.262242
0.013345
0.001641
0.065647
0.040777
0.000552
0.001662
0.004571
0.013862
0.142843
0.370336
0.086518
0.096847
0.003541
0.257393
0.025624
0.000058
0.002754
0.000078
0.111826
0.174306
0.011483
0.020916
0.000143
0.208032
0.016004
0.000361
0.053608
0.009244
0.020063
0.051187
0.067838
0.017757
0.000606
0.057200
0.040355
0.042324
0.045442
0.000396
0.000059
0.017562
0.007002
0.166927
0.089968
0.013736
0.022301
0.057774
0.057796
0.000075
0.000078
0.000394
0.293335
0.054825
0.000021
0.129659
0.000084
0.001691
0.001030
0.153301
0.009881
0.023800
0.087329
0.213234
0.023807
0.098697
0.000881
0.072936
0.481615
0.007589
0.001099
0.153598
0.027115
0.246362
0.002457
0.368588
0.004483
0.004862
0.055627
0.001773
0.000303
0.003761
0.007638
0.003624
0.000193
0.005684
0.000032
0.017560
0.000002
0.021793
0.000103
0.000010
0.000165
0.000916
0.074019
0.042991
0.002196
0.001697
0.000341
0.036812
0.011362
0.370026
0.023313
0.012483
0.004474
0.027812
0.000019
0.001332
0.037672
0.006888
0.020582
0.014000
0.005984
0.000353
0.001367
0.004669
0.000541
0.017388
0.000480
0.003417
0.028151
0.494200
0.156042
0.018888
0.000002
0.026243
0.005189
0.000194
0.005665
0.381499
0.004950
0.002353
0.009927
0.008731
0.003537
0.000034
0.004186
0.027623
0.007548
0.087711
0.017592
0.073204
0.000003
0.642649
0.003941
0.001026
0.010345
0.012975
0.000234
0.039541
0.003426
0.276720
0.079047
0.001469
0.000300
0.002768
0.000092
0.000018
0.052349
0.151796
0.003614
0.000222
0.000151
0.076758
0.000421
0.099756
0.035925
0.219317
0.000872
0.067250
0.010506
0.000651
0.000078
0.015239
0.015753
0.018233
0.000327
0.003263
0.000597
0.169445
0.209950
0.029538
0.000697
0.003744
0.137081
0.000113
0.000973
0.018851
0.001083
0.000249
0.018547
0.159490
0.142217
0.018388
0.035194
0.023366
0.016154
0.007095
0.007016
0.000211
0.078459
0.014255
0.608697
0.007662
0.115452
0.037667
0.000936
0.326143
0.092393
0.026794
0.000438
0.001171
0.000482
0.170513
0.010981
0.025947
0.012301
0.000709
0.294037
0.000878
0.268398
0.058877
0.005688
0.508605
0.045906
0.000029
0.000098
0.035870
0.002487
0.000945
0.003430
0.005411
0.000023
0.029130
0.000545
0.120214
0.001187
0.000002
0.717502
0.033706
0.009708
0.028516
0.000262
0.015969
0.033722
0.001006
0.043542
0.000665
0.016019
0.004697
0.000037
0.000041
0.238237
0.005004
0.011198
0.000797
0.009310
0.117202
0.047049
0.000929
0.027724
0.024214
0.051087
0.007180
0.007769
0.039082
0.176430
0.092598
0.008981
0.000027
0.000559
0.025277
0.008278
0.082751
0.013401
0.013178
0.000217
0.205918
0.064707
0.000119
0.012888
0.037256
0.052015
0.029990
0.334948
0.002706
0.000003
0.000193
0.042377
0.008749
0.090353
0.000045
0.000463
0.242581
0.015301
0.002628
0.071463
0.307514
0.000211
0.000401
0.000002
0.000290
0.000002
0.064756
0.000019
0.001893
0.007629
0.001942
0.001124
0.035513
0.037148
0.001358
0.005099
0.007484
0.003102
0.000810
0.037871
0.000245
0.172516
0.000584
0.086109
0.003540
0.002306
0.023546
0.112048
0.000046
0.640222
0.002483
0.188746
0.002477
0.006762
0.715831
0.000149
0.290941
0.015396
0.448796
0.025003
0.031207
0.582049
0.013822
0.002641
0.100658
0.000296
0.015920
0.188276
0.018671
0.041407
0.036549
0.306188
0.048961
0.000298
0.001323
0.203559
0.218334
0.000100
0.009457
0.019126
0.007580
0.076493
0.000234
0.000088
0.390121
0.004153
0.019948
0.006040
0.032650
0.004318
0.038621
0.237176
0.001725
0.000029
0.164692
0.001793
0.255678
0.000032
0.033990
0.001513
0.118417
0.001040
0.432735
0.081073
0.000273
0.000164
0.009575
0.000072
0.024679
0.062194
0.011788
0.440502
0.021980
0.000751
0.001879
0.001209
0.098064
0.192443
0.001437
0.000372
0.000003
0.000519
0.053369
0.000014
0.024485
0.030109
0.301894
0.000002
0.001070
0.029854
0.225750
0.055138
0.001097
0.004208
0.001556
0.117964
0.079984
0.005297
0.014425
0.121672
0.026210
0.004343
0.000010
0.053875
0.027189
0.003019
0.002368
0.161220
0.072882
0.001128
0.071788
0.004844
0.014272
0.070445
0.087988
0.059415
0.000224
0.001226
0.000082
0.011334
0.031299
0.000266
0.010619
0.000649
0.000016
0.103466
0.084749
0.000002
0.076193
0.052017
0.050982
0.025781
0.000686
0.006249
0.012595
0.006177
0.007843
0.007321
0.219789
0.044713
0.147271
0.023406
0.082435
0.006725
0.000308
0.372650
0.001728
0.061474
0.054701
0.041090
0.050311
0.047472
0.032920
0.010813
0.028938
0.072259
0.001945
0.003432
0.003168
0.376621
0.000020
0.279200
0.183436
0.000017
0.001901
0.000157
0.039449
0.212852
0.044858
0.000037
0.143299
0.004054
0.214857
0.049718
0.000004
0.141041
0.024623
0.029196
0.258328
0.002963
0.051680
0.149032
0.010546
0.009110
0.638039
0.206410
0.237090
0.049701
0.000121
0.040169
0.011821
0.003591
0.010388
0.000003
0.005481
0.017816
0.064388
0.000591
0.007684
0.000540
0.051045
0.003867
0.004509
0.002867
0.000733
0.011565
0.001013
0.009238
0.039762
0.038595
0.000283
0.004853
0.001652
0.018792
0.090477
0.002922
0.013578
0.000002
0.057142
0.000280
0.006012
0.041679
0.000002
0.110160
0.105876
0.048411
0.000080
0.003061
0.006042
0.001195
0.013024
0.001090
0.001123
0.001672
0.007381
0.002437
0.032467
0.005954
0.000381
0.088416
0.000110
0.001630
0.004800
0.000971
0.004618
0.107713
0.000039
0.060236
0.000033
0.002069
0.515744
0.429531
0.005953
0.108338
0.032141
0.049884
0.000008
0.000001
0.000003
0.030801
0.000840
0.084071
0.124478
0.005153
0.005025
0.025091
0.002593
0.036529
0.250565
0.006283
0.208112
0.012702
0.003808
0.034969
0.016796
0.001205
0.272492
0.004452
0.006331
0.150699
0.060635
0.000087
0.000401
0.005551
0.232405
0.000118
0.048286
0.107422
0.133613
0.010194
0.002042
0.045579
0.000707
0.063834
0.000290
0.248486
0.194875
0.122940
0.128807
0.000002
0.000328
0.042490
0.013198
0.001164
0.000672
0.007881
0.266058
0.003821
0.001352
0.019711
0.196683
0.089386
0.076454
0.008619
0.034655
0.224791
0.043547
0.002831
0.004412
0.230985
0.007155
0.004815
0.000734
0.306048
0.003138
0.000034
0.005855
0.014301
0.014068
0.001019
0.081223
0.030727
0.039742
0.000170
0.000071
0.004565
0.006153
0.000791
0.015547
0.030036
0.408915
0.030040
0.000538
0.000111
0.093306
0.507285
0.091394
0.160838
0.021940
0.001775
0.210413
0.001413
0.000400
0.000266
0.047370
0.210677
0.000004
0.080360
0.100347
0.018683
0.000960
0.006196
0.876111
0.076977
0.328641
0.000002
0.023606
0.175672
0.025979
0.006470
0.015304
0.409253
0.018804
0.000606
0.101486
0.041790
0.003813
0.000003
0.002369
0.012070
0.159337
0.171995
0.128684
0.000217
0.026133
0.004406
0.000527
0.000338
0.263584
0.039821
0.023750
0.000601
0.080490
0.096322
0.000270
0.000357
0.216949
0.000010
0.004672
0.002189
0.005160
0.012604
0.014447
0.003018
0.004165
0.045303
0.125628
0.189191
0.000075
0.208504
0.002948
0.073024
0.001469
0.030183
0.013618
0.050935
0.032645
0.005252
0.001346
0.016629
0.159312
0.009260
0.003857
0.000074
0.293710
0.240523
0.039978
0.010359
0.000245
0.002148
0.001814
0.009473
0.044418
0.013987
0.012344
0.045298
0.000562
0.001411
0.041116
0.000555
0.002762
0.036447
0.006608
0.015584
0.006709
0.000306
0.002333
0.054439
0.046407
0.009618
0.004265
0.023082
0.013120
0.004527
0.012990
0.000861
0.001857
0.010477
0.001558
0.003214
0.048722
0.068284
0.085020
0.006359
0.007813
0.000509
0.109853
0.025341
0.002143
0.000043
0.160173
0.010982
0.001493
0.019472
0.002938
0.000196
0.006049
0.030830
0.021104
0.000002
0.023777
0.037749
0.032650
0.001984
0.000007
0.002035
0.004198
0.122477
0.127983
0.032367
0.000615
0.010061
0.145715
0.002700
0.266669
0.000294
0.018999
0.077502
0.000033
0.000281
0.014979
0.069414
0.005616
0.587298
0.011595
0.007195
0.016214
0.145109
0.000585
0.092377
0.005909
0.000009
0.020292
0.000910
0.000193
0.056929
0.309068
0.023669
0.006377
0.002340
0.048113
0.013100
0.134190
0.017918
0.203702
0.051166
0.004993
0.011721
0.078375
0.000002
0.107730
0.088491
0.034346
0.000916
0.000642
0.140553
0.113387
0.002331
0.000039
0.010257
0.009819
0.000002
0.004047
0.002433
0.075286
0.016716
0.000119
0.038319
0.147644
0.022359
0.013236
0.000990
0.009506
0.145021
0.635152
0.011750
0.005998
0.075433
0.003442
0.013459
0.001362
0.449977
0.352518
0.063772
0.069469
0.422293
0.004390
0.001489
0.009539
0.049394
0.108414
0.252475
0.000525
0.003904
0.061296
0.571235
0.067367
0.000326
0.000556
0.027374
0.004120
0.000115
0.005012
0.000147
0.021771
0.184289
0.000037
0.002440
0.009160
0.106481
0.000864
0.002207
0.005783
0.002071
0.000006
0.043339
0.004809
0.002656
0.002500
0.570175
0.000600
0.355618
0.113416
0.069441
0.058562
0.011824
0.807217
0.390946
0.000011
0.024486
0.058829
0.141866
0.077735
0.000257
0.009810
0.000154
0.044768
0.018562
0.000188
0.016705
0.000013
0.011222
0.000007
0.000755
0.030638
0.019287
0.002161
0.475624
0.003255
0.002432
0.000353
0.037016
0.067115
0.567608
0.002585
0.007320
0.002636
0.006336
0.000004
0.000583
0.145858
0.008593
0.021176
0.051268
0.228874
0.002136
0.039871
0.001654
0.088324
0.004549
0.117921
0.019461
0.001838
0.001807
0.012415
0.097979
0.174870
0.023140
0.000503
0.005947
0.058767
0.000246
0.011437
0.006425
0.000104
0.001813
0.124385
0.003429
0.002602
0.072019
0.170848
0.016165
0.000337
0.011559
0.003654
0.000024
0.000143
0.036034
0.001161
0.000020
0.001831
0.008090
0.000395
0.004176
0.198815
0.000075
0.027866
0.000007
0.002081
0.000119
0.000053
0.004434
0.217604
0.021606
0.083526
0.000262
0.000011
0.007364
0.047433
0.042460
0.000540
0.012365
0.036377
0.000005
0.019514
0.065492
0.009903
0.012007
0.000182
0.000091
0.000146
0.035645
0.000016
0.103863
0.171779
0.034385
0.000359
0.105863
0.002225
0.001676
0.006147
0.000597
0.018582
0.027570
0.005068
0.076405
0.000139
0.006114
0.000438
0.060763
0.014628
0.000847
0.071987
0.000177
0.511873
0.000502
0.000068
0.000323
0.414690
0.005024
0.147673
0.000057
0.004985
0.397043
0.008950
0.000002
0.001593
0.023987
0.172332
0.000567
0.145100
0.059430
0.000842
0.001230
0.000394
0.002176
0.007423
0.169397
0.013845
0.170253
0.066966
0.003544
0.080149
0.120031
0.007567
0.357407
0.033317
0.000209
0.019936
0.117051
0.042031
0.000003
0.000578
0.055566
0.018276
0.000434
0.019423
0.000938
0.011064
0.075296
0.000050
0.012198
0.064975
0.004032
0.000008
0.000086
0.382804
0.029168
0.010031
0.000319
0.009458
0.017005
0.001834
0.155762
0.000196
0.000842
0.150054
0.032825
0.039004
0.021102
0.000535
0.652522
0.001842
0.038055
0.000263
0.259284
0.001925
0.006893
0.009581
0.002042
0.191297
0.002065
0.000706
0.008123
0.004479
0.003125
0.136280
0.000087
0.151338
0.241170
0.036793
0.043174
0.000406
0.662950
0.024434
0.168454
0.004681
0.000129
0.003909
0.090417
0.024442
0.001059
0.000682
0.016725
0.002814
0.024073
0.000045
0.007550
0.000009
0.008189
0.235975
0.147820
0.055050
0.048919
0.001499
0.000060
0.055147
0.000444
0.164709
0.000016
0.026096
0.041443
0.004211
0.086943
0.000019
0.000071
0.003182
0.000751
0.217599
0.004457
0.003334
0.001474
0.000598
0.298621
0.000030
0.043859
0.016736
0.063042
0.000751
0.054020
0.030735
0.000083
0.008027
0.026925
0.015649
0.001719
0.001029
0.003594
0.053779
0.000062
0.002184
0.088325
0.029267
0.030883
0.082013
0.002616
0.010166
0.011067
0.054421
0.008226
0.031311
0.000128
0.006312
0.000004
0.002168
0.000035
0.008272
0.017731
0.000468
0.000806
0.000010
0.057482
0.014521
0.001314
0.000188
0.006359
0.509945
0.004814
0.038820
0.051830
0.000481
0.006110
0.776825
0.004979
0.003646
0.004908
0.000163
0.004943
0.045161
0.009180
0.065872
0.000283
0.000381
0.080374
0.001005
0.002321
0.088689
0.046982
0.000013
0.060163
0.014667
0.000310
0.023896
0.001610
0.065299
0.012418
0.035827
0.022533
0.007505
0.003744
0.010640
0.000031
0.000036
0.021518
0.001138
0.019392
0.172730
0.181412
0.000114
0.004472
0.362471
0.003369
0.000023
0.031570
0.076651
0.001813
0.031139
0.002848
0.001863
0.017162
0.018939
0.111471
0.001800
0.005193
0.005096
0.315808
0.006138
0.015069
0.041154
0.148398
0.313376
0.021812
0.031602
0.000927
0.003487
0.041384
0.002556
0.000374
0.007637
0.118406
0.002522
0.000952
0.006467
0.001636
0.001525
0.000844
0.000049
0.001300
0.000066
0.003147
0.000368
0.005353
0.002107
0.263751
0.000037
0.057960
0.006556
0.056486
0.018887
0.007346
0.000954
0.026226
0.001568
0.000261
0.100785
0.000060
0.050130
0.001693
0.023878
0.000898
0.154223
0.009296
0.080423
0.041985
0.093167
0.000070
0.141394
0.000309
0.000268
0.058650
0.007494
0.000040
0.000095
0.000022
0.168711
0.097849
0.023310
0.030364
0.000245
0.016765
0.373395
0.001514
0.047765
0.003283
0.007345
0.073096
0.000032
0.606259
0.503028
0.021054
0.001774
0.002085
0.120350
0.005645
0.034691
0.002084
0.000005
0.078193
0.000073
0.154073
0.002271
0.000179
0.000059
0.021050
0.021719
0.029094
0.034137
0.290446
0.003106
0.020254
0.020437
0.001297
0.000238
0.053705
0.000334
0.004200
0.004115
0.000154
0.012705
0.053395
0.004567
0.046784
0.004748
0.000597
0.000029
0.000150
0.010331
0.016291
0.001403
0.013323
0.001625
0.091638
0.000961
0.000078
0.007245
0.072367
0.091008
0.093900
0.000193
0.061772
0.001521
0.023060
0.000232
0.015632
0.121793
0.002724
0.138385
0.005293
0.092322
0.194818
0.004596
0.006897
0.006860
0.000714
0.031768
0.000593
0.052766
0.003991
0.024910
0.084243
0.026017
0.006709
0.017882
0.000682
0.174983
0.056794
0.013568
0.004453
0.040617
0.000776
0.002106
0.027536
0.000002
0.009021
0.067543
0.013863
0.000042
0.044662
0.037685
0.015332
0.043302
0.015376
0.263779
0.001261
0.046756
0.006148
0.185929
0.000331
0.000991
0.020805
0.000002
0.000941
0.000750
0.007792
0.063120
0.225242
0.001676
0.000776
0.000420
0.054312
0.040671
0.000639
0.005847
0.068509
0.016265
0.020705
0.001652
0.058347
0.004619
0.218061
0.082905
0.187071
0.032273
0.000224
0.005992
0.865021
0.002372
0.030753
0.000047
0.001329
0.134458
0.051362
0.129475
0.224923
0.001544
0.040858
0.025036
0.202649
0.251989
0.000269
0.000017
0.027816
0.005730
0.064701
0.003261
0.026522
0.033681
0.002747
0.000020
0.020244
0.007713
0.009846
0.055761
0.000029
0.001705
0.022544
0.115379
0.011221
0.182589
0.002649
0.005515
0.224928
0.081326
0.011254
0.006056
0.401744
0.260828
0.006280
0.258689
0.111589
0.041119
0.000026
0.002507
0.141513
0.015467
0.000209
0.120738
0.000061
0.458823
0.022825
0.000064
0.000373
0.066443
0.024163
0.016546
0.157217
0.003820
0.015150
0.035964
0.005362
0.171879
0.008858
0.000018
0.002932
0.191025
0.002526
0.049294
0.062334
0.000409
0.054707
0.015433
0.526236
0.005377
0.004927
0.022891
0.025455
0.008849
0.000349
0.002294
0.008506
0.044260
0.141428
0.056250
0.001675
0.647012
0.126672
0.021429
0.000077
0.022054
0.016714
0.000005
0.167778
0.005467
0.043447
0.021265
0.010898
0.020580
0.000015
0.007745
0.000185
0.285286
0.238155
0.072880
0.242989
0.094587
0.019929
0.004472
0.008777
0.000289
0.001552
0.014442
0.024164
0.000055
0.204846
0.000369
0.003583
0.004758
0.264668
0.090362
0.000002
0.576399
0.000290
0.051205
0.019793
0.015834
0.001786
0.028904
0.015369
0.063416
0.045962
0.000300
0.103070
0.013968
0.024349
0.012119
0.002312
0.001184
0.000813
0.032797
0.007826
0.001930
0.062300
0.000142
0.032766
0.117796
0.008669
0.027235
0.013046
0.100416
0.023771
0.026697
0.014378
0.000023
0.013775
0.201399
0.004887
0.012966
0.000081
0.012246
0.008265
0.000079
0.043852
0.123906
0.097354
0.010623
0.084784
0.016489
0.001535
0.001907
0.530181
0.071471
0.035976
0.058484
0.000002
0.069605
0.001647
0.162961
0.002795
0.067318
0.029541
0.046439
0.004781
0.011274
0.458135
0.005411
0.000124
0.001720
0.007404
0.000521
0.000001
0.432264
0.174454
0.008010
0.056675
0.000450
0.055790
0.002191
0.002008
0.173575
0.000018
0.003970
0.027977
0.000020
0.002970
0.012526
0.008827
0.008398
0.501414
0.000447
0.000045
0.902272
0.049081
0.013119
0.006780
0.116575
0.000035
0.111229
0.334349
0.000002
0.008629
0.003899
0.014175
0.032998
0.000562
0.002325
0.000220
0.005950
0.042548
0.114959
0.018058
0.020090
0.000288
0.054136
0.075040
0.111356
0.054081
0.046284
0.004085
0.000087
0.004780
0.000899
0.012550
0.186431
0.021988
0.006463
0.001462
0.000264
0.041737
0.064532
0.034165
0.037992
0.000402
0.044248
0.043799
0.126520
0.033735
0.014605
0.048011
0.000056
0.152114
0.053330
0.097592
0.001584
0.023604
0.045373
0.256927
0.004816
0.000663
0.129387
0.005064
0.007819
0.030795
0.013752
0.573409
0.015291
0.000780
0.000109
0.027667
0.795474
0.004811
0.345724
0.067176
0.004048
0.139377
0.011461
0.041071
0.002966
0.220645
0.042868
0.330510
0.000288
0.000347
0.000868
0.005770
0.015198
0.001215
0.183833
0.089068
0.001022
0.217114
0.001781
0.000478
0.213804
0.198266
0.000002
0.317703
0.162463
0.001278
0.792736
0.009200
0.022820
0.024280
0.010192
0.000467
0.018536
0.002013
0.273222
0.125871
0.000010
0.001533
0.070363
0.016995
0.013706
0.078214
0.044242
0.015283
0.000007
0.014435
0.022245
0.003030
0.000828
0.000185
0.001964
0.000032
0.010192
0.002079
0.002518
0.000380
0.018997
0.031175
0.000612
0.288084
0.051040
0.000300
0.016989
0.019815
0.226116
0.000002
0.258606
0.000837
0.068541
0.002386
0.001166
0.023690
0.004756
0.402240
0.504008
0.000169
0.121371
0.000021
0.011709
0.191905
0.001158
0.001326
0.258326
0.000344
0.000086
0.228386
0.000074
0.000202
0.020277
0.026911
0.015360
0.001316
0.047270
0.084134
0.000394
0.007446
0.141964
0.009447
0.112958
0.588148
0.649226
0.006409
0.000868
0.000339
0.009839
0.059284
0.074982
0.004473
0.272373
0.000110
0.060167
0.049164
0.002036
0.000346
0.002388
0.016019
0.217412
0.036032
0.114281
0.003451
0.000014
0.000583
0.011386
0.022643
0.018325
0.007188
0.000008
0.022329
0.003699
0.094200
0.137161
0.071295
0.000002
0.002007
0.000820
0.232567
0.000428
0.137792
0.006853
0.023834
0.027822
0.066973
0.238952
0.001079
0.030058
0.047143
0.183180
0.088023
0.016809
0.000012
0.003671
0.000969
0.013615
0.000807
0.000087
0.000630
0.000560
0.017634
0.009562
0.000100
0.001852
0.000043
0.000065
0.001555
0.001983
0.144071
0.000205
0.014972
0.204086
0.057028
0.000056
0.000057
0.038862
0.014227
0.012120
0.002751
0.017577
0.208144
0.005401
0.200720
0.018228
0.013063
0.000104
0.027565
0.000056
0.112543
0.168383
0.002388
0.007585
0.000803
0.004296
0.023430
0.014566
0.012861
0.115378
0.006344
0.005531
0.001080
0.009449
0.053673
0.365014
0.008859
0.097395
0.025294
0.003145
0.008398
0.032193
0.004214
0.281793
0.000613
0.000486
0.778767
0.001111
0.010715
0.252675
0.002449
0.003913
0.000334
0.009811
0.286048
0.047448
0.006030
0.013143
0.158393
0.000172
0.000545
0.263677
0.053869
0.007265
0.000037
0.000784
0.119584
0.032068
0.001941
0.116031
0.084015
0.001089
0.050364
0.011986
0.000006
0.121780
0.098589
0.000004
0.002918
0.003775
0.002006
0.044794
0.002728
0.001127
0.004373
0.000438
0.038839
0.076503
0.003228
0.000075
0.010776
0.012840
0.035217
0.000696
0.209046
0.054710
0.059910
0.026370
0.090240
0.000011
0.000003
0.000025
0.070042
0.019632
0.016923
0.046771
0.036542
0.023230
0.047103
0.171596
0.003166
0.013279
0.042679
0.017981
0.000028
0.000211
0.021391
0.015734
0.094042
0.000246
0.094213
0.008337
0.006100
0.000138
0.025886
0.033153
0.139283
0.383907
0.000110
0.015899
0.005267
0.123335
0.000027
0.150300
0.001297
0.009976
0.009004
0.040144
0.039557
0.001622
0.038031
0.258131
0.013628
0.000473
0.082060
0.000098
0.059257
0.052050
0.259127
0.111295
0.005361
0.000020
0.132677
0.050921
0.001248
0.002338
0.442960
0.014329
0.001319
0.086611
0.080941
0.058428
0.000288
0.353356
0.023235
0.390931
0.004357
0.147553
0.001812
0.557784
0.139807
0.019170
0.363712
0.001720
0.044414
0.001513
0.000013
0.060636
0.096658
0.062340
0.006259
0.006493
0.000415
0.321464
0.014195
0.130311
0.122788
0.000014
0.000276
0.003737
0.001748
0.007514
0.007310
0.001675
0.017134
0.000124
0.033443
0.000907
0.066257
0.000003
0.000002
0.315723
0.000862
0.005580
0.229423
0.018020
0.111865
0.005473
0.002763
0.001108
0.014477
0.364791
0.027671
0.009716
0.043250
0.307712
0.191760
0.003368
0.000299
0.383493
0.000037
0.169895
0.000010
0.021118
0.000021
0.095987
0.081159
0.000030
0.025687
0.005529
0.004318
0.044452
0.000095
0.011908
0.000467
0.000018
0.011246
0.028736
0.024285
0.000154
0.001630
0.003597
0.011727
0.036894
0.000682
0.012850
0.417352
0.073209
0.202480
0.042546
0.000534
0.022202
0.060401
0.031165
0.068256
0.003650
0.000331
0.019171
0.005878
0.043069
0.000565
0.000179
0.015870
0.000081
0.000409
0.005029
0.064105
0.032286
0.000198
0.002476
0.092824
0.005789
0.000018
0.000178
0.145168
0.000096
0.000009
0.044969
0.014908
0.000281
0.044143
0.010827
0.000704
0.002992
0.385772
0.001100
0.091438
0.022014
0.003498
0.012405
0.009098
0.368193
0.005967
0.007459
0.000731
0.038405
0.212623
0.107845
0.015100
0.000004
0.000418
0.075407
0.000010
0.035397
0.000737
0.125861
0.100254
0.007929
0.014053
0.000243
0.001574
0.015056
0.030457
0.001709
0.147561
0.006894
0.053496
0.087539
0.001000
0.122633
0.000119
0.300150
0.042255
0.000368
0.138157
0.002859
0.003760
0.003633
0.000015
0.065167
0.359850
0.008488
0.517282
0.000850
0.456354
0.000635
0.010360
0.000004
0.050534
0.343674
0.065936
0.008348
0.207135
0.182052
0.000275
0.006607
0.286537
0.030922
0.001848
0.000857
0.000019
0.003168
0.001210
0.045027
0.324214
0.000208
0.000171
0.024975
0.001720
0.457676
0.296777
0.063908
0.589923
0.004989
0.000174
0.009251
0.082372
0.162074
0.000002
0.090666
0.106930
0.015559
0.003311
0.012140
0.040463
0.004717
0.000104
0.003707
0.000253
0.023049
0.043850
0.002672
0.015678
0.000007
0.001744
0.000939
0.001505
0.000097
0.001278
0.000328
0.700481
0.043913
0.190608
0.006368
0.078156
0.038509
0.009299
0.009060
0.004995
0.005274
0.000160
0.102037
0.001750
0.002202
0.037792
0.002141
0.000443
0.021631
0.007160
0.000051
0.114199
0.015934
0.008435
0.483944
0.000764
0.045473
0.002134
0.000043
0.105730
0.000028
0.016617
0.001105
0.045155
0.000131
0.188073
0.000341
0.009023
0.005161
0.099688
0.068637
0.000775
0.000870
0.008992
0.060036
0.000003
0.004963
0.006739
0.009957
0.015570
0.171955
0.016739
0.048067
0.001452
0.045299
0.138534
0.006585
0.048192
0.001858
0.007113
0.000315
0.000103
0.234938
0.145089
0.000003
0.055946
0.130781
0.000649
0.010078
0.000006
0.119420
0.001306
0.011528
0.000013
0.039198
0.000008
0.000211
0.000066
0.076557
0.000173
0.088238
0.033930
0.001148
0.000071
0.093325
0.000050
0.279490
0.014775
0.143188
0.000036
0.000375
0.009450
0.000009
0.385459
0.057289
0.000452
0.000120
0.511617
0.213833
0.099447
0.001443
0.001040
0.013037
0.167363
0.006461
0.006618
0.012388
0.150270
0.008314
0.009223
0.012603
0.081859
0.000586
0.014068
0.000309
0.112336
0.002199
0.213760
0.000046
0.000002
0.121981
0.000053
0.013425
0.037820
0.315100
0.008621
0.007912
0.002690
0.063517
0.186061
0.001980
0.012127
0.000012
0.001615
0.224375
0.029899
0.025901
0.000181
0.086179
0.011800
0.002441
0.000759
0.013287
0.003549
0.015403
0.000390
0.008792
0.005388
0.001781
0.005725
0.197472
0.003217
0.016311
0.270202
0.000838
0.000561
0.003599
0.011788
0.192571
0.001367
0.552769
0.006856
0.000025
0.000129
0.000629
0.021831
0.034717
0.001772
0.317335
0.026659
0.063364
0.004303
0.000635
0.002796
0.031571
0.298512
0.120775
0.000049
0.000037
0.107295
0.000449
0.000087
0.012740
0.093115
0.125553
0.178112
0.027091
0.320505
0.085338
0.088041
0.107000
0.000018
0.038999
0.355389
0.041773
0.000047
0.000053
0.001453
0.024933
0.038120
0.197675
0.111596
0.235643
0.007535
0.003765
0.043479
0.002030
0.053865
0.030665
0.084797
0.004506
0.000125
0.009919
0.000001
0.083092
0.035534
0.000115
0.001120
0.001025
0.043810
0.004294
0.043016
0.008441
0.087288
0.046301
0.052261
0.031010
0.050916
0.001899
0.010443
0.000077
0.059440
0.035555
0.000015
0.097649
0.001633
0.015546
0.000503
0.290599
0.000260
0.000900
0.005624
0.013779
0.069842
0.011314
0.059355
0.048583
0.000875
0.000683
0.009542
0.003970
0.000153
0.023925
0.025867
0.013219
0.000178
0.044070
0.023085
0.115364
0.620218
0.012511
0.000698
0.003284
0.115332
0.020037
0.000331
0.001052
0.000829
0.000323
0.412799
0.166068
0.018318
0.000061
0.000329
0.000017
0.043211
0.001579
0.017071
0.085570
0.015507
0.000325
0.001423
0.000007
0.010640
0.000139
0.030401
0.000002
0.000082
0.004599
0.014370
0.068396
0.000194
0.014763
0.000016
0.071996
0.005161
0.003325
0.000501
0.020148
0.003052
0.028593
0.031840
0.009827
0.279650
0.059616
0.026627
0.013723
0.000702
0.000001
0.000004
0.000008
0.283076
0.013052
0.006201
0.140552
0.004699
0.000053
0.000027
0.012314
0.040354
0.000350
0.000344
0.026416
0.000003
0.001531
0.007123
0.000151
0.013630
0.002464
0.003487
0.083020
0.021970
0.000096
0.057408
0.001026
0.000945
0.002432
0.112147
0.000002
0.000249
0.037897
0.018909
0.000003
0.001481
0.017188
0.146149
0.020939
0.051260
0.017778
0.082996
0.347411
0.459303
0.003491
0.046645
0.018368
0.000047
0.010513
0.001457
0.015014
0.005872
0.004240
0.031469
0.016970
0.085230
0.001311
0.012525
0.007783
0.005468
0.012865
0.002049
0.081515
0.025408
0.006243
0.102284
0.166809
0.312218
0.000006
0.029349
0.045306
0.060071
0.119358
0.000085
0.000973
0.081142
0.006509
0.000355
0.050883
0.000002
0.000950
0.036683
0.005041
0.027765
0.000043
0.051542
0.011953
0.003530
0.041631
0.020411
0.260513
0.000423
0.002192
0.003197
0.008202
0.112043
0.000019
0.007811
0.357421
0.002587
0.038403
0.058665
0.003643
0.005784
0.059859
0.014304
0.137881
0.000781
0.068396
0.000252
0.002178
0.004375
0.217327
0.000075
0.493117
0.000223
0.022123
0.006585
0.356511
0.011121
0.028183
0.011230
0.000547
0.002644
0.011403
0.096605
0.023459
0.001162
0.000041
0.000039
0.064976
0.021410
0.425666
0.000157
0.004934
0.431927
0.024412
0.028015
0.014607
0.015192
0.012498
0.155188
0.003940
0.216248
0.091744
0.596734
0.004772
0.022764
0.031513
0.000043
0.004884
0.002927
0.015877
0.047633
0.233184
0.002432
0.000046
0.000002
0.080745
0.162373
0.000173
0.000009
0.003422
0.120116
0.126723
0.063052
0.004655
0.010411
0.103604
0.009907
0.007038
0.000252
0.012576
0.059825
0.000004
0.000066
0.030524
0.000513
0.001975
0.000559
0.008686
0.039595
0.000145
0.023696
0.004585
0.003766
0.032219
0.013302
0.000026
0.000561
0.002141
0.000040
0.000169
0.012285
0.003428
0.190144
0.101611
0.058043
0.339984
0.010545
0.004471
0.005766
0.009002
0.021800
0.051411
0.001480
0.065460
0.000730
0.021309
0.000037
0.002019
0.012149
0.000672
0.295881
0.085839
0.006888
0.161903
0.000186
0.138302
0.000164
0.005148
0.013482
0.001939
0.000695
0.243528
0.010393
0.017148
0.008865
0.019252
0.047303
0.000878
0.001148
0.004451
0.028786
0.090617
0.561055
0.202054
0.006878
0.014321
0.000824
0.276403
0.019047
0.000133
0.000156
0.245820
0.352496
0.000105
0.049789
0.018008
0.081727
0.146555
0.001098
0.151597
0.007641
0.145217
0.001886
0.869025
0.094500
0.131618
0.194864
0.463144
0.027382
0.024900
0.007699
0.011280
0.020564
0.016143
0.002289
0.073877
0.001535
0.004884
0.003844
0.000332
0.003200
0.056429
0.094652
0.090666
0.000221
0.111393
0.003139
0.070032
0.014569
0.000759
0.060823
0.000005
0.000014
0.023659
0.050951
0.021238
0.000212
0.000007
0.008005
0.000908
0.000989
0.569173
0.011506
0.021830
0.075440
0.155206
0.003887
0.000365
0.000020
0.007137
0.070843
0.063305
0.022180
0.405396
0.001490
0.000002
0.224010
0.000357
0.005848
0.106801
0.015434
0.003684
0.005343
0.091533
0.000039
0.345107
0.000002
0.005091
0.005890
0.083182
0.112578
0.000020
0.016119
0.005986
0.012948
0.027146
0.004127
0.001032
0.046818
0.075242
0.066244
0.421136
0.042933
0.098945
0.054605
0.280866
0.001039
0.025996
0.004912
0.008734
0.009894
0.126107
0.039276
0.002823
0.002215
0.006789
0.004420
0.000135
0.059355
0.204944
0.033838
0.053158
0.003854
0.000934
0.001395
0.000247
0.000082
0.000032
0.002381
0.024313
0.001384
0.003608
0.090276
0.002499
0.148122
0.002325
0.001136
0.009445
0.003341
0.009684
0.000101
0.019476
0.063703
0.015678
0.030822
0.062152
0.261716
0.000850
0.003042
0.423309
0.040537
0.141797
0.000209
0.020677
0.288081
0.020157
0.000623
0.068175
0.118418
0.033713
0.001664
0.001263
0.001887
0.021086
0.000002
0.000029
0.000679
0.014066
0.002148
0.001158
0.189014
0.437139
0.002360
0.036633
0.025399
0.000007
0.001168
0.000255
0.000354
0.007380
0.049076
0.034829
0.005191
0.003808
0.053046
0.000006
0.034842
0.008794
0.000021
0.040101
0.333699
0.012504
0.011241
0.000919
0.025033
0.033248
0.000612
0.349768
0.001000
0.004942
0.016589
0.000021
0.000617
0.000192
0.002835
0.002978
0.104746
0.029923
0.009106
0.107442
0.004432
0.002167
0.000003
0.008364
0.056441
0.189683
0.004901
0.019835
0.119845
0.008571
0.015253
0.004946
0.012018
0.001853
0.059255
0.005581
0.006913
0.066500
0.017669
0.088410
0.042643
0.090762
0.019013
0.000108
0.051521
0.024687
0.062202
0.000002
0.000007
0.000902
0.030399
0.024997
0.009371
0.000654
0.006540
0.226206
0.191368
0.259770
0.016701
0.085990
0.050379
0.010990
0.000253
0.003431
0.000290
0.088560
0.003743
0.006707
0.000428
0.013350
0.016552
0.036206
0.080603
0.015468
0.018149
0.014383
0.026449
0.001942
0.003417
0.251599
0.015457
0.142945
0.000522
0.011516
0.000027
0.083452
0.090076
0.366248
0.000902
0.156951
0.198604
0.001761
0.000492
0.000039
0.010800
0.024772
0.366065
0.054689
0.000317
0.009381
0.000423
0.012430
0.003994
0.010560
0.001948
0.003107
0.470751
0.208708
0.019571
0.007269
0.000156
0.030779
0.007238
0.063099
0.586878
0.062660
0.035442
0.000686
0.033016
0.070956
0.006188
0.092655
0.248747
0.010073
0.009607
0.000237
0.000865
0.006487
0.045358
0.202583
0.000338
0.858622
0.077716
0.000381
0.000942
0.058692
0.007142
0.755968
0.005376
0.019999
0.243095
0.002921
0.001360
0.000160
0.824815
0.000718
0.006595
0.000104
0.029676
0.000648
0.028096
0.013141
0.000185
0.003265
0.201629
0.147389
0.003168
0.398263
0.001591
0.677537
0.003566
0.032990
0.001076
0.146633
0.000041
0.008211
0.008914
0.012065
0.037756
0.001244
0.001250
0.001407
0.020817
0.081401
0.034235
0.129052
0.079336
0.002734
0.000111
0.035189
0.000169
0.072370
0.000130
0.033384
0.031810
0.003097
0.164873
0.018021
0.140853
0.000009
0.000138
0.250304
0.000024
0.000723
0.113397
0.010339
0.059467
0.143393
0.000096
0.040845
0.002355
0.000225
0.010191
0.000011
0.530259
0.138230
0.383524
0.000488
0.018834
0.008046
0.031005
0.029207
0.259279
0.000474
0.000555
0.093351
0.006028
0.009902
0.122028
0.000002
0.006608
0.054053
0.000165
0.012611
0.002577
0.001999
0.000907
0.016946
0.037690
0.040992
0.000007
0.005162
0.003440
0.141547
0.169344
0.013471
0.189785
0.005748
0.300746
0.072504
0.047807
0.000014
0.000470
0.027171
0.069827
0.002568
0.041015
0.023322
0.000478
0.003121
0.015772
0.018277
0.000117
0.265113
0.000498
0.013179
0.056809
0.016316
0.000822
0.000520
0.013232
0.003750
0.011533
0.031827
0.000289
0.005014
0.083844
0.145120
0.360068
0.000002
0.010187
0.000443
0.025664
0.000561
0.001247
0.000789
0.088156
0.064438
0.011193
0.016419
0.126399
0.040369
0.089275
0.027129
0.000002
0.000864
0.031853
0.758837
0.001406
0.000197
0.003924
0.180693
0.005501
0.000014
0.000642
0.000491
0.004112
0.000382
0.001735
0.011400
0.339147
0.053795
0.012031
0.000161
0.015772
0.005004
0.022598
0.001533
0.029820
0.413315
0.520009
0.013233
0.037348
0.016412
0.000133
0.008106
0.030081
0.016221
0.085848
0.000004
0.074713
0.184117
0.006114
0.000814
0.000310
0.002235
0.007347
0.001862
0.830899
0.041587
0.002016
0.236949
0.001247
0.042719
0.460577
0.087274
0.156465
0.000162
0.065922
0.002289
0.001179
0.024794
0.000033
0.002647
0.001748
0.047992
0.010932
0.001057
0.022531
0.017192
0.010044
0.000795
0.005133
0.014515
0.000765
0.050416
0.049901
0.000707
0.001130
0.011274
0.010812
0.016360
0.044003
0.054156
0.014267
0.010279
0.000745
0.009129
0.038793
0.602749
0.006626
0.299654
0.179977
0.018331
0.000117
0.089737
0.008782
0.000249
0.013811
0.000141
0.089094
0.039529
0.037799
0.000987
0.032618
0.022883
0.346500
0.013572
0.013422
0.003957
0.146451
0.442815
0.019091
0.039004
0.002896
0.014229
0.187696
0.012981
0.000799
0.016914
0.038225
0.005158
0.007085
0.009572
0.004050
0.003012
0.050296
0.241779
0.049202
0.787347
0.054046
0.016825
0.000087
0.014177
0.002725
0.090424
0.000071
0.114499
0.020699
0.000113
0.000002
0.081005
0.001547
0.122913
0.001356
0.122474
0.027004
0.033880
0.047252
0.005002
0.013233
0.024069
0.000322
0.104933
0.012675
0.093681
0.009041
0.032126
0.015674
0.131754
0.001692
0.037196
0.363092
0.200502
0.024951
0.000394
0.022087
0.012381
0.114952
0.018761
0.273033
0.000013
0.066626
0.001590
0.000112
0.036399
0.048896
0.504485
0.656545
0.000684
0.169078
0.019058
0.159166
0.153436
0.001328
0.009792
0.590026
0.010687
0.069956
0.118167
0.072713
0.414931
0.104482
0.005256
0.000022
0.009690
0.043770
0.000669
0.012722
0.003173
0.038054
0.096391
0.000005
0.000012
0.014017
0.000370
0.015133
0.000076
0.000081
0.249789
0.040754
0.000331
0.003346
0.000895
0.001020
0.069855
0.003757
0.066341
0.074041
0.024183
0.129310
0.000124
0.014170
0.057201
0.006134
0.000002
0.103038
0.053811
0.163940
0.000666
0.333526
0.003801
0.000121
0.000042
0.018036
0.002706
0.000014
0.041622
0.385337
0.079262
0.000006
0.005843
0.000580
0.069407
0.115092
0.068816
0.049835
0.002745
0.488544
0.014829
0.072194
0.131709
0.058079
0.002678
0.000130
0.105670
0.006074
0.020588
0.032078
0.363012
0.025775
0.006391
0.000027
0.000010
0.000411
0.020940
0.013879
0.013169
0.053779
0.006936
0.054811
0.000101
0.011039
0.043800
0.002009
0.007911
0.008277
0.000702
0.160794
0.003490
0.000007
0.080482
0.045019
0.032707
0.004552
0.171827
0.005871
0.003789
0.002416
0.000234
0.111116
0.001397
0.008629
0.013548
0.000005
0.000229
0.024323
0.010228
0.001899
0.002049
0.001904
0.109680
0.029351
0.000028
0.001476
0.094342
0.002401
0.003836
0.025959
0.001380
0.000458
0.027128
0.008200
0.094254
0.194189
0.031777
0.014291
0.012696
0.066157
0.004886
0.019093
0.002402
0.004728
0.208138
0.491407
0.000038
0.000572
0.515678
0.041922
0.002021
0.011405
0.007937
0.000028
0.031186
0.040512
0.131386
0.005104
0.000848
0.002536
0.010374
0.019200
0.000126
0.249666
0.000146
0.044444
0.098054
0.021531
0.003636
0.473021
0.029694
0.000331
0.011871
0.000279
0.000274
0.014590
0.010267
0.000034
0.000396
0.004556
0.012215
0.031703
0.026949
0.032416
0.014715
0.014756
0.001482
0.001790
0.007671
0.006566
0.000950
0.001229
0.086268
0.073575
0.000214
0.006311
0.077166
0.076073
0.737041
0.009756
0.005502
0.000582
0.036898
0.061589
0.000857
0.000077
0.019721
0.000099
0.049802
0.036885
0.000745
0.000408
0.000062
0.052432
0.003475
0.162096
0.004131
0.140675
0.001249
0.000364
0.014282
0.000107
0.207361
0.000349
0.008928
0.001142
0.000179
0.058407
0.003740
0.001825
0.154071
0.025542
0.288744
0.077296
0.061058
0.056645
0.034406
0.000425
0.009644
0.037257
0.058102
0.000003
0.793797
0.001715
0.000135
0.000245
0.189152
0.035828
0.001959
0.049573
0.000036
0.016486
0.352500
0.042276
0.030648
0.066563
0.001918
0.071349
0.029309
0.000482
0.000914
0.000014
0.001016
0.034732
0.001922
0.020178
0.000238
0.221029
0.010779
0.115062
0.023890
0.002208
0.015311
0.001925
0.013798
0.205564
0.049872
0.006932
0.000853
0.045370
0.014574
0.005390
0.094556
0.027745
0.000225
0.020194
0.048357
0.027647
0.004757
0.287210
0.230918
0.006227
0.002301
0.003924
0.096435
0.025402
0.007347
0.000020
0.024184
0.000030
0.400061
0.105387
0.000077
0.007207
0.001043
0.000864
0.008722
0.056856
0.000136
0.002480
0.001734
0.007139
0.000893
0.011397
0.000991
0.016282
0.085531
0.004141
0.047331
0.035843
0.465867
0.086217
0.001678
0.190059
0.002773
0.164018
0.004929
0.282796
0.004580
0.004867
0.015799
0.156903
0.000315
0.001592
0.000191
0.000017
0.675364
0.011827
0.002180
0.000822
0.050945
0.015849
0.575991
0.000608
0.045279
0.012275
0.000279
0.005038
0.000006
0.002430
0.000258
0.036185
0.006635
0.000266
0.010912
0.048823
0.000158
0.298821
0.002564
0.006779
0.000326
0.058598
0.050738
0.001624
0.014567
0.657828
0.026805
0.012680
0.000030
0.003598
0.011897
0.066131
0.000270
0.020868
0.000220
0.018866
0.003019
0.003991
0.002110
0.043699
0.178697
0.000452
0.058090
0.372344
0.015372
0.014859
0.072573
0.023942
0.000022
0.001544
0.075997
0.145681
0.004621
0.093134
0.009886
0.017556
0.000389
0.017349
0.030231
0.092601
0.111619
0.007876
0.000176
0.000606
0.132329
0.042478
0.002923
0.007767
0.000152
0.115478
0.044428
0.007816
0.108645
0.000161
0.388803
0.023930
0.000623
0.051046
0.021201
0.000629
0.069513
0.013177
0.053567
0.000002
0.021906
0.017812
0.000711
0.018976
0.008698
0.001056
0.000002
0.046628
0.000436
0.000161
0.008127
0.006860
0.021395
0.161157
0.046785
0.039175
0.000638
0.041262
0.029498
0.000809
0.001244
0.140335
0.134633
0.007851
0.004292
0.000002
0.022568
0.130832
0.010775
0.043165
0.005082
0.003922
0.006293
0.027207
0.014005
0.000037
0.000013
0.032842
0.034803
0.002256
0.026729
0.000276
0.029532
0.166276
0.233703
0.009160
0.036870
0.238907
0.021574
0.007563
0.036415
0.037395
0.001351
0.019450
0.009116
0.001471
0.006246
0.005322
0.296420
0.022345
0.004745
0.007853
0.003920
0.000064
0.080110
0.039088
0.002919
0.042409
0.000806
0.109408
0.265382
0.001058
0.101298
0.003221
0.251216
0.000003
0.054144
0.001348
0.016818
0.001315
0.030158
0.000038
0.003378
0.000906
0.019703
0.000117
0.012289
0.000030
0.000369
0.195830
0.002803
0.000224
0.000026
0.228187
0.002817
0.063855
0.016290
0.043060
0.062116
0.008480
0.000365
0.012801
0.508172
0.012233
0.035698
0.000002
0.008772
0.026329
0.019755
0.031063
0.016042
0.019051
0.116140
0.000341
0.032370
0.074080
0.023213
0.000595
0.031147
0.019691
0.000005
0.006929
0.002480
0.153427
0.034147
0.706065
0.037918
0.015810
0.316178
0.000332
0.535784
0.422305
0.003822
0.000258
0.000184
0.000144
0.000358
0.003630
0.011941
0.082247
0.000037
0.359147
0.018679
0.078547
0.026542
0.010281
0.023380
0.044429
0.004296
0.038109
0.003428
0.009234
0.226304
0.002668
0.000136
0.152879
0.016247
0.000025
0.057078
0.007703
0.000767
0.007244
0.055152
0.009982
0.039190
0.343536
0.000257
0.000126
0.037629
0.002108
0.630251
0.000191
0.122983
0.029187
0.617627
0.072366
0.022527
0.000585
0.000027
0.182916
0.044609
0.008666
0.041870
0.000151
0.000378
0.006303
0.001058
0.152228
0.000196
0.166460
0.089994
0.014974
0.162897
0.007206
0.000432
0.052195
0.000166
0.004568
0.054158
0.053362
0.012590
0.252309
0.000004
0.032927
0.015943
0.140316
0.236591
0.000584
0.016474
0.001676
0.004727
0.000010
0.008080
0.006758
0.000548
0.061661
0.001399
0.000003
0.060209
0.029152
0.583789
0.054181
0.154487
0.009103
0.471867
0.000269
0.000613
0.280378
0.058382
0.044391
0.081399
0.071111
0.007671
0.000025
0.003203
0.013505
0.117701
0.600102
0.011529
0.000770
0.001425
0.148153
0.489235
0.003598
0.020462
0.012028
0.024680
0.080073
0.175738
0.014244
0.000157
0.000214
0.001595
0.000090
0.000029
0.009181
0.033007
0.032703
0.000480
0.007051
0.003849
0.000317
0.198656
0.244534
0.000407
0.000456
0.067499
0.040276
0.014881
0.000912
0.003543
0.032454
0.000050
0.006397
0.010491
0.298280
0.000187
0.003725
0.068680
0.014075
0.002244
0.151034
0.000532
0.005380
0.003692
0.040928
0.002189
0.001883
0.103412
0.000975
0.070168
0.004965
0.003685
0.008236
0.059156
0.007373
0.033141
0.005520
0.042956
0.266706
0.504354
0.007617
0.048844
0.004629
0.003427
0.031228
0.000033
0.332442
0.051580
0.015812
0.000638
0.000109
0.026045
0.089477
0.044337
0.000956
0.004307
0.087752
0.005643
0.001945
0.029950
0.039948
0.001540
0.079333
0.013079
0.071820
0.000069
0.022741
0.008325
0.028239
0.000262
0.004158
0.202203
0.052147
0.000060
0.072754
0.065227
0.000044
0.121467
0.004901
0.001713
0.034309
0.001807
0.115993
0.002440
0.006291
0.000046
0.000215
0.049683
0.001814
0.019793
0.127633
0.001216
0.003291
0.014971
0.004278
0.030989
0.108938
0.055429
0.003337
0.023276
0.005094
0.000514
0.000002
0.002968
0.035690
0.010823
0.094051
0.002088
0.000576
0.508319
0.030967
0.015844
0.002926
0.008954
0.519313
0.077156
0.053344
0.033646
0.000275
0.238949
0.054434
0.012428
0.001443
0.003886
0.042275
0.021226
0.438534
0.053543
0.103131
0.101103
0.028633
0.000256
0.000927
0.001138
0.043364
0.010648
0.005298
0.012027
0.202272
0.001620
0.000060
0.004900
0.000016
0.043013
0.275450
0.187670
0.010751
0.006338
0.162877
0.006609
0.019657
0.019201
0.133392
0.011708
0.151984
0.000017
0.296762
0.025458
0.000957
0.023334
0.574453
0.000156
0.071120
0.000046
0.023701
0.001510
0.000366
0.134320
0.062267
0.000987
0.000061
0.015079
0.000316
0.000687
0.002672
0.071329
0.005148
0.029447
0.098141
0.000060
0.002650
0.000006
0.000102
0.561724
0.021475
0.010471
0.000009
0.000677
0.162033
0.075311
0.001762
0.016411
0.003266
0.000030
0.073141
0.017276
0.262489
0.068208
0.104168
0.032687
0.039058
0.058607
0.039991
0.002712
0.291092
0.182101
0.003441
0.003470
0.039638
0.002319
0.051474
0.004272
0.045337
0.001571
0.000893
0.007486
0.002046
0.001548
0.059135
