2527
1.765592
4
91
40
10
1
5047
1.000000
-0.696766
0.157377
0.028573
-0.943088
0.408505
-0.772921
0.187146
0.410236
0.525931
-0.086979
-0.901412
-0.159874
0.268435
-0.177345
0.718704
-0.991684
-0.340157
-0.706619
-0.612466
0.513035
0.512528
0.379665
0.913980
0.315292
-0.879609
0.284840
0.166990
-0.083748
-0.403241
0.410147
0.807189
0.304489
0.842098
-0.111538
-1.000000
0.886088
-0.221917
0.698828
-0.460969
-0.791245
-1.000000
0.712823
-0.735095
-0.363754
0.981085
-0.110996
-0.665887
0.277912
-0.260996
-0.320700
-0.707147
-0.917273
0.276443
0.280266
-0.858140
0.682113
0.834403
-0.850596
-0.383836
-0.942219
0.593879
0.731908
-0.787429
0.487582
-0.035641
0.911676
0.932902
-0.808998
0.078868
0.796780
0.542425
-0.854402
-0.893273
0.068680
0.780926
-0.032353
-0.840788
-0.950891
0.248955
0.305805
0.685325
-0.020709
0.675730
0.862844
-0.777514
-0.756275
-0.749893
0.888949
-0.503565
-0.718509
0.043338
-0.974738
0.599270
-0.810101
0.719860
0.105259
-0.409914
-0.942657
0.239212
0.508568
0.032739
-0.652004
-0.468368
-0.674939
-0.468111
-0.771543
-0.634277
0.513844
-0.058353
0.357666
-0.986767
-1.000000
-0.950679
1.000000
-0.341632
-0.567492
-0.300676
0.950086
-0.794215
-0.983348
-0.538059
-0.959390
0.925957
0.003093
0.645422
-0.474051
0.088209
-0.199075
-0.809762
-0.210138
0.080470
-0.197361
0.166812
0.107034
-0.243058
0.430885
-0.088191
0.482633
-0.617324
-0.059892
0.600217
0.931703
0.411803
0.317554
0.415663
0.445854
-0.692878
-0.871806
-1.000000
0.306668
0.482905
-0.676478
0.248690
0.158722
-0.502073
-0.817178
-0.624998
0.172967
0.020448
-0.628294
-0.005428
-0.646622
0.857244
0.249074
-0.966976
0.052968
-0.047959
0.717377
0.048064
-0.179690
-0.988644
-0.083858
0.873717
-0.273987
0.657834
0.474260
-0.202582
0.996256
-1.000000
-0.950658
-0.591972
0.685128
1.000000
0.390963
0.976256
-0.025640
0.573982
0.892581
-0.971435
0.664690
0.803468
0.311715
-0.572426
-0.657439
-0.074091
-0.185845
0.534629
-0.626199
-0.678837
-0.694628
-0.175313
-0.139797
0.637446
0.984964
0.520900
0.063321
-0.519376
0.855587
-0.917834
-0.373984
-0.651900
0.423870
-0.615003
-0.177555
-0.910707
-0.063251
-0.570025
-0.869525
-0.352237
0.699458
-0.264381
-0.782976
-0.484650
0.926613
-0.540303
-0.217105
1.000000
-0.081521
-0.043013
0.990714
-0.494576
0.498425
-0.716052
-0.556402
0.676178
-0.406816
-0.406887
0.872203
-0.868404
0.665637
-0.699691
-0.284850
0.898838
0.547102
0.356207
-0.828782
-0.927702
0.586439
0.101936
0.101276
0.847476
0.340998
-0.927311
0.802531
0.570512
0.210327
0.201862
-0.207715
-0.808849
-0.687409
1.000000
-0.261389
0.085294
-0.786309
0.532723
-0.642655
-0.927794
-0.980950
0.930790
-0.605443
-0.860574
0.250775
0.479560
-0.986864
0.512660
0.292595
0.758125
-0.400409
-0.283755
0.249439
-0.729524
0.397105
-0.727376
-0.580350
0.563123
0.419550
0.689416
-0.670534
0.198737
-0.940668
-0.800232
-0.789509
0.640103
-0.723072
-0.240459
-0.910352
0.712330
0.082731
0.439242
0.608465
0.265980
0.565482
-0.631934
0.272417
-0.202821
-0.177765
0.556216
0.387818
-0.536250
-0.958378
0.108709
0.350511
0.681583
0.688090
0.645501
0.522255
-0.590130
0.594006
0.637390
0.022904
0.748654
-0.030587
-0.322858
0.283142
0.178632
0.886208
0.837380
0.884700
-0.435744
0.180442
-0.442000
0.824431
0.791662
-0.985602
-0.769650
0.761169
0.167188
-0.806415
1.000000
0.428568
-0.356842
1.000000
-0.310982
0.486773
-0.593356
0.877389
-0.516488
-0.636649
0.873137
0.592868
-0.184581
-0.710625
0.572694
0.019954
-0.441257
-0.553066
0.227875
-0.078819
0.552185
-0.142268
0.967038
0.377362
0.849526
-0.577471
-0.232114
0.654454
-0.798310
0.108167
0.411045
-0.146881
0.272410
-0.131158
-0.206521
0.509641
1.000000
0.688472
0.041618
0.583472
-0.482046
0.715513
0.477289
-0.739290
0.733845
-0.938622
-0.001228
-0.299569
-0.627205
0.322415
0.347411
0.178423
-0.904367
0.040009
-1.000000
-0.363975
-0.895315
0.279403
-0.210272
0.327636
-0.680438
0.221434
0.576202
0.801183
0.045094
-0.655435
0.827992
-0.329509
-0.668944
-0.382759
-0.519129
-0.594825
-0.878878
-0.556303
1.000000
0.416380
-0.284122
-0.605752
0.371252
0.382942
-0.345827
-0.179361
-0.369355
0.796052
-0.819255
0.511481
0.157003
0.709163
0.986716
-0.917270
-0.650805
0.258042
0.485199
-0.928188
0.157350
-0.437647
0.073887
0.949827
0.465518
0.648197
-0.286702
-0.538885
-0.072764
-0.557548
0.904932
-0.399651
-0.155783
-0.119096
-0.133295
-0.760057
0.706386
-0.518645
0.507768
0.957971
-0.168543
-0.978587
0.331808
-0.600122
0.404349
0.622297
0.209574
-0.986633
-0.196377
-0.346240
-0.591449
-0.105896
0.882566
-0.197410
-0.720765
0.973132
0.638718
-0.025442
0.770460
-0.969491
0.968771
0.307316
0.368027
0.113561
-0.627535
0.452325
-0.112892
0.573701
0.124650
0.303771
0.496826
-0.547946
-0.983425
0.879107
-0.038599
-0.109064
-0.618139
0.517923
0.026957
0.001817
1.000000
-0.327361
0.584865
0.733157
-0.082198
0.098497
0.016378
0.642652
0.569257
-0.167075
0.535078
0.642814
-0.042655
0.516053
-0.961304
-0.105794
-0.241399
-0.397139
-0.210275
0.694967
-0.893465
-0.475677
-0.378772
0.745139
-0.879466
1.000000
0.489879
-0.623001
-0.853856
0.044729
-0.745242
-0.913143
-0.590567
-0.401165
-0.212369
0.224335
1.000000
-0.457235
0.397750
-0.498632
0.625809
-0.012457
0.663021
-0.859045
-1.000000
-0.836391
-0.783525
0.117339
0.897021
0.846049
-0.972702
0.402090
-0.908068
-0.346317
-0.728662
-0.108525
-0.064543
0.569111
0.741794
1.000000
-0.912327
-0.240614
-0.733466
-0.704505
0.834427
0.388979
-0.465359
-0.384096
-0.486168
-0.136415
-1.000000
-0.211012
-0.454947
0.240542
0.524001
-0.053518
0.053000
-0.400042
-0.295272
0.963040
-0.244770
0.220599
-0.153449
-0.173742
-1.000000
-0.162940
-0.798278
0.588856
0.031821
0.588249
-0.786109
-0.139522
1.000000
0.342256
-0.297253
0.833701
0.288507
0.984491
0.332608
-1.000000
-0.093778
0.603749
-0.972976
-0.047367
0.540525
0.570415
0.908109
0.488464
-0.244522
0.783350
0.516004
-0.536527
0.925058
-0.387340
0.262189
-0.619608
0.586182
-0.839951
0.246568
-0.691346
1.000000
-0.137544
0.393647
0.035012
0.471782
-0.000603
-0.852016
0.199063
0.469466
0.179558
-0.176187
-0.312193
-0.500462
0.083005
-0.322671
0.128180
0.490787
-0.394825
0.198891
0.774853
-0.041153
-0.845009
-0.965413
0.167447
-0.467061
0.955598
-0.257288
0.583985
-0.714115
0.859130
0.304962
0.721264
1.000000
0.020397
-0.921237
0.651238
-0.734307
-0.699470
-0.234655
0.308085
-0.167838
0.851895
-0.120519
-0.482578
-0.452692
0.535305
-0.022172
0.567904
0.386832
0.365618
0.442321
-0.568595
0.837501
0.722404
-0.769243
-0.472678
-0.470900
-0.789969
-0.859805
-0.017485
-0.526274
0.456965
0.601730
-0.281517
0.591849
0.170816
-0.692176
-0.286261
0.505637
-1.000000
-0.560896
-0.407036
0.137571
-0.743654
0.563212
-0.494690
-0.231463
0.856699
0.184778
0.385389
0.557297
-0.016012
1.000000
-0.935757
-0.395828
0.288403
-1.000000
0.128131
0.004273
0.950570
0.778895
-0.964373
0.332567
-0.317741
-0.405081
0.883861
0.889339
0.966606
0.676850
-0.456666
0.461671
-0.255959
0.125866
-0.514597
-0.138365
0.086070
-0.732069
0.541626
0.181490
-0.458283
0.719054
-0.647451
0.880752
-0.489242
-0.586008
0.383005
-0.978968
0.887393
0.409299
-0.717640
-0.779540
0.529554
0.007209
0.186620
0.264678
-0.546745
-0.676502
0.443572
0.114654
-0.042946
-0.794189
0.674709
-0.908807
-0.720005
0.603445
0.003905
-0.221660
-0.699776
0.609209
0.605555
0.928891
-0.064816
-0.996221
-0.555438
-0.374242
-0.930822
-0.587992
0.360961
0.307664
-0.342209
-0.858483
0.344856
0.901925
0.196079
-0.807458
-0.594236
-1.000000
0.093184
-0.131071
-0.840468
-0.235145
0.324075
-0.213013
-0.211945
-0.698953
-0.752942
-0.785423
-0.901346
0.011249
0.884149
0.174712
-0.810710
0.521530
-0.836717
0.355149
0.136795
0.696215
-0.134142
-0.945927
-0.370710
0.556979
-0.911198
0.549952
-0.489543
-0.559930
0.753732
0.590241
0.300609
0.003457
0.093191
-0.652079
-0.753509
-0.487165
-0.585166
-0.947260
0.139598
0.966670
-1.000000
0.567735
0.094254
0.979488
-0.449891
-0.022838
-0.538748
-0.931093
0.418775
0.872485
0.702225
-0.267511
-0.262339
-0.756196
-0.516496
0.826543
-0.364834
-0.189651
-0.069828
0.092135
-0.223192
-0.358913
0.797674
-0.301695
-0.604811
-0.091434
-0.546797
-1.000000
-0.876387
-0.427367
0.176766
-0.694696
-0.678327
0.094377
-0.505112
-0.685206
0.033295
0.922814
-0.911551
-0.443355
0.256772
-0.122051
0.364583
-1.000000
0.411400
-0.550335
0.902938
-0.040787
0.632402
0.720098
0.555315
0.086691
0.053433
1.000000
-0.362285
0.671262
0.522276
-0.055891
-0.249641
-0.661268
0.788401
-0.065942
-0.050836
0.596475
-0.759162
0.319358
0.655550
-0.754876
-0.536384
-0.188547
0.447196
-0.787488
0.302651
-0.337129
-0.522133
0.761308
-0.107581
0.361894
0.282346
0.395429
-0.541914
-0.931369
-0.015597
0.473123
0.979400
0.053443
0.050209
0.791706
-0.076856
0.318075
0.473656
-0.543913
-0.328817
0.027325
0.421006
1.000000
0.232792
0.861399
-0.419111
0.513434
0.528311
0.506032
0.576754
-0.466195
0.664155
0.928444
-0.910342
0.371628
-0.854713
0.981328
-0.251956
0.510019
-0.059457
-0.382557
0.459922
-0.139208
0.906368
0.349576
-0.544595
0.848299
-0.402834
0.050378
0.348783
0.898784
0.619000
0.503744
0.484948
0.458569
-0.822496
0.332193
-0.255819
0.938377
0.832624
0.123615
-0.235265
0.879699
-0.575102
-0.305935
-0.923639
0.734666
1.000000
-0.638999
0.892430
0.282589
-0.332181
-0.274467
1.000000
0.752196
-0.320037
-0.962316
0.725542
1.000000
0.717675
0.134214
-0.421169
-0.080849
0.293168
0.092881
1.000000
0.178460
0.040188
-0.792457
-0.410744
0.928870
0.734980
-0.735230
-0.391706
-0.970546
-0.766902
-0.085940
0.796911
-0.705371
0.154256
0.089945
-0.405424
0.397123
-0.756748
-0.607855
0.802902
-0.657634
0.435215
-0.362061
0.937688
0.622529
-0.443707
0.852643
-0.680210
-0.258407
-0.218283
0.980812
0.435004
-0.490018
0.837429
-1.000000
-0.649839
0.554951
-0.589546
-1.000000
-0.145263
-0.853061
0.036493
0.066524
-0.498019
-0.574768
-0.163601
-0.991782
-0.491612
0.438357
0.231733
-0.060844
0.232759
-0.861243
-0.059744
0.386562
0.856174
-0.158753
0.055555
-0.747372
0.981166
1.000000
0.028966
-0.206598
-0.437037
-0.585226
0.996600
0.507593
-1.000000
0.703476
0.228236
-0.515566
-0.758382
-0.601040
-0.619301
-0.538020
0.769899
0.064806
-1.000000
-0.133581
0.817981
0.107933
-0.671491
0.329301
-0.258750
-0.340457
0.297678
-1.000000
-0.797174
-0.762764
-0.359663
-0.109706
0.028713
-0.548122
-0.349635
0.043230
0.138669
0.368119
-0.842737
-0.602984
-0.859612
-0.807572
-0.325741
-0.891227
-0.634348
-0.973075
0.976481
0.649623
0.601068
-0.125607
-0.203446
-0.920714
-0.135268
-0.608973
-0.259587
0.125693
0.167673
-0.925480
0.341324
-0.702302
0.523257
0.724446
0.877532
0.821630
1.000000
0.066298
0.040152
-0.588300
-1.000000
0.677525
-0.443322
0.839786
0.102928
-0.141569
0.209717
-0.780567
-0.432222
-0.022115
1.000000
0.622909
-0.161634
0.988829
-0.913879
0.692610
0.274872
-0.351199
0.918618
0.259176
0.519923
-0.744717
-0.083315
-0.133115
0.674499
-0.711789
0.844070
0.587862
0.687170
0.833471
0.898187
-0.239403
-0.266872
-0.935009
-0.325778
-0.179882
0.741499
0.495717
0.804997
-0.632784
0.561798
0.327667
-0.224519
-0.100349
0.344571
0.490579
-0.693573
-0.122395
0.187079
-0.968200
0.307265
-0.393447
0.416960
-0.032280
0.739521
-0.076044
0.499000
0.827676
0.922606
0.003639
0.939383
-0.102074
0.538839
0.294028
0.314904
-0.357244
0.966334
0.174239
-0.779154
0.756571
0.422712
0.713747
0.010143
-0.880750
-0.813499
-0.518451
0.678521
-0.103279
0.552677
-0.437542
-0.234990
-0.551143
0.189254
0.734866
-0.844514
0.407740
0.996493
-0.929309
-0.741033
-0.888895
0.396813
-0.245344
0.758650
0.604321
-0.394081
-0.054155
0.853677
0.069949
0.805013
-0.770994
0.109432
-1.000000
0.375155
0.448806
0.939990
0.416457
-0.615832
-0.359207
0.035416
0.608838
-0.231813
-0.604591
-0.381379
-0.972864
0.889133
-0.128920
-0.226578
0.399182
0.594755
-0.961092
0.766866
-0.703194
-0.330647
0.397785
0.056020
0.405476
-0.282414
1.000000
-0.662257
0.195892
-0.363729
0.442594
-0.764544
0.286744
0.965313
0.509869
0.192115
-0.706870
-0.504125
0.907446
-0.041033
-0.549867
0.652985
-0.230541
-0.074150
-0.349568
0.533699
1.000000
0.415823
1.000000
0.018344
0.184360
-0.503918
0.928251
0.825370
0.347707
0.532340
0.657215
-0.365432
-0.023608
0.903744
-0.500180
-0.065900
0.064906
0.792689
0.480567
0.165681
-0.420638
-0.521026
0.469583
0.569944
0.881466
0.807013
0.709552
-0.280055
-0.427006
0.453969
0.165369
0.713795
0.106720
0.725411
0.330549
-0.661220
0.616078
-0.750505
-0.864106
0.949115
0.480478
-0.505668
-0.795386
-0.965232
-0.002848
-0.521948
0.247870
0.815738
0.265124
-0.330477
0.336350
-1.000000
0.055380
0.843140
-0.329929
-0.619806
0.447196
-0.941238
0.310762
0.297651
-0.377155
-0.709271
0.388500
-0.724162
-0.244817
0.480907
-0.333815
0.768962
-0.780731
-0.149925
0.304875
0.940914
0.905278
-0.324295
-0.017559
-0.323718
-0.118639
-0.045344
0.189701
-0.140942
-0.138471
0.224359
0.479416
0.660091
0.687617
-0.068532
0.654654
-0.769861
-0.768884
0.382149
-0.559484
0.564923
-1.000000
-0.196645
0.851889
0.137780
0.919091
0.866305
-0.567263
0.084585
-0.490646
-0.095449
-0.164122
-0.324572
0.744105
0.760989
-0.458184
-0.628108
-0.911546
0.575192
-0.896200
-0.518224
0.658995
-0.711618
0.328364
-0.976486
0.527092
-0.551574
-0.677213
0.709642
0.007626
-0.471271
0.478802
-0.706575
0.595028
-0.044974
0.093768
0.463614
0.223162
0.245778
0.502265
-0.482057
-0.168226
-0.678926
0.217761
-0.941428
-0.041077
-0.727244
0.096618
0.506432
-0.852410
0.058391
0.563319
-0.123142
-0.301582
0.029154
-0.567308
0.549618
0.012579
0.056284
0.898801
-0.992154
0.308646
0.092835
-0.205022
0.835775
-0.850497
-0.412514
-0.512795
-0.216078
0.694216
-0.004256
0.416557
0.224266
-0.476125
-0.017273
1.000000
0.712146
0.644948
0.051587
-0.562853
0.223900
0.401918
0.742959
-0.115398
-0.017683
0.609543
0.713498
-0.316339
0.694253
0.584973
0.660660
-0.436551
-0.354208
-0.280266
0.772790
-0.613777
-0.400036
-0.160289
0.977285
-0.118249
0.865493
0.141873
0.918495
0.330893
-0.336300
-0.438369
0.124090
0.402719
0.994849
0.082064
0.580693
0.597039
-0.095209
0.119780
-0.635990
0.138270
-0.118281
0.565810
0.245104
-0.932085
-0.471765
-0.303952
-0.315469
0.856214
-0.044937
-0.193796
0.500254
0.404743
0.398285
-1.000000
-0.820163
-0.555253
0.202642
1.000000
-0.638490
-0.409792
-0.469394
-0.637489
-0.857028
0.156292
0.808031
0.981544
0.757098
-0.733766
0.804698
0.849751
0.266272
0.733481
1.000000
0.902640
0.972235
-0.258472
0.539406
-0.148699
-0.869407
-0.790426
-0.098970
-0.042398
0.120261
-0.738055
-0.468676
0.818541
-0.802021
0.545507
0.273006
-0.248119
0.864886
-0.710720
-0.096538
0.697036
-0.835598
0.440736
-0.203213
-0.721052
1.000000
0.988710
-1.000000
-0.228244
-0.834456
-0.325191
0.207462
-0.870792
0.805179
0.059295
1.000000
0.435504
-0.975874
0.631453
1.000000
0.552917
-0.622107
-0.869511
-0.022068
0.076688
-0.556765
-0.920013
0.235004
0.389411
-0.318397
0.535125
0.786885
-0.061491
-0.528490
0.997880
0.245396
-0.636535
-0.603493
0.235115
-0.661851
-0.540962
-0.128220
-0.833338
-0.693256
-0.121597
0.102934
0.303893
0.946029
0.221804
0.054211
0.883259
0.538772
0.113184
0.673182
-0.475403
-1.000000
0.714944
0.162650
-0.721781
0.325038
0.350169
0.420122
0.696665
-0.247200
-0.061234
0.479823
0.860704
-0.859351
-0.276191
0.852570
-0.948465
0.301918
-0.584598
-0.514105
0.976393
-0.986782
1.000000
0.850409
0.971630
0.692612
0.773400
-0.364854
-0.130189
-0.082219
0.432867
-0.865624
-0.185350
-0.865813
-0.083835
-0.194988
-0.251866
-0.340018
-0.989652
0.322466
0.511635
0.989968
-0.088731
-0.784062
-0.230202
-0.734166
-0.757059
-0.523550
-0.703727
-0.207379
-0.675748
-0.754783
-0.271019
-0.372942
0.914448
0.939171
-0.599348
-0.585997
-0.814210
0.979153
-0.333255
0.513005
0.045926
-0.995660
-0.338817
-0.881974
-0.981931
0.737430
0.691234
-0.783901
0.468716
0.780424
-0.414112
0.444268
0.792399
-0.886692
-0.633195
0.216621
0.876757
-0.277516
-0.706042
0.735956
-0.376348
-0.851801
-0.819687
-0.574471
-0.261649
-0.324516
0.547415
0.235084
0.193023
-0.949399
0.131001
-0.219811
-0.611112
0.773404
-0.886304
0.354417
-0.239056
-0.249468
-0.628402
-0.847776
-0.037174
-0.319972
-0.577872
0.342153
0.532827
-0.242113
0.907108
0.734971
-0.292367
0.197980
-0.769839
-0.311906
0.982315
0.157876
0.578728
-0.702601
-0.805664
0.720310
0.753217
-0.138513
0.416257
-0.631356
-0.957803
0.408789
0.284247
0.156066
0.253729
0.716566
1.000000
-0.805850
-0.679246
0.992663
0.379661
0.083900
0.998116
-0.407900
-0.564974
0.042718
0.050623
0.664725
-0.414023
-0.775678
0.762133
0.469653
0.738700
0.201584
-0.303308
-0.304345
-0.542834
0.777312
0.012878
-0.105104
-0.756041
1.000000
0.946196
-0.854410
-0.913220
1.000000
0.919686
-0.406008
-0.935956
0.003007
-0.100798
-0.029301
0.102995
0.950596
-0.465500
0.217938
0.189642
0.323725
0.033056
0.209252
0.271022
-0.056936
-0.104067
-0.091019
0.692797
0.699851
0.946593
1.000000
-0.723558
-0.439881
0.892869
-0.418819
0.691227
-0.759976
-0.783126
0.375450
0.682072
-0.411833
-0.873928
-0.513528
-0.631262
0.475119
0.967103
-0.945476
0.907298
0.071750
0.299516
-0.829034
0.017084
0.839228
-0.465318
-0.116384
-0.833925
-0.587026
-0.488964
0.495169
-0.688103
-0.362010
0.761610
0.228058
0.937054
0.436592
0.598294
0.754300
-0.357190
-0.425068
0.885044
-0.948420
-0.692847
0.994457
0.389372
0.657313
0.196708
-0.167393
0.037851
-0.412446
-0.237683
-0.377759
-0.625684
0.395738
-0.837841
0.969136
1.000000
0.692501
0.374385
0.931098
0.200384
0.370276
0.292124
-0.877541
-0.150466
0.755594
0.281361
-0.195805
-0.703072
0.955413
-0.449984
0.593591
-0.489795
-0.516862
-0.906578
0.942329
-0.034065
0.872877
0.957669
0.557309
-0.891607
-0.979630
-0.717846
-0.310024
-0.602864
0.026242
-0.302796
0.427325
-0.163990
0.470536
-0.491914
-0.497317
-0.093820
0.260056
-0.143330
-0.349415
0.238454
-0.866537
-0.601009
-0.422507
0.653285
0.674023
0.622597
-0.996703
-0.776348
-0.826432
-0.819855
0.449406
-0.588690
-0.806393
-0.141085
-0.090732
-0.392346
0.339362
-0.591324
-0.419433
-0.271833
-0.018861
-0.754006
0.005371
-0.192775
-0.326101
1.000000
0.912979
-0.098363
0.873710
0.888149
0.549657
-0.327150
0.368655
-0.754704
0.085267
0.367181
-0.785241
-0.381995
-0.044866
1.000000
-0.180443
-0.959810
-0.769822
0.564124
-0.709029
-0.129843
-0.186167
0.265960
-0.845419
0.635923
0.476716
0.676706
-0.060796
-0.841698
-0.281842
0.594855
-0.712385
0.340821
-0.670755
0.144192
0.270604
0.517280
0.963519
0.291033
-0.631503
-0.331570
0.249079
0.941979
-0.443250
-0.341687
-0.408530
0.749955
0.690288
0.491555
0.480280
0.271832
0.348968
0.854459
0.488736
0.913038
-0.925476
0.446136
0.270819
0.664291
-0.873795
-0.232050
0.259441
-0.778572
0.923610
-0.121199
-0.862394
-0.702878
-0.755704
0.077188
-0.210128
-0.961332
-0.066992
0.552629
0.611726
-0.043719
0.301138
-0.939613
0.529204
0.569425
-0.823830
0.776273
-0.908688
0.005054
-0.668347
0.701475
-0.858889
-0.213540
0.024467
0.701902
0.228118
-0.752549
0.811129
0.180977
0.345513
0.119843
-0.447178
0.029528
0.286274
-1.000000
0.093313
-0.653637
-0.625546
-0.017728
-0.586457
0.707935
-0.738746
0.911634
0.448197
0.484655
-0.316248
-0.135173
-0.374337
-0.871750
-0.774993
-0.918354
-0.971346
-0.075486
-0.602689
0.563049
0.970508
0.281111
0.318354
-0.100154
0.655507
-0.489668
0.467596
1.000000
-0.673695
-0.094243
0.239482
0.274097
0.300731
-0.528307
0.889407
-0.964675
0.667223
0.972404
0.461988
0.595836
0.258290
0.347228
0.451714
-0.345366
0.798140
0.912076
-0.245101
0.771261
0.614704
0.852050
-0.571224
-0.586439
0.448068
0.123230
-0.782966
-0.088137
-0.108529
0.956464
-0.287757
-0.777321
-0.828063
0.711238
-0.516845
0.015838
0.700870
-0.497183
-1.000000
-0.300787
-0.013868
-0.034453
0.426712
0.168946
-0.004558
-0.215510
0.659077
-0.533231
1.000000
0.431840
0.130093
0.450580
-0.114674
-0.104032
0.580243
-0.231582
0.533701
-0.946855
0.734812
0.822740
-0.688494
0.945287
-0.036400
-0.956133
0.386402
0.366995
0.313554
-0.046450
0.360931
0.267144
0.750021
0.403042
0.002012
0.480714
-0.465490
-0.222124
0.943918
-0.773621
-0.537755
-0.831120
0.994598
-0.530347
0.371518
0.331420
0.927581
0.748187
0.818156
-0.693562
-0.486244
0.874212
0.751153
0.422658
-0.592181
0.981722
0.238702
0.146918
0.048456
-0.944790
-0.461755
-0.584349
-0.493261
-0.425676
0.978171
0.015078
0.240597
-0.163748
0.806687
0.338794
0.826050
0.403530
0.480603
-0.447367
-0.462035
-0.292572
-0.579022
-0.756481
-0.176654
-0.423558
0.097939
0.457095
-0.326221
0.108702
-0.481066
0.701797
-0.635911
0.536162
0.114564
0.264778
-0.875033
-0.403606
0.370567
0.906815
-0.730012
0.898058
0.452371
0.069428
0.940413
0.572260
0.979969
0.310857
0.986134
0.085349
-0.246762
-0.225345
-1.000000
0.904584
0.372640
-0.924247
0.798521
0.243722
-0.171015
0.847128
0.904643
-0.175239
-0.155565
0.194762
0.647288
-0.469399
-0.019454
0.551086
-0.486966
-0.505718
1.000000
-0.421186
0.899530
0.681005
-0.742818
0.487856
0.135761
0.394101
0.426822
0.283949
-0.422844
0.780623
0.238928
0.511734
0.148179
0.973410
0.962612
0.491182
0.605866
-0.929631
0.908131
-0.573901
-0.042160
-0.042455
-0.400713
0.754241
-0.982169
1.000000
-0.473314
-0.601106
-0.682348
-0.176235
0.573427
-0.096609
-0.389986
0.432962
0.275381
0.079866
-0.238613
-0.506083
-0.392281
0.077708
-0.330435
-0.959281
0.338449
0.672824
0.371859
-0.637811
0.650893
-0.636282
-0.374545
-0.503414
-0.384414
0.953186
0.141013
-0.153807
-0.964172
-0.133608
0.750128
0.215004
-0.163152
0.566449
-0.150617
-0.194776
0.232155
-0.764376
0.375047
0.498991
-0.041100
-0.032796
-0.194267
0.484478
-0.407972
-0.498376
-0.829540
0.360514
-0.373532
-0.994292
-0.041833
0.168795
-0.563332
-0.596781
1.000000
-0.359593
-0.409227
-0.003855
-0.803009
0.420270
-0.516053
-0.375818
-0.077738
-0.165859
-0.885988
0.646416
-0.186931
-0.975751
-0.470481
0.666008
0.171321
-0.936465
0.196594
0.918082
0.459687
-0.495429
0.369350
0.944085
-0.496621
0.478166
-0.105989
0.727882
0.994056
0.983777
0.330470
0.461316
-0.503258
-0.599617
0.760501
0.501799
-0.698752
-0.060194
0.484810
-0.876086
0.004688
0.887179
0.908730
0.516240
0.090595
0.703332
-0.570384
-0.291891
-0.392645
0.199030
-0.589784
-0.454603
0.365684
0.601515
0.387782
-0.161372
-0.677098
-0.588234
-0.151205
-0.647396
-0.190326
0.835764
-0.885503
-1.000000
0.420095
0.326800
-0.250748
0.250760
0.408219
-0.202598
0.784094
0.122103
0.961831
-0.885018
0.979118
-0.168370
-0.139970
0.748315
-0.978928
0.751215
-0.512716
0.029320
0.675864
0.990416
0.691569
-1.000000
0.949950
-0.479440
0.146769
-0.463795
-0.891366
0.831149
0.333875
-0.457179
-0.083520
-0.267049
-0.110151
1.000000
-0.093966
0.706076
0.150943
0.262364
0.136665
0.236071
1.000000
0.028764
0.057175
-0.285028
-0.560522
0.273515
-0.653104
0.430366
-0.231984
-0.521172
-0.366409
0.132580
0.793910
-0.058834
0.691592
-0.686734
0.319958
0.982813
-0.217860
-0.269176
-0.555532
0.554210
-0.364922
-0.836245
-0.634504
0.718079
-0.408357
0.629220
0.240211
0.142479
0.967113
0.209341
0.469150
-0.815998
0.316797
-0.837011
0.468031
0.014909
0.610942
0.141594
-0.132463
-0.843999
0.211019
0.566299
0.864162
0.261632
-0.144437
-0.557741
0.147498
-0.461341
-0.416563
0.449313
-0.575684
0.283040
0.960295
-0.530519
-0.680045
-0.784042
0.501067
0.249329
-0.137203
-0.136675
-0.023707
-0.880295
-0.831836
0.924361
-0.068322
-0.513731
-0.628347
0.405473
-0.544399
0.473827
-0.258471
0.710387
-0.144925
0.693171
0.733466
0.734329
0.152089
0.026342
-0.871310
0.960792
-0.674484
0.975049
-0.642102
-0.352807
0.980236
-0.026675
0.347786
-0.891603
-0.587532
-1.000000
0.427338
-0.071056
0.292920
0.115712
-0.917818
-0.311469
0.958544
1.000000
-0.827354
0.501860
0.508857
-0.035759
-0.253171
0.637736
0.097282
-0.292007
0.627138
0.079938
-0.697573
-0.586194
-0.117536
-0.265207
0.858124
0.028301
0.569753
0.438618
0.410335
-0.038738
0.721857
-0.700120
-0.677594
0.534475
0.651978
-0.561650
0.118045
-0.777373
0.597157
-0.619298
-0.486860
0.574110
-0.670687
0.783647
-0.954317
0.252185
-0.573391
0.290136
1.000000
0.679376
-0.737217
0.518806
0.965664
-0.317300
0.006859
0.796668
-0.861147
-0.051812
0.267718
0.486918
0.496457
0.188491
-0.978533
-0.042375
0.489920
-0.805986
-0.947505
-0.611425
-0.652164
0.746929
-0.575772
0.630818
-0.022730
-0.305184
0.942436
-0.338292
1.000000
0.188811
-0.399213
0.288696
-0.939337
-0.103084
-0.783709
-0.854066
0.014956
-0.637101
-0.991549
0.249769
-0.809717
0.473414
-0.026154
0.731174
-0.881100
-0.624878
0.303231
0.993864
0.991169
0.935078
0.603406
0.530122
0.028791
-0.519802
0.698687
0.356834
-0.460268
-0.960412
0.523335
-0.748789
0.984114
-0.073570
0.264509
-0.575837
-0.986383
-0.219651
0.033420
0.139369
-0.359364
0.121602
0.390730
0.329394
-0.434196
-0.602981
-1.000000
0.542175
0.261002
-0.607282
0.708887
0.971148
-0.309846
0.010409
0.664618
-0.364034
0.782049
-0.110787
-0.726752
-0.365483
-0.517996
0.923313
0.286507
-0.755520
0.111711
0.005387
-0.274055
-0.540214
-0.894288
-0.194179
-0.334497
0.995598
-0.566893
0.714131
-0.147770
-0.515560
-1.000000
0.246215
-0.017768
-0.686046
0.669592
0.608072
0.031818
-0.497639
-0.647127
-0.081084
0.776866
0.666332
0.648407
-0.580013
0.582494
-0.057628
0.130876
0.879039
-0.120722
0.337675
0.932953
0.641097
0.679851
-0.287284
0.367917
0.330903
-0.363135
0.213935
0.636585
0.130784
0.749269
0.466397
0.235916
-0.668398
-0.823957
0.314572
0.443749
0.527804
-0.024896
0.129118
0.589129
0.105604
-0.182029
0.076188
-0.757242
0.292516
-0.513621
0.350098
0.886770
0.103733
-0.492962
0.643928
-0.193891
-0.518018
-0.181047
0.752451
-0.457015
-0.919801
0.939859
-0.712261
-0.155173
-0.323714
-0.380411
0.911568
0.500320
0.367207
-0.944133
0.961806
0.620346
-0.389568
0.074703
0.454544
0.231462
-0.848843
0.261176
0.326179
-0.080365
-0.398447
0.310375
-0.453107
0.971002
0.019165
-0.094400
-0.884842
-0.071889
-0.720418
-0.046252
-0.156053
-0.062927
0.121535
0.210965
0.212606
-0.304665
0.739961
0.372544
-0.737526
0.127747
-0.451315
-0.410332
0.233402
0.839392
-0.984482
0.936795
0.870006
0.362160
0.233598
0.735884
0.774277
-0.095113
0.956236
-0.482024
-0.760302
0.998916
-1.000000
-1.000000
1.000000
0.641354
0.156054
-0.455670
0.043768
-0.249460
0.317567
0.468014
-0.593620
0.137112
-0.033036
-0.827654
-0.757830
-0.652907
0.849268
0.397083
-0.365100
-0.616974
0.697985
0.679376
-0.342752
-0.957768
-0.210736
-0.576615
0.103122
-0.788457
-0.849971
0.618192
-0.965025
-0.231221
0.913793
-0.980712
-0.224637
-0.426788
0.680896
0.465959
-0.069091
-0.863623
1.000000
0.404175
-1.000000
0.486601
1.000000
-1.000000
-0.755488
-0.107574
-0.121973
0.884086
0.118627
-0.346912
0.433800
0.904113
-0.787561
-0.821656
0.764864
-0.234409
-0.668885
0.410070
0.458423
-0.174319
0.868275
0.351622
-0.967208
-0.154852
0.000305
-0.685238
-0.223921
0.345148
-0.562817
-0.148144
0.174766
0.775198
0.595025
-0.676376
-0.262025
0.434068
-0.848906
-0.718642
0.457992
-0.643185
0.919519
0.537701
-0.349320
0.953706
-0.929568
0.062143
-0.915518
-0.781720
-0.254806
0.178958
0.470663
-0.243621
-0.374625
-0.187097
0.876577
-0.603531
-0.131927
-0.026231
-0.943216
-0.848863
0.086577
0.214004
0.440088
0.967255
-0.525884
0.505914
-0.607935
0.799470
0.799375
-0.129821
-0.148959
-0.681592
0.101157
0.155145
-0.393051
-0.783314
-0.243456
0.390242
0.966335
0.265696
0.563178
-0.363285
0.360755
-0.675929
-0.848757
-0.400843
-0.034879
-0.027209
-0.367987
0.829842
0.942485
0.901679
0.175350
-0.492886
0.956506
0.058700
-0.590157
0.708369
0.493031
-0.045958
-0.213953
-0.872761
-0.030340
0.590622
0.653817
0.414162
-0.936452
-0.629603
0.383173
-0.114068
0.922810
0.368963
-0.958577
-0.231232
-0.895774
0.177187
-0.051022
-0.400989
0.145912
0.994693
0.885881
0.028058
-0.369510
-0.900464
1.000000
-0.314156
-0.005032
0.221968
0.984774
0.118297
-1.000000
0.747344
0.209939
-0.288275
-0.525794
-0.840418
0.716855
-0.046131
0.500025
0.075970
0.374714
0.473474
-0.962338
-0.704566
-0.144802
-0.215271
-0.907347
-1.000000
0.667828
0.299549
0.648122
-0.829099
0.214062
-0.264000
-0.614220
0.989062
-0.019798
0.667875
0.123532
0.560585
0.852877
0.059129
-0.030306
0.368179
-0.869447
-0.538373
0.976010
-0.049973
-0.808679
-0.245590
-0.549516
-0.364698
0.240930
-0.237894
0.687787
0.313910
-1.000000
0.938463
0.948665
0.302578
0.968092
-0.251624
0.990124
-0.429961
-0.686702
-0.733115
0.861400
-1.000000
0.192938
0.762320
-0.918018
0.140617
-0.811656
-0.099685
-0.317485
-0.724451
0.351150
0.391777
0.706300
-0.746839
0.472846
-0.022470
0.393427
0.405375
-0.282841
-0.922831
0.242144
0.048206
-0.143804
0.711641
0.377319
-0.895297
-0.741954
-0.056740
-0.389333
-0.610729
-0.283815
0.079828
0.756795
0.674245
-0.494838
-0.151808
-0.204160
-0.113401
0.231889
0.203382
0.749495
-0.545557
-0.392128
0.218106
-0.501861
-0.080396
0.175043
0.783165
-0.302287
-0.784403
0.744627
-0.088653
-0.724738
-0.320556
-0.010777
0.516383
0.376971
-0.053649
-1.000000
-0.752536
-1.000000
-0.334048
0.965556
-0.133005
0.177240
0.049750
-0.158681
-0.809544
-0.486314
-0.966454
-0.914542
-0.075247
0.233727
0.642856
0.202455
0.113286
1.000000
0.578884
0.954580
-0.498521
-0.382002
0.098672
-0.598929
-0.046992
-0.573894
0.486590
0.182713
0.609313
0.215598
0.284661
0.140662
0.478421
-0.929742
0.273923
-0.808906
0.421777
-0.631496
-0.333192
0.616612
-0.887996
-0.450860
-0.776479
0.355326
0.006539
-0.906066
-0.546665
-0.521775
-0.129003
-0.690497
-0.284444
0.261837
-0.567397
-0.177162
-0.442956
-0.902353
0.849435
0.104971
0.897284
0.462548
-0.334711
-0.260575
-0.113759
-0.975979
0.857169
1.000000
-0.835093
0.443150
-0.155652
-0.233972
0.537649
-0.280694
-0.283668
-0.661973
-0.344723
-0.364780
-0.671683
-0.060694
-0.393680
0.813527
0.494713
-0.609694
-0.594407
0.570782
1.000000
0.824905
-0.681167
0.302817
-0.696249
0.550424
-0.623422
-0.977453
-0.283885
0.488489
0.698578
0.648917
-0.043848
-0.152406
-0.965939
0.931689
-0.943161
1.000000
-0.393047
-0.196813
0.647931
0.318956
0.225140
-0.505437
0.775854
-0.758224
0.486377
-0.701906
-0.119621
0.453359
0.471033
-0.747023
-0.210178
0.497543
0.268990
0.780332
-0.371615
-0.203982
-0.167841
0.374610
-0.623111
-0.580146
0.516496
-1.000000
-0.582376
0.855196
-0.968086
0.821211
-0.384353
-0.652673
0.082939
-0.687025
-0.194024
0.864356
-0.998143
-0.135632
0.433340
-0.175913
-0.654966
0.408485
0.891477
-0.580676
0.765759
0.197486
-0.232450
0.438884
-0.466118
-0.380413
-0.577085
0.027301
-0.032676
0.638789
-0.735576
-0.717121
0.567318
-0.025328
-0.330811
0.217773
-0.368763
0.104233
0.157036
1.000000
0.676822
-0.017984
-0.730567
-0.097829
1.000000
0.321039
-0.039131
-0.500960
0.448577
-0.260790
-0.242201
0.438797
0.110066
0.481864
-0.636341
-0.743100
0.254150
-0.116609
-0.517465
-0.604467
-0.359660
-0.354025
-0.198234
-0.166654
0.391241
-0.201662
0.183414
-0.228382
-0.308658
0.752986
-0.627772
0.013417
0.850078
-0.531169
0.424478
-0.980360
0.734964
0.446309
-0.568711
-0.994995
0.333075
0.824072
0.595911
0.744943
-0.188861
0.040001
0.221327
0.464829
0.315732
-0.115789
-0.409663
0.723137
0.065315
-0.087205
0.025304
-0.856257
-0.146956
0.138735
0.450999
0.962369
-0.205077
-0.355046
-0.814691
-0.832502
-1.000000
0.936452
-0.181825
0.068960
-0.575399
0.723744
0.918042
0.752317
-0.035174
0.605676
0.231778
-0.718669
0.953638
-0.659758
-0.855913
-0.269891
-0.965737
0.076480
0.967109
-0.459253
-0.475924
0.227790
0.045560
0.306655
0.440048
0.047571
0.038081
-0.907748
0.297325
-0.763928
0.341680
-0.857232
0.052312
0.026717
0.837008
0.648990
-0.728632
0.792062
0.680945
0.624924
-0.044710
0.002237
0.812435
0.224792
0.433773
-0.218212
-0.492629
-0.454818
-0.545278
-0.638540
0.302023
-0.524029
-0.407882
-0.653523
-0.094835
0.666925
-0.855408
0.877509
-0.938341
-0.557861
-0.475704
0.768112
0.048953
-0.481533
-0.550984
0.066282
0.147805
-0.282701
-0.968262
-0.816514
0.626606
0.586788
-0.604292
-0.267594
-0.018490
-0.116194
0.278352
-0.894640
0.327000
-0.091556
0.892217
0.559261
-0.743035
0.102379
-0.034921
-0.688083
0.990487
0.558381
-0.587267
0.137045
-0.488519
-0.218035
-0.403881
0.725165
0.017866
-0.573445
-0.346198
-0.555573
0.598787
0.588234
0.598494
-0.100079
-0.251808
0.984287
-0.961786
-0.314684
-0.018264
-0.212423
0.103831
0.508937
-0.794494
0.327164
-0.285147
-0.050794
-0.060088
-0.181657
-0.479609
0.543290
0.952580
0.499512
-0.350211
-0.845097
-0.009156
-0.532780
-0.628468
0.437578
-0.728078
0.139393
0.257650
0.864539
0.590998
0.807135
0.476368
0.751634
-0.598316
-0.273606
0.743570
0.434044
-0.294367
-0.642800
0.260039
-0.017909
-0.731745
0.139406
-0.085444
-0.258054
0.564459
0.106333
-0.126706
-0.856028
-0.160633
-0.865358
0.615899
-0.830521
-0.663105
0.464983
-0.214589
-0.158817
0.328081
0.628611
0.191463
-0.037334
-0.931570
0.985434
0.857655
0.589432
-0.702292
0.579971
0.439637
-1.000000
0.195989
-0.070950
-0.706473
0.138341
-0.681311
-0.569809
-0.452679
0.263484
-0.473562
0.791487
-0.247588
-0.666197
0.981257
0.810222
0.269427
-0.320002
0.005938
0.745113
0.798813
-0.479190
0.504293
0.575348
0.477671
0.782783
0.248221
0.543504
0.954064
0.286755
-0.186725
0.610133
-1.000000
0.045920
-0.240380
0.418011
-0.265333
0.679030
0.057320
-0.125479
-0.560679
0.210017
0.201391
-0.300384
-0.473012
-0.075811
0.355412
-0.821707
0.465962
-0.969555
-0.914896
-0.169280
0.095734
0.480279
0.316717
0.789671
0.486274
0.604243
-0.905664
0.340967
-0.791549
-0.733172
-0.988925
-0.884460
0.677841
0.376311
0.726267
-0.831801
0.433476
0.722059
0.699461
-0.333644
0.270926
-0.638833
-0.181217
-0.004363
0.125325
-0.433347
-0.174316
-0.740217
0.814421
-0.753291
0.800780
-0.647036
-0.741149
0.833043
0.148289
-0.270913
0.052619
0.711550
-0.482365
0.304761
0.037232
0.066246
-0.229319
0.195797
-0.373555
-0.153444
0.315283
-0.531948
-0.969900
0.157925
-0.259489
-0.926931
0.550136
-1.000000
-0.914652
-0.223190
-0.941982
-0.257140
0.071409
-0.696586
0.011924
0.944617
0.262479
0.600545
0.923021
0.427042
0.089363
-0.485770
-0.093828
0.288751
0.559494
-0.710559
-0.917686
0.569440
-0.459386
0.335696
0.484265
0.444237
-0.790020
-0.837130
0.209457
0.118236
-0.395491
-0.153488
0.292854
-0.759487
-0.388571
0.097191
0.693686
-0.223484
0.535781
0.188498
-0.807387
0.745921
-0.521765
0.407032
0.120978
-0.844563
-0.132826
0.198229
0.194607
0.062550
-0.053530
-0.784412
-0.629947
0.243326
-0.886808
0.694963
-0.998379
0.328853
-0.424776
0.721785
-0.340576
0.745711
-0.987383
0.388464
0.392128
0.060249
0.777268
-0.605590
0.889657
0.378643
-0.745094
-0.437432
0.636057
-0.084087
0.163135
0.705230
0.449504
-1.000000
0.049766
-0.670953
-0.021534
0.927858
0.988056
-0.971512
-0.587609
0.480101
-0.573361
0.523082
0.288110
-0.650986
-0.447779
0.285602
0.955834
0.700537
-0.309800
0.228520
0.269934
0.690200
0.892550
0.713319
0.189627
0.657056
0.903941
0.638658
-0.056934
0.247662
0.402254
0.356162
0.407562
0.586075
-0.608917
0.636751
0.328698
0.719675
-0.486458
0.068929
-0.596035
1.000000
-0.516510
-0.510440
0.429665
-0.079456
-0.885700
-0.051007
-0.095187
-0.947772
0.812129
0.116908
0.803142
0.304640
-0.022044
-0.776486
-0.271915
-0.840483
-1.000000
0.287782
0.184879
-0.545143
-0.877475
0.642288
-0.503740
0.944557
-0.626641
-0.098466
-0.996335
-0.246842
-0.499206
0.986102
0.629937
-0.825112
-0.174367
-0.580534
0.449268
0.518952
0.484591
0.278189
0.623806
-0.487517
-0.493480
-0.766593
-0.887228
0.611939
0.357621
-0.745139
0.918712
1.000000
-0.990144
-0.246051
0.976638
0.969684
0.373353
0.403557
-0.439586
-0.154605
0.765184
-0.221950
0.484778
0.700653
0.252447
0.615654
-0.497930
-0.812578
-0.000790
0.952809
-0.046774
0.588180
1.000000
0.345462
0.103544
0.868457
0.437375
0.864873
0.989864
-0.758506
-0.304149
-0.572389
-0.093583
0.798746
-0.334150
0.878598
-0.980739
-0.798744
-0.791072
0.998104
-0.812370
0.041516
0.757034
-0.875348
0.473614
-0.954920
-0.016567
-0.270642
0.221031
0.004892
-0.103337
0.886257
-0.614633
0.460721
-0.601576
-0.070357
0.023970
-0.487384
0.312920
-0.802218
0.303449
0.526780
0.389207
-0.511118
-0.777540
0.677828
0.373584
0.426988
0.126655
0.546412
0.670276
0.935948
-0.638110
0.016515
-0.303070
0.249729
-0.744151
0.273452
-0.941374
-0.948352
-0.076791
0.563877
-0.076258
0.956777
0.264204
0.792693
0.964534
-0.450301
-0.038167
0.991033
-0.175908
0.408942
-0.724973
0.229247
-0.102002
0.785540
-0.080054
0.424263
0.537109
0.744512
0.871527
-0.325642
0.408461
-0.844207
0.998058
0.767209
-0.888071
0.496737
-0.964037
0.033869
0.279786
0.868854
0.022111
0.403130
-0.017769
0.119507
-0.148933
-0.617554
0.447027
-0.221592
-0.503597
0.775665
0.942908
-0.984880
-0.580825
-0.884152
0.643042
-1.000000
0.036965
0.525442
0.941956
0.582355
0.815800
-0.538488
-0.070557
0.648613
-0.478216
0.518168
-0.014236
-0.383372
0.350229
0.199500
0.843074
-0.814848
0.604646
-0.413197
0.788091
-0.114731
0.126979
-0.502651
-0.749521
-0.619447
-0.426060
-0.384499
0.824908
-0.054713
-1.000000
0.429088
-0.103887
-0.706515
-0.472230
-0.429750
-0.885951
-0.712746
0.775907
-0.081796
0.043817
0.068946
-0.967517
-0.129026
0.050647
0.070679
0.437739
0.820708
-1.000000
-0.991426
-0.685700
0.508802
0.675690
0.839421
-0.144719
0.429790
0.356418
-0.420770
-0.137635
-0.250302
0.280569
-0.995514
-0.999717
-0.072367
0.926366
-0.365674
-0.785338
-0.073122
-0.061407
0.310232
-0.055283
-0.756424
0.680656
-0.215374
-0.236045
-1.000000
-0.410178
-0.118898
0.706508
-0.860570
0.735865
-0.942763
-0.764816
-0.441515
0.760177
-0.450767
-0.739383
0.079391
0.956050
-0.521797
0.158670
1.000000
0.177834
0.735828
0.255491
-0.395173
0.562510
-0.996233
-0.271156
-0.464615
0.772975
0.820824
-0.539698
0.039867
-0.005931
-0.865792
0.075331
0.917830
0.439209
-0.235363
-0.602049
-0.009640
0.717475
-0.401285
0.295406
-0.527979
-0.816184
0.084010
0.845799
0.304993
-0.744174
-0.743595
1.000000
0.707315
0.465329
-0.356257
-0.717943
-0.503057
-0.512073
-0.325283
-0.282259
0.751994
0.057444
-0.948942
0.188348
0.964977
-0.433006
0.240415
-0.136700
0.585838
-0.503386
0.043692
0.627175
0.318628
0.761872
0.898743
0.657057
0.934217
0.471037
-0.129207
0.313670
0.253995
-0.778238
0.235020
0.000332
-0.757295
-0.803661
-0.970923
-0.480686
0.975139
0.319185
0.017487
-0.552101
0.041167
0.593813
0.582380
0.336302
0.921863
-0.873131
-0.660662
-0.795090
0.175470
-0.107771
0.914057
0.489878
-0.804610
0.915845
-0.236453
0.559638
-0.737504
0.616358
-0.279980
0.180818
-0.705904
0.170117
-0.109317
0.961677
-0.938630
0.710095
-0.890736
-0.470639
0.296419
-0.355107
-0.631080
-1.000000
-0.960120
0.557810
-0.642243
-1.000000
0.907494
0.711035
0.508504
0.003881
1.000000
-0.844794
0.340634
0.080216
-0.867542
-0.896579
0.439430
-0.670324
0.617561
0.103395
-0.381974
0.309642
0.569342
-0.402570
0.728068
0.563313
-0.220334
-0.837735
0.913493
-0.071351
-0.947827
-0.308833
-0.123842
1.000000
-0.345614
-0.444875
-0.919375
0.591719
0.806033
0.770699
-0.701573
-0.542035
-0.421161
-0.514883
0.980018
-0.509606
-0.375222
-0.513652
-0.487389
0.876045
-0.751091
-0.979358
-0.314963
-0.086401
0.833601
0.853349
-0.526686
0.595792
0.491744
1.000000
0.076892
-0.542077
0.461985
0.204419
-0.243626
0.037918
0.427447
-0.757899
0.505708
-0.983552
0.786509
0.704534
0.044904
-0.878287
-0.662407
0.714136
0.567764
-0.378072
0.261796
0.591062
0.715386
-0.993847
-0.338726
-0.885756
0.410872
-0.091714
0.102469
0.458967
0.537935
0.114324
0.018544
0.160760
-0.669944
-0.436629
-0.235449
-0.560314
0.757261
0.052001
-0.875950
-0.898773
-0.255976
0.209579
0.593828
0.681549
-0.693166
-0.754795
0.598434
0.325948
-0.918629
-0.974798
-0.070191
0.895206
-0.678721
-0.171607
0.767746
0.422252
-0.577914
0.499216
-0.079436
0.801764
0.039728
-0.709920
-0.921464
-0.474254
0.219549
0.504721
0.480927
0.330629
0.322597
-1.000000
-0.416437
-0.422783
-0.975605
-0.547128
-0.436808
-0.756387
-0.377535
-0.398392
0.878021
0.073065
-0.292510
0.990451
0.355210
-0.063879
-0.139620
-0.654247
0.175214
0.773264
-0.314682
0.857856
0.854306
-0.499544
0.338102
-0.754269
-0.813484
0.659374
-0.223982
0.195501
0.392232
0.618879
0.655638
0.215952
-0.751106
-0.844743
0.440198
-0.728811
-0.666230
-0.848758
-0.362125
0.531711
-0.157426
0.507980
-0.915710
-0.748475
0.241317
0.604129
-0.136212
0.649262
0.510946
-0.237105
-0.905038
-0.974458
0.879014
-1.000000
0.794379
-0.126683
-0.334466
-0.543467
-0.091263
-1.000000
0.294834
0.339402
0.686630
0.784105
0.267887
-0.859127
0.858968
0.216030
0.000043
0.699083
-0.732323
0.883876
0.447094
0.989078
0.984413
-0.164762
-0.736594
-0.889467
0.817888
0.099820
0.061592
0.081133
0.161910
0.805344
-0.243808
0.277402
-0.667252
-0.898744
0.020633
-0.146180
-0.151024
1.000000
-0.429323
0.428656
0.508741
0.079062
0.634805
-0.310867
0.981335
0.921793
0.144716
-0.892443
-0.234926
1.000000
-0.217755
0.451704
-0.501869
0.650467
0.245399
0.131122
0.425402
0.493425
0.803569
-0.130305
0.141360
-0.448223
-0.164017
-0.396525
0.991288
-0.225639
0.907679
-0.491330
-0.292717
-0.380488
-0.200299
-0.563230
-0.672114
-0.335070
-0.425985
-0.886481
0.605407
-0.703300
1.000000
0.587721
0.124818
-0.423285
0.257002
-0.303001
0.518423
0.574695
-1.000000
-0.659675
-0.846254
-0.872579
0.617884
-0.160739
1.000000
-0.116803
0.460964
-0.937170
0.153146
-0.564147
0.033982
-0.494728
-0.745129
-0.033286
0.114679
0.543614
0.175152
-0.425738
-0.017164
0.461593
-0.095652
-0.535742
0.775391
-0.189750
-0.139329
-0.108776
-0.148688
-0.811609
0.943390
-0.933291
-0.386366
0.613511
0.235745
-0.945274
0.931274
-0.497381
0.259647
-0.656787
0.117932
0.183180
-0.608153
-0.977686
0.154742
-0.188869
0.121352
-0.058184
-0.155454
-0.092500
0.298612
0.179709
-0.757519
0.666426
0.349738
-0.897085
0.331842
-0.686257
0.007727
0.099085
-0.394890
-0.174118
0.815932
-0.679035
-0.149448
0.656874
0.608739
0.808165
-0.707260
-0.159933
0.115828
0.363124
0.361293
-0.263755
-0.891535
-0.473293
0.544421
0.081383
0.541436
0.763590
0.739313
-1.000000
-0.340846
-0.676681
-0.674905
-0.390737
0.522906
0.129418
-0.080108
0.754223
-0.645248
0.281454
0.529794
1.000000
0.807896
-1.000000
0.285497
0.545945
0.995032
-0.982313
-0.624516
0.665950
0.307003
0.042170
0.285426
-0.260932
0.004187
-0.342709
0.514461
0.695852
1.000000
0.042067
0.543329
0.006939
0.929628
0.087193
0.406774
-0.689368
-0.830467
-0.081903
0.278807
-0.536623
0.756852
-0.698030
-0.014566
0.173884
-0.797643
0.849928
0.933821
1.000000
0.777692
-0.486996
0.225196
-0.288403
-0.059355
-0.124612
0.140153
-0.755753
-0.249133
0.684307
-0.331654
0.891032
-0.461266
0.227147
-0.330202
-0.912634
-0.039774
-0.001493
-0.603091
-0.776802
0.162708
0.299402
-0.716545
-0.685546
1.000000
0.193913
-0.186441
0.082773
-0.496043
0.387719
0.043884
0.809620
-0.433499
-0.989187
-1.000000
-0.507305
0.937736
0.100829
-0.829359
0.542724
-0.474906
0.958462
0.771531
-0.330310
-0.194910
-0.683436
-0.250475
0.506802
-0.525061
0.930705
0.811848
0.002207
0.123416
-0.202338
0.407940
-0.394725
0.316583
0.589017
0.876465
-0.275520
-0.479073
0.375516
-0.903064
-0.938606
0.015091
-0.439392
0.898255
-0.229707
-0.146245
-0.933050
-0.088524
-0.440403
-0.888283
0.780030
0.210897
0.327637
-0.284464
-0.901917
0.680960
-0.866351
0.527939
0.724310
-0.984025
0.016714
-0.889561
-0.272959
-0.948906
-0.453397
-0.090393
0.744222
-0.633986
0.177448
-0.711287
-0.539091
0.644944
-0.439593
0.451417
0.151139
-0.872040
0.032402
0.658770
0.185771
-0.983522
-0.261090
-0.143798
-0.281148
0.358893
-0.022359
-0.858161
-1.000000
0.298808
-0.716558
0.880274
0.287769
-0.147271
-0.838016
0.187439
0.495968
-1.000000
-0.800687
0.297229
0.495546
-0.846492
0.447661
1.000000
-0.431582
-0.154176
0.414918
-0.921782
-0.946470
0.241876
0.497348
0.094646
-0.150113
0.361936
0.342872
-0.901544
0.870874
0.460573
1.000000
0.463481
0.253697
-0.736340
-0.564693
0.063200
-0.784856
-0.042959
-1.000000
-0.825129
-0.940445
-0.597840
0.577442
-0.121441
0.667598
-0.430180
-0.228181
0.244404
0.863108
-0.920826
-0.817351
0.446175
-0.650587
0.385639
-0.155197
0.973099
0.947462
0.641768
-0.558714
0.830207
-0.081740
0.085827
-0.652601
0.936851
0.554163
0.419023
0.787617
-0.143949
-0.827708
-0.166026
-0.061070
0.057778
-0.586555
0.891006
-0.986414
0.191381
0.648761
0.809368
-0.010355
0.083091
-0.691185
0.262364
-0.685751
-0.503392
0.067898
0.925109
-0.009207
0.992275
0.094657
0.279994
-0.393324
-0.508490
0.621836
-0.388360
-0.325357
0.059491
0.817279
0.496307
-0.095342
0.158400
0.213025
0.496209
-0.794807
0.165654
-0.711424
0.045874
-0.223851
0.975579
-0.536573
0.486359
0.608607
-0.035179
-0.653264
0.652121
0.031986
-1.000000
0.779904
-0.821553
-0.440693
-1.000000
-0.238168
-0.130928
-0.775674
-0.192270
1.000000
0.735166
0.558009
0.918480
0.720895
0.047306
0.185251
-0.676741
0.215018
-0.636497
0.257053
-0.991385
-0.364145
-0.217052
0.811818
-0.506655
1.000000
0.899966
-0.225858
-0.516031
-0.063840
0.318304
0.045386
0.464275
-0.743624
0.869771
0.022274
0.117595
-0.540276
-0.573523
0.292118
0.420038
0.456475
0.482271
-0.041587
-0.430880
-0.669517
-0.464789
0.189980
-0.137004
0.207041
0.726134
-0.131661
0.194214
0.594738
-0.817008
0.760678
-0.234191
-0.304189
0.632616
-0.077250
0.665785
0.611318
-0.225570
0.720876
0.768511
0.478879
0.807327
0.930752
-0.483066
0.799364
-0.988603
-0.523850
-0.376589
-0.328296
0.200942
-1.000000
0.466937
0.939182
0.551692
-0.609936
0.891882
-0.029221
0.508033
0.331048
-0.741556
0.521632
0.676113
0.662303
0.972218
-0.984855
0.055969
0.407677
-0.123039
0.647251
-0.577550
0.697343
0.332745
0.670977
0.568187
-0.604674
0.349695
0.613157
0.290538
-0.895321
0.178833
0.063115
0.659978
0.789142
-0.421842
0.411555
-0.075872
-0.887021
-0.357025
-1.000000
0.572744
-0.190277
0.012039
0.109498
0.688467
0.810502
0.984748
0.096509
0.942398
-0.017785
0.235690
0.448150
0.314599
-0.328657
-0.479873
-0.715876
0.692884
0.112409
-0.272700
0.628569
-0.582495
0.785455
0.343818
-0.851877
0.059763
-0.594307
0.433863
-0.612914
0.875214
0.639478
-0.305074
-0.499454
-0.914038
1.000000
-0.853813
0.462244
0.389830
0.706235
-0.660371
-0.220833
-0.351544
0.253344
0.098300
0.042032
0.018185
-0.811622
0.115763
0.472256
0.940714
-0.921016
0.423007
-0.403293
-0.857001
-0.760235
-0.113074
-0.495170
0.112140
0.353958
0.736793
0.683082
-0.867396
0.080845
-0.633814
-0.945088
-0.152977
0.163579
-0.836821
-0.238068
0.395856
-0.885369
0.579601
-0.096751
0.030204
0.482553
1.000000
0.200194
-0.030740
0.763870
-0.955088
-0.002351
0.689307
0.666268
-0.321572
0.451047
0.986214
0.037150
-1.000000
0.687192
-0.305212
0.535850
-0.747272
0.388984
-1.000000
-0.837007
0.330647
-0.886111
-1.000000
0.566002
-0.496955
-0.836458
0.275579
-0.007576
-0.967902
-0.480509
0.526967
0.740457
0.328184
-0.271814
-0.664214
0.713438
-1.000000
-0.940230
-0.651597
0.140204
-0.023105
0.656398
-0.295364
0.990626
-0.948400
0.881481
0.178355
0.448601
0.574137
-1.000000
0.407499
0.839527
-0.223560
0.149760
-0.255344
-0.894571
0.588321
0.815460
0.589688
0.845915
-0.117582
-0.234723
-0.523840
0.956315
0.469531
-0.072482
-0.223649
0.163305
0.505820
0.142266
-0.395578
0.504690
0.339813
0.719207
0.254829
1.000000
0.536559
-0.010704
-0.796562
-0.837399
0.385539
-0.514466
0.254091
0.946271
0.365665
0.790081
0.127795
0.899922
-0.202667
0.418584
0.747111
0.076308
0.958832
0.141415
0.032693
-0.191491
0.866651
0.481287
-0.572199
-0.475673
0.774934
-0.171730
0.094521
-0.719957
-0.290017
0.460366
-0.704620
-0.798925
-0.798743
-0.290986
0.569587
0.998884
0.870663
0.826520
0.347413
-0.664075
-0.950045
0.067895
0.541614
-0.716333
0.381165
0.102005
-0.135911
0.923035
0.452607
-0.911849
-0.475657
-0.162451
0.826358
0.826671
0.616509
-0.064817
-0.839206
0.073233
-0.544271
-0.645547
-0.199269
-0.675405
0.534571
0.333306
-0.544376
-0.255159
0.329559
-0.105639
0.775472
-0.491367
-0.578789
0.373657
-0.821102
0.291621
-0.085352
-0.284214
-0.324998
0.351104
0.310937
0.071420
-0.387762
-0.527208
-0.005281
-0.788380
-0.742643
-0.551502
0.433456
-0.182565
-0.125906
-0.167023
-0.047559
-0.375134
-0.456988
1.000000
-0.240538
0.113480
0.120954
0.244679
0.616760
-0.581185
0.836154
0.798812
0.806338
0.291862
-0.830976
-0.196215
-0.918913
-0.418514
0.189253
0.685822
-0.360039
-0.617780
-0.401273
-0.683376
0.932354
-0.359719
0.605338
0.051856
-0.855967
-0.641561
-0.514392
0.477328
-0.197611
0.904891
0.486864
0.452032
1.000000
0.462388
-0.531349
0.433794
0.419876
-0.003572
-0.056972
-0.411134
0.681125
-0.539396
0.584226
0.113548
0.427895
-0.999143
-0.878839
-0.571463
0.932887
-0.854713
0.462483
-0.949199
-0.437512
1.000000
-0.195903
-0.550620
0.966528
0.090607
-0.187593
0.222579
-0.559909
-0.512476
-0.604866
-1.000000
-0.167236
0.941204
0.794273
0.409698
1.000000
-0.689469
-0.169514
-0.629367
0.025902
-0.027797
0.341320
0.388062
0.375029
0.169973
0.219474
0.885580
-0.908577
-0.296589
0.375341
-1.000000
0.825209
0.803446
-0.609188
0.997545
0.319205
-0.957640
-1.000000
0.361939
-0.647611
-0.123650
0.156748
-0.121140
0.064285
0.045813
-0.019244
0.093169
-0.030927
-0.120209
0.228693
0.409267
0.607657
0.001064
0.054680
0.026747
0.008955
0.308172
0.262829
0.000066
0.043297
0.076116
0.002189
0.017344
0.030985
0.001339
0.135173
0.004617
0.036972
0.040745
0.000090
0.113482
0.000004
0.000006
0.120678
0.000370
0.200213
0.003684
0.000682
0.002444
0.120241
0.317570
0.098896
0.025979
0.000518
0.000733
0.142867
0.545777
0.000799
0.000745
0.050502
0.949031
0.132316
0.121397
0.000004
0.166027
0.366033
0.058115
0.121731
0.001573
0.074983
0.000353
0.004901
0.001557
0.044777
0.008354
0.000497
0.002196
0.001692
0.085529
0.047146
0.002102
0.044364
0.028471
0.000391
0.049011
0.273383
0.055482
0.035720
0.010359
0.009607
0.013924
0.208573
0.018825
0.011465
0.563286
0.024458
0.039262
0.043761
0.001978
0.001575
0.033861
0.000187
0.123051
0.011248
0.031542
0.067966
0.091831
0.031432
0.000618
0.001556
0.000286
0.000818
0.062864
0.001322
0.000028
0.117688
0.000725
0.000804
0.022363
0.003240
0.161134
0.002582
0.000030
0.000111
0.039074
0.015739
0.030597
0.107702
0.000406
0.018485
0.008946
0.186735
0.021241
0.490252
0.010341
0.159012
0.000488
0.082755
0.293870
0.000322
0.001445
0.003137
0.013992
0.132235
0.000105
0.000239
0.023184
0.046840
0.031664
0.021700
0.044299
0.000382
0.007318
0.000529
0.013353
0.258687
0.011235
0.060301
0.241858
0.081646
0.019892
0.325728
0.006004
0.004816
0.147633
0.000002
0.023731
0.054798
0.040078
0.181284
0.497721
0.002933
0.000664
0.017415
0.001242
0.021555
0.016447
0.001016
0.152613
0.095750
0.194887
0.019093
0.029100
0.000419
0.016258
0.071024
0.004259
0.120457
0.001755
0.000485
0.008131
0.009581
0.000015
0.044805
0.091178
0.001279
0.086824
0.013067
0.007306
0.149364
0.014540
0.298309
0.050860
0.000030
0.012489
0.001880
0.002497
0.004962
0.000268
0.000113
0.015751
0.098026
0.001324
0.070165
0.003223
0.000106
0.000066
0.050409
0.000722
0.001310
0.076611
0.060559
0.008475
0.041697
0.023396
0.197565
0.083673
0.042663
0.000318
0.000245
0.133936
0.001777
0.000229
0.007644
0.007363
0.072692
0.013355
0.000377
0.001078
0.000048
0.000246
0.007752
0.000054
0.071259
0.014266
0.016608
0.080140
0.000105
0.013969
0.002018
0.020052
0.011821
0.218180
0.019324
0.120899
0.036064
0.010655
0.013940
0.000082
0.002336
0.046917
0.209878
0.000578
0.000226
0.001074
0.011221
0.010015
0.000093
0.007241
0.018575
0.002494
0.003947
0.002097
0.050225
0.001597
0.002904
0.408369
0.000287
0.000318
0.000082
0.039682
0.011731
0.135301
0.008050
0.312172
0.016946
0.000227
0.112904
0.002830
0.017159
0.017409
0.002286
0.005359
0.046467
0.003537
0.000714
0.057791
0.031358
0.108171
0.000032
0.000341
0.064838
0.242794
0.032036
0.016555
0.001950
0.010244
0.241251
0.007778
0.148152
0.143749
0.063141
0.054150
0.001006
0.006234
0.143502
0.005229
0.000150
0.044746
0.061753
0.003945
0.142852
0.000476
0.014061
0.000127
0.034493
0.001682
0.202383
0.000146
0.234679
0.329694
0.021356
0.004895
0.227044
0.016959
0.000424
0.000896
0.000150
0.129772
0.041435
0.001229
0.003120
0.011852
0.039648
0.341888
0.009475
0.046276
0.155592
0.214112
0.011802
0.035576
0.000373
0.053636
0.000159
0.275234
0.022627
0.019365
0.000170
0.000653
0.407826
0.238657
0.043460
0.039889
0.152232
0.012437
0.002442
0.012276
0.002611
0.014949
0.017565
0.193791
0.001677
0.001554
0.019094
0.006366
0.000869
0.015788
0.116143
0.021137
0.000003
0.001945
0.118770
0.057650
0.021710
0.000805
0.003493
0.137635
0.011939
0.003253
0.082623
0.014803
0.048282
0.000101
0.000081
0.018827
0.001995
0.796843
0.000528
0.009275
0.001777
0.000013
0.000225
0.000466
0.087777
0.000039
0.047553
0.044856
0.001251
0.001281
0.000042
0.025470
0.000585
0.038919
0.140356
0.444938
0.000203
0.013377
0.006589
0.001465
0.018007
0.011649
0.007217
0.067356
0.000928
0.274780
0.000197
0.593423
0.002414
0.000058
0.004625
0.395738
0.000021
0.002213
0.000862
0.144283
0.000075
0.158388
0.000669
0.000037
0.002429
0.001099
0.143323
0.055274
0.000002
0.000368
0.021267
0.001388
0.003813
0.152463
0.006799
0.210964
0.000061
0.002970
0.000005
0.000011
0.054192
0.064213
0.022786
0.000038
0.611900
0.004990
0.003368
0.003761
0.018465
0.003238
0.003089
0.000008
0.013272
0.022380
0.001421
0.037759
0.208443
0.071638
0.545841
0.000065
0.000052
0.003354
0.002042
0.069433
0.001174
0.385801
0.025077
0.008650
0.001162
0.000002
0.002333
0.000283
0.005445
0.016414
0.000411
0.000139
0.002495
0.022397
0.022243
0.001480
0.024856
0.000416
0.001368
0.033052
0.000635
0.005859
0.018773
0.268434
0.000079
0.143801
0.000608
0.000011
0.000402
0.038654
0.000007
0.015370
0.002156
0.000703
0.158311
0.150845
0.000085
0.440944
0.021042
0.002820
0.004626
0.024782
0.049520
0.341932
0.277059
0.009590
0.000002
0.000078
0.047934
0.000436
0.000072
0.052440
0.040632
0.013402
0.000094
0.102017
0.000020
0.001342
0.007389
0.000210
0.149680
0.198658
0.606320
0.020994
0.000397
0.000007
0.004421
0.000002
0.018881
0.003291
0.000003
0.547626
0.014779
0.001369
0.026534
0.000407
0.000076
0.000120
0.053886
0.245168
0.000188
0.000111
0.030762
0.003694
0.004636
0.000225
0.025971
0.000642
0.038942
0.374588
0.007513
0.000607
0.017072
0.018235
0.991354
0.000031
0.000003
0.000812
0.001138
0.000833
0.000192
0.009635
0.010732
0.058908
0.003616
0.529461
0.071469
0.370497
0.037870
0.054617
0.137784
0.078214
0.031336
0.001099
0.005336
0.005428
0.007041
0.003874
0.000070
0.348237
0.009181
0.002011
0.079837
0.030018
0.031235
0.000090
0.016469
0.145675
0.002937
0.063383
0.006506
0.004957
0.011292
0.002310
0.183699
0.000036
0.098412
0.005213
0.095077
0.024031
0.009201
0.006359
0.034821
0.052080
0.000452
0.005875
0.008629
0.009910
0.001376
0.000058
0.037439
0.000044
0.120161
0.025263
0.015593
0.196941
0.000015
0.000505
0.005386
0.029377
0.179720
0.148789
0.049786
0.034448
0.000242
0.000021
0.000383
0.006431
0.189230
0.009719
0.037466
0.125056
0.001068
0.242971
0.019373
0.001728
0.042070
0.042086
0.000589
0.002031
0.003812
0.010687
0.115990
0.389195
0.051222
0.127986
0.003714
0.331419
0.019192
0.000069
0.005335
0.000055
0.043853
0.147727
0.026004
0.041077
0.000081
0.277102
0.013717
0.000509
0.063894
0.014980
0.019049
0.041786
0.055816
0.013964
0.000248
0.045189
0.036371
0.039908
0.048836
0.000170
0.000068
0.010793
0.005038
0.111601
0.059875
0.014724
0.022297
0.039792
0.086345
0.000061
0.000039
0.000364
0.643900
0.093129
0.000040
0.313429
0.000100
0.002067
0.001343
0.080387
0.007128
0.015505
0.051160
0.186442
0.026556
0.120194
0.000901
0.108331
0.536718
0.004748
0.000511
0.059309
0.025915
0.371512
0.002688
0.226975
0.007615
0.003468
0.038463
0.004116
0.000287
0.003276
0.004959
0.003243
0.000403
0.006618
0.000053
0.016898
0.000002
0.012603
0.000162
0.000013
0.000169
0.002050
0.111893
0.032918
0.002516
0.001155
0.000232
0.058564
0.006851
0.523083
0.064376
0.008481
0.009041
0.027170
0.000039
0.000949
0.052935
0.009116
0.012740
0.017149
0.007147
0.000494
0.000819
0.007046
0.000534
0.012835
0.000273
0.003919
0.040631
0.353939
0.191741
0.027301
0.000002
0.024540
0.004463
0.000221
0.004627
0.218424
0.013584
0.002794
0.015983
0.009823
0.003163
0.000066
0.005833
0.021954
0.005931
0.121559
0.025967
0.047911
0.000003
0.407923
0.001547
0.001216
0.014271
0.009428
0.000327
0.046536
0.005151
0.269590
0.085508
0.000636
0.000185
0.002377
0.000085
0.000014
0.058579
0.130687
0.003022
0.000505
0.000172
0.041025
0.000196
0.124541
0.066826
0.186689
0.000714
0.131540
0.011355
0.000588
0.000156
0.019063
0.008102
0.039703
0.000154
0.005103
0.000605
0.292106
0.343103
0.026201
0.000647
0.003490
0.156016
0.000094
0.001003
0.029059
0.000695
0.000411
0.018690
0.138946
0.106140
0.026648
0.039459
0.018876
0.009385
0.004625
0.008471
0.000341
0.043987
0.019734
0.276945
0.009066
0.065905
0.071744
0.000867
0.122562
0.103896
0.019469
0.000562
0.003476
0.000524
0.143530
0.010376
0.032293
0.015496
0.000778
0.435930
0.000846
0.435451
0.044992
0.006196
0.503264
0.024578
0.000021
0.000079
0.057271
0.002310
0.000558
0.003803
0.009163
0.000035
0.052628
0.000496
0.303549
0.002531
0.000002
0.337652
0.043971
0.006039
0.014483
0.000250
0.022137
0.050513
0.001779
0.085641
0.000746
0.007367
0.005551
0.000024
0.000061
0.326139
0.007876
0.013309
0.000999
0.013758
0.169775
0.028857
0.001512
0.022454
0.033772
0.114330
0.007725
0.014726
0.031091
0.285336
0.046778
0.004985
0.000013
0.000368
0.014353
0.007791
0.100225
0.020597
0.009500
0.000171
0.159210
0.040410
0.000107
0.015687
0.034025
0.052579
0.045445
0.277302
0.001788
0.000002
0.000133
0.097504
0.012291
0.052015
0.000084
0.000617
0.189761
0.007248
0.004083
0.142832
0.433330
0.000187
0.001002
0.000002
0.000359
0.000002
0.041946
0.000020
0.003504
0.007224
0.005303
0.000916
0.034643
0.024006
0.002208
0.004961
0.009575
0.002212
0.001232
0.031341
0.000291
0.172399
0.000308
0.073576
0.006709
0.006130
0.023460
0.108460
0.000024
0.692927
0.002407
0.210699
0.005362
0.005658
0.547565
0.000078
0.201665
0.012695
0.446818
0.039551
0.022175
0.891031
0.015128
0.003534
0.071289
0.000140
0.014080
0.145502
0.032927
0.027876
0.070217
0.190774
0.030906
0.000173
0.001400
0.225975
0.196676
0.000124
0.011998
0.008096
0.006596
0.066706
0.000566
0.000093
0.414827
0.005501
0.017951
0.004134
0.035758
0.003868
0.055316
0.448066
0.003556
0.000022
0.060957
0.000919
0.154035
0.000028
0.026325
0.003424
0.065108
0.001409
0.530996
0.074795
0.000204
0.000202
0.016755
0.000124
0.030838
0.029014
0.014059
0.972097
0.022824
0.000518
0.000722
0.002403
0.080929
0.174734
0.003914
0.000507
0.000003
0.000622
0.093732
0.000008
0.019415
0.064516
0.209352
0.000002
0.000986
0.033810
0.145062
0.056309
0.000672
0.006707
0.001008
0.188803
0.291237
0.004609
0.013424
0.153816
0.023681
0.002458
0.000009
0.119966
0.031482
0.002736
0.002070
0.167839
0.057565
0.000751
0.044630
0.007173
0.012852
0.063189
0.110301
0.052265
0.000234
0.001156
0.000079
0.012287
0.037459
0.000225
0.013721
0.000679
0.000015
0.095494
0.062992
0.000002
0.053389
0.022777
0.025004
0.021210
0.000847
0.007676
0.013800
0.002929
0.005596
0.012809
0.165917
0.066777
0.086127
0.022217
0.044723
0.008196
0.000688
0.284575
0.001023
0.048164
0.029072
0.073164
0.035535
0.062962
0.024616
0.019711
0.033592
0.037437
0.001911
0.002799
0.002887
0.803225
0.000019
0.188948
0.097662
0.000008
0.002297
0.000162
0.021595
0.116025
0.056158
0.000036
0.070249
0.007549
0.291199
0.056960
0.000006
0.132531
0.029420
0.007937
0.178824
0.002224
0.110968
0.202678
0.008818
0.021018
0.536037
0.127233
0.177723
0.024474
0.000044
0.022886
0.004432
0.007140
0.013522
0.000003
0.004359
0.022403
0.051741
0.000757
0.005051
0.000291
0.047272
0.003317
0.005639
0.003516
0.000361
0.005306
0.000662
0.013431
0.020502
0.040027
0.000451
0.008037
0.001053
0.014469
0.149743
0.002038
0.012546
0.000002
0.036520
0.000360
0.005838
0.061160
0.000002
0.134735
0.191535
0.051154
0.000067
0.005252
0.007469
0.001498
0.011549
0.001055
0.002152
0.000886
0.005271
0.003786
0.021888
0.005152
0.000286
0.058507
0.000110
0.002265
0.002606
0.001620
0.003186
0.093935
0.000031
0.073171
0.000016
0.002043
0.399343
0.260062
0.005474
0.080788
0.045496
0.079060
0.000014
0.000001
0.000006
0.036316
0.001076
0.052925
0.149640
0.001748
0.002726
0.016637
0.001811
0.036299
0.225637
0.004415
0.353544
0.013616
0.001958
0.042159
0.015695
0.002464
0.203129
0.001698
0.012489
0.167704
0.047994
0.000174
0.000567
0.006809
0.196471
0.000101
0.046223
0.180126
0.102834
0.013690
0.001178
0.056606
0.000761
0.053642
0.000279
0.234385
0.137625
0.131541
0.211697
0.000002
0.000450
0.074503
0.016751
0.001253
0.000444
0.006608
0.209681
0.001697
0.001224
0.032591
0.213276
0.123909
0.047274
0.013283
0.070271
0.372325
0.039342
0.003178
0.002809
0.083835
0.005942
0.005649
0.000761
0.364269
0.001860
0.000046
0.004051
0.012568
0.015926
0.000805
0.044857
0.026761
0.042906
0.000194
0.000104
0.006108
0.005304
0.000540
0.010642
0.026431
0.134339
0.023009
0.000539
0.000391
0.128737
0.271980
0.115074
0.218499
0.034729
0.000862
0.263299
0.002234
0.001452
0.000404
0.065488
0.118763
0.000005
0.095255
0.092468
0.019997
0.000583
0.006886
0.545698
0.055557
0.169846
0.000002
0.017860
0.186572
0.018696
0.003424
0.015912
0.158801
0.028424
0.000875
0.088429
0.096643
0.003026
0.000003
0.002529
0.012117
0.176586
0.241583
0.254444
0.000422
0.021031
0.003689
0.000573
0.000284
0.485941
0.053378
0.016676
0.000393
0.043200
0.080644
0.000192
0.000223
0.172392
0.000006
0.013370
0.001906
0.008321
0.023286
0.005641
0.003449
0.005787
0.102299
0.194567
0.267852
0.000083
0.260887
0.002208
0.057704
0.002456
0.033913
0.009405
0.034785
0.049050
0.008143
0.001789
0.012068
0.362150
0.013230
0.002610
0.000072
0.376050
0.219476
0.039676
0.010221
0.000305
0.002697
0.002344
0.006534
0.043928
0.009757
0.011998
0.035230
0.000674
0.001209
0.019162
0.000510
0.001899
0.038702
0.003081
0.013569
0.004776
0.000267
0.001906
0.036567
0.065111
0.005708
0.005420
0.015785
0.011230
0.004831
0.010633
0.000647
0.003780
0.016457
0.000978
0.004000
0.058327
0.065280
0.044523
0.011392
0.009071
0.000686
0.083217
0.018421
0.001281
0.000049
0.119478
0.010793
0.001004
0.018058
0.001917
0.000077
0.006620
0.021274
0.033180
0.000002
0.017318
0.053120
0.035720
0.001423
0.000010
0.003465
0.003185
0.085577
0.068491
0.014928
0.000509
0.020700
0.116727
0.001972
0.253624
0.000337
0.035462
0.092329
0.000042
0.000397
0.011994
0.123862
0.004370
0.389252
0.008877
0.008489
0.013145
0.127634
0.000711
0.103326
0.005322
0.000004
0.039987
0.000538
0.000384
0.037208
0.147285
0.051301
0.007498
0.002410
0.049637
0.014980
0.174616
0.021004
0.260788
0.047528
0.003425
0.011705
0.126225
0.000002
0.077517
0.079054
0.049016
0.000968
0.000432
0.124911
0.051357
0.001537
0.000033
0.005991
0.017470
0.000002
0.006523
0.002788
0.098041
0.009831
0.000107
0.042938
0.182437
0.015073
0.007387
0.002517
0.011465
0.102897
0.426437
0.018520
0.002022
0.060587
0.006554
0.015385
0.002442
0.571630
0.049174
0.094400
0.150083
0.503666
0.003465
0.001780
0.010397
0.150845
0.059981
0.235691
0.000502
0.005113
0.104413
0.428305
0.064506
0.000341
0.000378
0.061199
0.004518
0.000240
0.006968
0.000180
0.017051
0.167936
0.000014
0.004200
0.013333
0.155373
0.001099
0.002671
0.005077
0.003050
0.000007
0.065531
0.005272
0.003387
0.002012
0.302550
0.001248
0.215502
0.121363
0.065994
0.046141
0.006979
0.390573
0.513286
0.000011
0.030148
0.024921
0.154676
0.118096
0.000152
0.007725
0.000250
0.765803
0.013195
0.000152
0.015443
0.000016
0.010435
0.000002
0.000896
0.029271
0.010062
0.001429
0.799939
0.002429
0.003449
0.000391
0.064132
0.047670
0.365263
0.002660
0.003771
0.002993
0.002255
0.000003
0.000383
0.202738
0.012833
0.012828
0.018225
0.337949
0.002531
0.047424
0.001980
0.190516
0.003008
0.222813
0.012467
0.003374
0.002912
0.011865
0.062303
0.158009
0.018858
0.000355
0.003825
0.036205
0.000167
0.006865
0.005335
0.000051
0.000997
0.113822
0.004177
0.001979
0.058393
0.340364
0.016235
0.000252
0.010389
0.006761
0.000008
0.000385
0.050802
0.000818
0.000023
0.002132
0.006479
0.000302
0.002654
0.150903
0.000055
0.058844
0.000005
0.002108
0.000224
0.000047
0.002805
0.365615
0.022480
0.058131
0.000229
0.000005
0.014073
0.030933
0.078754
0.000419
0.011819
0.009369
0.000006
0.017634
0.065093
0.014085
0.015647
0.000336
0.000193
0.000144
0.028042
0.000037
0.145274
0.190090
0.027611
0.000508
0.083791
0.001763
0.002409
0.004272
0.000902
0.017079
0.064549
0.006628
0.156727
0.000109
0.014426
0.000393
0.031315
0.029464
0.001126
0.070425
0.000112
0.572869
0.000569
0.000084
0.000314
0.401563
0.005385
0.191061
0.000163
0.003951
0.480464
0.006729
0.000002
0.001851
0.010255
0.066485
0.000567
0.073475
0.071562
0.000483
0.000793
0.000334
0.001882
0.004361
0.114318
0.007970
0.260183
0.064602
0.004534
0.112528
0.063540
0.005785
0.455518
0.029012
0.000167
0.025294
0.105074
0.025289
0.000003
0.000492
0.028666
0.018483
0.000741
0.035383
0.001613
0.007688
0.190715
0.000061
0.017997
0.051048
0.006191
0.000006
0.000071
0.208369
0.018149
0.006451
0.000411
0.004003
0.031183
0.001753
0.170909
0.000123
0.000685
0.090175
0.019944
0.039970
0.018418
0.000753
0.495766
0.001327
0.038890
0.000161
0.106275
0.003595
0.004089
0.013499
0.005251
0.119725
0.003051
0.000465
0.003173
0.004904
0.002647
0.140321
0.000035
0.230109
0.130237
0.012072
0.052139
0.000144
0.337171
0.021056
0.159606
0.006578
0.000070
0.003803
0.183345
0.012002
0.001139
0.001041
0.024713
0.002502
0.020175
0.000044
0.006437
0.000009
0.008727
0.295793
0.258616
0.042265
0.045898
0.000950
0.000063
0.691753
0.000563
0.082914
0.000012
0.047840
0.040808
0.012705
0.094072
0.000021
0.000057
0.003002
0.000463
0.287624
0.004685
0.005517
0.004334
0.000293
0.354651
0.000036
0.021772
0.013663
0.051905
0.001074
0.032074
0.023283
0.000064
0.003304
0.066548
0.021539
0.001127
0.001603
0.002749
0.042165
0.000150
0.001863
0.078966
0.042597
0.020607
0.055615
0.003692
0.009458
0.025737
0.049227
0.008948
0.029552
0.000112
0.005135
0.000005
0.002685
0.000042
0.005853
0.014927
0.000401
0.000605
0.000036
0.147525
0.016241
0.001564
0.000152
0.004482
0.045299
0.002701
0.035143
0.035114
0.000584
0.004430
0.663622
0.008583
0.008258
0.001537
0.000238
0.006769
0.039416
0.010488
0.066448
0.000119
0.000421
0.057744
0.000629
0.001936
0.078084
0.089461
0.000022
0.085327
0.016231
0.000170
0.034507
0.001727
0.068931
0.016623
0.028956
0.021301
0.004208
0.005471
0.006588
0.000034
0.000037
0.041886
0.002033
0.036415
0.108151
0.242365
0.000094
0.004241
0.484155
0.003245
0.000027
0.038013
0.052319
0.002755
0.022459
0.005397
0.001913
0.020657
0.014623
0.101603
0.001761
0.003967
0.005743
0.386250
0.007923
0.016680
0.048968
0.156706
0.238792
0.015070
0.032797
0.001815
0.002038
0.033113
0.001570
0.000420
0.008170
0.042602
0.002810
0.000767
0.007964
0.000891
0.003031
0.000701
0.000033
0.001168
0.000045
0.002576
0.000406
0.005143
0.003199
0.234416
0.000042
0.058590
0.008695
0.048415
0.032104
0.008650
0.000705
0.006859
0.002859
0.000339
0.071849
0.000137
0.083097
0.003523
0.040971
0.000589
0.151996
0.011596
0.183429
0.046998
0.037134
0.000103
0.208885
0.000375
0.000191
0.067068
0.010011
0.000043
0.000050
0.000028
0.187408
0.117176
0.022349
0.045634
0.000240
0.019187
0.381188
0.001166
0.041252
0.005600
0.020623
0.187707
0.000028
0.324448
0.461413
0.037980
0.001124
0.003788
0.167715
0.005883
0.021464
0.004895
0.000003
0.141819
0.000047
0.109679
0.003315
0.000160
0.000084
0.035721
0.024068
0.059436
0.107972
0.265182
0.002854
0.025802
0.016437
0.001390
0.000158
0.071735
0.000158
0.002639
0.004304
0.000206
0.012946
0.060293
0.004915
0.101102
0.005248
0.000542
0.000046
0.000125
0.013384
0.058832
0.000942
0.018574
0.001942
0.187802
0.001729
0.000052
0.006184
0.045507
0.135451
0.071161
0.000183
0.077481
0.001504
0.033661
0.000563
0.009337
0.165854
0.003806
0.070109
0.011439
0.063926
0.153612
0.008599
0.007737
0.004575
0.000804
0.048327
0.000572
0.084772
0.004447
0.043113
0.078425
0.027387
0.004424
0.044383
0.001009
0.267478
0.038698
0.012562
0.004464
0.013251
0.001019
0.002330
0.017967
0.000002
0.007031
0.086684
0.006008
0.000029
0.042972
0.107155
0.013682
0.031825
0.014077
0.202383
0.001013
0.060272
0.008485
0.264501
0.000802
0.001581
0.019633
0.000002
0.000952
0.000619
0.011059
0.068753
0.222618
0.001088
0.000482
0.000259
0.067462
0.024550
0.000542
0.007769
0.066281
0.020578
0.042964
0.003228
0.050803
0.005589
0.083758
0.029228
0.119463
0.051333
0.000192
0.005482
0.981399
0.001685
0.037681
0.000021
0.001255
0.077954
0.066810
0.110160
0.344075
0.001787
0.019707
0.046005
0.273475
0.242139
0.000316
0.000010
0.010036
0.007058
0.080612
0.003513
0.037575
0.038268
0.002571
0.000015
0.011602
0.008135
0.013859
0.025839
0.000027
0.003813
0.014301
0.065184
0.015921
0.224018
0.006647
0.003002
0.198105
0.117483
0.005881
0.005788
0.614041
0.224071
0.006950
0.305847
0.061803
0.025493
0.000020
0.001136
0.112350
0.028562
0.000303
0.169925
0.000038
0.688569
0.022990
0.000042
0.000564
0.041692
0.031526
0.035559
0.123923
0.008296
0.020027
0.109295
0.006659
0.127474
0.016486
0.000024
0.002780
0.170302
0.001588
0.071522
0.095597
0.000268
0.045165
0.028976
0.491146
0.004411
0.005413
0.024262
0.027978
0.004837
0.000145
0.001810
0.006662
0.038687
0.160597
0.046752
0.000731
0.065395
0.225291
0.023838
0.000043
0.029787
0.017080
0.000003
0.068659
0.009015
0.024914
0.029716
0.014010
0.027034
0.000033
0.004229
0.000108
0.224658
0.181433
0.075374
0.124274
0.059507
0.038255
0.005374
0.005613
0.000211
0.000741
0.021927
0.029163
0.000050
0.223845
0.000674
0.003706
0.003114
0.151050
0.133071
0.000002
0.259417
0.000749
0.602518
0.013638
0.011537
0.001366
0.027974
0.008100
0.040631
0.018753
0.000373
0.062455
0.008852
0.020879
0.008730
0.002684
0.001038
0.000485
0.015217
0.003841
0.002543
0.051928
0.000093
0.040382
0.084667
0.005985
0.023799
0.015088
0.161187
0.018345
0.019911
0.009605
0.000015
0.012112
0.226353
0.002575
0.015571
0.000054
0.017522
0.011306
0.000096
0.026067
0.100206
0.095424
0.010246
0.138969
0.020694
0.001302
0.002101
0.315320
0.054278
0.041148
0.068162
0.000002
0.053659
0.002217
0.190891
0.007647
0.059444
0.035705
0.050839
0.004460
0.011521
0.712683
0.006805
0.000086
0.001001
0.005734
0.000472
0.000001
0.270672
0.404777
0.006592
0.037230
0.000528
0.084331
0.006285
0.001008
0.125863
0.000012
0.001665
0.016681
0.000013
0.002728
0.017301
0.006892
0.011001
0.588419
0.000384
0.000038
0.700451
0.048994
0.005620
0.009253
0.085897
0.000030
0.126580
0.305857
0.000002
0.005153
0.002774
0.013253
0.055113
0.000655
0.001584
0.000398
0.007912
0.077564
0.067371
0.020937
0.017813
0.000266
0.085099
0.066216
0.050001
0.050327
0.039548
0.009739
0.000066
0.001641
0.001190
0.015167
0.181080
0.016519
0.006968
0.003099
0.000187
0.037202
0.045942
0.030143
0.084129
0.000822
0.048808
0.017864
0.146148
0.053339
0.017162
0.039582
0.000075
0.201753
0.111136
0.050854
0.001708
0.028683
0.049299
0.300182
0.003731
0.000392
0.187337
0.002085
0.011881
0.027951
0.011480
0.772112
0.028140
0.000536
0.000084
0.035783
0.024143
0.003287
0.405554
0.131327
0.002463
0.134489
0.007645
0.042555
0.005679
0.311763
0.043512
0.748184
0.000304
0.000754
0.001449
0.016239
0.009502
0.001670
0.208645
0.068694
0.000495
0.236198
0.001732
0.000748
0.234104
0.162573
0.000002
0.393565
0.098268
0.001347
0.634919
0.016751
0.013932
0.035972
0.008807
0.000708
0.028795
0.002548
0.171652
0.121116
0.000008
0.001112
0.079743
0.010737
0.021076
0.094765
0.121013
0.009050
0.000011
0.008428
0.023008
0.003364
0.000912
0.000173
0.002165
0.000056
0.003542
0.002551
0.002443
0.000322
0.019194
0.114297
0.000803
0.249976
0.062837
0.000276
0.023500
0.023500
0.213284
0.000002
0.268502
0.001104
0.045724
0.003002
0.002142
0.023091
0.006474
0.257405
0.149946
0.000203
0.108772
0.000020
0.010021
0.211401
0.001935
0.000791
0.217536
0.000324
0.000089
0.076122
0.000081
0.000176
0.038078
0.044081
0.026378
0.001177
0.054123
0.097816
0.000448
0.007220
0.243225
0.010006
0.109594
0.476993
0.699544
0.008487
0.000681
0.000346
0.007639
0.053020
0.130343
0.007974
0.225490
0.000051
0.035671
0.045103
0.001934
0.000366
0.002321
0.026287
0.199647
0.022040
0.158598
0.005436
0.000011
0.000341
0.017187
0.039239
0.038939
0.003935
0.000006
0.015927
0.002149
0.134375
0.072617
0.044084
0.000002
0.001560
0.000463
0.226442
0.000436
0.121973
0.009852
0.019825
0.043251
0.047244
0.542469
0.000470
0.024907
0.036503
0.091367
0.034747
0.006658
0.000005
0.003523
0.000539
0.010248
0.000861
0.000059
0.000743
0.000928
0.024453
0.009655
0.000092
0.001421
0.000022
0.000073
0.001486
0.004592
0.142931
0.000120
0.016221
0.333210
0.054734
0.000043
0.000048
0.039857
0.013735
0.016636
0.006583
0.009724
0.250964
0.004844
0.163706
0.011370
0.006488
0.000125
0.028061
0.000042
0.065395
0.187664
0.002804
0.009921
0.000671
0.009228
0.021497
0.016035
0.017542
0.193247
0.006131
0.003885
0.000728
0.018954
0.043861
0.322404
0.005569
0.082840
0.019523
0.003898
0.010474
0.059686
0.008378
0.348744
0.000647
0.000309
0.631287
0.000901
0.012760
0.356352
0.000712
0.003089
0.000460
0.005856
0.180632
0.036722
0.002089
0.019839
0.080595
0.000210
0.000540
0.283193
0.068288
0.010536
0.000031
0.000849
0.036827
0.030105
0.003617
0.097760
0.121090
0.000701
0.038708
0.015123
0.000008
0.114636
0.066331
0.000005
0.001929
0.004903
0.002538
0.022721
0.002095
0.000710
0.003913
0.000735
0.025926
0.076602
0.005010
0.000061
0.017062
0.003952
0.035594
0.003016
0.180518
0.070630
0.045550
0.011435
0.162424
0.000017
0.000005
0.000024
0.028902
0.023463
0.007654
0.033880
0.056419
0.021756
0.550253
0.429936
0.002852
0.014526
0.078306
0.018488
0.000027
0.000112
0.037209
0.006916
0.061587
0.000289
0.058159
0.004858
0.010131
0.000159
0.017662
0.048026
0.149500
0.825903
0.000120
0.008709
0.005307
0.150012
0.000023
0.234880
0.001457
0.006467
0.010214
0.056781
0.038773
0.001850
0.025577
0.340120
0.006627
0.000886
0.060514
0.000073
0.072607
0.039682
0.152260
0.123878
0.008058
0.000019
0.105195
0.049804
0.001005
0.007035
0.203955
0.007097
0.001229
0.069715
0.102376
0.037719
0.000420
0.261732
0.014847
0.432551
0.006591
0.157833
0.003455
0.493571
0.037709
0.024092
0.248710
0.001529
0.036775
0.001127
0.000005
0.140598
0.045596
0.070874
0.006642
0.007628
0.000428
0.406277
0.011653
0.247626
0.059465
0.000028
0.000210
0.005764
0.001172
0.003342
0.011701
0.002327
0.013309
0.000217
0.050153
0.000655
0.098783
0.000004
0.000002
0.325776
0.000681
0.005669
0.352397
0.049538
0.164681
0.012784
0.003848
0.000677
0.015611
0.374935
0.047514
0.009021
0.047608
0.174962
0.294673
0.002614
0.000182
0.762913
0.000057
0.088023
0.000026
0.010484
0.000040
0.129300
0.054839
0.000017
0.049057
0.005162
0.006566
0.075936
0.000117
0.014819
0.000459
0.000015
0.015687
0.037762
0.014352
0.000097
0.000589
0.005418
0.017709
0.039636
0.001039
0.004824
0.359412
0.083112
0.213320
0.031822
0.001510
0.031838
0.034285
0.034349
0.047080
0.003556
0.000711
0.012105
0.011148
0.039070
0.000336
0.000113
0.029103
0.000073
0.001120
0.006210
0.070329
0.029284
0.000177
0.003267
0.199439
0.009618
0.000008
0.000178
0.167856
0.000115
0.000005
0.042650
0.010582
0.000363
0.043382
0.014135
0.000641
0.005022
0.418025
0.000903
0.079274
0.017693
0.008538
0.007310
0.011063
0.141611
0.008910
0.008654
0.000479
0.044945
0.244151
0.064278
0.023353
0.000003
0.000271
0.060889
0.000014
0.024453
0.000544
0.122837
0.132844
0.005469
0.019018
0.000247
0.001881
0.021533
0.006502
0.001711
0.086082
0.012454
0.034139
0.071172
0.001013
0.161643
0.000064
0.384233
0.014410
0.000423
0.296853
0.008578
0.002923
0.002381
0.000024
0.040502
0.293242
0.005737
0.724180
0.001315
0.358004
0.000230
0.013234
0.000009
0.031093
0.441230
0.071537
0.008619
0.300623
0.193997
0.000162
0.007629
0.207822
0.051956
0.000966
0.002537
0.000030
0.003066
0.001003
0.046315
0.271063
0.000238
0.000172
0.017975
0.002271
0.842107
0.161494
0.116365
0.445964
0.003056
0.000261
0.008987
0.048878
0.246665
0.000002
0.120474
0.170418
0.013295
0.004235
0.007002
0.064976
0.011736
0.000053
0.001560
0.000357
0.019872
0.060306
0.004652
0.014108
0.000002
0.003399
0.001148
0.000879
0.000087
0.001632
0.000603
0.561627
0.081207
0.075962
0.005499
0.063309
0.064927
0.011585
0.006956
0.002723
0.004029
0.000084
0.072427
0.001222
0.003025
0.038065
0.001814
0.000831
0.016373
0.010080
0.000054
0.074462
0.022089
0.018002
0.575108
0.000268
0.045360
0.001848
0.000049
0.168213
0.000019
0.017229
0.000905
0.062310
0.000179
0.178545
0.000213
0.006638
0.006158
0.181503
0.117782
0.001377
0.000774
0.004796
0.040268
0.000004
0.003316
0.004041
0.005466
0.028040
0.124894
0.034390
0.033374
0.002249
0.049370
0.123894
0.004252
0.053300
0.001795
0.017349
0.000203
0.000169
0.246995
0.192938
0.000005
0.047705
0.253951
0.001446
0.014483
0.000005
0.125564
0.001146
0.012260
0.000013
0.043239
0.000007
0.000156
0.000093
0.063938
0.000386
0.140664
0.060732
0.000764
0.000164
0.066869
0.000054
0.237376
0.013550
0.169536
0.000021
0.000230
0.011509
0.000005
0.271422
0.048240
0.001007
0.000038
0.487848
0.226613
0.072934
0.001245
0.001043
0.013354
0.281044
0.012803
0.005707
0.020375
0.086931
0.009620
0.005672
0.007521
0.064051
0.000323
0.009311
0.000456
0.084272
0.001813
0.291449
0.000038
0.000002
0.041267
0.000047
0.015102
0.046140
0.373145
0.005567
0.007942
0.004057
0.117877
0.239134
0.003180
0.006336
0.000016
0.001518
0.185641
0.034653
0.028242
0.000170
0.139587
0.008617
0.001089
0.000335
0.014616
0.003626
0.026808
0.000610
0.007647
0.005763
0.001973
0.006036
0.250608
0.005616
0.014794
0.262037
0.001588
0.000302
0.002939
0.006670
0.147064
0.001253
0.037759
0.010572
0.000042
0.000087
0.000382
0.037112
0.032893
0.003570
0.049249
0.031696
0.108944
0.005820
0.000632
0.003930
0.053035
0.510960
0.066835
0.000110
0.000057
0.105142
0.000552
0.000139
0.011652
0.130717
0.215963
0.097802
0.029417
0.448609
0.065914
0.114610
0.094495
0.000027
0.106801
0.528947
0.032220
0.000031
0.000076
0.003636
0.016626
0.047088
0.191960
0.080483
0.294368
0.005295
0.005423
0.042429
0.002493
0.132044
0.032958
0.048805
0.003200
0.000099
0.013451
0.000001
0.081055
0.032566
0.000203
0.000911
0.000665
0.018853
0.005249
0.060865
0.007964
0.139846
0.025329
0.028848
0.020741
0.074337
0.001933
0.021859
0.000096
0.071861
0.030521
0.000035
0.113291
0.001239
0.014258
0.000283
0.184608
0.000112
0.000524
0.004252
0.009381
0.040655
0.006473
0.049889
0.077368
0.001212
0.000450
0.008683
0.003574
0.000259
0.033226
0.020175
0.014635
0.000214
0.029989
0.025430
0.080506
0.328679
0.035395
0.000422
0.000800
0.101310
0.014324
0.000254
0.001764
0.001057
0.000075
0.396624
0.160042
0.022780
0.000086
0.000192
0.000004
0.022764
0.001744
0.019423
0.075442
0.005481
0.000409
0.001622
0.000008
0.008377
0.000165
0.011783
0.000002
0.000140
0.005805
0.011850
0.053401
0.000291
0.023199
0.000038
0.058925
0.004223
0.002229
0.000850
0.021266
0.003410
0.045324
0.030885
0.006490
0.349929
0.089533
0.016149
0.015146
0.000655
0.000001
0.000004
0.000010
0.270659
0.015488
0.004258
0.201834
0.006503
0.000046
0.000017
0.004651
0.015799
0.000339
0.000530
0.015721
0.000003
0.003308
0.009722
0.000282
0.014899
0.001906
0.003601
0.105279
0.026603
0.000103
0.061863
0.001348
0.001291
0.001929
0.058115
0.000002
0.000265
0.035835
0.018885
0.000002
0.003713
0.010960
0.149180
0.018377
0.034041
0.018575
0.073021
0.391229
0.265441
0.003817
0.048813
0.011329
0.000053
0.011224
0.001202
0.013865
0.007427
0.004483
0.055389
0.025540
0.067282
0.001880
0.028270
0.009600
0.001592
0.025546
0.002167
0.067404
0.061977
0.008231
0.094076
0.261398
0.305163
0.000005
0.038286
0.043192
0.068654
0.068680
0.000101
0.001045
0.049813
0.004348
0.000320
0.037863
0.000002
0.001156
0.036564
0.005787
0.056523
0.000022
0.099035
0.013316
0.003975
0.063686
0.018191
0.170359
0.000571
0.002068
0.002736
0.013686
0.062690
0.000035
0.006809
0.053278
0.004762
0.091399
0.067035
0.003122
0.007827
0.111951
0.017409
0.068025
0.000562
0.057095
0.000297
0.001489
0.003957
0.526588
0.000148
0.443278
0.000164
0.038867
0.008741
0.531021
0.010784
0.033800
0.012116
0.000552
0.001619
0.008646
0.062655
0.021085
0.001107
0.000043
0.000033
0.090955
0.026813
0.342069
0.000302
0.003696
0.471654
0.033999
0.020950
0.010815
0.016499
0.010245
0.204151
0.004977
0.352310
0.245394
0.443848
0.012129
0.028886
0.038367
0.000081
0.003165
0.001858
0.010386
0.102233
0.269458
0.005359
0.000052
0.000002
0.049704
0.198147
0.000224
0.000008
0.003462
0.086739
0.096999
0.052277
0.002470
0.010272
0.111346
0.008420
0.007451
0.000303
0.012147
0.034650
0.000006
0.000063
0.035896
0.000486
0.002415
0.000367
0.014730
0.045274
0.000089
0.015966
0.004145
0.006646
0.038094
0.009079
0.000020
0.000332
0.002806
0.000040
0.000108
0.015187
0.003057
0.471552
0.082791
0.040194
0.604887
0.009247
0.003187
0.008037
0.010962
0.021813
0.019724
0.001018
0.148103
0.000476
0.035230
0.000073
0.001078
0.017726
0.000916
0.148787
0.098154
0.004991
0.079561
0.000138
0.148182
0.000121
0.003177
0.016016
0.001220
0.000949
0.394025
0.006437
0.010576
0.008831
0.022239
0.034031
0.000576
0.001368
0.003568
0.018583
0.148696
0.538781
0.442763
0.006872
0.011432
0.001636
0.177866
0.016683
0.000099
0.000165
0.389437
0.243843
0.000098
0.081996
0.032436
0.054827
0.096192
0.001173
0.254217
0.007100
0.167214
0.003147
0.696452
0.094758
0.168273
0.233174
0.653162
0.022754
0.035591
0.010326
0.014718
0.020198
0.011695
0.001541
0.064472
0.002043
0.010740
0.005478
0.000615
0.001381
0.075018
0.046775
0.043370
0.000205
0.187276
0.002741
0.081183
0.010378
0.000803
0.072259
0.000007
0.000023
0.034832
0.083578
0.026680
0.000270
0.000033
0.020822
0.000625
0.001290
0.578433
0.011346
0.019004
0.075933
0.099886
0.002659
0.000452
0.000013
0.009957
0.046714
0.061804
0.046899
0.567732
0.001145
0.000002
0.206067
0.000453
0.009336
0.085123
0.012494
0.004491
0.004472
0.029587
0.000037
0.405186
0.000002
0.003272
0.002735
0.146861
0.077047
0.000018
0.033362
0.002328
0.014842
0.021528
0.003595
0.000959
0.031421
0.117076
0.057357
0.495608
0.022870
0.153636
0.060813
0.230647
0.001592
0.028949
0.003925
0.016971
0.012110
0.111978
0.047436
0.002959
0.001655
0.005844
0.004198
0.000103
0.101815
0.350683
0.058653
0.086072
0.007859
0.000993
0.002407
0.000324
0.000038
0.000022
0.001668
0.043307
0.000756
0.003975
0.067963
0.004034
0.102198
0.001445
0.001838
0.009392
0.002805
0.012810
0.000123
0.015939
0.066321
0.020087
0.036399
0.120827
0.185596
0.000327
0.003231
0.446611
0.040951
0.140828
0.000205
0.024323
0.285720
0.036664
0.000521
0.033720
0.175911
0.030576
0.001213
0.002450
0.006580
0.022274
0.000002
0.000020
0.000622
0.019571
0.005194
0.000880
0.218862
0.353842
0.002131
0.060423
0.056636
0.000009
0.000712
0.000204
0.000382
0.006724
0.095479
0.047277
0.010452
0.004835
0.044059
0.000006
0.024697
0.016702
0.000012
0.045020
0.205263
0.009808
0.006243
0.000742
0.041272
0.035421
0.001907
0.224791
0.002282
0.008938
0.008205
0.000017
0.000604
0.000332
0.002095
0.002587
0.081780
0.036911
0.007165
0.210995
0.003476
0.001555
0.000004
0.004190
0.026497
0.197077
0.006523
0.018169
0.182151
0.006716
0.017178
0.002845
0.010876
0.001122
0.055103
0.002741
0.021152
0.084589
0.021158
0.065905
0.027590
0.051846
0.028837
0.000189
0.037788
0.035581
0.218662
0.000002
0.000010
0.001919
0.037002
0.022940
0.013676
0.000864
0.005654
0.121157
0.135483
0.284899
0.013335
0.077501
0.055026
0.014149
0.000311
0.002200
0.000334
0.126781
0.001515
0.004766
0.000612
0.023724
0.040550
0.040879
0.076127
0.020726
0.033479
0.022660
0.028066
0.003022
0.002994
0.178933
0.013734
0.063733
0.000527
0.010810
0.000036
0.054530
0.125011
0.437716
0.001795
0.172440
0.069777
0.002061
0.000609
0.000074
0.012870
0.021679
0.282615
0.099104
0.000239
0.010759
0.000335
0.011100
0.004022
0.007359
0.003430
0.005682
0.452859
0.475550
0.016042
0.004636
0.000194
0.027465
0.006835
0.044664
0.441743
0.053482
0.062961
0.000495
0.019133
0.053131
0.007094
0.116885
0.239988
0.017585
0.009117
0.000114
0.001065
0.006522
0.030963
0.107568
0.000196
0.049094
0.103046
0.000366
0.000657
0.055206
0.009234
0.065284
0.004974
0.043553
0.125959
0.003670
0.001737
0.000290
0.350304
0.000464
0.007805
0.000103
0.025349
0.000698
0.032594
0.013089
0.000252
0.003239
0.312973
0.097018
0.002143
0.282340
0.002943
0.548739
0.003441
0.041886
0.002192
0.209117
0.000083
0.007278
0.008101
0.019399
0.030804
0.000709
0.002480
0.001126
0.013364
0.060812
0.029772
0.175862
0.097217
0.003419
0.000094
0.041985
0.000274
0.062217
0.000148
0.020996
0.024806
0.003062
0.288230
0.010652
0.120218
0.000009
0.000173
0.310336
0.000059
0.001079
0.119586
0.019293
0.058808
0.150039
0.000145
0.045155
0.002906
0.000283
0.017572
0.000007
0.427301
0.110601
0.863598
0.000661
0.045623
0.002790
0.028943
0.022099
0.321387
0.000499
0.000690
0.072773
0.004537
0.013952
0.114690
0.000002
0.007465
0.029481
0.000608
0.009242
0.005161
0.003411
0.000813
0.058745
0.020332
0.032478
0.000010
0.004293
0.003996
0.248663
0.229625
0.010133
0.115102
0.004092
0.140805
0.050653
0.059435
0.000020
0.000336
0.041399
0.186002
0.002354
0.052698
0.043007
0.000550
0.003392
0.034683
0.023454
0.000122
0.190085
0.000818
0.030529
0.072021
0.014250
0.000771
0.000243
0.010660
0.001844
0.019765
0.018337
0.000164
0.005229
0.135189
0.185551
0.319142
0.000002
0.010561
0.000318
0.012029
0.000529
0.001273
0.000853
0.148764
0.056548
0.012731
0.015903
0.069061
0.387739
0.147037
0.025587
0.000002
0.001054
0.028449
0.060719
0.000939
0.000171
0.004293
0.139638
0.007658
0.000008
0.000260
0.000460
0.004086
0.000489
0.002659
0.016259
0.166959
0.066611
0.007308
0.000128
0.016479
0.010359
0.013509
0.001372
0.031416
0.358505
0.417493
0.011771
0.041618
0.023849
0.000083
0.010801
0.030423
0.013963
0.115081
0.000003
0.069250
0.195738
0.006894
0.000734
0.000422
0.004250
0.011325
0.003550
0.061716
0.027180
0.001453
0.149283
0.001189
0.035795
0.577939
0.091059
0.088800
0.000148
0.083174
0.001756
0.000926
0.019323
0.000032
0.003151
0.001011
0.024593
0.005289
0.001136
0.016044
0.012840
0.023524
0.000816
0.008793
0.019735
0.000554
0.094050
0.026533
0.000628
0.001492
0.008346
0.005694
0.025736
0.022041
0.057092
0.013199
0.007387
0.000651
0.006977
0.048420
0.430508
0.003410
0.443136
0.104888
0.016275
0.000090
0.046037
0.007813
0.000157
0.007896
0.000202
0.116453
0.082577
0.033720
0.000898
0.088050
0.039964
0.252216
0.013326
0.017191
0.011834
0.151857
0.276938
0.010174
0.028516
0.002871
0.012918
0.161677
0.017680
0.000519
0.020863
0.028545
0.009830
0.008353
0.008128
0.002446
0.003030
0.072826
0.085299
0.028651
0.586733
0.036180
0.017795
0.000048
0.027768
0.002135
0.101350
0.000203
0.270097
0.062790
0.000092
0.000002
0.088626
0.003762
0.189569
0.001562
0.103408
0.028641
0.032096
0.024462
0.008251
0.013913
0.029182
0.000271
0.059541
0.011193
0.114323
0.006742
0.044563
0.015490
0.075458
0.001779
0.034814
0.408220
0.125717
0.021020
0.000379
0.040833
0.011568
0.145282
0.022976
0.184235
0.000009
0.116884
0.001381
0.000164
0.045169
0.048489
0.315222
0.633596
0.000433
0.163570
0.023005
0.253787
0.241859
0.002131
0.014497
0.463964
0.013725
0.046088
0.066494
0.128515
0.331154
0.072549
0.006515
0.000021
0.006855
0.043279
0.000240
0.005167
0.005466
0.016115
0.036168
0.000004
0.000005
0.022053
0.000475
0.012012
0.000038
0.000069
0.077227
0.021420
0.000214
0.001890
0.000988
0.000890
0.062058
0.004428
0.046490
0.094294
0.014483
0.160574
0.000147
0.010555
0.088107
0.007503
0.000002
0.159573
0.101134
0.188460
0.000801
0.326635
0.004804
0.000083
0.000061
0.008720
0.003310
0.000015
0.039342
0.925502
0.108425
0.000012
0.004941
0.000783
0.131429
0.055617
0.126849
0.028716
0.005910
0.628018
0.012463
0.056457
0.082858
0.053428
0.003096
0.000090
0.179641
0.002012
0.013127
0.040805
0.735168
0.028749
0.006521
0.000022
0.000009
0.000322
0.026878
0.027884
0.021591
0.115431
0.007442
0.049622
0.000236
0.016573
0.031673
0.002169
0.020036
0.016324
0.000183
0.096100
0.006038
0.000003
0.108012
0.063945
0.088427
0.006978
0.117940
0.005916
0.005740
0.002425
0.000552
0.104510
0.002152
0.004449
0.013159
0.000004
0.000270
0.029720
0.010398
0.001815
0.001262
0.001826
0.108638
0.039577
0.000017
0.002326
0.089499
0.005223
0.007706
0.039265
0.001080
0.000693
0.055076
0.005982
0.108065
0.225624
0.089023
0.052211
0.013348
0.040804
0.004713
0.015063
0.001814
0.007219
0.177636
0.673609
0.000044
0.000661
0.397939
0.073745
0.003636
0.012497
0.009480
0.000032
0.019406
0.114969
0.143704
0.007195
0.000640
0.002025
0.017809
0.020054
0.000116
0.243642
0.000411
0.079887
0.124526
0.057867
0.007424
0.406168
0.027265
0.000276
0.010647
0.000152
0.000161
0.020698
0.011356
0.000018
0.000858
0.008291
0.005483
0.037134
0.040434
0.050274
0.006211
0.019547
0.001868
0.002057
0.010839
0.011559
0.001570
0.001277
0.023918
0.057683
0.000721
0.008308
0.087434
0.099928
0.942142
0.008646
0.005339
0.000562
0.036185
0.070861
0.000736
0.000075
0.015861
0.000205
0.097010
0.024194
0.000911
0.000180
0.000042
0.085565
0.008495
0.153088
0.003540
0.126637
0.000895
0.000342
0.009125
0.000077
0.220796
0.000357
0.010161
0.001889
0.000212
0.058981
0.004548
0.002337
0.124711
0.025400
0.377798
0.174819
0.031348
0.078993
0.044958
0.000134
0.008933
0.036506
0.025634
0.000004
0.876066
0.002031
0.000274
0.000355
0.111961
0.035807
0.001412
0.041615
0.000024
0.012673
0.247233
0.023550
0.028661
0.056812
0.001802
0.067625
0.023657
0.000441
0.001105
0.000007
0.001649
0.015134
0.002097
0.024584
0.000182
0.261777
0.013201
0.107881
0.020940
0.004710
0.010825
0.000945
0.008880
0.098290
0.085757
0.004196
0.000732
0.100663
0.011841
0.005259
0.088995
0.023664
0.000270
0.023424
0.032109
0.032794
0.005943
0.248416
0.177129
0.007276
0.002164
0.007027
0.051677
0.012525
0.006742
0.000007
0.084629
0.000043
0.222255
0.217010
0.000065
0.008062
0.001385
0.000658
0.008368
0.055076
0.000153
0.003712
0.001084
0.008732
0.000655
0.014676
0.001448
0.009385
0.065384
0.006311
0.046787
0.040777
0.320591
0.029891
0.001541
0.279971
0.004082
0.077559
0.007548
0.438496
0.006773
0.005885
0.006162
0.195857
0.000618
0.001069
0.000290
0.000010
0.405705
0.028927
0.002939
0.000606
0.038884
0.011461
0.577538
0.000463
0.059599
0.011589
0.000151
0.004771
0.000004
0.002368
0.000160
0.012174
0.007328
0.000412
0.006392
0.040264
0.000153
0.313858
0.003010
0.009093
0.000201
0.024327
0.039501
0.001099
0.007238
0.365879
0.013993
0.022932
0.000023
0.005370
0.012491
0.056405
0.000452
0.018807
0.000260
0.017656
0.003102
0.003325
0.001391
0.042426
0.387396
0.000455
0.054174
0.304350
0.015851
0.007704
0.040814
0.034859
0.000016
0.002644
0.154662
0.105764
0.007161
0.137953
0.008304
0.029208
0.000201
0.039441
0.057096
0.169417
0.046211
0.011849
0.000240
0.000743
0.070839
0.028796
0.001975
0.009191
0.000074
0.065595
0.022783
0.004770
0.090580
0.000342
0.300950
0.024938
0.000738
0.023944
0.032509
0.000461
0.075570
0.006814
0.067801
0.000002
0.018326
0.015771
0.000448
0.028680
0.010620
0.001630
0.000002
0.078596
0.000375
0.000125
0.006375
0.004089
0.026437
0.150988
0.085303
0.021828
0.000331
0.051674
0.020385
0.000542
0.001123
0.188684
0.108774
0.016808
0.002508
0.000002
0.032223
0.179695
0.015830
0.028816
0.005342
0.002823
0.005051
0.044396
0.012219
0.000050
0.000004
0.029084
0.016178
0.005009
0.041008
0.000412
0.024490
0.182384
0.167970
0.006972
0.019688
0.240668
0.018016
0.013097
0.038108
0.023653
0.001115
0.016819
0.008097
0.001926
0.008280
0.004691
0.136363
0.010735
0.003067
0.008459
0.002477
0.000048
0.084580
0.044510
0.003958
0.082267
0.000893
0.045449
0.194343
0.001691
0.074824
0.006469
0.316019
0.000004
0.085208
0.000720
0.017342
0.003296
0.040022
0.000026
0.003148
0.001087
0.042614
0.000140
0.022770
0.000020
0.000236
0.160275
0.003627
0.000110
0.000035
0.211515
0.002532
0.054543
0.018580
0.030613
0.134577
0.006541
0.000531
0.032012
0.213349
0.006857
0.031874
0.000002
0.011575
0.027013
0.010599
0.012867
0.007484
0.011841
0.082036
0.000374
0.027370
0.147955
0.040618
0.000615
0.018100
0.018448
0.000004
0.004250
0.003321
0.046465
0.050536
0.059736
0.038187
0.006195
0.194712
0.000578
0.700039
0.251414
0.003598
0.000182
0.000224
0.000188
0.000321
0.007075
0.012108
0.071265
0.000052
0.270880
0.008399
0.058327
0.017477
0.007380
0.053488
0.059776
0.001982
0.032118
0.003324
0.009862
0.318289
0.004026
0.000090
0.132536
0.009090
0.000018
0.057112
0.014155
0.001360
0.008305
0.078006
0.013894
0.055720
0.366273
0.000132
0.000221
0.049036
0.003859
0.406802
0.000182
0.087085
0.023124
0.051480
0.089307
0.027968
0.000494
0.000044
0.178161
0.038476
0.008285
0.048548
0.000104
0.000552
0.005789
0.001079
0.207653
0.000190
0.158554
0.080925
0.030071
0.119707
0.005639
0.000213
0.079300
0.000163
0.003387
0.090647
0.067711
0.008623
0.445198
0.000004
0.039404
0.006211
0.088773
0.162405
0.000580
0.017560
0.001414
0.003333
0.000005
0.018795
0.014895
0.000471
0.048242
0.001308
0.000002
0.069713
0.044625
0.701119
0.085013
0.187868
0.004375
0.237382
0.000586
0.000595
0.256013
0.035430
0.074556
0.209918
0.099918
0.004773
0.000036
0.004744
0.012255
0.073084
0.691929
0.012819
0.000795
0.002703
0.138856
0.821257
0.003672
0.035357
0.005996
0.035753
0.143936
0.150268
0.015106
0.000132
0.000314
0.002940
0.000058
0.000030
0.023067
0.061437
0.055388
0.000339
0.009133
0.002983
0.000400
0.146021
0.173798
0.000487
0.001118
0.055616
0.036817
0.015513
0.000628
0.004446
0.037633
0.000083
0.008518
0.009856
0.322961
0.000220
0.001961
0.070846
0.006250
0.003154
0.082308
0.000183
0.003413
0.003398
0.056120
0.002237
0.001357
0.112048
0.000880
0.061563
0.007258
0.003693
0.009366
0.102427
0.006979
0.027116
0.005987
0.135466
0.302019
0.653592
0.004840
0.108125
0.003978
0.002974
0.019951
0.000033
0.434958
0.032534
0.013171
0.000815
0.000109
0.026756
0.065555
0.030950
0.000776
0.006879
0.044131
0.006191
0.002101
0.040444
0.064846
0.002203
0.155042
0.012514
0.064125
0.000077
0.016228
0.014979
0.037555
0.000103
0.003514
0.370676
0.043874
0.000062
0.033320
0.084864
0.000047
0.307209
0.008571
0.002800
0.026229
0.001056
0.059183
0.002414
0.004087
0.000047
0.000353
0.024750
0.001497
0.012583
0.024564
0.000936
0.004574
0.018224
0.009042
0.037314
0.073004
0.046428
0.003324
0.032891
0.004326
0.000336
0.000002
0.002067
0.062202
0.014776
0.081702
0.002990
0.000917
0.574075
0.053604
0.012063
0.006204
0.009703
0.360770
0.057393
0.019120
0.017423
0.000341
0.156326
0.051085
0.009322
0.001216
0.002230
0.040801
0.011814
0.548060
0.024626
0.164715
0.133847
0.029105
0.000250
0.000862
0.000556
0.021921
0.022130
0.010643
0.011511
0.177320
0.002857
0.000082
0.004480
0.000018
0.034188
0.145917
0.116379
0.020833
0.012026
0.216077
0.012454
0.027420
0.020380
0.143550
0.015832
0.152903
0.000026
0.179086
0.029769
0.000982
0.028059
0.050003
0.000235
0.054627
0.000034
0.038727
0.001615
0.000652
0.054457
0.631539
0.001511
0.000031
0.013717
0.000211
0.000837
0.006868
0.029592
0.010459
0.051962
0.090774
0.000057
0.001639
0.000011
0.000080
0.367538
0.022420
0.007234
0.000012
0.000634
0.184556
0.086167
0.001925
0.032089
0.001985
0.000019
0.095666
0.012358
0.650405
0.041759
0.134477
0.071506
0.022494
0.029494
0.060597
0.001434
0.254664
0.269335
0.003434
0.001766
0.039611
0.001725
0.029353
0.006333
0.047466
0.002571
0.001050
0.009672
0.002756
0.001539
0.037352
