2519
2.160485
4
91
40
10
1
5047
-0.088819
-0.703810
0.019904
0.216253
-0.969307
1.000000
0.809091
0.186817
0.512120
1.000000
-0.101466
-0.850962
-0.274218
0.264176
-1.000000
0.724613
-0.906555
-0.236453
-0.707125
-0.746666
0.513026
0.512564
0.399418
0.914182
-0.153506
-0.873090
0.290057
0.181238
0.708252
-0.462639
0.677513
0.950935
0.303771
0.849837
-0.472773
0.004972
0.882425
-0.221865
-0.103409
0.329598
-0.551848
0.153406
0.712789
-0.520563
1.000000
0.818711
-0.087864
-0.668134
0.614586
-0.262859
-0.329004
-0.715063
-0.964390
0.296586
0.281995
-0.846171
0.687668
0.678849
-0.740573
-0.381811
-1.000000
0.787973
0.733394
-0.794785
0.785585
0.163985
0.939725
0.893687
-0.805144
0.066925
0.542997
0.422919
-0.789877
0.810051
0.132504
0.617951
-0.040157
-0.829485
-0.943119
0.583458
0.305315
0.864507
0.049406
0.565126
0.720322
0.325857
-0.739167
-0.750991
0.893392
-0.504901
-0.727405
0.724115
-0.985471
0.599212
0.225943
0.718244
0.108853
-0.567096
-0.941602
-0.566558
0.509229
0.032852
-0.651414
-0.767592
-0.664024
-0.453148
-0.487933
-0.632818
0.719662
-0.076149
0.576622
-0.575784
-0.380744
-0.982945
0.626885
-0.334997
0.206298
0.770037
0.952321
-0.788455
-0.965394
-0.477637
-0.881548
0.925370
0.001416
0.639466
-0.376894
0.266812
0.055302
-0.545357
-0.213028
0.058704
-0.197722
0.069010
-0.004163
-0.204658
-0.342186
-0.702660
0.309135
-0.750933
-0.054099
0.638627
0.936365
-0.243558
0.317539
0.208417
0.799245
-0.702517
0.008965
0.084995
0.313171
0.483239
-0.621407
0.251375
0.283684
-0.365907
-0.812134
-0.984045
0.182500
-0.449848
-0.743962
0.004488
-0.644911
0.870626
0.018654
-0.946832
0.040236
-0.066619
0.718427
0.022916
-0.208788
-0.988617
-0.215289
1.000000
-0.270665
0.906299
0.435887
-0.208334
0.616175
-0.979095
-0.605375
-0.493414
0.684821
1.000000
0.405038
0.977828
-0.008896
0.572033
0.893315
-0.963427
0.977984
0.808438
-0.140615
-0.570225
-0.656761
-0.074057
-0.274693
0.536508
-0.619578
-0.920026
-0.477421
-0.134361
-0.367134
0.591110
0.381375
0.554229
-0.593356
-0.518983
0.853928
-0.774676
-0.374527
-0.652260
0.553499
-0.641690
0.148655
-0.980782
-0.064177
-0.560950
-0.869350
-0.352022
0.688396
-0.264367
-0.621457
-0.406621
0.948465
-0.686646
-0.217210
0.962802
-0.064484
-0.016235
1.000000
0.146254
0.415691
-0.003696
-0.776927
0.639517
-0.383686
-0.407344
0.881677
-0.977944
-0.129731
-0.693642
-0.288443
0.907790
0.500462
0.346202
-0.828376
-0.966751
0.566614
0.094660
0.098184
0.832479
0.803926
-0.920003
0.803326
0.420766
0.210879
0.196424
-0.207375
-0.691859
-0.711579
0.615852
-0.295457
-0.289027
-0.743674
0.532792
-1.000000
-0.903545
-0.889175
0.915191
-0.615096
-0.866869
0.813804
0.475961
-0.986554
0.111779
0.357949
0.414534
-0.400556
-0.285597
0.005199
-0.110536
0.079717
-0.593952
-0.574439
0.564646
0.812672
0.722996
-0.683050
0.709081
-1.000000
-0.634430
-0.788568
0.557097
-0.564560
-0.224768
-0.911190
0.752559
0.202067
0.433559
-0.723179
0.263884
0.559988
-0.632480
0.221185
-0.199416
-0.393054
0.554904
0.256909
0.309342
-0.921008
0.089818
0.438680
0.510561
0.686880
0.634696
0.523200
-0.325605
0.342219
0.631784
0.008188
0.749873
0.205245
0.648194
0.290509
-0.075870
-0.027662
0.929779
0.901117
-0.467689
0.177272
-0.518215
0.824402
0.302074
-0.936348
-0.706546
0.760750
0.171191
0.213251
-0.497712
0.352836
-0.334799
1.000000
-0.138672
0.507899
-0.240614
0.884542
-0.593151
-0.581539
1.000000
0.599770
-0.192743
-0.771382
0.621387
0.023121
-0.390208
-0.390623
0.098494
-0.078828
0.550490
-0.059603
0.848503
0.512327
0.862254
-0.598894
0.850915
0.569083
-0.799456
-0.146032
0.471780
-0.412366
0.271956
-0.132235
-0.214237
0.513316
-0.709698
0.689078
-0.081910
0.572276
-0.482064
0.714480
0.479479
-0.269905
0.734113
-0.636095
0.131268
-0.298420
-0.619453
0.322398
0.193882
0.184555
-0.870709
0.377457
0.671631
-0.363468
-0.831115
0.214983
-0.212968
0.354057
-0.706607
0.214447
0.958353
0.803735
0.455888
-0.658235
0.953212
-0.337747
-0.669144
-0.374304
-1.000000
-0.594693
-0.903279
-0.550604
0.547833
0.416196
-0.278779
-0.598953
0.371446
0.382737
-0.354409
-0.545204
-0.354007
0.796043
-0.819303
0.406090
0.156008
0.711179
-0.248441
-0.909563
0.684889
0.257833
0.449156
-0.928172
0.157397
-0.573571
-0.433457
0.929595
0.465371
-0.792519
-0.262594
-0.577931
-0.081064
-0.603379
0.947007
-0.414231
-0.155716
-0.161070
-0.133130
-0.757432
0.565669
0.546542
0.763688
-0.116222
-0.168384
-0.978331
0.336819
-0.596071
0.221211
0.616415
0.049321
-0.921126
-0.257822
-0.354364
-0.591446
-0.128480
0.882992
-0.181132
-0.709321
0.973081
0.638503
-0.038676
1.000000
-0.886947
0.969226
0.425064
0.368285
0.088484
-0.511636
0.451687
-0.151404
0.624143
0.980669
0.303836
-0.230251
-0.553047
-0.983359
0.880538
-0.241332
-0.109034
-0.528003
0.512795
0.030553
-0.379882
1.000000
-0.326947
0.555613
0.627886
-0.068674
0.123863
0.143462
0.744285
-1.000000
-0.400126
0.462575
0.642803
-0.043397
0.630773
-0.963727
-0.105810
0.090109
-0.239662
-0.103126
0.694703
-0.735351
-0.475651
-0.384271
0.757713
-0.881570
0.143261
0.428661
1.000000
-0.818202
0.044133
-0.745254
-0.947558
-0.590571
-0.360278
-0.194704
0.224338
-0.790853
-0.480956
0.411890
-0.293718
0.622007
-0.012644
0.662215
0.610535
0.423634
-0.836477
-0.784583
0.334698
0.891367
0.855048
-0.971716
0.417346
-0.908968
-0.481391
-0.387346
-0.174704
-0.062542
0.581988
0.582371
0.977882
-0.912414
-0.240597
-0.737860
-0.709095
0.834395
0.390073
-0.524828
-0.399938
-1.000000
-0.150026
0.435196
-0.298293
-0.107943
0.120939
0.463645
-0.617395
-0.206234
-0.568957
-0.293300
0.940789
-0.275617
0.212802
-0.165421
-0.173895
0.081293
-0.209564
-0.794847
0.012673
-0.035877
0.527216
-0.786273
-0.152556
0.792482
0.370014
-0.161175
0.843062
0.286934
0.994569
0.320466
0.098980
-0.093473
1.000000
-0.986040
0.155424
0.509368
0.681503
0.955620
0.292375
0.337411
0.786021
0.542690
-0.667894
0.890450
-0.395825
0.262412
-0.639956
0.586450
-0.557057
0.055404
-0.619426
0.080380
-0.137680
0.389768
0.063444
0.412609
1.000000
-0.576100
0.109452
0.341670
0.180611
-0.176137
-0.311915
-0.506435
0.294044
-0.413499
-0.106097
-0.851531
-0.401346
0.578224
0.855726
-0.037373
-0.888807
-0.889619
0.168667
-0.470460
0.953745
-0.188985
0.691582
0.535378
0.527695
0.024899
0.716486
0.432226
-0.043040
-0.921032
0.642806
-0.734697
-0.380256
-0.085550
0.286781
-0.156547
0.852313
0.871327
-0.442059
-0.452873
0.533420
0.056772
0.568618
0.535190
0.318213
0.404088
-0.567497
0.651271
0.778900
-0.407570
-0.127111
-0.470554
-0.789721
-0.848027
-0.077554
-0.706348
0.606266
0.615512
-0.199464
0.730755
0.475447
-0.691541
-0.285983
0.506384
0.641661
-0.864402
-0.407025
-0.622591
-0.742688
0.576092
-0.499208
0.367215
0.823339
0.122816
0.035932
1.000000
-0.056391
0.231315
-0.936723
-0.782105
0.993239
-0.941082
0.127842
-0.045117
1.000000
0.333843
-0.976471
0.721991
-0.308448
-0.367533
0.901003
0.911239
0.966540
0.683250
-0.430946
0.453034
-0.253948
0.151100
-0.515021
-0.214598
0.086084
-0.607786
0.542942
0.181501
-0.457499
0.723561
-0.736917
0.958275
-0.486958
-0.592696
0.384117
-0.902893
0.834630
-0.476538
-0.604386
-0.840777
0.490153
0.010470
0.186532
0.263872
-0.199868
-0.690210
0.489127
0.060406
-0.047623
-0.795837
0.674544
-0.866443
-0.710135
0.508834
0.003546
-0.183216
-0.666146
-1.000000
0.109624
0.889106
-0.064822
-0.933574
-0.525109
-0.373888
-0.955751
-0.857903
0.343348
0.294668
-0.324722
-0.890801
0.338119
0.901553
0.178743
-0.815575
-0.594714
-0.846990
0.128101
-0.115941
-0.840470
1.000000
0.336305
-0.217494
-0.220590
-0.684941
-0.755047
-0.890446
-0.893164
-0.455498
0.896990
0.170152
-0.811636
0.543536
-0.836778
0.355072
0.153176
1.000000
-0.131165
-0.946484
-0.372015
0.396796
-0.912809
0.793477
-0.526923
0.652696
0.756425
1.000000
0.226852
0.001859
0.092921
-0.775146
-0.819388
-0.586122
-0.585520
-0.930928
0.137025
0.778094
1.000000
0.749997
0.096261
0.966674
-0.025438
-0.022190
-0.530424
-0.938461
0.415728
0.873637
0.759738
-0.442313
-0.170460
-0.817113
-0.854419
0.817931
-0.444709
-0.151414
-0.097703
0.091977
-0.564213
-0.362528
-1.000000
-0.329179
-0.130142
0.092024
-0.544985
-0.797258
0.248496
-0.000170
0.177000
-0.676213
-0.672710
1.000000
-0.396032
-0.556358
0.019628
0.921085
-0.839514
-0.442949
-0.778310
-0.263560
0.401086
-0.178230
0.624934
-0.550521
0.902905
-0.022259
0.638185
0.721781
0.572231
0.054547
0.053535
0.848938
-0.365502
0.102247
0.524991
-0.055895
1.000000
-0.746850
0.806700
-0.072443
-0.051230
0.599733
-0.499771
0.316962
0.101323
-0.751176
-0.565479
-0.197675
0.447200
-0.787288
0.812943
-0.323312
-0.451378
0.761111
-0.064439
0.354784
0.139659
0.390899
-0.548612
-0.978644
0.030554
0.548639
0.989020
0.256925
-0.189929
0.814150
-0.054358
0.318191
0.471789
-0.533636
-0.319296
-0.346615
0.265063
1.000000
0.234102
0.034647
-0.422105
0.514063
0.508168
0.409441
-0.023956
-0.233772
-0.710704
0.937005
-0.910370
0.373008
-0.649288
0.983149
-0.783467
0.509931
-0.059309
0.180885
0.453053
-0.113740
1.000000
0.429692
-0.544346
0.849063
-0.402832
0.050591
0.348783
0.995139
0.618815
0.502034
0.491810
0.461195
-0.819500
0.195665
-0.141684
0.941496
0.858033
0.052794
-0.229947
0.875299
-0.737832
-0.305509
0.732298
0.738369
0.457538
-0.652275
0.880068
0.438403
0.345616
-0.274445
-1.000000
0.749571
0.112076
-0.964995
0.745221
-1.000000
0.716915
-0.563757
-0.440172
-0.669349
0.464248
-0.062396
1.000000
0.181220
0.033108
-0.486763
-0.411820
0.788223
0.447236
-0.895625
-0.422051
-0.729201
-0.945582
-0.126375
0.796890
-0.700564
-0.065178
-0.208902
-0.404980
0.385667
-0.725673
-0.614598
0.041338
-0.659494
0.435091
-0.950863
0.930579
0.486270
-0.460950
0.695228
-0.684785
-0.173026
-0.338265
0.971100
0.434962
-0.077753
0.833304
-0.368245
-0.649726
0.619763
-0.593231
-0.843385
-0.155506
-0.816822
0.128086
0.064431
-0.496060
-0.543394
-0.162995
-0.882814
-0.526164
0.473817
0.732321
0.133387
0.231275
-0.865444
-0.056967
0.945478
0.784914
-0.162624
0.053952
-0.747370
0.982515
0.977663
0.028965
-0.359292
-0.821158
-0.255431
0.996595
0.508627
-0.953018
0.465777
-0.296838
-0.517490
-0.745367
-0.601550
-0.615658
0.929911
0.757749
0.084123
-0.447344
-0.326052
0.805923
0.107941
-0.836125
0.191281
-0.251051
-0.329643
0.875834
-1.000000
-0.796435
-0.657371
-0.334696
-0.159717
0.189670
-0.554207
-0.472502
0.042731
0.133521
0.368133
-0.875282
-0.700749
-0.856999
-0.841604
-0.337868
-0.891109
-0.809522
-1.000000
0.976494
0.292701
0.870351
-0.075575
-0.103914
-0.920845
-0.186814
-0.574429
-0.265667
0.142556
0.113163
-0.550248
0.260987
-0.350189
0.663828
0.253961
0.863743
0.817047
-0.044253
0.063345
0.676963
-0.674995
-0.770233
0.666206
-0.541044
0.773065
0.024012
-0.151911
0.470627
-0.791860
-0.431830
-0.005999
0.146151
0.622808
-0.638249
0.559584
-0.913862
0.700250
0.274109
-0.296247
-0.752952
0.938373
0.519860
-0.785635
-0.090498
0.642271
0.807832
-0.711796
0.039000
0.831556
0.700334
0.183803
0.914470
-0.432293
0.722195
-0.935963
-0.248251
0.463378
0.287877
0.729804
0.936952
-0.632711
0.630179
0.408466
-0.248860
-0.198579
0.344573
0.463477
-0.807836
-0.378728
0.194529
-0.982003
0.307032
0.170425
0.439565
0.006107
0.747788
-0.073957
0.470247
0.816649
0.814289
-0.116791
0.921745
-0.105171
0.442994
0.286260
0.358424
-0.097828
0.957514
0.183372
-0.779151
0.655080
0.422467
0.758631
-0.216948
-0.880767
-0.923922
-0.970835
0.584811
-0.103584
0.538924
-0.445355
-0.222049
-0.478244
0.187301
0.741408
-0.839724
0.449741
0.968307
-0.570893
-0.783369
-0.887425
-0.139795
-0.245218
0.754303
0.578683
-0.393175
-0.024164
0.170350
0.069749
0.752432
-0.770996
0.102128
0.706906
0.134912
0.477421
0.689834
0.297803
-0.499049
-0.359243
0.035421
0.608800
-0.012031
-0.603435
-0.471756
-0.815258
0.874983
-0.102083
-0.302448
0.405032
0.524907
0.254560
0.771819
-1.000000
-0.404398
0.400726
0.335360
0.412712
-0.290007
0.908912
-0.672330
0.181833
0.061312
0.246209
-0.763932
0.286897
0.982933
0.708982
0.190847
-0.714596
-0.292266
0.848386
-0.060529
-0.564377
0.892442
-0.235088
0.016284
-0.349527
0.964191
-0.064169
0.808730
-1.000000
0.018363
0.186349
-0.163492
0.966442
0.832280
0.346159
0.459093
-0.833142
-0.366578
-0.027324
0.799926
-0.600299
0.747918
0.402520
0.806498
0.317025
0.653814
-0.623548
-0.494983
0.465441
0.091692
0.910575
0.831617
0.707355
0.580193
-0.449168
0.454155
0.104586
0.716045
0.096876
0.727204
0.285678
-0.809119
0.420439
-0.750536
-0.863860
0.946330
0.488265
-0.505052
-0.844571
-0.924797
0.695829
-0.694383
0.251298
0.814735
0.185671
-0.666643
0.299579
0.043370
-0.197698
0.842164
0.455538
-0.606317
0.444278
-0.941510
0.573020
-0.307010
-0.377162
-0.781894
0.891446
-0.579985
-0.242537
0.491117
0.219911
0.850759
-0.713530
-0.149923
0.384808
0.485340
0.724217
-0.363104
0.019212
0.403583
-0.352460
-0.044382
0.730633
-0.649660
-0.139584
0.224357
0.471450
0.667313
-0.492653
-0.521089
-0.582699
-0.767613
-0.894901
0.417807
-0.558211
0.566134
1.000000
-0.270687
0.859605
0.142326
0.976879
0.950943
-0.566722
0.084491
-0.676041
-0.095514
-0.213702
-0.315552
0.778886
0.801465
-0.424253
-0.619688
-0.906178
0.649970
-0.723913
0.800248
0.659288
-1.000000
0.309769
-0.218359
0.537005
-0.534537
-0.644419
0.772771
-0.181238
-0.432124
0.475741
-0.820130
-0.362426
-0.009705
0.103229
0.463656
-0.194340
0.589526
0.772667
-0.478672
-0.167907
-0.691139
0.217539
-0.949848
-0.138189
-0.768742
0.025878
0.289807
-0.851519
0.058251
0.567690
-0.120084
-0.295558
0.049763
-0.540902
0.474987
0.032717
0.056592
0.886626
-0.839174
0.642746
0.093720
-0.185855
0.807841
-0.870270
-0.420043
-0.420754
-0.213820
0.670037
-0.031070
0.407791
0.178842
-0.464203
-0.769674
0.551170
0.673965
0.681895
0.050221
0.090178
0.311123
0.403870
0.742923
0.993092
0.168854
0.611818
0.766740
-0.327037
0.694808
0.597500
0.778306
-0.440228
-0.354204
-0.306662
0.467449
-0.536387
-0.389443
-0.160299
0.985035
-0.128395
0.995125
-0.892712
0.873795
0.329382
-0.373120
-0.021587
0.118972
0.236727
0.992993
0.160841
0.526750
0.596985
-0.094950
0.246796
-0.255577
0.147117
-1.000000
0.528155
0.269263
-0.919230
-0.648545
-0.308431
-0.377602
0.816138
-0.044914
-0.248409
0.501584
0.405939
0.061640
-0.415484
-1.000000
-0.558417
0.216150
0.481985
-0.624224
-0.432403
-0.440765
-0.478417
-0.544432
0.209020
0.787417
0.614029
0.757081
-0.857896
0.692604
0.961938
0.266532
0.731369
0.086870
0.561185
0.962492
-0.258560
0.471147
-0.134475
-0.869411
-0.812480
-0.089926
-0.058532
-0.000737
-0.738033
-0.129435
1.000000
-0.651163
0.620012
0.272120
-0.298231
0.706713
0.468098
-0.063827
0.686272
-0.979207
0.413704
-0.152773
-0.724991
-1.000000
0.519134
-0.768459
0.749522
-0.517416
-0.353750
0.211817
-0.960301
0.275307
-0.363607
-0.142216
0.436005
-1.000000
-0.305466
-1.000000
-0.098691
-0.621357
-0.869889
0.073880
0.047147
-0.557286
-0.885472
0.235874
0.561333
0.189028
0.535314
0.768403
-0.098671
-0.852764
0.998395
0.221027
-0.639043
-0.594212
0.235035
-0.939140
-0.617136
-0.127043
-0.812964
0.702255
-0.124166
-0.182228
-0.025842
0.653868
0.457142
0.009750
0.581899
0.077030
0.113129
0.790866
-0.173301
-1.000000
0.833149
0.163720
-0.645973
0.325552
-0.595971
0.311791
0.694862
-0.167529
-0.061381
0.507193
0.860710
-0.857091
-0.309779
0.794938
-0.947817
0.600191
-0.574951
-0.522344
0.975332
-0.762431
0.879051
0.376896
0.975523
0.703207
0.805772
-0.357676
-0.130203
-0.081882
-0.494866
-0.878455
-0.208729
-0.895796
-0.819104
-0.224426
-0.138729
-0.352058
-0.821103
0.321880
0.509774
0.979634
-0.105347
-0.787289
-0.229779
-0.716647
0.660490
-0.479114
-0.704806
-0.147206
-0.522248
-0.753666
-0.226596
-0.345068
0.914544
0.929530
-0.738396
-0.621687
-0.827064
0.880526
-0.328181
0.476743
0.045913
-0.995815
-0.387444
-0.882044
-0.983318
0.669046
0.689969
-0.784031
0.461420
0.764506
-0.413424
0.455288
0.316664
-0.886792
-0.725865
0.216608
0.858882
-0.278551
-0.706155
0.748046
0.260885
-0.802779
-0.939593
-0.573687
-0.261533
-0.370761
0.472484
0.859169
0.192303
-0.973460
0.193415
-0.219793
-0.605877
0.486375
-0.828981
0.294223
-0.239773
-0.248913
-0.627608
-0.744954
-0.037217
-0.343823
0.348737
0.251081
0.530869
0.384199
0.883382
0.733160
-0.277253
0.198849
-0.714361
-0.007907
0.997991
0.501375
0.578780
-0.736914
-0.804214
0.609907
0.935046
-0.140222
0.354548
-0.631030
1.000000
0.404173
0.282889
0.157392
-0.517165
0.741411
0.460709
-0.805577
-0.605245
0.486875
0.376201
0.083902
1.000000
-0.344838
0.103022
0.038826
-0.650313
0.756743
-0.413468
-0.774473
0.763785
0.473320
0.751432
-0.447244
-0.181724
1.000000
-0.637267
0.743314
-0.529618
0.186837
-0.765516
-0.328493
0.976275
-0.852538
-0.897844
0.978769
1.000000
-0.406048
-0.935388
0.048595
-0.261946
-0.027626
0.088606
0.951354
-0.549736
0.152298
0.189442
0.230566
0.170898
0.205839
0.271049
-0.056962
-0.436040
-0.029546
0.683987
0.698443
0.912933
0.859294
-0.725353
-0.358781
0.893476
-0.415845
0.596711
-0.767021
-0.676771
0.349931
0.681885
-1.000000
-0.880436
-0.724406
-0.629930
-0.193558
0.949509
-0.956150
0.931465
0.080525
-0.684185
-0.820257
0.023139
0.806512
-0.469704
-0.121924
1.000000
-0.586509
0.290347
0.353235
-0.621927
-0.214504
0.759387
0.604581
0.989818
1.000000
0.622115
0.754618
-0.371192
-0.378369
0.879936
-0.960031
-0.694126
0.895889
0.355371
0.800194
0.197012
-0.211633
0.037899
-0.425170
0.187635
-0.560540
-0.189370
0.224835
-0.827817
0.969283
-0.331412
0.698555
0.579375
0.931119
0.202123
0.391161
0.281496
-0.246491
-0.150569
0.755411
0.314704
-0.199022
-1.000000
0.998668
-0.430744
0.575946
-0.490645
-0.475316
-0.906956
0.742633
0.066598
0.877967
0.959308
0.373747
-0.970607
-0.979228
-0.728910
-0.096974
-0.653583
0.023624
-0.299299
0.431525
0.289092
0.470511
-0.500982
0.879559
-0.231639
0.274931
0.121550
-0.357911
0.212555
-0.839508
-0.459834
-0.380201
0.790748
0.674229
0.656705
-0.996689
-0.773322
-0.826709
-0.856621
0.295601
-0.585153
-0.800966
-0.141051
0.674744
-0.313586
0.334443
-0.592129
-0.416340
0.471994
0.006007
-1.000000
-0.181382
-0.191372
-0.348143
-0.416530
0.917700
-0.154222
0.880695
0.888423
0.541804
-0.061034
0.423343
0.011393
0.084276
0.366610
-0.216397
-0.379754
-0.029346
0.506560
-0.310701
-0.959837
-0.842716
0.439654
-0.710133
-0.309477
-0.183878
0.410620
-0.819855
0.555526
0.546348
0.655260
-0.067051
-0.780800
-0.281761
0.594665
-0.658803
0.339786
-0.181690
0.117256
0.126834
0.517446
0.974177
-0.654691
-0.626568
-0.331701
-0.086089
0.617647
-0.440586
-0.609909
-0.440774
0.731966
0.631025
0.546418
0.121208
0.271288
0.360600
0.892242
0.538627
0.941047
-0.933573
0.374345
0.517001
0.417947
-0.794420
0.176155
0.275360
-0.794940
0.743539
-0.143429
-0.860403
-0.741920
-0.714726
0.067255
-0.212655
-0.977783
-0.072214
0.570609
0.612064
-0.043407
0.296672
-0.938973
0.535545
0.570227
-0.825270
0.731090
0.119399
0.005207
-0.407433
0.727696
-0.590258
-0.168344
0.000562
0.703468
0.226162
-0.752448
0.807682
0.383347
0.345175
0.696085
-0.470235
-0.027785
0.282290
-0.898277
0.062235
0.363813
-0.856345
0.043362
-0.586157
0.593521
-0.739158
0.911690
0.810839
0.466533
-0.316182
-0.135490
-0.374261
-0.885124
-0.729130
-0.951286
-0.856460
-0.073188
-0.452714
0.829681
0.973543
0.557794
0.306480
0.030979
0.589176
-0.489219
-0.980719
-1.000000
-0.510900
-0.070153
0.217213
0.391095
0.304436
-0.448368
0.862839
-0.964685
0.939058
0.972270
0.835946
0.600937
0.258581
0.347300
0.537060
-0.300158
0.397952
0.998431
-0.550180
0.764911
0.560534
0.739327
-0.569166
-0.586546
0.304992
0.122179
-0.805020
-0.072786
-0.107714
0.946353
-0.323513
-0.725767
-0.511155
0.725039
-0.519414
0.016141
0.699922
-0.478674
-0.690613
-0.304025
0.047794
-0.026750
0.694615
0.171208
-0.004607
-0.216566
0.393098
-0.163248
0.983389
0.431351
0.267676
0.445768
0.252307
-0.104035
0.507583
0.042019
0.533313
-1.000000
0.788943
0.787428
-0.216467
0.930303
0.025469
-0.948349
0.379410
0.319004
0.313156
0.114572
0.352842
0.573589
0.349261
0.487182
-0.025513
0.494517
-0.469390
0.114322
0.891765
-0.692032
-0.537630
-0.855314
0.992259
-0.545615
0.386750
0.331424
0.917393
0.839116
0.810808
-0.693717
-0.130181
0.484978
0.662972
0.545539
-0.613891
1.000000
0.239190
-0.047146
0.038653
-0.075476
-0.462104
-0.580468
-0.496825
-0.425679
0.972208
0.017597
0.191601
-0.581637
1.000000
0.338357
0.827188
0.404872
0.614815
-0.658550
-0.462351
-0.310330
-0.682910
-0.731920
-0.152526
-0.463024
-0.107266
0.487615
-1.000000
-0.265095
-0.146890
0.506833
-0.635860
0.526181
1.000000
0.253637
-0.743377
-0.403646
0.361841
0.831579
-0.383724
0.303761
0.732800
0.066145
0.895064
0.670209
0.762849
0.445980
0.985801
0.085403
-0.258050
-0.243883
-0.613840
0.918230
0.189479
-0.840688
0.806769
0.243733
-0.153547
0.825579
0.844388
-0.140794
-0.155854
0.190663
0.784681
-0.652867
-0.089124
-0.351303
-0.471552
-0.556128
0.042707
-0.416305
0.940018
0.710389
-0.164050
-0.199742
0.150400
1.000000
-0.998063
0.427056
-0.422633
0.789023
0.239701
0.515260
0.147948
0.168576
0.962602
-0.064499
0.716573
-0.929682
0.905853
-0.783396
0.118646
-0.132873
-0.192895
0.775934
-0.875881
0.405185
-0.449223
-0.140104
-0.711627
-0.176095
0.576686
0.314165
-0.394414
0.671254
-0.002396
0.079359
-0.541928
-0.574322
-1.000000
0.067365
-0.301879
-0.950777
0.445062
0.609209
0.371311
-0.634533
0.712912
-0.684045
0.142154
-0.480014
-0.369963
-0.968423
-0.347440
-0.026202
-0.964004
-0.143941
0.705318
0.214986
-0.482081
0.554365
-0.191821
-0.298197
0.216393
-0.644152
0.375026
0.539990
-0.041120
-0.432617
0.307374
0.007079
-0.772836
-0.887403
-0.644182
0.399653
-0.396193
-0.994725
-0.039724
0.192590
-0.404405
-0.596795
0.435951
-0.363545
-0.412834
-0.011286
-0.587070
-0.024687
-0.516051
0.580192
-0.075765
-0.088451
-0.968656
0.607466
-0.184520
-0.862022
-0.448406
0.775546
0.571682
-0.936037
0.176225
0.990758
0.331629
-0.457074
0.370434
0.940940
-0.493351
0.702210
-0.091695
0.704568
0.928459
0.984133
0.264231
-0.535891
-0.464618
-0.689064
0.765083
0.266839
-0.542727
-0.144250
0.481740
-0.876008
-0.011431
1.000000
0.938254
0.411235
0.090455
0.729792
-0.626419
-0.291513
-0.359835
-0.189018
-0.801087
-0.483587
0.205165
0.594347
0.386935
-0.182539
-0.612001
-0.573851
-0.206877
-0.488452
-0.190322
0.664794
-0.882391
0.711571
0.455378
-0.213995
-0.292026
0.744726
0.373445
-0.311239
1.000000
0.113437
0.962025
-0.896164
0.939159
-0.172713
-0.139969
-0.057851
-1.000000
0.739703
-0.430778
0.029122
0.170739
0.980730
0.706577
0.027933
0.950006
-0.474938
0.107336
-0.463896
-0.861925
0.957476
0.337258
-0.445960
1.000000
-0.268938
-0.109878
0.587481
-0.089620
0.697774
0.181672
-0.732473
0.136745
0.005745
0.397788
0.028771
0.057429
-0.309581
-0.612825
-0.022801
-0.653512
0.436595
-0.231070
-0.599842
0.237846
-0.290628
0.760617
-0.146638
0.693225
-0.951590
-0.673971
0.965380
-0.145461
-0.156502
-0.507495
0.554040
-0.362535
-0.836477
-0.588755
0.628914
-0.499858
0.615587
0.238651
0.142508
0.929434
-0.011489
0.370956
-0.970609
0.317102
-0.687630
0.688061
0.831713
0.718547
0.102073
-0.316653
-0.844354
-1.000000
0.876156
0.945107
0.255859
-0.115166
-0.859546
-0.045222
-0.505149
-0.415618
0.913224
-0.603117
0.258671
0.976001
-0.499094
1.000000
-0.615361
0.502382
0.249656
-0.143073
0.762249
-0.038473
-0.333177
-0.640892
0.910096
-0.176593
-0.544608
-0.564037
0.420269
-0.653703
0.557971
-1.000000
0.709594
-0.145536
0.697559
0.783745
0.799208
0.149490
0.591613
-0.963984
0.965541
0.127340
0.977350
-0.638301
-0.909241
0.091927
-0.026694
-0.252226
-0.916601
-0.582734
1.000000
0.465685
-0.010537
0.335462
0.070749
-0.915379
-0.116212
0.946910
-0.310653
-0.152269
0.501773
0.503955
-0.393641
-0.266591
0.458768
0.335840
-0.840866
0.656928
0.079911
-0.701176
-0.525375
-0.134554
-0.263922
0.857935
0.024187
0.569537
0.415524
0.412904
-0.026523
0.723833
-0.696098
-0.734139
0.533927
1.000000
-0.674599
0.117671
-0.738201
0.754810
-0.448507
-0.486873
0.566652
-0.670455
1.000000
-0.959111
0.251101
-0.629128
0.281170
0.081908
-0.605569
-0.738251
0.252788
0.965574
-0.270699
0.455669
0.805440
-0.859179
-0.507689
0.266489
0.486431
0.791758
0.188563
-0.978719
-0.185634
0.707257
-1.000000
-0.945129
-0.628980
-0.402795
0.746981
-0.594045
0.601985
-0.045933
-0.026162
0.890661
-0.306914
0.966549
0.189698
-0.399824
0.263808
-0.973324
-0.735149
-0.793854
-1.000000
0.014794
-0.333978
-0.889511
0.227245
-0.808681
0.477881
0.135839
0.643722
-0.832836
-0.637845
0.302280
0.993906
0.992706
0.873262
0.913449
0.748413
0.012919
-0.519784
0.837043
0.345066
-0.840195
-0.365423
0.161861
-0.748798
0.984923
-0.074317
-0.848154
-0.574812
-0.711987
-0.262682
-0.018134
0.111441
-0.285156
0.890916
0.391408
0.410427
-0.284393
-0.826909
-0.993268
0.530772
0.261005
-0.618217
0.707328
0.948933
-0.308969
0.011945
0.663223
-0.368722
0.583647
-0.120477
-0.726999
-0.367479
-0.517673
0.923137
0.293224
-0.779288
0.146577
0.005470
-0.247163
-0.805203
-0.881105
-0.194721
-0.334747
0.668427
-0.666591
0.832127
-0.165967
-0.494314
-1.000000
0.226423
0.602244
-0.699634
0.690744
0.608257
0.125809
-0.497642
0.109282
-0.312300
0.772977
0.683440
0.647585
-0.669687
0.651215
-0.106854
0.089474
0.215356
-0.129994
0.305029
0.936386
0.763886
0.840614
-0.219515
0.315916
0.377340
-0.343065
0.216122
0.559352
0.145948
0.767937
0.205409
0.232903
-0.667985
1.000000
0.316567
0.473457
-0.578048
-0.032418
0.130644
0.588207
0.018458
-1.000000
0.073080
-0.757411
0.314964
0.541656
0.351418
0.887804
0.624131
-0.875693
0.588526
-0.193699
-0.516381
-0.303231
0.834896
-0.453558
-0.528196
0.943825
-0.718270
-0.258740
-0.461440
-0.380390
0.901837
0.925424
0.367225
-0.962732
0.953239
0.610610
-0.230684
0.075373
0.453421
0.202888
-0.844750
0.300184
0.652585
-0.073845
-0.399206
0.190977
-0.483751
1.000000
0.019184
-0.286370
-0.457809
-0.309384
-0.664422
-0.183000
-0.155949
-0.062943
0.121757
0.175324
0.406537
-0.295757
0.855542
0.325772
-0.739238
1.000000
-0.732058
-0.385104
0.309546
0.849586
-1.000000
0.936803
0.871044
0.489104
0.211718
0.778766
0.773542
0.202446
0.952098
-0.520039
-0.760660
0.970373
-0.767307
-1.000000
-0.022157
0.641275
0.092801
-0.488172
0.095597
-0.249369
0.975054
0.458083
-0.560543
0.206717
-0.107317
-0.993861
-0.763186
-0.608182
-0.820878
0.446012
-0.358473
0.119964
0.697020
0.928064
-0.121918
-0.407345
-0.075899
-0.578398
0.103172
-0.700140
-0.836367
0.613764
-0.984296
-0.401981
0.972122
-0.972242
-0.640709
-0.630470
0.560391
0.464469
0.361946
-0.782867
-0.582691
0.367005
0.396876
0.474867
0.423271
-1.000000
-0.885890
0.377040
-0.106005
0.893403
0.116819
-0.346929
0.628465
0.758779
-0.826901
-0.813739
0.721392
-0.237933
-0.367933
0.400127
0.750409
-0.253425
0.868422
0.351262
-0.949372
-0.169764
0.016972
-0.666578
-0.223961
0.217654
-0.561528
-0.324840
0.174632
0.604124
0.594988
-0.676370
0.138968
0.430043
-0.848042
1.000000
0.842584
-1.000000
0.941191
0.503650
-0.356298
0.881901
-0.379873
0.424545
-0.946749
-0.859498
-0.524540
0.563325
0.506973
-0.244397
0.839623
-0.186961
0.602830
-0.603721
-0.031218
-0.026155
-0.493956
-0.316685
0.086788
-0.048971
0.448730
1.000000
-0.355997
0.505524
-0.658748
0.795079
0.799388
-0.197012
-0.095193
-0.660143
0.101155
0.154109
-0.418932
-0.886903
-0.185358
0.400972
0.945579
0.941912
0.790817
-0.303929
-0.049808
-0.675765
-0.965977
-0.474287
-0.164258
-0.058115
-0.371721
0.824284
0.988729
0.885916
0.537613
-0.496953
0.956134
0.159361
-0.589861
0.716170
0.436827
-0.048336
-0.290360
-0.872489
-0.022909
0.539257
0.667524
0.414261
-0.935388
0.901191
0.383170
-0.114093
0.937528
0.358896
-0.958471
-0.194064
-0.824263
0.178067
-0.051827
-0.033581
0.143277
0.551614
0.942525
0.043698
-0.412565
-0.967582
0.474535
-0.387823
0.038649
0.224317
0.838185
-0.000306
-0.945030
1.000000
0.209912
-0.289031
-1.000000
-0.840401
0.720816
-0.048598
-0.172036
0.007285
0.399967
0.517472
-0.961680
-0.711214
-0.115893
-0.158332
-0.909761
-1.000000
0.645032
0.569844
0.436029
-0.830468
0.007748
-0.264028
0.343036
0.868841
-0.018161
1.000000
0.083739
0.553242
0.868842
0.059119
-0.093792
-0.884413
-0.910727
-0.313754
0.975054
0.414163
-0.809654
-0.176398
-0.549521
0.003537
1.000000
-0.205499
0.692041
-0.072904
-0.593891
0.938659
0.975567
-1.000000
0.686215
-0.254951
0.998955
-0.430200
-0.696181
-0.738608
0.747513
-1.000000
0.193559
0.761372
-0.954130
0.142308
-1.000000
0.591010
-0.452746
1.000000
0.363421
0.391414
0.751050
-1.000000
0.420848
-0.022496
0.299287
0.041500
-0.287021
-0.937492
0.213484
0.143610
-0.152667
0.711436
0.392665
-0.893431
-0.741386
-0.375878
-0.356693
-0.544238
-0.283829
0.068325
0.756484
0.664286
-0.495526
-0.162017
-0.204375
0.562271
0.195441
0.239689
0.742392
-0.614651
-0.041348
0.178686
-0.527643
-0.069015
0.182377
0.783179
-0.214256
-0.783678
0.764903
0.059628
-0.717134
-0.314170
0.138247
0.486765
0.377100
0.258826
-0.994020
-0.656471
0.858867
-0.334210
1.000000
-0.141241
0.177527
0.391386
-0.158664
-0.853760
-0.480491
-0.526625
-0.915604
0.289426
0.233736
0.651544
0.180868
-0.027897
0.818534
0.594351
0.956575
-0.431876
-0.789391
0.098675
-0.575118
-0.040623
-0.610447
0.355625
0.707158
0.558812
0.631412
0.288362
0.393530
0.910459
-0.930921
0.198746
-0.816354
0.427861
-0.631715
-0.332122
-0.813510
-0.701608
-0.450902
-0.688639
-0.206144
0.011473
-0.927078
-0.546647
0.289094
-0.129347
-0.549708
-0.284268
0.324732
-0.567405
-0.176242
-0.442899
-0.887379
0.847310
0.038680
0.653356
0.460907
-0.333497
-0.831339
-0.113994
0.634921
0.982189
1.000000
-0.835297
0.442391
-0.146033
-0.233981
0.014569
-0.279446
-0.275484
-0.661607
1.000000
-0.536425
-0.284135
-0.055256
-0.388376
0.753408
0.097359
-0.618611
-0.605682
0.572356
0.785242
0.854383
-0.646284
0.319365
-0.211664
0.550114
-0.588708
-0.975185
-0.673728
0.500898
-0.048534
0.649029
-0.043852
0.628015
-0.965681
0.970663
-0.827468
0.647215
-0.426185
-0.168906
0.643475
0.492860
0.986853
-0.531967
0.750317
-0.758343
0.482372
0.247605
-0.132150
0.343093
0.471260
0.088731
-0.235457
0.506029
0.267945
0.797304
-0.375511
-0.211282
-0.165966
0.340090
-0.583510
-0.573867
0.510832
-0.185718
-0.591683
0.757575
-0.722988
0.816060
-0.386141
-0.613074
0.009362
-0.239781
-0.195152
-0.912438
-0.958824
-0.135601
0.433435
-0.174619
-0.494587
0.501200
0.881872
-1.000000
0.674911
-0.254621
-0.223083
0.440668
-0.476754
-0.846416
-0.341469
0.031957
-0.032952
0.639148
-1.000000
-0.719281
0.567795
-0.073397
-0.396798
0.714934
0.208047
0.026151
0.114755
0.974232
1.000000
-0.740157
-0.730579
-0.184973
-0.082918
0.584203
-0.039074
-0.500850
0.460355
-0.390450
-0.370346
0.437325
-0.283498
0.698867
-0.668066
-0.757872
0.422641
-0.125803
-0.642374
-0.554081
-0.897092
-0.358014
-0.198289
-0.116424
0.391253
0.008864
0.443772
-0.227852
-0.306529
0.753973
-0.620231
0.020537
0.662071
-0.554375
0.688023
-0.955388
0.734006
0.480148
-0.844108
-0.993158
0.363174
0.823884
0.370610
0.562086
-0.188906
0.277008
0.218334
0.512485
0.315806
-0.136697
-0.411047
0.718740
0.041578
-0.031736
0.172835
-0.801288
0.364110
0.490472
0.447429
0.963846
-0.196769
-0.334709
-0.816195
-0.753315
-0.944213
0.908870
-0.182765
0.316470
-0.510208
0.560258
0.385305
0.962987
-0.035864
0.604640
0.571660
-0.725399
0.952488
-0.644401
-0.862616
-0.271033
-0.447539
-0.592136
0.982054
-0.459110
-0.477624
0.227784
0.089389
0.315607
0.367382
-0.634618
0.026687
-0.908363
0.292067
-0.763975
0.430603
-0.858060
-0.057622
0.026715
0.836725
0.674316
-0.800645
0.728079
0.680240
0.599507
-0.044748
0.388857
0.785914
0.217876
0.428902
-0.170225
-0.512645
-0.329517
-0.737474
-0.742778
0.439780
0.349415
-0.613128
-0.783993
-0.095751
0.666922
-0.855456
0.877485
0.869421
-0.601617
-0.512824
-0.236026
0.061448
-0.480934
-0.551082
0.157889
0.242385
-0.281416
-0.970323
-0.760600
0.626600
0.591474
-0.676341
-0.268979
0.055805
-0.132015
0.271158
-0.174603
0.189422
-0.091864
0.274034
0.558879
-0.744757
0.095857
-0.211284
-0.688072
0.990828
0.427351
-0.538760
0.137040
-0.462718
-0.178383
-0.865346
0.723645
0.103850
-0.610475
0.077445
-0.090929
-0.448494
0.600877
0.723434
-0.093806
-0.251875
0.913916
-0.967606
-0.282408
-0.072044
-0.197483
0.553139
0.370883
-0.908596
0.336119
-0.370850
0.007130
-0.061301
0.091331
-0.468601
-0.297647
0.722509
0.476596
-0.903643
-0.967888
0.103329
-0.532764
-0.813960
0.885412
-0.251373
0.295840
0.257521
0.871038
0.595308
0.791523
0.477045
0.654382
-0.598304
-0.279142
0.520362
0.456116
-0.546635
-0.642959
0.365497
-0.143640
-0.725554
0.372440
-0.084056
-0.234904
0.563868
0.107068
-0.120932
-0.884761
0.316629
-0.865485
0.635062
-0.530015
-0.679657
0.925087
-0.280643
-0.184634
0.354349
0.506624
0.165150
0.345510
-0.929872
0.916339
0.856184
0.581122
-0.723098
0.462529
0.439454
0.430195
0.195366
-0.131238
-0.700090
0.824938
-0.731795
-0.627969
-0.480990
0.262700
-0.475021
0.863071
-0.456416
-0.743083
0.978719
0.810065
0.269485
-0.145718
0.211626
-0.142522
0.799080
-0.489659
-0.657599
0.704431
0.458334
0.779324
0.162462
0.535608
-0.334185
0.284356
-0.997817
0.564170
1.000000
-0.025022
-0.115823
0.211141
-0.265149
0.671141
0.048806
-0.150349
-0.706003
0.465852
0.207292
-0.299917
-0.473026
-0.292540
0.454757
-0.820471
0.466020
-0.977985
-0.331420
1.000000
-0.290530
0.464164
0.277371
0.627470
0.484996
0.616450
-0.906617
0.329343
-0.963639
-0.733153
-0.989036
-0.909115
0.679204
0.375176
0.726566
-0.776952
0.059640
0.723005
0.790532
-0.341469
0.296944
-0.589931
-0.157027
-0.004439
0.126459
-0.455626
-0.174592
-0.739705
0.680990
-0.739265
0.242607
-0.722547
-0.720995
-0.091080
0.049289
-0.268832
0.038280
0.636881
-0.547147
0.272549
0.026604
-0.518414
-0.231248
-0.027771
-0.373280
-0.164100
0.311238
-0.534854
0.170168
-0.330230
-0.285672
0.164914
0.550450
-1.000000
-0.914471
-0.215032
-0.986719
-0.250168
0.073763
-1.000000
-0.032892
0.916456
0.262200
0.788846
0.953291
0.429636
0.101140
-0.468919
-0.368435
0.772979
-1.000000
0.033892
-0.893569
0.382358
-0.461050
0.883698
0.445837
0.445255
-0.788711
-1.000000
1.000000
0.117833
-0.166303
0.122212
0.184017
-1.000000
-0.384403
0.220387
0.717764
-0.744440
0.537788
1.000000
-0.346806
-0.395512
0.968185
0.398305
0.213393
-0.644358
-0.169898
0.104321
0.316582
0.199881
-0.041801
-0.523810
-0.644751
0.249910
-0.892396
0.698721
-0.991262
-0.058496
-0.937636
0.379732
-0.340172
0.702340
-0.978418
0.400850
0.406261
0.063163
0.656720
-0.605567
0.889488
0.212973
-0.540760
-0.705520
0.638085
-0.084059
0.138628
0.703598
0.453701
-0.043248
0.082061
-0.674372
0.155188
0.494998
0.982103
-0.972978
-0.587529
0.493560
-0.830197
0.965364
0.261211
-0.985030
-0.440382
0.285610
-0.822907
0.700182
-0.316648
0.369781
0.256134
0.761900
0.893084
0.640104
0.189680
-0.711803
0.903949
0.651280
-0.048322
-0.125853
-0.100894
0.356193
0.411465
0.580267
-0.596186
0.427662
0.364724
0.720365
-0.450053
0.389082
-0.937861
0.262117
-0.336200
-0.014276
0.616344
0.990445
-0.895695
-0.052869
-0.095879
-0.836785
0.791677
-0.130683
0.967755
0.311220
-0.018915
-0.800305
-0.266362
-0.840380
-0.666033
0.924351
0.261502
-0.842177
-0.849194
0.633266
-0.509693
0.945000
-0.626415
-0.098250
-0.998281
-0.290781
-0.501574
0.999687
0.091120
-0.839130
0.084050
-0.597823
0.451536
0.466430
0.477691
0.320440
0.624624
-0.420833
-0.314638
-0.738538
-0.954978
0.117416
0.004632
-0.747094
0.927868
-0.227124
-0.888334
0.815530
0.978603
0.876007
0.761975
0.004082
-0.439902
-0.195794
0.932532
-0.374318
0.470977
0.697194
0.240602
0.737039
-0.497942
-0.812470
-0.008533
0.914391
-0.012368
0.588426
0.523702
-0.593803
0.117696
0.898202
0.739246
0.864921
0.993372
-0.758169
-0.306382
-0.500212
0.529844
0.585109
-0.316191
0.893798
-0.810833
-0.798785
-0.880826
0.953635
-0.812427
0.609758
0.188728
-0.902189
0.454037
-0.948943
-0.017299
-0.304676
0.219872
0.201774
-0.106044
0.936893
-0.576647
0.460980
-0.604416
-0.068857
0.003943
-0.489484
0.228246
-0.687294
0.316984
1.000000
0.381819
-0.509867
-0.777518
0.677831
-0.415555
-1.000000
0.153967
0.685049
0.902594
0.934123
-0.572576
0.012824
-0.292305
0.247671
-1.000000
0.302520
-0.988404
-0.401166
-0.111463
0.626641
-0.007846
0.584607
0.193561
0.793715
0.866346
-0.417592
-0.453146
0.991018
-0.175839
0.412805
-0.755837
0.109993
-0.134255
0.782768
-0.085789
0.353165
-0.660836
-1.000000
0.916441
-0.789152
0.589373
-0.878455
0.997467
0.754040
-0.887943
-0.147468
-0.972942
0.085601
0.280917
0.954850
0.247424
0.593652
-0.146352
0.211097
-0.122972
-0.467800
0.778707
-0.220080
-0.520321
0.446552
0.948494
-0.921009
-0.573960
-0.937009
0.643055
-0.717475
0.147494
-0.795064
0.945569
0.823919
0.728448
-0.541003
-0.070053
0.648715
-0.445265
0.500161
-0.341299
-0.201624
0.353166
0.198460
0.847351
-0.840394
0.596725
-0.401963
0.788160
-0.142185
-0.660272
0.478002
-0.893094
-0.607013
-0.426072
-0.374692
0.787928
-0.212060
0.611075
0.268672
-0.380856
-0.708158
-0.449917
-0.693746
-0.877633
-0.673789
0.793413
-0.165259
0.040108
0.068809
-0.970542
-0.102869
-0.098574
-0.103902
0.439450
-0.482919
-0.317265
-0.988976
-0.688885
0.980308
0.672894
0.248736
-0.108714
0.271191
0.725922
-0.420482
-0.155757
-0.250897
-1.000000
-0.992552
-0.952709
-0.072632
0.896069
-0.367844
-0.823677
-0.096702
-0.060226
0.291479
-1.000000
-0.147216
0.688235
-0.380227
-0.237855
0.648692
-0.411384
-0.396230
0.718500
-0.350707
0.736055
-0.917359
-0.826716
-0.661796
0.570605
-0.440098
-0.739992
0.078157
1.000000
-1.000000
0.324562
-0.264138
0.258927
0.725614
0.255509
-0.343560
0.563466
-1.000000
-0.269615
-0.594314
0.758921
0.850748
0.330896
-0.078125
0.235411
-0.865827
0.074755
-0.052289
0.439646
-0.237829
-0.046187
-0.013409
0.604557
-0.104410
0.294592
-0.776638
-0.833544
0.084417
0.950313
0.304989
0.459760
-0.832000
0.081210
0.713651
0.376106
-0.400439
-0.799726
-0.639670
-0.935998
-0.325838
-0.278060
1.000000
0.063924
-0.906424
0.183682
0.964988
-0.444469
0.323292
-0.138036
0.506670
-0.499496
0.045154
0.627884
0.329985
0.751229
0.812317
0.657081
0.894227
0.469117
0.099492
-0.840164
0.191596
-0.765662
0.263736
-0.625818
-1.000000
-0.835577
-0.970906
-0.481774
0.664743
0.561530
0.023052
0.062995
0.011521
0.596859
0.596590
0.379182
0.943119
-0.871926
0.116222
-0.792617
0.080059
-0.118560
0.890225
0.489263
-0.805778
0.868290
-0.231242
0.667978
-0.601197
0.615777
-0.267969
0.345191
0.264407
-0.010248
-0.109322
0.997267
-0.938136
0.687571
-0.888975
-0.472419
0.297483
-0.048601
-0.365898
-0.963034
-1.000000
0.240940
0.739699
-0.720149
0.668393
0.711031
0.510148
-0.040467
0.658218
-0.851174
0.340301
0.093302
-1.000000
-0.935781
0.439486
-0.670939
0.616494
0.077283
-0.386366
0.332088
0.496961
-0.352589
0.648245
0.630305
-0.218076
-0.810010
0.911656
-0.111469
-0.937029
-0.253636
1.000000
0.484271
-0.419329
-0.172154
-0.871561
0.592230
0.818298
0.735941
-0.749126
-0.786864
-0.421154
-0.193716
1.000000
-0.493581
-0.378357
-0.514826
-0.455630
0.762702
-0.746245
0.011167
-0.205020
-0.078562
1.000000
0.856758
-0.308005
0.715481
0.403207
0.443112
0.077454
-0.406254
0.464534
0.195817
-0.132122
0.037864
0.406631
-0.758616
0.677193
-0.998280
0.780509
0.733900
-0.024887
-0.860836
-0.663818
0.734061
0.548961
-0.379629
-0.339885
0.599694
0.714759
-0.999851
-0.355198
-0.875226
0.464059
0.174675
0.099678
0.389180
0.598004
0.108991
0.098955
0.116989
0.072017
-0.458022
0.199891
-0.502702
0.704109
0.051872
-0.570062
-0.931621
-0.256345
0.148960
0.594038
0.972118
-0.581653
-0.838165
0.599162
0.342184
-0.905893
-0.268164
-0.098925
0.909299
-0.754158
-0.580126
1.000000
0.417989
-0.716427
0.519442
-0.039470
0.509487
-0.006751
-0.713728
-0.973893
-0.263922
0.193208
0.548547
0.658276
0.308706
0.316391
-1.000000
-0.307197
-0.588746
-0.220528
-0.377362
-0.442921
-0.756630
-0.352941
-0.417705
0.579071
0.073087
-0.874557
0.502209
0.355771
-0.063880
-0.191450
-0.656999
0.874224
0.769304
0.300112
0.734827
0.711354
-0.463377
0.376579
-0.591683
-0.702891
0.659503
-0.955404
0.243968
0.499890
0.646750
0.754612
0.299373
-0.688078
-0.850304
0.633061
0.334590
-0.161105
-0.700121
-0.358387
0.600698
-0.257385
0.721344
-0.821753
0.346219
0.241325
0.252879
-0.128268
0.648432
0.495544
-0.282780
0.715029
0.773861
0.882165
-0.383900
0.689955
1.000000
-0.853023
-0.551550
-0.227875
-0.015755
0.313312
0.333590
0.960061
-0.463280
-0.183826
-0.818066
0.825723
0.216198
-0.015608
0.821890
-0.734684
0.867889
0.433992
0.884691
0.884748
-0.164768
-0.736555
-0.703380
0.816473
0.231348
0.061812
0.080976
0.294248
0.823011
-0.240306
0.289671
-0.663242
-0.891818
0.112272
-0.084638
-0.377499
0.233104
-0.553755
0.772085
0.508427
0.129320
0.669029
-0.327611
0.981333
1.000000
0.850466
-0.426392
-0.231068
0.529410
-0.223530
0.452064
-0.501900
0.692676
0.250227
0.131134
0.152039
-0.949697
1.000000
-0.130222
0.132339
-0.444214
0.693882
0.377410
0.948057
-0.273404
0.906085
-1.000000
-0.238344
-0.450166
-0.554893
-0.750601
-0.671927
-0.335491
0.612051
-0.869953
0.372442
-0.765935
-0.629655
0.564177
0.141950
-0.423256
0.256935
-0.304980
0.531134
0.403935
-0.921062
0.146707
-0.803774
-0.889150
0.617517
-0.167506
0.911631
-0.118671
0.304105
-0.928357
0.154800
-1.000000
0.034780
-0.494710
-0.858860
-0.489006
-0.043259
0.527195
-0.031824
-0.422360
-0.024602
0.442711
-0.095905
-0.682166
0.769083
-0.169037
-0.160239
-0.108758
-0.148797
-0.859448
0.891578
-0.928704
-0.382483
0.624097
-0.185103
-0.850822
0.931485
-0.489465
0.187766
-0.629658
0.140762
0.107237
-0.605477
-0.973780
0.001609
-0.116372
-0.829852
0.079928
0.173098
-0.409474
0.244330
0.349032
-0.748282
0.791416
0.331338
-0.894764
1.000000
0.903719
0.008265
0.096632
0.927767
0.224424
0.824758
-0.755062
-0.158524
0.656552
0.619685
0.509066
-0.894112
-0.156769
0.122091
0.347885
0.282295
-0.337640
-0.891665
-0.256179
0.546248
-0.043299
0.161234
0.740725
0.754789
-0.683146
-0.282876
-0.674757
-0.715049
-0.390135
0.522265
0.027249
-0.035969
0.753998
-0.643841
0.248068
0.509339
0.987654
0.609957
-0.678773
0.247625
0.366927
0.999240
-0.970822
-0.589382
0.644714
0.301720
0.031557
0.340495
0.039671
0.005972
-0.356235
0.475773
0.495476
0.092808
0.004556
0.514177
0.011032
0.729808
0.006990
0.397131
-0.689544
-0.744189
-0.081767
0.127481
-0.402892
0.750428
-0.697266
-0.014697
0.391605
-0.764441
0.915172
0.955670
0.730820
0.775541
-0.487339
0.218114
-0.287873
-0.298015
-0.124389
0.112392
-0.771780
-0.249183
0.970288
-0.335095
0.872489
-0.980889
0.162262
-0.448838
-0.457467
0.011851
0.438083
-1.000000
-0.777650
0.141465
0.086298
-0.836352
-0.685545
-1.000000
0.205688
-0.186027
0.081433
0.159156
0.116808
0.049366
0.727821
-0.433475
-0.967107
0.069271
-0.775864
0.980511
0.132935
-0.824732
0.610283
-0.423492
0.964097
0.760398
-0.330338
-0.199145
-0.641826
-0.241050
0.597177
-0.524923
-0.164378
0.711988
-0.290115
0.138362
-0.204468
0.400435
-0.395565
0.238808
0.733257
0.886478
-0.274546
-0.482418
0.309474
-0.897066
-0.920373
0.854202
-0.342782
0.896343
-0.256141
-0.521729
-0.802001
-0.154159
0.150842
0.484337
0.747527
0.217172
0.356676
-0.082428
-0.942753
0.725745
-0.866434
0.365863
0.724156
0.837241
-0.386406
-0.889954
-0.290568
-0.944588
-0.445518
-0.046010
0.616693
-0.633349
0.172923
-0.706990
-0.628952
0.643967
-0.460412
0.456559
0.112858
-0.834381
0.083662
0.946192
-0.162701
1.000000
-0.525336
-0.147983
-0.663028
0.374041
0.777757
-0.835601
0.384630
0.298441
-0.735383
0.816005
0.013893
-0.145194
-0.827757
0.185162
0.495935
-1.000000
-0.808732
0.289095
0.494546
-0.918918
0.427286
-0.693468
-0.435837
-0.400000
0.477733
-0.921999
-0.951579
0.241898
0.485926
0.094031
-0.064236
0.364010
0.342102
-0.947786
0.919150
0.460643
0.523393
0.439913
0.267509
-0.737865
-0.526369
-0.121796
-0.772080
-0.055930
-0.849133
-1.000000
-0.700232
-0.597637
0.551425
-0.167824
0.778358
-0.430649
-0.094119
0.244571
0.898649
-0.914878
-0.807775
0.439775
-0.937765
0.717690
-0.156283
0.985925
0.249642
0.720312
-0.538350
0.811934
-0.042307
0.086193
-0.652203
-0.099817
0.411098
0.398414
-0.515604
-0.149320
-0.766023
-0.167402
-0.145532
0.274439
0.471626
0.719639
-0.999870
0.192305
0.649314
0.368979
0.122709
0.099344
-0.672426
0.263267
-0.522189
-0.522887
0.067496
0.449261
-0.009825
1.000000
-0.222642
0.279234
-0.379196
-0.582341
0.619089
0.143289
-0.365123
-0.106912
0.817283
0.455345
-0.052494
0.157374
0.265133
0.591210
-0.799390
0.165643
-0.254066
0.049352
-0.224173
0.982618
-0.553036
0.711049
0.163797
-0.912837
-0.677083
0.649999
0.029824
-0.969311
0.778052
-0.840740
-0.547250
-0.067131
-0.342858
-0.118296
-0.775682
-0.293633
0.273880
0.727207
0.241842
0.933959
0.732563
0.077120
-0.006925
-0.724450
0.215242
-0.636473
0.373113
-0.985378
-0.353834
-0.147502
0.813206
-0.584092
0.048911
0.278471
-0.180261
-0.386655
1.000000
0.336708
0.191291
0.255681
-0.885984
0.869061
0.048166
0.148125
-0.531408
-0.556365
0.284352
-0.771114
0.539520
0.498606
-0.021051
-0.425926
-0.669830
-0.706429
0.170344
-0.124194
-0.248978
0.724397
0.316266
-0.066168
0.585664
-0.688583
0.738332
-0.517748
-0.304182
0.461504
-0.079745
0.561873
0.600532
0.036531
0.721036
0.771269
0.481129
0.542441
0.929690
-0.597778
0.799278
-0.990256
-1.000000
-0.374435
-0.327437
0.201272
-0.394549
0.467274
0.883637
0.379257
-0.803741
0.999411
0.023041
0.506939
0.336445
-0.571748
0.511237
0.511891
0.662289
0.909132
-0.946924
0.164554
0.222302
-0.168318
0.671588
-1.000000
0.698376
0.277890
0.346047
0.533698
-0.602463
0.243500
0.616177
0.290555
-0.890648
0.184180
0.412773
0.714652
0.233052
-0.671512
0.301395
-0.198470
-0.886391
-1.000000
0.644215
0.558535
-0.192047
0.013971
0.110371
0.687583
0.780145
0.908787
0.297978
0.941725
0.384348
0.218172
0.319830
0.355924
-0.280915
-0.759470
-0.449789
0.693805
0.119489
-0.276707
0.565649
0.216733
0.807973
0.343974
-0.320439
0.014435
-0.594248
0.113267
-0.704490
0.882239
0.601532
-0.163882
-0.512733
-0.840044
0.479595
-0.853189
0.462962
0.604061
0.699201
-0.780821
-0.220650
-0.382475
0.160194
0.873267
0.368025
0.154839
-0.810429
0.115726
-0.162333
0.907946
-0.965866
0.664699
-0.403450
-0.857751
-0.743403
-0.113505
-0.436383
0.110147
0.767412
0.857143
0.561691
-0.696202
0.079851
-0.634400
-0.426530
-0.152973
0.189889
-0.868532
-0.011791
0.397092
1.000000
0.579592
-0.006071
0.045731
-0.188621
0.149706
0.200042
0.114919
0.764155
-0.977719
-0.002361
0.725063
0.484471
-0.324270
0.292772
0.976430
0.037148
-0.801342
0.599432
-0.143701
0.959803
-0.239034
0.380333
-0.073555
-0.834909
0.330614
0.296787
-0.920995
0.628208
-0.740270
-0.423255
0.275804
-0.007789
-0.945348
-0.440089
0.129630
0.956001
0.273480
-0.270864
-0.675101
1.000000
0.669873
-0.900919
-0.671840
0.109601
-0.067002
0.405739
-0.962903
0.775947
-0.948551
0.883346
0.159513
0.448760
0.573837
-0.988436
-0.042872
0.709438
-0.225599
0.128585
-0.259869
-0.896701
0.460533
0.043844
0.591598
0.845074
0.022615
-0.589025
-0.583056
0.954213
0.492222
-0.226258
-0.223347
0.103157
0.458665
-1.000000
-0.395069
0.512599
0.062341
0.745720
0.254831
1.000000
0.536075
0.004917
-0.801878
-0.457293
0.382481
-0.513134
-0.262134
0.948172
0.737878
0.848083
0.130736
0.971772
0.790007
0.371623
0.739314
0.047494
1.000000
0.455741
0.693543
-0.212095
0.531787
0.495931
-0.568537
-0.539038
0.774934
-1.000000
0.121180
-0.739827
-0.285517
0.461105
-0.952295
-0.343620
-0.774406
-0.291810
0.574528
0.556109
0.850799
0.843171
0.122572
-0.399261
-0.945407
0.157186
0.733358
-0.708382
0.380739
0.002971
-0.157917
0.784593
0.453752
-0.931390
-0.344770
-0.327183
0.826636
0.822561
0.374152
-0.065163
-1.000000
0.080641
-0.558098
-0.862787
-0.197514
-0.875660
0.516350
0.325399
-0.545050
-0.255976
0.195321
-0.112583
0.877316
-0.589939
-0.575779
0.350162
-0.681837
0.312501
-0.075530
-0.346078
-0.545391
0.332060
0.271292
0.088527
-0.384273
-0.527224
-0.016987
-0.504463
-0.743938
-0.536174
0.427549
-0.187058
0.546024
-0.390283
-0.009032
-0.377501
-0.403938
-0.335774
-0.549399
0.144057
0.288833
0.246650
0.185696
-0.475336
0.832039
0.790675
0.809863
0.646585
-0.898724
-0.807964
-0.976219
0.341861
0.186660
0.852357
-0.358734
-0.617361
-0.402943
-0.752593
0.966621
-0.312304
0.588200
0.413662
-0.859320
-0.641233
-0.529882
0.477161
-0.399832
0.811180
0.998784
0.522231
0.968685
0.176939
-0.519823
0.593719
0.583951
-0.654796
-0.047324
1.000000
0.681038
0.505539
0.472555
0.112576
0.416940
-0.905474
-0.877812
0.160989
0.933077
-0.781214
0.457124
-0.946124
-0.099105
0.699816
-0.197758
-0.550146
0.980851
0.091758
-0.185457
0.267000
-0.702977
-0.536112
-0.589863
-0.743925
-0.167090
0.966890
0.794306
0.410051
1.000000
-0.985528
-0.174265
-0.629382
0.021570
0.545416
-0.000939
0.377090
0.533908
0.157655
0.219594
0.142037
-0.863243
0.993969
0.694379
-0.454902
0.903670
0.625900
-0.785462
0.775270
0.309576
0.156549
0.158786
0.339861
-0.661253
-0.205403
0.136886
-0.053864
0.080517
0.035818
0.002242
0.093588
-0.039489
-0.142986
0.227463
0.309020
0.675603
0.000688
0.072502
0.072365
0.006241
0.347110
0.199259
0.000071
0.087872
0.064285
0.003929
0.033950
0.017412
0.001284
0.150228
0.005782
0.038961
0.034251
0.000081
0.125908
0.000002
0.000003
0.157970
0.000349
0.171401
0.003730
0.001355
0.002723
0.120075
0.475545
0.136829
0.030396
0.000566
0.000926
0.111957
0.488139
0.002079
0.000879
0.105543
0.334312
0.126583
0.101980
0.000004
0.296767
0.503130
0.067806
0.092021
0.003051
0.085175
0.000231
0.004224
0.001688
0.059013
0.009076
0.000477
0.002138
0.001825
0.097728
0.027368
0.001471
0.086135
0.030237
0.000477
0.030311
0.389842
0.050261
0.042422
0.017563
0.008700
0.008753
0.137799
0.023674
0.013707
0.585207
0.022646
0.047430
0.020460
0.001296
0.001370
0.040404
0.000158
0.116536
0.009036
0.035338
0.053507
0.215077
0.027830
0.000663
0.003081
0.000149
0.000647
0.035923
0.002299
0.000030
0.123742
0.001276
0.001107
0.019363
0.002083
0.083959
0.002917
0.000035
0.000170
0.066042
0.011192
0.025200
0.150886
0.000474
0.037018
0.004114
0.207716
0.038601
0.798722
0.015134
0.158416
0.000698
0.054360
0.123434
0.000312
0.001215
0.002250
0.009983
0.114048
0.000127
0.000327
0.013602
0.068166
0.021338
0.060607
0.040246
0.000333
0.005047
0.000450
0.015442
0.225695
0.009917
0.083057
0.260854
0.075707
0.015667
0.252851
0.004503
0.007970
0.135557
0.000002
0.022837
0.018434
0.043678
0.379193
0.664937
0.001542
0.000815
0.020619
0.001081
0.009054
0.022231
0.001238
0.142566
0.089165
0.136174
0.029202
0.011461
0.000470
0.014739
0.071599
0.005365
0.069565
0.001660
0.000348
0.010600
0.010561
0.000011
0.038960
0.157711
0.001627
0.102326
0.010935
0.004876
0.192980
0.016666
0.204509
0.070652
0.000055
0.019749
0.003001
0.001933
0.005407
0.000573
0.000172
0.006931
0.087868
0.000822
0.060695
0.001576
0.000116
0.000075
0.028109
0.000408
0.001456
0.055325
0.221176
0.010256
0.042937
0.011948
0.210498
0.063955
0.038414
0.000281
0.000246
0.075083
0.001319
0.000349
0.014815
0.013181
0.064127
0.014342
0.000471
0.001077
0.000045
0.001136
0.003170
0.000044
0.063775
0.012742
0.015661
0.165306
0.000261
0.011586
0.001228
0.014541
0.012227
0.179452
0.022933
0.110209
0.031358
0.016291
0.008976
0.000080
0.001710
0.032414
0.219749
0.000823
0.000367
0.000710
0.021622
0.014759
0.000076
0.004642
0.022650
0.001659
0.004756
0.001330
0.072172
0.001911
0.003701
0.381853
0.000171
0.000427
0.000080
0.030548
0.015596
0.082944
0.003176
0.050000
0.008915
0.000207
0.227989
0.004254
0.012972
0.023406
0.003469
0.002071
0.059978
0.002745
0.000724
0.078620
0.018632
0.172033
0.000030
0.000265
0.092283
0.170006
0.043409
0.012738
0.002341
0.009942
0.100726
0.008043
0.105242
0.076983
0.026367
0.015411
0.000642
0.007693
0.139207
0.001727
0.000128
0.020721
0.043108
0.003416
0.100593
0.000825
0.016908
0.000226
0.063497
0.002288
0.130332
0.000065
0.135203
0.355582
0.018565
0.003136
0.343670
0.008028
0.000299
0.001150
0.000183
0.079699
0.040843
0.000986
0.004312
0.016241
0.024291
0.287034
0.007283
0.050261
0.137992
0.136377
0.012906
0.020912
0.000144
0.062201
0.000301
0.162441
0.015009
0.007683
0.000408
0.000310
0.230502
0.233205
0.046166
0.048546
0.225372
0.015204
0.003710
0.015736
0.002724
0.016496
0.027616
0.178768
0.001213
0.003189
0.009184
0.007084
0.000767
0.007639
0.142261
0.015910
0.000004
0.001695
0.187036
0.034679
0.013492
0.001351
0.004564
0.184855
0.015060
0.002773
0.043981
0.021758
0.064912
0.000161
0.000104
0.015963
0.001809
0.520738
0.000417
0.018001
0.001888
0.000014
0.000119
0.000309
0.032461
0.000035
0.047650
0.043146
0.001098
0.001013
0.000038
0.030934
0.000629
0.058453
0.164221
0.220108
0.000077
0.012968
0.006533
0.001079
0.010917
0.012751
0.005998
0.097438
0.001373
0.453197
0.000176
0.268875
0.002463
0.000059
0.002940
0.218044
0.000026
0.003268
0.000833
0.172107
0.000071
0.197473
0.000586
0.000022
0.003590
0.001297
0.193738
0.062113
0.000002
0.000626
0.027104
0.001361
0.003309
0.139381
0.004377
0.452658
0.000058
0.003896
0.000004
0.000009
0.047068
0.055217
0.014494
0.000076
0.176131
0.006268
0.003676
0.008350
0.019812
0.005063
0.004364
0.000017
0.017338
0.011888
0.002443
0.017878
0.074119
0.048785
0.258540
0.000070
0.000061
0.003403
0.002895
0.082601
0.001097
0.307364
0.056977
0.003663
0.001879
0.000002
0.002719
0.000157
0.002968
0.029602
0.000518
0.000212
0.004273
0.026105
0.014563
0.001719
0.019091
0.000212
0.001168
0.027469
0.000437
0.005739
0.023591
0.437194
0.000046
0.230854
0.001120
0.000010
0.000333
0.023777
0.000011
0.013857
0.002183
0.000528
0.160634
0.131111
0.000116
0.294784
0.024268
0.001801
0.008603
0.028725
0.021079
0.442681
0.718050
0.007987
0.000002
0.000089
0.025664
0.000781
0.000034
0.058988
0.035957
0.008380
0.000063
0.055891
0.000020
0.001436
0.012025
0.000431
0.228607
0.185868
0.292919
0.038806
0.000444
0.000005
0.007449
0.000002
0.010757
0.003431
0.000004
0.277716
0.016611
0.000957
0.063950
0.000396
0.000106
0.000194
0.711801
0.148084
0.000101
0.000117
0.041207
0.006385
0.003125
0.000163
0.011982
0.000411
0.026443
0.471938
0.009500
0.000933
0.020153
0.010767
0.046746
0.000019
0.000003
0.001414
0.002016
0.000370
0.000182
0.009817
0.007599
0.090407
0.004661
0.502941
0.043615
0.452028
0.019979
0.064026
0.148238
0.127108
0.018212
0.001483
0.003551
0.008532
0.027482
0.004420
0.000065
0.187053
0.009850
0.001487
0.098946
0.038075
0.032693
0.000105
0.011603
0.108337
0.007776
0.114290
0.005645
0.008439
0.011953
0.002365
0.380788
0.000064
0.111764
0.008234
0.064895
0.028069
0.013252
0.005538
0.038945
0.102970
0.000604
0.002522
0.013396
0.008472
0.000840
0.000029
0.021444
0.000056
0.059099
0.016385
0.008810
0.251762
0.000015
0.000980
0.006012
0.019375
0.275956
0.094687
0.066802
0.025208
0.000263
0.000015
0.000294
0.010852
0.074489
0.011358
0.032084
0.126356
0.001318
0.264150
0.013638
0.001536
0.064138
0.038814
0.000601
0.002350
0.002949
0.009721
0.194673
0.400908
0.081422
0.135821
0.004198
0.192938
0.028947
0.000074
0.004829
0.000088
0.088076
0.181539
0.019064
0.029873
0.000120
0.134836
0.012410
0.000423
0.044067
0.010109
0.024088
0.022091
0.061783
0.018489
0.000206
0.080168
0.056086
0.061098
0.046580
0.000256
0.000032
0.008641
0.009456
0.132711
0.079416
0.017295
0.021739
0.040222
0.046739
0.000051
0.000100
0.000501
0.338349
0.056207
0.000018
0.160834
0.000148
0.001533
0.000867
0.088924
0.012021
0.017118
0.068518
0.325191
0.017879
0.086084
0.000602
0.083232
0.571880
0.007617
0.000537
0.080929
0.024715
0.189623
0.002472
0.220856
0.007149
0.005161
0.031671
0.001907
0.000225
0.003458
0.006931
0.004535
0.000308
0.005093
0.000035
0.013275
0.000002
0.022473
0.000086
0.000010
0.000134
0.001594
0.057663
0.022447
0.001899
0.001376
0.000211
0.030509
0.004583
0.465038
0.042131
0.008042
0.014600
0.032398
0.000027
0.002111
0.046603
0.007204
0.024184
0.015241
0.008992
0.000469
0.000882
0.007479
0.000736
0.012091
0.000311
0.003221
0.024187
0.772330
0.117046
0.022023
0.000002
0.049197
0.006799
0.000241
0.003901
0.569336
0.005308
0.001782
0.011804
0.008534
0.005447
0.000047
0.003166
0.028116
0.008947
0.112429
0.017036
0.081454
0.000003
0.401967
0.002503
0.001136
0.013510
0.009729
0.000224
0.063993
0.009527
0.200140
0.090827
0.001970
0.000190
0.002938
0.000086
0.000018
0.073365
0.227617
0.004157
0.000304
0.000202
0.051781
0.000237
0.100943
0.028097
0.155216
0.001763
0.083845
0.012027
0.000389
0.000143
0.016984
0.009238
0.017143
0.000237
0.005346
0.000515
0.176615
0.220818
0.029828
0.000601
0.002686
0.122162
0.000113
0.000912
0.017075
0.002184
0.000382
0.016169
0.114560
0.070651
0.018210
0.025685
0.020334
0.010247
0.005864
0.005918
0.000258
0.091624
0.010331
0.665735
0.007256
0.135771
0.069142
0.000513
0.291305
0.128435
0.042293
0.000750
0.002111
0.000492
0.161480
0.012927
0.028506
0.012628
0.000795
0.269327
0.000967
0.382373
0.042610
0.006750
0.443837
0.050905
0.000021
0.000153
0.042212
0.002700
0.000604
0.003942
0.006188
0.000038
0.056408
0.000460
0.158259
0.002436
0.000002
0.310914
0.083767
0.010759
0.016687
0.000270
0.009259
0.047618
0.001362
0.042338
0.000674
0.018131
0.005985
0.000033
0.000043
0.179556
0.005376
0.013711
0.001146
0.011476
0.117840
0.034958
0.001232
0.029471
0.029749
0.085930
0.006536
0.007464
0.024898
0.216414
0.055987
0.006922
0.000013
0.000443
0.019871
0.006324
0.109037
0.017926
0.013710
0.000266
0.319338
0.048735
0.000059
0.017145
0.047274
0.150183
0.024545
0.240201
0.003999
0.000006
0.000134
0.047218
0.016425
0.096580
0.000043
0.000955
0.332257
0.010621
0.003397
0.202637
0.474271
0.000193
0.000526
0.000002
0.000455
0.000002
0.038153
0.000021
0.001940
0.004489
0.002814
0.001618
0.035986
0.029473
0.001845
0.008761
0.012066
0.003562
0.001350
0.025762
0.000269
0.151258
0.000399
0.088515
0.003735
0.002770
0.022495
0.162193
0.000028
0.549927
0.003431
0.266712
0.003734
0.009414
0.865996
0.000140
0.268286
0.017451
0.416217
0.062888
0.025104
0.738592
0.010834
0.003183
0.045071
0.000201
0.012818
0.161200
0.018118
0.031636
0.068374
0.112792
0.053771
0.000229
0.001033
0.253391
0.244859
0.000105
0.012148
0.011022
0.005390
0.059304
0.000225
0.000072
0.289496
0.005154
0.013168
0.005840
0.022426
0.003895
0.053839
0.380527
0.002145
0.000043
0.129019
0.000792
0.177270
0.000039
0.048193
0.002173
0.063383
0.001004
0.319617
0.081622
0.000265
0.000282
0.006673
0.000134
0.035849
0.048358
0.007014
0.898833
0.039790
0.000422
0.001653
0.001358
0.090819
0.229901
0.001320
0.000370
0.000002
0.000478
0.079842
0.000011
0.020456
0.027823
0.165549
0.000002
0.001250
0.018109
0.194168
0.078744
0.000577
0.006430
0.001505
0.081710
0.192812
0.006386
0.013698
0.141733
0.021003
0.004836
0.000016
0.062363
0.033050
0.002179
0.003512
0.156312
0.094505
0.001046
0.049169
0.003311
0.015770
0.088154
0.093670
0.029659
0.000150
0.001234
0.000081
0.009510
0.039827
0.000342
0.024250
0.001361
0.000015
0.045485
0.040200
0.000002
0.057150
0.042060
0.055772
0.018069
0.000776
0.004803
0.010746
0.003029
0.005529
0.009550
0.159508
0.021539
0.095200
0.021422
0.088606
0.008134
0.000554
0.467968
0.002014
0.049205
0.026158
0.062570
0.046855
0.062501
0.027108
0.016142
0.023214
0.073953
0.001835
0.004673
0.002633
0.659745
0.000021
0.275897
0.097628
0.000011
0.001616
0.000114
0.025294
0.166934
0.044554
0.000041
0.115687
0.004710
0.201057
0.092026
0.000006
0.063682
0.033617
0.024448
0.332544
0.002799
0.056126
0.156983
0.009685
0.009229
0.524902
0.245235
0.185194
0.025375
0.000100
0.033727
0.010080
0.006379
0.016963
0.000002
0.007909
0.017788
0.027747
0.000671
0.008112
0.000595
0.047739
0.004288
0.003497
0.004091
0.000695
0.005254
0.000960
0.019638
0.025584
0.042765
0.000280
0.011673
0.001770
0.014417
0.149459
0.001679
0.013215
0.000002
0.075229
0.000225
0.007144
0.046168
0.000002
0.159667
0.150028
0.036264
0.000056
0.002604
0.010819
0.001711
0.017240
0.000979
0.001855
0.001308
0.009249
0.002531
0.037965
0.005273
0.000345
0.082309
0.000164
0.001853
0.004412
0.001067
0.003312
0.116633
0.000024
0.054377
0.000035
0.002318
0.174033
0.273555
0.005561
0.115769
0.040752
0.068412
0.000008
0.000001
0.000007
0.043722
0.001509
0.084935
0.125125
0.003441
0.004499
0.020173
0.002266
0.034438
0.501598
0.004797
0.374999
0.016127
0.003977
0.024389
0.009214
0.001385
0.188732
0.002665
0.007328
0.164583
0.065477
0.000111
0.000722
0.014730
0.097956
0.000130
0.060476
0.165846
0.061678
0.010752
0.001458
0.083793
0.001033
0.052287
0.000116
0.188207
0.285802
0.123554
0.134205
0.000002
0.000384
0.050869
0.010970
0.001435
0.000732
0.011245
0.298887
0.001986
0.001624
0.016620
0.132350
0.197333
0.072503
0.009705
0.031867
0.243298
0.033344
0.007022
0.003487
0.235664
0.002650
0.007038
0.000891
0.484427
0.001296
0.000051
0.006646
0.015050
0.019465
0.000679
0.051354
0.046945
0.019618
0.000221
0.000080
0.003791
0.003376
0.000461
0.013524
0.019979
0.276173
0.044994
0.000499
0.000125
0.087817
0.253324
0.129381
0.171915
0.027187
0.001915
0.488733
0.001693
0.000456
0.000267
0.041030
0.144002
0.000005
0.085962
0.067667
0.040442
0.000784
0.010971
0.306492
0.037942
0.204180
0.000002
0.014050
0.087524
0.035505
0.005956
0.011668
0.424130
0.038756
0.001088
0.123817
0.078795
0.005453
0.000005
0.003330
0.011808
0.204123
0.161401
0.190197
0.000257
0.022658
0.003328
0.000522
0.000278
0.500822
0.032933
0.021005
0.000581
0.038803
0.041218
0.000282
0.000240
0.123887
0.000011
0.007472
0.001823
0.006911
0.018932
0.005331
0.002291
0.003936
0.044756
0.071017
0.173679
0.000048
0.282193
0.001736
0.049087
0.001890
0.023352
0.009874
0.044538
0.052530
0.006030
0.001862
0.016419
0.389853
0.009571
0.003802
0.000103
0.206910
0.159270
0.080181
0.010023
0.000315
0.004145
0.002179
0.005869
0.025930
0.010342
0.021517
0.063389
0.000563
0.000888
0.029373
0.000667
0.001614
0.037028
0.004536
0.020759
0.006289
0.000456
0.002868
0.030866
0.032945
0.009393
0.006219
0.023838
0.009431
0.002973
0.014206
0.001010
0.002682
0.013236
0.001496
0.003966
0.051112
0.094844
0.056717
0.009925
0.009812
0.000617
0.125252
0.038422
0.001442
0.000040
0.151556
0.022113
0.000739
0.032503
0.003438
0.000124
0.008696
0.020389
0.029093
0.000002
0.032511
0.051699
0.030591
0.002041
0.000006
0.003253
0.003076
0.141364
0.112190
0.049972
0.000895
0.014637
0.103765
0.001942
0.298557
0.000357
0.023667
0.082937
0.000019
0.000304
0.016111
0.062935
0.005520
0.297669
0.010728
0.008799
0.009747
0.100539
0.000461
0.062882
0.004242
0.000006
0.023312
0.000515
0.000312
0.061753
0.289226
0.038614
0.007141
0.003086
0.049639
0.010950
0.127093
0.013869
0.152422
0.084133
0.005701
0.007589
0.074138
0.000002
0.065903
0.070600
0.055974
0.000665
0.000737
0.188318
0.056719
0.001761
0.000034
0.007123
0.005290
0.000002
0.006716
0.003162
0.060522
0.013872
0.000172
0.056739
0.126293
0.018822
0.008859
0.001566
0.011632
0.040416
0.519015
0.014686
0.004422
0.072939
0.003805
0.016222
0.001606
0.622490
0.835334
0.060379
0.101975
0.576993
0.003196
0.002508
0.005623
0.058191
0.074595
0.164984
0.000571
0.006350
0.077752
0.568301
0.056543
0.000272
0.000544
0.028828
0.005513
0.000189
0.006429
0.000154
0.024465
0.249314
0.000034
0.003863
0.006703
0.074869
0.000522
0.003532
0.004460
0.003209
0.000008
0.055910
0.004954
0.004085
0.003342
0.453613
0.001047
0.249283
0.140091
0.079977
0.052751
0.011253
0.704069
0.290139
0.000009
0.027510
0.041007
0.169689
0.078399
0.000171
0.009760
0.000216
0.411124
0.011448
0.000131
0.012338
0.000020
0.007916
0.000004
0.000614
0.048147
0.025824
0.001960
0.906325
0.002496
0.002568
0.000324
0.069720
0.051307
0.595411
0.003332
0.006928
0.005594
0.004890
0.000003
0.000434
0.241117
0.007419
0.015831
0.050205
0.183460
0.002462
0.045200
0.001320
0.164321
0.003656
0.264499
0.020638
0.002566
0.001818
0.021707
0.078854
0.206734
0.010147
0.000372
0.006151
0.038064
0.000234
0.013241
0.003114
0.000093
0.001850
0.057244
0.002568
0.001046
0.073253
0.180085
0.019970
0.000323
0.009209
0.003680
0.000013
0.000161
0.068855
0.000847
0.000015
0.001858
0.003987
0.000291
0.002060
0.164222
0.000052
0.033099
0.000007
0.002093
0.000162
0.000042
0.005735
0.138126
0.030147
0.039077
0.000200
0.000011
0.011728
0.031680
0.084441
0.000285
0.011075
0.015938
0.000004
0.018685
0.067626
0.011247
0.011315
0.000163
0.000254
0.000076
0.027447
0.000015
0.075510
0.191857
0.024814
0.000503
0.083655
0.002172
0.001319
0.005001
0.000608
0.014821
0.044742
0.005101
0.071116
0.000120
0.009335
0.000289
0.064751
0.015186
0.000713
0.061797
0.000088
0.984697
0.000549
0.000092
0.000332
0.556654
0.005060
0.141503
0.000088
0.007682
0.609923
0.005647
0.000002
0.002052
0.010828
0.094766
0.000516
0.091025
0.038323
0.000820
0.001074
0.000492
0.002632
0.007826
0.128120
0.026623
0.133365
0.049938
0.004083
0.090847
0.090395
0.007553
0.406505
0.049320
0.000132
0.026741
0.112648
0.035530
0.000003
0.000501
0.026437
0.023007
0.000317
0.013276
0.000967
0.010172
0.077439
0.000045
0.012432
0.034178
0.006401
0.000008
0.000057
0.331813
0.026068
0.007694
0.000246
0.008751
0.032430
0.002331
0.120851
0.000138
0.000503
0.142713
0.045458
0.022671
0.029085
0.000469
0.644247
0.002542
0.034086
0.000160
0.135882
0.002403
0.010097
0.011530
0.002878
0.173644
0.002928
0.000573
0.008757
0.002668
0.002048
0.128490
0.000055
0.131500
0.136388
0.021963
0.054238
0.000184
0.285815
0.015821
0.156246
0.003608
0.000076
0.004987
0.145349
0.012356
0.001320
0.001155
0.021485
0.003451
0.024334
0.000055
0.005831
0.000007
0.012976
0.517176
0.120751
0.037898
0.035679
0.000806
0.000042
0.047636
0.000465
0.150707
0.000013
0.029405
0.059297
0.008200
0.172620
0.000026
0.000084
0.003174
0.000894
0.196962
0.003892
0.003372
0.003349
0.000414
0.334437
0.000034
0.029699
0.016245
0.064254
0.000636
0.028173
0.018735
0.000076
0.005134
0.029368
0.012597
0.001971
0.001015
0.003010
0.033150
0.000076
0.001989
0.096617
0.043430
0.046880
0.095287
0.005585
0.007497
0.008503
0.071887
0.007213
0.021547
0.000232
0.009502
0.000005
0.003380
0.000038
0.007525
0.011382
0.000345
0.000421
0.000025
0.060425
0.015022
0.001218
0.000260
0.006373
0.621963
0.002863
0.065416
0.072930
0.000438
0.005493
0.769183
0.008376
0.005462
0.003800
0.000211
0.003512
0.068795
0.009211
0.096564
0.000170
0.000249
0.090879
0.001373
0.002966
0.058345
0.074209
0.000015
0.078431
0.016141
0.000177
0.011066
0.002493
0.065038
0.011609
0.027286
0.033097
0.006172
0.002837
0.007332
0.000038
0.000025
0.027216
0.001761
0.034236
0.115865
0.208008
0.000070
0.003449
0.596459
0.002518
0.000036
0.038845
0.069341
0.001255
0.042690
0.007514
0.001705
0.017502
0.019374
0.082087
0.001521
0.003269
0.004430
0.391624
0.006626
0.014991
0.025406
0.155194
0.225491
0.020633
0.029159
0.001155
0.002456
0.042524
0.001809
0.000236
0.008041
0.066130
0.002539
0.000558
0.011764
0.001197
0.006048
0.001056
0.000058
0.001175
0.000050
0.001748
0.000437
0.006888
0.004956
0.284539
0.000044
0.023092
0.006960
0.040470
0.025553
0.005840
0.000861
0.033124
0.001495
0.000217
0.126772
0.000082
0.050591
0.001844
0.017644
0.000932
0.108001
0.014360
0.091317
0.033957
0.066867
0.000066
0.090471
0.000332
0.000245
0.059390
0.005808
0.000037
0.000089
0.000020
0.124870
0.081407
0.029060
0.029809
0.000219
0.026691
0.494274
0.001821
0.032921
0.003383
0.021254
0.058044
0.000033
0.049913
0.200728
0.037948
0.003669
0.003628
0.133781
0.003555
0.017515
0.002213
0.000004
0.092439
0.000046
0.137154
0.002836
0.000163
0.000055
0.013830
0.024996
0.030834
0.050520
0.094027
0.001287
0.014239
0.024913
0.001582
0.000174
0.055079
0.000230
0.001941
0.004401
0.000262
0.009771
0.064575
0.006852
0.056801
0.010177
0.000705
0.000023
0.000122
0.009345
0.025784
0.001463
0.025474
0.001810
0.114564
0.000757
0.000056
0.007264
0.063717
0.112384
0.104853
0.000226
0.057375
0.002336
0.015812
0.000367
0.017752
0.102373
0.002756
0.087625
0.004062
0.024736
0.189497
0.005104
0.006287
0.009468
0.000550
0.031462
0.000619
0.059276
0.002235
0.021432
0.133156
0.030385
0.006437
0.023714
0.000822
0.189637
0.045823
0.006801
0.005903
0.024620
0.000582
0.001793
0.019082
0.000002
0.015397
0.059024
0.007020
0.000029
0.039874
0.068550
0.015490
0.047676
0.012016
0.317118
0.000690
0.091110
0.006358
0.142955
0.000535
0.001328
0.015885
0.000002
0.000374
0.000673
0.008012
0.063543
0.148421
0.001376
0.000672
0.000413
0.062138
0.030936
0.000449
0.005385
0.057933
0.015640
0.025950
0.002354
0.059507
0.004872
0.262424
0.036517
0.189679
0.039698
0.000257
0.006665
0.463509
0.003708
0.019454
0.000025
0.002305
0.145899
0.046189
0.098975
0.219081
0.001340
0.043240
0.023494
0.301857
0.247178
0.000746
0.000007
0.012361
0.003738
0.104651
0.002390
0.020172
0.035487
0.003990
0.000011
0.011130
0.004428
0.010865
0.034698
0.000038
0.001824
0.017249
0.119392
0.011115
0.153151
0.002766
0.004214
0.163682
0.092597
0.011447
0.008451
0.434882
0.237823
0.005195
0.430036
0.163947
0.024243
0.000025
0.001579
0.101658
0.030225
0.000236
0.381001
0.000064
0.426440
0.020136
0.000051
0.000795
0.030642
0.017079
0.028817
0.203934
0.005816
0.014620
0.105283
0.006270
0.068195
0.018963
0.000027
0.003635
0.165884
0.002672
0.046921
0.082627
0.000247
0.074539
0.016532
0.342644
0.005063
0.005290
0.030494
0.039569
0.005094
0.000120
0.001700
0.009285
0.039427
0.152014
0.044351
0.002153
0.044903
0.207891
0.022960
0.000088
0.016811
0.008308
0.000004
0.096819
0.005908
0.043352
0.024149
0.013467
0.013141
0.000022
0.010193
0.000104
0.176260
0.188325
0.132511
0.208133
0.084145
0.025877
0.004053
0.005636
0.000225
0.001230
0.011113
0.024676
0.000061
0.217069
0.000310
0.002377
0.001710
0.117988
0.155982
0.000002
0.302753
0.000516
0.051867
0.018771
0.007483
0.001907
0.028774
0.017874
0.049822
0.040764
0.000232
0.069781
0.012579
0.014207
0.009164
0.002489
0.000953
0.000727
0.031265
0.005900
0.003355
0.057061
0.000098
0.035471
0.092100
0.007872
0.020039
0.016833
0.135031
0.012267
0.023637
0.007695
0.000017
0.016167
0.283750
0.004511
0.020229
0.000052
0.007360
0.011086
0.000063
0.023199
0.208337
0.122123
0.009631
0.123307
0.012776
0.001351
0.002886
0.303504
0.110433
0.038804
0.046992
0.000002
0.112291
0.001766
0.254092
0.004799
0.081899
0.024195
0.051402
0.006629
0.013679
0.506691
0.009197
0.000119
0.001731
0.008698
0.000554
0.000001
0.541660
0.260244
0.009816
0.035537
0.000493
0.059448
0.002943
0.002387
0.167891
0.000012
0.003625
0.014742
0.000020
0.003967
0.008060
0.005668
0.006943
0.437654
0.000722
0.000041
0.349518
0.061870
0.009658
0.011959
0.082547
0.000033
0.101642
0.402905
0.000002
0.006083
0.002987
0.013638
0.020534
0.000610
0.001313
0.000230
0.008458
0.083514
0.072433
0.025420
0.022769
0.000278
0.056083
0.041136
0.067741
0.044153
0.029336
0.004985
0.000075
0.003626
0.001799
0.014945
0.122650
0.018568
0.005402
0.001596
0.000288
0.049990
0.044880
0.031618
0.074056
0.000526
0.043393
0.036754
0.119101
0.041391
0.027846
0.028089
0.000073
0.201547
0.052955
0.062975
0.002190
0.025153
0.069302
0.408846
0.004324
0.000698
0.200308
0.003481
0.006352
0.015788
0.015724
0.675582
0.011315
0.000595
0.000079
0.021842
0.047176
0.009560
0.559967
0.086829
0.002640
0.165133
0.006731
0.050389
0.003112
0.403793
0.039807
0.524469
0.000378
0.000616
0.000969
0.010141
0.012037
0.001068
0.181457
0.086404
0.001062
0.201880
0.001253
0.000504
0.403730
0.169097
0.000002
0.223525
0.115112
0.001516
0.053063
0.009324
0.017620
0.022842
0.004865
0.000584
0.030943
0.001390
0.168377
0.110062
0.000006
0.002377
0.108949
0.013047
0.011708
0.075991
0.039555
0.019705
0.000006
0.011275
0.032272
0.003372
0.000512
0.000268
0.001342
0.000026
0.008277
0.003001
0.001101
0.000616
0.010368
0.082459
0.000525
0.241696
0.039555
0.000295
0.014441
0.033567
0.139513
0.000002
0.387392
0.001518
0.071796
0.004174
0.001615
0.027689
0.006297
0.288975
0.252894
0.000187
0.174308
0.000024
0.008638
0.276281
0.001171
0.000985
0.281390
0.000466
0.000066
0.055777
0.000117
0.000230
0.037567
0.040897
0.037063
0.001324
0.052001
0.133766
0.000398
0.008018
0.255631
0.006245
0.098272
0.578062
0.968501
0.005489
0.000309
0.000171
0.007517
0.054800
0.078106
0.002425
0.308198
0.000046
0.042291
0.078580
0.002037
0.000178
0.002321
0.012939
0.202881
0.013996
0.194614
0.006310
0.000013
0.000607
0.013276
0.029884
0.050834
0.007936
0.000006
0.011026
0.004116
0.144351
0.107278
0.131985
0.000002
0.001976
0.000426
0.191160
0.000589
0.125564
0.006780
0.020605
0.033254
0.070121
0.316384
0.000908
0.020390
0.051643
0.152497
0.030053
0.004877
0.000007
0.002359
0.000679
0.007450
0.001218
0.000130
0.001069
0.001551
0.027458
0.005580
0.000065
0.001110
0.000031
0.000069
0.001517
0.002740
0.139054
0.000210
0.013198
0.187930
0.051068
0.000090
0.000040
0.028552
0.020637
0.020770
0.001944
0.020225
0.187295
0.005092
0.093852
0.012209
0.011694
0.000129
0.031265
0.000041
0.081566
0.135786
0.004782
0.006050
0.000691
0.009481
0.028932
0.008625
0.022295
0.139830
0.005180
0.004761
0.001350
0.015530
0.067322
0.251178
0.010263
0.155034
0.027267
0.003502
0.010035
0.030412
0.008219
0.217174
0.000649
0.000238
0.728860
0.000664
0.012985
0.368665
0.001414
0.003374
0.000238
0.012433
0.354124
0.027456
0.002885
0.012643
0.124133
0.000302
0.000592
0.215622
0.079916
0.009789
0.000028
0.001276
0.049646
0.032548
0.002307
0.111701
0.110066
0.000681
0.067217
0.014582
0.000008
0.088044
0.051459
0.000004
0.002115
0.003403
0.001905
0.027294
0.001470
0.001069
0.003380
0.000636
0.024277
0.069856
0.004664
0.000059
0.018122
0.010663
0.041707
0.001877
0.183927
0.047316
0.044364
0.016534
0.112184
0.000022
0.000002
0.000019
0.089257
0.023116
0.009239
0.036637
0.038057
0.019208
0.826074
0.199354
0.004417
0.008001
0.052706
0.018310
0.000014
0.000231
0.026390
0.013113
0.111138
0.000220
0.093742
0.006553
0.008534
0.000169
0.013043
0.043997
0.102857
0.306252
0.000106
0.015282
0.006610
0.091375
0.000017
0.199599
0.002261
0.014379
0.006422
0.062065
0.030736
0.001610
0.017554
0.302123
0.008933
0.000584
0.072398
0.000112
0.062152
0.041202
0.202371
0.043560
0.005528
0.000019
0.133548
0.036205
0.000770
0.005810
0.206944
0.015410
0.002123
0.117807
0.066019
0.052790
0.000630
0.276531
0.030808
0.453930
0.005332
0.201711
0.003394
0.477225
0.066369
0.013740
0.140174
0.001445
0.035249
0.001194
0.000011
0.076830
0.084354
0.049204
0.006638
0.007487
0.000549
0.281075
0.010638
0.092297
0.059266
0.000014
0.000210
0.003365
0.002640
0.008060
0.016195
0.001260
0.020223
0.000177
0.032908
0.001248
0.088622
0.000005
0.000002
0.406510
0.000539
0.002986
0.263497
0.016657
0.173262
0.008244
0.005582
0.001041
0.011842
0.258875
0.026135
0.007989
0.023409
0.526664
0.169498
0.003171
0.000121
0.584059
0.000087
0.222541
0.000018
0.016288
0.000023
0.171772
0.064734
0.000037
0.035302
0.004629
0.003243
0.049335
0.000148
0.014024
0.000439
0.000020
0.013620
0.039795
0.014790
0.000115
0.000986
0.004120
0.015270
0.042242
0.001126
0.006244
0.168742
0.083104
0.215899
0.030864
0.001077
0.043744
0.029659
0.045335
0.050336
0.004746
0.000645
0.008156
0.007225
0.019319
0.000312
0.000145
0.032517
0.000119
0.000745
0.011435
0.041339
0.053436
0.000223
0.004875
0.133578
0.011425
0.000013
0.000253
0.219720
0.000069
0.000013
0.035395
0.014977
0.000260
0.056624
0.011006
0.000545
0.002886
0.229727
0.001198
0.082725
0.013285
0.003822
0.009728
0.007049
0.142278
0.004868
0.006831
0.000353
0.045990
0.277948
0.075707
0.048800
0.000003
0.000240
0.135379
0.000013
0.039202
0.000659
0.090702
0.122553
0.005684
0.015413
0.000409
0.001516
0.013656
0.016485
0.001524
0.175244
0.018712
0.045446
0.077772
0.000978
0.098370
0.000122
0.344738
0.025019
0.000416
0.326618
0.003868
0.004370
0.004496
0.000009
0.083636
0.290631
0.008707
0.578240
0.000833
0.409583
0.000568
0.005731
0.000009
0.036969
0.524741
0.054692
0.014089
0.241561
0.133919
0.000249
0.005313
0.561315
0.041698
0.001205
0.003109
0.000024
0.004663
0.000879
0.055811
0.141656
0.000307
0.000165
0.037155
0.002020
0.538921
0.206257
0.075104
0.415374
0.006837
0.000211
0.013451
0.103630
0.225907
0.000002
0.101824
0.141478
0.010461
0.003008
0.009564
0.043096
0.003146
0.000083
0.002245
0.000151
0.013112
0.037406
0.003757
0.018713
0.000009
0.002006
0.000646
0.001677
0.000112
0.001747
0.000506
0.461519
0.046035
0.141151
0.008726
0.067947
0.045701
0.008068
0.003546
0.010935
0.002304
0.000198
0.070090
0.001002
0.001816
0.037306
0.002697
0.000276
0.021509
0.005066
0.000039
0.072256
0.009535
0.008881
0.717592
0.000265
0.037474
0.001598
0.000068
0.088653
0.000045
0.018592
0.001081
0.857146
0.000195
0.132654
0.000324
0.011096
0.008182
0.223777
0.056260
0.000646
0.000703
0.006709
0.057363
0.000003
0.003630
0.003253
0.007974
0.018320
0.168386
0.011895
0.068976
0.001765
0.058435
0.176579
0.005427
0.045399
0.002880
0.014156
0.000207
0.000189
0.279276
0.130502
0.000004
0.041379
0.135503
0.000960
0.007453
0.000003
0.112700
0.001536
0.016199
0.000029
0.042247
0.000012
0.000138
0.000068
0.046655
0.000384
0.100483
0.062118
0.001413
0.000092
0.070230
0.000081
0.142678
0.011813
0.246443
0.000038
0.000231
0.006934
0.000008
0.255725
0.045628
0.000545
0.000088
0.626983
0.342465
0.070709
0.000858
0.000803
0.005500
0.141725
0.007563
0.005228
0.006980
0.067828
0.011889
0.010669
0.008648
0.040957
0.000388
0.006681
0.000202
0.081814
0.002065
0.487042
0.000035
0.000002
0.101891
0.000049
0.016018
0.030267
0.312862
0.007307
0.007576
0.002997
0.072268
0.130275
0.002214
0.006337
0.000018
0.001192
0.266764
0.029886
0.039720
0.000163
0.112259
0.014929
0.001569
0.000709
0.009608
0.002606
0.014441
0.000549
0.009984
0.005293
0.001164
0.005654
0.184688
0.003783
0.010506
0.178061
0.001595
0.000632
0.004601
0.007750
0.137576
0.001389
0.901768
0.008321
0.000039
0.000097
0.000479
0.032120
0.031026
0.003014
0.454432
0.018673
0.082930
0.008467
0.000613
0.003213
0.036993
0.506597
0.087700
0.000060
0.000032
0.157337
0.000328
0.000111
0.018868
0.116727
0.101643
0.217795
0.030712
0.439942
0.042954
0.072010
0.098334
0.000019
0.057838
0.539932
0.027918
0.000035
0.000063
0.001743
0.020991
0.024709
0.299089
0.077465
0.246089
0.013328
0.004231
0.041674
0.001809
0.190424
0.028796
0.057175
0.003169
0.000076
0.017284
0.000001
0.071589
0.032112
0.000104
0.001781
0.000519
0.027788
0.003974
0.051548
0.016131
0.092303
0.051159
0.044846
0.018869
0.072291
0.001882
0.011975
0.000104
0.088462
0.054331
0.000044
0.061473
0.000681
0.013270
0.000356
0.339795
0.000306
0.000572
0.004972
0.010434
0.095020
0.007072
0.068586
0.083986
0.000821
0.001096
0.005748
0.002144
0.000279
0.028489
0.031063
0.013812
0.000175
0.024988
0.041375
0.112273
0.436129
0.017387
0.000445
0.001514
0.139783
0.019302
0.000364
0.001496
0.001286
0.000163
0.339652
0.172383
0.021218
0.000047
0.000428
0.000010
0.026652
0.001826
0.011028
0.074363
0.009602
0.000559
0.001417
0.000009
0.009508
0.000278
0.019427
0.000002
0.000132
0.002841
0.014496
0.063057
0.000108
0.024488
0.000019
0.087732
0.006353
0.002375
0.000526
0.020680
0.003878
0.030634
0.024105
0.011010
0.310205
0.099211
0.021603
0.011426
0.000411
0.000001
0.000005
0.000010
0.319669
0.007872
0.004504
0.191603
0.002640
0.000061
0.000027
0.007646
0.024946
0.000277
0.000306
0.010997
0.000003
0.002252
0.008693
0.000221
0.022679
0.003356
0.003624
0.184596
0.022752
0.000057
0.095649
0.001237
0.001284
0.002299
0.071695
0.000002
0.000277
0.039614
0.014612
0.000003
0.004507
0.019469
0.080573
0.013287
0.030800
0.016473
0.081881
0.552055
0.425790
0.005941
0.051363
0.014171
0.000063
0.014825
0.000777
0.011159
0.006150
0.003193
0.034609
0.018983
0.048791
0.002234
0.017640
0.009949
0.002947
0.022423
0.001738
0.118697
0.066628
0.004738
0.124154
0.112133
0.205490
0.000005
0.018450
0.064967
0.073301
0.053896
0.000101
0.000695
0.058777
0.004959
0.000521
0.051471
0.000002
0.000756
0.023159
0.006824
0.030737
0.000041
0.079858
0.015971
0.003960
0.045952
0.012751
0.212558
0.000231
0.001854
0.004771
0.013079
0.075112
0.000037
0.008522
0.606968
0.003064
0.055079
0.042138
0.004387
0.006682
0.060562
0.008366
0.054639
0.000733
0.060188
0.000271
0.002138
0.005978
0.289113
0.000096
0.418313
0.000231
0.027072
0.004051
0.444432
0.007930
0.061750
0.008048
0.000404
0.002115
0.013446
0.078453
0.012651
0.001443
0.000045
0.000020
0.072115
0.017633
0.181498
0.000217
0.002659
0.553115
0.025270
0.044177
0.013095
0.012320
0.010912
0.171629
0.002556
0.188314
0.184920
0.416316
0.013419
0.012414
0.089897
0.000066
0.003693
0.001880
0.011851
0.082513
0.129334
0.003007
0.000069
0.000002
0.061277
0.161655
0.000519
0.000007
0.003020
0.097551
0.116173
0.081559
0.002935
0.016977
0.210532
0.006617
0.007205
0.000628
0.011868
0.054688
0.000003
0.000064
0.023104
0.000541
0.001278
0.000355
0.013861
0.029144
0.000113
0.012490
0.005258
0.004238
0.058774
0.012167
0.000043
0.000422
0.001199
0.000055
0.000248
0.015650
0.002508
0.325565
0.105338
0.041803
0.527728
0.010257
0.004498
0.006923
0.008131
0.019548
0.032058
0.001496
0.121198
0.000741
0.023575
0.000056
0.000774
0.017002
0.000465
0.124313
0.062179
0.005963
0.117989
0.000245
0.141496
0.000080
0.004683
0.013910
0.001179
0.000563
0.226718
0.007604
0.013012
0.006141
0.016039
0.033441
0.001056
0.000694
0.002661
0.039038
0.056992
0.724573
0.326177
0.003808
0.018864
0.001134
0.140713
0.014764
0.000137
0.000162
0.311160
0.129123
0.000070
0.060539
0.022137
0.091979
0.118614
0.002231
0.106670
0.004478
0.174587
0.002063
0.444879
0.114253
0.101074
0.160605
0.693767
0.034311
0.029976
0.012080
0.016578
0.013929
0.011881
0.002538
0.077565
0.002205
0.006225
0.005824
0.000575
0.002709
0.055147
0.080140
0.055674
0.000198
0.169957
0.002440
0.098079
0.010123
0.000645
0.038062
0.000012
0.000026
0.019695
0.059143
0.026332
0.000443
0.000012
0.012968
0.000932
0.000551
0.629155
0.011730
0.018514
0.066232
0.212691
0.002545
0.000247
0.000020
0.007565
0.058094
0.104931
0.021041
0.352595
0.000998
0.000002
0.321145
0.000395
0.007101
0.059824
0.010815
0.007357
0.003746
0.088994
0.000042
0.377704
0.000002
0.002700
0.005552
0.090853
0.092308
0.000021
0.019646
0.002876
0.009492
0.019684
0.005215
0.001010
0.066504
0.110135
0.103224
0.665111
0.044324
0.119023
0.036134
0.156510
0.000931
0.015116
0.001941
0.015813
0.010171
0.104615
0.037457
0.002867
0.002040
0.015661
0.005369
0.000153
0.050111
0.267074
0.042819
0.056972
0.004334
0.001886
0.002679
0.000176
0.000118
0.000035
0.001841
0.030289
0.001232
0.003639
0.079518
0.004076
0.108477
0.003072
0.001824
0.013245
0.003247
0.011651
0.000070
0.016310
0.055328
0.017154
0.025350
0.058349
0.194076
0.000386
0.009926
0.368589
0.041037
0.201851
0.000173
0.036673
0.272649
0.033795
0.000776
0.054114
0.127558
0.038729
0.001870
0.001498
0.003323
0.017840
0.000002
0.000044
0.000685
0.010397
0.003625
0.001793
0.248401
0.259681
0.002609
0.082111
0.037529
0.000010
0.001262
0.000162
0.000340
0.009129
0.048243
0.037282
0.003171
0.002768
0.048932
0.000010
0.028362
0.007562
0.000026
0.093569
0.313869
0.008011
0.005691
0.001004
0.027763
0.057473
0.001141
0.294018
0.001606
0.005534
0.008352
0.000036
0.000887
0.000375
0.002499
0.003422
0.056279
0.024726
0.005607
0.162557
0.003406
0.001132
0.000003
0.005606
0.024250
0.228476
0.005646
0.018335
0.143659
0.005920
0.036304
0.002571
0.017500
0.002933
0.045853
0.004741
0.009130
0.083421
0.016914
0.122498
0.040315
0.103196
0.032599
0.000200
0.050332
0.020014
0.115293
0.000002
0.000012
0.000724
0.029462
0.011137
0.012810
0.000868
0.005538
0.192846
0.168391
0.206463
0.012518
0.089101
0.038711
0.016792
0.000294
0.003013
0.000367
0.084802
0.002334
0.005345
0.000813
0.021259
0.022315
0.025915
0.121555
0.014728
0.022263
0.018681
0.016269
0.002444
0.003024
0.200824
0.017634
0.070084
0.000562
0.014066
0.000035
0.060043
0.104347
0.250289
0.000762
0.171885
0.068992
0.003370
0.000493
0.000043
0.009809
0.034188
0.302001
0.075940
0.000359
0.009451
0.000508
0.013534
0.003031
0.003672
0.002846
0.003168
0.293492
0.342076
0.025426
0.005145
0.000352
0.019967
0.011714
0.085488
0.498729
0.038112
0.043495
0.000436
0.031533
0.049879
0.003599
0.088122
0.321854
0.011049
0.010157
0.000256
0.000716
0.008847
0.055883
0.175269
0.000214
0.061804
0.081088
0.000316
0.000651
0.054828
0.012199
0.954944
0.003622
0.031881
0.323928
0.003085
0.000964
0.000150
0.550323
0.000547
0.005565
0.000117
0.044850
0.000912
0.020273
0.022823
0.000398
0.002337
0.298614
0.130293
0.002422
0.549660
0.001225
0.460691
0.004245
0.035556
0.001564
0.123275
0.000038
0.007616
0.006995
0.024748
0.033651
0.000962
0.001631
0.000984
0.020433
0.052754
0.044652
0.153842
0.056130
0.003298
0.000196
0.032668
0.000360
0.069130
0.000150
0.028415
0.025163
0.002514
0.149704
0.013663
0.120097
0.000006
0.000187
0.362579
0.000018
0.000772
0.127479
0.019330
0.097025
0.069967
0.000235
0.044129
0.002650
0.000334
0.015736
0.000007
0.517533
0.109738
0.362711
0.000642
0.019982
0.009808
0.027803
0.037504
0.420849
0.000407
0.000818
0.077648
0.007246
0.008599
0.132368
0.000002
0.014332
0.042268
0.000327
0.012907
0.002288
0.003199
0.001111
0.020070
0.030830
0.044878
0.000008
0.010473
0.002674
0.182768
0.136383
0.006867
0.279078
0.004065
0.267509
0.048714
0.073425
0.000012
0.000290
0.019465
0.110881
0.003007
0.103100
0.036868
0.000537
0.001955
0.015854
0.031915
0.000147
0.264138
0.000404
0.033200
0.066540
0.040796
0.000584
0.000262
0.007240
0.002496
0.021741
0.013328
0.000240
0.002377
0.118534
0.150742
0.557731
0.000002
0.009823
0.000436
0.022643
0.000552
0.001754
0.000652
0.101187
0.050113
0.018775
0.021088
0.110910
0.422163
0.197481
0.040139
0.000002
0.001448
0.047386
0.649440
0.000987
0.000201
0.005440
0.206086
0.014189
0.000010
0.000603
0.000776
0.004356
0.000326
0.001356
0.015213
0.254994
0.075259
0.009775
0.000186
0.025410
0.006496
0.012269
0.001089
0.026716
0.602648
0.506432
0.011700
0.053370
0.022380
0.000130
0.009513
0.026456
0.013074
0.088151
0.000006
0.043050
0.169121
0.006444
0.000626
0.000399
0.004725
0.008477
0.001834
0.046910
0.034305
0.002734
0.154331
0.001360
0.054563
0.220446
0.069010
0.146430
0.000103
0.059363
0.002360
0.001744
0.026318
0.000041
0.003081
0.001736
0.031416
0.005803
0.000999
0.008455
0.014557
0.012378
0.001876
0.009061
0.022636
0.000742
0.052634
0.023680
0.000937
0.001349
0.010254
0.008404
0.028061
0.035022
0.016135
0.013775
0.011665
0.000691
0.007307
0.034075
0.661305
0.006293
0.174379
0.083093
0.030957
0.000081
0.034168
0.009292
0.000217
0.008866
0.000239
0.094600
0.042234
0.023850
0.000927
0.054516
0.020307
0.564118
0.005933
0.012705
0.007964
0.144844
0.220186
0.009118
0.027099
0.003916
0.010158
0.203765
0.010280
0.000599
0.009921
0.023938
0.006346
0.007033
0.010748
0.004628
0.003147
0.049445
0.122581
0.033421
0.795457
0.070140
0.018299
0.000084
0.016774
0.001830
0.089570
0.000112
0.241918
0.030190
0.000074
0.000002
0.103027
0.002272
0.113981
0.001944
0.109065
0.047045
0.035481
0.024862
0.005417
0.023298
0.028210
0.000411
0.120349
0.011871
0.077405
0.004175
0.033453
0.017242
0.099556
0.002601
0.038510
0.245852
0.156898
0.018645
0.000535
0.029876
0.014240
0.147654
0.016763
0.431936
0.000013
0.071230
0.001367
0.000281
0.031609
0.069703
0.375039
0.654545
0.000748
0.166663
0.024145
0.129720
0.175315
0.003184
0.012164
0.392970
0.010866
0.025404
0.093360
0.068498
0.451514
0.098889
0.007166
0.000018
0.005551
0.061420
0.000637
0.006447
0.002410
0.020441
0.049004
0.000004
0.000007
0.021073
0.000445
0.013353
0.000063
0.000112
0.122124
0.047725
0.000318
0.003795
0.001310
0.000685
0.049915
0.004752
0.059228
0.043367
0.030491
0.118131
0.000071
0.008338
0.042378
0.004471
0.000002
0.115048
0.064256
0.075895
0.000971
0.421328
0.006078
0.000092
0.000059
0.012019
0.002014
0.000015
0.049186
0.633023
0.091659
0.000008
0.004931
0.000693
0.047071
0.109218
0.090109
0.049265
0.002689
0.589224
0.011584
0.037855
0.198141
0.046036
0.003441
0.000092
0.171464
0.002351
0.014876
0.031676
0.539804
0.052936
0.004387
0.000020
0.000008
0.000429
0.022648
0.027954
0.020297
0.069372
0.005946
0.038688
0.000126
0.011350
0.049971
0.002052
0.009085
0.023944
0.000336
0.209865
0.005227
0.000007
0.126025
0.056203
0.043872
0.010805
0.174909
0.003938
0.006734
0.002201
0.000534
0.092285
0.001302
0.008500
0.013517
0.000005
0.000159
0.033022
0.036131
0.001874
0.003400
0.002145
0.100117
0.047564
0.000021
0.002165
0.127899
0.003404
0.006068
0.026345
0.001228
0.000305
0.033860
0.008911
0.102474
0.129268
0.032729
0.019441
0.007447
0.058273
0.007086
0.014504
0.001417
0.004733
0.203574
0.658029
0.000027
0.000513
0.438168
0.039550
0.002333
0.009246
0.005319
0.000038
0.023550
0.046729
0.106788
0.006579
0.000738
0.002860
0.010566
0.020955
0.000153
0.271220
0.000234
0.070931
0.106853
0.026354
0.003319
0.436911
0.030912
0.000306
0.006118
0.000295
0.000263
0.013968
0.008218
0.000019
0.000485
0.007392
0.016339
0.039827
0.047174
0.057536
0.011618
0.019718
0.001298
0.001968
0.005382
0.007399
0.000810
0.000746
0.086892
0.058305
0.000341
0.005307
0.052078
0.059316
0.061204
0.006907
0.005707
0.000642
0.068293
0.049654
0.001096
0.000054
0.013581
0.000072
0.033152
0.036505
0.001226
0.000313
0.000030
0.052583
0.005122
0.236665
0.004242
0.144261
0.001953
0.000215
0.017599
0.000091
0.232984
0.000263
0.009072
0.001048
0.000161
0.074767
0.004141
0.002492
0.111791
0.032093
0.242461
0.090434
0.048691
0.050406
0.049872
0.000158
0.005313
0.048417
0.029339
0.000003
0.910310
0.000885
0.000125
0.000363
0.191695
0.038740
0.002250
0.064333
0.000023
0.019043
0.286490
0.039219
0.031634
0.031615
0.001847
0.100438
0.024379
0.000692
0.001100
0.000013
0.002148
0.026648
0.005392
0.011013
0.000376
0.147983
0.011461
0.132904
0.015617
0.001413
0.015034
0.001589
0.014016
0.123069
0.062432
0.003965
0.000573
0.085769
0.015598
0.003473
0.071846
0.044127
0.000313
0.020292
0.044443
0.028111
0.013657
0.330309
0.237522
0.006150
0.001811
0.003615
0.087281
0.021491
0.010504
0.000011
0.051026
0.000035
0.213389
0.256627
0.000069
0.007480
0.001790
0.000754
0.006337
0.031895
0.000228
0.003482
0.001194
0.009377
0.000575
0.013322
0.000749
0.012228
0.039406
0.003702
0.051987
0.022339
0.254216
0.056684
0.001392
0.114765
0.005391
0.114549
0.006094
0.297878
0.006209
0.004303
0.009871
0.132480
0.000532
0.000831
0.000231
0.000018
0.360736
0.023303
0.002205
0.000731
0.055361
0.022336
0.553373
0.000477
0.060371
0.010948
0.000360
0.003571
0.000010
0.001857
0.000255
0.018522
0.010398
0.000471
0.007063
0.042139
0.000177
0.505974
0.002330
0.005037
0.000174
0.026512
0.027733
0.002148
0.015774
0.366480
0.024443
0.017329
0.000042
0.004127
0.010890
0.054898
0.000287
0.017655
0.000402
0.018457
0.001829
0.005288
0.002825
0.043038
0.168203
0.000256
0.082492
0.331282
0.012290
0.008746
0.073747
0.020912
0.000038
0.002310
0.156246
0.120080
0.004100
0.258703
0.010918
0.017712
0.000310
0.023900
0.047239
0.153995
0.069243
0.007822
0.000164
0.000470
0.080921
0.013705
0.001791
0.011075
0.000090
0.139419
0.031289
0.004280
0.095116
0.000214
0.350879
0.024660
0.000517
0.014572
0.027536
0.000607
0.056748
0.012756
0.065658
0.000002
0.021709
0.016591
0.000546
0.010223
0.012102
0.001173
0.000002
0.041728
0.000298
0.000204
0.005284
0.006023
0.026181
0.175947
0.063380
0.048147
0.000451
0.038760
0.017290
0.000498
0.001579
0.196139
0.113837
0.017972
0.003562
0.000002
0.011472
0.166353
0.016207
0.023599
0.009349
0.005041
0.004960
0.021520
0.020431
0.000060
0.000010
0.026997
0.035797
0.003103
0.019306
0.000335
0.017769
0.133978
0.164773
0.008287
0.026246
0.239467
0.030956
0.011728
0.040463
0.038285
0.001460
0.029638
0.007526
0.001187
0.006847
0.007695
0.322054
0.008906
0.003809
0.004635
0.003602
0.000048
0.095875
0.043768
0.003199
0.089825
0.000954
0.045800
0.268150
0.001730
0.050778
0.002415
0.153968
0.000006
0.079000
0.000977
0.023384
0.002411
0.026134
0.000033
0.002722
0.000959
0.029686
0.000170
0.012956
0.000023
0.000291
0.166435
0.003477
0.000120
0.000027
0.107048
0.003030
0.044188
0.025688
0.047098
0.050547
0.006602
0.000226
0.012673
0.180731
0.005811
0.015310
0.000002
0.011280
0.018923
0.014992
0.019988
0.014262
0.010308
0.116789
0.000388
0.033796
0.095590
0.039562
0.000555
0.020215
0.020823
0.000005
0.007303
0.002736
0.089632
0.031190
0.060348
0.048651
0.015000
0.241084
0.000368
0.315956
0.332726
0.004427
0.000349
0.000106
0.000327
0.000534
0.005795
0.010714
0.118295
0.000052
0.356025
0.015065
0.076610
0.019342
0.005438
0.017068
0.055757
0.004546
0.032020
0.002571
0.011660
0.388138
0.003274
0.000097
0.149879
0.006164
0.000018
0.036113
0.006359
0.001845
0.008211
0.100159
0.013767
0.040299
0.537754
0.000134
0.000136
0.049935
0.001499
0.383445
0.000125
0.102700
0.038695
0.718654
0.109891
0.021317
0.000506
0.000047
0.210551
0.050799
0.010326
0.031992
0.000127
0.000655
0.010713
0.000865
0.173917
0.000365
0.253314
0.128476
0.032969
0.191890
0.006156
0.000391
0.074724
0.000245
0.002901
0.077179
0.052100
0.009839
0.298690
0.000004
0.027415
0.009885
0.101646
0.162832
0.000507
0.015518
0.001111
0.003069
0.000005
0.005649
0.013856
0.000491
0.092208
0.000829
0.000003
0.050079
0.023593
0.734899
0.081216
0.208651
0.011636
0.317579
0.000255
0.000862
0.395166
0.046689
0.056885
0.186399
0.071713
0.010381
0.000035
0.003400
0.019342
0.083926
0.514648
0.007920
0.000718
0.002280
0.085565
0.760493
0.002460
0.015889
0.008512
0.025649
0.157950
0.143878
0.009491
0.000284
0.000549
0.001355
0.000098
0.000040
0.010535
0.029516
0.032792
0.000651
0.011702
0.003247
0.000334
0.220651
0.242401
0.000599
0.000844
0.038184
0.016530
0.008365
0.000567
0.002722
0.046780
0.000052
0.007253
0.005373
0.216842
0.000216
0.003309
0.116606
0.021823
0.001882
0.185208
0.000223
0.003091
0.002801
0.036968
0.003137
0.002005
0.103882
0.001541
0.036350
0.008007
0.003590
0.018475
0.145198
0.010160
0.022562
0.006659
0.049558
0.230654
0.564863
0.008497
0.054429
0.003363
0.003700
0.021135
0.000028
0.360834
0.032225
0.012410
0.000637
0.000084
0.028620
0.099720
0.028629
0.000686
0.003027
0.042419
0.004146
0.002315
0.022250
0.059049
0.001403
0.107827
0.015469
0.079051
0.000074
0.026789
0.005261
0.022618
0.000156
0.004684
0.207079
0.040476
0.000078
0.041194
0.052070
0.000053
0.251281
0.006618
0.002425
0.022312
0.001790
0.136649
0.004239
0.004776
0.000074
0.000411
0.020378
0.001029
0.018066
0.037125
0.000880
0.004836
0.023736
0.004314
0.035036
0.073465
0.028235
0.001938
0.012651
0.003815
0.000719
0.000002
0.002764
0.028329
0.019631
0.127677
0.002838
0.000917
0.492821
0.018783
0.010374
0.004851
0.008156
0.333946
0.056517
0.067190
0.037877
0.000199
0.186550
0.036373
0.018358
0.001917
0.003547
0.033535
0.008038
0.764568
0.030396
0.114043
0.053892
0.041860
0.000152
0.000602
0.000489
0.064045
0.013066
0.010426
0.009047
0.206371
0.002733
0.000113
0.005328
0.000035
0.036072
0.121093
0.103375
0.012850
0.009687
0.217817
0.008123
0.020464
0.015415
0.158675
0.011418
0.132648
0.000052
0.198586
0.015404
0.001723
0.043134
0.729283
0.000248
0.137908
0.000027
0.040072
0.001830
0.000310
0.144490
0.050000
0.000820
0.000048
0.018062
0.000261
0.000687
0.007748
0.091337
0.006897
0.029882
0.109366
0.000031
0.003219
0.000010
0.000047
0.524500
0.014568
0.012362
0.000007
0.000960
0.163835
0.081978
0.002955
0.018021
0.001427
0.000024
0.071588
0.018354
0.333941
0.070421
0.123062
0.029400
0.025991
0.061986
0.036639
0.000996
0.334377
0.134188
0.003268
0.002876
0.031353
0.002418
0.031500
0.003290
0.031985
0.001605
0.001315
0.004900
0.002243
0.001497
0.058539
