2521
1.796978
4
91
40
10
1
5047
-0.015079
-0.702259
-0.089814
-0.241290
-0.981076
0.943533
0.835090
0.186975
0.276459
0.982460
-0.083428
-0.851247
-0.264533
0.266256
-1.000000
0.726290
-0.966979
-0.169367
-0.707076
-0.780533
0.513026
0.512580
1.000000
0.912661
-0.741666
-0.872678
0.282788
0.182316
0.377268
0.333959
0.412803
0.806941
0.302936
0.843265
-0.429962
1.000000
0.887331
-0.228754
0.082546
1.000000
-0.469650
-0.345486
0.712796
0.274647
0.848737
0.913130
-0.222688
-0.677279
-0.027229
-0.261580
-0.317635
-0.718034
-1.000000
0.342151
0.279520
-0.844290
0.692417
0.687666
-0.813848
-0.381586
-0.982409
0.932780
0.731050
-0.930637
-0.773829
-0.082532
0.102916
0.861378
-0.816241
0.063627
1.000000
0.622010
-0.796342
-0.754265
0.116160
0.928957
0.054079
-0.824704
-0.939743
0.589730
0.306402
0.734335
0.033527
0.611216
0.759020
-0.940152
-0.765537
-0.757829
0.902408
-0.504116
-0.726138
0.571301
-0.974393
0.599349
-0.257940
0.724961
0.110943
-0.435948
-0.959736
0.149143
0.500718
0.032913
-0.652631
-0.406969
-0.600415
-0.247570
-0.341787
-0.635336
0.765239
-0.065146
1.000000
-0.757756
-0.445057
-0.976104
0.224888
-0.339588
-0.144922
0.618448
0.954085
-0.792684
-0.973448
-0.446153
-0.384121
0.924121
0.001437
0.808663
-0.526312
0.446061
0.125144
-0.662883
-0.215633
0.054389
-0.197691
0.316673
0.996712
-0.240229
-0.468576
0.363585
0.274046
-0.728455
-0.286891
0.587329
0.937967
0.185464
0.317530
0.398263
0.618018
-0.838636
0.657721
-0.077884
0.323420
0.483099
-0.674638
0.258785
0.177517
-0.514123
-0.809137
-0.090947
0.559371
-0.271632
-0.598101
0.087478
-0.644184
0.943462
0.490884
-0.965022
-0.017688
-0.056278
0.717026
-0.055427
-0.240861
-0.988567
-0.107371
0.851049
-0.257998
0.469347
0.496298
-0.212468
-0.712658
-0.996674
-0.890635
-0.925798
0.685313
1.000000
0.420146
0.974206
-0.015936
0.573445
0.892698
-0.919207
0.834848
0.806200
-0.005035
-0.582186
-0.655529
-0.074213
-0.149582
0.532480
-0.628948
-0.988119
-0.965046
-0.118181
-0.951209
0.620526
0.646913
0.650224
0.818017
-0.516961
0.855227
-0.899304
-0.364644
-0.653451
0.512156
-0.674715
-0.060966
-0.970610
-0.065400
-0.566925
-0.869242
-0.351908
0.683471
-0.264759
-0.449455
-0.488982
0.980244
-0.926336
-0.216446
0.973128
-0.075756
-0.048295
1.000000
0.632496
0.588089
-0.448401
-0.834205
0.565003
-0.345648
-0.406985
0.857281
-0.591654
0.068341
-0.699001
-0.282238
0.906833
0.526567
0.359649
-0.828949
-0.983978
0.568166
0.095048
0.047950
0.835676
0.942613
-0.917440
0.809828
1.000000
0.210387
0.197467
-0.207280
-0.481862
-0.545088
0.720135
-0.306823
-1.000000
-0.631518
0.532636
-0.760194
-0.947146
-1.000000
0.855676
-0.636775
-0.867215
0.333357
0.471160
-0.985685
0.193948
0.361044
0.978263
-0.400514
-0.289780
-0.068006
0.727846
0.302449
-0.705060
-0.571413
0.617654
-0.044235
0.684028
-0.348894
0.689116
-0.992641
-0.756373
-0.786254
0.612803
-0.682663
-0.240840
-0.910993
0.593567
-0.038957
0.457095
-0.588338
0.264905
0.562584
-0.634009
-0.100768
-0.203374
-0.210855
0.554596
-0.093007
0.127770
-0.860996
0.099880
-0.626925
0.547621
0.689057
0.629821
0.522947
-0.460343
0.335725
0.632545
-0.014981
0.778514
0.250148
-0.350416
0.236440
-0.085363
0.246911
0.415041
0.982095
-0.456750
0.179696
0.113230
0.824231
0.119049
-0.960235
-0.697905
0.758718
0.170439
-0.361459
-1.000000
0.481677
-0.409143
0.822659
-0.185725
0.501912
-0.365434
0.898085
-0.713419
-0.752486
0.938858
0.598982
-0.198390
-0.832688
0.601760
0.015936
-0.435771
-0.481050
0.090456
-0.078800
0.566841
-0.076616
0.851374
0.670311
0.848384
-0.593141
1.000000
0.632726
-0.803644
-0.015411
0.407203
-0.238985
0.273001
-0.131952
-0.126712
0.519785
-1.000000
0.689206
-0.079536
0.587813
-0.482122
0.714501
0.481275
-0.656820
0.733837
-0.928347
0.137141
-0.298884
-0.615098
0.322464
0.623401
0.180728
-0.802179
1.000000
0.571112
-0.362498
-0.841573
0.229264
-0.201542
0.419445
-0.755252
0.216205
0.456450
0.803598
1.000000
-0.656744
0.960315
-0.341481
-0.669176
-0.359474
-1.000000
-0.594729
-0.900939
-0.547579
0.566547
0.416695
-0.949799
-0.599915
0.371519
0.372933
-0.347373
0.683334
0.083639
0.796065
-0.823675
0.563136
0.144337
0.737362
0.209939
-0.931525
-0.783055
0.257782
0.487501
-0.928173
0.157477
0.017568
0.003985
0.963294
0.465537
1.000000
-0.280044
-0.533295
-0.110195
-0.675522
0.894772
-0.418066
-0.155784
-0.192037
-0.132856
-0.755712
0.488618
0.900671
1.000000
-0.822919
-0.168797
-0.978882
0.333927
-0.606034
0.686988
0.625151
-0.176048
-0.897872
-0.272634
-0.328200
-0.591450
-0.093346
0.882587
-0.207509
-0.469892
0.972570
0.638792
-0.056285
0.982002
-0.865125
0.957771
0.311168
0.367944
0.107871
-0.619666
0.452299
-0.147591
0.696066
-0.021238
0.303097
0.508146
-0.549643
-0.983423
0.879808
-0.085043
-0.109085
-0.519107
0.514144
0.031959
0.228750
1.000000
-0.327234
0.788941
0.671795
-0.075553
0.070987
0.176838
0.690616
0.551528
1.000000
0.502002
0.642781
-0.043137
0.410577
-0.963422
-0.105662
0.251958
-0.170880
-0.147470
0.694520
-0.779369
-0.475610
-0.380446
0.860242
-0.879908
0.435171
-0.686121
0.851208
-0.925937
0.045453
-0.745253
-0.959955
-0.590577
-0.302286
-0.166394
0.224324
-0.582708
-0.548548
0.409048
-0.395094
0.626208
-0.012824
0.661548
-1.000000
0.940518
-0.836301
-0.784559
0.153148
0.872992
0.828644
-0.970962
0.446429
-0.912032
-0.300578
-1.000000
-0.095758
-0.062819
0.400846
0.617320
-1.000000
-0.912499
-0.240606
-0.735023
-0.717369
0.836554
0.387444
-0.520325
-0.368038
-0.932222
-0.175122
0.113783
-0.210764
-0.064139
0.262524
0.591490
-0.979889
-0.773195
-0.416382
-0.296142
0.922765
-0.190872
0.149061
-0.181402
-0.174051
0.833574
-0.143572
-0.792986
0.200617
-0.005027
0.572105
-0.785388
-0.328515
0.749881
0.337092
-0.509159
0.805534
0.259233
0.933969
0.343066
-0.879549
-0.093373
0.827956
-0.987263
-0.171924
0.526712
0.730483
0.975576
0.302815
-0.004218
0.784281
0.553488
-0.535833
0.948921
-0.387165
0.262189
-0.651732
0.586038
-0.773932
-0.074599
-0.525191
0.972684
-0.137731
0.392613
0.055661
0.469437
1.000000
-0.427085
-0.040590
0.391479
0.180044
-0.176159
-0.312249
-0.442508
0.873086
-0.452179
-0.209420
-0.766863
-0.403675
-0.657770
0.869503
-0.044297
-0.897224
-0.968020
0.167966
-0.459277
0.927655
-0.347829
1.000000
1.000000
0.528097
0.137962
0.717452
0.171472
0.063531
-0.920498
0.595670
-0.734915
-0.219827
0.285648
0.291609
-0.158184
0.852180
-0.004919
-0.440365
-0.451903
0.500432
-0.006745
0.528565
0.316398
0.341453
0.489790
-0.567479
0.704788
0.542034
-0.502209
-0.157967
-0.472435
-0.789596
-0.877124
-0.014140
-0.145450
0.152993
0.601881
-0.275824
0.678133
0.216882
-0.691144
-0.286022
0.507248
0.318881
-1.000000
-0.407026
0.235710
-0.743047
0.568608
-0.492734
0.422746
0.734330
0.290576
0.389583
-0.386612
-0.171135
0.990975
-0.933072
-0.391641
0.431602
-1.000000
0.131551
-0.341057
0.752991
0.728566
-0.966407
-0.507948
-0.382553
-0.381811
0.735824
0.904628
0.967080
0.677303
-0.399362
0.453212
-0.254886
0.163297
-0.514820
-0.313861
0.086062
-0.633388
0.542951
0.181510
-0.457281
0.722600
-0.522387
0.908152
-0.494454
-0.586292
0.381258
-0.958023
0.863408
0.704070
-0.617519
-0.808731
0.542631
-0.255099
0.186516
0.266589
-0.400439
-0.705440
0.582527
0.124104
-0.019256
-0.798488
0.674399
-0.832773
-0.714111
0.587424
0.005013
-0.209507
-0.402291
1.000000
0.454549
0.961573
-0.064797
-0.972673
-0.560000
-0.374318
-0.924545
-0.537888
0.351228
0.287254
-0.253317
-0.878283
0.327394
0.901610
0.178615
-0.741698
-0.581981
-0.660225
0.073711
-0.014517
-0.840473
-1.000000
0.319884
-0.216384
-0.186828
-0.741967
-0.755759
-1.000000
-0.836376
-0.907434
0.643082
0.183297
-0.811374
0.543120
-0.837047
0.355103
0.024064
0.394889
-0.129260
-0.944823
-0.370827
0.274301
-0.913435
0.721330
-0.616814
1.000000
0.762050
0.782961
0.162219
0.004962
0.092573
-0.835025
-0.777492
-0.564200
-0.584924
-0.938374
0.137782
0.069823
0.989849
0.807380
0.098265
0.970216
-0.204380
-0.022278
-0.524792
-0.811059
0.417946
0.871882
0.807982
0.219639
-0.327983
-0.764410
-0.810477
0.752385
-0.451512
-0.138610
-0.090690
0.090413
-0.687329
-0.348483
-1.000000
-0.274394
-0.252683
0.245741
-0.545229
-0.045057
0.096783
-0.169642
0.175220
-0.677379
-0.668305
-0.105762
-0.378236
-0.574115
0.044830
0.929373
-0.942385
-0.443926
-0.465531
-0.689893
0.411183
1.000000
0.524763
-0.550401
0.903231
-0.025314
0.606099
0.724356
0.566166
0.016856
0.053434
0.935772
-0.363302
-0.006329
0.531464
-0.055899
-1.000000
-0.771109
0.817754
0.032689
-0.050318
0.600197
-0.619809
0.316144
-0.137560
-0.750030
-0.475848
-0.200225
0.446806
-0.787485
0.256914
-0.305981
-0.354784
0.765384
-0.074575
0.215630
0.286262
0.387655
-0.663058
-0.931075
-0.090569
0.534477
1.000000
0.042213
-0.670747
0.811544
-0.054840
0.318194
0.474119
-0.600761
-0.315353
0.330976
0.491004
0.917185
0.234141
0.929216
-0.500180
0.514014
0.427804
0.737148
-0.376846
-0.301150
-1.000000
0.938800
-0.910362
0.372310
-1.000000
0.952971
-0.535759
0.510056
-0.059363
-0.936718
0.515589
-0.133959
0.792407
0.551143
-0.541529
0.850609
-0.402835
0.049627
0.348779
1.000000
0.618853
0.501568
0.470491
0.447110
-0.825405
0.281505
-0.189015
0.950067
0.824093
0.025307
-0.207648
0.872284
-0.697819
-0.304312
0.391903
0.734432
0.898972
-0.665906
0.878047
0.303439
0.526307
-0.274375
0.811220
0.739687
0.530066
-0.964281
0.720978
-0.449085
0.716721
-0.385487
-0.594059
-0.611220
0.045828
0.043874
-1.000000
0.151091
0.038961
-0.593998
-0.410451
0.731199
-0.160320
-0.745605
-0.277161
-0.904650
-0.287238
-0.130390
0.795550
-0.700668
0.540810
0.234260
-0.404508
0.383016
-0.803011
-0.634753
-0.147676
-0.661533
0.435320
0.618614
0.957504
0.499691
-0.447550
0.875761
-0.690930
-0.240002
-0.934576
0.966097
0.435062
0.499877
0.837268
-0.110074
-0.649979
0.641716
-0.618535
-1.000000
-0.155070
1.000000
-0.542443
0.064623
-0.497294
-0.495916
-0.163339
-0.964942
-0.823705
0.523381
-1.000000
-0.045794
0.235606
-0.868272
-0.062368
0.552433
0.615861
-0.161910
0.056703
-0.747347
0.979328
0.408118
0.028890
-0.469052
-0.962161
0.254471
0.996598
0.508654
-0.949212
0.374272
0.074761
-0.511154
-0.776556
-0.599453
-0.445151
0.174448
0.768911
0.156716
-0.784535
-0.107269
0.823282
0.108025
-0.661489
0.292179
-0.273725
-0.324674
0.835560
-0.808348
-0.798333
-0.603434
-0.339852
-0.049120
0.206011
0.191392
-0.211818
0.043311
0.155433
0.368241
-0.793664
-0.796705
-0.859370
-0.870041
-0.328350
-0.891143
-0.989852
-0.755665
0.976491
0.203890
0.781498
-0.082876
-0.175758
-0.919070
-0.191944
-0.501562
-0.261835
0.175702
0.175701
-1.000000
0.304777
-0.951613
0.689618
0.522155
0.824793
0.822498
-0.173327
0.055385
0.386363
-0.609484
-0.930965
0.754891
-0.523351
0.752174
0.001354
-0.327652
0.353959
-0.783594
-0.448655
0.011626
0.121673
0.622990
-0.771513
1.000000
-0.913727
0.701248
0.274578
-0.306140
-0.986070
0.948439
0.519975
-1.000000
-0.096510
0.098989
0.538614
-0.711764
-0.486796
0.713175
1.000000
-0.896295
0.903733
0.051022
1.000000
-0.965954
-0.300003
-0.367049
0.179267
0.441575
0.878572
-0.632344
0.405484
0.312865
-0.235451
-0.323623
0.344582
0.456539
-0.871134
-0.174125
0.187026
-0.984086
0.305736
-0.126330
0.423525
0.006412
0.758042
-0.076551
0.487026
0.822003
0.885615
-0.219080
0.867836
-0.105204
0.484699
0.287445
0.363865
0.283573
0.960897
0.164257
-0.779159
0.399695
0.421678
0.779125
-0.798984
-0.880771
0.031491
-0.438804
0.696091
-0.103522
0.548884
-0.394585
-0.232201
-0.539655
0.178070
0.730025
-0.834165
0.459059
0.982503
-0.552437
-0.779094
-0.888456
0.384536
-0.245462
0.758086
0.556342
-0.395265
-0.080493
0.032324
0.069851
0.852628
-0.770954
0.097964
0.556355
0.753453
0.472491
0.737091
0.320577
-0.347796
-0.359262
0.035414
0.608801
-0.192311
-0.599504
-0.377397
-1.000000
0.893657
-0.093631
-0.236524
0.401843
0.401280
-0.518854
0.805500
-0.551015
-0.386160
0.400056
0.157914
0.458363
-0.289367
0.092653
-0.681041
0.172939
0.045174
0.591306
-0.764172
0.288973
0.999127
0.218014
0.191205
-0.630505
-0.695018
0.492055
-0.008854
-0.556034
0.631311
-0.232652
0.173776
-0.349633
0.090132
-0.232581
1.000000
-0.536305
0.018351
0.184697
-0.432130
0.914426
0.832603
0.343496
0.510044
1.000000
-0.352264
-0.040862
0.934655
-0.565787
0.623613
0.504870
0.804519
0.392428
0.196193
-0.301337
-0.493244
0.463735
0.288607
0.902711
0.845624
0.707272
0.787689
-0.456158
0.454002
0.114331
0.718953
0.126877
0.727635
0.410868
-0.671106
0.588262
-0.750530
-0.863750
0.909092
0.439109
-0.505223
-0.748960
-0.852864
0.132071
-0.588996
0.248498
0.814336
-0.523240
1.000000
0.311011
-0.902166
-0.068231
0.844263
-0.438037
-0.622298
0.442396
-0.942691
0.746323
-0.069400
-0.377130
-0.540847
0.733246
-0.748640
-0.245996
0.490796
-0.545132
0.448605
-0.526723
-0.149913
0.342795
0.490487
0.893255
-0.324427
-0.049911
-1.000000
-0.283571
-0.038918
0.918127
-0.601562
-0.144084
0.224349
0.474142
0.754004
0.787137
-0.002290
0.017615
-0.768224
-0.808298
0.382402
-0.555856
0.566546
0.835631
-0.420566
0.742789
0.136072
0.661597
0.801334
-0.566850
0.085076
-0.216908
-0.095402
-0.216037
-0.321172
0.754308
0.842374
-0.510356
-0.614429
-0.909855
0.532165
-0.904838
1.000000
0.659554
-0.270399
0.330985
-0.119641
0.537521
-0.340520
-0.608645
0.893634
-0.076307
-0.460167
0.478065
-0.905720
0.444444
-0.001814
0.070497
0.464038
0.000267
-0.026273
0.400877
-0.464667
-0.168972
-0.691903
0.198699
-0.913920
-0.024053
-0.705612
0.140732
-0.350283
-0.854426
0.070447
0.737487
-0.123738
-0.299306
0.270548
-0.520754
0.552918
0.071568
0.053367
0.880040
-0.559063
0.549806
0.053390
-0.203930
0.699574
-0.847703
-0.430017
-0.396231
-0.211561
0.677567
-0.022959
0.414768
0.176932
-0.324621
-0.160225
0.664501
0.787360
0.648456
0.047429
-0.595245
0.130090
0.405432
0.743000
1.000000
0.044002
0.612308
0.661207
-0.297927
0.694297
0.601906
0.635609
-0.452437
-0.354213
-0.152031
0.412081
-0.456084
-0.386269
-0.160319
0.987267
-0.135654
1.000000
-0.070633
0.916021
0.327820
-0.386120
-0.063397
0.106211
-0.907741
0.993401
0.071879
0.945990
0.597069
-0.094112
0.215341
-0.284592
0.155821
-0.586978
0.615629
0.216295
-1.000000
-0.337946
-0.298795
0.107851
0.806287
-0.044907
-0.367632
0.497911
0.406568
0.502362
-0.132515
-0.962397
-0.551722
0.215035
0.803929
-0.618647
-0.462585
-0.343365
-0.603316
-0.939766
0.229103
0.834811
1.000000
0.757087
-0.906056
0.830735
0.982520
0.262826
0.731573
0.399740
0.938233
0.952337
-0.258498
0.517216
-0.117377
-0.869398
-0.791858
-0.128098
-0.442027
0.069828
-0.737388
-0.322929
0.923583
-0.769387
0.512911
0.270789
-0.267255
0.617392
1.000000
-0.060966
0.722179
-0.892367
0.418464
-0.070976
-0.726850
1.000000
-0.839673
-0.979678
0.741151
-1.000000
-0.342795
0.203959
-0.946071
0.464622
-0.329570
0.692337
0.434949
-1.000000
-0.904249
-1.000000
-0.369079
-0.621143
-0.868483
0.006718
0.051604
-0.558420
-0.878442
0.234896
0.497273
-0.171302
0.535202
0.753951
-0.108392
-0.955613
1.000000
0.221567
-0.656495
-0.591398
0.235067
-0.697766
-0.609517
-0.149683
-0.819040
1.000000
-0.122468
-0.702017
0.740413
0.533602
0.865561
-0.007232
-1.000000
-0.976918
0.113140
0.393431
-0.399422
-1.000000
0.711286
0.162191
-0.620031
0.324918
-0.428492
0.291514
0.695741
-0.077745
-0.061322
0.528964
0.860691
-0.857893
-0.609734
0.762946
-0.954458
-0.606860
-0.561168
-0.518273
0.974737
-0.469235
1.000000
-0.258622
0.979422
0.685791
0.797372
-0.333681
-0.130215
-0.084991
-0.965204
-0.898785
-0.104996
-0.744855
-0.939554
-0.209296
0.085891
-0.353830
-0.284705
0.317979
0.787386
0.788028
-0.099417
-0.790389
-0.318219
-0.931293
-0.282815
-0.624348
-0.704469
-0.196482
-0.501258
-0.753889
-0.239097
-0.358190
0.914907
0.926762
-0.050345
-0.602364
-0.820579
0.758225
0.404163
0.454978
0.047495
-0.921488
-0.381899
-0.882082
-0.983512
0.690654
0.691173
-0.784159
0.454429
0.800436
-0.412656
0.487844
0.556386
-0.886762
-0.850100
0.216594
0.869168
-0.278343
-0.706148
0.697158
0.055666
-0.849339
-0.697551
-0.574256
-0.261628
-0.431086
0.418951
0.808860
0.187355
-0.996755
0.113862
-0.219808
-0.553671
0.042314
-0.830838
0.300603
-0.242100
-0.249528
-0.628092
-0.701437
-0.037273
-0.796198
-0.332175
0.154249
0.531069
-0.339921
0.883089
0.722541
-0.267582
0.200104
-0.729694
-0.074219
0.994726
0.599659
0.578190
-0.776796
-0.805804
0.508259
0.851874
-0.138838
0.347928
-0.630977
-1.000000
0.409800
0.283946
0.156481
0.787689
0.740613
0.832249
-0.805711
-0.667068
0.221593
0.365622
0.083887
0.997517
-0.517420
-0.640473
0.038609
0.009310
0.999559
-0.419127
-0.773209
0.762545
0.474812
0.726387
-0.817935
-0.211423
0.151579
-0.863591
0.746556
-1.000000
0.161927
-0.734956
0.111530
0.886127
-0.854155
-0.879942
0.562863
0.894417
-0.406019
-0.936425
0.028004
-0.260661
-0.031751
0.016251
0.953437
-0.566034
-0.152796
0.189460
0.189595
0.276721
0.191827
0.270998
-0.057623
-0.583619
-0.102350
0.676439
0.699052
0.907951
0.973803
-0.718678
-0.883712
0.892447
-0.406259
0.796834
-0.775508
-0.767579
0.358699
0.686699
0.415248
-0.863651
-0.712247
-0.630641
0.867683
0.940916
-0.921114
0.880488
0.088998
-0.455507
-0.811795
0.022214
0.817321
-0.456992
-0.130629
1.000000
-0.586559
0.573469
0.350815
-0.630642
0.141689
0.761197
1.000000
0.991859
0.764125
0.632343
0.755136
-0.371225
-0.996952
0.977896
-0.957670
-0.684014
0.851948
0.368547
0.607824
0.196918
-0.166571
0.038004
-0.420656
0.371946
-0.886265
0.001194
0.214172
-0.834412
0.968963
0.881406
0.694076
0.367108
0.931038
0.137349
0.410639
0.278934
-0.567420
-0.150589
0.755551
0.308805
-0.200479
0.483092
0.955578
-0.451114
0.582277
-0.490782
-0.619663
-0.906729
0.962245
0.064846
0.855894
0.960582
0.349633
-1.000000
-0.979561
-0.706090
-0.026806
-0.548160
0.031270
-0.289613
0.421864
0.208770
0.470748
-0.493197
-0.297881
-0.124627
0.321420
-1.000000
-0.381293
0.258064
-0.829601
-0.457359
-0.371053
0.825733
0.674854
0.657358
-0.996679
-0.768924
-0.826656
-0.895939
0.326245
-0.590351
-0.800794
-0.141078
0.375110
-0.355859
0.335739
-0.592949
-0.440913
-0.324730
-0.020540
-0.544855
0.247135
-0.193049
-0.311696
-0.719861
0.960050
-0.136412
0.878233
0.888806
0.569238
-0.296570
0.443531
-0.718202
0.085511
0.366549
-0.823345
-0.378695
-0.037104
0.194435
-0.230924
-0.959850
-0.240992
0.503228
-0.708940
-0.265308
-0.178087
0.258657
-0.945174
0.538955
0.591841
0.685453
-0.079166
-0.731567
-0.281596
0.594814
-0.840179
0.343852
-0.092306
-0.605769
1.000000
0.516751
0.992287
-0.210569
-0.632110
-0.331770
0.097188
0.960923
-0.442552
-0.545860
-0.423773
0.742115
0.688027
0.513437
-0.397348
0.262732
0.326937
0.891743
0.819335
0.931192
-0.844279
0.232050
0.507485
-0.037712
-0.835909
0.081332
0.271878
-0.780333
0.712278
-0.151566
-0.861122
-0.714084
-0.137490
0.044187
-0.210032
-0.955647
-0.062176
0.577219
0.615080
-0.043545
0.302931
-0.938831
0.532083
0.569131
-0.791200
0.726380
-0.087297
0.005103
-0.501746
0.691074
-0.633165
-0.256686
0.018179
0.705547
0.217551
-0.753799
0.807613
0.469420
0.345269
0.796883
-0.478220
-0.008046
0.289581
-0.613263
0.041432
0.708563
-0.728896
0.361052
-0.585344
0.993537
-0.737168
0.911732
0.770336
0.442316
-0.316371
-0.135404
-0.374354
-0.958841
-0.570625
-0.877007
-0.981181
-0.073488
-0.485354
0.732714
0.971763
0.117445
0.293012
-0.052545
0.700472
-0.489180
0.767587
1.000000
-0.439963
-0.094278
0.220514
0.181796
0.272257
-0.507913
0.885671
-0.964680
0.851660
0.972006
1.000000
0.600342
0.258827
0.347172
0.467073
-0.219105
0.689333
0.974979
0.337238
0.778210
0.384962
0.906133
-0.577701
-0.586386
0.502169
0.123339
-0.799243
-0.085857
-0.110046
1.000000
-1.000000
-0.759360
-0.419220
0.753657
-0.517698
0.016305
0.699250
-0.402079
-0.755654
-0.291430
0.071050
-0.025264
0.376358
0.169988
-0.004545
-0.227779
-0.295182
-0.113978
0.832622
0.431362
0.827783
0.440064
0.137512
-0.104733
0.556855
-0.019345
0.524560
-0.850166
0.771449
0.949366
0.998942
0.974596
-0.033948
-0.969006
0.382489
0.353646
0.309418
-0.119139
0.341278
0.400224
0.733396
0.193710
-0.006750
0.517567
-0.471465
1.000000
0.856637
-0.711062
-0.547688
-0.659123
0.989792
-0.531885
0.392300
0.331439
0.970675
0.891355
0.797705
-0.693571
-0.636612
0.708617
0.712491
0.231484
-0.497944
-1.000000
0.242911
0.031725
0.031531
-0.680332
-0.458853
-0.587976
-0.530430
-0.425673
0.975541
0.012767
0.205221
-0.361956
0.817257
0.348748
0.819267
0.403049
0.611969
-0.713773
-0.459176
-0.313702
-1.000000
-0.756981
-0.367868
-0.455931
0.206120
0.438808
-0.992668
0.855822
-1.000000
0.644165
-0.634612
0.557320
1.000000
0.247966
-0.734593
-0.403602
0.380317
1.000000
-0.709937
0.785557
0.439491
0.068812
1.000000
0.900982
0.790313
-0.980906
0.987484
0.085345
-0.269844
-0.250143
-1.000000
0.919892
0.320682
-0.919146
0.797385
0.243527
-0.058437
0.885686
0.833749
-0.547321
-0.155922
0.193429
0.762931
-0.902704
-0.101373
0.386961
-0.461681
-0.525006
1.000000
-0.867226
0.959875
0.737652
-0.519312
0.289295
0.140099
0.560086
-0.663031
0.607046
-0.422852
0.780618
-0.316149
0.483949
0.147529
1.000000
0.962446
1.000000
0.821968
-0.929818
0.907080
-0.895139
-0.008850
-0.168483
-1.000000
0.756326
-0.872579
0.285079
-0.445687
-0.793164
-0.657536
-0.176297
0.549562
0.728093
-0.393155
0.705767
0.168961
0.081819
-0.535857
-0.544523
0.097697
0.086479
-0.296403
-0.815321
0.559105
0.629262
0.371738
-0.651583
0.675771
-0.662133
-0.941478
-0.805931
-0.387138
1.000000
0.072374
-0.044296
-0.963927
-0.102647
0.714902
0.214966
-1.000000
0.540187
-0.129778
-0.215661
0.233143
-0.704111
0.374866
0.527480
-0.040971
0.389661
0.110688
0.068803
-0.178899
-0.445027
-0.763621
0.381139
-0.396062
-0.993879
-0.044631
0.239406
-0.628547
-0.596436
-0.696598
-0.364178
-0.408860
-0.017607
-0.844686
0.396134
-0.516058
-0.185322
-0.077785
0.372833
-0.979721
0.642748
-0.182587
-0.895349
-0.477263
0.684972
0.489073
-0.935240
0.387603
0.968697
0.301140
-0.460210
0.377984
0.939083
-0.506334
0.375593
-0.123744
0.696647
0.648917
0.984336
0.236008
-0.774170
-0.500981
-0.658339
0.714585
0.393961
-0.632639
0.077996
0.473724
-0.875957
-0.003612
-0.179635
0.910550
0.403235
0.090917
0.748198
-0.664169
-0.292424
-0.519432
-0.812782
-0.446470
-0.389010
-0.156799
0.550495
0.389567
-0.201656
-0.328621
-1.000000
-0.007838
0.135128
-0.190336
0.149735
-0.887888
-0.356657
0.456562
-0.054268
-0.161381
0.735041
0.367893
-0.305582
0.488728
0.060894
0.961319
-0.893262
0.969065
-0.168373
-0.139973
-0.624633
-0.910486
0.765961
-0.247013
0.027989
-0.393192
0.983212
0.708565
-0.545147
0.949977
-0.480082
0.128192
-0.463868
-0.882612
0.981954
0.331795
-0.481182
-1.000000
-0.266090
-0.110131
1.000000
0.274577
0.795260
0.146471
-0.168505
0.136826
0.344030
-0.656490
0.028763
0.065901
-0.320041
-0.646739
-0.010476
-0.653803
0.434168
-0.231794
-0.538248
-0.162898
-0.438221
0.670491
-0.448088
0.694565
-0.791495
-0.618110
0.165071
-0.305149
-0.244211
-0.458675
0.554456
-0.365267
-0.841063
-0.647645
0.538463
-0.293079
0.649934
0.233123
0.142786
0.789329
-0.127543
0.460004
-0.968483
0.312899
-0.478076
0.538862
0.295466
0.956732
0.178291
-0.291051
-0.844495
-0.890887
0.473183
0.861825
0.264027
0.096752
-0.764019
-0.591403
-0.509526
-0.416699
0.678235
-0.594738
0.258818
0.858248
-0.528545
-1.000000
-0.650281
0.508167
0.249107
0.080050
-0.831854
-0.037968
-0.386185
-0.015645
0.910190
-0.835112
-0.488241
-0.740794
0.446942
-0.575965
0.783426
-0.234344
0.709456
-0.143187
0.698677
0.757603
0.717536
0.156536
0.658810
-0.795440
0.969331
0.301859
0.977460
-0.641220
-0.343990
0.581196
-0.026668
-0.236488
-0.785403
-0.590125
-1.000000
0.468104
-0.171339
0.100674
0.121150
-0.916024
-0.284714
0.956945
0.209154
-0.688380
0.501770
0.508938
0.024014
-0.254225
0.453643
0.057847
-0.877341
0.671380
0.079871
-0.732363
-0.629753
-0.101934
-0.265008
0.858443
0.021764
0.569345
0.407139
0.417756
-0.036362
0.722393
-0.679565
-0.360981
0.533888
0.870448
-0.439715
0.116478
-0.804093
0.799247
0.165626
-0.486859
0.735479
-0.680075
0.986927
-0.948659
0.239552
-0.486792
0.248692
0.898436
-0.191178
-0.739657
0.212388
0.965635
-0.244322
0.685286
0.801348
-0.863339
0.855726
0.268545
0.486095
0.873705
0.188618
-0.978644
-0.262288
0.650859
-1.000000
-0.945089
-0.700265
-0.878130
0.746007
-0.543079
0.620765
-0.097687
-0.190764
-0.384767
-0.445658
0.985134
0.192096
-0.399225
0.265053
-0.985105
-0.371003
-0.800500
-0.632579
0.014806
-0.541982
-1.000000
0.229666
-0.810841
0.487705
0.111454
-0.632763
-0.931076
-0.993993
0.302926
0.993822
0.987556
0.975446
0.621285
0.689521
0.032704
-0.519751
0.782220
0.327721
-0.938152
-0.912345
0.763108
-0.748813
0.987053
-0.070010
-1.000000
-0.578705
-0.674256
-0.249673
-0.001886
0.032720
-0.515210
0.568220
0.394979
0.220893
-0.503264
-0.829513
-0.880280
0.548458
0.261021
-0.601854
0.711100
0.986014
-0.306692
0.011192
0.667540
-0.367538
0.787257
-0.113333
-0.726885
-0.375618
-0.517925
0.922936
0.290745
-0.766564
0.063444
0.004926
-0.206725
-0.283088
-0.933650
-0.194415
-0.334549
0.918844
-0.642333
0.771513
-0.179616
-0.490243
-0.171072
0.240471
0.911965
-0.619258
0.751150
0.608087
0.248134
-0.497841
-0.568202
-0.580844
0.788383
0.702947
0.649614
-0.593597
0.685053
0.010704
0.164992
-0.547832
-0.139543
0.334954
0.937884
0.621947
0.979431
0.458803
0.324242
0.445531
-0.266534
0.237890
0.546039
0.092936
0.803084
-0.328338
0.233151
-0.668736
0.116807
0.314441
0.514091
0.786252
-0.029971
0.089004
0.590771
0.077855
-0.353965
0.027344
-0.776767
0.185378
-0.050006
0.351091
0.890774
-0.451248
-0.570927
0.605389
-0.193903
-0.515064
-0.038388
0.729099
-0.466070
-0.598202
0.718597
-0.715268
-0.344824
-0.443098
-0.380420
0.582854
0.758439
0.367204
-0.970263
0.958990
0.629863
-0.354890
0.077073
0.452675
0.191971
-0.849268
0.519109
0.573392
-0.091897
-0.398934
0.303461
-0.522744
0.916151
0.022063
-0.114554
-0.918282
0.014320
-0.766663
0.091715
-0.156017
-0.062948
0.121643
0.043491
0.280705
-0.390857
0.595466
0.281256
-0.729716
-0.922874
-1.000000
-0.385084
0.314781
0.762589
-1.000000
0.936678
0.870808
0.468186
0.278578
0.880301
0.772702
-0.277688
0.965509
-0.528391
-0.760155
0.989267
-0.617774
-1.000000
-0.340091
0.640881
0.112136
-0.477114
-0.303688
-0.249320
0.173906
0.466528
-0.566051
0.215117
0.070768
-0.939489
-0.756706
-0.602899
0.897047
0.428874
-0.357827
-0.558824
0.697962
0.711332
-0.021891
-0.285242
0.132598
-0.576093
0.103338
-0.431026
-0.970789
0.621804
-0.996207
0.379248
0.911141
-0.980063
-0.215870
-0.319280
0.369252
0.465148
0.383743
-0.794663
-0.998300
0.338185
0.283701
0.482691
0.364856
-0.769271
-0.842442
0.990683
-0.125025
0.915316
0.132974
-0.346884
0.822136
0.742440
-0.755497
-0.825499
0.715357
-0.238306
-0.906103
0.368804
0.946622
0.156549
0.868516
0.349703
-0.966720
-0.150053
0.133724
-0.670342
-0.227223
0.298738
-0.561876
-0.726916
0.181027
0.320688
0.595007
-0.676381
-1.000000
0.430788
-0.857189
0.371720
0.677270
0.267548
0.912874
0.515875
-0.356794
0.795792
-0.679549
0.359813
-1.000000
-1.000000
0.477406
0.021218
0.479652
-0.244248
0.217666
-0.186742
1.000000
-0.603596
-0.053279
-0.026249
-0.660571
-0.834967
0.086772
0.215366
0.443252
0.988150
-0.337005
0.505632
-0.607705
0.794738
0.799408
-0.253844
-0.074453
-0.756480
0.102042
0.156027
-0.404452
-0.862514
0.090756
0.401375
0.995664
0.651019
0.615424
-0.548830
0.157821
-0.680531
-0.776530
-0.760954
-0.099625
-0.335362
-0.367719
0.826853
0.957731
0.868781
0.375666
-0.497911
0.956560
0.048362
-0.589778
0.716340
0.478726
0.394643
-0.421313
-0.874275
-0.036409
0.731969
0.701439
0.414312
-0.932745
1.000000
0.383329
-0.114076
0.898888
0.398625
-0.958869
-0.133121
-0.807693
0.172207
-0.061808
-0.086803
0.138294
1.000000
0.784247
0.021356
-0.360923
-0.925440
0.790566
-0.384890
0.043784
0.225028
0.790055
-0.201825
-0.897074
0.873552
0.209956
-0.290634
-0.593650
-0.840392
0.769495
-0.040242
0.084339
1.000000
0.430634
0.521111
-0.962115
-0.705904
-0.101665
-0.163892
-0.913630
-0.373170
0.688808
0.379498
-0.053721
-0.831347
0.367439
-0.264742
-0.771841
0.946474
-0.020338
0.710876
0.072660
0.536028
0.833960
0.059144
-0.317604
0.647610
-0.873352
0.104578
0.976969
-0.996139
-0.812307
-0.141876
-0.549566
-0.290173
0.340157
0.307679
0.714406
-0.610316
-0.614701
0.938326
0.990831
0.591989
0.586691
-0.258370
0.993832
-0.430243
-0.710959
-0.742669
0.997369
-0.786846
0.192821
0.762176
-0.890826
0.136084
-0.462781
0.302321
-0.634849
-1.000000
0.363690
0.389773
0.836340
-0.867833
-0.931876
-0.022472
0.105135
0.701248
-0.206594
-0.926626
0.132577
-0.013363
-0.105813
0.710844
0.393264
-0.894076
-0.764549
-0.285391
-0.366655
-0.553898
-0.283805
0.083019
0.767860
0.669421
-0.495139
-0.148225
-0.202853
0.627979
-0.185444
-0.582531
0.762739
-0.432101
0.212122
0.163208
-0.501092
-0.043021
0.186047
0.783332
-0.691525
-0.774801
0.741151
0.000661
-0.707738
-0.315553
-0.050521
0.463513
0.377051
-0.301803
-0.969316
-0.794558
-0.290828
-0.333159
0.678335
-0.139292
0.177069
0.153516
-0.158619
-0.828936
-0.481484
-0.351312
-0.914715
0.063092
0.233678
0.705997
0.230910
-0.330408
0.807104
0.589143
0.957249
-0.417927
-0.504242
0.098665
-0.593460
-0.085644
-0.614193
0.461693
-0.248014
0.706601
0.279088
0.294840
0.489908
-0.103942
-0.911666
0.379646
-0.818715
0.406268
-0.632793
-0.331471
0.650546
-0.592940
-0.450895
-0.960899
-1.000000
0.011670
-0.882765
-0.546644
0.767468
-0.130290
-0.505861
-0.284267
0.100934
-0.567439
-0.177839
-0.442975
-0.872583
0.850347
0.293587
0.655220
0.458670
-0.333798
-0.922995
-0.114414
0.116076
0.874322
0.331471
-0.835163
0.442911
-0.151254
-0.234032
-0.918109
-0.239164
-0.273906
-0.662052
0.181129
0.281075
-0.826288
-0.071834
-0.393739
0.704481
1.000000
-0.629803
-0.619720
0.588764
0.529550
0.864230
-0.679411
0.449774
-0.072286
0.549401
-0.631419
-0.976619
-0.431885
0.492608
-0.035847
0.649324
-0.043857
0.013173
-0.965678
1.000000
-0.968160
0.750378
-0.461804
-0.167864
0.636155
0.703480
1.000000
-0.524230
0.763872
-0.758333
0.492025
-0.130461
-0.241023
0.402514
0.472490
0.093928
-0.267355
0.520545
0.272219
0.822473
-0.408910
-0.233919
-0.163908
0.369336
-0.597889
-0.572303
0.473589
0.343672
-0.596425
0.725544
-1.000000
0.811306
-0.390097
-0.643858
0.021730
-0.687863
-0.199493
-0.847567
-0.962942
-0.135905
0.433433
-0.175269
-0.438950
0.691941
0.884611
0.802052
0.517593
-0.059499
-0.243816
0.439018
-0.489073
-0.727122
-1.000000
0.240008
-0.033310
0.639236
-0.278890
-0.717746
0.567341
-0.073239
0.205435
-0.017346
0.049331
0.029349
0.980351
0.698171
0.381106
-0.419800
-0.730690
-0.280912
-1.000000
0.320630
-0.039355
-0.501339
0.462172
-0.292523
-0.205103
0.281763
-0.043775
-0.019811
-0.663017
-0.780732
0.618376
-0.126150
-0.958662
-0.467011
-0.407663
-0.348083
-0.197519
-0.099298
0.391248
0.118160
0.208915
-0.227154
-0.313255
0.755241
-0.711885
0.046369
1.000000
-0.548658
0.523862
-0.917982
0.617559
0.434459
-0.940074
-0.966888
0.292189
0.823897
0.694019
0.614284
-0.188877
0.530655
0.216660
0.556701
0.311015
0.050228
-0.411957
0.721773
0.068404
-0.031188
0.039160
-0.878147
-0.086360
0.131851
0.446291
0.966060
-0.197063
-0.331305
-0.816099
-0.441416
-0.926969
0.979596
-0.181982
0.227908
-0.639912
0.544297
1.000000
0.904508
-0.035531
0.596332
0.858018
-0.864463
0.951648
-0.650259
-0.859138
-0.270223
-1.000000
0.547623
0.914037
-0.458902
-0.478224
0.227764
-0.005004
0.289687
0.376427
-0.601737
0.015972
-0.906888
0.303255
-0.763880
0.296952
-0.858219
0.035175
0.026708
0.836146
0.688489
-0.785272
0.869236
0.681129
0.602920
-0.044753
-0.352192
0.834687
0.219956
0.427953
0.066090
-0.506013
0.060882
-0.755772
-0.658702
0.055513
-0.026455
-0.603265
-0.615210
-0.095232
0.666922
-0.855425
0.877547
1.000000
-0.565100
-0.485276
-0.787866
0.078790
-0.481001
-0.551093
0.205426
-0.077152
-0.284658
-0.970793
-0.739196
0.626599
0.589435
-0.618852
-0.268924
-0.089980
-0.123200
0.266720
-0.195387
0.209507
-0.091990
0.720187
0.558225
-0.745628
0.093491
-0.374013
-0.688081
0.989770
0.164854
-0.586057
0.137043
-0.485382
-0.120739
0.346471
0.852295
-0.054946
-0.699490
0.286086
-0.784338
1.000000
0.600519
0.724591
-0.233714
-0.252033
0.985270
-0.957495
-0.290613
-0.094032
-0.169466
0.475939
0.414556
-0.820211
0.326275
-0.464343
-0.038677
-0.006918
0.104232
-0.465017
-0.031217
0.834132
0.502818
-0.919579
0.206801
0.973613
-0.532828
-0.728053
0.866773
-0.078945
0.426459
0.257315
0.864822
0.920166
0.776059
0.475958
0.913658
-0.598312
-0.276162
0.498043
0.481713
-0.653176
-0.642984
-0.092282
-0.071818
-0.729264
0.192298
-0.021543
-0.137986
0.562111
0.111996
-0.129440
-0.845398
-0.176345
-0.865333
0.691420
-1.000000
-0.688379
0.793191
0.109775
-0.177846
0.279987
0.706136
0.135027
0.275361
-0.928118
0.947073
0.858005
0.580199
-0.736639
-0.731927
0.439398
1.000000
0.195711
-0.107837
-0.722456
-0.329694
-0.732384
-1.000000
-0.480566
0.259165
-0.473766
0.805783
-0.275537
-0.839423
0.979996
0.809975
0.269597
0.245889
0.321588
-0.646616
0.798487
-0.464117
0.778373
0.497403
0.498624
0.781763
0.096478
0.519070
0.247091
0.314145
-0.434182
0.957660
0.284791
0.051253
0.022355
0.096596
-0.265171
0.644665
0.051897
-0.169913
-1.000000
1.000000
0.202680
-0.300266
-0.473005
0.354586
0.498299
-0.821403
0.465985
-0.973752
-0.902970
0.768168
-0.470847
0.458975
0.243655
0.841584
0.501733
0.665916
-0.907035
0.329781
-0.732805
-0.733171
-0.988884
-0.873297
0.680382
0.388542
0.722017
-0.860025
0.258369
0.723280
0.742880
-0.358223
0.290225
-0.498944
-0.065302
-0.004245
0.130475
-0.446403
-0.174374
-0.739455
0.756346
-0.728138
-0.287325
-0.760794
-0.382386
-1.000000
0.054173
-0.279937
0.038738
0.718315
-0.509752
0.078287
0.035948
-0.180289
-0.236302
-0.137754
-0.373346
-0.155314
0.321905
-0.541271
0.814010
-0.501504
-0.289741
-1.000000
0.549806
-0.964619
-0.913233
-0.257684
-0.977541
-0.258226
0.072746
0.107756
-0.018089
0.940720
0.231368
0.812738
0.821931
0.431594
0.096089
-0.471923
-0.024388
0.717729
0.904878
0.087654
-0.896690
0.446236
-0.458225
-0.205480
0.581267
0.444844
-0.789301
0.619450
-0.583734
0.117739
-0.269150
-0.021484
0.633673
-0.909597
-0.388315
0.554774
0.714876
-0.109604
0.541566
0.891232
-0.317939
-0.025095
1.000000
0.905526
0.056529
-0.663983
-0.130894
0.238684
0.308870
0.126885
-0.047781
-0.264175
-0.647180
0.293434
-0.890125
0.699481
-0.977424
0.619592
-0.888538
0.248260
-0.340097
-0.950179
-0.985823
0.665040
0.396207
0.062401
0.772782
-0.605598
0.889623
0.167371
-0.722009
-0.606678
0.635153
-0.084120
0.134237
0.708829
0.451360
-0.651529
-0.017673
-0.672095
0.253485
1.000000
0.963159
-0.972149
-0.587502
0.480763
-0.558983
0.950637
0.158163
-1.000000
-0.437615
0.285615
-1.000000
0.700379
-0.307482
0.446329
0.286755
0.741149
0.891301
0.382781
0.189905
-0.242810
0.903959
0.625570
-0.084696
1.000000
-0.526987
0.356199
0.447030
0.571974
-0.650369
0.566045
0.361648
0.717058
-0.312182
0.072440
-0.868097
-0.521301
-0.524705
-0.106738
0.218913
0.542837
-0.883989
0.040592
-0.084213
-0.867978
0.797083
0.240753
0.846285
0.303129
-0.017172
-0.761246
-0.305001
-0.840366
-0.919961
0.552203
0.437987
-0.927469
-0.833746
0.636610
-0.509835
0.944330
-0.626580
-0.098442
-0.994115
-0.123102
-0.496475
0.989016
0.571406
-0.845656
0.520201
-0.597773
0.447382
0.492109
0.461785
0.272785
0.624372
-0.639197
-0.557784
-0.816748
-1.000000
0.490147
0.827937
-0.749492
0.919857
-0.114492
-1.000000
0.885554
0.977677
0.950019
-0.234021
0.124281
-0.440878
-0.505229
0.125378
-0.327774
0.485039
0.706819
0.235395
0.716947
-0.497956
-0.812382
-0.003229
0.948243
0.000331
0.588112
-0.288900
0.441572
0.123726
0.417385
0.863248
0.864817
0.991229
-0.756107
-0.306903
-0.497242
0.551697
0.735793
-0.340731
0.886911
-0.846721
-0.798772
-0.967408
0.986502
-0.812449
0.555589
-0.337738
-0.785144
0.445462
-0.950498
0.074128
-0.046779
0.218407
-0.822611
-0.104700
0.950848
-0.484336
0.460779
-0.601346
-0.069453
0.023991
-0.473600
0.301256
-0.685471
0.294479
0.562686
0.381354
-0.496925
-0.777545
0.721138
-0.609729
-1.000000
0.156271
0.709882
0.231564
0.948191
-0.544076
0.012501
-0.345887
0.256708
-0.217954
0.280359
-0.935425
-0.752252
-0.167969
1.000000
-0.012803
0.701557
0.382367
0.792672
0.911759
-0.150424
0.120111
0.991036
-0.175806
0.412454
-0.448712
0.038505
-0.133553
0.782070
-0.110971
0.941976
-0.142538
0.180439
0.941464
-0.135941
0.235907
-0.752245
0.996069
0.769416
-0.887245
0.105329
-0.976161
0.107790
0.277627
0.938149
0.224414
0.807307
0.234855
0.144681
-0.025923
-0.662734
0.624992
-0.225583
-0.507265
-0.097408
0.901086
-0.653140
-0.574607
-0.949226
0.642780
-0.354226
-0.244819
0.281933
0.943312
0.812454
0.512692
-0.549108
-0.072907
0.648672
-0.463068
0.493721
0.093488
-0.406082
0.353090
0.217025
0.849897
-0.727992
0.605871
-0.371415
0.802437
-0.152078
-0.206885
0.457637
-0.814088
-0.668746
-0.426830
-0.456243
0.856765
-0.098994
-0.629782
0.049623
-0.339598
-0.704647
-0.596566
-0.496055
-0.848329
-0.876198
0.198571
-0.220252
0.110748
0.069315
-0.969226
-0.139143
0.262305
-0.443338
0.439058
-0.548068
-0.909363
-0.990043
-0.689312
1.000000
0.616581
-0.954593
-0.103718
0.394075
0.571794
-0.425932
-0.165752
-0.250571
-0.583020
-0.994190
-0.948478
-0.072785
0.911021
-0.363264
-0.867318
0.019360
-0.060541
0.270690
-0.281992
0.008609
0.666378
1.000000
-0.247332
0.789182
-0.379476
-0.191938
0.710452
-0.652280
0.736120
-0.911566
-0.805601
-0.619969
0.638332
-0.440645
-0.736706
0.093577
0.896013
-0.427135
0.169253
-0.228283
0.387962
0.754082
0.256850
-0.308827
0.563122
-0.962978
-0.271129
-0.455486
0.601238
0.885593
-0.645038
0.024767
0.575757
-0.865804
0.074888
0.398271
0.439552
-0.235043
-0.191831
-0.051524
1.000000
-0.273405
0.294589
-0.802871
-0.835520
0.085272
0.886754
0.305047
-0.296297
-1.000000
-0.252471
0.712550
0.301709
-0.352119
-0.857707
-0.737290
-0.145004
-0.325656
-0.271625
0.958214
0.051344
-1.000000
0.919503
0.964987
-0.499132
0.349145
-0.135853
0.615074
-0.494695
0.034777
0.625549
0.308741
0.647258
0.860252
0.657122
0.899606
0.478009
0.412974
-0.032244
0.236400
-0.324018
0.251601
0.834819
-0.747858
-0.765502
-0.970934
-0.484427
0.741788
0.618536
0.014489
-0.233404
-0.147139
0.600451
0.578749
0.553666
0.950332
-0.872329
0.941558
-0.792214
-0.065014
-0.254744
0.890136
0.490279
-0.802411
0.926962
-0.226975
0.649054
-0.641244
0.613873
-0.269004
-0.464556
0.905247
1.000000
-0.109336
0.958666
-0.936678
0.589831
-0.892092
-0.471658
0.296969
-0.299707
-0.794944
-0.989595
-0.875677
-0.242609
0.221911
-0.902073
0.683285
0.711042
0.512622
0.000805
1.000000
-0.840612
0.337979
0.074404
-0.196415
-0.934243
0.439489
-0.672147
0.621755
0.072531
-0.384536
0.327220
0.566594
0.021989
0.694805
0.634830
-0.219240
-0.843887
0.892519
-0.033451
-0.936702
-0.195002
-0.608666
-0.897561
-0.282638
-0.256826
-0.834593
0.591949
0.766006
0.561742
-0.768634
-0.923680
-0.421138
-0.199637
0.594391
-0.456826
-0.380298
-0.512653
-0.481826
0.746352
-0.737479
-0.712658
-0.125414
-0.083148
0.871853
0.856000
-0.263899
-1.000000
-0.213511
0.811766
0.074675
-0.596785
0.450881
0.211304
-0.122927
0.037680
0.403823
-0.762351
0.434906
-0.926091
0.786961
0.621458
0.122443
-0.884980
-0.666665
0.729053
0.505230
-0.378641
-0.149107
0.591037
0.714169
-0.995918
-0.372030
-0.972233
0.367660
0.121457
0.349781
0.349224
0.633260
0.108502
0.047016
-0.211178
-0.733110
-0.443734
-1.000000
-0.884382
0.753749
0.051695
-0.177383
-0.920075
-0.256880
0.145064
0.594327
0.666556
-0.422668
-0.916188
0.594977
0.638959
-0.879875
-0.961946
-0.035468
0.907628
-0.664491
-0.193123
-0.096681
0.485701
-0.730883
0.537850
0.005461
0.404161
0.003669
-0.710000
-0.938843
-0.542885
0.235266
0.595971
0.633358
0.315902
0.341329
-0.552500
-0.705285
-0.357846
-0.123307
-0.522744
-0.431945
-0.756936
-0.321400
-0.400971
0.582297
0.072890
-0.661703
0.854359
0.355926
-0.063886
-0.279809
-0.656424
0.753814
0.775944
-0.982445
0.722098
0.784062
-0.681290
0.377515
-0.636162
-0.838178
0.659683
-0.995070
0.221912
0.559257
0.626620
0.677117
0.167612
-0.776125
-0.845256
0.728752
-0.459573
-0.028000
-0.707326
-0.359162
0.540186
-0.269578
-0.262535
-0.942080
0.253134
0.241420
0.212799
-0.124353
0.649152
0.604018
-0.433223
-0.560107
1.000000
0.876770
0.475443
0.648915
1.000000
-0.810198
-0.564320
-0.169550
-1.000000
0.264240
0.231708
0.902886
-0.499136
0.983747
-0.871199
0.862528
0.216115
-0.040586
0.677517
-0.731448
0.892259
0.462991
0.863994
0.922686
-0.164768
-0.736660
-0.660979
0.821021
0.185129
0.061948
0.081264
0.848051
0.839223
-0.241024
0.272948
-0.663349
-0.897083
0.490279
-0.119175
-0.159708
0.814684
-0.363357
1.000000
0.509085
0.117556
1.000000
-0.301987
0.981342
1.000000
0.710454
-0.928597
-0.233132
1.000000
-0.210296
0.451327
-0.501768
0.617181
0.249518
0.131079
0.212536
0.534712
1.000000
-0.130245
0.125270
-0.447376
1.000000
0.220699
0.591850
-0.278667
0.925558
-1.000000
-0.226313
-0.688759
-0.598803
-0.487274
-0.684606
-0.335338
-0.540753
-0.903505
0.441371
-0.689008
-0.359531
0.592207
0.166533
-0.423386
0.256916
-0.301564
0.512762
0.421075
-0.906399
-0.363496
-0.848805
-0.850120
0.618105
-0.155006
0.945510
-0.102006
0.390435
-0.937654
0.153284
0.842944
0.087105
-0.494710
-0.779822
-0.438378
0.076334
0.544783
0.726307
-0.443721
-0.059733
0.437139
-0.096605
-0.433138
0.763476
-0.187053
-0.261825
-0.108763
-0.149998
-0.982286
0.981357
-0.952619
-0.384067
0.629073
-0.049201
-0.970251
0.931395
-0.493592
0.235457
-0.630466
0.120192
0.134398
-0.611606
-0.972902
-0.010767
-0.178925
-0.656167
-0.633958
0.067502
-0.319624
0.251162
-0.061586
-0.733425
0.690194
0.344150
-0.898668
0.954130
-1.000000
0.007875
0.101749
0.116262
-0.166288
0.823005
-0.757178
-0.212886
0.656544
0.457415
0.760522
-0.314617
-0.172923
0.121667
0.374274
0.243317
-0.394642
-0.891333
-0.269244
0.546790
-0.148818
0.087689
0.735168
0.719593
0.534402
-0.230529
-0.675772
-0.677069
-0.390609
0.521885
0.060563
-0.149862
0.753970
-0.645269
0.280482
0.572141
0.754435
0.844719
-0.777869
0.218507
0.467843
0.998448
-0.979778
-0.639474
0.710042
0.300388
0.031994
0.200543
0.057741
0.005605
-0.388799
0.586536
0.238511
1.000000
0.043982
0.513321
0.008475
0.653180
-0.136244
0.393979
-0.688857
-0.696258
-0.081642
-0.160140
-0.551877
0.755801
-0.697011
-0.014441
0.636893
-0.744181
0.188659
0.942945
0.753740
0.776268
-0.487401
0.201475
-0.288280
-0.912592
-0.123825
0.160240
-0.773480
-0.249970
0.936810
-0.349812
0.867939
-0.838654
-0.097149
0.186496
-0.245487
0.003814
0.353923
-1.000000
-0.775657
0.062236
0.229224
-0.726989
-0.685540
-0.975836
0.197734
-0.186915
0.080957
0.134656
0.115002
0.033234
0.920150
-0.433450
-0.833718
1.000000
-0.934495
0.940400
-0.071703
-0.831709
0.749905
-0.644184
0.962880
0.768489
-0.330318
-0.201776
-0.747882
-0.228492
0.647055
-0.526324
-0.182087
0.722967
0.903000
0.055407
-0.229757
0.352146
-0.401192
0.307808
0.816981
0.925877
-0.275804
-0.483973
0.527427
-0.931236
-0.931450
0.677908
-0.419506
0.897546
-0.262070
-0.489699
-0.951999
-0.091081
0.507084
-0.537564
0.733324
0.217668
0.332899
0.409848
-0.933824
0.713247
-0.866390
0.435766
0.724001
-0.072952
-0.834461
-0.890283
-0.251267
-0.935335
-0.448334
-0.049788
0.839104
-0.632865
0.179015
-0.704492
-0.635817
0.638689
-0.415513
0.464341
0.111847
-1.000000
0.083140
0.945853
-0.049505
1.000000
-0.444307
-0.142609
-1.000000
0.402021
0.608926
-0.841192
0.158773
0.314234
-0.724755
0.886706
0.391702
-0.145432
-0.824254
0.187267
0.495860
-0.050938
-0.878749
0.280728
0.498044
-0.924645
0.219215
0.882467
-0.432863
-0.022252
0.433369
-0.921456
-0.950483
0.241937
0.492690
0.094673
-0.077103
0.351954
0.342483
-0.948313
0.994989
0.459331
0.699421
0.448473
0.265162
-0.736204
-0.563480
0.118387
-0.781987
0.044236
-1.000000
-0.747680
-0.872561
-0.597522
0.552920
-0.192920
0.983758
-0.429524
-0.138094
0.243717
0.883977
-0.918500
-0.813340
0.417867
-0.675503
-0.303074
-0.155134
0.754765
-0.969454
0.605629
-0.506198
0.474105
-0.007892
0.085927
-0.650698
0.489395
-0.108949
0.403997
-0.193727
-0.161894
-0.680609
-0.164342
-0.303316
0.283835
-0.155124
0.840885
-0.970812
0.192012
0.649612
0.374061
0.326898
0.094151
-0.709739
0.261396
-0.980439
-0.895188
0.084720
-0.209320
-0.008489
0.978523
0.053615
0.278366
-0.460350
-0.586190
0.616705
0.062290
-0.316080
0.219941
0.817287
0.568170
-0.099626
0.158439
0.192016
0.573283
-0.792965
0.165642
-0.384572
0.043786
-0.223466
0.867151
-0.547841
0.473616
-0.325105
-1.000000
-0.544651
0.653480
-0.305192
-0.858632
0.769848
-0.823401
0.539512
0.300260
-0.315201
-0.125679
-0.775663
-0.252808
1.000000
0.776228
0.553721
0.917591
0.735438
0.046423
0.067605
-0.769515
0.215256
-0.636480
0.338635
-0.973857
-0.344594
-0.045818
0.812620
-0.432815
0.478580
-1.000000
-0.192083
-0.654862
0.366892
0.359004
0.174751
0.332835
-0.969165
0.866247
0.043247
0.147514
-0.535613
-0.549865
0.300303
0.503425
0.538219
0.513675
0.034814
-0.432606
-0.670319
0.291199
0.306372
-0.134173
0.628783
0.719979
-0.682096
0.798914
0.594085
-1.000000
0.735598
0.861046
-0.304181
0.588783
-0.079331
0.505399
0.610889
-0.101283
0.720714
0.780167
0.486523
0.546945
0.930292
-0.539231
0.799453
-0.991238
-0.215757
-0.378845
-0.327312
0.201149
-1.000000
0.471160
0.625191
0.363083
-0.775652
0.700048
-0.000749
0.508324
0.306835
-0.390525
0.519098
0.450114
0.662301
0.965543
-1.000000
0.150831
0.488814
-0.101342
0.635568
-0.514545
0.696698
0.349362
0.567551
0.459076
-0.600948
0.363502
0.716606
0.290564
-0.958357
0.174246
-0.406200
0.730830
0.433651
-0.466614
0.520941
0.359111
-0.886920
0.813725
0.046157
0.568525
-0.191099
0.013750
0.110223
0.688076
0.765978
0.963134
0.606433
0.941945
0.227932
0.147095
0.431746
0.438140
-0.312304
-0.891326
-0.846028
0.714871
0.091892
-0.269301
0.606722
-0.286105
0.803444
0.344077
-0.459674
0.048468
-0.594350
0.049947
-0.703438
0.871271
0.580725
-0.240609
-0.455640
-0.923389
1.000000
-0.854276
0.462397
0.563523
0.691108
-0.575693
-0.219801
-0.351048
0.159153
0.261631
0.154400
0.077615
-0.807026
0.115865
-0.591579
0.746523
-0.980761
0.293315
-0.403674
-0.855428
-0.711408
-0.107502
-0.642814
0.112165
0.592275
1.000000
0.499731
-0.472033
0.084234
-0.634265
-1.000000
-0.153283
0.188541
-0.980687
0.022516
0.406687
0.356717
0.579584
0.284601
0.063125
0.038247
-0.108002
0.201516
0.013874
0.773306
-0.994750
-0.002299
0.714645
0.560125
-0.323132
0.166847
0.982211
0.037141
-0.812105
0.737873
0.322980
0.188771
-0.321362
0.357804
0.228677
-0.835228
0.335188
1.000000
-0.796113
0.696484
-0.761056
-0.703066
0.327420
-0.007801
-0.934736
-0.514366
0.285482
-0.464454
0.314747
-0.272254
-0.671883
0.649292
-0.072059
-0.902809
-0.610633
0.065189
-0.043792
0.645443
0.044548
0.873375
-0.948613
0.883215
0.150055
0.449256
0.573828
-0.956326
0.180692
0.990150
-0.225444
0.059017
-0.272893
-0.895384
1.000000
-0.009260
0.587744
0.844769
-0.291278
-0.300333
-0.618737
0.947298
0.499326
-0.407044
-0.223443
0.130447
0.487876
-0.119745
-0.393717
0.501488
0.299431
0.845031
0.244917
0.491202
0.536526
0.024201
-0.800637
-0.391348
0.370451
-0.509909
-1.000000
0.943834
0.705641
0.842089
0.107599
0.997713
-0.162254
0.452319
0.698036
0.046671
0.958224
0.716033
-0.051277
-0.224015
0.365436
0.496972
-0.585528
-0.592997
0.775050
-0.076569
-0.198272
-0.677577
-0.292681
0.460687
-0.810910
-0.002485
-0.865270
-0.297764
0.534733
0.965936
0.889743
0.828204
0.022764
-0.554721
-0.936835
0.201917
0.733646
-0.652935
0.380989
0.055542
-0.138708
0.618202
0.453442
-0.910974
0.398739
-0.354090
0.826893
0.240937
0.710206
-0.065632
0.205271
0.076140
-0.540456
-0.550822
-0.206313
-1.000000
0.538016
0.317809
-0.544581
-0.258036
0.166448
-0.112517
0.899525
-0.787923
-0.573033
0.347773
-0.777810
0.281784
0.262878
-0.039667
-0.711550
0.340557
0.272290
0.096264
-0.383892
-0.527221
0.006071
-0.543401
-0.636379
-0.391694
0.418597
-0.183198
0.157253
-0.374166
-0.105878
-0.369640
-0.463341
-0.287222
-0.695322
0.057708
0.190075
0.244191
1.000000
-0.920970
0.916163
0.798686
0.803233
0.447754
-0.869625
-1.000000
-0.999158
0.115661
0.568466
0.858416
-0.356299
-0.604187
-0.402839
-0.401414
0.979189
-0.344214
0.620892
0.377516
-0.877791
-0.641803
-0.508777
0.477080
0.084273
0.901106
-0.281535
0.425668
0.981645
-0.135941
-0.448133
0.649593
0.406852
-0.559581
-0.030779
0.299022
0.680830
0.696074
0.449444
0.115343
0.230943
-0.394517
-0.878519
0.945005
0.933149
-0.727316
0.462291
-0.948570
-1.000000
0.986195
-0.198329
-0.550560
1.000000
0.091671
-0.182791
0.224192
-0.824588
-0.581923
-0.608614
-0.488245
-0.167174
0.954899
0.794242
0.410615
-0.518509
-0.842842
-0.149193
-0.629409
0.027864
0.831349
-0.301064
0.391822
0.425295
0.174745
0.219521
0.942827
-0.914888
0.209495
0.528746
-0.974722
1.000000
0.603609
-0.528199
0.811083
0.322028
-0.221246
-0.621852
0.346274
-0.699164
-0.299542
0.147417
-0.105526
0.082786
0.083791
-0.001925
0.093147
-0.001691
-0.137267
0.241438
0.469047
0.379064
0.000749
0.100376
0.034889
0.006878
0.378648
0.284157
0.000139
0.049157
0.072115
0.003457
0.017116
0.016268
0.001369
0.100070
0.003756
0.019651
0.026597
0.000084
0.144694
0.000002
0.000003
0.151295
0.000453
0.242693
0.004817
0.000911
0.002675
0.239792
0.321531
0.055970
0.031073
0.000304
0.000689
0.037338
0.239514
0.002755
0.000886
0.047053
0.249187
0.058448
0.195052
0.000009
0.229122
0.224079
0.076270
0.100858
0.001946
0.095306
0.000185
0.004126
0.001037
0.044546
0.007102
0.000667
0.002986
0.002504
0.038733
0.021803
0.001583
0.048567
0.035849
0.000416
0.038120
0.220939
0.063172
0.074205
0.016625
0.004715
0.006433
0.131342
0.028977
0.010754
0.466352
0.026834
0.052770
0.024874
0.001393
0.001846
0.038375
0.000159
0.102327
0.011704
0.029959
0.084340
0.191554
0.023494
0.001426
0.002534
0.000229
0.000505
0.059712
0.001330
0.000023
0.098011
0.001236
0.002603
0.013656
0.001512
0.122704
0.001616
0.000057
0.000307
0.057597
0.012603
0.055054
0.162534
0.000530
0.041852
0.004464
0.277760
0.017206
0.736132
0.014050
0.183503
0.000632
0.083928
0.311240
0.000543
0.001402
0.004492
0.010150
0.272547
0.000065
0.000140
0.014712
0.084228
0.040280
0.038949
0.072127
0.000476
0.005685
0.000486
0.029270
0.687570
0.012474
0.043395
0.152514
0.071774
0.013061
0.187382
0.006334
0.005188
0.132465
0.000002
0.032767
0.020472
0.019518
0.278199
0.417526
0.002371
0.000773
0.018982
0.001243
0.011183
0.027625
0.001215
0.128360
0.196664
0.147304
0.036587
0.023569
0.000388
0.020511
0.153586
0.008793
0.051272
0.001060
0.000536
0.010332
0.009350
0.000018
0.029835
0.058944
0.000896
0.139448
0.015799
0.004492
0.152790
0.012936
0.275720
0.038523
0.000107
0.011535
0.003792
0.001445
0.006015
0.000346
0.000227
0.012387
0.056936
0.000446
0.081430
0.001587
0.000130
0.000071
0.018991
0.000589
0.000829
0.073165
0.135589
0.011412
0.083792
0.011664
0.084776
0.045058
0.024703
0.000412
0.000142
0.090443
0.001056
0.000266
0.009163
0.010830
0.071249
0.012011
0.000302
0.000758
0.000041
0.000486
0.002667
0.000035
0.691483
0.012349
0.020595
0.128575
0.000277
0.020129
0.001212
0.008609
0.013003
0.112870
0.022665
0.111851
0.026898
0.017008
0.008961
0.000081
0.004318
0.047755
0.155663
0.000850
0.000483
0.000885
0.013020
0.017147
0.000089
0.003859
0.019686
0.002157
0.004637
0.001755
0.078300
0.001706
0.002455
0.350198
0.000207
0.000416
0.000118
0.034750
0.012329
0.075202
0.006470
0.540641
0.017622
0.000187
0.120058
0.002801
0.015391
0.013516
0.002605
0.002102
0.063259
0.002251
0.000650
0.051778
0.017720
0.101298
0.000030
0.000471
0.053042
0.223450
0.029598
0.022291
0.001853
0.007310
0.141857
0.006825
0.111814
0.085520
0.014531
0.022406
0.000848
0.006758
0.123279
0.003581
0.000212
0.032689
0.054416
0.004590
0.096708
0.000815
0.010633
0.000210
0.028420
0.002908
0.101866
0.000150
0.283893
0.327787
0.019060
0.004064
0.368327
0.011483
0.000273
0.001364
0.000117
0.066197
0.038210
0.001417
0.004747
0.007247
0.016913
0.358699
0.007124
0.062403
0.162187
0.083744
0.012701
0.027139
0.000216
0.068163
0.000249
0.238488
0.018841
0.018078
0.000306
0.000324
0.333257
0.240181
0.022264
0.041919
0.133044
0.023925
0.002303
0.024982
0.002258
0.011606
0.017268
0.288521
0.001470
0.002289
0.014093
0.007145
0.000833
0.008443
0.075375
0.014454
0.000004
0.001320
0.156886
0.064799
0.013112
0.001362
0.004685
0.211241
0.008136
0.001974
0.033017
0.017455
0.048528
0.000119
0.000042
0.018021
0.003690
0.604978
0.000355
0.016260
0.001942
0.000012
0.000283
0.000382
0.071546
0.000053
0.075723
0.025544
0.001218
0.002010
0.000032
0.031044
0.000583
0.068590
0.272591
0.166300
0.000140
0.003612
0.006422
0.001465
0.006658
0.014924
0.006822
0.126272
0.000678
0.378714
0.000206
0.334810
0.003413
0.000067
0.007252
0.177548
0.000017
0.001938
0.000850
0.168849
0.000049
0.131429
0.000531
0.000034
0.001777
0.001279
0.153983
0.069550
0.000002
0.001502
0.017343
0.001488
0.002915
0.179752
0.003611
0.359859
0.000042
0.002921
0.000003
0.000006
0.049703
0.037226
0.013240
0.000051
0.904967
0.006104
0.006035
0.003814
0.014752
0.003803
0.005990
0.000017
0.034081
0.011128
0.001606
0.022151
0.134569
0.103438
0.584085
0.000063
0.000047
0.004995
0.003157
0.049451
0.000996
0.198881
0.033315
0.005577
0.002868
0.000002
0.004093
0.000346
0.003325
0.034138
0.000281
0.000129
0.004964
0.036530
0.007012
0.002277
0.027942
0.000236
0.001581
0.028673
0.000266
0.002665
0.035262
0.324213
0.000115
0.130367
0.000900
0.000012
0.000339
0.051425
0.000008
0.021993
0.000904
0.000813
0.247352
0.080962
0.000053
0.188368
0.029671
0.002519
0.008519
0.022481
0.020602
0.353925
0.449976
0.010667
0.000002
0.000064
0.039410
0.000781
0.000040
0.071004
0.045272
0.006410
0.000029
0.077527
0.000017
0.001883
0.010713
0.000194
0.138611
0.385259
0.391673
0.033264
0.001319
0.000004
0.007778
0.000002
0.012461
0.004356
0.000005
0.280985
0.013346
0.001848
0.040883
0.000652
0.000125
0.000185
0.928968
0.117455
0.000149
0.000082
0.044707
0.004216
0.003408
0.000190
0.006990
0.000510
0.018232
0.557547
0.010822
0.000777
0.035061
0.008149
0.508547
0.000019
0.000003
0.001328
0.001231
0.000398
0.000279
0.006638
0.013174
0.102988
0.005729
0.403719
0.042041
0.384095
0.021294
0.093377
0.099802
0.094386
0.024492
0.001653
0.005930
0.005566
0.020518
0.003729
0.000049
0.343805
0.008933
0.001633
0.065575
0.020305
0.026578
0.000200
0.018926
0.090080
0.007832
0.066077
0.006732
0.007784
0.018868
0.003296
0.279778
0.000041
0.125885
0.008760
0.054647
0.025169
0.009999
0.005974
0.044434
0.108104
0.000717
0.003278
0.009280
0.011600
0.000993
0.000033
0.017623
0.000043
0.086190
0.028979
0.018428
0.170454
0.000008
0.001021
0.003996
0.021199
0.288723
0.227790
0.087517
0.016512
0.000123
0.000024
0.000219
0.014462
0.067407
0.022344
0.029091
0.147875
0.001159
0.281756
0.015251
0.001614
0.048759
0.060049
0.000586
0.002018
0.005664
0.011431
0.203135
0.370916
0.061387
0.065245
0.003417
0.281984
0.019591
0.000074
0.003363
0.000085
0.114530
0.129544
0.012308
0.020007
0.000102
0.193291
0.017252
0.000327
0.051862
0.013264
0.018519
0.050651
0.058447
0.015625
0.000644
0.070595
0.030118
0.045859
0.048110
0.000384
0.000042
0.009568
0.007721
0.184409
0.067548
0.020405
0.031776
0.059457
0.040861
0.000097
0.000063
0.000398
0.324843
0.041473
0.000021
0.104520
0.000095
0.002151
0.001116
0.129161
0.008471
0.025080
0.077710
0.200045
0.019446
0.081374
0.000647
0.066574
0.458615
0.007144
0.000797
0.093997
0.032901
0.343158
0.002401
0.425097
0.005608
0.005218
0.071259
0.002857
0.000291
0.005173
0.004485
0.005450
0.000280
0.005409
0.000036
0.013191
0.000002
0.020362
0.000109
0.000014
0.000139
0.000713
0.098059
0.052100
0.002279
0.001533
0.000294
0.048447
0.009591
0.303507
0.027388
0.014949
0.005251
0.022521
0.000026
0.001167
0.052092
0.007358
0.014935
0.013152
0.012178
0.000549
0.001680
0.006337
0.000579
0.015423
0.000433
0.002375
0.033019
0.299637
0.174107
0.027092
0.000002
0.019377
0.007746
0.000204
0.004887
0.293549
0.005631
0.002926
0.014193
0.009870
0.003920
0.000047
0.004893
0.040096
0.010086
0.089846
0.017116
0.057315
0.000003
0.502609
0.003244
0.001451
0.009996
0.010450
0.000322
0.064618
0.002961
0.221999
0.073650
0.002595
0.000251
0.002045
0.000106
0.000021
0.054527
0.246621
0.002519
0.000191
0.000149
0.050781
0.000286
0.090986
0.044688
0.181776
0.001466
0.081458
0.010082
0.000800
0.000105
0.017584
0.024546
0.019007
0.000394
0.004218
0.000572
0.182083
0.195846
0.042051
0.000511
0.003734
0.160934
0.000113
0.000591
0.022178
0.001350
0.000299
0.022920
0.200347
0.198563
0.024196
0.028620
0.036765
0.013416
0.005994
0.004890
0.000253
0.076309
0.021966
0.597244
0.007950
0.101306
0.058520
0.000709
0.218293
0.095335
0.019787
0.000554
0.001554
0.000664
0.207056
0.010684
0.022765
0.011041
0.001136
0.165122
0.001114
0.208834
0.065199
0.005558
0.486269
0.044002
0.000030
0.000096
0.052873
0.003438
0.000924
0.003901
0.004436
0.000022
0.045153
0.000543
0.105795
0.001568
0.000002
0.806825
0.051868
0.015307
0.027476
0.000223
0.015580
0.040005
0.000698
0.054172
0.000499
0.020284
0.003783
0.000038
0.000062
0.259735
0.004976
0.012658
0.000475
0.015492
0.133440
0.050459
0.000559
0.017920
0.027492
0.086845
0.011322
0.006795
0.028135
0.175108
0.087352
0.012018
0.000026
0.000601
0.025604
0.004778
0.105887
0.015300
0.021189
0.000371
0.280775
0.045841
0.000125
0.014857
0.040362
0.075316
0.025657
0.362598
0.002609
0.000003
0.000172
0.046322
0.008046
0.100173
0.000059
0.000373
0.309054
0.011497
0.002327
0.142533
0.448246
0.000228
0.000642
0.000002
0.000396
0.000002
0.047994
0.000013
0.002000
0.006758
0.001860
0.001290
0.031724
0.021616
0.001497
0.005544
0.009123
0.003578
0.000670
0.041183
0.000172
0.132577
0.000607
0.079006
0.005690
0.002314
0.016940
0.152706
0.000024
0.746649
0.003120
0.151818
0.002434
0.007901
0.517467
0.000158
0.397211
0.015330
0.334682
0.018716
0.025096
0.512616
0.014453
0.002630
0.083570
0.000277
0.018539
0.223836
0.014067
0.047216
0.039992
0.162832
0.055602
0.000280
0.000959
0.262000
0.160089
0.000080
0.007598
0.020879
0.006154
0.065306
0.000290
0.000073
0.346624
0.004161
0.014781
0.006173
0.027973
0.006039
0.050925
0.236644
0.001512
0.000032
0.147291
0.001657
0.226907
0.000023
0.033148
0.001065
0.112887
0.001222
0.472166
0.121354
0.000219
0.000169
0.008528
0.000065
0.044544
0.063648
0.012738
0.712411
0.026630
0.001019
0.002296
0.000963
0.129502
0.204344
0.001333
0.000420
0.000004
0.000668
0.039721
0.000014
0.037570
0.026429
0.206646
0.000002
0.001085
0.025032
0.300119
0.052899
0.000600
0.004049
0.001557
0.126223
0.086518
0.006126
0.019720
0.111716
0.027966
0.004334
0.000014
0.037757
0.025444
0.002177
0.002340
0.146622
0.072814
0.001179
0.061686
0.004473
0.013958
0.047919
0.073766
0.066193
0.000117
0.001456
0.000074
0.013618
0.045923
0.000200
0.013647
0.000572
0.000012
0.075808
0.060954
0.000002
0.062491
0.052246
0.041444
0.020410
0.000757
0.003396
0.010547
0.005727
0.006717
0.007961
0.248346
0.058990
0.072033
0.021366
0.097428
0.004525
0.000241
0.285955
0.001221
0.051193
0.079693
0.036758
0.061830
0.051970
0.026276
0.007853
0.031741
0.044132
0.002227
0.005460
0.003363
0.482755
0.000024
0.246040
0.163614
0.000024
0.001522
0.000181
0.053033
0.332337
0.034108
0.000036
0.126602
0.004531
0.238553
0.051131
0.000004
0.121468
0.025827
0.031794
0.179466
0.003726
0.042691
0.122962
0.008207
0.010197
0.645910
0.189480
0.252957
0.050808
0.000141
0.035908
0.012048
0.002754
0.016053
0.000003
0.004888
0.019815
0.042407
0.000639
0.007654
0.000619
0.067261
0.003636
0.006949
0.003807
0.000859
0.009152
0.000777
0.009686
0.031532
0.045045
0.000406
0.008349
0.001402
0.019971
0.100224
0.003195
0.013288
0.000002
0.056834
0.000216
0.006800
0.058074
0.000002
0.146269
0.142918
0.043795
0.000061
0.004514
0.007431
0.001072
0.011025
0.001265
0.001066
0.001794
0.006800
0.001797
0.040361
0.006989
0.000460
0.082507
0.000127
0.002203
0.007133
0.001024
0.005275
0.149320
0.000028
0.077123
0.000039
0.002845
0.412691
0.510405
0.004576
0.103612
0.028379
0.036362
0.000011
0.000001
0.000003
0.038476
0.001048
0.098637
0.106370
0.006802
0.005991
0.017097
0.001841
0.020669
0.337196
0.005908
0.276474
0.011879
0.003257
0.035478
0.019254
0.001066
0.229115
0.002401
0.009423
0.155526
0.051030
0.000116
0.000259
0.005533
0.292362
0.000141
0.058149
0.091825
0.111897
0.011114
0.002255
0.044748
0.000782
0.067865
0.000220
0.268817
0.208122
0.153154
0.163039
0.000002
0.000235
0.042334
0.013972
0.001257
0.000767
0.005588
0.238924
0.003764
0.001598
0.021335
0.133424
0.077619
0.082576
0.011122
0.040825
0.234641
0.046381
0.002796
0.003831
0.203319
0.004466
0.004628
0.000392
0.239798
0.003545
0.000049
0.005212
0.012007
0.023349
0.000796
0.097714
0.038181
0.041219
0.000191
0.000096
0.005546
0.006140
0.000680
0.016270
0.023493
0.312920
0.045066
0.000492
0.000146
0.085138
0.485093
0.119118
0.160948
0.017631
0.001764
0.283376
0.001124
0.000366
0.000349
0.044787
0.269001
0.000002
0.095880
0.115709
0.020978
0.001135
0.008405
0.062667
0.062531
0.339369
0.000002
0.021931
0.128500
0.021171
0.007439
0.015685
0.498333
0.020420
0.000698
0.091755
0.045452
0.004653
0.000003
0.004508
0.010951
0.157460
0.170973
0.146235
0.000293
0.022353
0.003726
0.000582
0.000365
0.248708
0.055827
0.024069
0.000867
0.057341
0.077561
0.000269
0.000223
0.157065
0.000012
0.005377
0.003140
0.004904
0.011025
0.014183
0.002642
0.003120
0.047843
0.101656
0.151769
0.000058
0.211333
0.002142
0.056478
0.001727
0.019035
0.017381
0.044280
0.030118
0.005214
0.001314
0.008666
0.152199
0.007909
0.003980
0.000073
0.249091
0.298513
0.056603
0.009214
0.000226
0.002025
0.001778
0.009761
0.061845
0.011015
0.013056
0.046589
0.000406
0.000955
0.031389
0.000618
0.002300
0.033302
0.007087
0.017928
0.006789
0.000266
0.001573
0.039113
0.069536
0.007290
0.002549
0.027488
0.012246
0.003525
0.022386
0.001025
0.001957
0.009312
0.002028
0.004303
0.061420
0.110852
0.058089
0.006541
0.006129
0.000625
0.092813
0.016284
0.002066
0.000046
0.154748
0.008521
0.001378
0.030220
0.002863
0.000187
0.005609
0.021521
0.019835
0.000002
0.038897
0.069674
0.028352
0.001638
0.000005
0.001936
0.004129
0.164107
0.071893
0.039743
0.000693
0.010968
0.120840
0.002242
0.316031
0.000348
0.015864
0.070413
0.000030
0.000276
0.017079
0.074124
0.007431
0.733338
0.008719
0.008410
0.015606
0.185348
0.000608
0.114378
0.005816
0.000006
0.016569
0.001146
0.000234
0.062682
0.372139
0.024184
0.005007
0.002423
0.091823
0.016876
0.103710
0.012051
0.196960
0.063191
0.005564
0.012424
0.075380
0.000002
0.086368
0.104919
0.030491
0.000882
0.000522
0.188773
0.101058
0.002319
0.000025
0.010279
0.014028
0.000002
0.005186
0.003235
0.105132
0.014540
0.000100
0.053647
0.197153
0.021029
0.017081
0.001401
0.007979
0.088268
0.924505
0.007910
0.007741
0.042893
0.002900
0.009191
0.001696
0.454266
0.409806
0.080665
0.079244
0.627735
0.006819
0.001222
0.011075
0.055838
0.057821
0.165794
0.000578
0.003923
0.092359
0.654029
0.084982
0.000344
0.000467
0.024624
0.003932
0.000136
0.006778
0.000121
0.022510
0.272596
0.000030
0.004382
0.008133
0.082254
0.001154
0.001615
0.005600
0.001055
0.000005
0.052706
0.004742
0.003177
0.002849
0.667445
0.000603
0.401721
0.076128
0.084882
0.071447
0.012562
0.730092
0.317993
0.000012
0.032485
0.032132
0.253618
0.063652
0.000375
0.009428
0.000180
0.071479
0.017419
0.000260
0.016298
0.000014
0.008493
0.000004
0.000688
0.018348
0.009359
0.002686
0.809832
0.002975
0.001912
0.000403
0.053359
0.070985
0.477785
0.001834
0.006915
0.002267
0.005364
0.000003
0.000679
0.167238
0.011480
0.022916
0.039930
0.168092
0.001835
0.043243
0.001246
0.128718
0.004416
0.121031
0.017645
0.001734
0.001946
0.012783
0.078275
0.163290
0.018543
0.000426
0.009652
0.050727
0.000274
0.009101
0.005889
0.000083
0.001540
0.103980
0.003431
0.002089
0.073924
0.252787
0.017596
0.000349
0.008169
0.002937
0.000023
0.000161
0.051569
0.000788
0.000019
0.001466
0.006625
0.000488
0.004813
0.111167
0.000057
0.023442
0.000006
0.001192
0.000127
0.000042
0.004916
0.175916
0.028547
0.095421
0.000450
0.000007
0.009912
0.029412
0.033408
0.000625
0.013369
0.026998
0.000005
0.013324
0.108113
0.011465
0.010128
0.000345
0.000099
0.000124
0.034841
0.000012
0.131694
0.200991
0.024951
0.000520
0.120749
0.001810
0.001347
0.008002
0.000359
0.018008
0.026271
0.007983
0.082082
0.000171
0.004969
0.000386
0.067170
0.008880
0.000907
0.081597
0.000171
0.712401
0.000571
0.000114
0.000382
0.405605
0.005739
0.175554
0.000051
0.007629
0.451402
0.008406
0.000002
0.002238
0.021737
0.117824
0.000752
0.182022
0.041806
0.001001
0.000917
0.000440
0.002821
0.007165
0.221370
0.016149
0.258969
0.066481
0.002563
0.045494
0.078164
0.005874
0.475968
0.042800
0.000196
0.026910
0.115144
0.048339
0.000003
0.000535
0.064008
0.017399
0.000431
0.021870
0.001404
0.012316
0.060863
0.000042
0.014273
0.047626
0.003585
0.000006
0.000077
0.355978
0.016486
0.006484
0.000196
0.005450
0.015912
0.001679
0.129945
0.000190
0.000784
0.189122
0.026212
0.033874
0.018052
0.000440
0.794312
0.002212
0.034726
0.000213
0.298763
0.001800
0.006750
0.009219
0.002224
0.190312
0.002164
0.000609
0.009406
0.004037
0.004882
0.097332
0.000076
0.236749
0.337691
0.029980
0.047011
0.000346
0.705648
0.032677
0.148233
0.004293
0.000085
0.003777
0.068010
0.022709
0.000858
0.000780
0.012125
0.002304
0.018739
0.000036
0.008206
0.000009
0.009029
0.281419
0.102498
0.041475
0.057721
0.001260
0.000076
0.046896
0.000489
0.156432
0.000018
0.025600
0.040971
0.006302
0.109183
0.000015
0.000069
0.004340
0.001511
0.304157
0.003033
0.004240
0.001393
0.000497
0.225395
0.000036
0.035694
0.010858
0.056408
0.000712
0.054066
0.034788
0.000099
0.004917
0.028589
0.017227
0.001642
0.000888
0.003071
0.035477
0.000056
0.002960
0.086462
0.025523
0.049214
0.066993
0.005338
0.008779
0.012174
0.050312
0.007879
0.041674
0.000205
0.005621
0.000004
0.001870
0.000036
0.009407
0.018186
0.000423
0.000751
0.000008
0.076932
0.015067
0.001097
0.000383
0.003114
0.518850
0.004504
0.041873
0.046160
0.000423
0.005443
0.649460
0.005777
0.004315
0.004027
0.000151
0.005312
0.057352
0.009471
0.058555
0.000199
0.000506
0.092775
0.000678
0.004209
0.068341
0.047099
0.000011
0.048159
0.012225
0.000260
0.019504
0.001664
0.078562
0.011159
0.047576
0.031600
0.006153
0.003667
0.009842
0.000056
0.000027
0.034397
0.001627
0.026208
0.187142
0.150208
0.000123
0.006681
0.307296
0.002993
0.000025
0.028662
0.089446
0.002023
0.064065
0.003045
0.001972
0.016734
0.020185
0.121918
0.002197
0.003403
0.004063
0.286625
0.004661
0.017326
0.040854
0.121132
0.321339
0.021218
0.027863
0.001317
0.004202
0.038517
0.002497
0.000500
0.007262
0.080946
0.002934
0.000803
0.006107
0.001346
0.001399
0.000871
0.000030
0.001268
0.000116
0.002498
0.000414
0.005355
0.002217
0.270259
0.000040
0.045534
0.010174
0.049180
0.018881
0.005294
0.001370
0.026283
0.001740
0.000159
0.100519
0.000060
0.044538
0.002934
0.021340
0.000754
0.060256
0.007710
0.109898
0.038465
0.127720
0.000144
0.138149
0.000251
0.000238
0.084433
0.009654
0.000061
0.000085
0.000027
0.161774
0.132789
0.032417
0.035913
0.000216
0.019234
0.331294
0.001222
0.070998
0.004675
0.010250
0.066151
0.000041
0.694552
0.563081
0.028032
0.002320
0.002506
0.116539
0.005131
0.018141
0.002772
0.000004
0.099818
0.000065
0.107513
0.001825
0.000211
0.000063
0.010374
0.030656
0.036223
0.019714
0.213973
0.003125
0.025925
0.013488
0.001013
0.000162
0.052691
0.000396
0.003346
0.003686
0.000211
0.017870
0.066199
0.003976
0.045704
0.005486
0.000581
0.000045
0.000165
0.011894
0.029917
0.001074
0.016577
0.001396
0.072070
0.000937
0.000058
0.008115
0.076660
0.041267
0.115045
0.000227
0.049579
0.001244
0.025251
0.000200
0.011843
0.190511
0.003609
0.104124
0.007836
0.058993
0.165795
0.006998
0.008483
0.006678
0.000722
0.027403
0.000504
0.058089
0.004346
0.016618
0.062639
0.031930
0.005061
0.025945
0.000824
0.146946
0.051368
0.013741
0.005825
0.034373
0.000694
0.001960
0.021902
0.000002
0.010408
0.069337
0.011427
0.000040
0.044092
0.044106
0.015638
0.050248
0.014529
0.306776
0.000929
0.063698
0.005779
0.209274
0.000504
0.001039
0.021184
0.000002
0.000635
0.000709
0.008548
0.060592
0.230636
0.002702
0.000961
0.000587
0.044617
0.049040
0.000542
0.007232
0.070520
0.025397
0.029388
0.001381
0.054425
0.005020
0.259556
0.091745
0.203847
0.035053
0.000233
0.003778
0.691434
0.003166
0.037302
0.000059
0.001596
0.135559
0.075153
0.096103
0.210788
0.002715
0.052130
0.020538
0.261949
0.174696
0.000307
0.000016
0.017524
0.005748
0.065091
0.002306
0.031451
0.035527
0.003008
0.000023
0.026396
0.009098
0.010887
0.054219
0.000029
0.002395
0.024927
0.141122
0.012327
0.170036
0.002702
0.003450
0.194130
0.140809
0.007676
0.006076
0.397548
0.274558
0.007136
0.317247
0.099336
0.052309
0.000024
0.001770
0.148769
0.015359
0.000160
0.101142
0.000039
0.603781
0.023945
0.000083
0.000352
0.061055
0.028546
0.023294
0.201786
0.006108
0.015856
0.049872
0.004425
0.093963
0.008334
0.000020
0.004289
0.232881
0.002001
0.042964
0.057792
0.000475
0.040221
0.012271
0.388402
0.005562
0.006522
0.024554
0.023662
0.011979
0.000296
0.002924
0.008129
0.046106
0.091424
0.067794
0.002657
0.613669
0.150827
0.025975
0.000073
0.022261
0.014095
0.000006
0.206982
0.008073
0.053560
0.021043
0.007337
0.022706
0.000015
0.008980
0.000154
0.214691
0.181753
0.072739
0.289898
0.113947
0.023401
0.004370
0.007287
0.000190
0.001664
0.013281
0.036804
0.000060
0.187571
0.000348
0.004768
0.003387
0.232821
0.088754
0.000002
0.470096
0.000389
0.873614
0.011184
0.012610
0.001447
0.032614
0.016841
0.046991
0.048746
0.000267
0.094755
0.017599
0.022851
0.012076
0.003003
0.000985
0.000780
0.034128
0.003939
0.001983
0.043635
0.000190
0.048436
0.113624
0.006523
0.022086
0.012073
0.096688
0.014511
0.026583
0.010877
0.000027
0.015390
0.240712
0.004631
0.017623
0.000129
0.012884
0.008527
0.000089
0.044201
0.164819
0.106650
0.015907
0.137302
0.021851
0.001929
0.001733
0.604385
0.091947
0.034383
0.056620
0.000002
0.060954
0.001836
0.187992
0.001938
0.093302
0.021635
0.051123
0.004857
0.015101
0.326098
0.006809
0.000115
0.001574
0.005390
0.000481
0.000001
0.246973
0.159584
0.008919
0.055783
0.000497
0.067511
0.002391
0.002634
0.107350
0.000017
0.003712
0.021745
0.000025
0.003525
0.010883
0.007784
0.006998
0.453407
0.000442
0.000039
0.976656
0.053693
0.014379
0.007155
0.106084
0.000033
0.064968
0.261522
0.000002
0.010966
0.005437
0.016926
0.036812
0.000980
0.002952
0.000107
0.008226
0.050997
0.100106
0.016903
0.029840
0.000256
0.066741
0.096744
0.118869
0.061093
0.058265
0.006173
0.000079
0.004065
0.000689
0.015060
0.214303
0.024561
0.007354
0.001581
0.000243
0.052611
0.071699
0.038817
0.030003
0.000377
0.038277
0.037669
0.145048
0.039707
0.008390
0.030040
0.000063
0.240909
0.064747
0.124337
0.002099
0.020276
0.068310
0.229024
0.004374
0.000607
0.188118
0.004312
0.008914
0.051528
0.011316
0.540094
0.014787
0.000613
0.000081
0.025885
0.975909
0.007498
0.319032
0.077144
0.003835
0.182653
0.010598
0.027264
0.002085
0.202151
0.054972
0.358261
0.000324
0.000282
0.001217
0.005757
0.015303
0.001215
0.135241
0.072362
0.000619
0.246944
0.002584
0.000604
0.133248
0.139709
0.000002
0.404589
0.184323
0.001412
0.050000
0.008749
0.021474
0.044683
0.008416
0.000686
0.024228
0.001790
0.203306
0.185973
0.000011
0.002482
0.067646
0.016953
0.011022
0.061370
0.061126
0.017842
0.000006
0.019445
0.027605
0.001947
0.000672
0.000160
0.001705
0.000026
0.008987
0.001967
0.001838
0.000438
0.012733
0.034654
0.000512
0.308359
0.059400
0.000255
0.032039
0.023940
0.281685
0.000002
0.332526
0.000627
0.070451
0.001842
0.000629
0.023704
0.007364
0.375053
0.519957
0.000171
0.105431
0.000016
0.010720
0.246490
0.001659
0.001752
0.266079
0.000368
0.000072
0.191070
0.000063
0.000218
0.012833
0.033764
0.013727
0.000939
0.039237
0.072121
0.000439
0.005880
0.123461
0.007241
0.132315
0.509075
0.459435
0.004800
0.000576
0.000562
0.007963
0.052430
0.058243
0.003335
0.166428
0.000131
0.050685
0.052127
0.001594
0.000282
0.001638
0.014122
0.206425
0.029451
0.084779
0.004449
0.000012
0.000663
0.011559
0.024814
0.017999
0.006782
0.000006
0.026015
0.003470
0.153139
0.084975
0.088108
0.000002
0.002589
0.000696
0.194112
0.000416
0.115946
0.007543
0.018566
0.031711
0.084918
0.251166
0.001011
0.031005
0.064874
0.133206
0.085236
0.019105
0.000012
0.003034
0.000853
0.015864
0.001028
0.000092
0.000820
0.000599
0.019163
0.007452
0.000068
0.001814
0.000046
0.000059
0.001726
0.003657
0.170065
0.000162
0.023210
0.189262
0.037790
0.000062
0.000089
0.066894
0.016927
0.010995
0.002486
0.029250
0.132252
0.005222
0.158800
0.017841
0.013339
0.000114
0.034438
0.000037
0.087323
0.207907
0.001974
0.007675
0.000921
0.005373
0.023330
0.014974
0.014438
0.155722
0.006324
0.003900
0.001185
0.011804
0.050292
0.456874
0.005689
0.066198
0.020204
0.003895
0.012441
0.030968
0.003901
0.250334
0.001016
0.000414
0.468093
0.000915
0.014324
0.283934
0.001314
0.004773
0.000331
0.004895
0.267572
0.039407
0.005562
0.014551
0.160754
0.000163
0.000646
0.264858
0.033775
0.007970
0.000028
0.000840
0.091438
0.034915
0.002600
0.091370
0.107034
0.000899
0.056763
0.013973
0.000005
0.108989
0.060367
0.000004
0.002000
0.004256
0.003380
0.043431
0.001400
0.001032
0.004453
0.000680
0.040705
0.080596
0.003390
0.000062
0.012892
0.010531
0.032730
0.000890
0.278430
0.072029
0.058869
0.023270
0.122489
0.000016
0.000004
0.000027
0.144520
0.020666
0.021605
0.082037
0.027712
0.019627
0.071175
0.175685
0.004548
0.017153
0.046557
0.018365
0.000037
0.000204
0.021972
0.013494
0.072502
0.000261
0.092114
0.008657
0.007634
0.000152
0.016978
0.026648
0.133977
0.360310
0.000085
0.013837
0.005897
0.118187
0.000023
0.131462
0.001528
0.011083
0.008664
0.047298
0.034253
0.001577
0.042919
0.269009
0.014369
0.000433
0.059099
0.000124
0.065165
0.042934
0.198386
0.094502
0.007375
0.000017
0.164949
0.048873
0.001089
0.002248
0.320739
0.009737
0.001040
0.116822
0.088785
0.056776
0.000362
0.258803
0.022266
0.482414
0.005063
0.165930
0.001766
0.489125
0.102949
0.023147
0.412059
0.001661
0.034183
0.002154
0.000016
0.056889
0.080825
0.108675
0.005852
0.009289
0.000491
0.305224
0.012739
0.176008
0.116257
0.000013
0.000176
0.003274
0.001610
0.007625
0.006441
0.002772
0.017404
0.000149
0.037842
0.001026
0.068328
0.000003
0.000002
0.249639
0.001009
0.004870
0.286316
0.014955
0.099099
0.006081
0.003413
0.001356
0.010581
0.372461
0.019018
0.005939
0.072905
0.455675
0.336722
0.002467
0.000382
0.313078
0.000046
0.191513
0.000012
0.020363
0.000036
0.153524
0.059445
0.000031
0.025384
0.007763
0.004171
0.034397
0.000120
0.012767
0.000601
0.000015
0.009880
0.027680
0.019290
0.000191
0.001040
0.002785
0.011926
0.043734
0.000832
0.009147
0.620477
0.065137
0.222785
0.029747
0.000621
0.023980
0.052695
0.031004
0.068859
0.006198
0.000365
0.020381
0.005687
0.039328
0.000555
0.000253
0.016922
0.000095
0.000469
0.007000
0.079143
0.023497
0.000214
0.002395
0.099067
0.004913
0.000014
0.000257
0.156931
0.000105
0.000009
0.055276
0.012281
0.000243
0.033243
0.008952
0.000828
0.002644
0.260047
0.000850
0.070832
0.015497
0.002911
0.015967
0.012032
0.283460
0.008152
0.007822
0.000977
0.047837
0.241645
0.092480
0.016653
0.000004
0.000488
0.112862
0.000009
0.036076
0.000903
0.120541
0.077940
0.006259
0.015559
0.000217
0.001665
0.012221
0.017393
0.002847
0.115517
0.008070
0.075781
0.087899
0.000659
0.143323
0.000098
0.305232
0.032591
0.000310
0.132032
0.004684
0.003968
0.003116
0.000013
0.086981
0.281999
0.004955
0.739715
0.000838
0.622149
0.000690
0.009110
0.000004
0.048054
0.460453
0.070099
0.010245
0.341795
0.185977
0.000255
0.006986
0.328749
0.043693
0.001282
0.001402
0.000021
0.002178
0.001241
0.045501
0.328263
0.000187
0.000191
0.031488
0.001763
0.380835
0.355124
0.063021
0.616939
0.004954
0.000283
0.007010
0.119845
0.125039
0.000002
0.098521
0.063100
0.016184
0.003662
0.009516
0.037712
0.003298
0.000127
0.002214
0.000282
0.017598
0.067077
0.002377
0.014863
0.000006
0.002135
0.000941
0.001565
0.000097
0.001427
0.000435
0.585397
0.041144
0.155304
0.005036
0.094403
0.044832
0.013725
0.006174
0.004308
0.005967
0.000182
0.120745
0.001890
0.002318
0.043110
0.002417
0.000287
0.018653
0.010428
0.000057
0.088813
0.013597
0.009683
0.403674
0.001033
0.057992
0.002854
0.000040
0.148393
0.000025
0.013949
0.000946
0.044756
0.000152
0.154334
0.000312
0.008528
0.007946
0.206929
0.113287
0.000677
0.001282
0.007860
0.066175
0.000003
0.006417
0.008595
0.008215
0.025676
0.223577
0.022889
0.043155
0.001302
0.031873
0.159476
0.005915
0.053266
0.002356
0.008535
0.000350
0.000077
0.351987
0.181913
0.000003
0.066073
0.086932
0.001059
0.012615
0.000004
0.074424
0.001440
0.015073
0.000018
0.046336
0.000009
0.000274
0.000060
0.062884
0.000210
0.110691
0.046974
0.001112
0.000091
0.069121
0.000049
0.314133
0.017249
0.107913
0.000037
0.000224
0.006621
0.000010
0.446124
0.052753
0.000476
0.000090
0.711734
0.224467
0.096632
0.001753
0.001175
0.011207
0.276509
0.007637
0.009757
0.010085
0.097156
0.006444
0.008397
0.012947
0.083433
0.000709
0.015458
0.000284
0.073276
0.002577
0.186833
0.000039
0.000002
0.082859
0.000036
0.015243
0.044861
0.369854
0.005942
0.008445
0.002218
0.065392
0.184626
0.002085
0.009588
0.000017
0.001196
0.198083
0.020846
0.024162
0.000150
0.132027
0.006472
0.003136
0.000704
0.009233
0.006545
0.011206
0.000517
0.012753
0.005861
0.001498
0.003638
0.249945
0.003296
0.021194
0.263831
0.000917
0.000486
0.003965
0.011097
0.159310
0.001605
0.438795
0.005406
0.000028
0.000080
0.000562
0.034391
0.038753
0.001543
0.334693
0.030126
0.053119
0.004665
0.000865
0.002597
0.044849
0.270568
0.096387
0.000052
0.000060
0.099183
0.000547
0.000083
0.015059
0.095832
0.125160
0.204735
0.026668
0.305316
0.125371
0.085503
0.119838
0.000013
0.028281
0.533268
0.043531
0.000040
0.000041
0.002199
0.016114
0.034960
0.289123
0.129921
0.261178
0.005601
0.003919
0.061890
0.001787
0.058524
0.034849
0.086111
0.003220
0.000110
0.013651
0.000001
0.079691
0.030695
0.000101
0.001220
0.000705
0.039998
0.003766
0.064484
0.010344
0.115745
0.045579
0.051695
0.030420
0.032394
0.002122
0.012800
0.000098
0.071703
0.033435
0.000024
0.094885
0.001317
0.010033
0.000494
0.472397
0.000247
0.000849
0.005983
0.009887
0.085218
0.009000
0.063991
0.039882
0.000779
0.000618
0.012139
0.002983
0.000182
0.021138
0.029911
0.013303
0.000232
0.028439
0.023390
0.090158
0.384060
0.012497
0.000655
0.001939
0.118672
0.023629
0.000306
0.001067
0.000724
0.000237
0.325727
0.272262
0.018004
0.000041
0.000445
0.000018
0.031061
0.001782
0.015380
0.101137
0.014932
0.000282
0.001025
0.000012
0.015361
0.000203
0.027828
0.000002
0.000106
0.006267
0.012923
0.070364
0.000185
0.019984
0.000016
0.101643
0.007483
0.002384
0.000336
0.020789
0.002179
0.037996
0.022569
0.014278
0.162467
0.095959
0.030753
0.013895
0.000607
0.000001
0.000004
0.000010
0.332185
0.014600
0.006259
0.127304
0.003786
0.000049
0.000021
0.007545
0.038706
0.000385
0.000307
0.030027
0.000003
0.001745
0.006646
0.000288
0.015804
0.001843
0.004442
0.078697
0.017757
0.000119
0.056377
0.001153
0.000607
0.001839
0.086333
0.000002
0.000315
0.046906
0.010367
0.000004
0.002098
0.024453
0.206255
0.012493
0.034820
0.025454
0.082681
0.293534
0.323225
0.003046
0.036517
0.020576
0.000034
0.007396
0.000965
0.008562
0.007119
0.004626
0.022798
0.020887
0.069586
0.000978
0.009646
0.008162
0.006923
0.015257
0.002919
0.081349
0.021001
0.004953
0.159685
0.110951
0.316516
0.000006
0.025667
0.050055
0.068187
0.077994
0.000090
0.001030
0.066854
0.010024
0.000501
0.050275
0.000002
0.000901
0.034956
0.006394
0.027695
0.000044
0.051961
0.007139
0.005512
0.034164
0.023004
0.361864
0.000342
0.001354
0.002822
0.007612
0.141641
0.000028
0.008893
0.399629
0.003414
0.036963
0.073068
0.003618
0.007804
0.090566
0.013787
0.108990
0.000611
0.056035
0.000294
0.001960
0.005239
0.234091
0.000089
0.648276
0.000267
0.033218
0.007500
0.391272
0.013155
0.029571
0.008363
0.000598
0.002004
0.010052
0.081035
0.024177
0.002059
0.000038
0.000035
0.047464
0.023563
0.270872
0.000100
0.004617
0.482605
0.022432
0.041959
0.010715
0.017739
0.015408
0.189715
0.004071
0.214785
0.082274
0.401940
0.005317
0.024779
0.058132
0.000058
0.003761
0.001712
0.014208
0.040816
0.246840
0.002893
0.000037
0.000002
0.077511
0.127946
0.000234
0.000007
0.003441
0.108536
0.171713
0.064384
0.004344
0.009384
0.074415
0.008028
0.005198
0.000222
0.010684
0.040814
0.000004
0.000069
0.025871
0.000660
0.001373
0.000371
0.009675
0.027088
0.000102
0.018919
0.003750
0.004028
0.026461
0.016318
0.000024
0.000544
0.003757
0.000030
0.000220
0.013632
0.003542
0.224343
0.109062
0.051854
0.268428
0.010500
0.003270
0.011429
0.007402
0.013239
0.043927
0.000937
0.076883
0.000598
0.020297
0.000038
0.001948
0.016592
0.000532
0.313033
0.109700
0.012086
0.150605
0.000217
0.120479
0.000148
0.007208
0.013603
0.001432
0.000939
0.298518
0.008568
0.016459
0.005538
0.018087
0.058183
0.000770
0.000902
0.003933
0.040328
0.081483
0.464957
0.178317
0.004836
0.012861
0.000845
0.263878
0.027212
0.000103
0.000162
0.157031
0.257040
0.000063
0.044247
0.026329
0.072298
0.177477
0.001553
0.181019
0.010712
0.168105
0.002670
0.040636
0.095446
0.176144
0.256969
0.952889
0.028368
0.020374
0.006394
0.009039
0.030589
0.014916
0.002025
0.066838
0.001746
0.003359
0.004377
0.000481
0.003994
0.034757
0.063085
0.086475
0.000156
0.113894
0.004389
0.066436
0.014608
0.000659
0.046973
0.000004
0.000023
0.018680
0.060675
0.022221
0.000333
0.000007
0.008352
0.001087
0.001382
0.521109
0.009051
0.017769
0.070920
0.194307
0.003945
0.000265
0.000013
0.005284
0.065295
0.062248
0.016444
0.314935
0.001446
0.000002
0.273713
0.000391
0.008469
0.119887
0.019477
0.004420
0.004533
0.050544
0.000045
0.334979
0.000002
0.003502
0.002633
0.072089
0.110631
0.000021
0.021347
0.005088
0.012880
0.022803
0.004987
0.000570
0.035041
0.053518
0.070394
0.268421
0.042789
0.089551
0.059670
0.233270
0.001112
0.026787
0.004028
0.008365
0.010791
0.177781
0.034724
0.002248
0.003140
0.004920
0.006724
0.000132
0.047834
0.185723
0.033089
0.067511
0.004935
0.001325
0.001610
0.000200
0.000060
0.000032
0.002286
0.022317
0.001190
0.003303
0.080512
0.003157
0.141369
0.003495
0.001216
0.007924
0.005073
0.010039
0.000109
0.019534
0.066157
0.012314
0.036622
0.068316
0.265625
0.000571
0.002873
0.518154
0.052650
0.186351
0.000216
0.017624
0.240459
0.022109
0.000511
0.097717
0.147844
0.035182
0.001183
0.000827
0.001525
0.018825
0.000002
0.000043
0.000562
0.011736
0.002874
0.001145
0.160642
0.347693
0.002503
0.037528
0.024995
0.000006
0.001920
0.000348
0.000308
0.007167
0.067567
0.030069
0.003552
0.004009
0.062063
0.000007
0.054472
0.006951
0.000031
0.033814
0.283798
0.011210
0.011856
0.000782
0.021202
0.031254
0.000772
0.416130
0.001240
0.003980
0.021694
0.000034
0.000687
0.000209
0.003485
0.002574
0.079816
0.025774
0.008695
0.091105
0.002989
0.002105
0.000003
0.008577
0.063848
0.257275
0.006112
0.021019
0.114270
0.011247
0.012934
0.005939
0.013278
0.002740
0.093967
0.005203
0.007465
0.044957
0.015165
0.110344
0.037192
0.125218
0.021720
0.000093
0.064151
0.027943
0.068757
0.000002
0.000008
0.000931
0.030289
0.020365
0.013780
0.000616
0.007628
0.180582
0.184154
0.248547
0.018929
0.070467
0.074230
0.011697
0.000292
0.003051
0.000644
0.093899
0.002426
0.008114
0.000494
0.009320
0.015994
0.063957
0.088030
0.014915
0.025193
0.014247
0.040522
0.002401
0.003139
0.321262
0.018924
0.097904
0.000566
0.013802
0.000031
0.076002
0.098856
0.418396
0.000796
0.135777
0.132586
0.002575
0.000581
0.000082
0.007813
0.024967
0.435489
0.029807
0.000406
0.009233
0.000463
0.014883
0.002403
0.009436
0.001856
0.003258
0.455573
0.209608
0.023150
0.006011
0.000201
0.026499
0.007940
0.067674
0.592486
0.056548
0.048371
0.000829
0.049827
0.050133
0.004324
0.160961
0.331301
0.009380
0.011436
0.000269
0.001057
0.006408
0.049197
0.190453
0.000368
0.050000
0.109063
0.000301
0.000875
0.078011
0.007703
0.365376
0.005047
0.019819
0.202620
0.002591
0.001876
0.000157
0.750493
0.001126
0.006177
0.000115
0.050326
0.000858
0.036059
0.015071
0.000177
0.003412
0.242387
0.117047
0.002157
0.526199
0.002136
0.586662
0.003011
0.031886
0.000917
0.200482
0.000039
0.007790
0.007761
0.014693
0.030960
0.001406
0.001499
0.001475
0.024280
0.099660
0.047384
0.164645
0.062891
0.003230
0.000133
0.036540
0.000336
0.118795
0.000162
0.029119
0.026507
0.002783
0.182621
0.012619
0.154038
0.000009
0.000133
0.323015
0.000031
0.000775
0.155839
0.013053
0.077933
0.167022
0.000148
0.052520
0.002155
0.000237
0.010749
0.000009
0.462254
0.181134
0.418993
0.000606
0.017612
0.005454
0.041210
0.022036
0.237701
0.000481
0.000561
0.088230
0.005893
0.011045
0.063190
0.000002
0.006717
0.071914
0.000184
0.013233
0.002460
0.001356
0.001081
0.028367
0.036525
0.067616
0.000008
0.003554
0.004178
0.195592
0.199733
0.010917
0.138051
0.007009
0.337349
0.064380
0.044159
0.000018
0.000519
0.047222
0.086416
0.002212
0.052502
0.026384
0.000399
0.002931
0.017073
0.015445
0.000161
0.194270
0.000308
0.013415
0.071707
0.011735
0.001319
0.000612
0.011471
0.003853
0.014264
0.026466
0.000300
0.004445
0.083086
0.142502
0.403866
0.000003
0.015613
0.000320
0.020862
0.000959
0.001446
0.000771
0.116522
0.094273
0.013041
0.022369
0.111874
0.061572
0.101719
0.032610
0.000002
0.000936
0.026714
0.707011
0.001871
0.000225
0.003350
0.145031
0.005143
0.000015
0.000849
0.000818
0.005959
0.000524
0.001943
0.014749
0.266044
0.054534
0.011146
0.000267
0.019272
0.003664
0.022340
0.001329
0.038256
0.366797
0.609324
0.017074
0.045256
0.016601
0.000170
0.006923
0.029266
0.014812
0.113964
0.000004
0.050102
0.234366
0.004380
0.001092
0.000466
0.001845
0.005766
0.001839
0.881239
0.040191
0.001803
0.254443
0.001220
0.045340
0.576751
0.074883
0.189733
0.000202
0.042794
0.001697
0.001302
0.021592
0.000028
0.003573
0.001525
0.037545
0.014697
0.000894
0.028892
0.025701
0.013453
0.000581
0.004219
0.014081
0.000624
0.065357
0.044632
0.000741
0.001269
0.006385
0.012061
0.018205
0.047916
0.053569
0.012766
0.009139
0.000702
0.010607
0.045484
0.514902
0.004603
0.320577
0.164264
0.024970
0.000130
0.155569
0.012401
0.000158
0.014072
0.000130
0.133628
0.034553
0.019383
0.001231
0.032445
0.024315
0.284157
0.012405
0.012640
0.003230
0.161494
0.385802
0.020438
0.030955
0.001891
0.011001
0.356135
0.013031
0.000906
0.017155
0.043411
0.010285
0.007014
0.013704
0.003793
0.002279
0.043721
0.336703
0.044230
0.505621
0.037489
0.022390
0.000089
0.018758
0.002749
0.089722
0.000099
0.148375
0.036280
0.000081
0.000002
0.062528
0.001385
0.149063
0.001158
0.126251
0.018939
0.041704
0.032995
0.003279
0.011666
0.015888
0.000242
0.082589
0.013018
0.068794
0.009511
0.033237
0.013440
0.138864
0.001807
0.038789
0.603948
0.174234
0.022787
0.000701
0.021900
0.009480
0.110125
0.015401
0.184593
0.000014
0.058515
0.002399
0.000140
0.032890
0.072625
0.655462
0.550974
0.000630
0.151834
0.015706
0.123446
0.173673
0.001302
0.010871
0.340969
0.011901
0.049486
0.086093
0.056845
0.381814
0.121387
0.007173
0.000014
0.007893
0.051502
0.000753
0.007888
0.002574
0.040349
0.063409
0.000005
0.000013
0.013459
0.000598
0.015730
0.000073
0.000089
0.219388
0.043925
0.000143
0.002519
0.001111
0.000862
0.057397
0.002920
0.053221
0.047676
0.019086
0.139177
0.000163
0.009259
0.055729
0.004868
0.000002
0.145402
0.049299
0.125101
0.000665
0.526751
0.004728
0.000160
0.000037
0.014636
0.003368
0.000015
0.034806
0.657581
0.071125
0.000007
0.003454
0.000497
0.076211
0.140496
0.103323
0.044103
0.003610
0.569369
0.009407
0.052937
0.143517
0.058281
0.002491
0.000100
0.130148
0.006510
0.024403
0.029348
0.311849
0.031613
0.010383
0.000046
0.000007
0.000339
0.021077
0.019344
0.023654
0.041817
0.005740
0.037940
0.000127
0.011227
0.039094
0.001832
0.010088
0.012236
0.000764
0.181341
0.003492
0.000007
0.123025
0.047317
0.028386
0.005109
0.169970
0.008369
0.004518
0.002902
0.000272
0.097895
0.001279
0.005764
0.010977
0.000004
0.000207
0.022077
0.008763
0.001380
0.001344
0.001404
0.095119
0.045118
0.000024
0.001544
0.083262
0.002838
0.004336
0.023343
0.001676
0.000401
0.029615
0.007715
0.131580
0.152564
0.043946
0.014911
0.010145
0.093420
0.006544
0.021923
0.003527
0.006088
0.203436
0.487662
0.000034
0.000540
0.400353
0.033756
0.003243
0.009919
0.006167
0.000030
0.020719
0.049770
0.115100
0.005412
0.000588
0.003453
0.016111
0.023607
0.000147
0.219062
0.000143
0.049148
0.078649
0.019816
0.004686
0.425070
0.039420
0.000353
0.014661
0.000224
0.000271
0.014744
0.006932
0.000024
0.000401
0.005614
0.008666
0.027386
0.034366
0.026090
0.014852
0.011590
0.001803
0.002372
0.009291
0.012073
0.000764
0.000736
0.056587
0.078418
0.000242
0.004636
0.061084
0.089261
0.786650
0.012885
0.006992
0.000416
0.033710
0.063564
0.001031
0.000091
0.019291
0.000089
0.040573
0.039601
0.000608
0.000268
0.000034
0.031882
0.004868
0.214326
0.004489
0.147436
0.001283
0.000282
0.012953
0.000105
0.223499
0.000260
0.006442
0.001584
0.000138
0.049219
0.004431
0.001793
0.145684
0.031076
0.376593
0.111080
0.050031
0.043565
0.036531
0.000236
0.010531
0.037925
0.050871
0.000003
0.055311
0.001689
0.000099
0.000208
0.127426
0.037000
0.002742
0.052053
0.000033
0.015843
0.401821
0.033855
0.037659
0.044722
0.001383
0.054898
0.034611
0.000335
0.001243
0.000011
0.001154
0.027805
0.002122
0.017277
0.000385
0.214617
0.009798
0.087627
0.021510
0.001601
0.012950
0.002111
0.011335
0.177686
0.052123
0.004795
0.001257
0.054113
0.018036
0.004272
0.081351
0.023522
0.000202
0.016835
0.052841
0.023476
0.004557
0.308976
0.247594
0.004714
0.001408
0.003846
0.116527
0.018715
0.006751
0.000015
0.022864
0.000030
0.454872
0.085889
0.000060
0.009975
0.001670
0.000843
0.008457
0.044865
0.000198
0.001749
0.002288
0.008407
0.000911
0.013446
0.001162
0.012232
0.064176
0.004615
0.051000
0.039364
0.389557
0.052385
0.001222
0.155194
0.004262
0.142069
0.006376
0.243380
0.006043
0.007769
0.013683
0.160121
0.000235
0.001613
0.000162
0.000016
0.353206
0.017971
0.001045
0.000814
0.060167
0.024239
0.693850
0.000607
0.064984
0.014850
0.000298
0.006518
0.000007
0.003116
0.000415
0.024373
0.008480
0.000253
0.007061
0.045856
0.000148
0.316497
0.002276
0.007508
0.000501
0.037110
0.049854
0.001560
0.016179
0.400536
0.021248
0.009423
0.000053
0.005306
0.010008
0.050050
0.000263
0.013505
0.000269
0.020662
0.005242
0.005162
0.001466
0.059350
0.279877
0.000240
0.052641
0.440880
0.013270
0.014637
0.057212
0.016294
0.000019
0.001792
0.059307
0.155723
0.004031
0.075012
0.017898
0.017235
0.000402
0.024705
0.038913
0.089200
0.126333
0.009240
0.000167
0.000633
0.078061
0.022404
0.002307
0.007393
0.000214
0.144362
0.047428
0.006219
0.121892
0.000134
0.296100
0.020054
0.000324
0.054725
0.016708
0.000547
0.058398
0.013317
0.064753
0.000002
0.029187
0.020673
0.000687
0.019576
0.007574
0.000753
0.000002
0.033356
0.000394
0.000187
0.015528
0.004660
0.020794
0.145764
0.042946
0.042636
0.000577
0.054825
0.025348
0.000607
0.001106
0.159678
0.073606
0.009379
0.003922
0.000002
0.017705
0.155879
0.010409
0.056768
0.005826
0.004795
0.006747
0.022823
0.014109
0.000034
0.000012
0.029509
0.029814
0.001641
0.033070
0.000285
0.031265
0.129999
0.174358
0.006297
0.025339
0.304372
0.024909
0.007017
0.041955
0.042613
0.001683
0.024117
0.007888
0.001146
0.006334
0.005255
0.202970
0.014748
0.003701
0.007057
0.002506
0.000060
0.109399
0.039967
0.003110
0.042270
0.000829
0.138278
0.182653
0.001089
0.132311
0.002644
0.156854
0.000005
0.042591
0.001498
0.014438
0.001559
0.026620
0.000025
0.003402
0.000695
0.027991
0.000063
0.008108
0.000017
0.000423
0.127772
0.002347
0.000181
0.000029
0.269441
0.002853
0.066192
0.022675
0.054552
0.099422
0.009711
0.000298
0.006232
0.431867
0.007440
0.019312
0.000002
0.008811
0.026979
0.015384
0.032364
0.013631
0.013444
0.102471
0.000296
0.035182
0.055719
0.024412
0.000560
0.027717
0.015585
0.000006
0.005405
0.002363
0.144769
0.040191
0.533732
0.042996
0.013705
0.354738
0.000428
0.573589
0.239510
0.002917
0.000289
0.000296
0.000097
0.000344
0.004029
0.018293
0.096311
0.000037
0.310134
0.022529
0.090176
0.020246
0.009364
0.015747
0.056113
0.003429
0.030909
0.002135
0.006479
0.259206
0.001726
0.000119
0.140533
0.013588
0.000018
0.062329
0.007359
0.000893
0.007849
0.065453
0.005824
0.050392
0.274859
0.000268
0.000098
0.044968
0.003249
0.507233
0.000214
0.160033
0.032531
0.406079
0.062975
0.020324
0.000531
0.000030
0.199767
0.058973
0.013455
0.045245
0.000117
0.000407
0.005964
0.001453
0.087945
0.000259
0.174453
0.055788
0.016607
0.150629
0.006901
0.000347
0.052667
0.000124
0.005579
0.065119
0.051196
0.012839
0.219689
0.000008
0.044293
0.008845
0.090138
0.172685
0.000863
0.021756
0.001436
0.003765
0.000010
0.009159
0.005275
0.000469
0.048757
0.001606
0.000003
0.059643
0.026898
0.425615
0.041749
0.200858
0.008276
0.432020
0.000313
0.000745
0.294475
0.043693
0.043119
0.068452
0.097952
0.008589
0.000022
0.004269
0.015202
0.104961
0.050000
0.011536
0.000897
0.001141
0.108109
0.329989
0.004195
0.026923
0.012289
0.024813
0.134746
0.158403
0.009972
0.000162
0.000184
0.001602
0.000102
0.000029
0.009528
0.029441
0.030698
0.000491
0.008528
0.002658
0.000348
0.367234
0.232108
0.000402
0.000551
0.055458
0.041171
0.013460
0.000664
0.004039
0.025052
0.000041
0.007748
0.010219
0.477485
0.000245
0.003141
0.085490
0.010644
0.001439
0.136962
0.000435
0.006765
0.003032
0.038783
0.002347
0.001804
0.163731
0.000765
0.064466
0.003544
0.003331
0.007903
0.083681
0.007024
0.037907
0.005328
0.027553
0.317295
0.541015
0.006453
0.052842
0.004017
0.002858
0.038076
0.000041
0.366597
0.061475
0.013174
0.000666
0.000111
0.024155
0.080511
0.033681
0.001074
0.004947
0.084869
0.006971
0.001571
0.026832
0.036623
0.002323
0.101388
0.011252
0.045070
0.000062
0.024726
0.007304
0.020743
0.000267
0.003444
0.291585
0.044894
0.000059
0.092662
0.065502
0.000062
0.119491
0.005955
0.002556
0.025982
0.001283
0.082199
0.002241
0.006749
0.000032
0.000227
0.022572
0.001376
0.026916
0.106656
0.001922
0.003427
0.012166
0.002336
0.056704
0.133133
0.069394
0.003759
0.017071
0.004823
0.000541
0.000002
0.004358
0.041142
0.009674
0.076794
0.001781
0.000715
0.387084
0.033588
0.010677
0.002783
0.007815
0.358488
0.113074
0.053065
0.032813
0.000315
0.248069
0.054884
0.013186
0.001373
0.005608
0.030831
0.016026
0.324802
0.057148
0.122566
0.115839
0.021929
0.000323
0.001173
0.000999
0.045622
0.009117
0.004367
0.011757
0.262917
0.002138
0.000062
0.006289
0.000011
0.041232
0.243617
0.174116
0.009812
0.006436
0.233507
0.008202
0.018637
0.015919
0.084466
0.009498
0.152683
0.000017
0.249240
0.021126
0.001039
0.031129
0.327731
0.000199
0.085825
0.000037
0.029161
0.001630
0.000261
0.204253
0.041468
0.000597
0.000068
0.015409
0.000236
0.000929
0.002658
0.092612
0.003235
0.024955
0.111353
0.000055
0.002849
0.000007
0.000123
0.588262
0.017796
0.013448
0.000008
0.001003
0.133468
0.054134
0.002042
0.020345
0.003408
0.000023
0.083368
0.023952
0.297328
0.060833
0.109909
0.027659
0.031537
0.057504
0.042817
0.002863
0.247031
0.108092
0.003939
0.004143
0.044236
0.001769
0.027556
0.005577
0.035558
0.001482
0.000569
0.006772
0.002611
0.001756
0.057162
