721
1.772359
4
91
40
10
1
5047
-0.941021
-0.306735
0.642084
0.958395
-0.860924
-0.037301
-0.109718
-0.215742
0.311283
0.299030
0.068845
0.196530
-0.566072
0.260414
0.787468
0.785010
0.426630
0.503654
-0.965107
0.186010
0.497620
0.519311
0.572824
1.000000
-0.479746
-0.946653
0.445017
0.333697
-0.320693
0.408649
-0.800489
1.000000
0.831434
0.822686
-0.332760
0.854779
-0.600668
-0.736170
0.180177
-0.993746
-0.559682
0.200054
0.731326
0.701343
0.378454
0.458794
0.196431
-0.746463
0.791278
0.633252
-0.297997
0.073931
-0.996187
0.799988
0.201376
-0.005783
0.610415
-1.000000
0.803981
-0.705816
1.000000
-0.407108
0.976411
1.000000
-0.722294
-0.647390
0.412967
1.000000
-0.146944
0.510530
0.296693
0.539114
0.657293
-0.144667
0.299236
-0.615411
-0.306128
-0.718294
0.407525
0.248202
0.300954
0.957537
0.062013
0.192938
-0.907434
-0.406792
-0.586188
0.227635
0.800365
-0.650258
-0.280421
0.515266
0.349642
0.176377
-0.208932
0.751385
0.409216
-0.751582
-0.420170
0.495467
0.199241
0.440136
-0.651202
-0.995391
-0.997951
-0.682416
0.647264
-0.910508
0.354150
0.932123
0.086678
0.983395
-0.244740
-0.412258
0.971478
-0.257857
-0.097598
-0.958945
0.889600
-0.046493
0.611817
-0.142616
-0.069854
0.825327
-0.035768
0.204156
-0.968914
0.720465
0.076982
-0.843481
-0.231853
0.213169
-0.088793
-0.438174
0.908719
-0.207879
0.273301
0.126575
-0.236589
-0.252207
0.984241
-0.259100
-0.005747
-0.310667
0.411000
0.196958
-0.942640
-0.004471
-0.607877
0.495965
0.356164
0.454098
0.970244
0.318308
-0.335485
0.973428
-0.742924
0.702821
0.994838
0.115443
0.798835
0.925238
0.892568
0.333896
0.361838
1.000000
-0.902460
-0.051911
-0.724242
0.690745
-0.184952
-0.634968
-1.000000
0.886027
-0.460259
0.603380
-0.277750
0.511668
0.414431
0.833738
-0.283862
-0.272488
0.760342
-0.021237
1.000000
0.705390
-0.994450
0.620499
0.779779
-0.269893
-0.609972
0.836698
-0.247354
-0.954102
-0.683147
0.197305
0.271152
0.676822
0.877787
0.711094
0.623484
-0.746664
0.827175
0.207821
-0.012159
-0.769439
-0.266253
0.767360
0.928937
-0.703926
-0.505720
-0.545467
0.821991
-0.168441
0.956092
-0.697386
-0.135036
0.944530
-1.000000
0.367399
0.671852
-0.194290
0.184363
0.715159
0.864521
-0.753436
-0.140211
-0.144422
-0.145868
-0.779909
0.186175
0.327726
0.107480
-0.094349
0.850328
-0.596596
0.914236
-0.484547
0.792145
0.900470
0.139517
-1.000000
-0.605861
-0.229832
0.593145
0.871258
0.383770
-0.348284
-0.769472
-0.123616
-0.188796
0.961490
0.406749
-0.904644
0.158114
0.464163
0.231999
0.175792
-0.188416
-0.135042
-0.755624
0.112024
-0.139822
0.390488
0.445111
0.709756
0.889487
-0.771716
0.653048
-0.145688
-0.992708
-0.932987
-0.478413
0.119643
0.473451
0.010709
0.289271
0.671560
-0.426407
-0.770671
0.508823
0.989197
0.782323
-1.000000
-0.421186
-0.992115
0.222686
-0.624174
0.770337
-0.020429
0.073755
-0.950786
-0.514413
0.925735
-0.723887
0.600600
0.009562
1.000000
0.639001
1.000000
-0.454369
0.286102
0.484990
-0.148099
0.479087
0.111241
-0.987618
0.751142
0.678523
0.416577
-0.441390
1.000000
0.635144
-0.890205
0.735452
0.648877
0.267394
0.824028
0.464846
1.000000
-0.563008
0.257672
-0.998668
-0.313463
0.465728
0.245929
-0.081669
0.209015
0.857343
-0.121155
-0.267342
0.739409
0.507668
-1.000000
-1.000000
-0.590472
0.017248
-0.723724
0.496103
0.658658
-0.580936
0.497645
0.367227
-0.974293
0.556225
-0.365372
-0.562818
-0.895484
0.883538
0.978318
0.906464
-0.054951
0.397249
-0.693766
-0.997797
-0.857629
-0.387800
-0.336539
-0.049676
0.621739
-0.396023
0.161812
-0.600532
0.318656
0.323865
0.276956
-0.734739
-0.620872
0.753903
-0.474347
1.000000
0.552682
-0.130617
-0.805227
-0.648968
-0.377407
0.657490
-0.730470
0.391767
0.859135
-0.617006
0.227446
-0.210369
0.818946
-0.438651
-0.265099
0.316392
-0.996144
-0.910639
0.650962
0.499055
-0.985807
-0.854144
-0.540015
-0.377869
-0.954289
0.466981
-0.008485
-0.947655
-0.665991
0.075198
-0.385271
0.475948
0.745516
-0.759692
-0.769799
0.385985
-0.830697
0.029871
0.271444
-0.768021
-0.126806
-0.729180
-0.784213
0.483896
-0.278758
-0.416434
0.363729
0.341507
0.657694
-1.000000
0.349837
1.000000
-0.712712
-0.668716
-0.264589
0.794165
-0.744904
-1.000000
-0.740519
0.099529
0.525240
-0.654736
0.174509
-1.000000
-0.945384
-1.000000
0.541030
-1.000000
0.535515
-0.477763
0.167306
0.877051
-0.022728
0.464708
-0.830263
0.514368
0.573874
-0.768350
-0.549446
0.111341
-0.769495
0.314343
-0.096920
-0.452150
0.372051
-0.333653
0.274140
-0.176883
0.977623
0.583602
-0.004277
-0.283959
-0.601901
-0.259019
0.707593
0.344915
0.908105
1.000000
0.659155
0.127048
0.674742
0.642811
0.449348
0.683703
-0.479182
0.107106
-0.226687
0.067900
-0.834472
-0.021116
-0.697954
0.187153
-0.902841
-0.515659
-0.975050
0.648011
-0.871072
0.288193
-0.955672
0.539812
0.039611
-1.000000
-1.000000
-0.716028
0.692495
0.502334
-0.992721
-0.061240
0.601771
-0.192860
-0.978834
0.172103
0.289055
0.713875
-0.319731
0.817206
1.000000
-0.033855
-0.236620
0.403650
0.283835
0.629384
0.506491
-0.431410
-0.997268
0.729899
-0.557571
-0.087379
0.548756
-0.308052
-0.540640
0.075429
-0.747017
-1.000000
0.159200
0.033994
-0.592368
0.232093
-0.417478
1.000000
0.378465
-0.471455
0.115103
0.017850
0.631147
-0.447341
0.056526
-0.700746
0.754593
0.338883
-0.653955
0.767861
-0.565553
0.012061
-0.406904
-0.305799
-0.883751
0.162337
0.563844
0.216503
0.701578
0.020001
-0.911648
-0.209484
0.179855
-0.564562
-0.641882
-0.051291
0.086207
-1.000000
-0.399767
-0.880550
-0.262313
0.056166
-0.700943
1.000000
0.664867
0.216659
1.000000
-0.086457
-0.473937
-1.000000
0.356837
0.773226
0.631524
-0.288028
-1.000000
-0.692599
-0.528267
-0.070746
-0.394940
0.504905
-0.822944
-0.131162
1.000000
-0.156270
-0.146332
0.417209
0.203216
-0.566604
0.731762
-0.926957
-0.307326
0.257156
0.463342
0.641649
-0.272293
-0.176981
-0.041611
0.923119
-0.733306
0.608986
0.716296
0.327727
0.126785
-0.645378
0.271055
-1.000000
-0.862535
-0.218556
-0.496713
-0.618311
-0.728027
-0.312538
-0.677829
0.051293
0.372342
-0.128953
0.247513
-0.886929
-0.518961
-0.864931
-0.175174
-0.439176
0.378400
-0.944916
-1.000000
0.260321
-0.961205
-0.394463
-0.781284
0.300292
-0.150852
0.385552
0.252177
0.247341
-0.440215
0.622476
-0.142870
-0.291996
0.909595
-0.085225
0.753998
0.574471
0.162688
-0.142330
0.211299
-0.036397
-0.746624
-0.815417
-0.876781
0.298482
0.069152
0.539989
-0.622757
0.274434
0.051699
0.288507
-0.518750
-0.511433
0.519269
0.561971
-0.397577
-0.956500
0.005846
0.378214
-0.668143
-0.656251
-0.456069
-0.489932
0.844541
-0.641742
0.276088
-0.906620
-0.698179
-0.441431
0.295973
-0.712018
-0.814380
-0.270159
0.661815
0.238506
-0.894384
-0.453306
0.960494
0.928372
0.644705
-0.185140
-0.182901
-0.806497
0.013153
-1.000000
0.612942
-0.131136
-0.870986
-0.802618
-0.591436
-0.708895
-1.000000
-0.180888
-0.619824
0.924557
-0.196112
0.846928
0.729588
0.307396
-0.322879
0.606476
0.838666
0.945897
-0.637968
0.134287
-0.389830
0.117887
-0.098334
-0.434506
-0.123186
0.049854
0.906817
0.549854
0.119165
0.760207
0.918276
0.636533
0.937093
-0.439972
-0.697659
0.707624
-0.067233
0.766443
-0.799093
-0.719668
-0.192605
-0.025281
-0.336332
0.267230
0.980219
0.749525
-0.318100
0.539164
0.356808
-0.162977
0.220554
0.683884
0.769622
0.232388
0.917104
0.241659
-0.630039
-0.216539
0.311790
0.207310
0.235378
-0.072664
0.934143
-0.461534
-0.329557
-0.810162
0.103411
-1.000000
-0.179513
-0.884553
0.940537
-0.064713
0.921753
1.000000
-0.325518
0.556587
-0.576650
-0.621344
0.016283
-0.778888
0.275594
0.441042
-0.272001
-0.431263
0.332891
-0.966922
-0.768081
-0.753699
0.933749
-0.141870
-0.125725
-1.000000
0.412899
0.059732
-0.242200
0.595783
-0.856016
-0.995918
-0.515446
-0.667100
0.173752
1.000000
1.000000
0.506825
-0.267086
0.907648
0.149653
0.993527
0.000696
0.116391
0.295926
-0.379213
-0.743063
-0.544800
-0.045832
1.000000
-1.000000
0.076121
0.326755
0.370523
0.686179
0.281390
0.386263
0.119220
-0.335886
0.708395
-0.760282
0.182861
-0.964731
-0.496527
-0.859324
-0.187932
0.240985
-0.940976
-0.676007
-0.813436
-0.886066
-0.539244
-0.532698
-0.720816
-0.717762
-0.242681
-0.405939
-0.230814
0.533157
-0.045257
-0.732724
-0.858627
0.899108
0.593930
0.362444
0.652537
0.275061
0.031676
1.000000
-0.444793
-0.306572
0.127620
0.139899
0.323794
-0.302706
0.825461
-1.000000
0.016057
-0.826200
-1.000000
0.303283
0.128103
-0.076281
-0.281670
-0.603343
-0.245212
0.402911
0.866784
-0.027998
-0.865572
-0.499728
0.779945
-0.792365
-0.005556
0.910585
-1.000000
0.332450
0.689465
-0.648645
0.576096
0.839321
0.369333
-0.110950
-0.994764
0.655421
-1.000000
0.091345
0.758617
0.108467
-0.738483
0.213582
-0.794398
-0.052222
-0.137051
0.749594
0.482512
-0.343925
-0.841801
0.151458
-0.702789
0.319128
0.811472
-0.493009
-0.850394
0.371662
0.147177
-0.498405
-0.220318
-0.659511
-0.306045
0.721101
0.618162
0.058122
-0.426304
-0.110410
0.349250
0.813991
-0.911827
-0.723703
0.216117
1.000000
0.348284
0.507492
0.689150
1.000000
-0.494242
0.187701
0.518570
-0.083054
-0.545141
0.856819
-0.352897
-0.778363
0.313170
-0.611415
0.711180
1.000000
-0.877200
-0.801485
0.677429
0.507059
0.510510
0.647583
0.383750
0.979731
0.005195
0.979633
0.727650
-0.285915
-0.650743
-0.760457
0.224980
-0.377157
1.000000
-0.059607
0.001791
-0.282315
0.050403
0.537628
0.589776
-0.780253
-0.325240
-0.224334
0.738825
-0.367281
0.149543
0.775060
-0.354841
-0.445684
0.509925
0.269754
0.823146
0.343868
1.000000
-0.281814
-0.000086
0.755246
-0.992727
-0.143204
-0.778976
0.429762
-0.916362
-0.985270
0.336725
-0.105185
0.863657
-0.713772
-0.974794
-0.961859
0.453107
-0.365280
0.053459
0.933544
0.250503
-0.777039
-0.672624
-0.750042
0.996978
1.000000
0.959948
0.657189
0.429165
-0.155561
0.892105
0.250086
-1.000000
-0.541226
-0.281788
-0.087765
-0.077314
-1.000000
-0.752023
0.135137
-0.505257
-0.838316
-0.949771
-0.716671
-0.908776
0.579869
-0.519982
-0.218847
0.406005
-0.598206
-0.529298
-0.697532
0.574563
0.751528
0.110216
-0.778749
0.856736
-0.741409
0.013690
-0.895344
-0.913240
0.450754
0.796096
0.497130
-0.974006
-0.362341
-0.963617
-0.470818
-0.559615
-0.544490
-1.000000
-0.685755
0.804195
-0.080029
-0.759112
-0.497514
-0.166693
0.316180
-0.499892
0.664939
-0.832120
-0.280070
0.483465
-0.895915
-0.985373
-0.443069
-0.898590
0.664308
-0.911208
0.559894
-0.333539
0.110820
0.148816
0.930576
-0.435729
0.589586
0.357779
-0.381983
-0.856759
-1.000000
0.335978
0.250472
0.919314
-0.464702
0.857706
0.556255
0.170586
-0.949562
-0.714798
0.333921
-0.069925
-0.569531
0.420058
0.325433
0.790349
-0.027459
-0.627808
-0.578642
0.121713
0.266031
0.491437
0.290307
-0.866083
0.325274
0.176931
-0.979128
0.969626
-0.596200
0.056287
0.008397
0.818690
0.210293
-0.120549
0.560123
-0.733563
0.639583
-0.821371
-0.582755
-0.564642
0.766010
0.233477
-0.422802
-0.980474
-0.208827
-0.408059
0.410098
-0.650928
0.382427
-0.725607
-0.705771
0.900518
0.339792
-0.825309
-0.924681
0.890266
-0.878599
-0.625350
-0.312491
-0.222136
0.402106
0.677336
-0.230197
1.000000
-0.630659
-0.263961
0.714962
0.980577
0.809196
0.345840
-0.313151
0.081652
-1.000000
1.000000
0.242873
0.422833
0.097600
0.224252
0.032813
-1.000000
-0.641165
0.479780
-0.776755
0.480677
0.998898
-0.742074
-0.101275
-1.000000
0.254719
-0.716659
-0.143349
-0.692945
-0.413504
-1.000000
-0.262790
0.339557
-0.309558
-0.331126
-0.951107
0.935905
0.647774
0.900840
-0.075762
0.771342
0.758888
0.473515
0.857444
1.000000
-0.001524
0.835764
-0.964739
1.000000
-0.652283
-0.816893
0.703815
0.196296
0.573183
0.241495
0.634031
-0.372832
-0.577142
-0.254919
0.053403
-0.833721
-0.820405
0.747518
-0.730718
-0.900260
0.283881
0.785990
-0.127090
-0.978886
-0.178972
0.090990
0.792291
0.092110
-0.477152
-0.805041
0.033252
0.630118
-0.190583
-0.267586
0.387721
-1.000000
-0.146001
0.584867
-0.493282
-0.674350
0.918027
0.231500
1.000000
-0.390879
-0.493291
-0.718731
0.666565
0.625437
-0.044240
-0.170373
-0.130986
0.354132
0.260883
0.195440
-0.399171
0.408604
-0.763147
0.011585
0.510904
-0.321921
-0.437090
-0.542956
0.268627
0.652642
0.249433
0.248660
1.000000
0.042794
0.074512
-0.339078
-0.688540
-0.720893
0.561532
0.627478
-0.645778
0.440487
0.117389
0.671170
-0.107358
-0.969043
0.026092
-1.000000
0.463693
0.847738
0.169157
-0.253607
0.166134
-0.211861
0.271044
-0.488948
0.742074
-0.271180
0.101568
0.371942
0.771048
-0.159470
-1.000000
-0.294154
-0.091000
-0.459468
-0.116290
-0.612762
-0.788721
0.769929
0.053704
0.231069
-0.644400
-0.505952
0.124717
-0.286933
-0.326109
-0.688728
-0.029369
0.392197
-1.000000
-0.698265
-1.000000
0.906722
-0.576459
-0.414975
-0.036080
-0.993442
-0.927008
0.884627
-0.419522
-0.068008
-0.917797
-0.325630
0.506106
0.133433
-0.653009
0.465450
-0.378003
-0.050459
0.075787
-0.237099
-0.280468
0.617898
-1.000000
0.143439
-0.942158
-0.018272
-0.323130
-0.883518
-0.441920
0.224490
0.499754
0.911657
0.900535
0.453702
0.136668
-0.138590
-0.528976
-0.794634
-0.633767
0.489077
-0.424522
0.274490
-0.292212
-0.890144
-0.767357
0.717624
-1.000000
0.574028
0.166266
-0.760991
-0.064874
0.260236
0.855020
0.477727
0.790363
-0.343354
-0.808027
0.884471
-0.173945
0.259678
0.855688
0.882345
-0.169812
1.000000
-0.900887
0.498820
-0.200728
0.238569
-0.237655
0.175986
-0.154399
-0.711754
0.854916
-0.040737
0.068037
0.644627
-0.314995
-0.054149
0.754074
0.974495
-0.115602
-1.000000
-0.019584
0.026694
-1.000000
-0.651680
-0.050040
-0.026151
-0.857915
-0.095111
0.326022
-0.112606
0.096623
-0.821012
0.861180
-0.671899
-0.619132
0.069191
0.920149
0.780066
-0.939133
-0.548958
0.222821
-1.000000
-0.965675
-0.268361
-0.827767
-0.259541
-0.624514
-0.827655
0.865979
-0.314272
1.000000
-0.958422
-1.000000
0.728908
-0.131052
-0.715702
0.200947
0.411926
0.273553
0.778658
-0.066341
-0.516298
0.925758
-0.515789
-0.114821
-1.000000
0.268899
-0.595171
0.700533
-0.358280
-0.136191
-0.750066
0.106129
-0.456719
-0.113563
0.487482
-0.570773
0.024471
-0.989251
0.972975
-0.731356
-0.797570
-0.363979
-0.172182
-0.276297
0.355100
0.356926
-0.111169
0.720465
-1.000000
-0.853482
-0.768841
0.018615
-1.000000
0.146307
1.000000
0.586096
0.968474
-1.000000
0.444562
0.554789
0.123643
-1.000000
-0.881682
0.278341
0.154567
-0.863692
1.000000
1.000000
-0.448022
-1.000000
-1.000000
0.486814
0.517114
-0.707042
0.733118
0.066850
-0.690998
0.083783
1.000000
-0.227120
0.377083
0.629348
0.176391
0.652208
-0.411182
-0.099852
-0.413925
0.876100
0.733020
0.427411
-0.784140
0.250843
-0.092314
0.031519
0.022098
-0.352145
0.487847
-0.624163
-0.510091
0.512039
1.000000
0.542211
0.573215
0.798699
-0.808673
0.780116
0.489171
0.503192
0.155731
-0.453256
0.343503
1.000000
0.637107
1.000000
0.024027
-0.880061
0.742175
-0.545291
-1.000000
-0.513211
-0.398667
0.424427
0.309464
-0.890603
-0.317622
-0.059152
-0.669687
-0.864283
0.067579
-1.000000
-0.733646
-0.055126
0.230008
-0.990080
0.615902
0.965307
-0.661677
0.230786
-0.208134
0.291217
-0.870693
0.227015
0.022815
0.262832
-0.540001
-0.176275
0.516758
-1.000000
0.783750
-0.298816
-0.589301
-0.751916
-0.171225
-0.569739
-0.291121
0.484550
0.317485
0.566839
0.894016
-0.731886
0.802439
0.474385
0.205037
-0.506375
0.069743
0.519326
0.647010
0.750889
-1.000000
-0.047204
0.610465
0.291267
0.523422
0.855774
0.755846
0.962117
-0.639426
0.554603
0.801156
0.081510
-0.779037
0.987875
-0.398635
0.693467
-0.100346
-0.615712
-0.737823
0.118124
-0.120321
0.393333
1.000000
-0.496169
-0.416912
0.833072
-0.551274
-0.258648
-0.848242
0.226555
0.306502
0.886497
0.781421
0.011387
0.111095
-0.245608
-0.748591
-1.000000
0.734287
-0.794745
0.481862
-0.110776
-0.378462
-0.120165
-0.244858
0.845713
0.649839
-1.000000
-0.584960
0.473590
0.301644
-0.812095
0.954820
0.014500
-1.000000
-0.217956
-0.854083
-0.582035
0.684948
0.412339
-0.666744
0.773953
0.675222
-1.000000
0.769479
0.590808
-0.920136
0.079048
0.225965
0.457358
-0.234587
-0.701120
0.854072
0.394428
0.205460
-0.971452
0.802750
-0.126602
-0.305145
-1.000000
0.323007
-0.105432
-0.767956
0.242577
0.344264
0.129777
-0.590033
-0.634603
0.763606
-0.152042
-0.739055
-0.268239
-0.084979
-0.038913
0.712375
0.822131
0.713375
0.323090
0.796372
0.703073
1.000000
-0.249919
0.233406
-0.708811
-0.354803
0.652714
0.250252
0.726521
0.158351
0.050479
0.206511
-0.278069
0.942527
-0.504567
-0.698666
-0.093931
0.942830
0.606164
-0.151670
0.541742
1.000000
0.527109
-0.192775
0.735914
-0.714290
0.286020
0.193416
0.078310
-0.038949
-1.000000
0.075450
-0.765171
0.199060
-0.372292
-0.980198
0.030515
-0.054525
0.111939
-0.163475
-0.809521
-0.235277
-0.266729
0.252707
0.421589
0.349529
-1.000000
0.772209
0.205527
0.591644
0.694391
0.490570
0.051307
-0.456572
0.098090
-0.975185
-0.085139
-0.003982
-0.140640
0.351466
0.859642
0.890581
0.196019
-0.818764
-0.941056
-0.828371
0.907568
-0.131337
-0.752488
-0.515741
0.433859
0.697561
0.870713
-0.536174
0.594455
-0.177251
0.800703
-0.247368
0.061238
1.000000
0.557590
-0.693962
-0.990171
-0.894317
0.081070
-0.289307
-0.875137
-0.926840
-0.910919
-0.983491
-0.406106
0.822155
0.803042
-0.916019
-0.584448
-0.199710
0.557865
-0.009112
-0.983896
-0.552149
1.000000
-0.935580
0.030263
0.216463
0.748420
-0.448228
-0.709761
0.655085
0.349373
-0.889534
0.776938
0.870892
0.019054
0.318841
-0.603459
0.275510
0.502505
-0.360595
0.226235
-0.065199
0.012048
1.000000
-0.716634
0.001265
-0.360967
-0.511747
-0.952805
0.353467
0.662198
0.436384
0.217915
0.920406
0.006549
0.610380
-0.174889
0.842413
-0.137715
0.782285
-0.450664
-0.275729
-0.163979
0.497691
-0.846038
0.157832
-0.457542
0.660084
-0.497389
0.279875
0.227656
-0.640979
0.956210
0.895092
-0.975097
0.229480
-0.272420
0.893508
0.636091
-0.189625
-0.190215
-0.915749
-0.615355
0.422233
-0.705471
0.515637
0.972186
0.238267
0.735236
-0.334258
-0.401065
0.245792
0.261244
-0.626917
0.555541
0.697375
0.426475
-0.948249
-0.914225
-0.819544
-0.095147
0.607514
0.972080
-0.685261
-0.140583
-0.835267
0.241270
0.143524
-0.554859
-0.622083
0.370437
0.132324
-0.287546
0.156757
0.245774
0.628681
0.164182
0.713646
0.183494
0.814993
-0.527529
-0.271542
-0.666909
-1.000000
0.534057
0.091614
-0.405919
0.196832
-0.603556
0.896943
-0.119312
-0.907363
-0.705570
0.176686
0.719789
-0.087408
-0.333381
0.372354
0.704687
0.044585
-0.050586
-0.641903
0.153584
-0.640828
0.722678
-0.336444
0.578378
0.639042
0.646523
0.124439
0.322058
0.260574
-1.000000
0.905693
0.616095
-0.606728
-0.331190
0.034248
0.150478
0.278222
0.580041
0.698993
-0.756752
-0.913795
0.395295
0.766254
0.858594
0.540069
0.908012
0.016652
0.404784
-0.477659
0.877563
-0.947378
-0.672289
0.499360
0.211118
0.305114
-0.248333
0.330154
-0.066925
-0.603984
-0.703481
0.087604
0.180007
0.848062
-0.799156
0.769913
-0.844546
0.614409
-0.266493
0.868531
-0.698702
0.536535
-0.743491
-0.929750
-0.381648
0.840059
-0.003302
0.668630
-0.793527
0.611925
-0.879406
-0.522281
0.901847
-0.976140
0.196184
0.955887
0.789260
0.433413
0.498323
-0.797924
-0.920278
0.046978
-0.232843
0.511138
-0.346538
0.194354
-0.640567
1.000000
-0.268550
-0.500850
0.386187
-0.574162
0.728911
-0.325008
-0.143819
0.443306
0.247602
-0.156775
0.609980
0.171310
-0.061520
-0.964480
-0.310751
1.000000
-0.718512
1.000000
0.355201
0.076644
-0.494878
-0.082932
0.200842
0.269831
-0.384165
0.337539
-1.000000
0.124858
0.455941
0.131101
-0.912319
-0.891918
0.597814
0.084200
0.744067
0.270862
0.639180
0.288539
0.727835
0.145026
-0.481819
-0.200202
0.672623
-0.392751
-0.446040
-0.167625
-0.055931
-0.145379
-0.760105
-0.857145
-0.543518
-0.794170
-0.908131
0.933742
0.667957
-0.754261
0.794916
-0.145274
0.255551
0.589001
-0.270552
0.382429
-0.946050
-0.125394
0.194417
-0.486898
0.067455
0.043214
0.084984
-0.628758
-0.503497
0.706854
0.419291
-0.476011
-0.959112
-0.241995
0.147120
0.062627
0.850866
0.408987
-0.386363
0.178164
0.444372
1.000000
0.388093
-0.816565
-0.668075
0.584373
-1.000000
0.178990
0.648094
-0.283674
0.127749
0.436480
-0.220299
-0.592474
0.488862
-0.880337
1.000000
-0.685060
-0.529855
-0.979445
1.000000
0.573189
0.419068
-1.000000
0.334759
0.118188
-0.660054
-0.689280
-0.514343
-1.000000
0.533965
1.000000
0.766025
-0.412851
0.545453
0.257942
0.337280
-0.844726
0.126189
-0.731825
-0.965053
-0.193572
-0.489117
-0.950256
-1.000000
-0.182751
0.763187
0.862171
0.695487
0.884346
0.341217
1.000000
0.282535
-0.965261
-0.810096
0.599126
-1.000000
0.071413
-0.338658
0.154030
0.240960
-0.046126
-0.887437
0.256893
0.901205
0.932697
-0.059641
-0.567665
0.835702
0.461392
-0.520152
0.421849
0.075248
-0.124792
0.846701
-0.012434
-0.508933
-0.276621
-0.118770
0.216653
-0.415177
-0.521959
0.173054
0.040880
0.882423
0.274553
0.506821
0.979202
-0.168458
0.468649
0.209127
1.000000
-0.657510
-0.089469
-0.789649
-0.166973
-0.740840
0.996025
0.366926
0.574658
-0.488103
-0.372121
0.361671
-0.359389
-0.635556
0.577186
-0.673523
-0.862300
0.062680
0.341571
0.937639
0.873496
0.083927
-0.354964
-0.135449
-0.820024
0.109039
0.116886
0.657269
1.000000
0.076652
0.600969
0.154775
-0.028369
1.000000
0.264230
0.235564
0.793267
-0.314384
0.170707
0.565293
0.639875
0.005350
-0.008913
0.125764
0.596245
-0.688633
-0.371963
-0.078777
-0.448212
0.050700
-0.433014
0.395209
-0.137015
0.202853
-0.627281
-0.076094
0.027928
-0.860559
0.384077
-0.811741
0.768779
-0.288906
-0.213201
0.694530
0.907952
1.000000
1.000000
-0.576975
1.000000
0.399818
-0.287221
0.279920
0.186113
0.455482
-1.000000
0.052010
0.988389
-0.700383
0.367527
0.492147
0.231152
-0.390472
-1.000000
-0.390937
-0.748972
0.822363
-0.892451
0.053121
0.349299
0.822851
-0.087379
0.610806
0.461003
-0.274792
1.000000
0.481280
0.343124
-0.439139
-0.306518
-0.784353
-0.400888
-0.025635
0.181711
-0.761620
-0.268381
0.785952
-0.685706
0.325765
-0.442294
0.530020
0.346769
0.551249
0.803295
-0.810234
-0.877290
-0.756282
-1.000000
0.843869
0.668955
-0.256690
-0.290971
-0.054898
-1.000000
0.987912
0.274209
-0.880232
-0.812031
0.327658
0.850968
0.895351
-0.650014
0.146592
-0.514209
-0.874165
0.801527
-0.406523
1.000000
-0.386893
0.103087
-0.472519
-1.000000
0.959526
0.664508
0.989301
0.076542
-0.637937
-0.597133
-0.940468
0.311469
0.051084
-0.666199
0.187444
-0.035487
-0.195794
-0.177339
-0.708092
0.340540
0.512287
0.216285
-0.904126
-0.197960
-0.746353
1.000000
-1.000000
-0.508181
-0.201191
0.968975
0.414615
-0.521010
-0.149516
0.170523
-0.320247
-0.554658
-0.160907
0.195700
0.040837
1.000000
0.766397
0.205842
1.000000
0.602271
0.255453
-0.028506
-0.563217
0.625697
1.000000
-0.459245
-0.604454
-0.053728
-0.254537
0.047320
0.074818
-0.778141
-0.975586
-1.000000
-0.503724
-1.000000
-0.303927
-0.436128
0.032677
-0.539210
0.871877
-0.856703
-0.656226
-0.980192
-0.090792
-0.369407
0.419582
0.976587
1.000000
-0.513289
0.150212
0.775416
-0.314785
1.000000
0.065460
-0.133427
0.784189
0.575219
-0.613458
-0.200714
-1.000000
0.268579
0.413989
-0.473344
0.062005
0.298713
0.442705
0.909901
0.164467
-0.096129
0.499426
0.142770
0.283342
0.312762
-0.483111
-0.881344
0.668152
0.748940
-0.896357
-0.729651
-1.000000
0.834344
-0.259511
0.147144
-0.346641
-0.879658
-0.650636
-0.075705
0.268878
0.520285
0.656610
0.711136
-0.952791
1.000000
-0.083457
-0.274948
0.286078
-1.000000
0.046363
-0.896951
0.872919
-0.038273
-0.036644
-0.881647
-0.206677
0.601767
0.920848
-0.405052
-0.468491
0.839264
0.016196
-0.525075
0.479488
-0.508319
-0.472617
0.239238
0.521122
-0.727448
0.798830
-0.536517
-0.214127
-0.297976
-0.969548
-0.953684
-0.026794
0.568343
0.601066
0.847480
0.987698
-0.255372
-0.316322
-0.945439
-0.682962
0.863725
-0.889115
0.981096
-0.701938
0.046033
0.364110
0.520812
0.397193
-0.311292
-0.347328
-0.091236
0.815061
-0.174207
0.106655
-0.541457
-0.962013
0.050211
-0.475484
0.847415
-1.000000
0.280889
-0.398819
0.011170
-0.178571
0.707404
-0.590379
-0.038562
0.441543
0.788391
0.703155
0.150209
-0.914313
0.372612
-0.194163
0.947557
0.226342
-0.014638
0.015027
-0.454224
0.391189
-0.461908
-0.984664
-0.194408
0.592276
-0.752789
-0.052942
0.971352
0.905197
0.730978
-0.290712
-0.875978
-0.322494
-0.801299
0.504278
0.793692
1.000000
-0.958919
-0.840925
-0.932457
0.908252
0.111296
1.000000
-1.000000
1.000000
0.254200
0.694915
0.529279
-0.631366
-0.258005
-0.852605
-0.145758
0.254491
0.427547
0.026932
0.801596
0.783411
-0.897937
0.635646
0.252914
0.006040
-0.061718
0.876598
-0.732584
0.191793
0.646109
-0.338171
-1.000000
0.489386
0.280211
0.851404
0.970730
-0.726369
0.622817
0.216679
-0.536277
-0.554071
0.709573
0.832994
-0.643126
-0.566111
-0.332542
-0.667241
0.728139
-0.974819
-0.694752
-0.032563
-0.545825
-0.330857
0.411451
0.085394
-0.743385
0.268191
0.035566
-0.246848
0.818660
0.694595
-0.159727
0.608556
0.261824
0.028365
0.602885
-0.486763
0.076729
-0.026287
0.935692
0.545911
-0.095662
-1.000000
-0.833864
-0.099977
-0.510422
0.906326
-0.494717
-0.930541
-0.347304
0.322504
-0.148096
-0.919195
0.205944
-0.387898
-0.211822
0.553027
-0.818568
-0.118470
0.875224
-0.701246
-0.467654
-0.524087
-1.000000
-0.720701
0.166236
0.570480
-0.549506
-0.465182
-0.361793
0.026507
0.793111
0.791383
-1.000000
0.512827
0.019972
0.281766
-1.000000
-0.598123
-0.013423
-0.186419
0.704287
0.566599
-1.000000
0.436591
-0.606610
-0.247818
-0.935760
0.916017
-0.094217
-0.746453
0.517337
1.000000
0.616416
-0.642414
0.784976
0.380937
0.325252
-0.490361
0.451573
0.208551
0.428518
0.579573
0.887166
-0.983469
0.781034
-0.606901
-0.950061
0.353934
0.890375
-0.945673
0.445348
-0.201520
-0.191767
-0.331830
-0.022633
0.906080
-0.819453
0.229070
0.977797
-0.748419
0.125807
0.005794
-0.142294
-0.688125
-0.717352
0.557718
-0.862432
0.890063
0.103769
-0.237783
-0.627820
-0.816625
-0.706750
0.074744
0.304330
-0.529010
-0.100881
-0.427119
-0.027408
-0.174921
-0.522278
0.144905
-0.206737
0.307911
-0.928381
0.201031
0.340605
-0.165452
-0.292317
-0.926069
-0.894280
-1.000000
-0.384097
-0.339688
-0.177943
-0.574819
0.514808
0.665896
0.965805
-0.365219
0.855874
0.964619
1.000000
0.540213
0.709294
-0.163057
-1.000000
0.675178
-1.000000
0.942184
-0.317840
-0.717026
-0.636214
-0.117201
0.876902
-1.000000
0.491180
-1.000000
0.454249
-0.665409
-0.257009
-0.222134
0.494321
-1.000000
0.130961
0.575863
-0.504440
-0.202276
-0.293360
0.054439
-0.437113
0.408014
1.000000
0.659049
-0.046595
0.338292
-0.857056
-1.000000
0.668790
0.104328
-0.626919
-0.257883
0.843648
1.000000
0.728183
0.720394
-0.973355
-0.069390
-0.911795
0.651644
0.473127
-0.187467
0.665233
-0.777566
0.389519
-0.658897
-0.107211
0.375087
0.521190
0.569097
0.539327
-0.118167
-0.508815
0.043123
-0.901291
0.272463
0.259493
-0.265980
-0.567798
-0.128415
-0.228575
0.226545
-0.161025
0.214091
0.801572
0.609312
0.400970
1.000000
0.218092
0.160260
-0.784371
0.771768
-0.831402
-0.425195
-0.358309
0.539274
0.072284
0.614825
-0.641336
1.000000
0.267735
-1.000000
-0.884222
-0.905329
0.638473
-1.000000
0.104555
-0.462542
-0.836073
0.387725
0.372762
0.361047
0.784653
-0.092714
0.935451
-0.027228
-0.236826
-0.688658
-0.689555
-0.047390
-0.394202
0.512725
-0.033184
0.483147
0.020401
0.064921
-0.605900
-1.000000
0.144155
-0.086640
0.306368
-0.829790
0.438541
0.811772
0.274515
1.000000
0.981726
0.438515
-0.944129
0.143620
-0.376937
0.932432
0.516568
-0.027568
0.766354
1.000000
-0.548804
0.665798
-0.717003
-0.888229
-0.445206
-0.445241
0.957381
0.799267
0.639988
-0.676026
-1.000000
0.090178
-0.275173
1.000000
0.690096
0.056208
0.990375
0.841824
0.994117
0.677175
0.476693
0.065341
0.398985
0.461102
0.522659
-0.980762
-0.383982
0.455699
-0.130784
0.359739
0.282394
-0.921067
-0.153067
-0.978456
0.177754
-0.154315
0.387233
0.948966
-0.969198
0.169480
0.515818
0.435608
-0.051637
-0.015947
-0.383125
-0.010619
0.974537
0.551705
-0.058214
0.176004
0.001742
-0.110154
-0.292015
-0.076049
-0.629547
0.105177
-0.811452
-0.116663
-0.205811
0.258226
1.000000
-0.895182
-0.732800
0.019836
-0.896899
-0.410699
-0.849437
-0.226735
0.146989
0.363322
0.507253
0.571757
-0.375032
0.988978
0.711685
-0.048000
-0.094314
0.129130
-0.197271
-0.771565
-0.000425
0.509604
-0.496411
-0.590714
-0.257520
0.208206
-0.581680
0.796331
-0.995889
-0.995350
-0.539179
0.924025
0.037200
1.000000
-0.086431
0.735638
0.850462
0.883898
-0.829955
-0.738816
-0.438452
0.886319
-0.430443
0.123740
-0.529913
0.674831
-1.000000
0.019664
0.820209
0.671482
-0.513266
1.000000
-0.174429
-0.503700
0.893151
-0.194662
-0.963904
0.038310
-0.116426
0.235750
0.018429
0.544649
0.499203
-0.174101
-0.937499
-0.377848
-0.328188
1.000000
-0.903619
0.840973
0.100154
-0.973942
-0.262638
-0.764584
-0.184461
-0.134769
0.406180
0.472181
-0.890488
-0.914825
-0.497089
0.508921
0.738354
0.886096
0.283655
0.681317
-0.157710
-0.807615
0.272133
-1.000000
0.360469
-0.316714
0.775934
-0.399708
0.181807
1.000000
0.836322
0.873943
0.084182
0.141173
0.211759
0.292268
-0.364758
1.000000
-0.011110
-0.331520
-0.491271
-1.000000
0.956287
-0.020254
-0.329522
-0.158277
0.717793
-0.401080
0.308215
0.291860
0.614930
-0.091256
-0.116220
0.175277
0.565810
0.957050
0.772195
0.623519
-0.464831
-0.519208
0.121998
-0.391960
-0.124117
-0.413490
-0.786440
0.252203
0.234544
-0.232687
-0.136684
0.499862
0.805688
-0.387973
-0.817334
0.197555
0.480715
-0.863454
-0.398974
0.628859
0.067283
-0.451115
-0.603763
-0.692886
-0.010074
0.508913
-0.703223
0.277027
-0.653139
0.118507
-0.330072
-0.491217
-0.846963
0.012202
-0.417263
-0.132450
0.630098
-0.650891
-0.886965
0.432982
0.565495
-0.961207
-0.152520
0.659213
0.640380
-0.093272
-0.636117
-0.633562
0.146709
-0.228983
-0.557479
0.945590
-0.330968
0.789995
-0.824546
-0.763599
-0.301842
-0.087193
1.000000
-0.951467
0.989059
-0.099849
-0.221819
0.370319
-0.435044
0.633475
-0.872246
0.972452
0.978327
-0.963467
0.684373
0.712176
0.026192
-0.909494
-0.620697
0.633407
-0.037915
0.957940
-0.830868
0.653062
-1.000000
1.000000
0.466880
0.347958
-0.960011
-0.346692
0.017105
-0.501460
0.395740
-0.711765
0.127722
0.699777
0.722268
0.379771
0.070834
0.597667
-0.616925
0.690159
0.993408
0.319125
-0.965798
1.000000
-0.405187
-0.550592
-0.706267
-0.678930
0.941514
-0.090781
-0.895401
-0.660061
-1.000000
0.488947
0.585829
-0.385966
-0.710005
-0.598964
-0.419177
0.363495
-0.677779
0.060314
-0.108583
0.294521
0.184685
0.644772
-0.295738
-1.000000
-0.312740
0.718561
0.016534
-0.580350
-0.229959
-0.787856
0.278390
0.643620
0.306547
0.994982
0.602115
0.319827
0.270167
-0.808093
-0.786051
0.570575
0.655464
-0.435788
-0.215257
-0.349500
0.133634
-0.643110
-0.540563
-0.057647
-0.468800
-0.693495
-0.088163
0.613505
0.586519
-0.710029
-0.479184
0.263869
-0.281420
-0.035359
0.171071
-0.646751
1.000000
0.718696
0.438754
-0.274045
0.757336
0.802943
-0.653443
-0.309226
0.389187
0.714830
0.269063
-0.235796
-0.289527
0.791541
-0.607853
0.175024
0.890209
0.209229
-0.118862
0.598229
0.650911
-0.593439
-0.390280
-0.004118
-0.313450
0.948269
-0.050727
0.007959
-0.189711
-0.184760
0.456449
0.881406
0.535527
-0.463777
-0.430715
0.849860
0.872313
0.467048
0.460842
-0.015844
0.514276
0.298666
-0.992324
-0.311888
-0.109836
-0.248004
-0.853592
0.925201
-0.396532
0.704316
-0.273279
-0.208732
-0.143511
0.171642
0.600702
-0.679130
-0.120285
0.496172
0.422288
1.000000
0.862306
-0.955647
-0.938849
-0.216595
0.266853
-0.874456
0.656068
-0.083347
-0.013469
0.219406
-0.282085
0.790799
-0.675835
0.645859
-0.023835
-0.865627
-0.446820
-0.630908
0.458425
-0.799989
-1.000000
0.023444
0.494839
0.711933
0.540677
-0.103048
0.923620
0.251305
-0.822098
-0.219085
0.855024
-0.676752
0.789268
0.768152
0.212459
0.768727
0.331807
0.647399
-0.571849
-0.726013
-0.308469
1.000000
-0.977776
0.649378
-0.705896
0.866907
-0.819128
-0.853351
1.000000
-0.202540
-0.601914
-0.309201
-0.379798
0.503581
-0.971820
0.913594
-0.416989
0.838410
-0.144942
0.187935
-0.608812
-0.115806
0.403498
-0.217032
0.257705
-1.000000
0.430137
-0.086691
0.594787
1.000000
-0.413193
-0.897446
-0.878684
-0.590471
0.963318
-0.941792
-0.652147
0.203035
-0.503550
0.648238
0.830121
1.000000
0.733671
-0.964411
-0.635639
0.539637
-0.470471
0.256721
0.908846
1.000000
-0.639517
-0.551698
-0.666995
0.371061
0.111966
0.695517
-0.154198
0.232061
0.696355
-1.000000
-0.640294
1.000000
-0.793759
0.584421
-0.757913
0.221678
-0.595711
-0.342551
1.000000
0.091420
-0.492445
-0.518572
0.047005
-0.395751
-0.828814
0.084322
0.089858
0.332072
-0.488251
1.000000
0.156539
-0.388388
-0.552703
-0.437554
-0.818679
-0.469548
-0.643577
-0.759844
-0.466813
-0.380244
0.259699
0.730596
-0.059496
-1.000000
-0.066289
0.602539
0.543199
-0.693165
-0.534019
-0.866302
0.192002
0.214652
-0.784472
-0.295146
0.280999
-0.111809
0.319484
0.476171
0.131136
-0.833236
-0.902240
-0.291337
0.850629
0.497344
-0.120492
0.294409
0.439948
-0.302609
0.051233
0.436021
-0.871086
-0.598729
-0.547776
-0.129489
0.353939
0.258797
-0.606706
-0.767188
-0.616865
-0.562165
-0.624318
0.772200
0.313769
-0.249137
0.252998
-0.459714
0.795763
-0.681166
-0.524462
-0.938774
-0.846828
-0.428661
-0.702302
0.400359
0.387531
0.940637
0.639465
-0.448220
0.600732
0.931148
-0.154642
-0.030579
0.094146
0.518654
0.254256
-0.850367
-0.480048
0.830521
0.146027
-0.326544
-0.419130
-0.393443
-0.338776
0.611868
0.475167
0.408351
0.430328
0.544731
-0.019248
-0.407101
0.626002
0.069575
0.338735
0.909863
0.814395
0.818266
-0.752598
-0.745666
0.341497
0.413658
0.808469
0.634589
0.813860
-0.776611
0.590219
-1.000000
0.502379
-0.183055
-0.093162
-0.266242
-0.643213
0.054099
0.368855
-0.442392
0.665229
-0.582983
0.121777
-0.530679
1.000000
-0.003690
1.000000
-0.933144
0.655227
-0.873187
-0.364776
0.267237
-0.024392
-0.959312
0.062496
0.023691
-0.219646
-0.905623
-0.477097
-0.467745
0.899265
-0.575738
-0.987699
-0.986819
0.643999
-1.000000
0.296328
-0.178139
-0.902289
-0.214102
-0.392064
0.106718
0.304989
0.705806
0.156375
-0.134521
0.404441
-1.000000
-0.661969
0.863738
-0.501386
-0.467458
-0.763457
-0.208286
-0.048086
-0.253496
0.433805
-0.770534
0.262870
-1.000000
0.454827
0.492491
-0.397878
0.585797
0.631617
0.444387
0.995938
-0.029443
-0.626436
-0.588887
-0.057143
-0.860760
0.986176
0.997843
0.390636
0.082250
-0.707356
-0.877622
-0.769309
1.000000
1.000000
0.092905
-0.098926
-0.276089
-0.361858
-0.005123
0.612169
-0.520788
-0.204451
-0.412096
0.615733
-1.000000
0.995467
0.475185
0.346875
0.078778
-0.344732
0.320226
-0.788669
-0.026017
0.366262
-0.069689
0.530845
-0.598748
0.884420
-0.132311
-0.964765
-0.950175
0.636494
-0.106944
-0.083945
0.605493
0.358137
0.840753
-0.325975
-0.190231
0.226000
0.454922
0.940608
0.316791
0.396940
0.548347
0.965502
0.984107
0.059716
-0.960211
-0.512154
0.292194
-0.517469
0.965742
-0.148419
0.425324
0.354123
0.712902
0.046740
-0.150615
0.167664
-0.631027
-0.297998
-0.504680
-0.089888
0.038645
-0.494756
0.071906
-0.304552
0.470637
-0.242649
0.092974
0.209125
0.891606
-0.219488
0.868256
0.588290
0.520088
0.031693
-1.000000
-0.912399
0.416789
-0.371444
0.427505
-0.493640
0.719958
0.166988
-0.726260
-0.689887
0.557585
-0.795625
-0.887541
-0.034021
0.539188
-0.838749
-0.942904
0.189475
-0.498164
-0.624380
0.760106
0.344603
1.000000
-0.175345
-0.927699
-1.000000
0.294388
1.000000
0.576793
0.314136
0.231668
-1.000000
-0.270449
0.184052
0.710208
-0.254896
0.266169
0.717350
0.026735
-0.100446
-0.551571
0.291966
0.382832
0.367919
-0.219925
0.828663
-0.607127
-0.333368
-0.721899
-0.696370
0.830235
0.064167
-0.620945
-0.206239
-0.828741
-1.000000
-0.912074
0.639610
-0.046055
0.763877
-0.944988
-0.498214
-0.910651
0.797610
0.597540
-0.186880
0.627388
0.637601
0.075372
0.052088
0.284161
-0.538867
0.291211
-0.589801
-0.892216
0.278473
0.448420
1.000000
0.243057
-0.402157
0.651760
-0.054544
-0.820423
0.891481
-0.113342
-0.816359
-0.022090
0.999822
0.528843
0.209612
-0.964911
0.128953
0.993317
-0.768557
-0.634253
0.678515
0.169916
-0.411969
0.497910
-0.705422
-0.271108
-0.691694
-0.219812
-0.095144
0.966786
-0.376029
-0.134934
0.458940
-0.566945
-0.869158
0.017798
-0.384716
-0.720859
0.906893
-0.488257
0.258199
0.677490
-0.783981
-0.431486
0.327923
0.731443
0.018850
-0.320795
-0.568441
0.841631
-0.631277
1.000000
-1.000000
-0.555331
-0.031636
0.835825
0.918331
-0.762326
-0.661817
0.988360
0.312313
-0.851689
0.602071
-0.982711
0.496821
0.863974
0.121538
0.044152
-0.195506
-0.324971
0.475248
-0.915743
0.942219
0.692283
0.147611
0.798559
-0.475126
-0.224697
0.410394
-0.037045
0.260194
-0.608972
-0.851460
-0.441621
1.000000
0.049665
0.828591
0.522113
0.401957
-0.893355
0.656645
-0.082625
0.826195
0.597199
-0.838199
-0.499954
0.726853
0.332297
0.662574
-0.467781
-0.328679
0.604587
-0.035550
-0.076560
-0.853852
0.509644
-0.001168
0.332232
0.544615
0.851614
-0.092896
-0.374342
-0.169946
0.769527
-0.953835
-0.708548
-0.379292
-0.283223
0.758875
0.445951
0.468412
-0.268213
-0.359976
-0.033148
-0.347469
-0.981586
-0.742665
-0.783015
-0.289962
-0.514715
0.654466
0.583541
0.980778
0.142768
0.121049
-0.375402
0.690305
-0.327051
-0.955150
0.126866
0.709809
-0.160362
0.403952
0.306382
-0.032247
0.008718
0.357368
1.000000
0.818711
-0.676545
0.402651
0.985815
-0.466162
-0.433299
-0.231040
-0.593800
-0.013606
-0.702470
0.017621
-0.071837
1.000000
-0.844491
0.155425
-0.133464
-0.022246
-0.358118
-0.330281
0.020935
0.485945
0.554405
-0.495989
-0.127150
-0.441831
-0.151060
0.395684
0.865326
-0.414055
0.367989
0.066846
0.435020
-0.354460
0.938007
-0.850047
0.406700
0.854202
-0.684053
0.344943
1.000000
0.824733
0.891449
0.357806
0.508786
0.632103
0.693035
-0.316167
0.460625
-0.142513
-0.005515
0.883908
-0.653845
-1.000000
-1.000000
0.120604
-0.702972
0.509529
-0.633069
-0.683896
-0.201980
0.649169
0.175711
0.655305
-0.592048
-0.868263
0.012335
0.704111
0.337793
-0.369433
-0.665579
-0.859111
0.690196
0.384697
-0.017368
0.027500
0.556163
0.085251
-0.071280
-0.260177
0.831720
-0.574664
-0.765262
-1.000000
0.969917
0.156159
0.596161
-0.194735
-0.491531
-0.788343
0.099867
0.098279
0.706088
0.304465
-0.911586
0.926725
0.845022
-0.330575
0.058456
-0.343538
0.610609
-0.013481
0.699977
-0.885432
1.000000
-0.335140
-0.942859
-0.662033
-0.665516
-1.000000
0.604738
-0.133806
0.253926
-0.051073
0.335106
-0.285778
-0.374409
0.279943
0.590573
-0.872692
0.702591
-0.052129
-0.563442
0.722320
0.388488
-0.872936
-0.216729
-0.255984
-0.428046
0.654751
-0.743652
0.757648
0.669531
0.342933
-0.131226
0.791164
0.599594
0.716669
-0.217381
-0.583730
0.426706
0.844410
0.705788
-0.258081
-0.036378
0.537046
-0.836486
-0.791672
-0.438439
0.640398
1.000000
0.554334
-0.678920
-0.836739
0.891948
-0.432557
0.377410
-0.695023
-0.081723
-0.825378
0.340682
0.546901
0.077442
0.618888
-0.632277
-0.862373
-0.947372
-0.117797
-0.455431
0.274248
0.859877
0.442775
-0.646809
1.000000
-0.834892
0.802213
0.580651
0.101479
-0.735534
-0.480755
0.119861
0.698500
-0.955581
-0.221051
-0.438951
0.149662
-0.388884
-0.625695
-0.798170
-0.486734
-0.176683
0.213346
-0.967097
0.785452
1.000000
0.280063
0.804753
0.636039
-0.628577
-0.280182
-0.953875
0.946661
0.123043
-0.550369
-0.017847
0.860568
0.248127
0.659560
0.650764
-0.835279
0.922368
-0.230625
0.012050
-0.207857
0.651059
0.082927
-0.873027
0.873681
0.852697
0.207934
0.221770
-0.938400
0.173483
-0.246375
0.289524
0.935323
-0.196652
-1.000000
0.282561
0.497386
0.701183
1.000000
-0.116718
-0.205435
-0.384022
-0.212160
0.022202
-0.879499
0.404887
1.000000
-0.311187
-0.168986
0.061314
-1.000000
0.425566
0.251281
-0.121205
-0.900538
0.509157
0.538567
-0.629126
0.754392
-0.356412
0.226514
0.637516
0.405479
-0.690697
-0.546024
-0.723670
0.213877
0.450442
0.036677
-0.883746
-1.000000
0.849883
-0.957343
-0.036127
0.929146
-0.624658
-0.766535
-0.979376
-0.282491
-0.417769
0.693817
-1.000000
0.411159
-0.809465
-0.307582
-0.709964
-0.492329
0.121203
-0.623190
0.766695
0.683974
0.351278
-0.014886
0.469228
0.119716
0.764344
-0.007497
0.681556
-0.872770
-0.846073
-0.969503
0.154030
0.941060
0.232835
0.754689
-0.195810
0.105618
0.070366
0.133223
-0.517545
-1.000000
0.513991
0.993459
0.796847
-0.192441
-0.074909
1.000000
1.000000
0.867632
-0.234141
-0.603573
-0.796453
0.517000
0.243291
-0.636896
0.272329
0.670139
-0.158582
0.280562
-0.098069
0.395882
0.887410
0.565967
-0.839544
0.526999
-0.075609
-0.374632
-0.729383
-0.954074
-0.463826
-0.481508
0.110097
-0.023838
0.689580
0.928126
-0.226959
-0.056238
-0.364073
-0.533166
-0.610881
0.257804
-0.824781
0.653415
-0.456409
-0.295876
-0.925021
-0.359012
0.919994
0.463790
-0.654279
0.147032
0.842815
0.151480
-0.269391
-0.303997
0.381382
-0.857811
-0.557134
-0.038854
0.214407
0.820337
-0.920294
0.547656
0.749002
0.693133
0.808712
-0.363038
0.673303
0.623152
-0.514153
-0.526655
-0.230506
0.109521
-1.000000
0.495239
-0.408802
0.618826
0.088774
-0.106616
-0.716838
0.054460
1.000000
0.638256
-1.000000
-0.038282
0.447145
-0.051620
0.758853
-0.577808
0.593586
-0.095105
-0.919199
0.488426
0.727257
0.279358
-0.317418
0.211544
-0.380383
0.813273
0.943604
-0.480567
-0.792511
0.083447
-0.180303
-0.430592
0.111165
-0.279294
0.832682
-0.867593
-0.224269
-0.070917
-0.979563
0.692227
0.719415
-1.000000
-0.217006
-0.298439
-0.964342
-0.132826
0.745288
0.246244
0.727733
-0.377212
-0.478376
-0.956257
-0.259298
0.257704
-0.610512
-0.248599
-0.668878
-0.692740
-0.079937
0.908261
-1.000000
-0.132862
0.161570
-0.107669
-1.000000
0.613520
-0.353007
0.115087
-0.365016
0.783696
-0.124040
-0.148127
0.396756
-0.478965
-0.319054
0.971966
0.435614
0.454187
0.388756
-0.379510
-0.191741
-0.641494
0.376968
-0.912989
0.056600
0.736432
1.000000
0.515286
-0.377431
0.303627
-0.570990
-0.328449
0.305574
-0.871516
-0.022389
0.101806
-0.701454
-0.649317
1.000000
0.399553
0.193626
0.536168
-0.080772
0.354292
0.266874
-0.041764
0.113810
0.451826
-0.406756
-0.607290
-0.648779
-0.943095
0.540224
-0.315267
0.079958
0.977160
-0.918218
0.263427
0.495979
1.000000
0.113602
-0.922183
0.494138
0.758375
0.821270
-0.922566
-0.685571
0.876752
-0.043529
-0.354939
-0.923948
1.000000
-0.132917
0.135432
0.056821
0.255516
-0.545634
0.795055
0.202047
-0.251539
-1.000000
-0.972932
-0.365101
-0.094052
-0.566233
-0.855191
0.468315
0.816577
0.455872
0.179547
-0.574385
-0.074106
0.406788
-0.666784
-0.024063
-0.687487
0.496067
-0.031209
0.738797
-0.822372
0.234447
0.642405
-0.742939
-0.190751
0.125218
-0.525471
0.017701
-0.776846
0.043514
-0.317298
-0.253515
0.215576
0.548179
-0.554787
0.164328
0.594413
0.248335
0.989162
0.034040
0.610933
-0.775760
0.507515
-0.961501
0.547615
-0.749979
-0.303381
-0.504055
0.057287
-0.445960
-0.671295
-0.642543
-0.056684
-0.193389
0.388876
-0.307917
-1.000000
-0.412461
-0.262330
-0.411279
-1.000000
-0.741398
-0.424907
0.345378
0.112766
0.068863
0.195216
-0.872825
0.789002
0.148648
-0.375804
0.668582
-0.452371
0.906861
-0.274890
-0.079040
-0.886950
0.227909
0.627527
-0.074078
0.292744
0.136910
-0.474639
0.355439
0.327724
0.538737
0.330997
0.981862
-0.600360
0.033230
-0.108116
-0.024734
-0.515490
1.000000
-1.000000
0.499344
0.773948
-0.186054
0.915619
-0.586819
0.749467
-0.009841
0.221877
0.847359
0.966994
-0.825839
-0.767329
-0.765150
0.641759
0.330080
0.819846
-0.803146
0.258191
-0.621747
-0.273868
-0.200537
-0.669592
-0.124361
0.670073
-0.480373
-0.160902
0.584473
0.041518
0.296392
-0.866885
0.753420
0.174680
1.000000
-0.204400
-0.128756
0.597183
0.019096
-1.000000
-0.393365
-1.000000
0.908550
-0.997977
0.012238
-1.000000
0.270196
-0.336406
0.159284
0.612762
-0.482541
1.000000
0.113371
0.137871
0.178940
0.200068
0.110735
0.235463
-0.290466
-0.722740
-0.497569
0.152566
-1.000000
-0.824428
0.250404
0.792372
-1.000000
-0.298746
0.512878
0.389792
0.407466
0.745775
0.012144
0.048500
0.670596
0.519839
-0.914346
-0.195330
1.000000
-0.558714
-0.347656
1.000000
-0.600778
-0.304384
-0.479933
0.736005
-0.605352
-0.426119
-0.779632
-0.436292
0.804115
-0.681444
-0.489436
0.235129
-0.069834
0.667482
-1.000000
-0.282171
-0.192252
-0.080325
-0.618605
-0.514446
0.401743
0.306182
0.091304
-0.447745
-0.622851
-0.397450
-0.195230
-0.868655
-0.361173
-0.560766
-0.137793
-0.327653
-0.610168
-0.604369
-0.319976
-0.150654
0.269599
0.669883
0.985426
-0.687034
-0.043417
0.019461
-0.458061
-0.060603
0.823004
-1.000000
0.065882
0.031170
0.745625
-0.904849
-0.354770
0.849305
-0.445300
0.608498
-0.418327
0.129067
-0.877869
0.814017
-0.493730
-0.630485
-0.574454
0.185912
0.595744
-0.632563
0.172922
0.767749
-0.070188
-0.154426
0.206588
-0.604585
-0.547548
-0.471081
-0.868252
0.703865
0.615261
0.010300
-0.364155
0.517694
0.949698
0.594330
-0.100019
0.445593
-0.577269
-0.307016
-0.774711
-0.055294
0.593356
1.000000
0.311890
-0.601319
0.928414
0.327162
0.246066
0.212615
-0.873509
-0.916613
-0.617531
-0.037276
0.152024
0.497959
-0.561751
-0.335192
0.836462
-0.999492
-0.063585
0.736888
-0.089633
-0.149130
-0.170890
-0.597891
0.958152
0.798294
-0.002471
-0.133304
0.367151
0.332415
0.449068
-0.794445
-0.547916
-0.723598
-0.875728
0.494550
-0.327713
0.805456
0.547361
-0.907176
0.020440
-0.692248
0.542861
-0.095759
-0.441177
-0.245123
-0.950848
-0.302190
0.533143
0.768059
0.982065
0.131066
-0.518984
0.342018
-0.026559
0.267241
0.446914
-0.138779
-0.603689
-1.000000
0.022245
0.739897
-0.897855
0.606810
0.274172
0.915452
0.537517
0.926767
0.818097
-0.472718
-0.593219
-0.220352
-0.199922
-1.000000
-0.729887
0.932557
-0.156819
0.666127
0.998185
0.147094
0.806990
0.757208
-0.004585
-0.616274
-0.110282
0.888144
-0.390699
-0.999322
-0.597600
-0.350655
0.430471
-0.889740
0.283094
0.787917
-0.560370
0.704478
-0.209972
0.277502
-0.131540
0.127575
-0.049353
1.000000
-0.912450
-0.369936
0.883156
-0.278187
0.324740
-0.370156
-0.178478
0.780548
-0.541312
-1.000000
0.714842
0.749826
0.254490
0.151181
0.895894
0.986534
-0.061710
-0.613063
0.273684
-0.825108
-0.041504
0.314434
0.886150
0.886113
0.792354
-0.450215
1.000000
-0.674940
0.413250
-0.667766
0.709912
0.211486
-0.756476
0.681859
-0.088982
-0.313202
0.258251
0.810776
-0.780794
0.421826
-0.244376
-0.539747
-1.000000
0.421292
-0.481398
-0.456019
-0.691389
-0.923530
-0.449350
0.840239
-0.842251
0.812870
-0.048905
-0.789046
-0.861685
0.210775
0.595168
-0.877597
-0.259447
0.662494
0.565238
0.134917
-0.275417
0.261081
-0.966820
-0.582265
0.507719
-0.465032
0.294631
0.229026
-0.957511
-0.192846
0.564274
-1.000000
0.920667
-0.669059
-0.753584
0.187063
-0.298827
-0.280292
-0.763621
-0.077397
-0.514566
0.716566
0.092785
0.867436
0.840069
0.023562
0.816823
0.371496
0.731546
-0.573587
-0.413110
-0.653927
0.657700
1.000000
-0.975500
0.123683
0.586646
0.371594
-0.909946
-0.151233
0.965597
-0.538059
-0.986417
-0.834781
-0.456026
0.613760
0.844929
1.000000
-0.384385
-0.247747
-0.808475
-0.719308
0.850597
0.316038
-0.002712
0.199690
0.251296
-0.989017
-0.811500
-0.373159
-0.687072
0.382232
-1.000000
-0.370457
0.054788
0.486360
0.566960
-0.636234
0.792506
0.369929
-0.354689
0.952618
0.630894
0.854847
0.698149
0.743268
-0.179641
0.809882
-0.036976
0.344069
0.593216
0.287392
0.752130
0.838270
-1.000000
0.321980
-0.918319
0.430641
-0.665212
0.869910
0.509843
-0.529706
0.370120
0.892900
-0.256323
0.545061
-0.612862
-0.227880
-0.955416
0.235007
-0.075496
-0.912999
-1.000000
0.006216
-0.674576
-0.767573
-0.594788
-0.004878
0.971650
-0.258533
0.010790
0.687236
1.000000
0.307942
-0.163291
-0.831966
-0.559879
0.532718
-0.448074
-0.441736
-0.451227
0.149473
-0.688463
-0.269511
1.000000
-0.949339
-0.799988
0.985815
0.966596
-0.748583
0.092326
-0.358396
-0.179732
0.434159
0.271605
-0.263632
-0.328063
0.984399
0.053697
-0.016016
-0.798607
-0.421222
0.843245
0.023307
-0.692620
-0.055667
-0.921878
0.737267
-0.220090
-0.523883
-0.044371
0.063161
-0.173877
0.019787
-0.695579
0.012292
0.277121
-0.054807
0.253826
0.906083
0.368891
-0.998745
-0.913704
0.141568
0.135702
0.740485
-0.030376
0.301361
-0.816535
0.026984
-0.400525
-0.691067
-0.028367
-0.159208
-0.244082
0.384271
-0.657799
-0.180863
0.960819
0.035927
-0.063451
-0.247740
0.651043
0.082344
0.272588
0.601148
0.034921
0.169888
0.048744
-0.118699
-0.676288
-0.792164
-0.812948
-0.754535
0.227161
-0.295682
1.000000
0.721486
0.941540
-1.000000
-0.164621
-0.622764
-0.244669
0.248929
-0.455600
0.486838
-0.893408
-0.137789
-0.528559
-0.247166
-0.294470
0.724112
-0.176835
0.376692
-0.388342
-0.331644
-0.284142
-1.000000
-0.491216
0.710512
-0.399847
0.661506
0.412269
0.366943
-0.634442
0.460172
0.119576
0.746885
-0.504066
-0.530102
-0.812295
0.531696
0.994433
-0.984630
-0.026353
0.018590
-0.043253
-0.282623
0.135920
-0.040301
0.328385
0.251736
-0.135382
0.142058
-0.906453
0.416149
-0.920611
-0.148001
-0.216936
-0.130494
0.807250
-1.000000
0.729247
-0.938974
-0.611488
-0.734438
0.165986
0.665864
0.389690
0.767924
0.055706
0.544425
0.259574
0.103621
-0.026784
0.531267
0.490214
0.957510
1.000000
0.963974
0.591839
-1.000000
0.172466
0.634352
0.627574
-0.758855
0.228173
-0.147515
0.093460
-0.019868
0.035165
-0.234370
-0.001646
0.024883
-0.066710
-0.100141
0.045807
0.405122
0.000359
0.220697
0.062112
0.092280
0.106448
0.063463
0.097629
0.017086
0.017217
0.045915
0.016272
0.015203
0.074717
0.014382
0.003609
0.019609
0.184481
0.442531
0.028520
0.075049
0.000812
0.000033
0.067635
0.018462
0.065584
0.128722
0.011608
0.020875
0.022825
0.092643
0.009699
0.324994
0.067146
0.001177
0.057386
0.009680
0.356466
0.007348
0.013675
0.204436
0.092995
0.096171
0.000129
0.177901
0.180379
0.014014
0.061417
0.000455
0.033323
0.005237
0.003855
0.158781
0.008125
0.104880
0.002511
0.057564
0.000150
0.520072
0.016596
0.288471
0.541512
0.110163
0.003997
0.290405
0.091098
0.005926
0.108359
0.007383
0.013310
0.000325
0.002339
0.013145
0.046442
0.277985
0.004216
0.013044
0.014599
0.002473
0.093402
0.000781
0.000227
0.068535
0.244386
0.171047
0.015481
0.016182
0.022980
0.010436
0.029371
0.010731
0.003994
0.028029
0.182131
0.027330
0.064227
0.001330
0.002233
0.018024
0.032050
0.005617
0.354652
0.118902
0.001280
0.018225
0.190452
0.243835
0.112557
0.003297
0.023584
0.237619
0.023546
0.010549
0.075065
0.000726
0.028177
0.007771
0.030081
0.038278
0.022304
0.012131
0.607118
0.037638
0.137797
0.002062
0.025529
0.032584
0.039488
0.008466
0.002196
0.001753
0.000627
0.005321
0.190235
0.007541
0.037089
0.060601
0.071689
0.048967
0.109406
0.031503
0.136716
0.431960
0.096214
0.084372
0.005156
0.054011
0.108980
0.012775
0.178532
0.125549
0.000337
0.065681
0.050000
0.012716
0.293130
0.055899
0.013568
0.400021
0.086058
0.044625
0.019701
0.365133
0.109586
0.017143
0.025098
0.139028
0.014193
0.002590
0.088017
0.001098
0.047161
0.115097
0.468204
0.097341
0.005672
0.013938
0.025802
0.308236
0.091022
0.031062
0.192613
0.132808
0.029865
0.033273
0.538993
0.003604
0.036268
0.010060
0.017557
0.298415
0.023973
0.028485
0.033533
0.014342
0.006028
0.006200
0.486813
0.001206
0.455580
0.012730
0.061638
0.033894
0.002187
0.098021
0.107928
0.053759
0.003458
0.199298
0.001880
0.184940
0.034639
0.233792
0.038978
0.010763
0.041362
0.016629
0.001652
0.316220
0.116921
0.007060
0.124972
0.001245
0.002506
0.005661
0.022092
0.136141
0.007056
0.215403
0.005924
0.070737
0.083451
0.003591
0.016123
0.030525
0.067958
0.104832
0.100710
0.213294
0.039034
0.281945
0.028316
0.842781
0.588905
0.086458
0.064090
0.012582
0.244319
0.016155
0.084606
0.447495
0.022505
0.105040
0.003435
0.019095
0.077268
0.007673
0.018864
0.001274
0.008666
0.127357
0.005403
0.075373
0.007950
0.557858
0.091017
0.030188
0.347613
0.377325
0.161433
0.117328
0.047893
0.014237
0.004327
0.028356
0.021396
0.006456
0.021373
0.057125
0.002913
0.009712
0.495285
0.276273
0.070195
0.018914
0.000643
0.022749
0.043679
0.125824
0.008990
0.012322
0.247342
0.032424
0.119382
0.098243
0.002046
0.035747
0.108811
0.494040
0.182041
0.332974
0.143813
0.006672
0.009491
0.011684
0.002209
0.002999
0.028817
0.010798
0.180837
0.012656
0.019186
0.108789
0.001446
0.074177
0.015018
0.000514
0.007406
0.036446
0.048063
0.109872
0.296064
0.514813
0.169953
0.058727
0.007082
0.193827
0.007916
0.001167
0.348385
0.016028
0.028331
0.019115
0.000704
0.814999
0.293306
0.217492
0.051862
0.115498
0.028975
0.005647
0.122634
0.003364
0.047363
0.061304
0.000964
0.081418
0.038637
0.059890
0.078011
0.043193
0.004416
0.027698
0.179797
0.077456
0.143626
0.021740
0.011729
0.122966
0.002408
0.020282
0.247254
0.003695
0.032835
0.811520
0.280431
0.204649
0.135036
0.015721
0.033762
0.003462
0.325329
0.068555
0.000129
0.038318
0.101176
0.021293
0.182561
0.222046
0.034613
0.324371
0.325335
0.002890
0.738973
0.005080
0.044306
0.019959
0.120644
0.015397
0.255523
0.013412
0.024032
0.003861
0.049468
0.092459
0.002901
0.011535
0.166807
0.336647
0.125366
0.032524
0.003640
0.209364
0.018073
0.124045
0.008583
0.489466
0.143273
0.010774
0.001839
0.002938
0.032787
0.040088
0.003625
0.082769
0.006031
0.033619
0.022021
0.003423
0.000358
0.419184
0.031749
0.199273
0.039536
0.003246
0.336078
0.012965
0.003709
0.194085
0.363957
0.064335
0.007252
0.008406
0.055065
0.000942
0.188289
0.111900
0.367261
0.008309
0.377359
0.008708
0.006122
0.011565
0.067169
0.041980
0.069103
0.030623
0.203925
0.073855
0.006375
0.041900
0.014579
0.040135
0.158120
0.000692
0.033569
0.013309
0.005050
0.258935
0.204205
0.020079
0.030158
0.010834
0.006496
0.001593
0.062923
0.057284
0.000240
0.071966
0.035009
0.365779
0.016814
0.064277
0.000829
0.248053
0.001203
0.061492
0.012487
0.100648
0.024914
0.016384
0.202266
0.048861
0.005490
0.105732
0.036780
0.006325
0.003460
0.224765
0.025739
0.129815
0.000331
0.000111
0.397270
0.340953
0.009311
0.007983
0.007545
0.002726
0.002972
0.042088
0.005383
0.075905
0.086007
0.508122
0.030466
0.056547
0.192300
0.406714
0.002243
0.013155
0.005833
0.025128
0.006515
0.003596
0.001083
0.375991
0.142807
0.013967
0.039460
0.010444
0.003490
0.273754
0.015367
0.000611
0.019768
0.432973
0.048824
0.005637
0.005578
0.458461
0.210521
0.000947
0.041864
0.007261
0.002303
0.001525
0.145698
0.011161
0.013768
0.092294
0.001084
0.099881
0.000114
0.532845
0.167977
0.035621
0.007164
0.030658
0.343539
0.002663
0.036436
0.380068
0.088122
0.000110
0.025229
0.034448
0.011909
0.117754
0.266524
0.022603
0.394300
0.000674
0.217772
0.039887
0.076395
0.040688
0.222805
0.355413
0.183643
0.381326
0.029274
0.097876
0.097889
0.009872
0.047571
0.867460
0.003381
0.197535
0.012416
0.167863
0.011213
0.005320
0.007081
0.007543
0.002124
0.804825
0.307406
0.062736
0.020183
0.221547
0.491696
0.044130
0.018960
0.004247
0.022478
0.046284
0.078001
0.301494
0.124518
0.003706
0.010110
0.188995
0.001361
0.022537
0.211596
0.042776
0.301718
0.000378
0.297646
0.060043
0.052917
0.027900
0.009816
0.032435
0.038782
0.092745
0.035713
0.065451
0.004926
0.014627
0.005429
0.083764
0.257786
0.000036
0.000345
0.209131
0.126233
0.495984
0.195130
0.004713
0.002209
0.024394
0.309203
0.017416
0.026907
0.005048
0.012803
0.027740
0.061089
0.054758
0.006736
0.084365
0.166309
0.084074
0.013442
0.025355
0.013728
0.028235
0.002043
0.001278
0.080183
0.037212
0.021906
0.098218
0.206861
0.096642
0.549610
0.034808
0.176912
0.030773
0.032836
0.170554
0.028314
0.114335
0.026027
0.013903
0.036928
0.054799
0.008159
0.003155
0.025352
0.029627
0.297425
0.004263
0.000401
0.065074
0.056739
0.033903
0.029813
0.016921
0.000600
0.360809
0.008825
0.078315
0.021889
0.067833
0.068525
0.025672
0.063630
0.082988
0.084589
0.040041
0.101497
0.029905
0.039415
0.051633
0.035281
0.264978
0.065453
0.374013
0.073688
0.190646
0.080603
0.055932
0.033744
0.095724
0.202183
0.004450
0.007067
0.540643
0.002215
0.242582
0.073854
0.245566
0.010017
0.260155
0.007306
0.252951
0.000561
0.162031
0.010025
0.011650
0.099402
0.003461
0.210913
0.092509
0.015305
0.011912
0.015258
0.000591
0.006598
0.037424
0.368227
0.016019
0.020052
0.022410
0.014427
0.099813
0.540871
0.067780
0.093564
0.036183
0.004967
0.013077
0.015519
0.061765
0.007175
0.074412
0.003070
0.004307
0.072478
0.133183
0.032110
0.052320
0.001763
0.126641
0.008084
0.009694
0.002476
0.132504
0.104219
0.031468
0.004771
0.283561
0.051594
0.003966
0.489633
0.096980
0.055058
0.040011
0.046990
0.010172
0.006993
0.052603
0.000985
0.001925
0.744674
0.156314
0.030736
0.004555
0.015135
0.045201
0.114813
0.205747
0.036057
0.010825
0.003109
0.016920
0.056653
0.028557
0.012586
0.069313
0.031762
0.044386
0.063656
0.239061
0.106022
0.003095
0.009646
0.006036
0.004038
0.000545
0.002113
0.020996
0.016452
0.325986
0.002770
0.013952
0.159631
0.037558
0.072658
0.035509
0.002469
0.005239
0.374644
0.007643
0.004034
0.270560
0.010126
0.081309
0.001732
0.003452
0.080503
0.034746
0.270304
0.004036
0.027472
0.180887
0.306979
0.011665
0.014132
0.129558
0.068601
0.026891
0.104079
0.038321
0.019261
0.089637
0.028300
0.026976
0.195289
0.031819
0.175909
0.307987
0.038813
0.040551
0.052465
0.433184
0.219800
0.047217
0.041441
0.190889
0.029273
0.003884
0.076310
0.081446
0.334227
0.132037
0.091081
0.009077
0.158302
0.004185
0.013707
0.034634
0.001776
0.013317
0.023229
0.002371
0.047415
0.090368
0.080188
0.562367
0.007193
0.049513
0.151187
0.000727
0.203148
0.026650
0.187140
0.221648
0.008997
0.018029
0.022026
0.431866
0.466429
0.003159
0.008593
0.008324
0.050879
0.003524
0.084471
0.071579
0.047857
0.010892
0.104540
0.010269
0.156031
0.028737
0.181511
0.000095
0.044778
0.045058
0.016619
0.096837
0.001650
0.045405
0.023505
0.044344
0.064496
0.081269
0.009861
0.002181
0.057163
0.021692
0.157660
0.000724
0.000226
0.078444
0.004547
0.351224
0.039517
0.004933
0.378008
0.832102
0.051403
0.016677
0.113392
0.035557
0.011632
0.015060
0.008222
0.007780
0.001447
0.010298
0.047648
0.323229
0.016738
0.001765
0.124219
0.208865
0.012891
0.119908
0.132183
0.003289
0.127360
0.002809
0.042861
0.002582
0.047333
0.033778
0.021719
0.017343
0.696147
0.445856
0.110037
0.000308
0.012163
0.017615
0.048630
0.042173
0.134831
0.243464
0.002211
0.176631
0.036724
0.233197
0.015314
0.049828
0.260642
0.041889
0.247680
0.016214
0.319309
0.012925
0.047813
0.005013
0.028019
0.035580
0.068895
0.017689
0.053363
0.014629
0.011570
0.316118
0.031414
0.110010
0.000874
0.043868
0.290676
0.026775
0.546363
0.029703
0.045837
0.088438
0.010438
0.015360
0.139890
0.108977
0.005687
0.009627
0.005445
0.036848
0.037641
0.061532
0.367607
0.045166
0.033718
0.008215
0.016713
0.272876
0.127038
0.002008
0.000422
0.012872
0.004018
0.491676
0.081533
0.119940
0.095101
0.021194
0.028782
0.244158
0.213053
0.006370
0.028571
0.017718
0.150781
0.016311
0.003894
0.139773
0.007949
0.002136
0.010301
0.092434
0.015250
0.000614
0.022319
0.161947
0.119592
0.005182
0.047085
0.014339
0.073211
0.011261
0.056626
0.012279
0.008643
0.043109
0.007198
0.071039
0.004540
0.038653
0.048176
0.020510
0.006815
0.049743
0.201101
0.026367
0.029280
0.005632
0.016045
0.066929
0.082726
0.001823
0.002449
0.039264
0.310212
0.062695
0.031326
0.038564
0.029897
0.008596
0.257222
0.001006
0.008721
0.006702
0.004336
0.079820
0.112683
0.024102
0.010371
0.223733
0.016398
0.009465
0.095193
0.088706
0.172518
0.004873
0.204636
0.455293
0.215233
0.222414
0.498033
0.117271
0.172766
0.052734
0.016452
0.119213
0.073191
0.106496
0.067496
0.000321
0.135049
0.264660
0.027147
0.079837
0.002077
0.007623
0.041111
0.018920
0.012917
0.003058
0.013994
0.097035
0.045161
0.173676
0.126782
0.027839
0.063229
0.759075
0.021173
0.000479
0.297608
0.013914
0.012913
0.021339
0.002975
0.004655
0.069451
0.146519
0.023232
0.005956
0.044037
0.036534
0.367490
0.002711
0.342597
0.020055
0.064603
0.014118
0.000686
0.634333
0.156138
0.233166
0.045653
0.052208
0.023004
0.003064
0.011773
0.001282
0.815114
0.125675
0.014995
0.021392
0.070878
0.060290
0.009463
0.001389
0.436083
0.001884
0.059642
0.003696
0.088369
0.008023
0.023618
0.050998
0.003933
0.051609
0.029626
0.010265
0.009912
0.113772
0.328474
0.001543
0.020957
0.023302
0.017325
0.516961
0.041469
0.034305
0.194077
0.012203
0.091228
0.064902
0.156997
0.051772
0.140282
0.026629
0.163329
0.134195
0.002661
0.130373
0.099204
0.000234
0.224644
0.002421
0.173806
0.072787
0.048567
0.014697
0.029610
0.052783
0.001108
0.012161
0.029492
0.010020
0.003819
0.002212
0.082592
0.069499
0.097014
0.001738
0.025406
0.000448
0.058445
0.005846
0.016248
0.035001
0.042095
0.001139
0.001023
0.120950
0.000858
0.009177
0.152308
0.113870
0.138061
0.246556
0.001937
0.008301
0.084297
0.049603
0.000675
0.012940
0.136473
0.049184
0.024089
0.212872
0.014503
0.001733
0.252736
0.081487
0.001236
0.089182
0.020511
0.272499
0.002115
0.004997
0.161851
0.243885
0.130826
0.115755
0.009249
0.002085
0.070262
0.013219
0.013367
0.135292
0.003166
0.275404
0.161523
0.017608
0.011844
0.027191
0.084766
0.034613
0.017323
0.072086
0.072516
0.110573
0.006859
0.131971
0.009683
0.258950
0.043037
0.184986
0.253539
0.215595
0.056999
0.294631
0.009241
0.000651
0.047894
0.249502
0.009863
0.002746
0.002835
0.028333
0.026325
0.043821
0.417468
0.078237
0.103497
0.368237
0.070230
0.259314
0.015662
0.002223
0.286742
0.057898
0.001481
0.485136
0.015788
0.000405
0.009089
0.054006
0.061548
0.092853
0.012984
0.029495
0.002622
0.075257
0.001959
0.007443
0.054438
0.003441
0.157598
0.300022
0.008123
0.057500
0.000095
0.286711
0.112724
0.090044
0.000023
0.060550
0.001925
0.066186
0.011793
0.002478
0.080000
0.102045
0.047817
0.026897
0.013103
0.104607
0.003115
0.003868
0.519341
0.149556
0.002279
0.055387
0.015714
0.020510
0.039693
0.495288
0.016336
0.155063
0.097120
0.187690
0.052075
0.108173
0.126174
0.671295
0.073639
0.019673
0.205066
0.016334
0.297017
0.017964
0.013012
0.045203
0.032735
0.058092
0.155173
0.230161
0.403570
0.185445
0.033002
0.003377
0.093936
0.007496
0.003548
0.049583
0.099024
0.000422
0.437611
0.006896
0.006583
0.015616
0.085936
0.000390
0.149204
0.006791
0.056961
0.170822
0.000151
0.003919
0.167067
0.010162
0.036034
0.124887
0.004832
0.041937
0.190184
0.079170
0.004782
0.229881
0.223255
0.002427
0.101731
0.164819
0.000159
0.111353
0.077780
0.767842
0.031363
0.152466
0.048316
0.921710
0.000177
0.056441
0.222319
0.014660
0.003924
0.014807
0.030413
0.011764
0.038448
0.334885
0.005780
0.003511
0.065968
0.001150
0.007491
0.085048
0.001274
0.021624
0.050626
0.045228
0.019051
0.005538
0.006968
0.036009
0.025899
0.701167
0.072703
0.117818
0.034981
0.002110
0.005780
0.088695
0.058077
0.010994
0.006263
0.002425
0.060740
0.040766
0.724996
0.007218
0.126602
0.007117
0.875859
0.627472
0.009087
0.053096
0.010113
0.237384
0.004239
0.080576
0.696919
0.005153
0.016107
0.068621
0.190088
0.384847
0.023219
0.182832
0.291822
0.299623
0.030339
0.197694
0.054156
0.001304
0.057021
0.010319
0.021692
0.126295
0.595697
0.251947
0.011923
0.023249
0.040316
0.406549
0.190729
0.042864
0.031200
0.066544
0.066311
0.392497
0.004740
0.107054
0.061817
0.047311
0.033591
0.093772
0.002361
0.010856
0.212641
0.422502
0.077330
0.489176
0.127889
0.075615
0.702308
0.102834
0.329212
0.022708
0.072139
0.325485
0.057747
0.089338
0.084959
0.023032
0.233860
0.056002
0.298042
0.093604
0.078679
0.016611
0.014820
0.027280
0.041932
0.105008
0.004645
0.004217
0.003148
0.064809
0.010191
0.064968
0.000338
0.035078
0.150996
0.028091
0.028855
0.014951
0.004549
0.002075
0.547370
0.033314
0.218764
0.000566
0.084424
0.047562
0.053006
0.222910
0.049375
0.029496
0.006724
0.000895
0.042690
0.100839
0.024402
0.013828
0.002859
0.040419
0.004537
0.135764
0.123078
0.247843
0.001181
0.002338
0.013574
0.008497
0.012583
0.003576
0.048336
0.013296
0.103453
0.078736
0.034858
0.155312
0.012912
0.000679
0.004998
0.070998
0.099049
0.082550
0.019364
0.026109
0.059453
0.004313
0.010516
0.362108
0.033517
0.000715
0.001824
0.169870
0.136408
0.047421
0.016712
0.057429
0.038960
0.052187
0.313786
0.007261
0.001874
0.034326
0.069585
0.005118
0.019803
0.036416
0.015917
0.175534
0.055980
0.005035
0.015135
0.041660
0.007797
0.010404
0.000491
0.015920
0.092085
0.181503
0.000313
0.040267
0.454706
0.044062
0.023967
0.000616
0.477824
0.022062
0.006898
0.010602
0.007095
0.001680
0.018083
0.003082
0.001056
0.358503
0.019445
0.050124
0.001266
0.202689
0.009772
0.204373
0.005975
0.000170
0.007474
0.101142
0.020005
0.000313
0.033835
0.033784
0.000505
0.581441
0.038708
0.002829
0.111248
0.022682
0.007265
0.112634
0.093862
0.108103
0.000786
0.003020
0.006682
0.046596
0.016024
0.000391
0.167434
0.136493
0.125666
0.043490
0.042951
0.003062
0.404929
0.002379
0.000224
0.020760
0.014606
0.037398
0.004034
0.006544
0.029549
0.127466
0.703145
0.236259
0.087606
0.004441
0.199971
0.005654
0.054444
0.008637
0.040143
0.055239
0.091286
0.443258
0.109412
0.123975
0.019306
0.013936
0.024673
0.037705
0.434334
0.722684
0.000413
0.278400
0.143707
0.040181
0.001771
0.085239
0.019768
0.182623
0.000665
0.019621
0.053697
0.080665
0.030154
0.194727
0.037873
0.364308
0.035935
0.039052
0.656590
0.006432
0.164363
0.133351
0.000323
0.080020
0.014663
0.082685
0.000301
0.007512
0.754462
0.125441
0.064561
0.002865
0.034331
0.139966
0.043339
0.048658
0.002992
0.034748
0.361733
0.007583
0.000172
0.023465
0.475087
0.203876
0.039441
0.004720
0.044873
0.012334
0.091814
0.039636
0.503846
0.067106
0.025625
0.026459
0.048189
0.188628
0.003484
0.113664
0.046937
0.010724
0.013548
0.048882
0.059578
0.011806
0.050270
0.085966
0.008890
0.010602
0.001522
0.438980
0.132587
0.033140
0.137356
0.006088
0.233088
0.000791
0.340073
0.031605
0.024426
0.034440
0.094635
0.114417
0.011383
0.001714
0.004092
0.063789
0.099914
0.002407
0.067854
0.002477
0.617325
0.362318
0.058362
0.096967
0.009913
0.003156
0.017415
0.008487
0.027203
0.071728
0.013765
0.006406
0.315923
0.005261
0.057836
0.028111
0.001496
0.089184
0.015849
0.016636
0.066344
0.018411
0.030489
0.002945
0.079559
0.006514
0.187723
0.397032
0.061662
0.010870
0.005985
0.037249
0.055154
0.012778
0.020449
0.211997
0.019660
0.006874
0.210415
0.248254
0.005118
0.007369
0.006296
0.895144
0.002172
0.006654
0.000342
0.096271
0.685693
0.473199
0.041823
0.007160
0.006285
0.121831
0.003781
0.025958
0.001003
0.067394
0.008296
0.043430
0.027462
0.000118
0.098179
0.175391
0.000518
0.000471
0.062372
0.031846
0.226041
0.059291
0.084455
0.003038
0.172140
0.081141
0.389595
0.002944
0.009154
0.000521
0.020319
0.208709
0.422474
0.024927
0.004379
0.039707
0.052809
0.007283
0.013970
0.008412
0.132304
0.027751
0.062198
0.311209
0.185483
0.016086
0.022722
0.069626
0.069332
0.064670
0.054191
0.000704
0.014834
0.045898
0.001770
0.000504
0.007735
0.065751
0.516209
0.004618
0.023805
0.155677
0.002709
0.308686
0.022826
0.000036
0.182269
0.376230
0.062137
0.286642
0.679349
0.001942
0.066840
0.051740
0.106931
0.009320
0.066484
0.007225
0.066166
0.008129
0.262424
0.078572
0.287246
0.051063
0.283086
0.003636
0.003163
0.107309
0.040672
0.241157
0.125952
0.929287
0.045686
0.008148
0.020751
0.001755
0.039303
0.067510
0.009382
0.007308
0.026864
0.010965
0.012754
0.039873
0.018013
0.186781
0.019561
0.006077
0.027294
0.016092
0.036816
0.025222
0.023491
0.006944
0.048611
0.028365
0.019236
0.015035
0.002553
0.004291
0.011609
0.028123
0.178059
0.082219
0.007291
0.026231
0.002067
0.441237
0.102556
0.067416
0.043646
0.018013
0.005170
0.003681
0.001404
0.009997
0.039441
0.022609
0.244405
0.096891
0.019686
0.004577
0.048361
0.457308
0.227023
0.070759
0.028297
0.163162
0.008033
0.000782
0.024262
0.031494
0.082863
0.059237
0.145411
0.294185
0.015695
0.287769
0.032308
0.007121
0.129758
0.007424
0.001999
0.573343
0.002426
0.054308
0.041028
0.145714
0.050206
0.031584
0.066063
0.027487
0.052943
0.057204
0.052608
0.031323
0.766118
0.003574
0.000721
0.087661
0.090469
0.015296
0.035401
0.023812
0.008338
0.005605
0.020080
0.004727
0.026083
0.011043
0.014576
0.112610
0.010597
0.017699
0.053623
0.005196
0.005086
0.047550
0.177019
0.156381
0.435683
0.005752
0.005598
0.097616
0.000877
0.001682
0.011735
0.226532
0.006819
0.008622
0.014032
0.518559
0.379600
0.285488
0.055435
0.056635
0.007573
0.153485
0.008246
0.022641
0.366285
0.036335
0.006876
0.006525
0.120346
0.014749
0.008042
0.416951
0.279937
0.009777
0.019208
0.831815
0.032185
0.010927
0.896340
0.000334
0.076006
0.028507
0.023445
0.002625
0.425786
0.115718
0.453573
0.016819
0.047471
0.015313
0.000264
0.020471
0.110471
0.003411
0.531548
0.025893
0.014561
0.002993
0.029229
0.200866
0.011796
0.041732
0.309137
0.004196
0.002588
0.006962
0.256384
0.044216
0.065131
0.005161
0.032069
0.232587
0.014537
0.004088
0.012661
0.056546
0.004083
0.111332
0.014007
0.053613
0.025967
0.030093
0.344680
0.023106
0.014733
0.107120
0.009787
0.006416
0.016679
0.024938
0.082900
0.032847
0.071890
0.001922
0.121210
0.006467
0.008079
0.039584
0.021788
0.141456
0.016309
0.019683
0.036705
0.070994
0.040824
0.000823
0.297308
0.044338
0.028716
0.004073
0.002408
0.032073
0.517345
0.016332
0.054726
0.219364
0.100525
0.658344
0.006869
0.027660
0.059348
0.129880
0.166774
0.063726
0.021220
0.069409
0.032536
0.003512
0.003539
0.131041
0.016256
0.061258
0.004981
0.001416
0.441339
0.351496
0.046843
0.020394
0.028528
0.080257
0.008783
0.184409
0.098716
0.158083
0.044093
0.126269
0.669096
0.007583
0.161467
0.101977
0.109770
0.067181
0.000963
0.020368
0.106766
0.005120
0.021214
0.058980
0.026235
0.005286
0.019597
0.392064
0.034901
0.016912
0.001307
0.000777
0.002173
0.070620
0.002470
0.099223
0.042665
0.639238
0.329696
0.081419
0.420820
0.199786
0.086344
0.011470
0.025271
0.011043
0.118160
0.142446
0.100562
0.001214
0.000625
0.000671
0.015976
0.012483
0.042896
0.047269
0.045240
0.010418
0.007420
0.003367
0.003752
0.731337
0.003719
0.039536
0.011433
0.009892
0.387999
0.083860
0.012142
0.053721
0.034480
0.015643
0.021850
0.008600
0.071544
0.005018
0.042983
0.013700
0.007247
0.031850
0.035619
0.177114
0.041724
0.002940
0.001186
0.130273
0.032290
0.028557
0.142766
0.090915
0.158002
0.127897
0.109883
0.196005
0.398491
0.003424
0.023878
0.022725
0.010481
0.038987
0.143019
0.069748
0.029394
0.037583
0.047745
0.000184
0.007523
0.019243
0.007384
0.075340
0.003522
0.086398
0.021651
0.021877
0.042111
0.005385
0.005620
0.096714
0.096909
0.054182
0.272223
0.054826
0.004147
0.133437
0.162760
0.194047
0.002461
0.089449
0.126531
0.072851
0.025052
0.093347
0.202383
0.088337
0.209081
0.176323
0.424640
0.108134
0.003985
0.581850
0.019875
0.000370
0.007022
0.024627
0.116690
0.036917
0.621548
0.000859
0.208658
0.027777
0.003654
0.752465
0.007678
0.021350
0.020638
0.003810
0.006174
0.041208
0.031034
0.116703
0.063254
0.076381
0.189477
0.011384
0.000227
0.078180
0.147315
0.028578
0.212598
0.031755
0.031444
0.000486
0.005665
0.073330
0.003203
0.006488
0.080041
0.079961
0.042961
0.005693
0.026103
0.077028
0.087585
0.040698
0.036423
0.049047
0.219743
0.014185
0.045152
0.012772
0.023575
0.071062
0.011570
0.094558
0.002982
0.082885
0.055261
0.177635
0.000179
0.070188
0.013664
0.055776
0.010344
0.013422
0.004537
0.004422
0.023266
0.009556
0.029110
0.063633
0.054702
0.004079
0.013678
0.087170
0.033904
0.029596
0.020428
0.147340
0.027870
0.013930
0.678026
0.009074
0.105644
0.492831
0.017043
0.021615
0.304539
0.025772
0.082313
0.011873
0.028301
0.044063
0.030196
0.130987
0.760022
0.045878
0.128627
0.005054
0.011828
0.174622
0.085771
0.215414
0.002550
0.000734
0.043510
0.036895
0.030866
0.026022
0.004253
0.050159
0.098565
0.020452
0.022334
0.020107
0.087329
0.003279
0.069236
0.000178
0.293820
0.033530
0.046741
0.014070
0.387271
0.105955
0.070741
0.003930
0.181803
0.004597
0.000711
0.011051
0.015362
0.011058
0.001712
0.041625
0.109467
0.065043
0.202474
0.088991
0.028266
0.001840
0.007554
0.003972
0.007867
0.093821
0.001248
0.045825
0.010783
0.115649
0.201658
0.005921
0.008487
0.004290
0.153668
0.008846
0.056763
0.123712
0.003796
0.028586
0.013392
0.009027
0.069076
0.009338
0.016970
0.002948
0.009572
0.011548
0.032452
0.061434
0.006663
0.372646
0.005549
0.000342
0.021830
0.383790
0.020367
0.558647
0.001741
0.014535
0.043927
0.002301
0.058109
0.270168
0.041385
0.027053
0.132595
0.027103
0.013928
0.044433
0.119342
0.063394
0.036977
0.025936
0.071449
0.113860
0.129682
0.096143
0.062043
0.007157
0.027918
0.002118
0.331826
0.504503
0.002252
0.111955
0.007261
0.074787
0.161473
0.024666
0.001631
0.002804
0.016728
0.062546
0.174160
0.231602
0.104114
0.004681
0.004155
0.028292
0.036118
0.189206
0.220599
0.007495
0.146374
0.140168
0.018473
0.015485
0.013703
0.016390
0.011319
0.011063
0.151081
0.175552
0.008439
0.050045
0.000217
0.067244
0.163768
0.044395
0.007444
0.053297
0.019578
0.410336
0.005333
0.020818
0.000391
0.054502
0.007449
0.024572
0.055681
0.006808
0.062306
0.135987
0.001184
0.097586
0.001570
0.098177
0.000899
0.011374
0.059208
0.047593
0.141021
0.044186
0.001829
0.180795
0.186789
0.000650
0.076738
0.022775
0.004948
0.250281
0.046157
0.232611
0.022081
0.078884
0.052650
0.032222
0.230112
0.021095
0.620309
0.002151
0.003505
0.026294
0.000780
0.072454
0.025649
0.101877
0.003436
0.024681
0.122369
0.030405
0.014780
0.001580
0.298279
0.026812
0.212039
0.031769
0.008594
0.025421
0.001409
0.157809
0.002049
0.234616
0.003336
0.235977
0.017311
0.049777
0.012947
0.033163
0.128960
0.050000
0.053982
0.197895
0.016794
0.003083
0.130891
0.031870
0.103943
0.034200
0.061453
0.000822
0.005058
0.051442
0.039866
0.020827
0.000529
0.005492
0.164551
0.062978
0.014869
0.008808
0.022866
0.788134
0.004327
0.006938
0.083070
0.007909
0.171834
0.022813
0.041858
0.005498
0.016951
0.013736
0.040676
0.347275
0.131296
0.030721
0.070202
0.003403
0.013536
0.001436
0.018597
0.027455
0.000525
0.001902
0.006658
0.150236
0.031079
0.050083
0.162473
0.003625
0.046502
0.269406
0.060001
0.656947
0.012644
0.019964
0.084184
0.003976
0.055192
0.043778
0.021572
0.488485
0.001478
0.153200
0.208509
0.035321
0.489457
0.051319
0.156479
0.018690
0.052454
0.009807
0.015399
0.064443
0.144568
0.013740
0.021108
0.474336
0.028412
0.523716
0.004085
0.072311
0.002896
0.000419
0.007896
0.693450
0.004783
0.070194
0.046632
0.017129
0.062334
0.001138
0.216218
0.024435
0.157381
0.006854
0.000409
0.031102
0.269343
0.123297
0.381447
0.000323
0.019303
0.246908
0.019589
0.412945
0.010237
0.010712
0.006598
0.383372
0.014641
0.095846
0.003345
0.030699
0.010386
0.030558
0.016300
0.066624
0.043924
0.360383
0.025869
0.018437
0.067891
0.003525
0.046544
0.133378
0.027991
0.031151
0.001270
0.088190
0.048872
0.013969
0.000038
0.285524
0.088127
0.336770
0.072476
0.014700
0.036351
0.493087
0.014001
0.003040
0.057052
0.172301
0.020580
0.026459
0.216206
0.047598
0.063885
0.001079
0.010998
0.436670
0.011654
0.052315
0.020658
0.087120
0.501005
0.505793
0.054503
0.567040
0.037275
0.159268
0.033491
0.005240
0.273536
0.015531
0.010246
0.091071
0.000089
0.007923
0.008806
0.126191
0.000892
0.175226
0.003861
0.612961
0.172544
0.003871
0.024178
0.028517
0.043331
0.087843
0.013874
0.026176
0.010302
0.000353
0.417077
0.063135
0.226543
0.031789
0.068907
0.062000
0.019381
0.051811
0.006837
0.025683
0.030656
0.163978
0.071031
0.039845
0.302492
0.447806
0.010452
0.140331
0.050368
0.148374
0.004214
0.048197
0.167771
0.114427
0.040351
0.270018
0.187132
0.316574
0.096329
0.012191
0.112676
0.132856
0.084115
0.005572
0.005010
0.035019
0.043937
0.013789
0.059355
0.020385
0.000863
0.032548
0.016904
0.012388
0.006647
0.015813
0.014630
0.004235
0.016779
0.031548
0.017400
0.142313
0.380625
0.287318
0.093197
0.051450
0.020023
0.019230
0.013623
0.005431
0.587081
0.182107
0.022424
0.002349
0.004902
0.030427
0.006217
0.004118
0.006049
0.327713
0.063098
0.002181
0.727917
0.004324
0.004106
0.016673
0.115766
0.040501
0.057575
0.263937
0.026531
0.087111
0.102825
0.000654
0.024952
0.019222
0.035892
0.000478
0.063206
0.000518
0.013941
0.102838
0.005789
0.060967
0.175062
0.060906
0.001757
0.028290
0.255149
0.023848
0.013894
0.063765
0.026401
0.041781
0.015436
0.033244
0.162985
0.095495
0.091916
0.023346
0.195402
0.042436
0.003618
0.071039
0.003548
0.052565
0.069143
0.007223
0.067599
0.094775
0.008919
0.004646
0.048949
0.308852
0.113690
0.085377
0.057053
0.091993
0.208793
0.098317
0.038017
0.049153
0.000697
0.013590
0.037864
0.003649
0.034431
0.010016
0.053686
0.517672
0.041939
0.034753
0.008865
0.005652
0.143242
0.076568
0.011174
0.031106
0.012411
0.014108
0.210499
0.026585
0.003369
0.081240
0.033287
0.133416
0.002717
0.078331
0.008192
0.020902
0.004640
0.046545
0.026354
0.391873
0.002052
0.114644
0.107561
0.071986
0.002699
0.093892
0.310649
0.083337
0.001731
0.561663
0.053503
0.078173
0.117991
0.041519
0.008279
0.063665
0.000674
0.026133
0.038459
0.001178
0.005968
0.057175
0.008767
0.021194
0.003949
0.009493
0.147282
0.237211
0.062264
0.007838
0.100312
0.027590
0.002616
0.095267
0.006345
0.009000
0.020290
0.003920
0.018978
0.503521
0.012119
0.038956
0.007924
0.449706
0.062483
0.235195
0.350603
0.070579
0.148308
0.020674
0.002056
0.046167
0.204702
0.004182
0.375230
0.028122
0.000598
0.155769
0.009095
0.077276
0.595522
0.001327
0.001738
0.049163
0.011469
0.042315
0.018692
0.059935
0.008293
0.074622
0.244917
0.008233
0.005329
0.060201
0.000194
0.125420
0.029436
0.248433
0.153721
0.007125
0.195543
0.000522
0.043081
0.379023
0.088176
0.180907
0.184415
0.186139
0.194205
0.005128
0.101516
0.092204
0.004412
0.074327
0.013874
0.045461
0.083996
0.041004
0.208174
0.023652
0.067858
0.151534
0.122318
0.017436
0.111453
0.055706
0.718516
0.002897
0.000520
0.003895
0.020326
0.028820
0.545660
0.106493
0.191730
0.290518
0.032513
0.021092
0.002913
0.006821
0.139709
0.016404
0.057314
0.649012
0.034323
0.020290
0.044372
0.062337
0.006938
0.039420
0.026209
0.021494
0.199781
0.145773
0.056820
0.255153
0.058561
0.053003
0.049064
0.120523
0.039969
0.118636
0.034711
0.023660
0.038391
0.113486
0.059939
0.801587
0.042667
0.014542
0.004420
0.016365
0.282586
0.604123
0.093982
0.003174
0.023129
0.031497
0.348138
0.022804
0.190438
0.024765
0.025939
0.069719
0.058657
0.118945
0.014606
0.021997
0.038770
0.065143
0.062099
0.075362
0.019447
0.058611
0.489260
0.130891
0.103812
0.010509
0.094801
0.073594
0.008327
0.002091
0.073866
0.048869
0.019880
0.068994
0.000534
0.001110
0.143319
0.007058
0.002893
0.055088
0.122064
0.035816
0.779115
0.164293
0.032487
0.013295
0.434938
0.020051
0.238777
0.126760
0.064885
0.003329
0.109584
0.000375
0.001721
0.001132
0.146457
0.003769
0.000645
0.001602
0.015895
0.023401
0.112839
0.080070
0.033753
0.006785
0.153104
0.405144
0.086126
0.054303
0.001611
0.015026
0.000760
0.097037
0.034762
0.017426
0.004510
0.007346
0.435868
0.048543
0.305012
0.073406
0.025990
0.001484
0.006337
0.120532
0.135934
0.649761
0.028684
0.011986
0.220859
0.003772
0.013199
0.005532
0.022716
0.046703
0.022056
0.022270
0.002733
0.033623
0.014753
0.252987
0.004821
0.016561
0.000482
0.004830
0.417919
0.014722
0.080113
0.013640
0.049327
0.000578
0.021779
0.007786
0.031123
0.064894
0.002681
0.007402
0.065727
0.024617
0.055123
0.013425
0.170610
0.000225
0.009301
0.001112
0.124105
0.024943
0.120958
0.008306
0.384022
0.135304
0.033293
0.004926
0.031832
0.007236
0.234259
0.047132
0.055162
0.091146
0.009784
0.160487
0.007715
0.042545
0.031709
0.001263
0.028833
0.007098
0.219936
0.435229
0.334446
0.007992
0.126150
0.060460
0.004756
0.009607
0.195562
0.022369
0.025401
0.010809
0.043556
0.051807
0.009002
0.081411
0.021794
0.000614
0.343381
0.174141
0.086617
0.024787
0.031355
0.061165
0.061664
0.006871
0.098926
0.006797
0.005435
0.005961
0.128346
0.003223
0.002847
0.086381
0.075150
0.368527
0.246974
0.004103
0.121244
0.043008
0.217441
0.077827
0.005339
0.251879
0.303226
0.029237
0.012623
0.112860
0.006351
0.038956
0.040796
0.020683
0.013723
0.448321
0.213721
0.305063
0.033787
0.104788
0.011541
0.002092
0.125432
0.001426
0.431839
0.352385
0.004242
0.012194
0.024141
0.264160
0.015383
0.040659
0.048855
0.032495
0.069862
0.279770
0.001067
0.023444
0.003923
0.012139
0.012651
0.085097
0.050722
0.010805
0.038170
0.013139
0.008445
0.403319
0.434350
0.237318
0.079728
0.045498
0.067914
0.065316
0.096042
0.000745
0.032069
0.358113
0.003711
0.303742
0.007496
0.090259
0.000646
0.002762
0.221741
0.030732
0.001358
0.012923
0.005561
0.045238
0.041978
0.064300
0.000696
0.001712
0.006409
0.101174
0.001126
0.149047
0.268592
0.015421
0.032619
0.002005
0.025717
0.071062
0.193096
0.019698
0.065645
0.002320
0.019722
0.144499
0.107740
0.043115
0.000111
0.198295
0.197021
0.331003
0.230011
0.003604
0.157874
0.009009
0.747307
0.009202
0.035633
0.050207
0.195559
0.139739
0.004568
0.004930
0.072384
0.078177
0.193703
0.438402
0.010622
0.009069
0.000802
0.001036
0.001331
0.003569
0.038267
0.127947
0.002855
0.040141
0.004050
0.190566
0.014077
0.363932
0.004154
0.059745
0.134111
0.484904
0.036118
0.307486
0.010712
0.003045
0.036858
0.047424
0.025954
0.059915
0.035288
0.008282
0.038684
0.290189
0.116078
0.000599
0.027938
0.090036
0.351562
0.001184
0.008746
0.039901
0.082094
0.008137
0.003646
0.000743
0.175428
0.075327
0.617675
0.228880
0.059330
0.012978
0.027046
0.023095
0.004553
0.814522
0.005826
0.089364
0.000962
0.007531
0.094928
0.017732
0.015898
0.009012
0.045659
0.030017
0.106707
0.457605
0.003579
0.712336
0.002002
0.000793
0.000086
0.014800
0.001221
0.065445
0.521760
0.056235
0.009479
0.325431
0.012197
0.058375
0.010275
0.065889
0.127341
0.000201
0.213243
0.023780
0.375366
0.075055
0.036961
0.260662
0.189675
0.045212
0.104956
0.025131
0.016162
0.198762
0.079034
0.006418
0.015184
0.046096
0.048082
0.041580
0.005206
0.123065
0.004700
0.076518
0.085680
0.005344
0.035626
0.154267
0.285986
0.408464
0.003289
0.019166
0.181043
0.007367
0.004814
0.030694
0.002915
0.007638
0.016571
0.398793
0.001842
0.119779
0.299327
0.009077
0.000305
0.048240
0.028506
0.034032
0.002178
0.003194
0.154299
0.002182
0.000782
0.003404
0.034929
0.004293
0.000276
0.000383
0.020170
0.002878
0.827818
0.035227
0.026713
0.030382
0.034308
0.001585
0.009945
0.086793
0.040557
0.106975
0.771771
0.001938
0.025878
0.012147
0.000401
0.002129
0.012902
0.050293
0.152865
0.050020
0.001033
0.084972
0.008789
0.133361
0.001230
0.094943
0.130684
0.047993
0.005234
0.033501
0.113919
0.025235
0.228164
0.052042
0.016659
0.016521
0.038102
0.017620
0.030223
0.014818
0.100926
0.198324
0.428603
0.151000
0.131987
0.040110
0.038229
0.012995
0.072923
0.053181
0.018422
0.001725
0.030933
0.025431
0.012228
0.288187
0.020864
0.049383
0.050599
0.088768
0.046355
0.025000
0.036484
0.050496
0.041768
0.228462
0.017781
0.018573
0.089607
0.030089
0.033021
0.194796
0.054404
0.086205
0.323788
0.051782
0.005465
0.002712
0.059447
0.019909
0.063165
0.003736
0.001817
0.006608
0.298788
0.694866
0.169090
0.016708
0.001549
0.044893
0.030408
0.060260
0.038255
0.045459
0.067056
0.010474
0.019526
0.106157
0.198713
0.336332
0.019279
0.141463
0.139886
0.011126
0.000440
0.022009
0.015239
0.447518
0.022248
0.000088
0.024467
0.021499
0.111466
0.075507
0.058489
0.006974
0.053465
0.040057
0.047107
0.012031
0.300498
0.091561
0.020475
0.018463
0.037050
0.000870
0.335445
0.250161
0.001097
0.210128
0.010692
0.286786
0.001573
0.002260
0.040954
0.110896
0.043354
0.032091
0.013891
0.001517
0.022962
0.004343
0.012396
0.115931
0.084295
0.056697
0.318828
0.013635
0.176226
0.037359
0.005873
0.738059
0.016135
0.068394
0.015658
0.157897
0.006821
0.281727
0.041599
0.004465
0.004311
0.017830
0.175691
0.005010
0.048528
0.009496
0.156202
0.031682
0.002879
0.476170
0.190536
0.027893
0.031334
0.003787
0.060783
0.002670
0.022604
0.001293
0.035179
0.029013
0.119911
0.178101
0.022898
0.004608
0.609881
0.028137
0.015929
0.024429
0.125076
0.554178
0.252288
0.093817
0.028148
0.002843
0.099368
0.026180
0.026083
0.000659
0.001596
0.076333
0.157294
0.007211
0.528005
0.006809
0.285360
0.054858
0.213025
0.026998
0.110116
0.157625
0.016852
0.025490
0.022924
0.235830
0.004297
0.399494
0.238392
0.032668
0.030061
0.035331
0.073837
0.197944
0.192692
0.004299
0.001976
0.380215
0.070588
0.086915
0.026256
0.361245
0.065889
0.024379
0.026593
0.004133
0.322009
0.000181
0.281356
0.065242
0.340925
0.007866
0.001413
0.094042
0.306637
0.026084
0.041413
0.161587
0.036954
0.033962
0.031286
0.087959
0.021028
0.011964
0.023445
0.090522
0.061703
0.007196
0.015770
0.001432
0.131541
0.093786
0.003500
0.013611
0.460752
0.074284
0.170018
0.248748
0.005276
0.105075
0.053542
0.017367
0.014802
0.017601
0.000078
0.158060
0.012978
0.217064
0.057700
0.000356
0.063299
0.062110
0.040699
0.003996
0.017259
0.049590
0.276254
0.005739
0.022086
0.025054
0.006644
0.069112
0.003128
0.003120
0.008777
0.290770
0.036865
0.017667
0.025956
0.162894
0.001138
0.113765
0.017524
0.024585
0.000836
0.027262
0.008280
0.050165
0.168938
0.005167
0.002213
0.043527
0.012648
0.096135
0.004333
0.021330
0.020150
0.267171
0.044565
0.027005
0.432896
0.667107
0.000513
0.042171
0.002853
0.020538
0.027816
0.044510
0.014812
0.003220
0.012110
0.159350
0.017380
0.032987
0.023270
0.000496
0.154059
0.203345
0.020163
0.008238
0.081716
0.043281
0.250020
0.018413
0.025774
0.008879
0.003008
0.019938
0.049788
0.786102
0.686778
0.002109
0.000533
0.069459
0.001155
0.018733
0.111679
0.002701
0.061224
0.174280
0.014760
0.011245
0.041270
0.007786
0.318976
0.002468
0.175504
0.015437
0.157975
0.027426
0.336525
0.063760
0.006968
0.006178
0.068657
0.014823
0.464458
0.016380
0.366835
0.052585
0.045616
0.256518
0.005198
0.087739
0.062154
0.086493
0.001772
0.021540
0.058324
0.026019
0.004049
0.038413
0.033036
0.010298
0.074707
0.017085
0.028657
0.098673
0.090282
0.144408
0.011776
0.001089
0.001615
0.013581
0.035930
0.071149
0.065289
0.001159
0.464614
0.227947
0.194190
0.090760
0.016455
0.073352
0.016949
0.041690
0.001756
0.062355
0.427103
0.344343
0.002956
0.065760
0.024086
0.015705
0.003801
0.147542
0.001502
0.036433
0.165943
0.022535
0.132482
0.145841
0.129021
0.105069
0.083584
0.054752
0.009887
0.011878
0.128062
0.113449
0.064519
0.131724
0.005547
0.047157
0.053796
0.004236
0.263112
0.003177
0.047663
0.040140
0.003357
0.010275
0.025886
0.022135
0.017535
0.012340
0.001269
0.004616
0.050283
0.003417
0.003842
0.358583
0.033784
0.196599
0.315591
0.034117
0.005598
0.045232
0.064843
0.004186
0.021569
0.174329
0.052051
0.000509
0.035517
0.002297
0.018476
0.183606
0.005984
0.212349
0.030502
0.049009
0.002943
0.023575
0.002856
0.032578
0.057346
0.039663
0.103954
0.013229
0.014502
0.452143
0.007443
0.307356
0.011649
0.125844
0.430030
0.102670
0.493313
0.032045
0.060098
0.081678
0.018406
0.045499
0.862155
0.005971
0.227706
0.005754
0.169109
0.020890
0.587965
0.258401
0.013867
0.038443
0.004699
0.000388
0.012535
0.020515
0.042625
0.008728
0.223565
0.009463
0.016644
0.034124
0.195113
0.003462
0.017395
0.001900
0.021507
0.079219
0.093103
0.012331
0.006182
0.025713
0.001007
0.252346
0.042760
0.076551
0.001191
0.166548
0.117314
0.066939
0.284045
0.014615
0.312832
0.135008
0.074798
0.001495
0.025189
0.051705
0.010667
0.000254
0.049386
0.013972
0.068565
0.169544
0.042500
0.056942
0.041261
0.347877
0.028405
0.001310
0.011939
0.072144
0.009166
0.017766
0.000385
0.022932
0.117342
0.001129
0.396472
0.119918
0.035884
0.149554
0.001706
0.025167
0.263763
0.088457
0.090535
0.019103
0.416527
0.046817
0.078676
0.000019
0.075108
0.043584
0.000798
0.139217
0.037384
0.011440
0.040791
0.013534
0.306748
0.134222
0.083918
0.131979
0.424926
0.033606
0.015730
0.441078
0.063010
0.037586
0.000304
0.267732
0.002711
0.031461
0.022064
0.083626
0.007812
0.016153
0.102527
0.049509
0.002130
0.101628
0.006465
0.049362
0.001352
0.013284
0.008495
0.020786
0.004259
0.100701
0.104689
0.000264
0.303555
0.023184
0.012052
0.249677
0.000863
0.006700
0.020579
0.002107
0.295520
0.004069
0.048940
0.021027
0.001202
0.015550
0.046604
0.014112
0.274261
0.008565
0.075572
0.503710
0.001913
0.008823
0.097070
0.000303
0.156034
0.028626
0.024992
0.147683
0.039880
0.220872
0.009984
0.135476
0.009377
0.020031
0.003314
0.029818
0.063942
0.131501
0.003726
0.004923
0.111018
0.001517
0.046941
0.113052
0.023005
0.083357
0.007428
0.012450
0.043697
0.004942
0.000824
0.015225
0.000868
0.056564
0.044029
0.033510
0.228840
0.246528
0.693687
0.001307
0.119229
0.008532
0.092060
0.028616
0.630421
0.106853
0.033942
0.061605
0.023650
0.059326
0.091566
0.068192
0.003696
0.013047
0.278828
0.006559
0.227552
0.006953
0.299812
0.271517
0.005949
0.007061
0.001029
0.026126
0.014393
0.058968
0.046451
0.002771
0.016375
0.330666
0.002551
0.185938
0.000556
0.056751
0.110296
0.117941
0.015570
0.044935
0.051823
0.002017
0.022187
0.000457
0.076388
0.069526
0.161740
0.244830
0.020892
0.181086
0.077927
0.039483
0.062209
0.192930
0.062485
0.002127
0.001817
0.229924
0.113139
0.461734
0.148370
0.004066
0.005922
0.056698
0.024681
0.275815
0.075706
0.000666
0.009211
0.002751
0.019656
0.004438
0.016187
0.017578
0.168717
0.003160
0.002863
0.059149
0.002406
0.160375
0.248557
0.079958
0.006675
0.001538
0.003418
0.002776
0.099536
0.005648
0.002008
0.072397
0.141019
0.020081
0.543730
0.043410
0.164287
0.356596
0.089586
0.051251
0.328849
0.001472
0.099536
0.247247
0.001621
0.053075
0.101731
0.003427
0.346264
0.004458
0.056824
0.017339
0.022148
0.022071
0.042859
0.033425
0.001691
0.029335
0.299261
0.042687
0.302150
0.483984
0.007433
0.008479
0.039596
0.001987
0.031330
0.038301
0.097410
0.013665
0.011924
0.003430
0.004605
0.172033
0.123524
0.020749
0.223299
0.016608
0.016846
0.076463
0.011434
0.018381
0.005333
0.068633
0.023966
0.029533
0.048113
0.186437
0.002237
0.039528
0.001464
0.099399
0.008158
0.055263
0.016085
0.000263
0.004804
0.002255
0.050000
0.014506
0.055398
0.008186
0.199418
0.004909
0.030750
0.056271
0.099086
0.022647
0.020502
0.056450
0.021370
0.168325
0.005307
0.086250
0.039638
0.007961
0.031337
0.100062
0.044068
0.002960
0.283478
0.020020
0.074797
0.132980
0.019120
0.119393
0.009461
0.026409
0.055245
0.121238
0.009634
0.012935
0.002707
0.028878
0.108484
0.513504
0.020597
0.197315
0.116460
0.004589
0.220470
0.577467
0.045586
0.001248
0.033772
0.005658
0.502914
0.097022
0.034101
0.012738
0.027438
0.019254
0.025206
0.010687
0.104620
0.036733
0.070379
0.001223
0.021887
0.096043
0.018052
0.129285
0.866455
0.019069
0.009691
0.000286
0.091505
0.038061
0.032876
0.235373
0.394406
0.001369
0.005762
0.013107
0.038674
0.204035
0.052520
0.189280
0.046106
0.463432
0.034134
0.014610
0.030677
0.001023
0.067608
0.355117
0.062476
0.116073
0.027622
0.003395
0.076827
0.093605
0.849544
0.016885
0.003875
0.002112
0.001669
0.074632
0.008837
0.025305
0.064311
0.405280
0.344165
0.076436
0.013179
0.076681
0.046759
0.529546
0.777654
0.033701
0.027843
0.001111
0.016722
0.305177
0.009212
0.037203
0.401495
0.017094
0.002320
0.003961
0.011625
0.071654
0.006828
0.013686
0.286274
0.081138
0.014434
0.101738
0.197199
0.012832
0.005807
0.241644
0.005978
0.021080
0.112266
0.073151
0.092595
0.021549
0.014352
0.001298
0.011797
0.000900
0.086345
0.060539
0.171287
0.028988
0.226760
0.001413
0.072715
0.512147
0.046465
0.052945
0.021424
0.012331
0.079486
0.206460
0.097814
0.159035
0.211745
0.020931
0.117173
0.101030
0.144258
0.021262
0.012384
0.009275
0.076659
0.008979
0.190244
0.024686
0.001322
0.022356
0.124596
0.022954
0.000544
0.077945
0.203367
0.390058
0.081102
0.169126
0.001407
0.000332
0.100654
0.018253
0.001437
0.062669
0.355163
0.017274
0.028659
0.151612
0.114974
0.469114
0.004986
0.042791
0.096664
0.031068
0.023629
0.237296
0.000373
0.021600
0.018276
0.078709
0.111888
0.046961
0.259532
0.025475
0.016975
0.035624
0.024392
0.278050
0.000312
0.039272
0.330551
0.363611
0.129042
0.602646
0.291387
0.008347
0.033517
0.110128
0.001393
0.019643
0.249275
0.080772
0.005169
0.055164
0.018304
0.010983
0.001692
0.001961
0.009444
0.253093
0.029772
0.001157
0.021271
0.222297
0.055636
0.009672
0.170611
0.011298
0.142551
0.060591
0.087190
0.031969
0.043078
0.710341
0.021032
0.011951
0.072210
0.036253
0.000714
0.022589
0.025533
0.202977
0.085443
0.004945
0.084261
0.017261
0.090599
0.008448
0.059533
0.010498
0.138468
0.053972
0.061913
0.654345
0.041939
0.004291
0.022174
0.003415
0.065894
0.118899
0.013890
0.108818
0.001060
0.028305
0.476826
0.024326
0.032675
0.098172
0.005908
0.042633
0.066029
0.057043
0.022238
0.003615
0.009303
0.002179
0.007079
0.005409
0.001916
0.049156
0.052565
0.013648
0.027076
0.000870
0.017932
0.040703
0.018960
0.029540
0.093089
0.078002
0.005328
0.114274
0.327140
0.025003
0.077746
0.006173
0.005101
0.020718
0.081983
0.097287
0.001060
0.105021
0.119509
0.013311
0.067309
0.159042
0.088720
0.008310
0.321786
0.191804
0.019856
0.003340
0.108524
0.006428
0.012551
0.279295
0.439457
0.055564
0.083045
0.055588
0.008495
0.015096
0.016036
0.031229
0.060368
0.096621
0.105007
0.005557
0.036737
0.092764
0.022947
0.098155
0.012558
0.090850
0.027086
0.337273
0.243322
0.128466
0.086764
0.496614
0.076978
0.006168
0.141294
0.009384
0.086036
0.000859
0.045934
0.002140
0.108819
0.087106
0.004159
0.089169
0.077890
0.319487
0.003995
0.011517
0.018501
0.746358
0.061905
0.035260
0.260976
0.260435
0.003797
0.137658
0.442755
0.001093
0.419244
0.032063
0.036465
0.356902
0.016208
0.046799
0.130449
0.007487
0.021660
0.022917
0.020881
0.026782
0.021637
0.006827
0.001147
0.062513
0.011764
0.197706
0.073885
0.196895
0.056775
0.025814
0.139166
0.037160
0.035765
0.029785
0.090223
0.114901
0.003883
0.038204
0.145538
0.000173
0.080075
0.036918
0.032560
0.033069
0.353011
0.012933
0.002041
0.147018
0.037406
0.073540
0.026571
0.002499
0.445035
0.108400
0.097866
0.061794
0.019386
0.117231
0.003507
0.265383
0.031841
0.039388
0.014298
0.006291
0.089328
0.138775
0.314099
0.015233
0.040680
0.001024
0.000798
0.076825
0.002094
0.009582
0.007157
0.052986
0.222738
0.031905
0.004648
0.091443
0.036311
0.087347
0.000890
0.703439
0.010904
0.048983
0.019962
0.010372
0.029262
0.379168
0.184500
0.097405
0.032737
0.002990
0.085393
0.032646
0.020391
0.066055
0.101191
0.307652
0.207245
0.159149
0.007247
0.037960
0.032776
0.535607
0.005404
0.182331
0.005840
0.481746
0.171296
0.089169
0.006531
0.028250
0.039428
0.026323
0.002855
0.060087
0.078244
0.000603
0.002351
0.066925
0.003507
0.258392
0.011955
0.073239
0.045532
0.055438
0.612936
0.033710
0.085117
0.004796
0.092998
0.006243
0.011326
0.092106
0.001698
0.020542
0.097758
0.004200
0.184357
0.071735
0.000619
0.064638
0.456463
0.007669
0.037204
0.000489
0.335166
0.001407
0.325578
0.071136
0.001307
0.087224
0.009988
0.014619
0.015620
0.013188
0.900799
0.009228
0.003884
0.083875
0.321130
0.109118
0.009760
0.052322
0.077382
0.001310
0.043639
0.031779
0.009397
0.167829
0.492041
0.026916
0.002988
0.096312
0.076096
0.025438
0.024075
0.017221
0.019332
0.015016
0.091876
0.010167
0.000991
0.147658
0.018238
0.099829
0.142692
0.059630
0.036019
0.088738
0.021618
0.573791
0.218699
0.072389
0.510896
0.003409
0.000396
0.004544
0.092561
0.002676
0.004651
0.182526
0.088985
0.013360
0.072467
0.010007
0.019361
0.067264
0.683037
0.240302
0.144869
0.015707
0.097107
0.008043
0.519877
0.067082
0.048353
0.036552
0.169952
0.194552
0.040039
0.106933
0.157888
0.363494
0.017088
0.006593
0.017139
0.009817
0.014351
0.022826
0.029533
0.101083
0.006335
0.143385
0.188942
0.325993
0.005120
0.000365
0.002330
0.111739
0.172960
0.121170
0.002962
0.001408
0.220390
0.001340
0.252002
0.269871
0.072033
0.057882
0.019365
0.001361
0.004918
0.028360
0.012248
0.032256
0.007633
0.006158
0.183785
0.002041
0.084015
0.009685
0.121484
0.323792
0.021204
0.001732
0.046980
0.004267
0.052542
0.145274
0.038397
0.445019
0.006450
0.000276
0.022407
0.004733
0.057576
0.013179
0.038269
0.002292
0.001212
0.011057
0.037026
