721
1.345809
4
91
40
10
1
5047
-0.940069
-0.324160
0.973828
0.863185
-0.982875
0.009848
-0.405687
-0.163493
0.139948
0.369842
0.116641
0.214194
-0.210511
0.434166
0.801810
0.777332
0.180375
0.769354
-0.903943
0.378990
0.501055
0.519078
0.219334
0.776936
-0.527256
-0.124621
0.386899
0.394863
0.017617
0.574067
-0.689942
-0.007644
0.580232
0.822962
0.015591
0.941471
0.236586
-0.746485
0.215771
0.039114
-0.677405
0.820751
0.730719
0.737400
0.207158
0.243299
-0.022240
-0.745234
0.595532
0.664354
-0.296342
-0.604521
-1.000000
-0.283115
0.219321
0.124360
0.608409
0.153123
0.793029
-0.401053
-0.474683
-0.418204
0.961150
0.504627
0.140462
-0.616389
-0.294929
0.970047
-0.136636
0.509410
0.290383
0.562055
0.734053
0.494602
0.287619
-0.558419
-0.366024
-0.725839
-0.008180
0.241244
0.301092
0.591770
1.000000
0.634527
-0.828365
-0.305408
-0.752615
0.205352
0.634188
-0.641012
-0.277874
0.617031
-0.159805
0.122349
0.047468
0.752777
0.401592
-0.888465
-0.957378
0.486202
1.000000
0.175188
-0.639972
-0.788661
-0.454681
-1.000000
0.832748
-0.910685
0.287882
0.687180
0.064662
0.896057
0.228245
-0.411858
0.948626
-0.238222
-0.173641
-0.723854
0.769343
-0.002411
-0.698893
-0.181339
-0.560510
0.828817
-0.051176
0.338979
-0.971860
0.787016
0.083366
-0.843772
-0.230860
0.193875
0.402351
-0.434381
0.806583
-0.398681
0.356360
0.217995
0.673199
-0.394583
1.000000
0.245679
-0.404636
-0.410990
0.405362
0.272708
-0.581417
-0.032654
0.188195
0.888400
0.356484
0.609232
1.000000
0.324423
-1.000000
0.996413
-0.722857
-1.000000
0.608614
-0.025926
0.820007
0.487364
0.586046
0.343521
0.429843
0.968709
-0.974390
-0.063049
-0.165076
0.705279
-0.270735
-0.249431
-0.330918
0.825321
-0.493103
0.498671
-0.314766
-0.815811
0.668393
0.648943
-0.648804
0.468778
0.886803
0.315166
1.000000
0.684862
-0.987663
0.363476
0.751954
0.307533
-0.586068
0.998930
0.074532
-0.913409
-0.711523
0.161119
-0.854591
0.675312
-0.141196
0.762042
0.798674
-0.804123
0.829810
-0.059242
0.466568
-0.684905
-0.242021
1.000000
0.925354
-0.883253
-0.878509
-0.740222
0.822371
-0.186870
0.963280
-0.720330
-0.131964
1.000000
-0.109238
0.418376
0.675018
-0.201925
0.174655
0.732756
0.900269
-0.382804
-0.183084
0.235593
-0.164272
-0.794502
0.083036
0.347511
0.105635
-0.030059
0.923629
-1.000000
-0.500982
-0.396436
0.669005
1.000000
-0.096436
1.000000
-0.990399
-0.350798
0.845213
0.886890
-0.045651
-0.416133
-0.096178
1.000000
-0.041654
1.000000
0.412701
-0.990803
-0.781730
0.438277
0.288508
0.172960
-0.184595
-1.000000
-0.775510
-0.131337
-0.119306
0.847648
0.210272
0.667681
0.052754
1.000000
0.353569
-0.650356
-0.849833
-0.804993
-0.523274
0.102596
0.524169
0.048385
0.430551
1.000000
-0.453170
-0.787869
-0.754936
1.000000
0.485555
-0.983993
-0.422608
-0.927715
0.188650
-0.159266
0.747735
-0.008080
0.911544
-0.848200
-0.860050
0.929020
-0.709198
0.184383
-0.330612
0.569030
0.608884
1.000000
0.110349
0.296717
0.506859
-0.184965
0.495307
0.076429
-0.642327
0.826496
0.317132
0.354563
-0.472048
0.727834
0.626329
-0.701289
0.617765
0.647959
0.255811
0.768455
0.346858
1.000000
-0.294699
0.282995
-1.000000
-0.447379
0.440494
0.200220
0.022436
0.214048
-0.563305
-0.044053
-0.314607
0.722134
0.507894
0.535960
0.176918
-0.552147
-0.001107
-0.917206
0.616520
0.665847
-0.089168
0.492946
0.391717
-0.737555
0.561778
-0.015249
-0.652522
-0.613028
1.000000
0.892331
0.891131
-0.223771
0.657037
-0.365827
-0.087440
-0.914310
-0.473960
-0.499870
-0.056483
0.599903
0.945605
0.161329
-0.749643
0.314047
1.000000
-0.234326
-0.565146
-0.683479
0.741806
-0.447388
1.000000
0.666881
-0.130568
-0.865660
0.249500
-0.234338
0.017604
-0.548214
0.371194
-0.462046
0.807647
0.221376
-1.000000
0.767132
-0.486830
-0.303773
-0.160585
-0.832014
-0.070325
0.625422
0.672737
-0.992630
-1.000000
0.002341
-0.382275
-0.932288
0.204423
-0.788878
-0.575701
-0.498592
0.117856
-0.608759
0.431994
-0.053654
-0.770823
-0.616522
0.945073
-0.666175
0.042513
0.273517
-0.513102
-0.300678
-0.716733
-0.042429
0.450923
0.051547
-0.519506
0.378047
0.341906
-0.136518
-0.931206
-0.543267
0.723008
-0.699418
0.885957
-0.276798
0.761194
-0.953321
-0.214559
-0.252497
0.114480
0.478764
-0.403862
0.177632
-0.937930
-0.802256
-0.559055
0.509189
0.891026
0.552557
-0.512739
0.112754
0.490982
-0.324393
0.261467
-0.958926
0.252318
0.488643
-0.655981
-0.633061
0.150709
-0.748696
-0.630389
-0.095762
-0.190456
0.353511
-0.364266
-1.000000
0.597554
0.862645
0.611428
0.083692
-0.294114
-0.597372
-0.386632
0.969295
0.344190
0.819277
0.827745
-0.198824
0.315319
0.612621
0.643394
-0.494070
0.684742
-1.000000
0.007674
-0.110639
0.021449
-0.838717
0.468709
-0.588077
0.177667
-0.976088
-0.245740
-0.960650
0.688933
-0.954968
0.321037
-0.468987
0.538521
0.040337
-0.405299
0.732360
-0.739508
0.683531
0.456373
-0.975305
-0.073845
0.498310
-0.155612
-0.152377
0.588597
-0.234779
0.661854
0.968239
0.790063
-0.925322
-0.038440
-0.159227
0.431398
0.400695
0.626642
0.500936
-0.444626
0.441390
0.575239
-0.450491
-0.165294
0.468834
-0.331390
-0.907309
-0.024184
-0.749529
-0.918366
1.000000
-0.085154
-0.627531
0.237668
-0.763157
-0.331477
0.381177
-0.192925
0.158348
0.012151
0.634725
-0.058478
-0.017503
-0.734140
-0.366649
0.334810
-0.674844
0.766543
-0.476228
0.195146
-0.385208
-0.294052
-0.938317
-0.597460
0.548295
0.528104
1.000000
0.617043
-0.912131
-0.054058
0.229881
-0.547907
-0.335591
-0.576370
-0.026480
0.688824
-0.400747
0.750941
-0.205938
0.304023
-0.576623
0.026336
0.596939
0.256301
0.346046
-0.042870
0.206711
-0.839203
0.391580
0.431754
-0.370651
-0.292080
0.051991
-0.715170
0.835252
-0.026116
-0.449613
0.493803
-0.822733
-0.125018
-0.222746
0.908268
-0.143270
0.515211
0.714262
-0.810844
0.583075
-0.847728
-0.330689
0.208246
0.457715
0.184342
-1.000000
-0.193655
-0.020992
0.962893
-0.504864
0.613925
0.697118
0.053845
-0.671272
0.614999
0.275701
0.620036
-1.000000
-1.000000
-0.464809
-0.717557
-0.699676
-0.493780
-0.540773
0.080584
0.263300
-0.146299
0.210175
-0.867141
0.524145
-0.817725
-0.175464
-0.437774
0.742010
-0.258747
0.491563
-0.894983
-0.998984
-0.390389
-0.660119
0.765948
-0.155909
0.324641
0.288955
0.141387
-0.382633
0.886575
-0.104532
-0.285277
0.532164
0.290119
0.436326
0.649630
0.192829
-0.166293
0.094702
-0.047952
-0.741311
-0.954416
-0.778367
0.399816
0.107292
0.317787
-0.673513
-0.041946
0.127956
-0.288208
-0.202495
-0.618572
0.442157
0.658839
0.927873
-0.952997
0.066031
0.084609
-0.374161
-0.652467
-0.470712
-0.476156
0.934859
-0.782176
0.273467
-0.908137
-0.462958
-0.288225
0.415078
-1.000000
-0.939116
-0.271025
-0.570954
0.193035
-1.000000
-0.434626
0.905471
0.821198
0.779540
-0.188458
-0.019656
-0.907380
-0.147579
-0.636725
0.545268
-0.181209
-0.962373
-0.966528
0.738669
-0.779886
-0.568016
-0.856022
-0.877570
0.954744
0.169718
0.789083
-0.101481
-0.323509
-0.328618
0.641090
1.000000
0.933581
0.327274
0.082819
0.368580
0.118137
-0.866782
-0.376472
0.741564
0.046613
0.870648
0.670004
0.100214
-0.009332
0.894893
0.866425
0.806810
-0.512133
-0.650719
0.844781
-0.066909
0.839474
-1.000000
-0.290172
-0.302141
-0.054606
-0.247112
0.327847
-0.382432
1.000000
-0.217338
0.065140
0.531051
-0.173259
0.183917
0.639178
0.786903
0.230321
0.128574
0.242260
-0.582560
-0.304444
-0.178254
0.587676
0.229658
-0.074073
0.303183
-0.471752
-0.374405
-0.806904
-0.462416
-0.930003
-0.017306
-0.882015
-0.651364
0.004849
0.904109
0.296111
-0.464961
0.276588
-0.716831
-0.978289
0.041887
-0.716944
0.488978
0.441416
-0.273019
-0.724826
0.693121
-0.782030
-0.690378
-0.638096
0.963640
-0.406184
0.184341
-0.733364
0.397755
0.050253
-0.115931
0.517729
-0.817174
-0.966387
0.029349
-0.556281
0.227660
0.900483
-0.026682
-0.120702
-0.250684
0.829145
0.173227
0.981444
0.001715
0.107185
0.338239
-0.395334
0.857619
-0.551269
-0.136536
-0.156572
-0.967082
0.013554
-0.025428
0.362833
0.700033
0.306983
0.347563
0.116679
-0.602547
0.640347
-0.909082
0.183373
-0.943470
-0.933939
-0.388541
0.519606
0.227872
-0.819360
0.509608
-1.000000
-0.967069
-0.457494
-0.906374
-1.000000
-0.337294
-0.023778
-0.456359
-0.123529
0.144110
-0.053869
-1.000000
-0.755317
0.572252
-0.516596
-1.000000
0.653285
0.276641
-0.304329
-0.675737
-0.717754
-0.191058
0.050493
1.000000
0.189789
-0.363709
0.679059
-1.000000
0.137093
0.386629
-0.604241
0.204068
-0.336550
-0.052079
-0.129610
-0.434556
-0.252444
0.469319
0.914262
-0.034526
-0.548064
-0.345952
0.626703
-0.207042
-0.052627
-1.000000
-1.000000
0.331141
0.987634
-0.470568
1.000000
0.826533
0.350173
-0.154458
-0.883713
-0.379483
1.000000
0.097835
0.760827
0.092354
-1.000000
0.196647
-0.285162
0.073767
-0.552960
0.789307
0.667691
-0.217064
-0.754972
0.135793
0.564796
0.318970
0.590563
-0.512414
-0.881348
0.293467
0.157667
-0.600513
-0.168818
-0.833909
-0.414919
0.803818
0.674881
0.042656
-0.520493
-0.148065
0.578616
0.814101
-0.913387
-0.918009
0.233348
-0.181945
0.367740
0.506537
-1.000000
-1.000000
-0.421102
0.164914
0.852371
-0.081504
-0.505733
0.810268
-0.383820
-0.723799
0.314494
-0.715855
0.594088
-0.913668
-0.848305
-0.787759
1.000000
0.284556
0.440293
0.353124
-0.868913
0.981468
-0.796931
0.976203
1.000000
-0.286900
-0.914392
-0.855411
0.084471
-0.423892
1.000000
-0.841026
-0.331669
-0.281727
0.068138
0.717794
0.854235
-0.843196
-0.957310
-0.822006
0.731184
-0.529153
0.249835
0.155557
-0.284404
-0.899776
-0.950489
0.883742
0.207651
0.345659
-1.000000
-0.311790
0.084484
0.744864
-0.739383
0.406512
-0.669955
0.310357
-0.838437
-0.808030
0.367803
-0.622022
0.824623
-0.334463
-0.974913
-0.975530
-0.462029
-0.204113
0.039678
0.715124
-0.239376
-0.728432
-0.671402
-0.761803
0.881750
0.278407
0.939899
0.738639
0.456889
-0.271689
0.778576
0.568225
0.780734
-0.232145
-0.491398
0.069071
0.061564
-0.021396
-0.728471
0.148163
-0.504597
-0.949908
-0.895876
0.851096
-0.794410
0.991897
-0.827194
-0.066561
0.358272
-0.376996
-0.981633
-0.689937
0.564800
0.747344
0.609085
-0.798013
0.875587
-0.106551
0.143287
-0.908658
-0.971685
0.944344
0.524405
0.505964
-0.833789
-0.711116
-0.056027
-0.492790
-0.998685
-0.517482
-0.779918
-0.816017
1.000000
-0.118366
-0.748527
-0.361857
-0.202551
0.761924
-0.498587
0.532767
-0.863594
-0.434170
0.479925
-0.800744
0.323791
-0.509322
-0.843762
0.661847
-0.809633
0.745176
-0.271404
0.110047
0.146264
1.000000
0.595784
0.422961
0.358185
-0.495276
-1.000000
-0.964999
1.000000
0.254484
0.932507
-0.453057
0.882993
0.729451
-0.384243
-0.866967
-0.708148
-0.762689
0.062595
-0.477978
0.747783
0.810916
0.755245
-0.028429
0.309262
-0.661483
0.835090
1.000000
-1.000000
0.292435
-0.957872
0.213866
0.175583
-0.802330
1.000000
-0.605065
-0.854685
0.006560
0.947358
-1.000000
-0.257018
0.015495
-0.741526
0.688677
-0.750903
-0.616511
-0.608683
0.762834
0.182579
0.232279
-0.761196
-0.597304
1.000000
0.226719
-0.183553
0.147251
-0.695552
-0.707939
0.129341
0.283134
-0.831496
-0.849025
0.874551
-0.866440
-0.764419
-0.846059
0.134813
0.397893
0.895289
-0.080389
0.516044
-0.624786
-0.004333
0.615387
0.009291
0.832944
0.346351
-1.000000
-0.107788
0.948705
0.935622
0.152221
0.431594
0.084064
0.230067
0.043120
0.627376
1.000000
0.542752
-0.849895
0.146655
1.000000
-0.785555
-0.091752
1.000000
0.237751
-0.755468
-0.172857
0.094936
-0.430009
-0.826809
-0.188809
0.331972
-0.351087
-0.279365
-1.000000
0.919758
0.330232
0.631773
-0.079551
0.685714
0.968917
0.498831
0.570241
-0.308349
-0.001454
0.514286
-0.923125
0.441153
-0.033934
-0.412548
0.713771
0.640452
0.453621
0.065483
0.692052
-0.370614
0.324426
-0.660229
0.054618
-0.524152
-0.805540
0.537902
-0.314149
-0.620244
0.118397
0.708611
-0.050039
-0.976070
-0.356758
-0.103026
0.769198
0.083836
-0.480811
-0.592587
-0.873398
0.319372
-0.154350
-0.225476
0.392574
-0.819968
-0.126639
0.510330
-0.721109
-0.871931
0.902404
0.232106
0.284334
-0.395430
-0.508500
-0.368463
0.835460
-0.479022
-0.336712
-0.167952
-0.181923
-0.248723
0.310721
0.194899
-0.566949
-0.098399
-0.728009
-0.067569
0.292433
-0.327135
-0.436066
0.229083
0.636645
0.646392
-0.352198
0.455229
0.809154
0.023032
0.087763
0.544222
0.698999
-0.838334
0.167569
0.675535
-0.671846
0.231209
0.074575
0.707062
0.498594
-0.958138
0.338709
0.024036
0.418532
0.829626
0.277873
-0.206367
0.400957
-0.150645
-0.228739
-0.712114
0.907223
-0.283902
0.614127
0.333238
-0.538403
-0.078753
-0.241487
0.625308
-0.625494
-1.000000
0.182015
-0.619266
-0.782550
0.935922
0.375546
0.208291
-0.632150
-0.502242
0.059471
-0.443577
0.024026
0.803605
-0.199270
0.356258
0.476914
0.028003
-1.000000
0.898424
-0.560852
0.734823
-0.137243
-0.998065
-0.197228
0.890533
-0.419469
-0.049887
-0.620570
-0.226688
0.012247
0.177255
-0.611623
0.440899
-0.854942
-0.050977
-0.003711
0.034927
-0.253370
0.483072
0.865294
0.062180
-1.000000
-0.017688
-0.010064
-1.000000
-0.949894
0.224724
-0.128357
0.911582
0.648213
0.517033
0.130658
0.587306
-0.281894
-0.538960
-0.537271
0.523983
-0.909411
0.292513
-0.320448
-0.154554
0.014224
0.704972
-1.000000
0.596182
0.108119
-0.617482
-0.754093
0.256097
0.229736
-0.285643
-1.000000
-0.073322
-0.980000
0.669997
-0.412667
0.200918
0.900800
-1.000000
-0.257912
-1.000000
-1.000000
0.376642
-1.000000
0.323506
-1.000000
0.185732
-0.622907
-0.178827
0.309479
0.100763
0.080160
0.296143
-0.268077
-0.066717
0.728199
0.108622
-0.117801
-0.362965
-0.027849
0.010349
-0.903810
-1.000000
-0.049615
-0.754704
-0.900792
0.171174
1.000000
-0.112993
0.096149
-0.233994
0.842998
-0.885466
-0.548065
0.072779
0.686082
0.806747
-0.801980
-0.528119
0.868293
-0.482139
-0.956957
-0.046949
-0.838262
-0.259215
-0.951020
-0.416388
-0.473514
-0.381918
1.000000
-0.946731
-0.167136
0.728575
-0.377995
0.564151
0.092020
0.444036
0.386106
0.414512
-0.161608
-0.580460
1.000000
-0.490645
-0.129871
-0.968313
0.255034
-0.611976
0.638285
-0.358081
-0.034463
0.199522
0.021132
-0.364959
-0.154124
0.522909
-0.356694
0.118367
-0.172052
0.660296
-0.770409
-1.000000
-0.339667
-0.160507
0.111118
0.098476
0.436818
-0.119554
0.719132
-0.897697
-0.656809
1.000000
0.017635
-1.000000
0.193116
-1.000000
-1.000000
0.902275
-0.858945
0.462486
0.236701
0.112264
-1.000000
0.433575
0.271024
0.187781
-0.385737
0.868362
-0.137163
-0.271961
-0.987557
-1.000000
-0.183366
0.383546
-0.375757
1.000000
0.069750
-1.000000
0.123159
0.981575
-0.203106
0.277632
-0.186985
0.082265
0.509262
-0.620958
0.049332
0.847172
1.000000
0.885740
0.708261
-0.998665
1.000000
-0.107006
0.598776
-0.453689
-0.146302
0.336600
-0.485037
-0.513717
0.453401
-1.000000
-0.025654
0.421804
0.234640
-0.827456
0.707944
1.000000
0.945339
-0.193115
-0.498417
-0.316045
0.489690
0.540366
0.000068
-0.139404
-0.946093
-0.484815
-0.399881
1.000000
-0.389289
-0.519227
0.484392
0.379682
-0.836923
-0.545573
-0.072312
-0.633639
-0.877601
0.050284
-0.501376
-0.742757
-0.132774
0.229358
-0.931619
0.637348
0.915742
-0.885981
0.272571
-0.269438
0.282765
1.000000
0.199086
0.983594
0.262538
-0.953122
-0.195469
1.000000
1.000000
0.780056
-0.105637
-0.579322
-0.762594
0.044187
-0.754457
-0.251889
0.475014
0.322979
0.938036
0.902022
-0.366583
0.993547
1.000000
0.206514
-0.521868
0.095581
0.538919
0.631433
0.755508
-0.592197
0.001442
1.000000
-0.202009
0.420882
0.209495
0.703172
0.963054
-0.627123
0.685901
1.000000
0.147739
-0.672456
0.872209
-0.364461
0.715087
-0.107361
0.349623
-0.746413
0.126541
-0.128820
-0.293271
0.321258
-0.373192
-0.454384
0.625906
-0.457840
-0.163830
-0.331126
0.219038
0.302418
0.876439
0.585531
-0.009474
0.184294
-0.503225
-0.749828
-0.502904
0.810140
-0.772263
0.310692
-0.272805
-0.472116
-0.128959
-0.238814
0.815982
0.959072
-0.961606
-0.583226
0.430327
0.593603
-0.852392
0.902489
0.021499
-0.440416
0.155376
-0.929140
-0.643021
0.730742
0.414462
-0.583960
0.783935
0.673596
-1.000000
0.854583
0.740570
-0.905727
-1.000000
0.195380
0.732095
-0.208308
-0.701107
0.873971
0.343698
0.244657
-0.974850
0.824466
-0.148189
-0.302729
1.000000
0.164475
-0.096160
-0.557243
0.130947
0.278690
0.543971
-0.865710
-0.394428
0.762126
-0.149191
-0.746134
-0.251974
-0.076660
-0.037311
0.988356
0.159077
0.718968
0.359961
0.964193
0.697254
0.822929
-0.248651
0.232838
-0.516533
-0.330888
0.641877
0.275471
0.770664
0.464511
0.011268
-0.135896
1.000000
0.996927
-0.485416
0.017734
-0.072552
0.813801
0.622387
0.157282
0.456714
0.957424
0.738275
-0.168787
-0.033597
-0.741048
0.235379
0.086618
-0.083804
-0.106413
-0.190665
0.077715
0.295766
-0.042979
-0.443817
-0.981330
0.409734
0.155524
-0.189741
-0.161867
-0.817669
-0.273615
-0.621065
0.139456
1.000000
0.285600
0.003808
0.578349
0.290485
-1.000000
0.693616
-0.400867
-0.416662
-0.456924
0.139813
-0.958711
0.361248
-0.004952
-0.158755
0.247775
-0.830530
1.000000
0.163163
-0.678891
-0.872856
-0.931122
0.961747
-0.142844
-0.918517
-0.527529
0.475272
0.699066
0.945044
-0.025598
0.917725
0.097762
0.782892
-0.448055
0.024232
0.525595
0.946446
0.116283
-0.698165
-0.886238
-0.014303
-0.442980
-0.129968
-0.941724
-0.968795
-0.980941
-0.375312
0.888611
0.505862
-0.885659
-0.710928
0.018996
1.000000
-0.022644
-0.913852
-0.553967
-0.409029
-0.630880
0.009895
0.395901
0.720286
0.253783
-0.708481
0.241207
0.167828
-0.868624
0.669579
0.509783
-0.134962
0.273939
-0.601948
0.254535
0.919365
-1.000000
0.229194
-0.984908
-0.006397
0.866780
-0.738346
0.231871
-0.895926
-0.554100
-0.949890
0.243365
0.652072
0.742001
-0.000360
0.867812
-0.019098
-0.887361
-0.176067
1.000000
-0.200761
0.777963
0.221905
-0.265758
-0.209331
0.398757
-0.929392
0.112454
-0.464320
0.779476
-0.513692
0.432939
-0.102439
-0.781864
0.963996
0.904496
-0.874554
-0.117109
-0.366483
0.933570
0.386650
-0.251531
-0.210657
-0.978930
0.588813
0.403807
-0.711804
0.551301
-1.000000
0.252689
0.812405
-0.334873
-0.396315
-0.571077
1.000000
-0.537943
0.587548
0.671618
0.094635
-0.935015
-0.872931
-0.819040
-0.007605
0.667488
0.764190
-0.651268
-0.141242
-0.965045
-0.029534
0.142870
-0.555807
-1.000000
0.660668
-0.107572
-0.027074
0.415894
0.238551
1.000000
0.013557
0.556303
0.188739
0.747780
-0.521835
-0.341143
-0.127772
0.190959
0.598636
0.110419
-0.671596
-0.003527
-0.556106
0.884639
-0.261455
-0.166016
-0.521404
0.219060
0.446326
-0.726845
-0.126374
0.463243
0.624799
-0.276074
0.530250
-0.898560
0.148475
-0.588206
0.226900
-0.340893
0.576070
0.646467
0.942396
-1.000000
0.322405
0.269450
0.022674
0.914125
1.000000
-0.410161
-0.331063
0.845507
0.294199
0.017146
-0.575853
0.101630
-0.771848
-0.752465
0.781934
0.860792
0.791024
0.685525
0.907285
-0.076315
0.417539
-1.000000
0.194835
-1.000000
-0.775999
0.597817
0.193940
0.316634
-0.483190
0.716323
0.393822
-1.000000
0.833843
0.200838
0.134373
0.961216
-0.798740
0.532746
-1.000000
0.670268
-0.240146
0.402479
-0.661727
0.506599
-0.503403
-0.793528
-0.792614
0.808135
0.010495
0.637389
-0.701499
0.907441
-0.793612
-0.779375
0.819659
-0.913789
0.065148
1.000000
0.826564
0.425282
0.506815
-0.924018
-0.874935
0.702225
-1.000000
0.488650
-0.365432
0.197001
-0.201898
1.000000
-0.428076
-0.373609
0.280484
-0.588359
0.713872
-0.309707
-0.177118
0.281087
0.274473
0.184066
0.818306
0.093047
-0.094246
-0.778469
0.823759
0.198321
-0.881278
0.950595
0.164969
0.123498
-0.499192
-0.002738
-0.334656
0.848758
-0.539070
-0.396845
-0.291510
0.118812
0.115760
0.249393
-0.957612
0.200470
0.647041
0.068255
0.665905
0.266115
0.356827
0.307943
-1.000000
-0.044327
-0.475829
-0.100456
0.767658
-0.483810
-0.471959
-0.194328
-0.355350
0.215666
-0.752133
-0.856762
-0.719822
0.186136
-0.882117
1.000000
0.676861
-0.705154
0.788564
0.033656
0.221919
0.671728
-0.280264
0.310158
-0.587003
-0.007476
0.141519
-0.368022
0.043417
0.008229
0.154165
0.667330
-0.958167
-0.365846
0.378915
-0.482460
0.284240
-0.244482
0.146509
0.079354
-0.781325
0.431281
-0.352521
0.348662
-1.000000
-0.122043
0.278363
-0.752010
-0.835177
0.672401
-0.799446
0.178772
0.603936
0.403049
0.334404
0.409362
-0.204857
-0.249496
0.431027
-0.949656
0.133720
-1.000000
-0.515259
-0.778586
1.000000
0.710278
0.414110
-0.391525
0.334205
0.663625
-0.789416
-0.776764
-0.517329
-0.134165
0.614938
0.681523
0.731481
-0.429713
0.502303
0.256955
0.269516
-0.532718
0.157393
-0.680961
-0.954899
-0.256252
-0.476087
-0.959865
-0.318732
-0.232949
0.871593
1.000000
0.720423
0.888901
0.338608
-0.825540
0.135593
-0.334665
-0.791601
0.828615
-1.000000
0.152418
-0.332308
0.180041
0.130354
-0.033867
-0.108997
0.149745
0.656035
0.861582
-0.344673
-1.000000
0.723737
0.469820
-0.261690
0.359400
0.086125
0.039081
0.813898
0.227681
-0.462843
-0.362467
-0.132182
-0.303044
-0.372326
-0.565670
0.074887
-0.257929
0.983095
0.178344
0.562562
0.781437
-0.250814
-0.156613
0.213358
0.171385
-0.583932
0.061913
-0.771401
-0.161649
-0.846772
0.923300
0.342636
0.529292
-0.655045
-0.529408
-1.000000
-0.334590
-0.337576
0.741494
-0.520172
0.376216
0.494327
0.303793
0.803537
0.906810
0.086066
-0.359573
0.788516
-0.826288
-0.120900
0.120285
0.663583
-1.000000
0.286837
0.550231
-0.130974
0.056213
0.899673
0.331761
0.846211
0.138289
-0.958722
0.436166
0.325156
-0.685647
0.006778
0.020140
0.005036
0.553839
-0.340288
-0.368120
-0.184533
-0.526269
0.059860
-0.223998
1.000000
-0.063011
0.192186
-0.602003
0.276088
0.077780
-0.930362
0.387659
-0.810530
0.780230
-0.218186
-0.223034
-0.246474
0.607475
1.000000
-0.008933
-0.551828
0.761191
0.060227
0.059130
0.168988
0.131329
0.477044
-0.475793
0.271660
-0.572548
-0.685980
0.367754
0.505375
0.318142
-0.434236
-0.873169
-0.371113
-1.000000
0.817827
-0.961270
0.060345
0.334771
0.145936
-0.111908
0.639719
0.462711
-0.325223
0.323851
0.161872
0.275142
-0.921455
-0.040490
-0.850918
-0.332426
-0.021596
0.043680
-0.787317
-0.286211
0.868605
-0.683237
0.060374
-0.392345
1.000000
0.470204
0.571267
0.804045
-0.743633
-0.522255
-0.437023
-0.906479
0.806746
-0.863725
-0.684845
-0.050246
0.140903
0.557092
0.993423
0.428612
-0.852980
-0.869693
0.271196
0.554291
1.000000
-0.748365
0.154023
-0.737073
-0.874384
0.789870
-0.549468
0.953158
0.336893
0.110536
-0.187120
-0.910210
0.892644
0.532250
0.978042
0.083588
-0.957643
-0.908982
-0.877381
-0.585230
0.166913
-0.618168
-0.509701
0.822717
-0.292745
-0.185082
-0.461730
0.531794
0.914499
0.197573
-0.847215
0.100860
-1.000000
-0.919694
-0.143744
-0.297733
0.212977
0.995071
-1.000000
-0.729058
-0.149829
0.100742
-0.478145
-0.785765
-0.294164
0.934696
0.046317
0.140190
0.841635
0.217266
-0.873517
0.547498
0.204071
0.011662
-0.559172
0.643380
0.963880
-0.419958
-0.277186
-0.194833
0.576173
0.241791
0.039298
-0.775159
-0.934702
-1.000000
-0.370565
-1.000000
-0.222098
-0.246708
0.034569
-0.515864
1.000000
-0.836412
-0.682371
-0.652208
-0.130618
-0.189607
0.429930
0.945009
0.591511
-0.491015
0.292963
0.656886
-0.743480
-0.521418
0.098071
-0.302798
0.804035
0.555273
-0.783586
-0.121170
-0.722715
0.269127
0.622240
-0.660214
-0.790140
0.298861
0.862764
0.890728
0.017497
-0.134343
0.525193
0.113896
0.283159
0.155246
-0.499378
-0.646798
0.771439
0.559148
-0.932283
-0.787668
-0.435120
0.461418
-0.389553
0.184629
-0.665004
-0.758154
-0.713539
0.782032
0.281585
0.360994
-0.066475
0.690230
-0.988676
0.255553
-0.076824
-0.207470
0.200948
-0.764724
-0.207574
-0.714654
0.712752
-1.000000
0.777053
-0.276793
-0.187224
0.653541
-1.000000
-1.000000
-0.967837
0.870070
0.013367
0.089128
0.436591
-0.426429
-0.472478
0.196819
0.722491
0.180460
0.894697
-0.500669
-0.070850
-0.206360
-0.958287
-0.861104
-0.027636
-1.000000
0.783536
0.741433
0.982183
0.637453
-1.000000
-0.929142
-0.720979
0.897680
-0.875318
0.980263
-0.757301
-0.056391
0.333481
0.524500
0.728079
-0.051342
-0.637934
0.123709
0.917235
0.086779
0.094378
-0.538883
-0.960656
0.097770
-0.795146
0.847369
-0.868006
0.305573
-0.147733
-0.664905
-0.180704
0.731100
-0.579309
-0.537118
0.384266
0.848915
0.740472
0.161743
-0.967191
0.353867
-0.175257
0.885455
0.100523
0.170679
-0.005527
-0.472938
0.271528
-0.180103
-0.970384
-0.261182
-0.897404
-0.701007
-0.052888
0.936395
-0.853167
0.765411
-0.150672
-0.874983
-0.454153
-0.708039
0.508544
0.722600
-0.262172
-0.449289
-0.811470
-0.474226
0.709302
0.072970
0.931933
-0.265683
0.490414
0.372092
0.661686
0.473839
-0.515367
-0.241418
-0.978935
0.249092
0.278429
0.305482
0.028500
-0.525324
0.579145
-0.897287
0.012175
0.196805
-0.247637
0.626754
0.780170
-0.731956
0.207722
0.514834
-0.542177
-0.568056
0.934738
-0.379186
0.839701
0.976183
-0.522046
0.598304
0.546713
-0.384418
-0.538380
0.254199
1.000000
-0.771670
-0.623107
-0.419860
-0.530310
0.704680
-0.980094
-0.166430
-0.220954
-0.669940
-0.339116
0.410662
0.405928
-0.716573
0.021645
0.037439
-0.154036
0.919978
-0.745186
-0.124762
0.673729
0.263455
0.162723
0.639292
-0.473063
0.188537
-0.004927
0.631179
0.794093
-0.088613
-0.325235
-0.841227
0.185992
-0.512528
0.761394
-0.847375
-0.950239
-0.389369
0.506322
-0.145291
0.310156
0.116756
-0.389334
0.681120
0.629445
-0.808985
0.198075
0.615646
-0.604325
-0.345113
-0.834563
-0.980640
-0.753529
0.223029
0.432736
0.746855
-0.466231
-0.346078
-0.060312
0.791334
0.812699
-1.000000
0.122830
0.017450
0.137198
0.189778
-0.476611
-0.122711
-0.188381
1.000000
0.656135
-0.970811
0.374956
-0.550214
-0.260172
-0.939453
0.454574
-0.114741
0.047092
0.504337
0.987631
0.503066
-0.744645
0.712551
0.665580
0.301074
0.108333
0.199792
-1.000000
0.459477
0.568652
0.835540
-1.000000
0.805181
-0.453750
-0.754172
0.352308
0.888954
-0.846674
0.545746
-0.181750
-0.190297
-0.342137
0.913835
0.945746
-0.952230
0.235791
0.967684
1.000000
0.097238
0.006658
0.028705
-0.674366
0.431934
0.568544
-0.978514
0.871359
0.027445
-0.173509
-0.812207
0.366103
-0.334585
0.051975
-0.056977
-0.547482
-0.085360
-0.438068
-0.006491
-0.239969
-0.524960
0.156452
-0.185249
0.043458
-0.802236
0.433544
0.108312
-0.200977
-0.181862
0.428180
-0.706239
-0.654502
-0.410146
-0.421939
-0.193382
-0.588451
0.957441
0.838335
0.981460
-1.000000
0.840182
0.691824
0.019301
0.497619
0.725822
-0.229676
0.044520
0.647468
-0.768625
0.873113
-0.285047
-0.516701
-0.456738
-0.011327
0.975940
-0.170568
0.579695
-1.000000
0.462770
-0.410686
-0.252167
-0.221703
0.507827
0.147067
0.103620
0.413618
-0.420745
-0.274914
-0.337576
0.052861
-0.747101
0.335207
0.632552
0.670893
-0.046368
0.230183
-1.000000
0.453270
0.133294
0.106134
-0.480259
-0.244382
0.969720
0.538910
0.729549
0.695237
-0.972860
-0.219692
-0.926727
-0.586529
0.478934
-0.342107
0.686941
-0.728287
0.591019
-0.700394
-0.287584
-1.000000
0.422434
0.641414
-0.099229
-0.138704
-0.414697
1.000000
-1.000000
0.126289
0.249499
-0.901492
-0.532092
-0.092345
-0.228702
-0.001475
0.147286
0.120106
0.599015
0.602375
0.357018
-0.433884
0.200272
0.135813
-0.711658
1.000000
-0.919965
-0.561074
-0.721611
0.338854
0.041163
0.617026
-0.567184
-0.301436
0.230671
-0.977486
-0.945200
-1.000000
0.201038
0.823013
0.167303
-0.200115
-0.863786
0.923297
0.298610
0.370605
0.011429
-0.050373
0.935105
-0.166320
-0.236780
-0.758523
-0.715506
-0.329293
-0.396018
-0.493811
-0.031460
-0.939125
0.930067
0.040056
-0.596399
-0.999122
0.111975
0.437031
0.311399
-0.644099
0.505245
0.808574
1.000000
1.000000
0.274126
0.430929
-0.975142
-0.237401
-0.325682
0.964253
0.497147
-0.079446
0.667173
0.599513
-0.103732
0.808224
0.026553
-0.493614
-0.419203
-0.900573
0.894644
1.000000
0.686105
-0.292123
-0.969837
0.105234
-0.190110
0.643696
0.289747
0.848542
0.066835
0.830905
0.844067
0.607398
0.415491
0.044357
0.384507
0.352859
0.377281
-0.942254
-0.564829
0.573702
-0.127704
0.123749
0.303548
-1.000000
-0.179379
-0.772754
0.175904
-0.171816
0.321707
0.948583
-0.970943
0.703976
0.336417
1.000000
0.326480
0.097591
-0.402373
-0.046433
0.982934
0.532390
-0.567757
-1.000000
-0.006900
-0.110401
-0.311551
-0.170276
-0.683754
0.145506
-0.808143
-1.000000
0.083898
0.262193
-1.000000
-0.890547
-0.714293
-0.043988
-0.248255
-0.449527
-1.000000
0.985095
0.042782
0.797239
0.812957
0.569162
-0.581813
1.000000
0.828064
-0.044906
0.353717
0.131952
-0.263777
-0.945824
-0.027010
-0.086148
-0.819991
-0.357440
-0.260209
0.191815
0.497742
0.783736
-1.000000
-0.971663
-0.482149
0.929048
-0.056806
0.817747
-0.280877
0.620934
0.741051
0.683204
-0.543822
-0.961286
-0.435107
0.676646
-0.428162
-0.029606
-0.628366
0.746773
-0.925923
-0.037436
0.819632
0.666301
-0.191751
0.825692
0.134985
-0.465874
1.000000
-0.273289
1.000000
0.233622
0.104156
0.805156
0.023008
0.518656
0.569107
-0.188149
-0.677875
-0.498863
-0.602704
-0.241919
-0.925758
1.000000
0.042657
-0.992828
-0.529480
-0.963937
-0.262183
-0.370506
0.325109
0.478675
0.044705
-0.959575
-0.475469
0.719946
0.794094
0.966897
0.270271
0.821703
-0.201882
-1.000000
0.271813
-0.819223
0.086257
-0.499965
0.795916
-0.761790
0.369764
0.620834
0.857554
0.990075
0.901213
-0.297220
0.213892
-0.824438
-0.064662
0.815699
-0.398075
-0.725318
-0.498575
-0.879451
0.955593
-0.191091
-0.071453
-0.156529
0.695050
0.072360
0.407264
0.420163
0.606592
-0.087140
0.692690
-0.030149
0.293089
0.879366
0.841576
0.221797
-0.444938
-1.000000
0.097949
-0.404589
-0.063024
-0.402100
-0.821114
-0.579621
0.196261
-0.092142
-0.107587
-0.355200
0.164637
1.000000
-0.666027
0.002745
-0.224353
-0.760214
-0.382566
0.724153
-0.654467
-0.463758
0.864973
-0.873043
-0.012280
0.372085
-0.709663
0.165433
-0.041486
0.123741
-0.336159
-0.477898
-0.928144
-0.050865
-0.592488
-0.188484
0.654060
-0.310253
-0.795991
0.358987
0.607521
-0.515209
-0.151736
0.687248
0.547694
1.000000
0.485796
-0.547516
-0.985152
-0.223491
-0.384069
0.965528
-0.396764
-0.293759
0.782241
0.325135
-1.000000
-0.062916
0.793280
-0.565234
1.000000
-0.126004
-0.222034
0.507936
-0.850901
0.752166
-0.532801
0.933252
1.000000
0.140930
0.208023
0.661536
0.304756
-0.955021
1.000000
0.659528
-0.041170
0.978841
-0.678758
0.784619
1.000000
0.792285
-0.910581
-0.678970
-0.649760
-0.409760
0.038703
-0.426821
1.000000
-0.659294
0.202652
0.691496
0.684306
0.433200
-0.056534
0.658980
-0.592505
0.897308
0.805849
0.394357
-1.000000
1.000000
-0.060833
0.919491
-0.591456
-0.521588
0.938414
-0.027173
-0.699651
0.056716
-0.914246
0.362176
0.218168
0.005180
-0.663040
-0.187943
-0.433106
0.407420
-0.690112
0.011299
0.425780
0.985126
0.118875
0.646205
-0.402671
-0.943441
-0.315601
0.578347
0.194280
-0.679030
-0.342614
-0.860352
0.676380
0.404628
0.358288
0.976101
0.268463
0.035014
0.613206
-0.242351
-0.760910
0.994958
-0.238108
0.054400
0.274409
-0.375125
-0.510962
-0.892054
-0.527108
-0.061818
-0.571226
-1.000000
-0.071209
0.924475
0.584999
-0.708794
-0.199064
0.275208
-0.272203
-0.086021
0.445044
-0.813271
-0.328878
0.238770
0.337383
-0.250193
0.150935
0.821034
0.773805
-0.643001
0.984659
0.748821
0.088932
-0.235039
-0.290189
0.785608
-1.000000
0.187828
0.894319
0.207043
-0.221822
0.402447
0.471491
0.309291
-0.271310
0.006376
0.913553
0.881236
-0.009729
-0.207388
-0.188199
-0.179019
0.459546
-0.495539
0.410194
-0.487075
-0.474227
0.849175
0.615655
0.359401
-0.118081
0.228122
0.666879
0.295478
-1.000000
-1.000000
1.000000
-0.142853
-0.817810
0.929861
0.269701
0.697094
-0.233135
-0.275736
-0.060499
-1.000000
0.679376
-0.684939
-0.141213
0.262774
0.356740
-0.061250
0.863756
-0.985136
-0.942741
-0.240985
-0.056586
-0.819645
0.763964
-0.211259
0.022061
0.218373
-0.514062
0.767598
-0.728534
0.977443
-0.024271
-0.831614
-0.573294
-0.864147
0.736378
-0.743041
0.206731
0.023040
0.438550
0.699853
0.720150
-0.170990
1.000000
0.256995
-0.238342
-0.431132
0.626211
-0.689542
0.838019
0.765466
0.223094
0.691926
0.378892
0.446140
-0.585004
0.097938
-0.333625
0.923439
-0.973279
0.653913
-0.822385
0.853316
0.221084
0.903695
-0.854368
-0.190577
-0.036165
0.058784
-0.379836
0.495258
-0.653544
0.731204
-0.450052
0.836070
-0.006636
0.817315
-0.640696
0.127033
0.391251
-0.215620
-0.225673
-0.579516
-0.089982
-0.000990
0.328786
0.609954
-0.360954
-0.932799
-0.781005
-0.599837
0.932114
-0.905909
-0.024951
0.152481
-0.470447
0.767521
0.762304
-0.094721
0.504538
-0.902197
0.244892
0.658068
-1.000000
0.596828
0.907078
0.790768
-0.580760
-0.638322
-0.728113
-0.295360
0.141399
0.938260
0.038607
0.194513
0.669050
1.000000
-0.957961
0.915186
-0.805028
0.412101
-0.729204
0.195220
-0.741367
-0.341848
0.981251
0.056984
-0.540553
-0.569570
0.197174
0.910749
-0.938502
-0.162862
0.218679
0.404394
-0.836727
0.493257
0.153205
-0.300529
-0.538844
-0.286019
-0.740616
-0.833493
-0.809677
-0.773315
-0.050947
-0.318069
0.142997
-0.170567
-0.276394
-0.139406
0.513315
0.956654
0.267869
-0.837734
-0.864668
-0.870741
0.358410
0.739049
-0.800877
-0.213211
0.282178
0.118968
0.324342
0.484768
0.382421
-0.775271
-0.911457
-0.370907
0.872500
0.449657
0.203686
0.654385
0.440650
-0.298832
0.060984
0.317763
-0.880296
0.045205
-0.975216
-0.154933
0.292316
0.266976
-0.569928
-0.940700
0.155317
-0.566657
-0.995810
0.794626
0.322532
0.930000
0.902294
-0.681759
0.795489
-0.900315
-0.313162
-0.200985
-0.487706
-0.395999
-1.000000
0.392155
0.726696
0.941763
0.853690
-0.564361
0.409814
1.000000
-0.184387
-0.029785
0.281513
0.528095
0.566925
0.397222
-0.485535
0.845772
0.154169
-0.331120
-0.428796
-0.396165
-0.296849
-0.179776
0.474677
0.575995
0.446085
0.829676
-0.092838
0.234124
0.621015
0.014406
0.275443
-0.564310
0.496296
-1.000000
-0.748983
-0.742043
0.243910
0.148907
0.894330
0.963157
0.814210
-0.802361
0.461335
-1.000000
0.619502
-0.177995
-0.149612
-0.459079
0.278909
0.062547
0.362333
-0.500919
0.681195
-0.585456
0.133513
-0.536092
0.155687
-0.309555
-0.367255
-0.753093
0.499417
-0.921568
-0.367660
0.321942
-0.039262
1.000000
0.039160
0.085491
-0.218654
-0.911913
-0.702893
-0.479990
0.833221
-0.566114
-0.822973
-1.000000
0.595983
-0.273393
0.304423
0.584828
-0.904275
-0.220995
-0.391264
0.165897
0.297451
0.525913
-0.513351
0.040155
0.400973
1.000000
-0.687949
0.520542
-0.556242
-0.444952
-0.024938
-0.209281
-0.707935
-0.207963
-1.000000
-0.436016
0.163076
-1.000000
0.426636
0.335934
-0.058529
0.624265
0.701630
0.472786
0.936555
0.052685
-0.611822
-0.417957
0.113810
-0.994199
0.941536
1.000000
0.382003
0.358514
-0.668693
-0.912591
-0.790175
0.900061
0.170693
-0.257385
-0.079035
-0.248247
-0.911565
-0.018463
0.623848
-0.606350
-0.185616
-0.294710
0.859644
-0.478561
0.986247
0.421424
0.341071
0.081012
-0.339869
0.504340
-0.687991
0.274083
0.351483
-0.067698
0.553170
-0.581349
0.886491
-0.137228
-1.000000
-0.937634
0.636517
-0.107651
-0.093295
0.602147
-0.855105
0.744116
-0.397630
-0.017272
0.241090
0.448254
0.962030
0.830017
0.382735
0.594182
0.368164
0.983428
0.043908
-0.950603
-0.511995
0.301734
-0.354803
-0.889772
0.776378
0.348087
0.359675
0.872893
0.066759
-0.092380
0.161603
-0.730831
-0.406819
-0.581508
-0.033699
0.248015
-0.445877
0.137057
-0.265728
0.063129
-0.236683
-0.019350
-0.066487
0.976122
0.128306
0.765962
0.167779
0.902335
-1.000000
-0.886218
-0.371552
0.101960
-0.899958
0.285839
-0.553345
0.440151
0.139531
-0.725664
-0.736997
0.351631
-0.815870
0.555281
-0.212625
0.184486
-1.000000
-0.448091
0.283475
-0.600190
-0.872039
0.500137
0.433813
0.202643
-0.018069
-0.820492
-0.412678
0.347700
0.671047
-0.673382
0.241069
-0.382728
-0.650920
-0.234090
0.167325
0.701753
0.210519
0.237001
0.676593
0.011774
-0.098647
-0.574111
1.000000
-0.613418
-0.478695
-0.069798
0.825389
-0.198821
-0.437358
-0.772519
-0.577336
0.959653
0.322409
-0.863305
-0.316124
-1.000000
-0.899265
1.000000
0.654674
0.797203
0.833056
-0.920577
-0.503239
-0.973528
0.761905
-0.919024
0.008605
0.628102
0.766018
0.122015
0.491773
0.651490
-0.236583
0.281943
-0.649550
-0.791543
0.638569
0.381706
0.865773
-0.196877
-0.449894
0.702880
-0.180863
-0.814577
1.000000
-0.135470
-0.811162
0.630439
1.000000
-1.000000
0.201421
-0.956099
0.040963
0.137962
-0.691867
-0.334462
0.810549
0.181150
-0.439327
0.477198
-0.660091
-0.127867
-0.436467
-0.732302
-0.255369
0.905749
-0.578285
-0.508986
0.457953
-0.827113
-0.867693
0.093092
-0.355977
-0.499051
0.958319
0.391444
0.316994
0.688380
-0.790803
-0.372106
-0.808515
0.718708
0.342446
-0.367117
-0.669345
0.842011
-0.629675
0.287916
-1.000000
-0.676884
0.073112
0.842128
0.773360
-0.751860
-0.682493
0.980017
0.267745
-0.861942
-0.232091
0.100143
0.509565
0.897490
-0.522343
-0.031835
-0.307509
-0.313913
0.215876
0.406076
0.798507
0.538926
0.173883
0.762960
-0.353376
-0.199477
0.544353
-0.036742
0.265421
-0.717822
-0.941434
-0.413557
0.066046
0.092804
0.316739
0.591682
-0.782947
-0.737389
-0.537297
-0.332046
0.824563
0.674628
-0.764500
0.475152
0.776790
1.000000
0.966338
-0.511706
-0.480431
0.756144
0.024095
-0.439933
-0.410183
0.480206
-0.004074
-0.152559
0.235747
1.000000
-0.016571
1.000000
-1.000000
0.797127
-0.937389
-0.699511
-0.033417
-0.283533
1.000000
0.286690
-1.000000
-0.350721
-0.350545
-0.257241
-0.560871
-0.953679
-0.742039
-1.000000
-0.120014
-0.371273
0.757036
0.856773
0.954831
0.174071
0.285409
-0.559322
0.701237
-0.273947
-0.854395
0.123841
-0.587516
-0.279618
0.423681
0.319052
1.000000
-0.802915
0.888691
-0.771024
0.825191
0.024719
0.339312
0.976304
-0.609812
-0.406075
-0.230614
-0.217541
0.129089
-0.998120
0.493117
-0.072810
0.919220
-0.610519
0.352801
-0.117636
-0.108172
-0.204698
-0.353706
0.036976
0.357359
0.344023
-0.461965
-0.727424
-0.431661
-0.152789
0.336410
0.668735
-0.516085
0.370841
0.260819
0.585333
-0.354399
0.220976
-0.841609
0.313795
0.854821
-0.948439
0.338835
0.425447
1.000000
0.882226
0.332855
0.587785
0.705278
0.760274
-0.283093
0.485847
-0.272223
0.071772
0.986338
-0.967061
-0.646394
-0.935438
0.120633
-0.809392
0.479220
-0.726017
-0.831573
0.060612
0.522831
0.199460
0.542111
-1.000000
-0.781414
0.297522
0.746868
0.338912
0.177415
-0.245132
-0.765326
0.703866
-0.402393
0.124260
0.539870
0.411748
0.107477
-0.103322
-0.257417
0.782961
-0.441955
-0.693764
0.402696
0.965433
0.156704
0.792949
-0.191677
-0.445292
-0.976423
0.093305
0.051501
-0.381791
0.394186
-0.796350
0.816227
0.857327
-0.235499
0.082858
0.253285
0.691731
-1.000000
0.885838
-1.000000
-1.000000
-0.363035
-0.941281
-0.703010
-0.622474
0.778490
0.484250
0.757081
0.183199
-0.033367
0.621525
-0.310376
-0.243823
-0.150611
0.606544
-0.874025
0.725384
0.206242
-0.695882
0.730739
0.178779
-0.610795
-0.199662
-1.000000
-0.522648
0.424848
-0.873544
0.429965
0.495330
0.214252
-0.132961
0.790722
0.635408
0.354355
0.330017
-0.575585
0.421154
-0.695971
0.501613
0.531826
0.118906
0.528235
-0.554101
-0.782796
-0.372016
0.612489
0.973508
0.656415
-0.471528
-0.827548
1.000000
-0.449742
0.490931
-0.663211
-0.099834
-0.838461
0.173034
-0.464554
-0.023820
0.557806
0.552193
-1.000000
-0.184236
0.604290
0.201307
0.196195
0.685950
-0.509353
-0.653978
0.709221
-0.777519
0.854989
0.586915
0.465034
-0.766380
-0.416901
0.095521
0.300681
-0.646157
-0.257944
-0.482815
0.077038
-0.502253
-0.567368
-0.664490
-0.498379
-0.171457
0.768845
-0.946806
0.789312
-0.209499
0.238407
1.000000
-0.777111
-0.740565
-0.263617
-0.688796
0.753280
0.155470
-0.438469
0.643946
0.421742
0.252930
0.823204
0.645059
-0.853671
0.052820
-0.288627
0.829518
-0.416946
0.837865
0.068004
-0.940443
0.866326
0.962128
-0.667685
0.556168
0.081193
0.124162
-0.275845
-1.000000
0.986948
0.404777
-1.000000
-0.205967
0.696180
-0.322941
0.569991
-0.142661
0.294113
0.009290
-0.258192
-0.055896
-1.000000
0.381964
-0.318754
-0.326283
-0.011716
0.306695
-0.413665
1.000000
0.246204
-0.088475
-0.917030
0.509158
0.389148
-0.577600
0.790054
-0.326482
-1.000000
0.690434
0.391057
-0.831556
-1.000000
-0.743858
0.067881
0.426757
0.064882
-0.007859
-0.752047
0.855323
-0.931098
-0.167741
0.924868
0.685540
-0.287773
-0.615604
-0.290692
-0.266617
0.353324
-0.987072
0.751626
-0.802413
0.455859
-0.540584
-0.354254
0.126614
-0.528650
0.932680
0.693156
0.355590
-0.007453
0.443369
0.336149
1.000000
0.268947
0.662235
-0.910032
0.649303
-0.955845
0.164391
0.957782
-0.253989
0.770347
-0.319882
0.104635
-0.094496
0.673501
-0.512490
0.398023
0.998246
0.991572
0.166374
-0.198016
-0.075304
0.364759
0.754154
0.737499
-0.266347
0.404259
-0.995715
0.303090
0.243224
-0.674972
0.300905
0.673794
0.420806
0.034413
-0.098858
0.702505
0.900465
-0.016058
-0.788979
0.822194
-0.591132
-1.000000
-0.698398
-0.991302
-0.161939
-0.836132
-0.092925
-0.024599
0.171514
0.938982
0.168324
0.032026
-0.294384
-0.485114
-0.529250
0.533034
-0.619134
0.665585
0.910151
-0.305607
-1.000000
-0.362080
0.928951
0.467439
-0.464752
0.174349
0.805866
-0.792358
-0.268110
-0.128882
0.303383
-0.912187
0.086620
-0.034103
0.209966
0.931802
-0.924954
-0.965387
0.756071
0.812186
0.939979
-0.351907
0.732692
0.546057
-0.413292
0.506045
-0.173950
0.623247
0.649757
0.505877
-0.453741
0.515352
0.088470
-0.007991
-1.000000
0.219481
-0.158561
0.646651
-1.000000
-0.125750
1.000000
-0.115349
0.588732
-0.557363
0.612567
-0.574016
-0.706469
0.467424
0.716739
-0.318496
-0.322902
0.071653
-0.327511
0.707683
0.289436
-0.522318
-0.914026
0.284674
-0.130612
-0.430707
0.064999
-0.281279
0.897257
-0.522401
-0.503220
1.000000
-0.701097
1.000000
0.718768
-0.698935
-0.171194
-0.351403
-0.937617
-1.000000
1.000000
-0.038815
1.000000
-0.175313
-0.631233
-0.775076
-0.247145
0.269413
-0.624749
0.254887
-0.664429
0.736833
-0.048240
-1.000000
-0.226162
-0.124556
0.188426
-0.105392
-0.864958
0.560703
0.210221
-0.109823
-0.330861
0.817163
-0.494568
-0.153813
0.733933
-0.478755
-0.515252
0.630045
0.549338
0.398237
0.289556
-0.063880
-0.189673
-0.669853
0.377063
-0.611427
0.508722
0.464054
0.832988
0.426254
-0.607837
0.432722
-0.850019
-0.362768
0.446058
-0.970908
-0.028845
0.098347
-0.759580
-0.532937
-0.563905
0.492313
0.196428
0.507438
-0.344414
0.368705
-1.000000
0.348774
0.119452
0.444727
-0.412895
-0.574513
-0.642548
-0.982258
0.570748
-0.661531
0.080981
0.952695
-0.488217
0.261999
0.648896
-0.716524
0.419840
-0.919487
0.482243
0.741829
0.824558
-1.000000
-0.703237
0.870576
-0.264076
0.950667
-0.824876
-0.379137
0.011405
-0.950712
-0.453858
-0.451182
-0.703569
1.000000
0.195216
-0.246129
-0.286230
-0.962198
-0.457250
0.441345
-0.562761
-0.253085
0.480907
0.315296
0.279503
0.163442
-0.603842
0.977434
0.698274
-0.667924
0.128399
0.962976
0.447299
0.259441
0.358723
-0.841407
0.154241
0.259233
-0.740203
-0.496314
0.252544
-0.221268
0.168480
-0.665890
0.026012
-0.335512
-0.853786
-0.084789
0.467952
0.509962
0.253216
0.852210
0.288442
0.972406
0.325560
0.510278
-0.579422
0.534953
-0.977071
0.406508
-0.065477
-0.312833
-0.493611
0.066347
-1.000000
-0.698402
-1.000000
-0.015886
-0.193853
0.360020
-0.291273
-1.000000
-0.339909
-0.447302
-0.413770
-0.147924
-0.768844
-0.436084
0.775413
-0.084691
0.108352
0.249759
-0.967357
0.782874
-0.904657
-0.414952
0.266844
-0.306675
0.871902
0.189795
-0.491105
-0.823519
0.238997
-0.911150
-0.141920
0.703086
-0.403239
-0.452147
-0.227212
0.218439
0.673237
0.153006
0.822702
-0.680012
0.131648
-0.098772
0.177160
0.482625
-0.097621
-0.932690
-0.136822
0.639202
-0.194726
0.056216
-0.949282
1.000000
-0.024845
0.081834
0.819979
0.108921
-1.000000
-0.713654
-0.832934
0.871636
0.317785
0.711152
-0.856156
-0.098430
-0.621886
-0.924206
-0.203995
-0.727707
-0.393094
0.667969
-0.808118
-0.647601
0.694604
-0.031193
0.296494
-0.333343
0.815778
0.194247
0.131984
0.756977
-0.125587
0.598329
-0.002794
-1.000000
-0.000724
-0.713578
0.132912
-0.825547
0.634422
-0.741080
0.241420
-0.353983
0.152075
0.294423
-1.000000
0.746293
-1.000000
0.116526
0.164820
0.447396
-0.044906
-1.000000
-0.445504
-0.721044
-0.508276
0.150847
-1.000000
-0.859455
0.513211
0.286823
0.844768
-0.041004
0.411398
0.770531
0.136596
0.639523
0.664093
-0.141029
0.554289
0.167172
-0.907046
-0.099287
-0.105342
-0.540353
-0.290567
0.630590
-0.537226
-0.286941
-0.484016
0.678704
-0.453420
-0.415073
-0.855863
0.695713
0.764722
-0.774184
-0.690282
-0.703294
-0.205462
0.631388
-0.507426
-0.306016
0.052947
0.380246
-0.508200
-0.643421
0.266289
0.282217
0.083512
-0.579555
-0.619934
-0.281799
-0.210266
-0.573034
-0.547025
-0.078008
-0.123051
-0.507990
-0.782121
-0.796505
-0.121869
0.060742
0.257307
0.748783
-0.525442
-0.767238
1.000000
-1.000000
-0.462874
0.203840
0.461720
0.656711
0.042398
0.018843
0.779100
-0.307376
-0.276027
-0.770372
-0.388143
0.605621
-0.614116
-0.098491
-0.645000
0.814276
-1.000000
-0.885418
0.326725
-0.050731
0.898824
-0.630196
0.174159
0.713695
-0.299668
-0.162481
0.199896
-0.657261
-0.476223
-0.202592
0.119123
-0.057724
-0.129110
0.032792
-0.334447
0.459003
0.857705
0.470318
1.000000
0.445169
-0.593510
-0.347602
-0.625192
-0.793002
0.513644
0.382923
0.290687
-0.649190
0.568072
0.023593
-0.411505
0.207986
-0.972820
1.000000
-1.000000
0.486023
1.000000
0.489575
-0.595780
-0.165404
1.000000
-0.998583
0.159793
-0.883906
-0.451113
-0.195207
-0.047116
-0.572380
0.869831
0.796958
0.002891
-0.208981
-0.264194
0.110108
0.451707
-0.922211
0.207914
-0.249479
-0.891723
0.517293
-0.384558
0.576820
0.207689
0.968112
-0.054101
-0.757971
-1.000000
-0.054827
-0.439663
-0.094454
-0.754724
-0.299887
0.591775
0.544006
1.000000
0.723728
-0.496130
0.193715
-0.035428
-0.348219
0.425453
0.484423
-0.586750
0.406336
-0.235104
1.000000
-1.000000
0.628482
0.258070
0.806987
0.552127
0.086501
0.706306
-0.373644
-0.485624
-0.214968
-0.255983
0.766286
-0.852072
0.802890
-0.511564
0.670603
0.937730
0.214371
0.860343
0.650070
-0.007517
-0.488702
-0.107376
0.919076
-0.380958
-0.981063
-0.760774
-0.277484
0.408218
-0.598198
0.291432
0.781185
-1.000000
0.625502
-0.437928
0.296160
0.459255
0.152011
-0.847828
0.010546
-0.832165
-0.189163
0.878752
-0.252857
0.186238
-0.372097
0.255414
0.797659
-0.123643
-0.868247
0.675682
0.861547
0.414793
0.087861
0.812798
-0.074995
-0.576529
-0.821307
0.261260
-0.962017
-0.183219
0.243115
-0.489985
-0.492792
0.561897
-0.676331
0.923120
-0.780058
0.398374
-0.650402
0.737024
-0.648699
-0.292415
0.133151
-0.143963
-0.392898
0.565577
0.733449
-0.890615
0.405585
0.099000
-0.609428
-0.081852
0.311191
-0.075029
-0.980388
1.000000
-0.879480
-0.471453
0.391564
-0.885281
0.281717
-0.047986
-0.688345
-0.865915
-0.677349
0.170538
-0.927344
-0.667803
-0.043479
-0.557701
0.139922
-0.350826
0.283228
-0.646000
-0.990610
0.546183
-0.825628
-0.167118
0.202711
-0.712661
0.429434
0.565803
-0.154754
0.987933
-0.350591
0.264090
-0.077455
-0.551578
-0.398693
-0.727613
-0.104194
-0.558249
0.795705
0.201708
0.704020
0.857836
0.012917
1.000000
0.478358
-0.503213
-0.701602
-0.387335
-0.558120
0.729268
0.047582
-1.000000
0.200773
0.592407
0.428911
-0.945882
-0.177002
0.899708
-0.231068
-0.987634
-0.930302
-0.372899
0.417407
0.708204
-0.500500
-0.601515
-0.260152
-0.595343
-0.812202
0.626394
0.370916
-0.005223
1.000000
0.032324
-0.710930
-0.657855
-0.430824
-0.388305
0.373597
1.000000
-0.291340
0.120921
0.538419
0.585570
-0.167377
0.376290
-0.160696
-0.343652
1.000000
0.626685
0.850761
0.103870
0.727723
-0.179785
0.805344
0.233311
0.649365
0.443728
0.274305
0.370801
0.688989
-1.000000
0.319906
0.346775
0.492329
-0.792398
0.828141
0.512367
-0.446312
-0.973176
0.249626
-0.616616
0.672824
-0.613327
-0.425708
-0.910783
0.208160
0.211547
-0.161750
0.664929
0.688598
-0.251398
-0.776779
-0.790384
-0.100257
-1.000000
-0.213887
-0.614001
0.629687
1.000000
0.549556
-0.058861
-0.873246
-0.458789
0.504752
-0.331665
-0.435590
-0.464351
0.297913
-0.686557
-0.255310
0.594231
-0.923791
-1.000000
0.962479
0.681924
-0.839195
-0.282956
-0.610867
0.303976
-0.005871
0.271078
-0.202633
-0.284737
0.962729
-0.018322
-0.014254
-0.809811
-0.351101
0.842329
-0.890927
-1.000000
-0.058773
-0.917022
1.000000
-0.248917
-0.243065
-0.045022
0.746201
-0.174127
0.879547
0.052493
0.018592
-0.371350
-0.084478
0.180878
0.877166
0.524433
0.116848
-0.922413
0.151145
0.149638
-0.057795
0.830772
0.298507
-1.000000
-0.577769
-0.402066
-0.785757
0.195952
-0.104123
1.000000
0.152389
-0.690194
-0.197569
0.910158
-0.272557
-0.270558
-0.530003
0.644352
0.061050
0.344928
0.217661
0.059328
0.179933
-0.978701
-0.154762
-0.316725
0.124850
-0.767763
-0.940415
0.758157
-0.320718
-1.000000
-0.444339
0.846624
-0.725816
-0.170566
-0.627083
-0.265733
0.826263
-0.461097
0.540250
1.000000
-0.126278
-0.520056
-0.566033
-0.376580
0.480186
-0.605180
0.875939
-1.000000
-0.671802
-0.283913
-1.000000
-0.494146
-1.000000
-0.316770
0.948401
0.424699
0.039707
-0.850935
0.525127
0.433487
0.499563
0.773021
-0.562689
-0.820112
0.827488
0.978668
-0.988180
0.034024
0.035356
-0.514932
-0.260462
-0.722057
-0.075426
-0.733035
0.261590
-0.135495
0.123258
-0.868301
-0.495256
-1.000000
-0.141977
-0.209895
0.136619
0.801425
-0.686454
-0.847324
-0.725388
0.979924
-0.789765
0.155743
0.659646
0.367741
0.742359
-0.156490
0.535910
0.266995
0.083879
-0.014632
0.732750
0.461211
0.993268
0.176076
0.941431
0.601669
-0.980361
0.157002
-0.166418
-0.551298
-0.491655
-1.000000
-0.203059
0.095107
-0.181044
0.081045
0.163958
-0.115864
-0.001872
-0.072063
-0.093553
-0.065653
0.363191
0.000225
0.313496
0.074322
0.072547
0.161282
0.101198
0.144649
0.033770
0.032040
0.039029
0.023069
0.014388
0.118125
0.023667
0.003857
0.011918
0.068249
0.147527
0.042978
0.065997
0.000288
0.000036
0.039164
0.023382
0.212595
0.113088
0.004802
0.010731
0.023461
0.068269
0.013654
0.114059
0.047635
0.001484
0.071289
0.011701
0.385277
0.015021
0.015962
0.120442
0.035106
0.136464
0.000152
0.166824
0.125095
0.013736
0.091614
0.000380
0.040915
0.006746
0.003393
0.337654
0.008584
0.113551
0.001330
0.045486
0.000298
0.392534
0.026658
0.150536
0.217452
0.070875
0.001943
0.278847
0.121050
0.004120
0.191353
0.005393
0.007579
0.001097
0.003838
0.010539
0.111593
0.223164
0.004449
0.013547
0.022023
0.002795
0.081295
0.000667
0.000232
0.061759
0.409361
0.181774
0.019732
0.024956
0.048416
0.011350
0.031589
0.007846
0.003454
0.037486
0.093734
0.011618
0.032792
0.001316
0.002882
0.011608
0.059481
0.005334
0.521833
0.128589
0.001231
0.032853
0.222828
0.170166
0.096838
0.003342
0.027627
0.140681
0.021214
0.030849
0.021585
0.000473
0.025035
0.006592
0.061629
0.055831
0.026983
0.023351
0.039081
0.033672
0.227061
0.002377
0.034701
0.027340
0.037813
0.008430
0.001646
0.001871
0.000459
0.005604
0.226641
0.007027
0.049677
0.028536
0.075883
0.044400
0.125457
0.016261
0.106223
0.502754
0.106138
0.075795
0.007689
0.039061
0.245581
0.013689
0.279917
0.064762
0.000187
0.041161
0.838576
0.019664
0.370693
0.066138
0.016701
0.359229
0.055455
0.048255
0.023477
0.270486
0.063225
0.023321
0.023451
0.144884
0.034431
0.003375
0.173613
0.002215
0.052390
0.056372
0.242143
0.065260
0.006993
0.019494
0.063302
0.574589
0.084825
0.033668
0.140790
0.074424
0.035561
0.044639
0.381569
0.003536
0.025526
0.031143
0.021620
0.314970
0.052522
0.013721
0.052078
0.015180
0.006037
0.012048
0.463335
0.001080
0.138949
0.011001
0.096859
0.017671
0.002048
0.103284
0.089078
0.038633
0.003979
0.441940
0.001564
0.233533
0.045527
0.201196
0.037261
0.013577
0.041960
0.033552
0.001856
0.282300
0.184770
0.005267
0.112663
0.001101
0.002129
0.006052
0.027668
0.141886
0.009825
0.232089
0.011412
0.052080
0.069846
0.006721
0.027863
0.019457
0.059621
0.103351
0.148617
0.309257
0.042035
0.419594
0.045659
0.681710
0.060512
0.136303
0.087211
0.013244
0.206515
0.015572
0.042979
0.432035
0.037038
0.175822
0.002162
0.037617
0.114195
0.013266
0.014717
0.001111
0.007837
0.192156
0.005339
0.063358
0.008162
0.484086
0.040803
0.031229
0.179913
0.430743
0.124631
0.111170
0.071368
0.014555
0.006270
0.013685
0.042688
0.005800
0.032277
0.082654
0.003045
0.009120
0.677408
0.251041
0.046800
0.015492
0.000718
0.018272
0.036850
0.107793
0.013660
0.011932
0.241937
0.071011
0.096531
0.070064
0.004163
0.034592
0.097987
0.673046
0.248636
0.371114
0.125772
0.003760
0.009682
0.011339
0.002278
0.002930
0.036506
0.018308
0.201611
0.013117
0.016454
0.170195
0.001542
0.083409
0.019082
0.000560
0.006237
0.023878
0.108716
0.102466
0.152663
0.420118
0.290558
0.064207
0.006966
0.473113
0.005221
0.001808
0.176145
0.011663
0.022237
0.022141
0.000712
0.034499
0.296387
0.166831
0.037670
0.114794
0.044003
0.008562
0.138103
0.003254
0.029419
0.078660
0.001365
0.049815
0.030175
0.035349
0.118491
0.058346
0.004768
0.030248
0.099473
0.147528
0.155117
0.010190
0.012845
0.056334
0.002858
0.011267
0.429436
0.002204
0.045495
0.507818
0.464658
0.143571
0.109332
0.009355
0.035095
0.006755
0.347130
0.062754
0.000055
0.026152
0.155499
0.019463
0.276588
0.173217
0.074171
0.193250
0.307373
0.001890
0.051242
0.003886
0.038594
0.012476
0.110190
0.050600
0.231688
0.030622
0.026654
0.003432
0.025910
0.093995
0.004575
0.017077
0.298489
0.314793
0.150089
0.037508
0.004215
0.157343
0.023321
0.058610
0.012723
0.288265
0.135156
0.015807
0.002337
0.002728
0.033796
0.032809
0.004340
0.072059
0.004487
0.035279
0.021366
0.002987
0.000545
0.429162
0.022441
0.109184
0.054943
0.003060
0.296674
0.021112
0.005389
0.232099
0.206101
0.079481
0.009246
0.007798
0.066359
0.000788
0.182306
0.096696
0.461304
0.005092
0.525540
0.010118
0.004243
0.022243
0.046455
0.044890
0.073742
0.025147
0.146049
0.093705
0.009882
0.039918
0.006685
0.029293
0.132318
0.000995
0.028182
0.007455
0.003475
0.178750
0.245590
0.018562
0.026035
0.009398
0.004553
0.001829
0.135395
0.066654
0.000198
0.114765
0.030536
0.310444
0.030089
0.046844
0.001891
0.133292
0.000712
0.132613
0.018472
0.075615
0.023094
0.010152
0.247500
0.053976
0.003505
0.062597
0.038790
0.006514
0.005548
0.134923
0.013611
0.073042
0.000228
0.000053
0.594285
0.302655
0.008794
0.010404
0.008957
0.004277
0.002397
0.035773
0.010041
0.096993
0.094565
0.452555
0.010370
0.052257
0.230612
0.738137
0.001648
0.009339
0.005242
0.024472
0.006444
0.001591
0.002900
0.245467
0.130658
0.018613
0.040346
0.005572
0.002863
0.345792
0.019786
0.001515
0.013274
0.382926
0.058672
0.004105
0.003086
0.254483
0.140136
0.001215
0.073302
0.004591
0.001596
0.001337
0.203652
0.006191
0.016056
0.077912
0.001223
0.079545
0.000172
0.433710
0.102804
0.055005
0.011809
0.038910
0.130266
0.003397
0.028220
0.297153
0.034231
0.000090
0.036971
0.018293
0.016854
0.096999
0.236425
0.021175
0.455833
0.000265
0.268543
0.053967
0.106286
0.038822
0.399893
0.350315
0.147749
0.243845
0.020859
0.146213
0.062175
0.009847
0.045999
0.452126
0.002709
0.199727
0.010456
0.186466
0.006737
0.010694
0.004664
0.006903
0.003463
0.351628
0.376645
0.046977
0.006949
0.273910
0.375171
0.042477
0.022851
0.004532
0.018992
0.033916
0.140414
0.171873
0.200074
0.003752
0.022889
0.196450
0.000871
0.026190
0.180867
0.040022
0.294754
0.000728
0.567097
0.042772
0.076927
0.024052
0.019216
0.021879
0.055184
0.096842
0.041726
0.033734
0.002563
0.012922
0.002859
0.078823
0.296375
0.000023
0.000298
0.101317
0.088690
0.293442
0.324112
0.008490
0.001575
0.038421
0.209488
0.006617
0.040304
0.004266
0.030943
0.012657
0.049727
0.096449
0.005704
0.101204
0.304267
0.083009
0.010003
0.011638
0.023801
0.027184
0.001655
0.002128
0.107571
0.030205
0.012182
0.033437
0.207040
0.195624
0.266890
0.023685
0.151506
0.059773
0.040063
0.112243
0.031956
0.152069
0.021448
0.022367
0.031551
0.064292
0.004919
0.003868
0.028925
0.020266
0.551768
0.001814
0.000349
0.053963
0.041406
0.026068
0.044473
0.012706
0.000508
0.477696
0.007944
0.074318
0.030023
0.037246
0.058287
0.044265
0.045952
0.066070
0.086055
0.026391
0.087054
0.022704
0.051212
0.031292
0.061665
0.279614
0.050442
0.348208
0.088586
0.216779
0.060189
0.089124
0.041025
0.054728
0.198986
0.006134
0.003109
0.198011
0.001598
0.121578
0.050218
0.190161
0.009262
0.144853
0.005221
0.320551
0.000431
0.271116
0.012548
0.012266
0.051076
0.004723
0.169173
0.101376
0.010604
0.025475
0.015487
0.000780
0.013400
0.039049
0.206590
0.008239
0.034039
0.014794
0.031543
0.113601
0.305615
0.067553
0.082709
0.047500
0.003313
0.017898
0.014907
0.054270
0.006699
0.066537
0.006577
0.003505
0.125414
0.129845
0.060101
0.048862
0.001583
0.090391
0.007718
0.014119
0.002041
0.102540
0.172810
0.038311
0.003713
0.250363
0.047340
0.004438
0.050000
0.079931
0.078886
0.058579
0.056678
0.016479
0.010515
0.052395
0.000738
0.002770
0.373432
0.105486
0.044233
0.013043
0.010644
0.041015
0.075406
0.207987
0.043775
0.007129
0.005051
0.014734
0.056006
0.020220
0.010719
0.080113
0.057285
0.039449
0.080552
0.247982
0.098450
0.003631
0.010773
0.010179
0.003699
0.000250
0.001694
0.014195
0.013541
0.307071
0.002439
0.013745
0.156837
0.027817
0.131049
0.031747
0.001810
0.001880
0.337026
0.006945
0.002409
0.273338
0.008709
0.064058
0.001744
0.005013
0.080186
0.051024
0.169027
0.003833
0.028561
0.168259
0.152860
0.008448
0.011272
0.217797
0.086663
0.034579
0.143609
0.064541
0.012060
0.063139
0.033614
0.020814
0.285764
0.030485
0.241884
0.368898
0.029835
0.048222
0.039042
0.268762
0.149879
0.025739
0.035927
0.143428
0.041708
0.010395
0.099937
0.159884
0.124977
0.100075
0.065290
0.018533
0.155421
0.007554
0.015358
0.050231
0.001370
0.022990
0.012425
0.001103
0.065790
0.161356
0.083558
0.313945
0.003543
0.710928
0.196944
0.000964
0.161552
0.019162
0.127215
0.178251
0.007579
0.017511
0.021843
0.389630
0.828182
0.002743
0.006426
0.006573
0.062192
0.004148
0.068699
0.057357
0.041713
0.016335
0.115575
0.012474
0.115785
0.030879
0.175547
0.000077
0.054190
0.031685
0.006712
0.070363
0.002153
0.063161
0.018913
0.046684
0.043605
0.106205
0.011319
0.004999
0.103848
0.027499
0.158124
0.000439
0.000263
0.108319
0.004662
0.188981
0.025107
0.004798
0.559890
0.370246
0.043340
0.010577
0.138437
0.069065
0.007892
0.043949
0.009523
0.014823
0.000997
0.017681
0.039280
0.256285
0.020409
0.002591
0.108861
0.229868
0.012418
0.096285
0.135446
0.002520
0.101645
0.006285
0.050233
0.003009
0.071716
0.032528
0.032205
0.010762
0.327591
0.601495
0.146031
0.000226
0.008421
0.012201
0.061579
0.041204
0.109206
0.184710
0.001101
0.072847
0.030850
0.079863
0.016303
0.070970
0.095802
0.047510
0.207582
0.024422
0.363319
0.019097
0.056552
0.004549
0.043678
0.058487
0.073969
0.017331
0.043515
0.019451
0.004952
0.360167
0.027643
0.141957
0.001365
0.023610
0.307228
0.034962
0.194969
0.044124
0.040217
0.065522
0.003640
0.014937
0.193658
0.078455
0.011367
0.019282
0.007317
0.025469
0.019006
0.036873
0.374656
0.053882
0.042993
0.014278
0.020380
0.491696
0.117098
0.002108
0.000516
0.008130
0.006224
0.785216
0.128602
0.063559
0.084315
0.021531
0.014908
0.132924
0.113944
0.007461
0.027530
0.020477
0.191735
0.026621
0.006313
0.132406
0.019809
0.002223
0.009839
0.179645
0.022963
0.000793
0.025230
0.224012
0.091997
0.009478
0.062653
0.030854
0.069390
0.026864
0.091780
0.019742
0.009992
0.039113
0.008746
0.100458
0.006801
0.028443
0.032972
0.022789
0.005297
0.038219
0.137881
0.030272
0.048375
0.002748
0.022806
0.110861
0.050919
0.001000
0.001894
0.052079
0.259713
0.051796
0.020945
0.035709
0.048448
0.005705
0.195873
0.000890
0.007182
0.005049
0.006331
0.082064
0.076023
0.034310
0.007991
0.319284
0.016360
0.012920
0.090466
0.053357
0.144958
0.007162
0.214099
0.649218
0.151373
0.318699
0.613553
0.177536
0.086794
0.055647
0.041083
0.162167
0.104069
0.197081
0.079334
0.000428
0.199111
0.387398
0.033638
0.077360
0.002626
0.009324
0.042919
0.027587
0.017891
0.002438
0.014889
0.139659
0.029508
0.156261
0.391896
0.042105
0.072963
0.057510
0.010570
0.000489
0.600763
0.014960
0.012898
0.018376
0.003238
0.007315
0.051669
0.210021
0.039074
0.004540
0.048198
0.076344
0.210665
0.002082
0.403816
0.016430
0.081491
0.013308
0.000472
0.655621
0.135811
0.297199
0.050932
0.082388
0.040194
0.004160
0.014650
0.002058
0.547887
0.273313
0.022202
0.024171
0.083660
0.096547
0.004998
0.001139
0.771100
0.002423
0.148319
0.003243
0.136085
0.011425
0.020606
0.135700
0.003558
0.097294
0.011737
0.008759
0.009596
0.048738
0.419879
0.001444
0.019920
0.034203
0.010980
0.479494
0.058553
0.056884
0.166524
0.010564
0.120377
0.153426
0.227844
0.053371
0.098743
0.030479
0.166717
0.174653
0.001449
0.154905
0.123751
0.000165
0.115995
0.001605
0.073331
0.042711
0.070120
0.015674
0.035399
0.041704
0.001301
0.031667
0.038137
0.004725
0.007141
0.001484
0.251802
0.060786
0.091429
0.002736
0.041392
0.000529
0.101037
0.006740
0.015163
0.020329
0.068316
0.001522
0.000328
0.094502
0.000675
0.006251
0.229414
0.145523
0.166075
0.333101
0.001447
0.022923
0.127915
0.058845
0.000541
0.013274
0.194660
0.050162
0.041056
0.130130
0.013315
0.003395
0.381789
0.083294
0.001320
0.096499
0.037478
0.209246
0.003124
0.008474
0.137715
0.146712
0.119536
0.149151
0.013289
0.002240
0.051269
0.011788
0.012351
0.144101
0.001879
0.301352
0.114973
0.013182
0.014399
0.026643
0.133358
0.026108
0.023472
0.057614
0.063710
0.106060
0.007090
0.164535
0.006252
0.320321
0.028779
0.113067
0.356301
0.293113
0.614677
0.379887
0.009625
0.000467
0.034265
0.233888
0.008381
0.001895
0.006257
0.031940
0.030438
0.040753
0.259777
0.068878
0.042708
0.346000
0.095178
0.359532
0.013551
0.002845
0.288393
0.100732
0.001212
0.570062
0.011547
0.000226
0.003972
0.043357
0.059162
0.140102
0.026082
0.084782
0.002137
0.066294
0.002761
0.007713
0.046068
0.002985
0.135412
0.327858
0.007818
0.748415
0.000096
0.152313
0.063399
0.100729
0.000026
0.064855
0.002160
0.075734
0.013009
0.004507
0.089237
0.108079
0.039307
0.024189
0.014358
0.125937
0.009047
0.002496
0.504623
0.183547
0.004610
0.119712
0.011883
0.024217
0.040449
0.324046
0.011437
0.147489
0.069237
0.307604
0.056202
0.084578
0.141359
0.476395
0.054094
0.034795
0.218394
0.009513
0.278950
0.027065
0.019725
0.083789
0.014144
0.688742
0.139488
0.171764
0.488508
0.197399
0.066673
0.002906
0.194951
0.009439
0.001494
0.058676
0.142991
0.000303
0.295956
0.004449
0.007499
0.015505
0.064834
0.000324
0.096518
0.003431
0.074394
0.509770
0.000094
0.003869
0.217021
0.006099
0.029217
0.083052
0.004973
0.018282
0.297838
0.044270
0.004756
0.285173
0.200000
0.002152
0.108346
0.084888
0.000191
0.096332
0.034893
0.614715
0.028715
0.072792
0.037572
0.824813
0.000133
0.038036
0.252855
0.011260
0.001677
0.024585
0.037996
0.018626
0.023133
0.283241
0.011297
0.005300
0.066089
0.001784
0.009212
0.075772
0.001108
0.017631
0.128465
0.024942
0.010166
0.008068
0.005732
0.050213
0.028143
0.394147
0.084402
0.125272
0.036345
0.003067
0.007432
0.112640
0.031765
0.007176
0.007012
0.002659
0.139895
0.088573
0.423967
0.010298
0.189127
0.007532
0.834575
0.729320
0.043115
0.049192
0.015894
0.167796
0.004431
0.117683
0.651155
0.009026
0.014421
0.090896
0.107167
0.523496
0.016639
0.111089
0.215273
0.347236
0.018844
0.258807
0.079843
0.001006
0.108289
0.015216
0.015600
0.191518
0.441616
0.172546
0.021442
0.027425
0.051636
0.236797
0.188932
0.424125
0.025818
0.070374
0.021251
0.372325
0.006344
0.082134
0.036318
0.057872
0.054460
0.089938
0.002562
0.009564
0.271187
0.489902
0.065063
0.547929
0.052758
0.152799
0.626748
0.179404
0.260483
0.014326
0.082526
0.305214
0.038119
0.121618
0.054332
0.025419
0.146132
0.048206
0.369108
0.047734
0.078985
0.025193
0.015135
0.024408
0.056138
0.103439
0.007787
0.007716
0.002890
0.051087
0.012432
0.040915
0.000438
0.032246
0.120937
0.025251
0.028366
0.013096
0.006275
0.004516
0.667117
0.029138
0.150925
0.000558
0.098173
0.021997
0.097779
0.433488
0.032257
0.036100
0.006434
0.001518
0.051994
0.127849
0.021585
0.016490
0.004005
0.059096
0.003949
0.087146
0.078238
0.371150
0.001558
0.002362
0.011636
0.005046
0.011771
0.002273
0.035485
0.011421
0.119568
0.033024
0.027514
0.234676
0.005865
0.001291
0.007861
0.063843
0.068660
0.052706
0.029285
0.025882
0.025700
0.006288
0.009469
0.177577
0.043032
0.001245
0.003009
0.256908
0.191551
0.051910
0.020277
0.056003
0.039662
0.062109
0.567759
0.009890
0.001479
0.041428
0.074648
0.005797
0.018644
0.026280
0.009940
0.259024
0.048360
0.007327
0.019366
0.028454
0.017137
0.006428
0.000581
0.006833
0.091066
0.068787
0.000251
0.024117
0.533633
0.063032
0.024859
0.000919
0.336891
0.026462
0.009705
0.012518
0.004220
0.001096
0.017860
0.004642
0.000850
0.190747
0.025465
0.042194
0.002044
0.247523
0.015326
0.174585
0.004469
0.000157
0.004327
0.063445
0.014001
0.000461
0.039942
0.035368
0.000698
0.735320
0.042960
0.002445
0.036242
0.029737
0.009890
0.109551
0.068777
0.095455
0.000812
0.002547
0.008821
0.069056
0.011479
0.000431
0.135467
0.173873
0.072649
0.047615
0.068269
0.003892
0.277745
0.004186
0.000210
0.040558
0.011845
0.047383
0.003090
0.003903
0.061890
0.139169
0.454663
0.548203
0.181899
0.002892
0.156363
0.006502
0.071082
0.011732
0.034211
0.089042
0.051031
0.608100
0.106710
0.155099
0.014744
0.012670
0.021434
0.035188
0.640485
0.283047
0.000629
0.320057
0.082186
0.029078
0.001995
0.078871
0.015447
0.153783
0.000645
0.019348
0.074280
0.041771
0.027868
0.133533
0.050481
0.326949
0.028899
0.021960
0.438247
0.008025
0.265008
0.086379
0.000267
0.049268
0.017325
0.086296
0.000246
0.005624
0.583513
0.143684
0.066104
0.004259
0.016871
0.122532
0.065514
0.035143
0.001000
0.060602
0.181708
0.008653
0.000319
0.039160
0.510356
0.259225
0.052796
0.002218
0.035157
0.017633
0.099514
0.062475
0.779829
0.098365
0.023605
0.047952
0.059833
0.158233
0.003626
0.094231
0.014807
0.009908
0.008551
0.057829
0.053835
0.009388
0.052030
0.104495
0.008448
0.010057
0.001191
0.740158
0.078263
0.026531
0.154631
0.005812
0.104008
0.000983
0.352278
0.021894
0.022172
0.043616
0.065599
0.237452
0.011862
0.003092
0.004707
0.048001
0.165139
0.002960
0.085819
0.002635
0.057605
0.325263
0.055200
0.072251
0.014154
0.002222
0.016878
0.009111
0.045118
0.078286
0.016074
0.003490
0.278910
0.002315
0.055169
0.025289
0.002138
0.100908
0.027695
0.020366
0.023613
0.018612
0.019804
0.001566
0.085864
0.004715
0.106589
0.297240
0.051082
0.012874
0.008563
0.560305
0.094640
0.011492
0.028855
0.211394
0.015455
0.004853
0.372518
0.413272
0.008507
0.008623
0.006786
0.751062
0.002214
0.004924
0.000352
0.066818
0.042971
0.451266
0.052609
0.007172
0.006143
0.159224
0.004421
0.009593
0.001834
0.100008
0.013252
0.038618
0.024851
0.000078
0.203333
0.147618
0.000570
0.000516
0.055270
0.043535
0.289456
0.087451
0.083566
0.003258
0.235711
0.070402
0.444066
0.003415
0.009503
0.000688
0.019173
0.095961
0.409094
0.025113
0.003246
0.032081
0.044821
0.009214
0.010646
0.010326
0.118416
0.026570
0.095409
0.106658
0.210536
0.023802
0.033321
0.047503
0.080611
0.143821
0.041081
0.000703
0.009810
0.040094
0.002207
0.000431
0.015042
0.053968
0.684402
0.012436
0.016799
0.102144
0.002802
0.671124
0.039611
0.000034
0.117158
0.245065
0.084203
0.376848
0.487831
0.005947
0.209213
0.028192
0.108654
0.013561
0.082365
0.004649
0.064323
0.005859
0.226229
0.050201
0.507756
0.027154
0.332786
0.001950
0.002557
0.104350
0.032682
0.201136
0.177144
0.972240
0.054946
0.008991
0.018748
0.002032
0.029820
0.073203
0.009876
0.014700
0.044230
0.018508
0.013274
0.050786
0.019176
0.196437
0.009179
0.010427
0.021003
0.014726
0.061395
0.022704
0.026971
0.004105
0.047960
0.047039
0.023824
0.015384
0.001896
0.009336
0.019312
0.017875
0.222817
0.137217
0.012658
0.024751
0.002217
0.163523
0.178777
0.087937
0.039938
0.020597
0.007158
0.003140
0.001561
0.007365
0.046928
0.016448
0.271172
0.031289
0.022909
0.011140
0.112671
0.331742
0.254423
0.032628
0.023088
0.130529
0.005613
0.000645
0.017928
0.046524
0.172841
0.075883
0.107975
0.443377
0.028455
0.432325
0.032251
0.007895
0.174258
0.016857
0.004550
0.716217
0.001643
0.044691
0.035830
0.202732
0.030568
0.028692
0.096029
0.018434
0.021465
0.052621
0.100397
0.064480
0.458488
0.002680
0.000804
0.102713
0.141978
0.007107
0.027343
0.033605
0.007960
0.009485
0.019604
0.004314
0.032169
0.009553
0.016119
0.160339
0.010534
0.020405
0.059850
0.005956
0.006248
0.073316
0.263292
0.128179
0.487666
0.010277
0.009429
0.092930
0.001060
0.002134
0.010144
0.098489
0.010564
0.006810
0.008776
0.395104
0.414096
0.371204
0.090689
0.034105
0.011335
0.087708
0.007894
0.062711
0.641231
0.032574
0.004556
0.003603
0.107074
0.025621
0.009071
0.464937
0.448677
0.008003
0.023892
0.410406
0.027893
0.014543
0.420835
0.000393
0.115443
0.018273
0.047027
0.005396
0.489578
0.084754
0.417925
0.014347
0.023277
0.009895
0.000331
0.012456
0.086883
0.003937
0.384645
0.016093
0.012219
0.001543
0.022269
0.156965
0.010206
0.055161
0.363300
0.003045
0.001711
0.010439
0.151834
0.011352
0.085129
0.006786
0.060980
0.167527
0.017648
0.002654
0.018967
0.035148
0.003673
0.159121
0.036698
0.100673
0.037580
0.053301
0.414275
0.024198
0.009104
0.130761
0.012021
0.006013
0.017709
0.006151
0.136296
0.036834
0.132718
0.002607
0.086242
0.009047
0.006903
0.025719
0.025561
0.146067
0.012931
0.018282
0.031113
0.068824
0.055794
0.000770
0.363112
0.078984
0.041782
0.003025
0.001063
0.048002
0.594889
0.011468
0.044390
0.140075
0.115996
0.612114
0.010337
0.030212
0.074429
0.082581
0.221779
0.053189
0.019093
0.058634
0.015951
0.001862
0.002783
0.151592
0.016004
0.036646
0.005224
0.001784
0.504151
0.301633
0.027728
0.058642
0.039448
0.055135
0.004358
0.157970
0.078873
0.130116
0.057826
0.245617
0.388575
0.003874
0.164905
0.045005
0.141431
0.049124
0.001178
0.021359
0.156129
0.004966
0.013217
0.062257
0.017141
0.005384
0.017723
0.366758
0.021641
0.026073
0.001569
0.000399
0.001376
0.058336
0.003287
0.192974
0.046948
0.710683
0.496345
0.052145
0.533811
0.176124
0.090549
0.013134
0.021006
0.008093
0.243203
0.096128
0.070985
0.000704
0.001301
0.001825
0.018881
0.010197
0.028767
0.075424
0.037342
0.010034
0.009345
0.004800
0.001825
0.372205
0.004561
0.026594
0.006875
0.007525
0.253086
0.070393
0.008041
0.075344
0.054972
0.022357
0.017003
0.006789
0.066400
0.006331
0.072709
0.014007
0.005591
0.057135
0.032578
0.301732
0.047884
0.004787
0.001751
0.090849
0.058387
0.066125
0.076553
0.121936
0.245013
0.197925
0.079816
0.215378
0.316471
0.002316
0.021412
0.016661
0.012664
0.048912
0.163352
0.076410
0.020969
0.025803
0.057976
0.000337
0.008895
0.021146
0.015066
0.074625
0.005043
0.063029
0.009668
0.030284
0.055121
0.008411
0.006671
0.112546
0.056379
0.054461
0.285328
0.028791
0.003557
0.207390
0.144642
0.156642
0.003124
0.120353
0.265582
0.098883
0.025182
0.112411
0.148843
0.056892
0.184940
0.100132
0.228873
0.074230
0.005182
0.741008
0.016735
0.000608
0.003970
0.063757
0.147112
0.019916
0.520749
0.001082
0.093157
0.006973
0.002027
0.590392
0.006108
0.021553
0.027667
0.004628
0.005397
0.053441
0.022126
0.093082
0.040559
0.108708
0.357074
0.012319
0.000277
0.110652
0.170976
0.033167
0.225469
0.038137
0.036011
0.000689
0.004045
0.073804
0.002661
0.017687
0.086340
0.064726
0.039298
0.004491
0.020728
0.051133
0.074933
0.033271
0.025561
0.122583
0.253285
0.024706
0.044663
0.009231
0.019785
0.102505
0.013158
0.068460
0.003938
0.103931
0.027953
0.114779
0.000124
0.056932
0.009688
0.060165
0.011519
0.010580
0.008268
0.006089
0.013998
0.011009
0.038208
0.083329
0.056566
0.005598
0.017349
0.067311
0.055341
0.031142
0.020928
0.090371
0.010771
0.010866
0.547965
0.008297
0.075314
0.337630
0.014537
0.016412
0.283386
0.014530
0.081581
0.011931
0.023808
0.085058
0.029791
0.213096
0.695822
0.074605
0.210848
0.003687
0.009631
0.184082
0.108613
0.151901
0.002661
0.000710
0.098081
0.031649
0.024954
0.015995
0.002616
0.042477
0.125838
0.015805
0.021642
0.021606
0.103976
0.003320
0.164911
0.000226
0.506263
0.023923
0.023610
0.014511
0.855201
0.129527
0.079430
0.003886
0.133559
0.004688
0.000473
0.022548
0.009812
0.010152
0.002384
0.060281
0.087194
0.083092
0.167662
0.070103
0.040318
0.001131
0.010149
0.002253
0.009102
0.077940
0.006227
0.025141
0.019379
0.146078
0.347820
0.005911
0.028531
0.004374
0.371854
0.010984
0.046705
0.151000
0.004154
0.023673
0.007683
0.007982
0.051001
0.013078
0.008860
0.002858
0.008258
0.016316
0.033856
0.024672
0.006289
0.480817
0.005545
0.000470
0.015036
0.238155
0.023045
0.272329
0.001827
0.029722
0.044316
0.002908
0.046181
0.308831
0.028692
0.027606
0.207672
0.013901
0.026097
0.031083
0.126991
0.083839
0.041408
0.019388
0.116435
0.204488
0.152133
0.088007
0.054728
0.006966
0.032831
0.002416
0.270610
0.561132
0.002294
0.194540
0.010420
0.055009
0.185117
0.103040
0.001212
0.002698
0.017016
0.057036
0.184933
0.166667
0.095982
0.005719
0.005396
0.029876
0.056563
0.167418
0.243747
0.007037
0.105720
0.135923
0.026787
0.012935
0.013476
0.016414
0.008611
0.017821
0.181751
0.093953
0.028105
0.032562
0.000331
0.029233
0.256972
0.028268
0.016468
0.070441
0.015357
0.680652
0.004695
0.015240
0.000423
0.037600
0.006570
0.040777
0.045222
0.006412
0.063828
0.206980
0.000647
0.154589
0.002567
0.159425
0.001109
0.012642
0.047222
0.028181
0.089611
0.032974
0.003175
0.344547
0.206233
0.000465
0.205474
0.041207
0.004528
0.197179
0.059899
0.225407
0.013070
0.078515
0.049750
0.029630
0.401700
0.010378
0.435730
0.000842
0.002507
0.012920
0.000714
0.059095
0.036046
0.133810
0.002290
0.024472
0.143105
0.025644
0.006359
0.001372
0.756499
0.040295
0.224694
0.037418
0.004844
0.017347
0.000704
0.144388
0.002748
0.194411
0.002049
0.288875
0.008373
0.057766
0.019242
0.063750
0.157016
0.591739
0.064274
0.568415
0.010449
0.002750
0.083376
0.020534
0.111248
0.034607
0.078434
0.001205
0.003975
0.029495
0.024401
0.056002
0.000563
0.007755
0.181331
0.065392
0.024202
0.007403
0.009726
0.604193
0.007830
0.004676
0.122501
0.014314
0.119759
0.020788
0.045036
0.007959
0.017245
0.010892
0.038323
0.296358
0.047985
0.027785
0.094863
0.002620
0.008663
0.001602
0.023505
0.033920
0.001067
0.002454
0.006383
0.051768
0.027356
0.078571
0.167817
0.005214
0.046717
0.237686
0.092087
0.482026
0.013922
0.013819
0.066249
0.003569
0.090311
0.039816
0.037045
0.624219
0.002157
0.138209
0.218942
0.049445
0.416072
0.038823
0.208473
0.015264
0.035097
0.004927
0.026475
0.069294
0.181093
0.016974
0.014077
0.262583
0.071080
0.304459
0.002184
0.027915
0.002567
0.000601
0.021903
0.448644
0.004836
0.044631
0.036800
0.033476
0.081493
0.001217
0.168940
0.025111
0.097219
0.006933
0.000637
0.026921
0.367911
0.148626
0.257047
0.000618
0.019068
0.283282
0.011798
0.309198
0.007730
0.005273
0.009565
0.241148
0.005793
0.105920
0.002615
0.044954
0.007696
0.030956
0.034121
0.078935
0.030084
0.197865
0.021260
0.014117
0.617118
0.003879
0.029408
0.141980
0.036264
0.031475
0.002052
0.606708
0.086765
0.014324
0.000040
0.210000
0.071737
0.266856
0.101992
0.007126
0.022840
0.397950
0.013568
0.002991
0.069767
0.216727
0.016861
0.020530
0.187723
0.049045
0.087142
0.000851
0.012008
0.260750
0.024259
0.019483
0.021324
0.124028
0.653280
0.601237
0.046659
0.640794
0.042836
0.167431
0.014377
0.003064
0.295300
0.018148
0.015592
0.067238
0.000114
0.019736
0.008807
0.107622
0.001063
0.126400
0.003480
0.843780
0.179218
0.006029
0.020724
0.036611
0.038512
0.066993
0.015548
0.038785
0.007110
0.000632
0.854444
0.099273
0.135737
0.011635
0.073720
0.071647
0.010145
0.069417
0.009874
0.034847
0.026856
0.115311
0.152820
0.017856
0.259173
0.584601
0.015084
0.104511
0.028007
0.223881
0.005631
0.041055
0.075883
0.124595
0.028727
0.338904
0.329941
0.238729
0.099793
0.022731
0.060700
0.184997
0.058358
0.003438
0.001586
0.043976
0.093151
0.018093
0.053461
0.030203
0.000546
0.032801
0.021324
0.026252
0.004245
0.025828
0.024486
0.003972
0.020141
0.016263
0.013887
0.081057
0.489922
0.261013
0.156536
0.064063
0.012023
0.016424
0.024816
0.006515
0.342254
0.170578
0.019462
0.004181
0.003137
0.054990
0.006360
0.008850
0.006229
0.234917
0.062552
0.001451
0.638957
0.004414
0.004051
0.025951
0.099764
0.036210
0.082792
0.219217
0.023554
0.152339
0.047422
0.000740
0.020680
0.025306
0.051775
0.000751
0.054745
0.000606
0.008434
0.092066
0.008343
0.030469
0.187403
0.088637
0.002111
0.030328
0.134071
0.029780
0.007223
0.084990
0.036427
0.018428
0.010739
0.054272
0.100864
0.064896
0.064673
0.033682
0.152303
0.033636
0.003940
0.038496
0.002661
0.026429
0.031912
0.012911
0.062205
0.086427
0.007162
0.006781
0.030834
0.380487
0.104074
0.038322
0.057567
0.074007
0.277621
0.052471
0.050721
0.095853
0.000884
0.006540
0.024824
0.006614
0.025281
0.017134
0.036456
0.429164
0.042728
0.040970
0.012098
0.005745
0.140466
0.078059
0.011875
0.064340
0.010022
0.013730
0.266836
0.013138
0.001810
0.092302
0.020677
0.111709
0.002599
0.052641
0.007415
0.035316
0.006639
0.060912
0.037016
0.207175
0.003857
0.080025
0.118193
0.050297
0.003207
0.089169
0.416908
0.115976
0.001119
0.377968
0.039716
0.114067
0.052934
0.030354
0.015257
0.111592
0.001044
0.036605
0.045561
0.000934
0.009021
0.080330
0.006019
0.020098
0.001740
0.008846
0.230666
0.223928
0.042185
0.008859
0.138234
0.037831
0.002252
0.145352
0.008176
0.004799
0.019199
0.002416
0.011657
0.376295
0.006967
0.027955
0.006391
0.174536
0.048431
0.268625
0.794029
0.044722
0.161236
0.009328
0.003850
0.031321
0.186660
0.003692
0.386951
0.040601
0.000652
0.250351
0.008088
0.112412
0.498604
0.001137
0.001803
0.027772
0.014014
0.045024
0.025977
0.071253
0.008954
0.058250
0.378543
0.010725
0.007744
0.051828
0.000256
0.095785
0.029392
0.164905
0.117882
0.011597
0.206167
0.000490
0.075680
0.251057
0.081026
0.238792
0.201618
0.140505
0.438423
0.007753
0.052727
0.139181
0.012731
0.042771
0.008868
0.035905
0.079833
0.040094
0.149035
0.016202
0.045090
0.120387
0.146217
0.020033
0.116844
0.053337
0.358289
0.001797
0.000353
0.002742
0.030595
0.024754
0.313379
0.073829
0.082043
0.282860
0.040299
0.016544
0.002747
0.018177
0.265233
0.012568
0.047822
0.370565
0.019585
0.022364
0.119245
0.024715
0.005724
0.028104
0.015044
0.024626
0.238836
0.121532
0.070190
0.607159
0.079695
0.022019
0.028619
0.093540
0.055775
0.137875
0.012966
0.042562
0.067252
0.160514
0.035501
0.047908
0.036922
0.020768
0.004078
0.019689
0.300833
0.894200
0.123240
0.005569
0.041436
0.033240
0.299288
0.007093
0.167539
0.026358
0.018377
0.039248
0.037939
0.054231
0.016564
0.017971
0.049234
0.055108
0.055700
0.097616
0.041491
0.109864
0.234377
0.068518
0.069458
0.006077
0.098710
0.060244
0.003325
0.001440
0.161029
0.028246
0.016425
0.045752
0.000302
0.001108
0.184506
0.006504
0.004840
0.059160
0.079990
0.032228
0.332356
0.153380
0.021161
0.007498
0.353049
0.019187
0.282358
0.100873
0.132925
0.004695
0.070527
0.000444
0.002045
0.000818
0.185688
0.005443
0.001467
0.001099
0.014406
0.021565
0.120127
0.146951
0.014828
0.004735
0.166024
0.390704
0.091250
0.050644
0.001370
0.012707
0.001016
0.136053
0.013875
0.004385
0.004650
0.009907
0.404691
0.054734
0.473998
0.061439
0.025346
0.001006
0.008546
0.134147
0.222133
0.472717
0.031451
0.009627
0.343073
0.005868
0.011662
0.007306
0.028915
0.453278
0.014892
0.027764
0.002836
0.027279
0.015715
0.291441
0.005407
0.010878
0.000610
0.003772
0.172632
0.021417
0.051709
0.009032
0.059708
0.000522
0.039253
0.005744
0.035661
0.040345
0.002829
0.010146
0.049013
0.047931
0.036013
0.018198
0.102969
0.000257
0.010925
0.000967
0.108959
0.016252
0.118386
0.006640
0.614683
0.307945
0.035412
0.005852
0.028715
0.008842
0.108561
0.063704
0.025201
0.107318
0.017157
0.203600
0.007376
0.041066
0.038846
0.001176
0.014126
0.004995
0.365539
0.257377
0.305601
0.007362
0.106945
0.110136
0.004188
0.006946
0.178280
0.024682
0.013393
0.008480
0.046645
0.093839
0.010364
0.140918
0.025103
0.000590
0.752287
0.254775
0.114176
0.023790
0.030186
0.050658
0.072454
0.007333
0.095999
0.008354
0.007316
0.003736
0.081127
0.006248
0.007770
0.165457
0.098892
0.351241
0.205304
0.006266
0.073281
0.061079
0.187936
0.050769
0.004082
0.378061
0.362015
0.027322
0.009625
0.107180
0.012960
0.043707
0.044563
0.020013
0.009795
0.595498
0.188039
0.245897
0.020742
0.055015
0.017424
0.003477
0.182784
0.001323
0.366632
0.361535
0.006655
0.013581
0.039002
0.211325
0.012650
0.044397
0.061610
0.062528
0.065046
0.208912
0.003612
0.017746
0.002657
0.018537
0.008050
0.099563
0.045954
0.008740
0.052243
0.017341
0.010460
0.474015
0.646865
0.278605
0.100071
0.032405
0.040039
0.038966
0.085819
0.000907
0.036507
0.348294
0.002041
0.361254
0.005771
0.134825
0.000684
0.001867
0.177501
0.036133
0.001862
0.012599
0.006113
0.034442
0.053004
0.064526
0.000515
0.000797
0.007519
0.125407
0.001498
0.199646
0.108365
0.019445
0.047306
0.001249
0.032380
0.065533
0.331045
0.011958
0.048522
0.002163
0.034303
0.066216
0.125681
0.054747
0.000110
0.173157
0.163503
0.438429
0.100464
0.003522
0.174041
0.007590
0.548495
0.009901
0.029661
0.033639
0.138100
0.086537
0.005575
0.008034
0.101140
0.062203
0.126078
0.470947
0.013600
0.006346
0.000635
0.000572
0.001106
0.002036
0.048744
0.083132
0.001875
0.035313
0.012595
0.167629
0.009212
0.261771
0.004930
0.081873
0.064513
0.355627
0.045156
0.147237
0.010617
0.002594
0.042491
0.055064
0.041416
0.072790
0.027225
0.006302
0.055606
0.177192
0.074757
0.001049
0.028630
0.070403
0.243534
0.001118
0.003075
0.053308
0.044412
0.006515
0.006447
0.000553
0.078736
0.159674
0.227851
0.194524
0.598764
0.010543
0.029771
0.021515
0.005075
0.698664
0.005279
0.077888
0.000730
0.005827
0.110425
0.032322
0.018719
0.003426
0.034164
0.027530
0.106294
0.166385
0.005213
0.417325
0.005968
0.000744
0.000080
0.011978
0.000743
0.036076
0.522014
0.104239
0.003125
0.464275
0.016290
0.034895
0.013011
0.068886
0.208680
0.000153
0.210673
0.039411
0.411277
0.089020
0.020888
0.228441
0.282417
0.026262
0.072981
0.013404
0.012232
0.169070
0.054136
0.011180
0.022833
0.034793
0.037016
0.057967
0.005807
0.088597
0.008253
0.054792
0.098250
0.002974
0.033683
0.112110
0.313186
0.411426
0.004217
0.018958
0.164069
0.006763
0.005549
0.039954
0.007281
0.007335
0.046980
0.174052
0.001550
0.201603
0.324192
0.006573
0.000597
0.036346
0.025829
0.031721
0.001887
0.002254
0.131737
0.002901
0.000484
0.006322
0.042118
0.003858
0.000345
0.000242
0.014813
0.002064
0.055924
0.032668
0.044605
0.041747
0.015233
0.001381
0.010156
0.092591
0.063959
0.141232
0.595529
0.001380
0.028637
0.007080
0.000771
0.003788
0.020796
0.382853
0.267939
0.056525
0.000702
0.077750
0.009898
0.154548
0.001278
0.065792
0.123545
0.042800
0.004636
0.036456
0.046328
0.025192
0.188684
0.082764
0.010248
0.015504
0.014263
0.021549
0.053389
0.015109
0.082698
0.135072
0.788415
0.199340
0.119484
0.031949
0.058076
0.018236
0.046789
0.032647
0.021938
0.002498
0.020183
0.020955
0.004184
0.346488
0.027078
0.063651
0.047086
0.130463
0.055454
0.022269
0.031729
0.070877
0.075772
0.214593
0.023739
0.047831
0.142586
0.029664
0.063927
0.208663
0.030292
0.121923
0.395454
0.076553
0.003257
0.002632
0.048914
0.010006
0.046306
0.004674
0.002989
0.011673
0.198526
0.361939
0.118079
0.022890
0.001497
0.032143
0.036481
0.083876
0.035252
0.066720
0.057876
0.018971
0.026746
0.076418
0.077455
0.650175
0.011827
0.165098
0.085658
0.018377
0.001450
0.013788
0.018171
0.640004
0.032964
0.000070
0.041824
0.031748
0.158047
0.228517
0.034968
0.008703
0.047206
0.052352
0.039201
0.010267
0.230915
0.132350
0.035041
0.041596
0.032671
0.001347
0.215187
0.212391
0.000616
0.253352
0.003596
0.411445
0.001603
0.004191
0.018612
0.126223
0.032131
0.046864
0.012793
0.002091
0.017055
0.007018
0.015842
0.072695
0.054136
0.049648
0.200931
0.018356
0.161471
0.042376
0.006550
0.354767
0.010904
0.093116
0.019756
0.198285
0.005016
0.231358
0.039848
0.006329
0.003403
0.022383
0.170511
0.004389
0.037563
0.011756
0.194878
0.018232
0.003806
0.473010
0.069906
0.042490
0.055277
0.004670
0.082218
0.003579
0.021781
0.001492
0.033477
0.024972
0.102685
0.203698
0.032917
0.004342
0.580602
0.020885
0.042726
0.023826
0.041235
0.403831
0.143712
0.150681
0.032588
0.006600
0.142958
0.014218
0.029849
0.000878
0.001910
0.054950
0.162740
0.006446
0.035030
0.007502
0.179273
0.103479
0.302362
0.024638
0.105876
0.110617
0.031281
0.037959
0.020401
0.181623
0.008189
0.338294
0.155223
0.045642
0.024547
0.023027
0.052760
0.364670
0.349381
0.005134
0.002224
0.271680
0.083578
0.076191
0.014833
0.255198
0.095845
0.025607
0.026361
0.003666
0.319947
0.000206
0.237443
0.058691
0.465449
0.015425
0.001953
0.059772
0.374309
0.034838
0.077482
0.122335
0.053449
0.015511
0.027155
0.145264
0.019752
0.009020
0.020926
0.101586
0.032616
0.008707
0.024144
0.002341
0.179172
0.054323
0.003949
0.010459
0.775857
0.081296
0.080287
0.219053
0.006996
0.152603
0.043798
0.024451
0.014438
0.008097
0.000119
0.179252
0.017277
0.122715
0.057150
0.000324
0.052939
0.059123
0.067805
0.002888
0.046132
0.025763
0.278104
0.007093
0.020983
0.016643
0.014126
0.047377
0.001317
0.001514
0.015499
0.168733
0.026337
0.020020
0.013349
0.149526
0.001188
0.167750
0.011860
0.040777
0.000920
0.049797
0.015931
0.044482
0.204187
0.003818
0.006616
0.038467
0.009836
0.076791
0.003986
0.027099
0.028216
0.303489
0.062766
0.018704
0.443562
0.286174
0.000727
0.031732
0.004892
0.031951
0.029499
0.040148
0.022804
0.006527
0.017118
0.072943
0.016938
0.027687
0.033781
0.000174
0.222998
0.109448
0.028361
0.005456
0.074510
0.023335
0.257329
0.012971
0.018461
0.006932
0.002196
0.051952
0.066991
0.052359
0.045399
0.002745
0.000804
0.045808
0.002381
0.018758
0.129923
0.001843
0.046285
0.182251
0.026083
0.010864
0.034252
0.011050
0.279649
0.003916
0.293220
0.012512
0.243592
0.054296
0.340462
0.635037
0.008824
0.016339
0.042119
0.011050
0.863771
0.013821
0.243699
0.032697
0.071946
0.212903
0.015104
0.065123
0.034655
0.089672
0.001641
0.023223
0.055520
0.028000
0.004963
0.041395
0.033424
0.010487
0.076516
0.015775
0.073897
0.080673
0.146904
0.152150
0.023752
0.001169
0.000808
0.018655
0.063077
0.036654
0.031568
0.001522
0.159900
0.151494
0.194981
0.156717
0.015840
0.070032
0.016924
0.024789
0.002494
0.075242
0.404433
0.335822
0.002502
0.048998
0.012465
0.024524
0.003730
0.092786
0.002222
0.048805
0.129563
0.019316
0.125018
0.097570
0.119588
0.149681
0.096095
0.049738
0.008641
0.023438
0.086826
0.163277
0.070536
0.096416
0.007390
0.057566
0.029191
0.002255
0.314795
0.003636
0.049615
0.057590
0.014365
0.013062
0.057979
0.017369
0.016512
0.022959
0.001499
0.006428
0.053056
0.005105
0.003515
0.307343
0.022614
0.200463
0.233731
0.044875
0.006560
0.020468
0.065186
0.002199
0.025905
0.084732
0.033245
0.000421
0.058404
0.001673
0.014491
0.299505
0.008216
0.190216
0.020956
0.029248
0.004462
0.013944
0.002343
0.038379
0.105295
0.036780
0.070932
0.006827
0.015542
0.759955
0.005262
0.290350
0.021155
0.130107
0.415298
0.099260
0.429253
0.038234
0.045211
0.068153
0.015140
0.028760
0.638818
0.003126
0.140581
0.006878
0.241606
0.035481
0.413555
0.387636
0.006042
0.035936
0.006702
0.000700
0.021327
0.028324
0.019319
0.011270
0.525323
0.005549
0.012111
0.033694
0.284604
0.002344
0.024864
0.002365
0.026832
0.108548
0.192218
0.010262
0.005784
0.026884
0.000536
0.433020
0.083738
0.137740
0.001689
0.208130
0.054258
0.099334
0.435217
0.017089
0.422192
0.160875
0.043779
0.001735
0.019176
0.026933
0.006655
0.000643
0.045136
0.014204
0.075706
0.122121
0.041424
0.041322
0.025189
0.434805
0.024761
0.002207
0.008691
0.070188
0.016906
0.039078
0.000242
0.018143
0.134168
0.002686
0.216332
0.086576
0.022264
0.200070
0.003853
0.016702
0.426430
0.114767
0.111537
0.017313
0.054213
0.042628
0.065657
0.000023
0.097831
0.132837
0.000547
0.135252
0.039031
0.011284
0.097245
0.015980
0.340845
0.055923
0.065203
0.127495
0.473751
0.075216
0.022618
0.204828
0.044292
0.046738
0.000270
0.150274
0.001960
0.053675
0.014730
0.087247
0.009984
0.021844
0.094076
0.021877
0.005245
0.219729
0.003526
0.116471
0.002145
0.016144
0.006518
0.023530
0.003176
0.020835
0.149726
0.000259
0.278764
0.011419
0.014213
0.364675
0.001416
0.010200
0.016189
0.003084
0.506397
0.003146
0.049137
0.025703
0.001160
0.026584
0.044304
0.019271
0.119169
0.015865
0.049024
0.233483
0.002598
0.010218
0.065135
0.000423
0.119332
0.054939
0.048981
0.101473
0.039411
0.160410
0.010147
0.205940
0.009768
0.017002
0.001630
0.069758
0.043418
0.066480
0.002394
0.004088
0.149518
0.000869
0.033505
0.096177
0.026993
0.137465
0.007069
0.016113
0.051857
0.005742
0.001143
0.023808
0.001219
0.047947
0.063034
0.033323
0.177435
0.214868
0.461462
0.001307
0.093304
0.004610
0.097502
0.009963
0.846925
0.071853
0.059433
0.066298
0.023954
0.053180
0.192515
0.073233
0.002906
0.009155
0.244540
0.002958
0.189604
0.007439
0.319939
0.213039
0.005951
0.011189
0.000492
0.062754
0.012822
0.105943
0.069145
0.006881
0.025776
0.218326
0.004872
0.167137
0.000679
0.054230
0.120558
0.149587
0.007996
0.050266
0.034004
0.002169
0.015069
0.000555
0.041261
0.092561
0.127199
0.233045
0.010053
0.146651
0.101690
0.026054
0.104357
0.143347
0.092320
0.003254
0.001873
0.208238
0.140271
0.694939
0.133638
0.003228
0.010450
0.057846
0.023063
0.344071
0.071429
0.000886
0.009332
0.001733
0.015919
0.006038
0.023944
0.011839
0.062232
0.002603
0.005117
0.058373
0.002158
0.105909
0.255082
0.099353
0.007689
0.001255
0.004078
0.004753
0.168306
0.014532
0.003610
0.066374
0.134975
0.024224
0.611214
0.038380
0.129596
0.753952
0.122663
0.037284
0.448313
0.001264
0.043542
0.281326
0.002573
0.029726
0.254046
0.002936
0.345084
0.007406
0.052600
0.019084
0.035306
0.033825
0.049258
0.073646
0.001341
0.013926
0.305083
0.030744
0.349574
0.410326
0.004213
0.007616
0.038057
0.002958
0.042286
0.043147
0.071418
0.015652
0.027426
0.002124
0.003774
0.109128
0.175620
0.021011
0.233673
0.010293
0.022653
0.096530
0.012260
0.026698
0.005367
0.069700
0.020016
0.039231
0.043200
0.158669
0.001621
0.040896
0.000868
0.134392
0.010474
0.081297
0.024913
0.000276
0.005957
0.001505
0.501108
0.016309
0.044849
0.009002
0.124716
0.005929
0.081988
0.092359
0.041747
0.008781
0.015480
0.045874
0.028634
0.199731
0.003862
0.079605
0.029084
0.008972
0.047062
0.062846
0.044015
0.003223
0.415561
0.021014
0.054470
0.093759
0.023187
0.124602
0.018715
0.025435
0.040148
0.148927
0.008232
0.012310
0.003258
0.017122
0.152249
0.497216
0.026733
0.140445
0.134046
0.001935
0.179603
0.674664
0.064124
0.001657
0.025727
0.008991
0.364511
0.112431
0.065051
0.020067
0.037906
0.010441
0.025682
0.007341
0.085066
0.013957
0.053358
0.002848
0.018920
0.066132
0.013249
0.076923
0.043154
0.014736
0.013304
0.000412
0.129342
0.056168
0.022537
0.345042
0.437411
0.001251
0.005103
0.024798
0.034961
0.391375
0.024485
0.205365
0.045647
0.543514
0.049414
0.024124
0.018817
0.001074
0.073368
0.575282
0.271345
0.138285
0.019252
0.004014
0.039259
0.178281
0.628242
0.016353
0.005350
0.001638
0.001455
0.086943
0.011384
0.019870
0.063240
0.362704
0.385212
0.061429
0.031121
0.091847
0.030558
0.475745
0.910459
0.035114
0.072390
0.000279
0.009419
0.245890
0.008891
0.039228
0.313212
0.017074
0.004109
0.003091
0.005131
0.071534
0.009520
0.017099
0.295866
0.043753
0.031136
0.042333
0.181130
0.019600
0.006561
0.156726
0.005030
0.039281
0.151829
0.055225
0.037867
0.022816
0.019002
0.001135
0.021269
0.000770
0.083924
0.051827
0.224847
0.042526
0.293173
0.001388
0.102566
0.246504
0.057157
0.037745
0.036411
0.017245
0.103761
0.298307
0.056830
0.132543
0.260656
0.009832
0.143745
0.148770
0.198186
0.017684
0.008587
0.008614
0.078118
0.010326
0.222131
0.025769
0.001353
0.024583
0.076584
0.018201
0.002676
0.081479
0.170380
0.586175
0.084695
0.125567
0.001702
0.000329
0.060363
0.053566
0.001070
0.045275
0.301374
0.019073
0.044987
0.239549
0.090826
0.313411
0.002098
0.019351
0.055062
0.025784
0.059329
0.289794
0.000283
0.013980
0.016692
0.053958
0.135843
0.028415
0.487390
0.021305
0.019426
0.026264
0.035323
0.136944
0.000647
0.035645
0.247166
0.278904
0.171165
0.423666
0.625035
0.009390
0.024956
0.167437
0.001078
0.023480
0.307168
0.063910
0.011233
0.038513
0.012904
0.023387
0.001105
0.002129
0.010207
0.239767
0.033694
0.001108
0.026618
0.463133
0.047300
0.010471
0.260838
0.013308
0.166536
0.063137
0.117925
0.028695
0.068255
0.531082
0.018373
0.018449
0.125004
0.044027
0.000631
0.019381
0.021728
0.262804
0.131268
0.002779
0.056120
0.027858
0.129099
0.008206
0.060375
0.013838
0.143435
0.073969
0.083647
0.319689
0.052752
0.006377
0.031718
0.003896
0.126866
0.084875
0.009824
0.095820
0.001304
0.024804
0.452113
0.029979
0.065708
0.140496
0.003721
0.040208
0.101752
0.082333
0.026400
0.001448
0.019877
0.002437
0.005375
0.007376
0.001866
0.030826
0.020269
0.011380
0.033708
0.000652
0.018195
0.067541
0.021246
0.031155
0.085910
0.107042
0.003757
0.111851
0.218495
0.033447
0.050291
0.009143
0.013089
0.016723
0.044465
0.096599
0.002103
0.087751
0.094241
0.015828
0.047349
0.092899
0.111547
0.014593
0.274321
0.177109
0.028314
0.002603
0.124938
0.016025
0.013073
0.217870
0.323973
0.064457
0.123274
0.049555
0.021166
0.017451
0.008766
0.035456
0.095171
0.049113
0.103962
0.006586
0.043089
0.081573
0.018651
0.051740
0.014381
0.154414
0.014275
0.370581
0.320334
0.147849
0.079446
0.233868
0.093409
0.004352
0.063514
0.009732
0.042792
0.001259
0.061692
0.001913
0.135733
0.085446
0.005995
0.076387
0.078447
0.369646
0.004950
0.025000
0.010854
0.298399
0.043021
0.024617
0.120562
0.241826
0.003001
0.089985
0.280820
0.000551
0.330425
0.030578
0.064650
0.395989
0.032761
0.026164
0.160229
0.008579
0.018635
0.020778
0.057346
0.048659
0.024133
0.004951
0.001784
0.072204
0.012544
0.212325
0.042057
0.151983
0.132426
0.025077
0.082829
0.033758
0.034080
0.007490
0.066248
0.115546
0.005063
0.062707
0.196005
0.000237
0.091183
0.026989
0.046645
0.029613
0.304349
0.030625
0.001395
0.097589
0.041430
0.059060
0.022216
0.003077
0.738179
0.067620
0.083731
0.034854
0.021073
0.078470
0.001706
0.173026
0.025409
0.036948
0.007897
0.012977
0.083775
0.071385
0.410671
0.007249
0.035513
0.000961
0.000837
0.056391
0.002921
0.021581
0.004329
0.074322
0.299129
0.029400
0.007215
0.077846
0.044241
0.081440
0.000740
0.502511
0.006054
0.041199
0.026549
0.007598
0.013573
0.340509
0.234243
0.056451
0.036649
0.006002
0.087000
0.021726
0.037668
0.075029
0.076260
0.382425
0.298777
0.085230
0.005718
0.033557
0.020447
0.600704
0.002647
0.176591
0.008062
0.407231
0.112094
0.050585
0.007948
0.015441
0.044894
0.030923
0.004293
0.112229
0.075285
0.000493
0.002469
0.066777
0.004902
0.300242
0.006105
0.068290
0.037752
0.067739
0.051720
0.029902
0.076941
0.007175
0.096216
0.008433
0.016849
0.073598
0.001499
0.014537
0.095423
0.005016
0.117241
0.121896
0.000613
0.072170
0.701666
0.008191
0.060832
0.000924
0.231524
0.002071
0.213242
0.108071
0.001818
0.124339
0.005350
0.008314
0.028896
0.023687
0.479377
0.008343
0.003141
0.050550
0.241302
0.199590
0.010830
0.047009
0.073464
0.002408
0.034152
0.050321
0.007223
0.176237
0.831565
0.048430
0.006017
0.051041
0.096257
0.024130
0.031986
0.020773
0.016228
0.020599
0.123904
0.006021
0.000891
0.231208
0.021969
0.078953
0.189279
0.065486
0.028494
0.066193
0.020138
0.228739
0.349821
0.081206
0.107590
0.005991
0.000487
0.003054
0.092350
0.001841
0.008320
0.365060
0.099161
0.023956
0.170536
0.011115
0.049622
0.105973
0.043414
0.367025
0.110604
0.012174
0.163509
0.005761
0.782347
0.037343
0.044980
0.011233
0.262409
0.336837
0.080486
0.129988
0.132469
0.277925
0.012298
0.005679
0.042122
0.009851
0.013409
0.020800
0.030298
0.103879
0.004598
0.088840
0.116354
0.151475
0.007171
0.000816
0.002668
0.144764
0.162203
0.302944
0.003048
0.001963
0.477145
0.002655
0.154532
0.316885
0.072960
0.058375
0.007983
0.002022
0.002374
0.016817
0.010280
0.038698
0.007144
0.005740
0.153372
0.002943
0.126328
0.008095
0.132611
0.209068
0.018298
0.002054
0.036084
0.007537
0.092917
0.261781
0.040603
0.744221
0.005673
0.000433
0.015086
0.005714
0.054470
0.020090
0.045239
0.001219
0.000976
0.021215
0.035574
