724
1.553400
4
91
40
10
1
5047
-0.943219
-0.046767
0.419571
0.470290
-0.757996
1.000000
-0.553068
-0.006988
0.306405
0.573410
-0.046872
0.170150
0.220278
0.269192
0.804316
0.686961
0.031998
-0.028225
-0.900989
0.453244
0.502169
0.519416
0.348835
0.764924
-0.969785
-0.049048
0.376722
0.415860
-0.117651
-0.210168
-0.672088
-0.679182
0.583341
0.835574
-0.503772
0.906144
-0.493716
-0.812300
0.079925
-0.690837
-0.617714
-0.277702
0.731385
0.436013
-0.180844
0.395547
-1.000000
-0.746780
0.468727
0.621526
-0.267969
0.279249
-0.932865
0.899478
0.205164
0.096508
0.607866
-0.908854
0.854697
0.057451
1.000000
-0.707431
0.970874
-1.000000
-0.834581
-0.639920
0.381128
0.959729
-0.114818
0.517731
0.293546
0.590748
0.379173
1.000000
0.302686
-0.605641
-0.345119
-0.701348
0.475428
0.233230
0.301745
0.546972
-0.695713
0.040340
-0.950889
-0.433228
-0.748334
0.217088
0.721996
-0.645560
-0.284749
0.430752
-0.191122
0.009990
0.215604
0.753837
0.418572
-0.780967
-0.917355
0.530298
0.008897
0.171919
-0.647367
-0.898606
-1.000000
0.687863
1.000000
-0.894333
0.187213
-0.833249
0.113700
0.989688
0.241851
-0.411801
0.942967
-0.209341
-0.577547
-0.655495
0.777646
0.096567
0.002659
-0.042356
-0.144930
0.849633
-0.090291
0.586069
-0.762777
0.795541
0.081354
-0.846092
-0.235001
0.276831
0.721255
-0.399932
0.969049
-0.879436
0.734824
0.316809
0.638427
-0.175860
0.730771
-0.775678
-0.029151
-0.403364
0.388856
0.304286
-0.682866
0.014738
-0.704112
0.567772
0.356870
0.280033
-0.560051
0.188669
-0.015850
1.000000
-0.879899
0.892916
0.771824
0.335458
0.852441
0.445274
0.704394
0.192030
0.574997
0.375773
-1.000000
-0.059229
0.278190
0.693442
-0.175122
-0.230248
-0.192573
0.773048
-0.447997
0.658122
-0.150270
0.440284
0.870982
0.856493
-0.818366
0.167226
0.878358
0.251369
-0.724353
0.713985
-0.700904
0.688807
0.644868
-0.584808
-0.933932
0.932566
0.014790
-0.913809
-0.719371
0.167937
0.847049
0.680543
-0.262058
0.782676
0.328251
-0.705883
0.825668
0.114995
-0.276131
-0.733039
-0.252442
-0.467723
0.933084
0.064176
-0.836352
0.760746
0.758962
-0.139802
0.891083
-0.653972
-0.136747
-1.000000
0.053265
0.382875
0.558009
-0.200163
0.182452
0.689606
1.000000
-0.232285
-0.096890
0.786413
-0.133688
-1.000000
0.478128
0.325962
0.222559
-0.034909
0.937437
0.449307
-0.057035
1.000000
0.612521
1.000000
-0.176130
-0.406137
-0.839876
-0.277123
0.610879
0.888428
1.000000
-0.437859
-0.297615
-0.403706
-0.423117
0.025823
0.405363
-0.427462
-0.473919
0.397507
0.259836
0.169086
-0.187486
-0.596103
-0.715962
0.055439
-0.111358
-0.068219
-0.004650
0.846998
-0.719225
-0.875706
-0.171890
-1.000000
-0.751299
-1.000000
-0.523966
0.131812
0.573417
0.002756
0.358757
0.795802
-0.443605
-0.730086
-1.000000
0.315691
0.418826
-0.973377
-0.423079
-0.784643
0.121657
-0.025992
0.699160
-0.127400
0.041129
-0.751184
-0.118108
0.876922
-0.712694
0.754020
-0.038867
-0.393504
0.947534
-1.000000
0.212262
0.278979
0.507881
-0.129153
0.466202
0.106367
-0.769811
0.816749
0.215050
0.343023
-0.446880
0.058076
0.652669
-0.782097
0.849571
0.656309
0.263083
0.917318
-0.565350
0.773172
-0.727930
-0.508377
-0.421086
-0.315256
0.431451
0.592641
-0.002214
0.186562
-0.582435
-0.177712
-0.352417
0.732954
0.511353
-0.542065
-0.888302
0.088686
-0.111233
-0.404690
0.605152
0.642954
1.000000
0.509749
0.502626
-0.619464
0.551260
-0.094895
-0.591528
-0.765414
0.730004
1.000000
0.928789
-0.148538
-0.055924
-0.279247
-0.524088
-0.812965
-0.455185
-1.000000
-0.005991
0.584103
-1.000000
0.146690
-0.323973
-0.049762
0.317081
0.367302
-0.240162
-0.618975
0.840740
-0.434563
-0.167420
0.939289
-0.130001
-0.423326
-0.833478
-0.191853
-0.511298
-1.000000
0.271883
-0.173886
-0.297965
0.227595
1.000000
0.781724
-0.810815
-0.334179
0.064518
-0.808863
0.956317
0.811560
0.690075
-0.996803
-0.691733
-0.032698
-0.390826
-0.979513
1.000000
-0.283829
-0.195381
-0.413700
0.040537
-1.000000
0.462294
0.119106
-0.755038
-0.161640
-0.018850
-0.850331
0.045041
0.275480
-0.971033
-0.290182
-0.716028
-0.948712
0.484267
0.072139
-0.431269
0.385272
0.342862
-0.319618
-0.836580
0.519147
0.637761
-0.707528
-0.936158
-0.190721
0.750009
0.627582
0.365471
-0.254093
0.126638
0.469102
-0.189944
0.178353
-0.595223
-0.953096
-0.948375
0.573941
-1.000000
0.494332
-0.511949
0.164094
0.936276
-0.236916
0.527004
-0.703952
0.975104
0.390963
-0.641277
-0.539260
0.066038
-0.883315
-0.715507
-0.096182
-0.472073
0.319732
-0.347398
0.513084
-0.282562
0.804016
0.687864
0.006647
-0.291171
-0.607955
-0.269958
0.702941
0.343993
0.674159
0.946566
-1.000000
0.129157
0.126373
0.644055
-0.607808
0.684661
-0.609954
-0.060406
-0.225380
0.217052
-0.714662
-0.895047
-1.000000
0.228703
-0.968147
-0.087530
-0.987254
0.651080
-0.291389
0.321402
-0.525556
0.539976
0.040440
-0.940823
-0.408025
-0.688548
0.522772
0.488048
-0.981184
-0.074720
0.359705
-0.203041
-0.919869
0.550519
-1.000000
0.590456
1.000000
-0.765235
-1.000000
-0.035293
-0.115714
0.447544
0.505091
0.612156
0.527869
-0.438290
0.443424
0.112155
-0.277076
0.118091
0.507089
-0.332506
-1.000000
0.123396
-0.742558
-0.978115
-0.385788
0.242299
-0.635316
0.210440
1.000000
0.413746
0.381954
-0.201634
0.113109
0.014320
0.632518
0.519129
0.116158
-0.841486
0.001911
0.335375
-0.954186
0.769249
-0.290916
-0.163567
-0.799838
-0.232592
-0.804514
0.507339
0.532646
0.304212
0.679500
0.277991
-0.910818
-0.162825
0.429632
-0.388009
-0.180170
-1.000000
0.380261
1.000000
-0.399098
-0.768701
-0.038587
0.476756
-0.625147
0.496514
-0.551132
0.971853
-0.408648
0.223556
-1.000000
-0.477579
0.429890
0.449410
0.732808
-0.295080
-0.988346
-0.780209
-0.019365
-0.167115
-0.382239
0.498819
-0.748454
-0.139497
0.718777
-0.786053
-0.067553
0.441688
0.907850
-1.000000
0.745987
-0.911336
-0.326447
0.182581
0.459417
0.398533
-0.310806
1.000000
-0.049515
0.942667
-0.635761
0.610825
0.647566
1.000000
0.167856
0.508077
0.273745
-0.049934
-0.899538
0.777078
-0.406988
-0.709075
-0.527529
-0.829964
-1.000000
0.159593
0.436977
-0.139320
0.254684
-0.871331
0.218483
-1.000000
-0.175413
-0.436114
1.000000
-0.927393
1.000000
-0.443717
-0.994885
-0.395160
-0.812005
-0.461011
-0.126100
0.324701
0.249470
0.162870
-0.365711
0.687353
-0.848164
-0.308296
0.488804
-0.693275
1.000000
0.660789
0.164751
-0.365805
0.284236
-0.042471
-0.741490
-1.000000
-0.854959
0.346829
0.489275
1.000000
-0.627127
-0.513722
-0.120582
-0.110095
-0.405496
-0.675673
0.584532
0.579555
0.925098
-0.984956
0.067583
0.216834
-0.645301
-0.658656
-0.440408
-0.378767
0.831177
1.000000
0.255369
-0.905409
-0.669462
-0.833237
0.404822
-0.845059
-0.916982
-0.271722
-1.000000
0.160887
-0.544679
-0.506181
0.810807
0.837595
0.872295
-0.140501
-0.234674
-0.606413
-0.130498
-0.783387
0.652455
-0.491264
-0.884367
-0.642794
0.185188
-0.958152
-0.564197
-0.945493
-0.378481
0.883497
-0.145458
0.316894
-0.262959
-0.162785
-0.345880
0.720372
-0.325158
0.948794
0.050988
-0.182662
-0.093807
0.114590
0.175766
-0.438051
-0.218377
0.052519
-0.840805
0.498974
0.047974
0.191169
0.930454
0.195142
0.519757
-0.527196
-0.716802
0.819871
-0.074041
0.783813
-0.938873
-0.915686
-0.401995
-0.356451
-0.128943
0.076251
-0.099293
-0.982795
-0.126603
-0.388966
0.451651
-0.167945
0.176395
0.786244
0.863619
0.261174
0.532204
0.243670
-0.617567
0.369644
-0.022435
0.986247
0.113129
-0.078502
0.826814
-0.482406
-0.369469
-0.817146
0.535184
-0.250070
-0.330020
-0.874435
-0.770090
0.409972
0.890636
-0.758650
0.337245
0.557253
-0.518327
-0.681522
-0.016890
-0.898652
0.765933
0.441418
-0.278636
-0.996231
0.212073
-0.908691
-0.632663
-0.602689
1.000000
-0.672032
0.548132
-0.447956
0.411011
0.044244
-0.218934
0.554008
-0.824787
-0.901397
-0.140617
-0.604483
0.207398
0.792605
0.642331
-0.020109
-0.258636
0.821145
0.183776
0.981744
-0.000040
0.125412
0.331611
-0.277460
-0.922646
-0.547527
-0.005721
0.634499
-0.962028
-0.838038
0.195955
0.380315
0.626553
-0.051778
0.452025
0.085405
0.088152
0.691086
-1.000000
0.185489
-0.951982
-0.889149
-0.403760
-0.368224
0.209633
-0.573820
-0.275979
-0.660358
-0.939104
-0.385368
-0.307253
-0.572875
-0.568742
0.968397
-0.195482
-0.287561
-0.045438
-0.202060
-0.665191
0.179713
0.910036
0.923104
0.389436
0.574421
0.149228
-0.251277
-0.496024
-0.715821
-0.149771
0.759533
0.647188
0.441165
-0.268535
0.960040
-0.831455
-0.230363
-0.083679
-0.671904
0.240483
0.779293
-0.094285
-0.170758
-0.922338
-0.247127
0.405165
0.857636
-0.033401
-0.414750
-0.638741
1.000000
0.283414
-0.087818
1.000000
-0.998567
0.328738
0.442965
-0.500668
0.015006
0.260824
0.383866
-0.197604
-0.684186
-0.678083
-1.000000
0.107092
0.780508
0.153158
-0.724865
0.200637
-0.569502
0.112719
-0.595971
0.859040
0.277478
-0.349944
0.220880
0.293271
-1.000000
0.318733
0.911335
-0.467786
-0.805531
0.512576
0.149026
-0.705650
-0.179613
-0.938611
-0.341396
0.836233
0.580094
0.059576
-0.672900
-0.094171
0.712424
0.814983
-0.914220
-0.753068
0.225019
1.000000
0.180478
0.528543
0.827160
-0.434238
-0.854920
0.117213
0.892700
0.107568
-0.611314
0.977482
-0.352438
-0.875452
0.323158
-0.777038
0.795457
-0.743420
-0.906134
-0.812256
0.560109
0.455310
0.589774
0.300691
-0.743619
0.993249
-0.725714
0.951422
0.919963
-0.293772
-0.522193
-0.553515
0.397418
-0.261737
-1.000000
0.548739
0.678882
-0.284403
0.027289
0.954707
0.952746
-0.664134
0.673328
0.590795
0.739734
-0.398207
0.258124
0.099096
-0.494283
-0.895696
0.739820
-1.000000
-0.038341
0.472695
0.722723
-0.322379
-0.104600
0.768792
-0.412833
-0.033979
-0.872196
0.510177
-0.892600
-0.893465
0.382309
0.044200
0.893273
-0.138121
-0.972423
-0.693632
-0.289897
-0.361128
-0.467163
0.841895
0.215525
-0.217121
-0.624874
-0.637933
0.979193
0.656823
0.924570
0.736314
0.448998
-0.109678
0.806182
0.878494
-0.919388
0.154601
-0.550777
-0.018162
-0.114999
0.867481
-0.431001
0.156813
-0.505143
-0.968139
-0.981475
-0.723111
-0.726761
0.871900
-0.970261
-0.142649
0.308106
-0.918252
-0.455410
-0.732057
0.719241
0.838877
-0.701361
-0.982752
0.907774
-0.441654
0.121719
-0.883664
-0.916808
0.414443
0.647022
0.503150
-0.768415
-0.218648
0.487725
-0.462892
-0.890726
-0.340007
-0.299748
-0.719024
0.559304
-0.042453
-0.628496
-0.273347
-0.155022
-0.295667
-0.509951
0.030394
-1.000000
-0.591443
0.473648
-0.754928
-0.119897
-0.494941
-0.725146
0.695888
-0.705583
0.541826
-0.584925
0.128089
0.146943
0.504464
0.339643
0.482258
0.330420
-0.430645
-0.486717
-0.872969
0.598777
0.257743
0.988496
-0.457175
0.853845
0.114243
0.085432
-0.699253
-0.702790
1.000000
0.012100
-0.601690
0.414377
0.869761
0.752425
-0.041002
0.808918
0.992958
0.957802
-1.000000
-0.794374
-0.420056
-0.327826
0.735443
-0.320984
-0.970878
0.377135
-0.774875
0.572649
0.007916
0.344565
-0.511383
0.229403
0.464504
-0.730016
0.677766
-0.848616
-0.540384
-0.600659
0.765412
0.253378
0.156269
-0.985716
0.568235
-0.125923
0.308236
-0.149658
-0.647668
-0.722480
-0.701621
-0.606294
0.186144
-0.860709
-0.899269
0.899155
-0.852901
-0.251611
-1.000000
0.147994
0.387570
0.993315
-0.158379
0.654412
-0.622560
0.755919
0.588476
-0.093772
0.804445
0.353461
-1.000000
-1.000000
-1.000000
0.745781
-0.100303
0.577250
0.078052
0.249295
0.043708
0.394953
-0.151453
0.519392
-0.748882
-0.033502
0.336895
-0.722555
-0.092258
0.093664
0.256244
-1.000000
-0.170161
0.000286
-0.477806
-0.906990
-0.470761
0.396480
-0.215414
-0.320935
-0.893276
0.961431
-0.816865
0.135617
-0.081201
0.882345
0.383252
0.568114
-0.944054
-0.138963
0.331780
-0.882570
-0.961264
0.719788
-0.720310
0.821125
0.521826
-0.592751
0.442989
-0.177740
0.077829
-0.384113
-0.054683
0.013275
0.054009
-0.003295
-0.798802
-0.069783
-0.659713
-1.000000
0.196212
0.767713
0.098759
-0.971052
-0.132138
-0.129655
0.674370
0.106627
-0.484274
0.513862
-0.536253
0.230596
-0.156561
-0.480333
0.392653
-1.000000
-0.141190
0.576724
-0.602325
-0.770412
0.903028
0.231671
1.000000
-0.389711
-0.510712
-0.260624
0.911357
0.529448
0.262634
-0.165019
-0.207265
-0.169332
0.027877
0.191487
-0.544505
-0.783630
-0.439983
0.152442
-0.283752
-0.303234
-0.439525
-0.576126
-0.055819
0.648418
0.756982
0.292085
0.466050
0.036540
0.117938
0.438709
-0.238046
-0.844747
0.100752
0.626006
-0.662009
0.301812
0.138274
0.679465
-0.173058
-0.961991
0.185816
-0.482966
0.386250
0.762222
0.492602
0.008897
0.265416
-0.272562
-0.057414
-0.920908
0.947609
-0.256118
0.672077
0.300257
0.249025
-0.059337
-0.934852
1.000000
-0.747310
1.000000
-0.472439
-0.567661
-0.784146
1.000000
-0.620423
0.206845
-0.636275
-0.520509
0.178774
-0.330468
-0.211487
-0.396541
-0.083597
-0.051915
0.743706
-0.031962
0.304995
0.848720
-0.581736
-1.000000
-0.736553
-0.993336
0.635592
0.926589
-0.418203
-0.084078
-0.613836
-0.476469
-0.775539
0.130049
-0.804907
0.454618
-0.823067
-0.095184
-0.019210
-0.440271
-0.319549
0.329823
-0.583645
0.134829
0.530953
-0.018086
-0.177715
-0.315024
-0.639204
0.224397
0.166623
0.878460
0.841703
0.473162
0.135058
-0.963764
0.029934
-0.474532
-0.869725
0.521010
-0.473680
0.331256
-0.310187
-1.000000
0.684253
0.774810
-0.945855
0.568719
0.136266
-0.667638
0.547823
0.329829
0.774752
0.669992
-0.870125
-0.646110
-0.614876
0.845346
1.000000
0.191941
0.916024
-0.485268
-0.161888
-0.946561
-0.941953
0.486964
-0.300063
0.302152
1.000000
0.100016
-0.831999
0.228791
-1.000000
0.044047
0.095710
0.544085
-0.245451
-0.062721
0.443169
0.357963
-0.119410
0.678325
0.031566
0.042390
-0.997641
-0.516560
-0.051069
-1.000000
-0.889587
-0.209726
-0.444281
-0.112022
0.076824
-1.000000
0.878604
-0.827550
-0.477060
0.061794
0.768714
0.653400
-0.650908
-0.559664
-0.449048
-0.640708
-0.968321
-0.583315
-0.294312
-0.257865
-0.247154
-0.978064
0.559436
-0.641745
-0.216272
-0.789454
-0.524943
0.729493
-0.187867
1.000000
0.017027
0.431286
0.427221
0.990347
-0.110978
-0.264486
-0.424522
-0.520164
-0.151370
-0.646291
0.255737
-0.579948
0.956830
-0.358906
-0.180041
-0.579946
0.396778
-0.403255
-0.102655
0.506931
-0.889408
0.154514
-0.102410
0.228654
0.537004
-0.779604
-0.361822
-0.146521
0.357007
0.289331
0.495946
-0.070812
0.708487
-0.843953
-0.941379
-0.204429
0.076564
-0.254365
0.181926
0.352052
-1.000000
0.988884
-0.636371
0.496625
-0.485576
0.122956
0.401894
-1.000000
0.249989
0.123802
-0.621875
0.788942
-0.365249
-0.431652
-0.306150
1.000000
0.702904
0.385497
0.170848
0.884073
0.060502
-0.922199
0.131771
0.933037
-0.981826
-1.000000
0.718844
0.064953
0.716863
-0.320322
0.038571
0.142934
-1.000000
0.790805
0.280951
-1.000000
-0.895052
-0.111024
0.432490
-0.222342
-0.149265
0.654954
-0.828020
-0.504643
0.482460
0.817328
0.882475
1.000000
1.000000
-0.801214
-0.032605
-0.437529
0.790613
-0.479127
-0.485892
0.204210
-0.873864
0.340197
1.000000
-1.000000
-0.935245
-0.262622
-0.429933
-0.069252
-0.932883
-0.535092
0.464678
0.506531
-0.642123
-0.504480
-0.315614
-0.694277
-0.875612
0.067269
-0.856779
-0.719525
-0.401891
0.231841
-0.981491
0.457930
0.919428
-0.646480
0.333790
-0.230375
0.267776
-0.333050
0.017211
0.965277
0.262431
0.271624
-0.185901
0.678226
-1.000000
0.790144
-0.226124
-0.558721
-0.751534
0.141420
-0.702644
-0.030596
0.453423
0.279126
0.668412
0.903409
-0.739519
0.666828
0.501669
0.218726
-0.506520
0.247259
0.521885
0.610550
0.763689
-0.625359
0.011676
0.450380
-0.771268
0.163846
0.182539
0.649636
0.966439
-0.664250
0.588414
0.878272
-0.065162
-1.000000
0.982060
-0.283322
0.722711
-0.157164
1.000000
-0.642555
0.125011
-0.115758
0.088490
0.328101
-0.367716
-0.510157
0.590699
-0.833165
0.028598
0.959899
0.273163
0.305630
0.768533
-0.024524
-0.003114
0.026414
-0.568937
-0.668189
-0.630132
1.000000
-0.813964
0.638967
-0.176017
-0.421491
-0.099576
-0.240168
0.887062
0.565910
-0.901536
-0.584425
0.648299
-0.630905
-0.824148
0.957796
0.013743
-0.515469
-0.089598
-0.882951
-0.613792
0.689192
0.409560
-0.564759
0.791381
0.685357
-1.000000
0.922299
0.637015
-0.908820
0.837168
0.111164
1.000000
-0.200067
-0.701983
0.907671
-0.463719
0.210686
-0.971295
0.873282
-0.182377
-0.307088
0.841624
0.425187
-0.082079
0.036104
0.029503
0.323061
0.385180
-0.712129
-0.511226
0.762099
-0.153173
-0.759238
0.383146
0.007994
-0.039659
0.508328
1.000000
0.384806
0.158728
0.896974
0.668031
-0.087124
-0.267546
0.231679
-0.876301
-0.385019
0.792480
0.269538
0.765869
0.458970
0.323115
-1.000000
-1.000000
0.516589
-0.475568
0.133753
-0.071793
0.876910
0.607720
-0.032936
-0.032047
0.431445
0.491179
-0.440333
-0.263105
-0.856374
0.152213
0.099486
0.234657
-1.000000
0.278965
0.077202
0.919212
-0.117793
-0.269373
-0.971052
1.000000
-0.065196
0.638606
-0.163950
-0.885498
-0.350721
-1.000000
0.042246
0.506586
0.455598
0.995717
0.718776
0.425173
-0.690537
0.648059
-0.183195
0.116778
-0.458133
0.003395
-0.985531
0.083276
-0.004970
-0.207397
-1.000000
-0.024775
0.887293
0.161040
-0.781917
-0.892224
-0.839376
1.000000
-0.138989
-0.744557
0.223065
0.442572
0.697409
0.951317
-0.035278
0.804770
0.019061
0.784428
-0.408488
0.109085
0.919530
0.509360
0.133877
-0.865205
-0.930307
0.079842
-0.109862
-0.136816
-0.923004
-0.484047
-0.971843
-0.337539
0.623393
0.779499
-0.535957
-0.626197
0.011580
0.862241
-0.075132
-0.973933
-0.552699
-0.811936
-0.676393
0.193871
-0.368368
0.733948
0.923674
-0.704327
0.476527
0.504228
-0.838974
0.974866
1.000000
-0.710297
0.316016
-0.599096
0.259775
0.788388
-0.300447
0.235098
-0.561850
0.004976
0.822021
-1.000000
0.040959
-0.908322
-0.538003
-0.950655
0.139050
0.713484
0.629765
0.425400
1.000000
-0.005882
0.636527
-0.187604
0.943437
0.230265
0.784635
-0.481692
-0.211809
-0.189558
0.492125
-0.829500
0.228807
-0.475153
0.534140
-0.522545
-0.080150
0.051914
-0.438219
0.948522
0.899838
-0.486454
0.261874
-0.246691
0.992035
0.778392
-0.303478
-0.131481
-1.000000
-0.675333
0.407314
-0.684633
0.566004
-1.000000
0.256631
0.764493
-0.336370
-0.817552
0.235261
0.864587
-0.219766
0.578245
0.693934
0.689229
-0.963060
-0.926329
-0.820541
-0.535508
0.552420
0.681976
-0.600800
-0.139764
-0.151739
-0.174112
0.141277
-0.556461
-0.571547
0.471348
0.728996
-0.297505
-0.396459
0.265860
0.738277
0.009055
-0.664718
0.157521
0.774211
-0.522240
-0.183174
-0.200937
1.000000
0.690126
0.095106
-0.246926
0.485718
-0.630773
0.884905
-0.207802
-0.261684
-0.788434
0.097796
0.584964
-0.958388
-0.165858
0.577649
0.306503
-1.000000
0.199350
-0.544201
0.152507
-0.594901
0.681798
-0.314081
0.575642
0.655858
0.861870
-1.000000
0.325870
0.252415
-0.878065
0.891717
1.000000
-0.552909
-0.331132
0.477858
0.169005
-0.371814
0.405231
-0.585899
-0.765210
-0.387907
0.401351
0.723106
0.993968
0.091696
0.873505
0.287943
0.455402
-0.664295
0.429706
-0.956905
-0.833074
0.823460
0.202726
0.310062
0.799532
0.799392
0.951056
-1.000000
-1.000000
0.898077
0.199382
0.910059
-0.783245
0.708906
-0.631509
0.748435
-0.247676
0.789901
-0.467687
0.593661
-0.849256
-0.926407
-0.009595
0.811794
-0.039757
0.664098
-0.732394
0.521743
-0.652141
-0.765387
0.831220
-0.731770
-0.071325
0.837094
0.856130
0.405281
0.527595
-1.000000
-0.982486
-0.367087
-0.946724
0.557657
-0.261463
0.199615
-0.369279
0.673291
-0.670453
-0.647356
0.334395
-0.564501
0.732157
-0.311546
-0.107675
0.511478
0.377973
-0.968911
0.513111
-0.121190
-0.039925
-0.448651
-0.176437
-0.511596
-1.000000
0.995085
0.098928
0.110164
-0.498500
-0.287521
0.319617
0.668903
-1.000000
-0.411149
-0.102007
0.039336
0.800956
0.279522
-0.991244
0.927369
0.631053
0.069638
0.310769
0.253505
0.472260
0.209475
1.000000
-0.767571
-0.536012
-0.323990
0.667389
-0.404331
-0.771670
-0.427344
-0.356684
-0.308528
-0.735527
-0.863755
-0.058993
-0.068509
-0.820554
0.555088
0.559021
-0.702818
0.737278
0.001381
0.271264
0.533962
-0.156363
0.123024
-0.262019
-0.057726
0.128277
-0.319394
0.033424
0.072360
0.332042
0.071950
-0.671950
-0.311863
0.314412
-0.505860
-0.759690
-0.237517
0.138413
0.067358
-0.777539
0.513213
-0.392638
0.344196
-1.000000
-1.000000
0.274489
-0.676330
-0.932282
0.529272
-0.431806
0.203927
0.441240
-1.000000
-0.009662
0.434787
-0.230140
-0.859620
0.234309
-0.919692
-0.726984
-0.436949
-0.537756
-0.899780
0.540690
0.582044
0.219411
-0.139704
0.333004
0.786957
-0.746234
-0.761073
-0.504148
-0.203092
-0.555326
0.515820
0.624367
-0.441095
0.485274
0.257679
0.269138
0.591156
0.115783
1.000000
-0.900372
-0.227954
-0.493853
-1.000000
-0.438756
-0.246279
0.974580
-0.835583
0.714641
0.875246
0.324740
0.266493
0.377536
-0.412625
-0.752723
0.774957
-0.508131
0.252832
-0.366790
0.113428
0.168474
-0.071859
-0.588367
0.115053
0.954217
1.000000
-0.591732
-0.722101
0.761883
0.398499
-0.187684
0.419819
0.010716
-0.049096
0.848095
0.164781
-0.356504
-0.701215
-0.119461
0.364150
-0.393829
-0.595204
0.147148
-0.178198
0.345164
0.258888
0.537009
0.977219
0.123360
0.216015
0.217404
0.287349
-0.730760
-0.296725
-0.807704
-0.155313
-0.910477
0.474012
0.404959
0.050274
-0.778272
-0.740179
0.638677
-0.353459
-0.872768
0.508603
-0.446825
-0.982770
0.835201
0.342909
0.847282
0.767402
0.076445
-0.370961
0.249488
-0.860582
-0.270315
0.134857
0.651943
-0.012715
-0.730735
0.436483
0.150198
0.059299
0.345019
0.288664
0.029910
0.346009
-0.394979
0.750479
-0.081545
0.551552
0.013132
0.368241
0.191149
-0.037867
-0.655863
-0.368067
-0.396566
-0.015668
0.041378
-0.172826
0.656935
-0.044257
0.217116
-0.461425
0.752397
0.087929
-0.972890
0.380487
-0.810113
0.763866
-0.378511
-0.221335
0.538159
1.000000
-0.811319
-0.785533
-0.463064
0.201579
-0.064036
-0.002052
0.210040
0.064803
0.388994
0.370152
0.564146
-0.391231
-0.689777
0.367114
0.490792
0.364837
-0.415639
-0.914571
-0.383492
-0.988554
0.823905
-0.960911
0.037027
0.341225
-0.431151
-0.092869
0.560925
0.516689
-0.244360
0.840890
0.237147
0.424226
-0.684211
-0.099221
-0.821684
-0.365142
-0.029515
0.681504
-0.785116
-0.570898
1.000000
-0.707385
0.295260
-0.323516
0.274667
0.600675
0.564464
0.807497
0.440079
-0.961730
-0.821511
-0.235911
1.000000
-1.000000
0.279378
-0.316890
1.000000
-0.229342
0.984777
0.342194
-0.862038
-0.999581
0.313270
1.000000
1.000000
-0.749001
0.181310
-0.560690
-0.872718
0.756080
-0.509687
0.949302
-0.400467
0.107443
-0.029584
-0.938084
0.958664
0.691455
0.937376
0.070036
-0.737389
-1.000000
-1.000000
-0.391250
0.401650
-0.635396
0.508101
-0.689851
0.276115
-0.153192
-0.418982
-0.331679
0.912443
0.003969
-1.000000
0.157237
-0.895629
0.902580
-0.197138
-0.003261
0.097833
0.955560
0.411536
-0.700811
-0.150605
0.163042
-0.265030
-0.496298
-0.339393
0.344090
0.035282
0.137958
0.724082
0.211218
-0.465395
0.573467
0.140224
-0.177791
-0.537615
0.522475
0.864992
-0.430492
-0.094095
-0.204808
0.087602
-1.000000
0.063707
-0.777099
-0.519566
-0.735818
-0.503301
-0.743366
0.041119
-0.373525
0.035249
-0.534678
0.896405
-0.839588
-0.681584
-0.834090
0.445201
-0.438250
0.403116
0.947440
0.587817
-0.021463
0.474570
0.600492
-0.420772
0.579178
0.017560
-0.448180
0.828126
0.589045
-0.360651
-0.066237
-0.343985
0.307138
0.932179
-0.610980
-0.741404
0.299022
1.000000
0.850879
-0.024513
-0.085901
0.627760
0.132284
0.257190
0.220782
-0.512154
-0.756088
0.843296
0.708639
-0.890331
-0.708262
-0.768862
0.550728
-0.421528
0.110638
0.334511
-0.607268
-0.699523
-0.386274
0.226015
0.187695
-0.835639
0.673681
-0.943708
0.196164
-0.150873
-0.566385
0.238783
-1.000000
0.307919
-0.802575
0.644856
-0.174356
-0.129225
-0.709091
-0.204342
0.510160
0.311269
-0.254339
-0.855833
0.846698
0.015849
-0.214743
0.304732
-0.160046
-0.550284
0.162569
0.295859
-0.473322
0.780723
-0.373466
-0.165267
-0.054676
-0.981113
-0.532268
-0.028422
-0.574496
0.705926
0.417296
0.941259
0.049552
0.033561
-0.595777
-0.701296
0.408018
-0.861182
0.969274
-0.766484
-0.005535
0.356359
0.531872
0.452953
-0.037659
-0.227687
-0.261202
0.729368
-0.269111
0.099079
-0.453914
-0.965402
0.183519
0.133768
0.832235
-0.977056
0.236403
-1.000000
-0.037959
-0.191847
0.890974
-0.615200
0.573060
0.366264
0.861085
-0.624696
0.197842
-0.942478
0.257654
-0.170446
0.802539
0.260967
0.095858
0.009328
-0.409915
0.481800
-0.124631
-0.882013
-0.135199
1.000000
-0.708774
-0.054482
0.910135
-0.521689
0.657761
0.843566
-0.869716
-0.359066
-0.714845
0.468698
0.601950
0.527460
-0.158162
-0.955511
-0.612045
0.911362
-0.003840
0.812527
0.113833
1.000000
0.317363
0.646646
0.772124
-0.191284
-0.610893
-0.907673
0.439916
0.312122
0.235819
0.003766
-0.097098
0.054587
-0.902364
0.872781
0.236160
-0.576752
-0.394671
0.966133
-0.732857
0.212025
0.605263
-0.076614
0.919261
0.339683
-0.129018
0.941886
0.984710
-0.684160
0.475920
0.942963
0.482338
-0.518430
0.860694
0.215059
-0.770284
-0.572244
-0.373331
-0.605133
0.686285
-0.964736
0.025627
-0.643866
-0.647823
-0.503850
0.410096
0.156183
-0.922371
-0.300763
-0.022276
0.242838
0.718457
0.697958
-0.097887
0.803334
0.262254
0.101954
0.665418
-0.221560
0.179408
-0.057999
0.916218
0.683579
-0.092022
0.270880
-0.830639
0.256005
-0.519561
0.930731
-0.782660
-0.990226
0.740072
0.362026
-0.136817
0.944498
0.019202
-0.384170
0.679342
0.739923
-0.816390
-0.632268
1.000000
-0.290277
-0.457416
-0.017540
-0.794552
-0.694509
0.074243
0.261408
0.781969
-0.456954
-0.369666
-0.188672
0.794902
0.974667
-0.923553
0.889937
0.022077
0.175210
-0.550454
-0.405642
-0.068240
-0.173267
-0.396287
0.542873
0.589430
0.397315
-0.529140
-0.214530
-0.942012
0.970371
-0.100622
0.700501
0.513647
0.335387
0.507012
0.182519
0.759091
0.332822
1.000000
0.095268
0.451233
-1.000000
0.481643
0.645728
1.000000
-0.888874
0.575879
-0.591886
-0.882806
0.356475
0.909206
-1.000000
-0.018959
-0.266867
-0.191260
-0.365605
0.495489
0.862997
-0.853663
0.210245
0.913135
-0.112434
0.078076
0.029932
-0.170033
-0.773523
0.528370
0.718405
-0.816779
0.807788
0.080087
-0.244902
-1.000000
0.458412
-0.143479
0.109949
0.469329
-0.540690
-0.027822
-0.426776
-0.208514
0.133519
-0.521286
0.150404
-0.275461
0.853146
-0.828447
0.089916
0.171893
-0.189226
-0.593858
-0.598853
-0.574244
-1.000000
-0.439128
-0.463877
-0.762242
-0.575410
0.579204
1.000000
0.963787
0.517506
0.850072
0.793880
-0.924909
0.326409
-0.318827
-0.247306
-0.302951
0.735932
-0.692744
0.951994
-0.520558
-0.575767
-0.686904
-0.102793
1.000000
-1.000000
-0.065302
-0.184145
0.465164
-0.581284
-0.225820
-0.223920
0.623038
0.799375
0.139060
0.634937
-0.346488
-0.411721
-0.161635
0.054894
0.380937
0.659358
1.000000
0.674440
-0.043267
0.305512
-1.000000
0.437322
1.000000
0.107637
-0.668444
-0.970010
0.996858
1.000000
0.690976
0.581835
-0.922550
-0.214233
-0.990673
-0.259362
0.481027
-0.105193
0.680682
-0.575925
0.471113
-0.651842
-0.240846
-1.000000
0.465829
0.603429
-0.482058
-0.122454
-0.287873
0.781832
-0.976518
0.168820
0.249488
-0.331499
-0.935329
-0.119373
-0.228999
0.074392
0.298528
0.599769
0.852663
0.568511
0.508461
0.578140
0.224129
0.159576
-0.850273
1.000000
-0.885098
-0.518950
-0.638911
0.684054
0.472886
0.614993
-0.577968
-0.654750
0.183397
-0.863072
-0.943204
-0.179240
1.000000
0.970621
0.209881
0.248767
-0.598468
1.000000
0.306672
0.383744
-0.241152
0.055817
0.956639
-0.376454
-0.237292
-0.778553
-0.798541
-0.484232
-0.395712
0.361452
-0.047621
1.000000
-0.116940
0.050616
-0.510230
-0.755670
0.096235
-0.006332
0.192018
-0.874464
0.445067
0.811647
0.177238
0.932771
0.707556
0.418718
-1.000000
-0.077722
-0.371401
0.346463
0.562231
0.177635
0.438922
0.866630
1.000000
0.965409
0.229372
1.000000
-0.446168
0.152890
0.613003
0.637417
0.687007
-0.214045
-0.510962
-0.272523
-0.415612
0.730934
0.894496
0.392755
0.750984
0.744687
0.709701
1.000000
0.138323
0.068438
0.389938
0.847208
0.724960
-0.982560
-0.296083
0.699473
-0.128130
0.222173
0.282050
-0.755590
-0.203778
-0.874329
-0.016768
-0.111213
0.315661
0.940657
-0.915471
0.884728
0.499008
0.767476
-0.287162
-0.013424
-0.399886
0.042230
0.977804
0.550421
-1.000000
0.407361
-0.046925
-0.115546
-0.282810
-0.035045
-0.637252
0.134041
-0.835960
-0.962854
-0.163726
0.254624
-0.510747
-0.874487
-0.717399
0.085093
-0.041011
-1.000000
-1.000000
0.847081
0.265631
0.115095
0.418380
0.567168
-0.454346
0.955518
0.911069
-0.039151
0.279882
0.129304
-0.330914
-0.103264
-0.023627
0.270275
-0.009673
-0.442874
-0.226387
0.347833
0.245073
0.686218
-0.956448
-0.880739
-0.612191
0.837820
-0.042512
0.990214
-0.169115
1.000000
1.000000
0.697107
-1.000000
-0.676909
-0.416956
0.620577
-0.421499
-0.251611
-0.673518
0.664321
-0.725425
0.245235
0.844740
0.708967
-0.158230
0.635046
-0.259664
-0.318997
0.986558
-0.641042
0.993231
0.644836
-0.163936
-0.378552
0.018944
0.553005
0.390042
-0.198011
-0.708789
-0.377319
-0.625624
-1.000000
-1.000000
0.928796
0.245341
-0.961197
0.060644
0.108531
-0.258149
-0.161160
0.406404
0.325798
-0.695721
-0.827645
-0.485861
0.263772
0.831989
0.560503
0.284303
0.943908
-0.177610
-0.870699
0.306686
-0.681109
0.200801
0.406972
0.768652
-0.597026
0.357939
0.702015
0.840490
0.568576
1.000000
-0.006883
0.215592
0.802889
-0.312726
1.000000
-0.555631
-0.895336
-0.463507
0.803439
0.955356
-0.251411
-0.419026
-0.150807
0.672136
-0.450362
0.457488
0.383302
0.609506
-0.035296
-0.845945
0.603865
0.414154
0.928502
0.021441
0.633816
-0.457796
-0.043743
0.133213
-0.375989
-0.219172
-0.382533
-0.747126
0.457206
0.263989
-0.210792
-0.061511
0.820122
0.310775
-0.594047
0.171647
0.106151
1.000000
-0.804783
-0.423601
0.688446
-0.448806
-0.447248
-0.022024
-0.322577
-0.008327
0.583212
-0.700854
0.433330
-0.719295
0.119738
-0.338337
-0.560161
-0.943951
0.055526
-0.295588
1.000000
0.634603
-0.523358
-0.508530
0.437202
0.628726
-0.407855
-0.151841
-0.018188
0.726655
0.508763
-1.000000
-0.679623
-0.349212
-0.224129
-0.526121
1.000000
-0.478158
-0.995853
-0.444999
0.320226
-0.137029
-0.109468
0.596227
-0.980933
0.965566
-0.257406
-0.216113
0.363247
-0.705032
0.657988
-0.078612
0.974997
0.835729
0.205418
1.000000
0.765010
-0.375591
-0.857551
-0.289689
0.662685
-0.039014
0.946889
-0.856241
0.839170
0.655129
0.438319
0.763186
-0.580782
-0.740185
-0.363456
0.022268
-0.559453
-0.491576
-0.704085
-0.155387
-0.293754
0.573259
0.306569
-0.327929
0.609110
-0.595933
0.753988
0.968560
0.497592
-0.752550
0.574890
-0.448762
-1.000000
-0.815374
-0.478287
1.000000
-0.564113
-0.896443
-0.444001
-0.970119
0.387747
0.696574
-0.892709
-0.863198
0.451536
-0.523016
0.400894
-0.674409
-0.087335
0.754694
0.265579
0.299443
0.645389
-0.182401
-0.609321
-0.568072
0.538768
0.796364
-0.669425
-0.258796
-0.957994
0.210242
0.887091
0.386137
0.889229
0.572069
0.982154
0.632563
-0.997269
-0.635482
0.746124
0.623893
0.766075
-0.042478
-0.364306
0.045342
-1.000000
-0.513147
-0.053860
-0.439646
-0.981344
0.060806
1.000000
0.582151
-0.702176
-0.235832
0.249718
-0.257559
-0.093691
0.300896
-0.897097
-0.165149
0.715614
0.265160
-0.338299
0.836589
0.722329
0.791800
-0.659399
0.738681
0.705386
-0.402752
-0.239598
-0.287860
0.786761
-0.545131
0.203330
0.888324
0.207686
-0.080723
0.464261
0.264341
0.316196
-0.583560
-0.009900
0.883931
-0.859111
0.578484
-0.459544
-0.191902
-0.109359
0.456398
0.606931
0.462306
-0.469331
-0.390121
0.797068
-0.608154
0.407169
-1.000000
0.381081
0.602912
0.298727
-0.975772
-0.277927
-0.546269
0.932996
-0.883240
0.969005
-0.286827
0.708493
-0.211462
-0.242987
-0.216250
-1.000000
0.627670
-0.776337
-0.133177
0.355679
0.355295
1.000000
0.876704
-0.946431
-0.934507
-0.241250
-0.760272
-0.867840
0.788319
-0.242200
0.146772
0.218314
-0.156859
0.783842
-0.883009
0.504522
-0.048983
-0.881991
-0.471946
-0.302105
0.842418
-0.756208
-0.281377
0.022873
0.443373
0.710356
0.394579
-0.118704
0.720051
0.102214
0.879455
-0.669419
0.712350
-0.689040
0.829869
0.788210
-0.851605
0.784900
0.302430
0.247016
-0.417113
-0.246788
-0.317922
0.849245
-0.989347
0.658349
-0.846691
0.914049
-0.894376
-0.098719
-0.789156
-0.255361
0.147657
-0.419934
-0.405695
0.492274
-0.031810
0.972550
-0.267303
0.732700
-0.335223
0.356569
-0.651139
0.689626
0.391179
-0.216016
0.108237
-0.412237
0.380521
-0.192728
0.379901
0.792170
-0.645228
-0.917452
-1.000000
-0.606348
1.000000
-0.898406
1.000000
0.163520
-0.508304
0.470760
0.985251
0.515399
-0.761855
-0.995078
-0.448565
0.216961
-0.315309
0.719612
0.940104
0.137544
-0.225998
-0.393288
-0.722713
-0.589282
0.089364
0.883647
-0.125772
0.179529
0.567834
1.000000
-0.939576
1.000000
-0.674513
0.658250
-0.728085
0.220360
-0.618100
-0.349744
-0.586952
0.183343
-0.443817
-0.486286
0.264811
-0.153180
-0.842046
0.130186
0.421691
0.532432
-0.614864
-0.807609
0.162597
-0.521704
-0.511372
-0.366219
-0.817704
-0.922575
-0.890155
-0.763755
0.068756
-0.347077
0.265595
0.107841
0.404519
-0.875889
0.427708
0.386723
0.350116
-0.909856
0.964040
-0.855024
0.244500
0.079146
-0.793832
-0.229820
0.309740
-1.000000
0.321403
0.497653
-0.170933
-0.723272
-0.918943
-0.400970
0.850192
0.550338
0.159988
0.320175
0.441249
-0.297013
0.082543
0.798480
-0.865400
-0.699594
-0.767729
-0.131483
0.206829
0.256103
-0.411855
-0.368204
-0.779494
-0.527108
-0.751433
0.796628
0.304265
-0.213007
0.916048
-0.782721
0.795067
0.190779
-0.667327
-1.000000
-1.000000
-0.416979
-0.584619
0.440114
-0.633233
0.990900
0.759475
-0.209451
0.010387
0.910556
-0.157696
-0.018558
0.849795
0.519714
-0.167298
1.000000
-0.654665
0.811034
0.148420
-0.321160
-0.422283
-0.374600
-0.603421
0.385660
0.449774
0.595569
0.418130
0.010301
-0.078506
-0.772260
0.630068
0.485887
-0.268757
0.915735
0.971949
0.209046
-0.829692
-0.749480
0.245195
0.624487
0.811540
1.000000
0.653801
-0.819649
0.725713
0.743793
1.000000
-0.174081
-0.192208
-0.045129
-0.777367
0.054691
0.348608
-0.471805
0.469607
-0.588097
0.175503
-0.532240
0.963072
0.284587
-0.931414
-0.544710
1.000000
-0.808215
-0.608669
0.291235
-0.051949
0.492197
0.037642
-0.824986
-0.223630
-0.878960
-0.570828
-0.142688
0.967190
-0.524170
-1.000000
-0.994672
0.151320
-0.637151
0.369927
-0.407252
-0.902551
-0.219976
-0.392691
0.115497
0.296675
0.350033
-1.000000
-0.461135
0.406155
0.253797
-0.666242
0.531238
-0.490979
-0.773845
-1.000000
-0.208389
1.000000
-0.045541
0.960209
-0.813564
0.313825
0.407608
0.373730
0.370376
-0.256697
0.662109
0.632842
0.045219
0.981174
-0.020690
-0.595341
-0.228206
-0.039222
-0.665429
0.962161
0.425396
0.469347
0.247390
-0.380490
-0.905306
-0.835366
1.000000
-0.398871
-1.000000
-0.086064
-0.246418
-1.000000
-0.005953
0.548514
-0.545980
-0.177036
-0.301990
0.908493
-0.455787
0.989605
0.833906
0.162991
0.177850
-0.343555
-0.134040
-0.948811
0.109236
0.362607
-0.091718
-0.736035
-0.582126
0.886213
-0.091152
-0.581473
-0.990546
0.634624
-0.106444
-0.072399
0.612916
0.861897
1.000000
-0.670257
-0.079703
0.229996
0.458429
1.000000
0.518070
0.625732
-0.219715
0.998272
0.974541
0.037010
-1.000000
-0.508767
0.289642
-0.489975
0.277563
1.000000
0.429882
0.360277
1.000000
0.060490
0.179617
0.169700
-0.256892
-0.652113
-0.197414
-0.049962
0.028475
-0.525678
0.175837
-0.233399
-0.158810
-0.415912
0.004247
0.123323
0.974605
0.013229
0.890359
-0.133273
0.870406
-1.000000
-1.000000
-0.274838
0.260368
-0.545509
0.547017
-0.291926
0.659889
0.292721
-0.720393
-0.673805
0.274861
-0.777503
0.265072
-0.047201
0.678956
-0.967612
-1.000000
0.414330
-0.526450
-0.913826
0.517896
0.301797
-0.554782
-0.213286
-0.969339
-0.806146
0.331040
0.955069
-0.211396
0.662960
-0.246664
1.000000
-0.516857
0.215172
0.686750
0.103172
0.145944
0.833313
-0.003554
-0.116355
-0.556271
-0.638108
-0.474614
-0.946529
-0.139781
0.830794
-0.354453
-0.346975
0.056066
-0.181118
0.915882
0.513316
-0.591217
-0.294956
-0.801852
0.157896
-0.588322
0.605494
0.775450
1.000000
-0.914916
-0.493618
-0.788401
0.722799
-0.542471
-0.174885
0.627632
0.452321
0.031027
0.791307
0.852040
-0.284798
0.245376
-0.017091
-0.888363
0.314092
0.330542
0.153231
0.005248
-0.471266
0.707010
-0.401077
-0.816026
0.154150
0.272240
-0.813016
0.693859
0.988792
0.728168
0.203459
-0.968697
0.163964
0.559507
-0.955915
-0.032334
0.742013
0.173937
-0.483310
0.538144
-0.658256
0.053456
-0.732940
-0.461895
0.491142
0.960066
-0.908930
-0.301248
0.459373
0.196977
-0.855993
-0.499505
-0.497561
0.154948
0.895951
0.938704
0.041650
0.711898
-0.786963
-0.310253
-0.170110
0.690989
0.302744
-0.364198
-0.193600
0.800752
-0.603187
1.000000
-0.610608
-0.663030
-0.047265
0.855453
0.401256
-0.752451
-0.632902
0.993987
0.340125
-0.587783
0.688666
0.761033
0.380718
0.891774
0.732393
0.229444
-0.374281
-0.201863
0.440296
0.674433
0.552694
-0.530884
-0.023545
0.756937
0.055024
-0.229641
0.417818
-0.033409
0.255415
-0.235987
-0.298883
-0.386840
0.254641
0.094277
0.227931
0.927568
0.334766
-0.742928
-0.244010
0.762398
0.991720
0.439432
-0.883371
0.199894
0.729898
0.168304
0.691699
-0.366762
-0.416087
0.865652
0.092743
-0.839707
0.929053
0.496308
-0.013569
0.992233
0.480766
0.932958
-0.051406
-0.504410
0.270892
0.812121
-0.841020
-0.750645
-0.368444
-0.283343
-0.367057
1.000000
0.271700
-0.183841
-0.366440
0.273626
0.547922
-0.739675
-0.675762
-0.642289
0.077969
-0.134431
0.552584
0.869270
0.966175
0.117611
0.278105
-0.387688
0.471215
-0.320659
-0.988786
0.144038
0.247484
-0.006429
0.421300
0.319820
0.977089
-0.533677
0.596280
-1.000000
0.781893
-0.452689
0.022400
0.951429
-0.531053
-0.355279
-0.231152
0.017267
0.148535
-0.387222
-0.284199
-0.070814
0.563030
-0.797678
0.506186
-0.120749
-0.149696
-0.557650
0.056923
0.001158
0.341928
0.277278
-0.360782
-0.911836
-0.449723
-0.165542
0.302376
0.943129
-0.278018
0.530900
0.344929
0.601538
-0.363898
-0.425812
-0.823010
0.213197
0.859521
-0.841345
0.243855
0.866352
-0.629637
0.901577
0.333534
0.873605
0.566222
0.944766
-0.294861
0.298288
-0.181338
0.476303
0.370212
-0.838415
0.743667
-0.449498
0.119794
-0.922839
0.507078
-0.802144
-0.361496
-0.417990
0.593980
0.196152
0.657350
-0.966689
-0.858336
-0.095867
0.551169
0.338333
-0.902955
-0.393129
-0.690609
0.617252
0.172942
0.132320
0.806755
0.456549
0.099589
-0.075634
-0.258361
0.993480
-0.373577
-1.000000
0.831349
0.969690
0.156134
1.000000
-0.199140
-0.431261
-0.581465
0.104523
-0.170175
0.459736
0.426215
-0.807484
1.000000
0.887056
0.663160
0.160186
0.220204
0.659251
0.309294
0.784010
-0.654616
1.000000
-0.333520
-0.918836
-0.969636
-0.725426
-0.542238
0.553353
0.661076
0.095846
0.263325
-0.794310
-0.260610
-0.708973
-0.177660
0.150929
-0.869239
0.734640
0.288583
-0.482066
0.756378
0.452909
-0.927660
-0.187685
-0.541398
-0.512231
0.446135
-0.809858
0.453564
0.071143
0.174041
-0.131487
0.774111
0.443610
0.539441
-0.102229
-0.481308
0.433394
-0.926565
1.000000
-0.636500
0.550689
0.515384
-0.895733
-0.753014
-0.441150
0.633519
1.000000
0.097658
-0.279544
-0.827002
0.548485
-0.558967
0.467693
-0.684603
0.694991
-0.824366
0.366123
0.133050
0.003460
0.855304
0.466908
-0.438278
-1.000000
0.405382
-0.664863
0.266350
0.859318
-0.772928
-1.000000
0.995531
-0.767742
0.823221
0.435506
0.267838
-0.783361
0.073655
0.121389
0.761559
-1.000000
-0.322151
-0.483834
0.381156
-0.260035
-0.762430
-0.588628
-0.485178
-0.200708
-0.165829
-0.972375
0.760388
-1.000000
0.228817
0.550520
-0.703748
-0.669649
-0.261321
-0.729593
0.422188
0.162445
-0.589164
0.886921
0.510886
0.252609
0.964709
0.649768
-0.990549
0.020110
-0.290742
-1.000000
-0.537604
0.620060
0.082892
-0.997848
0.847010
0.780663
-0.226117
0.578639
-0.232653
0.300181
-0.357910
-1.000000
1.000000
-0.575257
-0.959905
-0.539859
0.646572
-0.026239
0.598214
-0.211348
0.082237
0.295658
-0.371892
-0.272201
-0.412214
0.402854
0.558478
-0.319228
0.011787
0.027614
0.281554
-0.564373
0.283033
-0.134504
-0.850131
0.505119
0.393669
-0.690089
0.798709
-0.262625
1.000000
0.647633
0.442081
-0.835170
0.203732
-0.737090
0.296250
0.450952
0.122108
0.122826
0.547341
0.813001
-0.933061
-0.181287
0.923730
-0.454952
-0.965153
-0.651040
-0.275144
-0.425407
0.441563
-0.397207
0.890328
-0.934519
0.171508
-0.224433
-0.728809
0.127635
-0.570203
0.735842
0.740213
0.349485
0.143844
0.498133
0.414789
0.034617
0.380912
0.311118
-0.466595
-1.000000
-0.918259
0.169058
0.983540
-0.197429
0.691094
-0.199493
0.107622
-0.124333
0.495929
-0.507050
-1.000000
0.959069
0.726167
0.880491
-0.202409
0.005270
0.370369
0.994447
0.828309
-0.503632
0.102508
-0.941067
0.955697
0.243462
-0.812236
-0.038787
0.673615
-0.429112
0.434654
-0.052985
0.581538
0.947060
-0.235959
-1.000000
0.557209
-0.722143
-1.000000
-0.880021
-0.837171
-1.000000
-0.647897
0.157852
-0.026788
0.406672
0.943125
-0.294923
0.057942
-0.476899
-0.583096
-0.483212
0.616799
-0.736240
0.652840
-0.718186
-0.316307
-0.531039
-0.346654
0.865627
0.392176
-0.584352
0.177766
0.631606
0.016215
-0.268655
-0.084657
0.333510
-0.927157
-0.470321
-0.049852
0.216178
0.902257
-0.899820
-0.838445
0.765102
0.551072
0.866306
-0.364340
0.791370
0.396865
-0.370055
-0.205738
-0.230709
0.895364
-0.862780
0.518037
-0.444660
0.875331
0.088637
-0.294252
-0.567467
0.152329
0.086031
0.584059
1.000000
-0.111017
0.998013
-0.076031
0.604959
-0.543657
0.588333
-0.700246
-0.458186
0.461245
0.729831
-0.887326
-0.325315
0.199351
-0.418835
0.892894
0.526786
-0.508595
-0.911164
-0.007863
-0.141448
-0.431114
0.132666
-0.270860
0.999232
-0.655930
-0.289258
-0.363209
-0.706764
0.612509
0.714880
-0.973319
-0.209383
-0.188486
-0.972805
1.000000
0.961931
-0.140571
0.965370
-0.231162
-0.250071
0.493436
-0.375205
0.268738
-0.555741
0.575685
-0.653366
-0.584690
0.043769
-0.815211
-0.443237
-0.182962
0.193972
-0.110391
-0.975326
0.597381
0.036397
-0.338955
-0.317342
0.902938
-0.857566
-0.147430
0.516324
-0.476399
-0.674368
0.624333
-0.327925
0.366368
0.397685
-0.461012
-0.192193
-0.567799
0.377359
-0.812032
0.469896
0.344950
-0.957209
0.533647
-0.700588
0.235744
-1.000000
0.012176
0.416066
-0.774377
0.006412
0.094935
0.203671
-1.000000
-1.000000
0.802430
0.144391
0.609879
0.085027
0.303438
0.371787
0.420961
0.116712
0.452057
-0.408161
-0.599979
-0.640195
-0.972027
0.469457
-0.089589
0.073522
0.975319
-0.907242
0.260804
0.470083
-0.435313
0.123954
-0.940361
0.486296
0.730282
0.846854
-0.986112
-0.726584
0.866190
0.207132
0.876910
-0.936484
0.398668
0.078329
1.000000
-0.569931
-0.203299
-0.974278
-0.143548
0.207669
-0.904684
-1.000000
-0.977086
-0.232914
0.365349
-0.555795
-0.217545
0.462441
0.773775
0.292670
0.292616
-0.509744
0.983565
0.348800
-0.668397
-0.011364
-0.732630
0.408567
-0.025063
-0.217206
-0.847029
0.225798
0.960690
-0.767004
0.252404
0.218290
-0.442989
0.122314
-0.575269
0.031055
-0.353685
-0.894744
0.658707
0.514223
0.460358
0.270181
0.784633
-0.380382
0.983553
0.039499
0.528760
-0.906623
0.645020
-0.889681
0.766263
-0.787835
-0.319227
-0.330082
0.066832
-0.666081
-0.675149
0.779249
-0.093480
-0.193135
0.419611
-0.276878
0.310377
-0.419635
0.071944
-0.377232
0.787697
-0.730779
-0.384975
0.669575
0.117679
0.103575
0.247708
-0.811225
0.898482
-1.000000
-0.370184
0.308034
-0.385340
0.966519
0.029005
0.200564
-1.000000
0.244198
-0.064661
-0.129368
0.071980
0.275585
-0.401201
-0.044790
0.191551
0.364272
0.146039
0.465320
-0.606999
0.043230
-0.073243
0.152899
0.017943
-0.502561
-0.926550
-0.000143
0.938926
-0.190825
-0.142277
-1.000000
0.877687
-0.021866
0.206643
0.871273
-0.864681
-0.883879
-0.999718
-0.797526
0.706773
0.433911
0.485729
-0.854123
0.981444
-0.771873
-0.654137
-0.195739
-0.890502
-0.573740
0.841220
-0.199183
1.000000
0.705545
0.205958
0.296871
-0.877743
0.706550
0.175599
0.357533
1.000000
-0.110963
0.594373
-0.021153
-0.840021
-1.000000
-0.559410
-0.093355
-0.968220
-0.219379
-1.000000
0.135594
-0.130267
0.153215
0.597585
-0.816196
0.711931
-0.319810
0.221329
0.194277
0.234117
-0.190439
0.307326
-0.271607
-0.713987
-0.494224
0.176459
-1.000000
-0.759847
0.335297
0.920733
-0.216814
-1.000000
0.533276
0.665540
0.357341
0.715843
0.729777
0.203845
0.618321
0.561344
-0.905198
-0.162788
0.972372
-0.527651
-0.461603
0.852386
-0.587785
-0.297965
-0.490891
0.752831
-0.579243
-0.388877
-0.844782
-1.000000
0.214709
-0.632252
-1.000000
-0.279153
-0.172568
0.638731
-0.526593
-0.289014
0.066938
0.018113
-0.749397
-0.495486
0.370108
0.335564
0.090172
-0.646845
-0.621539
0.452520
-0.068276
-1.000000
-0.259328
0.073087
-0.134981
0.011762
0.648450
-0.517925
-0.258801
-0.204635
0.399974
0.396426
0.753587
-0.722083
-0.184339
0.872786
-0.508737
-0.907377
0.015189
0.619975
0.110031
-0.025737
0.771058
-0.891132
-0.415330
-0.175476
-0.346973
0.611164
-0.346056
0.550153
-0.881497
0.814681
-1.000000
-0.855132
-0.396175
0.452925
0.400223
-0.637753
0.174943
0.954765
-0.238358
-0.155208
0.396102
-0.891562
-0.489040
-0.123359
-0.099798
0.622517
0.084003
-0.004323
-0.250310
0.922034
0.764627
0.810338
-0.233556
0.443212
-0.529586
-0.384845
-0.487389
-0.518848
0.560293
1.000000
0.465546
-0.501404
0.603409
0.208356
0.928728
0.216199
-0.939122
0.398018
-0.073488
0.984504
0.261838
-0.443216
-0.494954
-0.462960
-0.156942
-1.000000
-0.024050
-0.404636
-0.505765
-0.149393
0.097358
-0.509359
0.979805
0.792688
0.000726
-0.199014
0.961262
0.371900
0.450427
-0.833938
-0.994420
-0.362181
-0.919984
0.856225
-0.398453
0.204349
-0.012818
0.498194
-0.079424
-0.946206
1.000000
0.062120
-0.413137
0.252313
-0.664146
-0.302625
0.765980
0.752713
0.126084
-0.401670
-0.483130
0.547333
-0.150557
0.124218
0.377697
0.296761
-0.748171
-0.122145
-0.374414
0.609933
0.559285
0.405835
0.250635
0.945202
0.516309
0.217568
0.613622
-0.485043
-0.839471
-0.218491
-0.218847
-1.000000
-0.764604
1.000000
-0.823856
0.678229
0.860608
-0.202032
0.809165
0.683863
0.011320
-0.519440
-0.100181
0.866382
-0.449147
-0.990127
-0.502335
-0.240297
0.396868
-0.971107
0.298373
0.697472
-1.000000
0.601979
0.015694
0.528354
0.321923
0.142130
-0.882475
0.402657
-0.872851
-0.052464
0.900308
-0.162412
0.221970
-0.551888
0.083851
0.776956
-0.429466
-0.607021
0.638201
0.833538
-0.244481
-0.372076
0.895802
0.906392
-0.284091
-0.508543
0.263995
-1.000000
-0.082277
0.281520
0.727860
0.560060
0.917516
-0.225793
0.762837
-0.676651
0.452655
-0.686930
0.690471
-0.793826
-0.656261
-0.374011
-0.161988
-0.203054
0.341532
0.732374
-0.155212
0.353817
-0.390685
-0.505177
0.380425
-0.283387
-0.436074
-0.238802
-0.303055
-0.444872
-0.434182
0.219568
-0.895015
0.348470
-0.042414
-0.528023
-0.872034
-0.251182
0.252751
-0.886144
-0.796271
-0.016616
-0.978372
0.135166
-0.393155
0.219280
0.426277
-0.530417
0.546683
0.726200
-0.909821
0.240701
-0.484761
-0.166324
0.568771
-1.000000
0.845117
-0.308707
1.000000
0.089773
-0.412304
-0.902954
-0.703010
-0.039724
-0.496993
0.707169
0.179474
0.900274
0.859824
0.022731
0.696945
0.393548
0.870404
-0.928474
-0.648658
-0.689691
0.518696
0.122925
-0.962861
0.042521
0.742934
0.994761
-0.929015
-0.155301
0.950163
0.124405
-0.983544
-0.921826
-0.424598
0.695155
0.963976
-0.741691
-0.522319
-0.245302
-0.679800
-0.809578
0.960532
0.535718
-0.002473
1.000000
0.550159
-0.978769
-0.460141
-0.130106
-0.473043
0.392192
-0.913908
-0.631800
-0.312805
0.506001
0.602265
-0.545971
0.313792
0.489180
-0.269942
0.827674
0.616518
0.862557
0.347438
0.721909
-0.214918
0.783895
0.300499
-0.014593
0.448521
0.279343
0.719102
0.606067
-0.616716
0.316204
0.300036
0.557428
-0.805905
0.871688
0.574271
-0.418957
-0.219749
-0.587705
-0.062372
0.664641
-0.639497
-0.009074
-0.930331
0.472226
-0.267559
0.818729
1.000000
1.000000
-0.388780
-0.703159
-0.548405
-0.378413
-0.520725
-0.250752
-0.176627
0.627197
0.377445
0.951524
0.495817
-0.812598
-0.356324
0.429032
-0.661606
-0.467815
-0.820140
0.226388
-0.690104
-0.269185
0.817596
-0.931417
-1.000000
0.964999
0.965201
-0.494502
0.345252
1.000000
0.290999
0.074966
0.261571
-0.256485
-0.267187
0.814595
0.268634
-0.012528
-0.765346
-0.179449
0.804665
0.693523
-0.650202
-0.057235
-0.747984
-0.234526
-0.244441
-0.306136
-0.049614
0.606472
-0.187470
-0.373019
-0.140387
0.017582
-0.671807
-0.074414
0.152271
0.983917
0.431545
0.005510
-0.985957
0.147377
0.215055
0.846334
1.000000
0.326635
-0.909806
-0.055258
-0.411295
-0.701870
0.055681
-0.127091
0.568035
-1.000000
-0.623594
-0.180294
0.411001
0.073620
-0.133014
-0.286748
0.761775
-0.014498
0.361105
0.416523
0.070962
0.178634
0.194575
-0.120300
-0.146600
-0.792957
-0.015423
-0.469897
0.659994
-0.315243
-0.927723
0.609331
0.754441
-0.420221
-0.162189
-0.631274
-0.245116
1.000000
-0.474858
0.526096
0.275995
-0.702107
-0.526515
-0.387685
-0.347469
0.860611
0.391065
0.812438
-0.893003
-0.064389
-0.113247
-0.596574
-0.495433
0.676294
-0.647948
-1.000000
0.232272
0.192109
1.000000
0.855946
0.582665
0.257096
-1.000000
-0.658547
-0.797439
0.683697
0.965468
-0.917029
-0.093551
0.289346
0.369085
-0.303554
-0.963376
-0.447423
0.489488
0.241293
-0.137229
0.134184
-0.440426
0.233355
-0.647191
-0.151922
-0.199589
1.000000
0.816010
0.584608
1.000000
-0.868395
0.759789
-0.765093
0.170146
0.656060
0.499774
0.662220
-0.094622
0.576863
0.317319
0.516394
0.002203
0.505187
0.522654
-0.155447
-0.640427
1.000000
0.600681
-0.876666
0.178681
0.011522
-0.430240
-0.917192
-0.159249
-0.225189
0.092830
-0.105488
0.065803
-0.063025
-0.048529
0.022956
-0.071199
-0.095068
-0.144914
0.765055
0.000467
0.172176
0.069620
0.090470
0.137622
0.064369
0.130772
0.022940
0.011789
0.026415
0.047960
0.020809
0.078516
0.020917
0.006827
0.014255
0.095596
0.317424
0.065698
0.038260
0.001287
0.000045
0.022997
0.022907
0.141231
0.210722
0.005822
0.018963
0.029770
0.055783
0.018856
0.309294
0.041084
0.001112
0.041099
0.007748
0.261309
0.009843
0.015151
0.090360
0.031155
0.206375
0.000075
0.169956
0.072194
0.008219
0.082265
0.000229
0.027563
0.007866
0.005417
0.344061
0.018138
0.102257
0.002957
0.045683
0.000260
0.494398
0.019990
0.098137
0.358582
0.130476
0.002530
0.250259
0.029908
0.005285
0.174426
0.008409
0.008999
0.001824
0.001145
0.008620
0.115373
0.306721
0.004308
0.020673
0.017794
0.005900
0.101620
0.000954
0.000400
0.022979
0.340867
0.244896
0.033245
0.015550
0.024261
0.004718
0.023515
0.008673
0.003745
0.027707
0.189143
0.036269
0.084895
0.000864
0.002025
0.016951
0.045647
0.007105
0.375468
0.072647
0.000613
0.019700
0.358815
0.310808
0.076498
0.006058
0.017100
0.194551
0.022829
0.022817
0.039669
0.001488
0.024741
0.003791
0.038484
0.063612
0.012919
0.017844
0.057836
0.028496
0.298668
0.002245
0.024255
0.025929
0.058846
0.010754
0.001292
0.001332
0.001063
0.006617
0.129878
0.005846
0.046550
0.051440
0.060931
0.033023
0.111735
0.019336
0.184818
0.663829
0.080024
0.208010
0.007105
0.013189
0.215603
0.013311
0.163835
0.155023
0.000266
0.026346
0.041055
0.015488
0.360581
0.164468
0.018922
0.489653
0.146830
0.071735
0.025356
0.222893
0.112993
0.012962
0.036064
0.121339
0.015763
0.002561
0.270530
0.000828
0.069577
0.108554
0.220321
0.067047
0.003970
0.014997
0.039710
0.370488
0.151045
0.027485
0.262148
0.221932
0.017614
0.031145
0.624620
0.005213
0.029158
0.020131
0.013858
0.288768
0.047063
0.018970
0.039954
0.021075
0.008114
0.008551
0.055645
0.001996
0.675229
0.021343
0.063852
0.028686
0.001872
0.074578
0.228859
0.050964
0.004217
0.214322
0.001175
0.128316
0.043049
0.221995
0.017828
0.007086
0.018394
0.017374
0.001441
0.568070
0.181432
0.008712
0.081270
0.001199
0.002921
0.009302
0.041143
0.100304
0.010384
0.245284
0.012678
0.088129
0.061337
0.007570
0.025753
0.019566
0.037702
0.139477
0.089958
0.732822
0.050264
0.446896
0.056877
0.630949
0.031279
0.149645
0.108684
0.009991
0.141248
0.021559
0.034465
0.249070
0.044563
0.100777
0.002458
0.096755
0.094439
0.012457
0.023045
0.001495
0.006334
0.087161
0.006724
0.078970
0.005866
0.462233
0.019448
0.038035
0.208959
0.257810
0.213526
0.163462
0.036758
0.016100
0.004365
0.020878
0.036426
0.004614
0.030941
0.044774
0.005319
0.009204
0.057927
0.239808
0.055323
0.011914
0.000967
0.023747
0.030920
0.082981
0.008905
0.020622
0.108769
0.046378
0.118634
0.082022
0.005770
0.022089
0.157743
0.395960
0.259331
0.368842
0.139844
0.004646
0.007019
0.011599
0.004424
0.004711
0.035152
0.018226
0.152276
0.010952
0.025671
0.118597
0.002239
0.066530
0.008858
0.000618
0.007978
0.025617
0.100390
0.042572
0.371289
0.496423
0.326973
0.083965
0.007483
0.501587
0.006889
0.002808
0.312632
0.021252
0.030581
0.029359
0.000576
0.059924
0.239158
0.201352
0.032150
0.070262
0.047784
0.010668
0.136400
0.001590
0.063147
0.103538
0.000986
0.117941
0.021171
0.095997
0.066580
0.055531
0.003095
0.017009
0.145064
0.183606
0.257806
0.015034
0.023902
0.077057
0.004831
0.011625
0.220766
0.003266
0.027634
0.317818
0.202177
0.291028
0.106596
0.017629
0.034005
0.004426
0.507507
0.060747
0.000115
0.045983
0.080763
0.026738
0.390070
0.200263
0.072439
0.365663
0.250082
0.001708
0.474760
0.003577
0.019652
0.019537
0.111249
0.032622
0.099353
0.015174
0.029571
0.005125
0.025738
0.029623
0.003917
0.009761
0.302674
0.211049
0.119296
0.050491
0.005444
0.301984
0.020732
0.131876
0.006463
0.476398
0.206602
0.011711
0.001826
0.001716
0.045920
0.035314
0.007145
0.079564
0.003756
0.045853
0.007828
0.004396
0.000411
0.387284
0.045105
0.101356
0.033242
0.001778
0.383921
0.031999
0.005366
0.102388
0.728929
0.061542
0.009924
0.012334
0.059279
0.001053
0.185409
0.112155
0.364561
0.004066
0.409874
0.012446
0.008184
0.034947
0.040238
0.042223
0.060840
0.037975
0.156044
0.047488
0.011792
0.039449
0.014990
0.024771
0.154724
0.001275
0.029546
0.006506
0.007918
0.089499
0.240593
0.015929
0.029527
0.010338
0.006098
0.001929
0.082173
0.030213
0.000187
0.079092
0.045019
0.602408
0.020956
0.076023
0.000425
0.155664
0.000904
0.099927
0.010924
0.183747
0.025154
0.009100
0.185157
0.084152
0.004661
0.034439
0.021556
0.009965
0.003799
0.114571
0.009134
0.028563
0.000316
0.000122
0.678893
0.170727
0.010403
0.019490
0.007957
0.007972
0.004553
0.032449
0.012205
0.110602
0.083039
0.547639
0.013525
0.940565
0.170674
0.497200
0.001385
0.010548
0.009095
0.024663
0.005276
0.002023
0.002396
0.484919
0.150148
0.028971
0.052314
0.006168
0.004081
0.188597
0.010950
0.001391
0.010105
0.442942
0.064221
0.004708
0.009947
0.424246
0.100207
0.001532
0.046087
0.005500
0.002083
0.001636
0.270031
0.007364
0.034753
0.107272
0.000723
0.059385
0.000269
0.327955
0.079105
0.027347
0.014694
0.018533
0.603422
0.001864
0.030660
0.614658
0.061119
0.000262
0.015108
0.040854
0.018696
0.097465
0.304827
0.016900
0.779263
0.000571
0.122219
0.046907
0.073981
0.037647
0.209569
0.533935
0.116692
0.356538
0.039285
0.078266
0.094837
0.005370
0.038780
0.623683
0.002072
0.082560
0.005785
0.229349
0.010634
0.004685
0.009440
0.006546
0.004252
0.616135
0.151101
0.040361
0.026114
0.265050
0.211924
0.020099
0.013931
0.003702
0.019302
0.041456
0.140588
0.445861
0.116731
0.007380
0.019435
0.260558
0.000807
0.025556
0.106356
0.699637
0.206291
0.000470
0.336739
0.036124
0.060932
0.027601
0.012909
0.025447
0.065886
0.156382
0.036784
0.037928
0.001398
0.021876
0.001528
0.054684
0.300874
0.000021
0.000350
0.119285
0.101233
0.646246
0.127239
0.010378
0.002388
0.037558
0.289872
0.018003
0.027284
0.003767
0.024407
0.021399
0.039855
0.224877
0.004521
0.182127
0.293414
0.075968
0.013404
0.025057
0.018351
0.013741
0.002804
0.003182
0.104029
0.025415
0.007011
0.089334
0.396454
0.087834
0.188852
0.034342
0.318197
0.028121
0.056336
0.107217
0.007486
0.118290
0.019042
0.010960
0.049963
0.058565
0.011885
0.003728
0.015536
0.035424
0.444077
0.001910
0.000547
0.043722
0.099760
0.024266
0.025639
0.012979
0.000397
0.525960
0.005086
0.072088
0.037529
0.036142
0.125278
0.027044
0.027514
0.064880
0.095400
0.035286
0.099062
0.035029
0.043274
0.062806
0.044411
0.359951
0.029191
0.344860
0.107071
0.375091
0.033207
0.082555
0.040577
0.047085
0.090168
0.005931
0.007797
0.249411
0.002507
0.086039
0.077500
0.263601
0.007420
0.180167
0.005941
0.411764
0.000445
0.254275
0.013485
0.029665
0.067071
0.006672
0.385625
0.083112
0.016309
0.010330
0.006760
0.000545
0.007201
0.053115
0.081838
0.023191
0.029971
0.030903
0.039657
0.160462
0.931894
0.039013
0.080901
0.016806
0.003009
0.010055
0.014492
0.038511
0.008412
0.073311
0.003560
0.015088
0.093329
0.211732
0.034938
0.024354
0.001883
0.106936
0.016419
0.014493
0.001828
0.214369
0.125357
0.040174
0.004421
0.214870
0.082747
0.003707
0.442436
0.131758
0.048804
0.028873
0.045854
0.008648
0.018363
0.062661
0.000812
0.003142
0.452217
0.190385
0.042488
0.016832
0.015871
0.103814
0.110213
0.136110
0.036583
0.006329
0.003538
0.018518
0.086735
0.021497
0.013660
0.041881
0.029072
0.039588
0.056744
0.110429
0.094923
0.004773
0.007184
0.006227
0.009439
0.000353
0.000944
0.018724
0.030035
0.145301
0.000898
0.016580
0.106392
0.029856
0.263729
0.036778
0.002326
0.005954
0.194408
0.007391
0.004077
0.317934
0.006589
0.042732
0.002149
0.002678
0.061820
0.033536
0.126326
0.002726
0.046355
0.179984
0.104079
0.011945
0.016695
0.080680
0.072700
0.026663
0.148174
0.076817
0.012753
0.098685
0.038961
0.030762
0.701045
0.031450
0.122953
0.441052
0.030657
0.053784
0.015228
0.620204
0.162627
0.045563
0.063257
0.221724
0.047430
0.007022
0.064647
0.109035
0.195429
0.079908
0.026401
0.010389
0.157269
0.003666
0.025663
0.042127
0.001570
0.019830
0.029548
0.001910
0.071814
0.060922
0.073746
0.435559
0.004965
0.595871
0.059739
0.001035
0.085960
0.027846
0.145383
0.167415
0.008665
0.027393
0.024469
0.273682
0.628310
0.003267
0.010476
0.009629
0.030974
0.003587
0.081868
0.080065
0.065052
0.010033
0.074670
0.012966
0.109557
0.035635
0.163608
0.000106
0.066404
0.012787
0.021266
0.146665
0.001243
0.027983
0.013779
0.041857
0.081293
0.110148
0.020485
0.001439
0.063031
0.015639
0.077293
0.000734
0.000228
0.102634
0.003060
0.213128
0.071598
0.007836
0.313065
0.299270
0.047788
0.006883
0.077140
0.037542
0.016624
0.022656
0.012222
0.019202
0.001440
0.012346
0.013667
0.429541
0.009667
0.003249
0.084984
0.233537
0.024071
0.213982
0.070149
0.000912
0.193762
0.004564
0.045773
0.002050
0.098190
0.036599
0.028068
0.019656
0.358507
0.202265
0.098253
0.000311
0.011724
0.018907
0.049868
0.070078
0.179832
0.107282
0.001065
0.189876
0.024204
0.093726
0.019449
0.042344
0.170922
0.600297
0.188986
0.018469
0.295042
0.020330
0.021454
0.004099
0.035171
0.043567
0.058671
0.007213
0.023442
0.020738
0.006746
0.536117
0.023849
0.193947
0.000911
0.026655
0.266479
0.022956
0.213862
0.040943
0.069790
0.084224
0.011087
0.005642
0.087883
0.161618
0.005244
0.008693
0.009562
0.061629
0.045866
0.088019
0.198471
0.033549
0.035954
0.008048
0.024190
0.233297
0.057475
0.001291
0.000428
0.009224
0.006046
0.672276
0.094318
0.086991
0.282907
0.019383
0.040029
0.252035
0.332112
0.004382
0.043807
0.023724
0.208122
0.027841
0.003180
0.210937
0.015098
0.002153
0.013785
0.126397
0.012024
0.000376
0.022982
0.139128
0.074276
0.008252
0.080710
0.043966
0.167620
0.015349
0.056927
0.011003
0.010295
0.044398
0.004113
0.270918
0.007499
0.041370
0.650994
0.027220
0.016532
0.085060
0.165754
0.016177
0.036309
0.006636
0.028289
0.081237
0.030720
0.001753
0.003739
0.082675
0.365510
0.036184
0.034177
0.028452
0.624157
0.005007
0.140215
0.001468
0.006332
0.013401
0.004540
0.126710
0.141950
0.020037
0.004874
0.699104
0.034152
0.012290
0.082872
0.030436
0.142269
0.004537
0.135545
0.685713
0.219108
0.240243
0.933840
0.080975
0.182119
0.066671
0.077545
0.076115
0.142221
0.123126
0.082560
0.000401
0.180394
0.139631
0.023184
0.056456
0.001975
0.010563
0.046209
0.037653
0.019604
0.002083
0.011601
0.023392
0.033652
0.184194
0.196335
0.019150
0.049058
0.780381
0.009302
0.000942
0.380559
0.019460
0.011204
0.016393
0.003811
0.004526
0.073938
0.099644
0.032262
0.003830
0.022358
0.101252
0.196006
0.003346
0.117265
0.020774
0.077628
0.004691
0.000465
0.579529
0.083789
0.584670
0.051201
0.078388
0.023517
0.002482
0.007015
0.001372
0.531435
0.282331
0.009917
0.038103
0.062248
0.072935
0.005464
0.001172
0.529422
0.001104
0.055248
0.002223
0.072223
0.005426
0.016972
0.158916
0.006702
0.081135
0.016052
0.036596
0.014806
0.115975
0.275385
0.001067
0.026910
0.031217
0.010973
0.302752
0.678292
0.036257
0.218622
0.009950
0.197558
0.070121
0.184744
0.113274
0.102104
0.023223
0.146483
0.193996
0.002249
0.145815
0.126306
0.000279
0.112815
0.003037
0.082574
0.118993
0.050656
0.010406
0.028536
0.063290
0.000502
0.023285
0.081205
0.013314
0.010470
0.003261
0.194772
0.055985
0.088496
0.007812
0.028007
0.001199
0.086268
0.006341
0.016858
0.031340
0.048716
0.000719
0.000281
0.089751
0.000845
0.004185
0.136580
0.059982
0.073746
0.177871
0.002244
0.021371
0.050348
0.022017
0.000664
0.009537
0.141481
0.061400
0.054254
0.208147
0.025860
0.001086
0.358971
0.090922
0.001845
0.097590
0.025811
0.407636
0.002445
0.006165
0.150672
0.137335
0.124921
0.082844
0.005118
0.002571
0.022514
0.011669
0.014381
0.126305
0.003261
0.232204
0.148037
0.009334
0.012942
0.035936
0.085845
0.039317
0.022762
0.056117
0.113082
0.087613
0.004540
0.128174
0.010536
0.164163
0.019868
0.161255
0.327980
0.098216
0.668906
0.343058
0.007075
0.001598
0.037128
0.265260
0.007402
0.000877
0.002241
0.044329
0.068654
0.049429
0.241169
0.043352
0.058403
0.371155
0.102128
0.140686
0.021605
0.002344
0.324207
0.214576
0.001414
0.424249
0.012833
0.000153
0.007561
0.081959
0.036644
0.064622
0.019473
0.057579
0.001838
0.051284
0.002985
0.006855
0.065451
0.005465
0.094216
0.278008
0.010493
0.546083
0.000061
0.129528
0.042555
0.093728
0.000046
0.028310
0.003655
0.033519
0.007681
0.003133
0.095495
0.061781
0.047134
0.029729
0.011848
0.075434
0.005198
0.001759
0.039579
0.318493
0.006183
0.070361
0.005271
0.009082
0.038387
0.780243
0.006467
0.125686
0.100563
0.208250
0.045522
0.096141
0.362984
0.329441
0.035842
0.019002
0.236192
0.011490
0.374627
0.019817
0.027086
0.071201
0.028843
0.588603
0.143140
0.248351
0.355926
0.272122
0.046229
0.003555
0.164105
0.004282
0.002698
0.073793
0.173601
0.000547
0.305335
0.007848
0.008278
0.017104
0.149010
0.000334
0.156677
0.004522
0.176919
0.343168
0.000149
0.003306
0.165504
0.007723
0.032131
0.047057
0.001728
0.047557
0.261022
0.054556
0.004060
0.119337
0.196142
0.001221
0.139937
0.090688
0.000135
0.068218
0.039421
0.396359
0.049962
0.123314
0.029388
0.444735
0.000239
0.078646
0.256287
0.019570
0.001832
0.037589
0.037175
0.018702
0.057482
0.256944
0.007620
0.004560
0.119235
0.000855
0.003943
0.088642
0.001039
0.024437
0.096964
0.033303
0.007824
0.010357
0.004809
0.035863
0.073632
0.601912
0.075558
0.215411
0.021184
0.001048
0.010238
0.125393
0.047216
0.017166
0.005330
0.004408
0.050340
0.068124
0.345152
0.018124
0.095821
0.004320
0.368760
0.055106
0.010400
0.025868
0.020109
0.247837
0.007149
0.244853
0.801914
0.004619
0.021970
0.097607
0.064289
0.269899
0.034066
0.185302
0.234263
0.226150
0.018898
0.231836
0.070213
0.000981
0.044851
0.005846
0.013118
0.137480
0.364141
0.521048
0.013903
0.011304
0.033281
0.310172
0.381369
0.537634
0.030201
0.092718
0.046809
0.279685
0.003119
0.130704
0.048403
0.032354
0.037044
0.117752
0.003043
0.005171
0.169580
0.479646
0.072071
0.284581
0.064077
0.068175
0.897924
0.063592
0.222410
0.036256
0.084372
0.219094
0.055852
0.109308
0.136315
0.028134
0.166920
0.065636
0.281909
0.057014
0.054739
0.012614
0.020298
0.052006
0.036913
0.077815
0.002664
0.009557
0.004951
0.046808
0.014159
0.029416
0.000496
0.020114
0.101731
0.008166
0.036516
0.019055
0.004132
0.004924
0.191867
0.024415
0.179213
0.001100
0.066529
0.022519
0.123427
0.251485
0.048924
0.036432
0.007064
0.000803
0.040800
0.248612
0.033909
0.013280
0.005732
0.031040
0.002399
0.068215
0.037317
0.126388
0.001806
0.002788
0.014944
0.006240
0.010236
0.001129
0.023354
0.007304
0.097675
0.094793
0.037526
0.220826
0.011604
0.000866
0.008573
0.038208
0.063735
0.035924
0.020486
0.019716
0.037989
0.004320
0.007783
0.312139
0.052262
0.000583
0.002227
0.360860
0.141246
0.070926
0.020315
0.066123
0.029354
0.076543
0.235257
0.009693
0.001247
0.054209
0.153740
0.010435
0.013096
0.057934
0.014114
0.220194
0.090795
0.006908
0.051895
0.025234
0.004392
0.019806
0.001654
0.011739
0.050828
0.150593
0.000413
0.089989
0.298069
0.023051
0.035201
0.001032
0.257142
0.037440
0.011107
0.009590
0.005304
0.000835
0.021980
0.003425
0.002146
0.521422
0.024954
0.024278
0.001740
0.138398
0.016599
0.463282
0.007329
0.000168
0.004489
0.119179
0.011680
0.000477
0.020990
0.024823
0.000705
0.315045
0.027234
0.001413
0.088866
0.021023
0.006382
0.093089
0.073962
0.068784
0.001012
0.002296
0.006869
0.038049
0.014639
0.000418
0.062536
0.309427
0.063206
0.072972
0.025494
0.004028
0.213773
0.007482
0.000343
0.013992
0.013357
0.035664
0.002886
0.004326
0.039835
0.061018
0.368899
0.276876
0.064092
0.001630
0.177520
0.004724
0.054733
0.007881
0.048286
0.097986
0.057271
0.577168
0.205369
0.099871
0.014592
0.008075
0.013381
0.031089
0.460319
0.770073
0.000324
0.242140
0.104243
0.028927
0.002265
0.184060
0.037513
0.132080
0.000388
0.037617
0.069490
0.101928
0.039686
0.063448
0.026935
0.286416
0.022351
0.026295
0.247079
0.012811
0.220776
0.114154
0.000154
0.104126
0.013264
0.030910
0.000148
0.004807
0.633388
0.126444
0.047194
0.004134
0.013836
0.102930
0.078524
0.028212
0.001007
0.047828
0.255021
0.007189
0.000311
0.020089
0.168023
0.191293
0.035169
0.002278
0.022967
0.010836
0.167766
0.051065
0.528899
0.062436
0.033149
0.039410
0.055003
0.106168
0.001705
0.057064
0.017252
0.017361
0.016696
0.040944
0.036511
0.004248
0.084480
0.032314
0.010378
0.007612
0.001904
0.064598
0.219231
0.048901
0.072013
0.005094
0.227442
0.001138
0.611932
0.028820
0.011425
0.081861
0.085844
0.088403
0.013883
0.002460
0.002443
0.059399
0.154953
0.002200
0.068411
0.002680
0.070216
0.305080
0.036811
0.044688
0.010196
0.003515
0.014095
0.006671
0.086374
0.105859
0.012394
0.003232
0.119321
0.009012
0.065084
0.045472
0.001299
0.061186
0.011620
0.024642
0.064072
0.010768
0.012527
0.003433
0.104271
0.003471
0.148507
0.663644
0.100131
0.010892
0.006685
0.074773
0.056682
0.024882
0.036941
0.132331
0.009324
0.011596
0.050000
0.266907
0.005288
0.008517
0.007193
0.662976
0.002391
0.006874
0.000273
0.063395
0.230307
0.501986
0.071674
0.013940
0.007614
0.165684
0.002159
0.014532
0.002217
0.048189
0.012643
0.040604
0.028159
0.000092
0.190349
0.109271
0.001003
0.000579
0.062179
0.043731
0.186675
0.039630
0.077375
0.002064
0.170458
0.066663
0.210682
0.003292
0.012798
0.000421
0.017665
0.175202
0.489911
0.023902
0.005511
0.034555
0.034225
0.009932
0.010516
0.016047
0.147159
0.024962
0.120787
0.106640
0.368844
0.013401
0.025901
0.047380
0.097116
0.052472
0.057229
0.000532
0.008210
0.107695
0.003102
0.000553
0.011085
0.079187
0.354321
0.007363
0.016641
0.059920
0.002292
0.270657
0.027607
0.000046
0.062397
0.131270
0.047287
0.235623
0.754124
0.002090
0.186809
0.016027
0.072914
0.026930
0.117429
0.006663
0.039524
0.007745
0.236249
0.044788
0.200184
0.037803
0.305387
0.002450
0.001484
0.124279
0.069832
0.279167
0.142615
0.422823
0.093559
0.007473
0.010419
0.001049
0.031439
0.152230
0.009194
0.010764
0.007989
0.020181
0.015082
0.060530
0.030908
0.121950
0.007237
0.005353
0.016037
0.026086
0.089359
0.012173
0.035027
0.003936
0.094108
0.066375
0.044133
0.009143
0.002724
0.007360
0.021072
0.023685
0.164068
0.092960
0.013841
0.025694
0.002276
0.164744
0.171253
0.080158
0.059573
0.013534
0.007720
0.002874
0.001726
0.028507
0.042524
0.015847
0.581486
0.030714
0.036113
0.006287
0.048875
0.481562
0.436021
0.067190
0.043194
0.118813
0.004223
0.001014
0.017840
0.028037
0.181406
0.114780
0.054019
0.294912
0.020130
0.391961
0.038053
0.012552
0.203556
0.005570
0.004648
0.542846
0.003775
0.054475
0.044780
0.231650
0.070556
0.022487
0.113037
0.025593
0.052631
0.032251
0.053637
0.057070
0.559930
0.003441
0.000876
0.128285
0.107326
0.007705
0.035621
0.026248
0.006547
0.006389
0.012005
0.004225
0.013917
0.017102
0.017781
0.465698
0.019846
0.033873
0.042814
0.003457
0.007182
0.071442
0.470725
0.189647
0.052513
0.007850
0.006474
0.104791
0.000931
0.002122
0.012385
0.072335
0.009373
0.009593
0.021863
0.649553
0.469921
0.317632
0.025630
0.015423
0.005063
0.096544
0.009375
0.034665
0.738347
0.050590
0.003961
0.005075
0.112324
0.034376
0.004955
0.305363
0.304576
0.003920
0.022469
0.504883
0.020917
0.014919
0.486023
0.000722
0.041142
0.027422
0.021916
0.006635
0.552071
0.111755
0.679561
0.010781
0.038682
0.014795
0.000184
0.019845
0.192182
0.012927
0.294550
0.016669
0.004026
0.003497
0.035284
0.353720
0.011086
0.035464
0.270356
0.006274
0.004722
0.008150
0.181935
0.021182
0.069463
0.004741
0.038025
0.183059
0.017983
0.006878
0.014909
0.022877
0.005749
0.162649
0.024613
0.039409
0.064117
0.054697
0.199654
0.046373
0.022070
0.178526
0.012031
0.009009
0.016064
0.027844
0.150769
0.021665
0.061422
0.001735
0.192728
0.007782
0.016097
0.037336
0.046221
0.145316
0.016185
0.027169
0.044045
0.035959
0.023359
0.001269
0.275428
0.040277
0.028802
0.003430
0.001241
0.029533
0.193593
0.014936
0.061233
0.136112
0.136361
0.314470
0.011537
0.036488
0.071182
0.119432
0.117172
0.076904
0.011850
0.088926
0.031197
0.003595
0.005234
0.062905
0.014024
0.057901
0.005113
0.001198
0.593219
0.498946
0.068583
0.029059
0.027830
0.064955
0.010002
0.266553
0.087463
0.269945
0.041609
0.177539
0.288902
0.003148
0.110941
0.090495
0.087587
0.074884
0.000548
0.022936
0.241554
0.004460
0.013335
0.013540
0.014197
0.004160
0.015929
0.257258
0.009607
0.014949
0.000998
0.000828
0.001407
0.053409
0.004400
0.192297
0.034961
0.347100
0.248543
0.034360
0.292689
0.110397
0.176348
0.016046
0.014169
0.013927
0.141806
0.150831
0.124460
0.001080
0.001160
0.000913
0.012999
0.011731
0.018570
0.047012
0.012145
0.014498
0.022114
0.006811
0.001787
0.593041
0.003481
0.044551
0.006918
0.013183
0.142909
0.080031
0.018413
0.175899
0.022983
0.013815
0.018061
0.008492
0.113559
0.004890
0.052008
0.016606
0.009205
0.059791
0.026715
0.121289
0.045870
0.005389
0.002727
0.108341
0.046835
0.030629
0.152577
0.163964
0.288634
0.232789
0.052338
0.309559
0.189847
0.001946
0.011601
0.025004
0.026469
0.025645
0.223656
0.078351
0.034816
0.020620
0.034710
0.000104
0.008345
0.021775
0.015038
0.069079
0.005107
0.059757
0.011430
0.008075
0.040303
0.005494
0.008799
0.049182
0.069265
0.050034
0.464377
0.076353
0.001608
0.345747
0.227492
0.152270
0.004656
0.062532
0.205298
0.145301
0.041990
0.109448
0.193352
0.090655
0.153140
0.047942
0.393179
0.087833
0.009441
0.752955
0.018696
0.000652
0.005355
0.088469
0.155905
0.040490
0.519862
0.000970
0.104771
0.017317
0.002039
0.203024
0.006490
0.026699
0.032226
0.009201
0.006233
0.033019
0.023177
0.049758
0.043319
0.130173
0.156258
0.015519
0.000170
0.131233
0.102303
0.036019
0.121662
0.028917
0.073973
0.000376
0.005965
0.041498
0.006188
0.013271
0.113345
0.068761
0.022885
0.003214
0.011163
0.072287
0.064937
0.038746
0.013630
0.086951
0.621123
0.007060
0.045281
0.005566
0.017468
0.050666
0.012667
0.084500
0.004632
0.079344
0.031423
0.088287
0.000086
0.092080
0.014550
0.055237
0.011365
0.017309
0.006546
0.006965
0.010214
0.005761
0.043079
0.049618
0.049635
0.011143
0.031266
0.037090
0.076706
0.033995
0.029207
0.173225
0.025072
0.009293
0.374056
0.006146
0.091900
0.201191
0.012051
0.021485
0.148553
0.011058
0.243311
0.008518
0.042745
0.065071
0.020050
0.091148
0.257980
0.073112
0.187889
0.004371
0.016991
0.217908
0.115611
0.160118
0.002088
0.000892
0.061654
0.043956
0.025135
0.008255
0.007928
0.031646
0.061588
0.014742
0.037109
0.018405
0.085156
0.001811
0.162552
0.000269
0.398207
0.026946
0.127415
0.015421
0.685092
0.063285
0.072238
0.002504
0.148213
0.003669
0.000812
0.022713
0.005436
0.012651
0.002452
0.031251
0.173430
0.048499
0.269629
0.116655
0.033668
0.001639
0.005572
0.002762
0.011150
0.055905
0.002056
0.014127
0.024115
0.271057
0.120613
0.005371
0.026912
0.008973
0.103543
0.013289
0.026858
0.318856
0.007945
0.025731
0.009706
0.006363
0.063695
0.009939
0.009934
0.004167
0.003686
0.021453
0.028950
0.043217
0.013267
0.238578
0.014748
0.000467
0.032616
0.198338
0.019596
0.213576
0.001872
0.014497
0.047889
0.004160
0.024322
0.207834
0.054738
0.013154
0.228758
0.036407
0.016018
0.027672
0.161781
0.107090
0.044744
0.015034
0.066658
0.209139
0.064476
0.068282
0.034112
0.009872
0.044017
0.009623
0.151982
0.273342
0.002284
0.071732
0.007061
0.028306
0.155223
0.047027
0.001586
0.001864
0.010578
0.047894
0.091785
0.160267
0.144399
0.012498
0.007847
0.028612
0.031420
0.134651
0.333472
0.006341
0.101552
0.141142
0.016186
0.014220
0.026324
0.019812
0.005667
0.015396
0.136129
0.115511
0.008918
0.029880
0.000326
0.065944
0.368096
0.040097
0.016361
0.097613
0.020130
0.478725
0.001516
0.014301
0.000226
0.086955
0.008529
0.026247
0.071536
0.005052
0.053219
0.188769
0.000669
0.400909
0.001440
0.103679
0.001900
0.020913
0.067192
0.043520
0.141526
0.060645
0.002043
0.134256
0.129823
0.000970
0.144768
0.012686
0.002750
0.210636
0.049245
0.347927
0.026739
0.138097
0.038523
0.042667
0.524086
0.011930
0.342053
0.000929
0.003530
0.032318
0.000798
0.064091
0.070457
0.107264
0.002336
0.019674
0.055502
0.017241
0.006497
0.001210
0.050000
0.028749
0.269259
0.023171
0.010394
0.019687
0.001186
0.236352
0.003156
0.281193
0.005322
0.312393
0.007729
0.100354
0.008903
0.048461
0.152635
0.431176
0.061518
0.349213
0.009315
0.006019
0.157669
0.040799
0.277436
0.033674
0.035430
0.000519
0.003090
0.054443
0.089096
0.012112
0.000384
0.005427
0.129542
0.042806
0.027948
0.003800
0.028772
0.483664
0.005670
0.012173
0.116948
0.012348
0.148177
0.014799
0.022086
0.006268
0.016444
0.017435
0.046571
0.219674
0.053101
0.064152
0.061366
0.004277
0.009965
0.002241
0.021263
0.016739
0.000540
0.001740
0.006618
0.126672
0.011894
0.098065
0.115216
0.005283
0.023452
0.228360
0.075128
0.599343
0.015951
0.015221
0.139128
0.005260
0.052534
0.082220
0.036420
0.539508
0.002041
0.116750
0.176129
0.050765
0.589860
0.032405
0.123566
0.034447
0.049487
0.009172
0.024535
0.041628
0.098828
0.011824
0.015312
0.517752
0.056012
0.264523
0.002745
0.040394
0.002086
0.000733
0.016953
0.236691
0.006213
0.035956
0.052202
0.018685
0.036567
0.002179
0.294202
0.062344
0.096820
0.015200
0.000303
0.022233
0.211219
0.109566
0.444886
0.000410
0.012396
0.282330
0.008137
0.155123
0.007255
0.015188
0.006358
0.334292
0.009251
0.105199
0.001215
0.045857
0.009383
0.026616
0.045038
0.049942
0.061284
0.250934
0.022539
0.026434
0.521533
0.002306
0.024871
0.072308
0.041556
0.032737
0.001881
0.070932
0.035025
0.011945
0.000030
0.226092
0.055524
0.284050
0.100783
0.009470
0.020490
0.171782
0.018694
0.001994
0.038748
0.147969
0.034570
0.023063
0.155553
0.069200
0.041636
0.001130
0.011942
0.427438
0.018581
0.043686
0.015618
0.079481
0.439042
0.472917
0.050138
0.519527
0.021371
0.199230
0.011904
0.008097
0.374147
0.028458
0.006298
0.063001
0.000072
0.007981
0.018091
0.141560
0.002062
0.189507
0.002873
0.865335
0.195725
0.002479
0.030060
0.015832
0.037976
0.066635
0.023706
0.020393
0.005478
0.000595
0.944176
0.060819
0.185939
0.014394
0.112709
0.090394
0.024332
0.041534
0.017221
0.025102
0.054893
0.290984
0.278972
0.014656
0.889266
0.283331
0.026616
0.083176
0.076551
0.275105
0.004815
0.092918
0.290785
0.074073
0.025417
0.289217
0.059650
0.359291
0.137445
0.015621
0.059700
0.118121
0.057576
0.004877
0.002981
0.082358
0.059849
0.016360
0.036820
0.025981
0.000370
0.031369
0.019098
0.028128
0.002485
0.013891
0.020580
0.011278
0.012152
0.020515
0.008969
0.117790
0.343963
0.274537
0.099174
0.030391
0.009234
0.020617
0.010389
0.005050
0.513283
0.362434
0.028485
0.003251
0.002847
0.059439
0.005184
0.006000
0.006542
0.157893
0.061000
0.001072
0.402490
0.005236
0.003111
0.014428
0.099114
0.116008
0.092594
0.215603
0.030598
0.112796
0.064752
0.000652
0.022287
0.039157
0.097248
0.001291
0.095761
0.000957
0.008349
0.052963
0.005450
0.050979
0.257965
0.041608
0.004168
0.015021
0.310099
0.029578
0.016735
0.062900
0.030475
0.031911
0.014987
0.029199
0.109212
0.050885
0.045042
0.029042
0.050261
0.031070
0.004216
0.042104
0.002181
0.027399
0.019401
0.026053
0.143543
0.199817
0.007834
0.005991
0.044395
0.256481
0.025311
0.033549
0.045158
0.168252
0.255826
0.065861
0.060531
0.095320
0.000543
0.013924
0.041152
0.010156
0.030237
0.011015
0.020919
0.560924
0.032927
0.023227
0.021972
0.005226
0.154000
0.110336
0.013921
0.017808
0.008441
0.017127
0.241726
0.026842
0.002093
0.058147
0.017758
0.084884
0.003836
0.074936
0.008583
0.038361
0.007383
0.051672
0.056312
0.321023
0.002357
0.068834
0.078172
0.056869
0.002141
0.132885
0.178897
0.074017
0.001197
0.857371
0.037493
0.134893
0.070400
0.031775
0.010961
0.170429
0.001018
0.062238
0.037950
0.001001
0.004162
0.086293
0.016373
0.030486
0.002359
0.005745
0.341985
0.178926
0.038995
0.014205
0.070780
0.022698
0.001697
0.154034
0.008861
0.004112
0.015159
0.004787
0.018465
0.328447
0.009011
0.036431
0.005895
0.211944
0.032278
0.238249
0.291549
0.094846
0.339570
0.008996
0.005904
0.033284
0.188055
0.010392
0.357102
0.086554
0.000575
0.212698
0.008237
0.076510
0.599486
0.000558
0.002540
0.049195
0.018488
0.041012
0.023852
0.052243
0.007541
0.061021
0.262543
0.004021
0.009793
0.036680
0.000208
0.126693
0.054633
0.153262
0.098234
0.009036
0.089316
0.000536
0.056018
0.403657
0.073271
0.378192
0.121571
0.242253
0.153319
0.005732
0.077870
0.099273
0.008874
0.028182
0.009523
0.033189
0.236792
0.118616
0.220456
0.007057
0.081640
0.104275
0.202185
0.032347
0.113984
0.124100
0.243089
0.001591
0.000388
0.002749
0.021975
0.015368
0.407459
0.114878
0.112387
0.342628
0.022316
0.009491
0.002376
0.007490
0.156056
0.004588
0.076014
0.434956
0.031980
0.057989
0.142576
0.038474
0.014271
0.020100
0.016506
0.058626
0.204731
0.159695
0.056837
0.584728
0.072337
0.083310
0.027310
0.052181
0.038186
0.091301
0.015060
0.035523
0.061643
0.114056
0.085486
0.877965
0.025402
0.007097
0.003308
0.023381
0.376535
0.033590
0.117047
0.004092
0.024096
0.033245
0.475726
0.009708
0.198870
0.023871
0.028658
0.049891
0.043071
0.070483
0.018338
0.044300
0.040692
0.067692
0.046118
0.045972
0.022076
0.055800
0.184005
0.147195
0.087900
0.005205
0.090899
0.067999
0.007281
0.002699
0.062743
0.010639
0.011401
0.033630
0.000384
0.001241
0.158750
0.005352
0.004800
0.133392
0.111525
0.032419
0.387559
0.186975
0.025108
0.009208
0.324572
0.023108
0.263379
0.049839
0.124452
0.003017
0.047915
0.000268
0.001403
0.000834
0.172943
0.005401
0.001503
0.001529
0.009930
0.022302
0.096413
0.058926
0.025455
0.007439
0.399735
0.332222
0.124310
0.066540
0.001715
0.018730
0.001485
0.076313
0.019630
0.009369
0.004069
0.009841
0.289706
0.021807
0.411586
0.044402
0.029756
0.000618
0.006610
0.251084
0.070010
0.678465
0.020442
0.010905
0.117867
0.004930
0.025588
0.010157
0.018652
0.641256
0.018226
0.035567
0.003380
0.072213
0.013871
0.338539
0.004990
0.007970
0.000656
0.007082
0.176465
0.013110
0.067887
0.019707
0.050545
0.000751
0.013007
0.004758
0.040155
0.094261
0.004321
0.008941
0.034320
0.043556
0.057686
0.012468
0.234172
0.000317
0.008058
0.000991
0.102793
0.016995
0.156460
0.011989
0.410406
0.082893
0.024956
0.008999
0.027435
0.011842
0.248760
0.029823
0.022261
0.136180
0.023624
0.183780
0.006127
0.034417
0.017721
0.001294
0.007377
0.002682
0.096031
0.202889
0.448870
0.009130
0.082869
0.114548
0.004271
0.005501
0.305503
0.035436
0.025985
0.008969
0.043279
0.036660
0.004536
0.098958
0.015170
0.000591
0.234352
0.242340
0.030908
0.020505
0.025075
0.034002
0.037119
0.006339
0.096143
0.007081
0.004571
0.005991
0.155854
0.003852
0.003583
0.174871
0.068677
0.697005
0.355204
0.004020
0.063078
0.055168
0.406225
0.047589
0.005997
0.380795
0.371566
0.025041
0.006078
0.207377
0.007703
0.054521
0.022754
0.057480
0.008574
0.297267
0.212681
0.378417
0.046605
0.035616
0.013980
0.002612
0.081716
0.001203
0.272589
0.288575
0.009595
0.018680
0.057453
0.202116
0.018691
0.035804
0.043695
0.038062
0.083795
0.258231
0.001666
0.026594
0.005732
0.026604
0.005228
0.108007
0.046424
0.015098
0.043721
0.010045
0.012193
0.379170
0.319557
0.307534
0.098731
0.051895
0.064970
0.045556
0.092452
0.000668
0.018232
0.416546
0.001254
0.305307
0.006707
0.105718
0.000582
0.003331
0.094589
0.047455
0.001803
0.009448
0.003047
0.038365
0.040448
0.057838
0.000763
0.000628
0.015287
0.129559
0.001336
0.208050
0.116382
0.006016
0.044211
0.002053
0.021243
0.137183
0.291055
0.019437
0.061037
0.003290
0.023589
0.138777
0.107266
0.037150
0.000128
0.154688
0.159987
0.206747
0.108985
0.001837
0.070831
0.010474
0.050000
0.007619
0.032008
0.078817
0.219844
0.073229
0.006276
0.004418
0.131127
0.092673
0.300165
0.203487
0.013377
0.007065
0.000623
0.000918
0.000490
0.003330
0.091425
0.041084
0.004337
0.053755
0.009962
0.170460
0.010653
0.405642
0.007284
0.120664
0.206444
0.758666
0.044877
0.259981
0.010405
0.002739
0.029994
0.024134
0.033061
0.046916
0.024503
0.006056
0.084987
0.239346
0.094956
0.001273
0.021518
0.139717
0.201199
0.001478
0.008677
0.051439
0.059479
0.013458
0.007102
0.000545
0.111340
0.141884
0.341308
0.293763
0.461571
0.014382
0.082326
0.013551
0.003726
0.606707
0.005386
0.084076
0.001013
0.008120
0.071820
0.028346
0.029269
0.005439
0.032925
0.047371
0.043880
0.590166
0.011893
0.502446
0.004451
0.000513
0.000116
0.008924
0.001186
0.096389
0.439137
0.042060
0.002229
0.161494
0.006007
0.031930
0.011229
0.082214
0.208262
0.000326
0.446338
0.026126
0.487378
0.100643
0.069728
0.365161
0.370119
0.070007
0.221797
0.009197
0.014580
0.163451
0.081872
0.004087
0.021706
0.031294
0.029241
0.053079
0.006963
0.083482
0.004982
0.107247
0.069907
0.005571
0.028410
0.178315
0.282068
0.413823
0.003255
0.010907
0.201682
0.004491
0.008011
0.040505
0.004204
0.016044
0.016758
0.730925
0.001308
0.136601
0.265224
0.007556
0.000484
0.068237
0.028291
0.040521
0.001799
0.003252
0.132799
0.002310
0.000560
0.006122
0.081681
0.004890
0.000501
0.000119
0.018786
0.002938
0.826770
0.037244
0.040133
0.070632
0.016098
0.001836
0.007812
0.063297
0.068891
0.239386
0.573003
0.001439
0.023070
0.010177
0.000691
0.003917
0.012871
0.522174
0.120755
0.031229
0.001353
0.204895
0.004463
0.130397
0.000502
0.034998
0.130864
0.045236
0.002855
0.038596
0.075510
0.019296
0.168294
0.035335
0.006893
0.011401
0.026526
0.026679
0.041381
0.015159
0.115761
0.125509
0.536208
0.097887
0.060131
0.012755
0.045975
0.017062
0.124262
0.050446
0.016721
0.001353
0.017349
0.021208
0.007928
0.410819
0.028009
0.063806
0.020040
0.087506
0.041369
0.025249
0.028846
0.122175
0.039109
0.105298
0.015009
0.018388
0.114426
0.039472
0.023479
0.152744
0.061112
0.069008
0.293980
0.033121
0.005032
0.004066
0.038638
0.017668
0.038909
0.004435
0.002947
0.009111
0.235503
0.408489
0.073745
0.019670
0.001163
0.034989
0.027174
0.075740
0.064634
0.080388
0.051641
0.015964
0.037787
0.090986
0.182288
0.728414
0.011859
0.129620
0.143444
0.016005
0.000681
0.039217
0.003617
0.581499
0.055310
0.000116
0.030649
0.061247
0.152160
0.087968
0.049787
0.009114
0.061972
0.065976
0.030486
0.011593
0.407481
0.170522
0.019813
0.028814
0.031076
0.001953
0.164785
0.261323
0.000544
0.253125
0.003470
0.177301
0.001107
0.001981
0.034938
0.130413
0.044166
0.037403
0.020141
0.003485
0.030493
0.009930
0.015909
0.047560
0.045052
0.053455
0.206173
0.013837
0.266733
0.010960
0.003659
0.508470
0.009652
0.084913
0.019835
0.095298
0.010902
0.315983
0.029791
0.009171
0.004234
0.012627
0.171990
0.004742
0.015519
0.013942
0.233171
0.051725
0.004372
0.294300
0.090656
0.037357
0.047882
0.001754
0.119153
0.002905
0.016772
0.001711
0.025801
0.028092
0.112579
0.125416
0.041605
0.002632
0.339116
0.026396
0.021788
0.053016
0.166590
0.468877
0.184456
0.152925
0.030898
0.006301
0.137667
0.010323
0.014416
0.000809
0.001042
0.093759
0.129523
0.008270
0.827599
0.007044
0.142822
0.132863
0.145958
0.032557
0.084033
0.138087
0.032296
0.058135
0.034260
0.176624
0.010018
0.876945
0.118508
0.105450
0.028932
0.025959
0.088631
0.148905
0.156409
0.003382
0.002445
0.280008
0.098012
0.112725
0.010065
0.212016
0.174184
0.013879
0.031803
0.003161
0.154954
0.000313
0.244756
0.129015
0.345030
0.023305
0.000784
0.043295
0.342478
0.022922
0.033407
0.108038
0.020142
0.028136
0.032161
0.121989
0.022596
0.007606
0.048701
0.086036
0.029783
0.013495
0.010669
0.001626
0.224666
0.097105
0.002385
0.009151
0.708709
0.076553
0.163642
0.262670
0.013786
0.219196
0.067279
0.014791
0.019672
0.022804
0.000128
0.177464
0.007852
0.116335
0.045058
0.000253
0.079891
0.138262
0.034452
0.001765
0.037136
0.067728
0.179957
0.014178
0.011668
0.028798
0.009795
0.044349
0.002784
0.001413
0.012907
0.106411
0.059036
0.047482
0.019800
0.156382
0.001302
0.174469
0.015066
0.055621
0.000974
0.036898
0.008077
0.086680
0.328115
0.004886
0.004434
0.038246
0.010468
0.051666
0.006025
0.027302
0.017679
0.377770
0.069982
0.015282
0.483200
0.233794
0.000699
0.063748
0.003658
0.032682
0.022883
0.049211
0.041514
0.007446
0.012566
0.076476
0.015948
0.014021
0.032488
0.000197
0.195253
0.206975
0.022287
0.011331
0.121981
0.027527
0.183802
0.006728
0.045604
0.005991
0.003659
0.034837
0.073700
0.079582
0.053902
0.001001
0.000452
0.108832
0.002810
0.017282
0.169850
0.002348
0.043105
0.122763
0.021853
0.009242
0.036281
0.010987
0.443832
0.005911
0.119433
0.013843
0.235158
0.085007
0.124311
0.851751
0.004135
0.010817
0.078623
0.018083
0.213131
0.011258
0.246619
0.029912
0.060876
0.161141
0.004538
0.073634
0.037849
0.081501
0.003648
0.023257
0.046715
0.033687
0.013259
0.043999
0.033090
0.012499
0.051043
0.013656
0.065956
0.080936
0.052342
0.142625
0.016128
0.001801
0.002890
0.016754
0.046149
0.034608
0.045084
0.002032
0.258952
0.152717
0.161172
0.142958
0.018746
0.056670
0.013000
0.022232
0.002068
0.114647
0.548176
0.324154
0.001713
0.109380
0.015442
0.018064
0.005405
0.086089
0.002311
0.075989
0.184271
0.008735
0.111701
0.055022
0.069283
0.078144
0.060823
0.052134
0.010761
0.015968
0.203483
0.071822
0.074954
0.114063
0.005198
0.064477
0.024800
0.002766
0.261067
0.004734
0.075255
0.079773
0.009466
0.006646
0.030037
0.022214
0.016440
0.024793
0.001351
0.007324
0.025698
0.002100
0.003456
0.308209
0.042596
0.121363
0.432266
0.046672
0.008522
0.041780
0.049763
0.003531
0.032666
0.119254
0.046982
0.000279
0.075903
0.004388
0.023180
0.164231
0.008312
0.314031
0.038603
0.034811
0.002022
0.015281
0.001790
0.037728
0.074002
0.020180
0.050842
0.013494
0.015826
0.836748
0.006779
0.129561
0.015029
0.198751
0.157202
0.090522
0.285664
0.035622
0.035991
0.074406
0.017642
0.048005
0.517558
0.007962
0.259848
0.007574
0.266156
0.021227
0.383512
0.284869
0.010721
0.022550
0.005297
0.000218
0.013090
0.033701
0.022019
0.006011
0.542528
0.005906
0.013199
0.010799
0.291574
0.000711
0.016999
0.001277
0.039255
0.196615
0.135539
0.007857
0.007416
0.047496
0.000270
0.251434
0.089550
0.087416
0.001173
0.214413
0.011617
0.091163
0.540218
0.036990
0.396528
0.178434
0.026709
0.001584
0.020513
0.041406
0.017838
0.000658
0.034854
0.018870
0.067169
0.282273
0.037084
0.063501
0.055724
0.319111
0.041283
0.001937
0.013155
0.094187
0.006893
0.030005
0.000420
0.014597
0.158890
0.003512
0.316649
0.040831
0.038237
0.083469
0.001421
0.041727
0.178230
0.037280
0.147765
0.032555
0.383071
0.037046
0.106077
0.000036
0.105380
0.162369
0.000490
0.147329
0.027965
0.011073
0.032106
0.009766
0.296193
0.028983
0.055117
0.085700
0.366087
0.039725
0.022235
0.274033
0.076859
0.066141
0.000379
0.093969
0.001560
0.060013
0.032392
0.170438
0.009216
0.027881
0.046489
0.052098
0.002630
0.058802
0.004822
0.078452
0.000875
0.016810
0.008035
0.014640
0.001512
0.042107
0.165196
0.000227
0.165147
0.013016
0.009398
0.219643
0.000814
0.008840
0.037361
0.002960
0.468318
0.002152
0.055514
0.023792
0.001621
0.042386
0.114055
0.022892
0.149256
0.008928
0.094772
0.494522
0.005562
0.006989
0.097777
0.000325
0.138556
0.052420
0.052870
0.102435
0.039014
0.417609
0.011331
0.233747
0.010601
0.027385
0.002849
0.107946
0.068272
0.078852
0.009477
0.003934
0.139991
0.001169
0.052182
0.082842
0.024899
0.157672
0.005611
0.020043
0.046024
0.007472
0.001110
0.009075
0.000837
0.061264
0.060304
0.039260
0.353177
0.128117
0.476485
0.001557
0.090646
0.008374
0.081444
0.013875
0.742382
0.039516
0.033363
0.047601
0.022695
0.086407
0.492377
0.092734
0.004269
0.012427
0.152861
0.005251
0.200031
0.007768
0.244739
0.407786
0.004344
0.016721
0.000961
0.023529
0.006702
0.073066
0.080529
0.006036
0.021133
0.251583
0.001674
0.137443
0.000305
0.028139
0.189721
0.113866
0.011940
0.064716
0.143901
0.001327
0.026746
0.000338
0.047851
0.109109
0.268358
0.366022
0.007316
0.109179
0.087356
0.072089
0.190192
0.232921
0.132550
0.002784
0.001659
0.231660
0.136355
0.409854
0.049918
0.004596
0.003769
0.025205
0.037102
0.261553
0.048165
0.000999
0.008693
0.001532
0.014606
0.008012
0.058223
0.014032
0.056071
0.003763
0.004475
0.054284
0.001580
0.113577
0.292845
0.063101
0.005431
0.000821
0.006839
0.003878
0.141611
0.010386
0.002105
0.052674
0.239380
0.033295
0.441713
0.041838
0.206603
0.515158
0.150661
0.020500
0.269237
0.001747
0.089866
0.184762
0.001152
0.045331
0.057245
0.002581
0.372157
0.004853
0.034950
0.033208
0.050651
0.011710
0.051606
0.065567
0.001331
0.033094
0.561301
0.024349
0.308878
0.488664
0.006993
0.009086
0.032967
0.005081
0.057079
0.065152
0.059637
0.013854
0.029477
0.002131
0.002513
0.086753
0.077596
0.020985
0.122174
0.010070
0.016132
0.163276
0.009594
0.056656
0.003107
0.098739
0.015765
0.037070
0.038845
0.390835
0.003255
0.035765
0.002032
0.088548
0.011461
0.174161
0.014397
0.000312
0.006070
0.004708
0.500690
0.007989
0.042102
0.008164
0.229706
0.006523
0.133330
0.031369
0.140092
0.015267
0.022096
0.080105
0.031872
0.389469
0.003257
0.089510
0.032977
0.009666
0.018774
0.145901
0.038909
0.004293
0.549185
0.019045
0.059341
0.131901
0.014000
0.132903
0.009031
0.019811
0.023800
0.214541
0.011494
0.017112
0.004374
0.015492
0.068540
0.395568
0.020696
0.179197
0.054860
0.005039
0.333619
0.433626
0.033868
0.000948
0.024159
0.004833
0.253627
0.114441
0.042848
0.010724
0.098486
0.008360
0.040968
0.004340
0.063734
0.018731
0.054170
0.004524
0.019296
0.031957
0.026141
0.201372
0.824563
0.016828
0.006905
0.000322
0.104765
0.060424
0.029034
0.270082
0.757530
0.001614
0.004905
0.017890
0.026723
0.247703
0.025707
0.111492
0.035691
0.492121
0.063779
0.011501
0.022277
0.001363
0.054604
0.277196
0.091397
0.140031
0.026755
0.004685
0.112464
0.166859
0.065562
0.007344
0.003038
0.003411
0.004169
0.068957
0.022056
0.013126
0.105705
0.312194
0.409943
0.057793
0.027574
0.105556
0.046647
0.148897
0.610544
0.019604
0.075264
0.000358
0.018965
0.081105
0.020448
0.028039
0.723232
0.029690
0.002877
0.002075
0.008316
0.109339
0.009520
0.009566
0.185424
0.052126
0.049584
0.191608
0.144135
0.028791
0.007631
0.424513
0.002786
0.015965
0.183631
0.062717
0.084112
0.017678
0.024764
0.001130
0.028045
0.001017
0.068957
0.029869
0.329491
0.038456
0.215231
0.000940
0.089272
0.196365
0.045111
0.087269
0.034086
0.015600
0.030190
0.280939
0.096054
0.117988
0.384628
0.021881
0.109904
0.092611
0.101241
0.011874
0.006597
0.019120
0.108964
0.013565
0.255049
0.023507
0.000581
0.013042
0.033530
0.009338
0.000942
0.029863
0.245512
0.336909
0.070885
0.142348
0.003874
0.000205
0.084593
0.031108
0.000605
0.063044
0.336648
0.015102
0.049769
0.338678
0.112137
0.379652
0.005209
0.032100
0.117747
0.024704
0.020208
0.235446
0.000500
0.013598
0.041828
0.032838
0.117375
0.025840
0.397538
0.024502
0.021142
0.038134
0.036317
0.199709
0.000563
0.019651
0.268725
0.271206
0.131753
0.909152
0.715456
0.008059
0.038199
0.186071
0.001830
0.027072
0.276287
0.052072
0.012870
0.046287
0.007498
0.015780
0.001345
0.001197
0.011151
0.138454
0.036962
0.000907
0.032873
0.537774
0.130496
0.016868
0.178222
0.010865
0.091913
0.054798
0.220073
0.031170
0.067599
0.038808
0.023960
0.017398
0.071846
0.042317
0.000943
0.035992
0.032305
0.097972
0.081856
0.002313
0.085264
0.018413
0.145104
0.014588
0.065519
0.018584
0.238719
0.112239
0.078476
0.303360
0.035724
0.004569
0.013521
0.010086
0.079720
0.099120
0.009518
0.080811
0.002046
0.063174
0.289550
0.033031
0.042337
0.052128
0.005220
0.080720
0.061998
0.051278
0.032358
0.001887
0.007626
0.001577
0.011258
0.009111
0.002025
0.035001
0.027105
0.025569
0.046283
0.001183
0.024931
0.103716
0.024358
0.022632
0.079394
0.067738
0.007637
0.119905
0.254415
0.033593
0.051501
0.005515
0.008184
0.017387
0.068838
0.035771
0.001163
0.107858
0.054135
0.005963
0.077674
0.093345
0.071796
0.007784
0.235702
0.193286
0.029707
0.004030
0.113423
0.010981
0.009646
0.170088
0.114609
0.046111
0.045371
0.059265
0.009724
0.016884
0.005191
0.033845
0.071544
0.077108
0.109409
0.010819
0.030598
0.079421
0.017783
0.073076
0.007708
0.190572
0.015972
0.291344
0.242760
0.170488
0.107983
0.173705
0.074853
0.006749
0.078778
0.014589
0.041387
0.001209
0.087647
0.002589
0.058742
0.121520
0.012136
0.070603
0.055672
0.339890
0.003381
0.016168
0.009533
0.226962
0.059415
0.025622
0.128324
0.063064
0.003722
0.160572
0.269686
0.001142
0.168472
0.059559
0.046874
0.348452
0.021721
0.017111
0.139144
0.010738
0.016039
0.019514
0.044001
0.027382
0.023691
0.011868
0.001357
0.037746
0.011049
0.223424
0.053805
0.193752
0.117714
0.045635
0.122171
0.015309
0.036418
0.011953
0.077359
0.103590
0.003661
0.074870
0.177277
0.000277
0.064266
0.020448
0.067993
0.037103
0.385639
0.028810
0.001811
0.086692
0.079385
0.043781
0.036704
0.003543
0.877494
0.055179
0.089613
0.052460
0.027636
0.050205
0.001515
0.285972
0.024087
0.043314
0.010198
0.012854
0.100709
0.089925
0.447598
0.005800
0.050622
0.000846
0.001203
0.038910
0.002457
0.011512
0.005422
0.071550
0.350870
0.023120
0.002614
0.049256
0.022933
0.098714
0.000514
0.339676
0.004221
0.024081
0.018415
0.011298
0.020438
0.249237
0.192319
0.079906
0.047275
0.003291
0.069400
0.026717
0.033942
0.062752
0.219308
0.485316
0.233351
0.082379
0.007699
0.013162
0.036803
0.887705
0.001566
0.145990
0.006904
0.336039
0.108777
0.138057
0.003981
0.036010
0.017026
0.089096
0.002269
0.072710
0.062371
0.000317
0.001522
0.532618
0.003786
0.250035
0.005668
0.083989
0.034624
0.035884
0.623165
0.072373
0.194894
0.004857
0.074001
0.004967
0.027184
0.035789
0.000789
0.016168
0.204469
0.007049
0.272791
0.073683
0.000662
0.070445
0.828970
0.008664
0.051440
0.001234
0.233093
0.002637
0.236697
0.041280
0.001022
0.200000
0.004648
0.010553
0.019643
0.030632
0.049842
0.015100
0.001603
0.086774
0.262577
0.138606
0.007514
0.057978
0.089443
0.002051
0.021758
0.059701
0.019324
0.187580
0.769166
0.046867
0.003261
0.067110
0.060159
0.010901
0.034695
0.065689
0.029912
0.015455
0.141051
0.006967
0.000865
0.205181
0.012109
0.056476
0.115990
0.143957
0.041765
0.106772
0.026864
0.717256
0.283597
0.104686
0.233505
0.008024
0.000840
0.002365
0.164463
0.001560
0.010242
0.172873
0.113004
0.010122
0.113131
0.007917
0.039369
0.098477
0.688889
0.155921
0.118745
0.014299
0.040439
0.005219
0.473711
0.026810
0.486781
0.016638
0.126886
0.367763
0.031974
0.092027
0.145532
0.735696
0.017023
0.005119
0.036596
0.027492
0.027530
0.020027
0.023309
0.109448
0.005726
0.226302
0.319734
0.184000
0.004292
0.000227
0.002545
0.082595
0.310942
0.221620
0.002659
0.001555
0.339050
0.002824
0.318153
0.256077
0.068645
0.421119
0.009870
0.001068
0.002086
0.015632
0.007307
0.067287
0.006626
0.004759
0.145025
0.005449
0.033268
0.011873
0.104095
0.215521
0.017727
0.001650
0.042421
0.005057
0.076777
0.213692
0.060248
0.350778
0.017316
0.000501
0.011700
0.006189
0.061032
0.011001
0.023142
0.001040
0.001350
0.010323
0.058865
