718
1.487411
4
91
40
10
1
5047
-0.939284
-1.000000
0.692520
0.938955
-1.000000
0.132246
-0.902555
-0.149924
0.199085
0.339774
0.097861
0.229519
-0.754497
0.320656
0.814829
0.742968
0.309557
0.554365
-0.940143
0.435520
0.501474
0.519085
0.180143
0.876705
-0.475034
0.145293
0.376693
0.402039
-0.035305
0.290252
-0.717987
0.039468
0.581560
0.825581
-0.275662
0.908277
0.193093
-0.791174
0.239134
0.221125
-0.681167
1.000000
0.730658
-0.118861
0.149984
0.248731
0.043572
-0.745165
0.702599
0.652967
-0.286287
-0.749834
-1.000000
1.000000
0.219319
0.173471
0.609613
-1.000000
0.787136
-0.120677
-0.308172
-0.231836
0.963009
0.150141
0.327379
-0.613745
0.568925
0.962727
-0.168775
0.510617
0.300271
0.571430
1.000000
0.955927
0.294636
-0.568455
-0.412592
-0.732502
0.019251
0.240903
0.301256
0.704590
-0.352380
0.112849
-0.817508
-0.273059
-0.708182
0.199618
0.585626
-0.641170
-0.279678
0.643152
-0.287894
0.139226
-0.018809
0.752987
0.400203
-0.870301
-0.706907
0.474130
0.981900
0.620384
-0.641236
-0.853530
-0.683679
-0.846954
0.898092
-0.918587
0.325316
0.711575
0.021677
0.873437
0.200751
-0.411758
0.997528
-0.224840
-0.195240
-0.863629
0.842171
0.023168
-0.838428
-0.126409
-0.650689
0.836122
0.033893
0.354611
-0.816809
0.778810
0.078182
-0.843056
-0.231421
0.208203
0.159012
-0.432584
0.743087
-0.458092
0.473158
0.221015
0.835605
-0.382631
0.948270
0.264091
-0.498723
-0.245977
0.393820
0.233312
-0.372925
-0.028945
0.117103
0.773617
0.356634
0.676353
-0.045634
0.304598
0.504351
0.853664
-0.655803
-0.402613
0.756681
0.034652
0.752284
0.335524
0.511615
0.352260
0.362678
1.000000
-0.971560
-0.069819
-0.390386
0.697688
-0.340528
-0.576610
-0.352630
0.929626
-0.474159
0.616849
-0.273221
0.169747
0.557184
0.739572
-0.426872
0.231289
0.811783
0.227429
1.000000
0.682666
-0.851935
0.473086
0.685714
1.000000
-0.624727
0.977423
0.010773
-0.916399
-0.707240
0.140078
0.639466
0.673963
0.112102
0.757966
0.686553
-0.763927
0.827065
-0.192942
0.950604
-0.670952
-0.253747
1.000000
0.923119
-0.003476
-0.646321
-0.505532
0.855851
-0.216689
1.000000
-0.588985
-0.133678
1.000000
-0.054831
0.396428
0.929727
-0.198683
0.182854
0.719784
0.872334
-0.910533
-0.184360
-0.032798
-0.160173
-0.810776
0.045419
0.324156
0.156707
-0.030374
0.916576
-0.936990
-0.483782
-0.382147
0.797116
0.358002
-0.033035
0.360123
-0.945645
-0.496035
1.000000
0.841542
0.278148
-0.416953
-0.186251
0.716382
-0.133200
0.814255
0.405682
-0.903617
-0.625257
0.472671
0.290623
0.170235
-0.196844
-1.000000
-0.786200
-0.100986
-0.109830
0.809785
0.233313
0.673030
-0.427242
-0.027047
0.255723
-0.922042
-0.671400
-0.803885
-0.514016
0.076858
0.474739
0.043129
0.448303
0.975679
-0.448428
-0.804620
0.211997
0.884424
0.472632
-0.917310
-0.423464
-0.889714
0.185530
-0.270869
0.757323
-0.018160
1.000000
-0.923201
-0.886692
0.758485
-0.707223
0.285003
-0.129791
-0.929121
0.475036
0.564669
-0.106362
0.276101
0.485164
-0.171292
0.501157
0.078741
-0.765555
0.790127
0.241585
0.405864
-0.396657
0.394424
0.628293
-0.733605
0.626550
0.648298
0.259999
0.804978
0.219407
1.000000
-0.247939
-0.411318
-0.598154
-0.500467
0.441959
-0.105914
-0.001082
0.207786
-0.564947
-0.058314
-0.368484
0.728643
0.507907
0.398364
-0.552348
-0.676599
-0.068161
-0.742162
0.490254
0.690012
0.032983
0.496005
0.389699
-1.000000
0.564921
0.002386
-0.542005
-0.428815
0.655820
0.836486
0.892986
-0.146140
0.682466
-0.880088
0.095989
-0.889447
-0.525177
-0.460589
-0.050278
0.619686
-0.583745
0.162086
-0.575611
-0.801820
1.000000
-0.585020
-0.312225
-0.650034
0.796413
-0.451763
0.404630
0.562045
-0.130479
-0.916789
0.584790
-0.207902
0.175102
-0.904858
0.248403
-1.000000
0.472107
0.216571
-1.000000
0.758353
-0.655229
-0.363891
0.086639
-0.893942
-0.099509
0.671511
0.588344
-0.995122
-0.926712
0.435448
-0.387662
-0.962141
0.357908
-1.000000
-0.509572
-0.416800
0.120020
-0.413801
0.375125
0.105350
-0.781720
-0.109137
0.600505
-0.700242
0.040701
0.274461
-0.444307
-0.354225
-0.729120
-0.186923
0.467532
0.021921
-0.468967
0.377604
0.343233
0.393918
-0.935668
-0.290823
0.854380
-0.705104
0.830857
-0.269395
0.780631
-0.843609
0.115156
-0.379911
0.135626
0.482758
-0.459459
0.178172
-1.000000
-0.949508
-1.000000
0.515788
0.567285
0.574438
-0.496078
0.078379
0.677994
-0.393991
0.508899
-0.990952
-0.082537
0.567261
-0.648842
-0.678034
0.148019
-0.839970
-0.205894
-0.094114
-0.129501
0.351353
-0.375116
-1.000000
-0.139959
0.890911
0.609929
0.090285
-0.299225
-0.601143
-0.468879
0.993641
0.344181
0.800727
0.855333
-0.276258
0.363993
0.536929
0.647554
-0.534385
0.684397
-0.699909
0.063624
-0.345494
-0.058576
-0.867681
0.002928
-0.611521
0.189669
-0.895910
-0.367582
-0.967596
0.672060
-1.000000
0.311218
-0.794435
0.538915
0.040486
1.000000
0.774158
-0.754165
0.702867
0.436025
-0.979257
-0.076047
0.463145
-0.169031
-0.571508
0.240825
1.000000
0.642636
-1.000000
0.787139
-0.999758
-0.041183
-0.161915
0.441145
0.395072
0.620966
0.501726
-0.434764
0.810990
0.729444
-0.523130
-0.033844
0.478258
-0.336077
-1.000000
0.006266
-0.747269
-0.920077
1.000000
-0.118975
-0.630585
0.249130
-0.234647
0.569471
0.379020
-0.207025
0.168851
0.020744
0.631037
0.487854
0.001403
-0.786857
-0.234311
0.335584
-0.787210
0.767001
-0.240118
-0.068901
-0.335468
-0.229081
-0.838329
-0.289096
0.557785
0.474226
0.919805
0.567935
-0.912089
-0.162243
0.234421
-0.584447
-0.303593
-0.550528
-0.037877
-0.937262
-0.401224
0.329365
-0.259762
0.092605
-0.627749
-0.486845
0.098628
0.179257
1.000000
-0.049361
-0.280314
-0.904247
0.356984
0.294530
0.386553
-0.294703
-0.437102
-0.708375
1.000000
-0.041934
-0.416305
0.494164
-0.807166
-0.126777
-1.000000
0.450401
-0.101920
0.490484
-0.271709
0.011205
0.548306
-0.886361
-0.339305
0.261654
0.402336
0.072929
-0.683984
-0.406898
-0.051087
0.990834
-0.944342
0.615394
0.789254
-0.457806
-0.611775
0.156795
0.273790
-0.302156
-0.918989
-0.833856
-0.411404
-0.655860
-0.675524
-0.363913
-0.537603
0.170921
0.310055
-0.149444
0.200596
-0.872481
0.568694
-0.279089
-0.175442
-0.437987
0.774414
-0.639675
-0.723506
-1.000000
-0.998249
-0.390562
-0.787529
0.909497
-0.176375
0.343551
0.280876
0.146421
-0.390890
0.950136
-0.193382
-0.289336
0.817464
0.447336
0.795640
0.609084
0.219984
-0.100512
-0.020180
-0.053520
-0.736865
-0.789727
-0.724596
0.366327
0.051733
-0.394622
0.202384
0.220327
0.174489
0.190831
-0.361719
-0.664957
0.672573
0.613435
0.820715
-1.000000
0.095880
0.111336
-0.616366
-0.642465
-0.462740
-0.420927
0.867829
0.445867
0.270589
-0.907359
-0.463299
-0.238200
0.456792
-0.949458
-0.942153
-0.269364
-0.509826
0.191714
-0.928185
-0.398250
0.896912
0.914279
0.543439
-0.024046
-0.276184
-0.732214
-0.197913
-0.733185
0.612481
-0.338298
-0.898228
-0.947185
1.000000
-0.835907
-1.000000
-0.880174
-1.000000
0.980396
0.001224
0.616145
-0.046671
-0.155757
-0.313226
0.656393
0.934125
0.929246
0.357977
0.133022
0.101442
0.115199
-1.000000
-0.354067
1.000000
0.045950
-0.139370
0.654226
0.095518
0.164137
0.919564
0.529528
0.671888
-0.480723
-0.731797
0.867019
-0.067002
0.800726
-0.813986
-0.505794
-0.276640
0.019002
-0.252157
0.218595
-0.519087
0.380219
-0.334125
-0.078708
0.466544
-0.162577
0.173746
0.613561
0.832618
0.217483
0.280409
0.241436
-0.579394
-0.696826
0.172763
0.757430
0.217877
-0.076386
-0.010360
-0.467270
-0.415409
-0.813871
-0.531926
-0.954421
-0.075954
-0.883822
-1.000000
-0.025254
0.909598
-0.913484
-0.358975
0.415470
-0.593827
-1.000000
0.004128
-0.751075
0.334621
0.439291
-0.268337
-0.638655
0.561041
-0.924796
-0.651866
-0.654821
1.000000
-0.494547
0.876349
-0.559379
0.391749
0.048803
-0.155167
0.367591
-0.741192
-0.981281
-0.423538
-0.630581
0.212196
0.850205
0.195427
-0.012191
-0.249261
0.816009
0.189977
0.980418
0.001986
0.113382
0.394081
-0.456021
0.718670
-0.549718
-0.107733
-0.010922
-0.997561
-0.092771
-0.148293
0.360933
0.701213
-0.074108
0.368941
0.103384
-0.430501
0.666189
-0.843268
0.183523
-0.960116
-1.000000
-0.381920
0.202194
0.236277
-0.658418
-0.296139
-0.464742
-0.961935
-0.496366
-0.906261
-0.826355
-0.502487
-0.160483
-0.273824
-0.130074
0.072981
-0.098756
-0.977589
0.000304
0.624607
-0.559904
-0.659394
0.676013
0.291844
-0.422947
-0.521592
-0.623423
-0.152355
0.176479
0.728477
0.289205
-0.351642
1.000000
-0.894222
0.250085
0.202789
-0.565684
0.249721
-0.412257
-0.068298
-0.127140
-0.591640
-0.251076
0.346761
0.883310
-0.037229
-0.637345
-0.308548
0.524655
-0.168593
-0.058427
0.469996
-1.000000
0.330228
0.958144
-0.458905
0.557383
0.749096
0.334025
-0.185741
-0.883917
0.500691
1.000000
0.099846
0.777753
0.123080
-0.955108
0.209967
-0.637368
0.194862
-0.462234
0.723608
0.731719
-0.247488
-0.794824
0.111010
0.737558
0.319196
0.750631
-0.524920
-0.861773
0.134133
0.153017
-0.612429
-0.221754
-0.809263
-0.314884
0.956712
0.678701
0.045846
-0.514022
-0.071478
0.521079
0.814084
-0.912918
-1.000000
0.225934
-0.560773
0.389169
0.512088
-1.000000
-0.466252
-0.660116
0.198487
0.774988
-0.093663
-0.520194
0.959770
-0.387991
-0.738502
0.315271
-0.732053
0.514565
-0.912933
-0.871237
-0.789559
1.000000
0.822373
0.411786
0.484337
-1.000000
0.982296
-0.733904
0.977416
1.000000
-0.294174
-1.000000
-0.826204
0.074288
-0.425443
1.000000
-0.953107
-0.171282
-0.281414
0.074900
0.672479
0.963344
-0.797505
-0.848087
-0.638586
0.735023
-0.620258
0.253161
0.014501
-0.253321
-0.834452
-0.855922
0.738429
-1.000000
0.305420
-1.000000
-0.274820
0.080585
0.744440
-0.779554
0.187864
-0.747953
0.333764
-0.864310
-0.871929
0.354577
-0.136169
0.858190
-0.623383
-0.975073
-0.784796
0.079979
-0.207555
-0.095333
0.791601
-0.136543
-0.745731
-0.678700
-0.743152
1.000000
0.271546
0.943348
0.737177
0.454116
-0.261815
0.780499
0.472182
0.260368
-0.141380
-0.386126
-0.008512
0.041099
0.210929
-0.694873
0.147120
-0.504007
-0.937041
-0.898889
-0.063184
-0.900264
0.792439
-0.437409
0.005143
0.401710
-0.634300
-0.734629
-0.699150
0.529969
0.743361
0.031838
-0.801133
0.882254
0.133426
0.165317
-0.908672
-0.965553
1.000000
0.559653
0.506825
-0.853900
-0.167145
0.049241
-0.481017
-1.000000
-0.544671
-0.930776
-0.773893
1.000000
-0.092485
-0.722870
-0.197167
-0.202482
0.343642
-0.505421
0.544274
-0.736258
-0.372832
0.487021
-0.829697
-0.614289
-0.400201
-0.828258
0.664519
-0.829593
0.600140
-0.491697
0.110414
0.145966
0.990982
0.453971
0.310493
0.275902
-0.543125
-1.000000
-0.956127
0.623046
0.254237
0.954635
-0.469251
0.877123
0.461406
-0.014670
-0.915486
-0.695679
-1.000000
-0.022511
-0.482419
0.665400
0.981083
0.927197
-0.040524
0.498654
0.102629
0.819730
1.000000
-0.034417
0.167193
-0.641174
0.387252
0.155538
-1.000000
0.953127
-0.677365
-0.869296
0.006902
0.968848
-0.327302
-0.230058
0.186914
-0.743168
0.655518
-0.736691
-0.647656
-0.565262
0.761619
0.182144
0.499396
-0.806324
-0.701762
-0.240811
0.228605
-0.481913
-1.000000
-0.706040
-0.708500
-0.112872
0.214115
-0.799265
-0.827757
0.879153
-0.879859
-0.739850
-1.000000
0.104935
0.396342
1.000000
-0.050965
-0.397118
-0.622704
-0.234576
0.586197
0.466141
0.849302
0.345164
0.689546
-0.263363
0.197288
0.841281
0.586487
0.393054
0.080714
0.264164
0.038001
0.613431
-0.394822
0.536355
-0.779522
0.383214
0.895996
-0.798041
-0.093549
0.144643
0.239532
-0.786413
-0.179751
0.326375
-0.419863
-0.863454
-0.372905
0.339944
-0.479284
-0.288371
-0.957996
0.875848
0.375179
-0.597643
-0.074045
0.648090
0.854539
0.505750
0.406206
-0.228291
0.121116
0.619815
-0.943615
0.546041
0.578911
-0.743870
0.833974
0.204813
0.535300
0.111857
0.956901
-0.370808
0.591090
-0.656308
0.054583
-0.284959
-0.808714
0.285208
-0.226816
-0.740806
0.137857
0.776884
0.007842
-0.978781
-0.330636
-0.006480
0.770723
0.104519
-0.479412
-0.843746
-0.752369
0.358779
-0.149214
-0.301626
0.389954
-0.567069
-0.121724
0.508680
-0.728956
-1.000000
0.903888
0.232639
0.405159
-0.394606
-0.512158
-0.817164
0.712629
0.398909
0.650153
-0.165698
-0.163975
-0.012157
0.436692
0.193491
-0.574424
-0.959305
-0.869487
-0.041870
0.680949
-0.319556
-0.425811
1.000000
0.682658
0.650932
-0.021550
0.456341
0.937644
0.035185
0.111371
0.990818
0.280368
-0.629498
0.260333
0.654039
-0.676439
0.324531
0.076258
0.662108
0.560670
-0.956561
-0.665785
-0.161779
0.441161
0.819437
0.313913
-0.924519
0.413620
-0.138642
-0.423013
-0.587177
0.816604
-0.264799
0.559712
0.366110
0.292541
-0.029856
-0.237325
0.989235
-1.000000
-0.065433
-0.154928
-0.616227
-0.783945
0.981538
0.113850
0.186200
-0.639802
-0.498398
0.129677
-0.473109
-0.143019
1.000000
-0.279962
0.334367
0.573277
-0.005967
-0.835901
0.934437
-0.560820
1.000000
0.092216
-0.987918
-1.000000
0.853999
-0.419514
-0.047600
-0.591713
-0.329424
-0.054093
0.286989
-0.669340
0.443962
-0.667578
-0.052382
0.037780
0.009974
-0.262912
0.008217
1.000000
0.082417
-1.000000
-0.018043
-0.240273
-1.000000
-1.000000
0.224757
-0.318441
0.910206
0.678763
0.522315
0.147617
0.508543
-0.293987
-0.580775
-0.555157
0.560368
-0.772642
0.264341
-0.318446
1.000000
-0.374523
0.713392
-0.985923
0.587506
0.145177
-0.658202
-0.492792
0.272821
0.885852
-0.194027
-0.657358
-0.123584
-0.983708
0.770348
-0.697778
0.168342
0.889768
-0.180091
-0.252315
-0.854984
-0.958604
0.361014
-0.883895
0.304012
-0.601571
0.178856
-0.088706
0.626321
0.338485
0.050759
0.087378
0.171331
-0.242315
-0.070094
0.842998
0.426633
-0.117612
-1.000000
-0.018862
0.029842
-0.985757
-0.913388
-0.048846
-0.844226
-0.899801
0.359508
0.617599
-0.113207
0.100524
-0.404397
0.851346
-0.804655
-0.710491
0.065376
0.673219
0.509418
-0.831239
-0.536075
0.493852
-0.892604
-0.965281
-0.006767
-0.698998
-0.259674
-0.800668
-0.384404
1.000000
-0.427135
0.986023
-0.990734
-0.554554
0.728949
-0.356152
0.744245
0.085061
0.443561
0.367809
0.423581
-0.165381
-0.618420
0.102106
-0.486126
-0.113965
-0.997361
0.260554
-0.628328
0.791036
-0.360028
-0.064482
-0.186898
-0.044999
-0.395274
-0.148321
0.504547
-0.447665
0.018289
-0.728123
0.744563
-0.632579
-0.947904
-0.347947
-0.176063
0.221811
0.104076
0.416175
-0.115055
0.720031
-0.671175
-0.740817
0.106565
0.018822
-1.000000
0.200793
1.000000
-1.000000
0.978214
-0.862892
0.453233
0.518451
0.140627
-0.920076
-0.835034
0.274132
0.180993
-0.874913
0.838744
0.045910
-0.254923
-0.893912
-1.000000
-0.641999
0.409479
-0.660815
0.973032
0.067799
-0.925502
0.100322
0.974396
-0.142849
1.000000
-0.345089
0.082721
0.593523
-0.641116
-0.995619
0.487100
1.000000
0.789432
0.336847
-0.979308
0.577665
-0.101305
0.425194
-0.355660
-0.093664
0.295781
-0.610460
-0.511872
0.466563
-0.941314
0.990211
0.610687
1.000000
-1.000000
0.905003
1.000000
1.000000
1.000000
-0.471730
-0.249083
0.316327
0.388071
0.517852
-0.104888
-0.927851
-0.554760
-0.151661
0.919256
-0.182857
-0.369452
0.394452
0.344588
-0.804123
-0.386457
-0.351915
-0.655153
-0.885766
0.051372
-0.758271
-0.725161
-0.087539
0.230468
-0.765458
0.767979
0.993490
-0.717885
0.265505
-0.247853
0.275312
0.898051
0.184705
0.622116
0.261014
-0.781980
-0.335585
0.884035
0.046659
0.774925
-0.113087
-0.563672
-0.759545
0.078176
-0.523595
-0.214138
0.449313
0.323185
0.848082
0.907592
-0.440851
0.995564
1.000000
0.207796
-0.518965
0.083130
0.516885
0.619226
0.765650
-0.489372
-0.008376
1.000000
-0.179556
0.394146
-0.464656
0.689122
0.965005
-0.634504
0.815905
0.845010
0.054093
-0.663612
0.916710
-0.312262
0.700575
-0.074152
-0.065517
-0.691445
0.130319
-0.125653
-0.657717
0.384253
-0.392219
-0.399380
0.752319
-0.542878
-0.303153
0.124716
0.235678
0.305061
1.000000
0.618339
0.005020
0.191736
-0.451954
-0.768303
-0.144739
0.838835
-0.773292
0.270800
-0.269929
-0.424761
-0.145341
-0.242117
0.803416
0.927772
-0.768265
-0.582895
0.446835
-0.460176
-0.728077
0.855414
0.017863
0.063494
0.116218
-0.907361
-0.594483
0.733222
0.414709
-0.581127
0.789137
0.673044
-0.473326
0.835136
0.653721
-0.906956
-0.718083
0.213929
0.593319
-0.205462
-0.700145
0.881860
0.376026
0.273450
-0.973796
0.767524
-0.163477
-0.303783
-0.135056
-0.042673
-0.100751
-0.525463
0.105040
0.325529
0.334153
-0.903957
-0.155023
0.762216
-0.152412
-0.772841
-0.199302
-0.031013
-0.038655
1.000000
0.957759
0.845031
0.395074
0.802465
0.711127
0.058115
-0.248051
0.232657
-0.525017
-0.322008
0.667750
0.265690
0.770286
0.356603
-0.345312
-0.336392
0.324543
0.536311
-0.477927
0.407019
-0.061084
0.973655
0.606191
0.159431
0.519144
0.989745
-0.180476
-0.331311
0.604132
-0.730532
0.184894
0.099140
-0.021871
0.889729
-0.867690
0.078837
-0.580454
0.092994
-0.538738
-0.983126
0.370758
0.095629
-0.378425
-0.161639
-0.766599
-0.131357
-0.632810
0.228170
0.923017
0.183472
-0.548065
0.654714
0.229087
0.499202
0.692208
-0.802798
-0.178604
-0.457028
0.111157
-0.992140
0.352849
-0.003907
-0.149374
1.000000
-0.797873
0.939100
0.164448
-0.690521
-1.000000
-0.587747
0.927771
-0.143670
-1.000000
-0.400661
0.475958
0.699322
0.998829
-1.000000
0.036831
0.121325
0.780208
-0.526468
0.028726
0.642394
1.000000
-0.249989
-0.836548
-0.825634
0.116477
-0.106999
-0.303549
-0.940791
-0.896135
-0.988429
-0.375696
0.893146
0.537427
-0.771189
-0.688938
0.135500
0.876984
-0.017384
-0.925978
-0.551974
1.000000
-0.893636
-0.009072
0.245870
0.717213
0.132155
-0.706938
1.000000
0.196031
-0.869063
0.713949
0.573582
0.005778
0.310713
-0.594663
0.265239
0.807027
-0.707565
0.232764
-0.673493
-0.000921
1.000000
-1.000000
0.092928
-0.878128
-0.519604
-0.950120
0.231429
0.660058
0.586984
-0.076569
0.883400
-0.011891
-0.588831
-0.175633
0.856795
-0.126007
0.778532
0.114678
-0.216480
-0.246689
0.303753
-0.904300
0.163819
-0.464862
0.390573
-0.514342
0.512795
0.716448
-0.676135
1.000000
0.902071
0.559654
-0.412896
-0.359000
0.968806
-0.167718
-0.252050
-0.224319
-0.728744
0.352915
0.415811
-0.725638
0.554339
-0.758026
0.252994
0.806051
-0.334070
-0.220617
-0.722922
1.000000
-0.509239
0.610958
0.666918
0.618877
-0.937885
-0.893573
-0.823026
-0.157233
0.645806
0.846719
-0.672916
-0.141307
-0.799129
0.227628
0.143544
-0.557121
-0.833488
0.560605
-0.264319
-0.326852
0.405168
0.248399
0.789216
0.161841
1.000000
0.166667
0.773079
-0.523006
-0.262992
-0.417355
0.840879
0.562393
0.106615
-0.581157
0.007229
-0.583197
0.907105
-0.187102
0.109775
-0.580612
0.410865
0.435577
-0.289036
-0.198263
0.425194
0.630991
-0.199172
0.609851
-0.808791
0.149347
-0.613069
0.422432
-0.329015
0.575250
0.633779
0.924061
-1.000000
0.310064
0.256997
-0.537955
0.912180
-0.161506
-0.418539
-0.331088
0.560562
0.445652
-0.093875
0.151031
0.013494
-0.755575
-0.741648
0.726639
0.468402
0.813224
0.600823
0.913595
-0.077792
0.418704
-0.102462
0.267368
-1.000000
-0.732218
0.476590
0.188606
0.307129
-0.393130
0.721251
0.621427
-0.625558
-0.775759
0.295412
0.159548
0.921459
-0.799342
0.563212
-0.921503
0.674667
-0.281942
0.480392
-0.616814
0.544668
-0.524718
-0.790183
-0.560729
0.795387
0.008682
0.646539
-0.730349
0.833101
-0.798658
-0.755369
0.820155
-0.785259
0.216081
0.981502
0.848286
0.421070
0.508793
-0.945117
-0.911558
0.483983
-0.280281
0.507459
-0.293196
0.200621
-0.266375
0.820595
-0.283471
-0.417979
0.307751
-0.574970
0.710731
-0.309386
-0.196293
0.367072
0.234234
-0.258126
0.684349
0.060893
-0.093922
-1.000000
-1.000000
1.000000
-0.966994
0.979893
0.586931
0.128668
-0.498528
0.000174
-0.269806
0.739548
-0.564069
-0.214606
-1.000000
0.094318
-0.716955
0.259890
-0.978806
0.125580
0.684866
0.073205
0.915494
0.269934
0.378069
0.172348
-0.594851
0.002765
-0.515144
-0.193030
0.800058
-0.452724
-0.355427
-0.197003
-0.249197
0.572432
-0.752960
-0.857464
-1.000000
-0.567876
-0.892845
1.000000
0.717601
-0.730633
0.805998
0.021861
0.224601
0.776256
-0.260405
0.315006
-0.283353
-0.017642
0.115734
-0.324145
0.030640
0.011074
0.220671
1.000000
-0.750390
-0.348894
0.383720
-0.451470
0.271039
-0.247146
0.144105
0.026163
-0.840921
0.449461
-0.360173
0.350559
0.049985
-0.429162
1.000000
-0.856965
-0.862357
0.611219
-1.000000
0.183747
0.712575
1.000000
0.343961
0.414468
-0.215754
-0.266732
0.413611
-0.941185
-1.000000
-0.283982
-0.521720
-0.766331
-0.195601
0.702992
0.409403
-1.000000
0.334084
0.875586
-0.805514
-0.689854
-0.522807
-0.079931
0.332778
-0.962446
0.701022
-0.393431
0.496331
0.256899
0.283283
-0.117032
0.150083
-0.840244
-0.988012
-0.228232
-0.473935
-0.982192
-1.000000
-0.233752
0.987278
0.350120
0.722707
0.888470
0.315138
-0.776446
0.197276
-0.335232
-0.772217
0.585919
-0.956519
0.198161
-0.342598
0.170860
0.223522
-0.037643
-0.236529
0.187938
0.881829
0.883387
-0.329353
-0.441254
0.754240
0.502187
-0.403928
0.371266
0.093141
0.052567
0.807753
0.064125
-0.449758
-0.537799
-0.124051
-0.042708
-0.380758
-0.546517
0.037662
-0.148252
0.875112
0.210869
0.507213
0.903895
-0.125171
-0.056166
0.215882
-0.194795
-0.764178
0.090891
-0.773528
-0.159248
-0.998666
0.733712
0.396450
0.464158
-0.215307
-0.811166
-1.000000
-0.338255
-0.335318
0.540385
-1.000000
-0.249547
0.361711
0.402796
0.921896
0.877996
0.089228
-0.357538
0.972723
-0.922798
-0.143276
0.117131
0.661452
-0.982019
0.306193
0.523287
0.166201
0.041963
0.754554
0.341759
0.637385
0.407992
-1.000000
0.251149
0.516256
0.782932
0.005973
0.143145
-0.195728
0.832776
-0.352456
-0.368827
-0.180283
-0.376859
0.056332
-0.247336
0.679767
-0.014064
0.199446
-0.649601
-0.221028
0.024893
-0.979976
0.378912
-0.810956
0.777090
-0.129356
-0.204847
0.231245
0.601363
-0.174822
0.251070
-0.655743
-0.795877
0.645976
0.177111
0.167335
0.042629
0.445673
-0.057570
0.305331
-0.470406
-0.686887
0.369236
0.498265
0.250787
-0.435821
-0.785413
-0.446852
-0.971643
0.845539
-0.951475
0.049474
0.340238
-0.641847
-0.100872
0.626083
0.480211
-0.328326
0.052278
0.293195
0.268371
-1.000000
0.055109
-0.828032
-0.335410
-0.021034
0.151042
-0.757953
-0.206659
0.851997
-0.680149
-0.069132
-0.426656
0.649464
0.363629
0.587479
0.804961
-0.796233
-0.799189
-0.531580
-0.796792
0.923846
-0.767008
-0.845534
-0.004910
1.000000
0.147034
0.998738
0.338715
-0.820603
-0.902318
0.352259
0.383930
0.813603
-0.667406
0.239928
-0.588045
-0.873662
0.787743
-0.480604
0.974048
0.061734
0.107082
-0.099939
-0.926556
0.951381
0.592831
0.955657
0.092373
-0.946058
-0.647396
-0.829812
-1.000000
0.169061
-0.626056
-0.362695
0.637053
-1.000000
-0.166693
-0.750209
0.535664
1.000000
0.190226
-0.622773
0.876902
-0.929802
-0.918597
-0.412363
-0.623097
0.039951
0.994220
0.487870
-0.695547
-0.147958
0.114789
-0.420461
-0.965064
-0.299893
-0.654730
0.044583
0.222082
0.849645
0.214663
0.792731
0.581779
0.253046
-0.028487
-0.560963
0.631349
0.799213
-0.356112
0.244601
-0.245610
0.529610
-0.389412
0.034878
-0.775650
-1.000000
-0.676860
-0.437181
-0.727970
-0.260785
-0.236138
0.035441
-0.520764
0.930558
-0.845778
-0.626667
-0.811214
-0.147566
-0.230843
0.442769
0.891535
0.561358
-0.570837
0.421494
0.658500
-0.334782
-0.909588
0.135337
-0.324249
0.800185
0.589037
-0.437415
-0.115210
-0.557484
0.275564
0.527010
-0.558044
-0.825983
0.298965
0.674294
0.905866
-0.100495
-0.105441
0.516320
0.115794
0.255301
0.148320
-0.554624
-0.660268
0.849427
0.670582
-0.931046
-0.778254
-0.746416
0.452955
-0.325038
0.230674
-0.824974
-0.747350
-0.698269
-1.000000
0.293077
0.431209
-1.000000
0.662493
-1.000000
0.662697
-0.020618
-0.696196
0.199813
-0.797691
-0.151281
-0.905134
0.774649
-0.290354
0.476899
-0.677856
-0.191128
0.655589
-0.649326
-0.881704
-0.752168
0.870331
0.014431
-0.255614
0.497029
-0.361634
-0.470544
0.195707
0.565838
-0.302596
0.874041
-0.529684
-0.079555
0.011322
-0.963803
-0.830073
-0.027422
-0.267475
0.779744
0.695570
0.976770
-0.323334
-0.768976
-0.737460
-0.698272
0.275270
-0.875542
0.979248
-0.757945
-0.024269
0.341262
0.525017
0.705663
-0.008707
-0.628796
-0.341079
0.912946
-0.050054
0.091975
-0.519413
-0.967047
0.102259
-0.892934
0.846737
-0.809759
0.327502
-0.524818
-1.000000
-0.190718
0.709840
-0.591217
-0.757910
0.403819
0.697853
1.000000
0.173469
-0.986608
0.337652
-0.205784
0.928245
0.096900
0.161950
0.001964
-0.463628
0.265726
-0.347796
-0.975642
-0.265058
0.380423
-0.703401
-0.051279
0.955989
-1.000000
0.701280
-0.234825
-0.880714
-0.404638
-0.635687
0.512426
0.684255
-0.108894
-0.496308
-0.882073
-0.768271
0.703840
0.115553
1.000000
0.014980
0.419729
0.361769
0.756867
0.959590
-0.801620
-0.256991
-0.595445
0.211840
0.292604
0.365435
0.029665
-1.000000
0.777273
-0.895581
0.643110
0.201669
-0.271851
1.000000
0.836392
-0.732348
0.203895
0.529076
-0.510483
-0.603257
0.944003
0.289259
0.834170
0.971077
-0.457758
0.605661
0.509213
-0.469988
-0.557733
0.141629
0.797284
-0.816007
-0.576804
-0.348113
-0.567025
0.698242
-0.968526
-0.253790
-0.078991
-0.691792
-0.405606
0.410730
0.358778
-1.000000
0.011571
0.077090
-0.198473
0.911582
-1.000000
-0.128240
0.719647
0.264039
0.167231
0.632282
-0.565509
0.218467
-0.018543
0.717349
0.776684
-0.088086
-0.306391
-0.835012
-0.034011
-0.510362
0.752259
-0.751567
-1.000000
-0.720089
0.530272
-0.144773
0.813085
0.101265
-0.387067
0.705204
0.529791
-0.811891
0.074663
0.752225
0.156530
-0.338780
-0.776998
-0.928815
-0.694300
-0.617221
0.467090
0.402852
-0.467555
-0.342615
-0.045410
0.792355
0.727500
-0.993346
0.078472
0.017645
0.219497
-0.036744
-0.463189
-0.117346
-0.183856
0.455372
0.502128
-0.763157
0.264761
-0.578399
-0.278085
-0.939216
0.695708
-0.109711
-0.237494
0.511177
1.000000
0.533898
-0.648227
0.727483
0.501312
0.391502
-0.847844
0.216448
-0.133922
0.443907
0.578572
0.919803
-0.984947
1.000000
-0.477078
-0.842632
0.350939
0.878113
-0.805401
0.504263
-0.264036
-0.189353
-0.320383
0.917459
0.812735
-0.912804
0.200256
0.974355
-0.351943
0.100945
-0.004560
0.122997
-0.690796
0.119061
0.554325
-0.931808
0.858370
0.041299
-0.168729
-0.778068
0.266529
-0.414236
-0.018790
-0.442660
-0.554767
-0.088359
-0.438234
0.001969
-0.009170
-0.521701
0.166532
-0.192429
0.097206
-0.769087
0.563411
0.195716
-0.191205
-0.325231
0.601834
-0.826115
-1.000000
-0.419396
-0.356384
-0.177332
-0.586609
0.864706
0.947609
0.924705
-0.290826
0.841921
0.459477
0.270264
0.467281
0.125014
-0.307886
-0.212554
0.707521
-0.858718
0.890998
-0.289412
-0.406846
-0.850336
-0.057004
1.000000
0.056152
0.349526
-0.889561
0.469234
-0.373201
-0.257666
-0.222131
0.586099
-1.000000
0.114678
0.373500
-0.314039
-0.356228
-0.354971
0.052938
-0.934067
0.342908
0.535805
0.664755
-0.048290
0.261531
0.419746
0.212726
0.963285
0.107704
-0.549799
0.126828
0.968218
0.340913
0.738181
0.693319
-0.964054
-0.778624
-0.933132
-0.186110
0.476355
-0.228797
0.666301
-0.759112
0.475617
-0.647347
-0.345033
-0.854954
0.427627
0.671992
0.724051
-0.137187
-0.496114
0.435776
-1.000000
0.194781
0.254546
-0.374208
-0.602969
-0.083229
-0.228679
0.212612
0.335902
-0.477752
1.000000
0.598650
0.301700
-0.862995
0.170452
0.135257
-0.725276
0.138858
-0.945173
-0.635880
-0.483814
0.338218
-0.048309
0.617446
-0.576324
0.049728
0.321245
-0.991039
-0.922778
-1.000000
0.068667
0.858658
0.296131
-1.000000
-0.778878
1.000000
0.277780
0.360756
0.780036
-0.071566
0.897108
-0.168643
-0.236662
-0.773509
-0.733959
-0.298831
-0.391584
-0.379455
-0.033908
-0.595953
0.367053
0.043696
-0.653378
-0.979966
0.160977
0.098803
0.360433
-0.780468
0.494395
0.809842
0.181352
0.705260
0.710241
0.451946
-0.967872
-0.173685
-0.309404
0.969022
0.480507
-0.057775
0.668481
0.172877
0.361982
0.803206
-0.343861
0.581557
-0.434456
-0.826007
0.920499
0.965247
0.692608
-0.405997
-0.957947
0.035939
-0.208259
0.728438
0.918956
0.330456
0.541308
0.800414
0.790855
0.762704
0.333595
0.047129
0.389661
0.157478
0.139408
-0.974556
-0.517611
0.544249
-0.128063
0.271980
0.326848
-0.998779
-0.184841
-0.748414
0.167192
-0.169888
0.324957
0.937089
-0.974461
0.581597
0.564216
-0.365496
0.328867
0.096843
-0.388022
-0.098721
0.918277
0.539800
-0.904313
-0.672576
-0.018585
-0.125801
-0.309148
-0.272827
-0.671708
0.131559
-0.828823
-0.937308
0.097781
0.259779
-1.000000
-0.873597
-0.722020
-0.020543
-0.125031
-0.560212
-1.000000
1.000000
-0.065698
0.378970
0.799290
0.570110
-0.612978
0.991117
0.778798
-0.044413
0.366215
0.131620
-0.282078
-1.000000
-0.068450
-0.077452
-0.838442
-0.551547
-0.261072
0.271979
0.004376
0.813145
-1.000000
-0.791073
-0.527807
0.865261
-0.059195
0.869150
-0.184504
0.502315
0.919551
0.625747
-0.555117
-0.957905
-0.433553
0.707293
-0.427556
-0.034787
-0.595629
0.748427
-0.803993
-0.045385
0.824174
0.698236
-0.173108
0.728114
-0.189468
-0.598615
0.922494
-0.129444
0.773136
0.332183
0.140882
0.572747
0.023059
0.533117
0.597548
-0.200416
-0.675109
-0.430618
-0.621202
-0.336418
-0.931552
0.964887
0.055985
-0.998420
-0.988725
-0.800096
-0.220090
-0.319189
0.327414
0.447823
0.119877
-0.992267
-0.472562
0.585581
0.851203
0.911059
0.269031
0.784291
-0.183625
-0.810770
0.278025
-0.837643
0.185876
0.021905
0.779515
-0.990315
0.445614
0.589210
0.841821
0.716228
0.275458
-0.155293
0.212416
-0.550389
-0.087440
1.000000
-0.344406
-0.625938
-0.493140
-0.480648
0.958876
-0.124193
-0.057025
-0.153520
0.696754
-0.154987
0.409084
0.489178
0.603580
-0.097684
0.461316
-0.401737
0.240994
0.934718
0.985958
0.352648
-0.451705
-0.579930
0.130195
-0.394300
-0.064937
-0.401377
-0.813168
-1.000000
0.220344
-0.008828
-0.092226
-0.109376
0.164543
1.000000
-0.926494
0.017952
-0.235866
-0.762637
-0.381794
0.705201
-0.066393
-0.463171
-0.773665
-0.856636
-0.011137
0.478374
-0.698501
0.159930
-0.613614
0.120209
-0.332255
-0.539988
-0.936207
0.061017
-0.509633
-0.059826
0.681510
-0.308821
-0.585096
0.411260
0.602381
-0.541444
-0.151603
0.635875
0.446394
0.986857
0.214912
-0.536821
-1.000000
-0.224398
-0.471680
0.780551
-0.296809
0.676489
0.470995
-0.089337
-0.807185
-0.101878
0.747912
-0.598057
0.992516
-0.186508
-0.221831
0.507653
-0.893115
0.751533
-0.477563
0.953963
0.996385
0.014435
0.831694
0.735636
0.287994
-0.884428
-0.275359
0.662186
-0.039869
0.959255
-0.696834
0.769380
1.000000
0.825047
-0.546197
0.411148
-0.615183
-0.409014
0.036092
-0.469979
0.407789
-0.651128
0.410556
0.332550
0.725684
0.436935
-0.048845
0.700440
-0.588839
0.834519
0.792961
0.434699
-0.782777
0.715608
-0.159931
-0.453605
-0.637826
-0.522794
0.831969
-0.388822
-0.733290
0.348588
-0.910971
0.341989
0.288696
0.181168
-0.689913
0.111224
-0.471496
0.438584
-0.685669
0.027487
0.757328
0.118649
0.007322
0.660809
-0.294170
-0.929693
-0.319206
0.563312
0.132667
-0.661548
-0.289193
-0.869943
0.565253
0.209792
0.336565
0.942247
0.303162
0.110893
0.570323
-0.534070
-0.909458
1.000000
-0.346330
-0.084135
0.178312
-0.380558
-0.577461
-0.813937
-0.521614
-0.056900
-0.653005
-1.000000
-0.011937
1.000000
0.584893
-0.707500
-0.732399
0.287644
-0.276308
-0.345485
0.617578
-0.804561
-1.000000
0.717022
0.338246
-0.239222
0.856995
0.790863
0.555183
-0.709150
0.730620
0.728156
-0.008448
-0.236735
-0.291824
0.786153
-0.074542
0.177848
0.888633
0.205031
-0.183674
0.390758
0.555932
-0.361233
-0.322393
-0.001746
0.914584
0.102772
0.031721
0.064781
-0.185507
-0.172768
0.458776
-0.504717
0.416051
-0.486118
-0.486464
0.845782
0.093358
0.430219
0.529117
0.357199
0.630652
0.297107
-1.000000
-0.587382
0.171103
-1.000000
-0.895859
0.947890
-0.224302
0.715613
-0.272526
-0.251550
-0.103828
-0.848735
0.675686
-0.665439
-0.136232
0.271110
0.359217
0.606597
0.859582
-0.977033
-0.942928
-0.228066
0.488936
-0.807647
0.585193
-0.209384
-0.064073
0.218011
-0.476497
0.772726
-0.695745
0.970705
-0.018213
-0.845360
-0.677476
-0.716931
0.696491
-0.701223
0.229514
0.023622
0.438765
0.700287
0.632170
-0.141311
0.885295
0.256495
-0.262185
-0.784479
0.597905
-0.691584
0.714340
0.771940
0.294816
0.769772
0.312227
0.376011
-0.578102
-0.418214
-0.316170
0.867523
-0.986573
0.654693
-0.836864
0.855035
0.264991
0.700736
-1.000000
-0.229740
0.036044
-0.541449
-0.377991
0.520993
-1.000000
0.767759
-0.468099
0.838449
0.044132
0.602311
-0.632968
0.328284
0.343227
-0.217299
-0.263546
-1.000000
-0.168138
-0.084912
0.291607
0.440044
-0.347346
-0.930139
-0.883140
-0.583407
0.942464
-0.908856
-0.087070
0.158175
-0.490584
0.984624
0.883899
0.335901
1.000000
-0.935906
0.179651
0.653848
-0.943018
0.419549
0.907466
0.591344
1.000000
-0.672738
-0.710984
-0.217224
0.128382
0.892230
0.008907
0.217279
0.690598
-0.036525
-0.564810
1.000000
-0.764250
0.462866
-0.773621
0.202035
-1.000000
-0.347406
0.647367
0.987238
-0.526440
-0.555908
0.221284
1.000000
-0.909666
-0.051880
0.218364
0.371983
-0.861765
1.000000
0.157281
-0.277443
-0.530977
-0.327779
-0.758563
-1.000000
-0.779005
-0.770224
-0.055988
-0.267638
0.156837
-0.737397
-0.618727
0.028341
0.626788
0.982535
0.251155
-0.803777
-0.876406
-0.869586
0.379723
1.000000
-0.792689
-0.332134
0.286719
0.011856
0.322142
0.482829
0.214669
-0.713218
-0.911013
-0.353114
0.872340
0.383621
0.225238
0.654898
0.439790
-0.299892
0.094500
0.310803
-0.880255
-0.085374
-0.789407
-0.101028
0.354175
0.271658
-0.586540
-0.966608
-0.284376
-0.582393
-0.805533
0.798043
0.269921
0.890832
1.000000
-0.563631
0.795650
-0.617021
0.027906
0.544864
-0.598256
-0.407532
-0.828578
0.384455
0.289428
0.949775
0.847666
-0.502100
0.623353
0.876623
-0.192425
-0.002227
0.236529
0.435532
0.629529
0.816245
-0.487604
0.829695
0.154708
-0.329819
-0.425633
-0.395775
-0.251337
0.135096
0.472979
0.551102
0.471719
1.000000
-0.100876
-0.047637
0.626314
0.265447
0.083235
-1.000000
0.535969
-0.801248
-0.749068
-0.756518
0.300388
0.373380
0.803474
0.508828
0.720652
-0.775237
0.425498
-1.000000
0.669842
-0.177331
-0.168409
-0.327174
0.069319
0.060128
0.360037
-0.436885
0.817256
-0.579005
0.116262
-0.535925
-0.022514
0.363702
-0.855412
-0.427418
-1.000000
-0.920563
-0.395744
0.362972
-0.028220
1.000000
0.044976
0.116554
-0.220021
-0.927411
-0.623786
-0.518445
0.800774
-0.572929
-0.917822
-0.937087
0.749966
-0.794372
0.310368
0.484025
-0.895758
-0.220460
-0.391408
0.145735
0.296034
0.563920
1.000000
-0.006020
0.416280
-0.615179
-0.725104
0.525547
-0.508988
-0.343515
-0.601777
-0.209485
-0.458030
-0.119330
-0.084511
-0.329959
0.209923
0.371307
0.291305
0.451279
-0.226627
0.585341
0.691654
0.229733
0.952053
0.047619
-0.578092
-0.472470
0.139622
-0.983440
0.963059
1.000000
0.399024
0.559408
-0.463075
-0.904094
-0.796606
0.791095
-0.344655
0.318393
-0.091282
-0.247858
-1.000000
0.002889
0.608296
-0.575920
-0.180538
-0.299337
0.845951
-1.000000
0.986368
-0.029829
0.218967
0.087703
-0.341749
0.376484
-0.717244
0.235051
0.351705
-0.074190
0.971675
-0.581009
0.883468
-0.116776
-1.000000
-0.940330
0.636014
-0.108008
-0.075877
0.608192
-0.650694
0.807254
-0.465697
-0.065203
0.223048
0.450565
0.965670
0.984862
0.295026
0.943360
-0.362564
0.984141
0.091354
-0.962106
-0.508923
0.313235
-0.371574
-1.000000
1.000000
0.406020
0.357851
0.681238
0.066882
0.021802
0.160599
-0.954084
-0.061836
-0.581425
-0.037121
0.261285
-0.590309
0.174410
-1.000000
0.045273
-0.259847
-0.022518
-0.074712
0.937924
-0.021929
0.776586
0.351942
0.589031
-0.368797
-1.000000
-0.156394
0.127875
-0.894382
0.327217
-0.544226
0.522208
0.152391
-0.724999
-0.695456
0.384562
-0.831315
0.097385
-0.189335
0.421042
-0.959961
-1.000000
0.266908
-0.617202
-0.845878
0.596935
0.370070
0.395625
-0.098609
-0.788326
-0.428475
0.314103
0.710397
-0.230082
0.378916
-0.239204
-0.674251
-0.475411
0.182938
0.704802
0.279448
0.246712
0.773119
0.006823
-0.093656
-0.577842
0.461159
-0.723125
-0.791211
-0.066909
0.829704
-0.230712
-0.399237
-0.792884
-0.512958
0.811860
0.401782
-0.837257
-0.265283
-0.971367
-1.000000
-1.000000
0.645737
0.730623
0.912059
-0.933378
-0.502455
-0.962461
0.783562
0.575377
0.033859
0.627961
0.821618
0.102451
0.539022
0.284187
-0.229462
0.299303
-0.612282
-0.813732
0.632824
0.397785
0.767232
0.428594
-0.309474
0.769827
-0.206238
-0.817619
0.577852
-0.155020
-0.811523
1.000000
1.000000
-0.166456
0.202099
-0.963848
0.125657
0.664976
-0.771765
-0.260172
0.749445
0.176811
-0.470332
0.475256
-0.675234
-0.171979
-0.365872
-0.655481
0.614465
0.939085
-0.325971
-0.416865
0.463995
-1.000000
-0.884570
0.441409
-0.334400
-0.856872
0.944217
-1.000000
0.386764
0.695198
-0.796880
-0.381656
-0.389439
0.707169
0.280383
-0.305077
-0.768440
0.855354
-0.632526
1.000000
-0.762731
-0.629188
-0.066712
0.845502
0.885161
-0.757566
-0.691144
0.980157
0.186681
-0.833461
-0.259698
0.195464
0.383676
0.902228
-1.000000
-0.059830
-0.311141
-0.308875
0.118111
0.449154
1.000000
-0.488507
0.170924
0.752507
-0.780766
-0.193304
0.536689
-0.036857
0.265412
-0.559864
-0.810703
-0.428961
0.080271
0.101620
-0.412909
-0.058753
-0.837561
-0.643911
-0.544590
-0.097451
0.661377
0.648601
-0.746564
0.807612
0.741088
0.475265
0.717324
-0.374246
-0.408350
0.770350
-0.170360
-0.710887
-0.934625
0.500984
-0.004151
-0.017074
0.313558
0.858243
0.033550
1.000000
-0.819239
0.815019
-0.859936
-0.692940
-0.967171
-0.282704
1.000000
0.342253
-0.467916
-0.356309
-0.357888
-0.022660
-0.253162
-0.867764
-1.000000
-0.862288
-0.179633
-0.400321
0.710102
0.909145
0.983229
0.168337
0.285157
-0.486868
0.674213
-0.298662
-0.889218
0.125510
-0.479950
-0.097416
0.426904
0.311341
0.228771
-0.711702
0.613488
-0.598610
0.820501
-0.007198
0.335312
0.939355
-0.573593
-0.439880
-0.230494
0.008745
0.077360
-0.797749
0.469391
-0.073276
0.880435
-0.844336
0.335230
-0.123746
-0.019032
-0.266753
-0.286592
0.027308
0.344267
0.382592
-0.426149
-0.748161
-0.434376
-0.151776
0.288910
0.501148
-0.505370
0.315648
0.274407
0.095268
-0.354864
0.337463
-0.802776
0.333503
0.853944
-1.000000
0.369050
0.539782
1.000000
0.891761
0.356446
0.640136
0.629583
0.857685
-0.282993
0.461428
-0.314763
0.785057
0.979027
-0.909736
-0.184683
-0.232917
0.120534
-0.752856
0.483384
-0.640113
-0.848185
0.141133
0.596980
0.202139
0.608111
-1.000000
-0.866041
0.163756
0.770844
0.338602
0.426697
-0.297676
-0.853967
0.698614
-0.626797
0.132951
0.511991
0.420417
0.062548
-0.071407
-0.257013
0.694632
-0.243445
-1.000000
1.000000
0.963879
0.158023
0.589477
-0.195950
-0.396005
-0.756401
0.095943
0.195836
-1.000000
0.444642
-0.841065
0.795985
0.862693
-0.182966
0.068724
-0.909143
0.700507
-1.000000
0.907078
-0.757385
-0.489057
-0.290628
-0.932000
-0.662771
-0.653591
-0.983591
0.467496
0.202892
0.227858
-0.382058
0.073111
-0.303091
-0.398665
-0.084728
0.582804
-0.868951
0.739512
0.237798
-0.672758
0.746445
0.251275
-0.659818
-0.221897
-0.980692
-0.511347
0.502869
-0.760765
0.683156
0.514364
0.293860
-0.135028
0.791475
0.500797
0.117998
0.269639
-0.505764
0.423612
-1.000000
0.029139
-0.078707
0.051276
0.529665
-0.478326
-0.759211
-0.506961
0.621219
0.853052
0.131502
-0.946146
-0.818842
0.975472
-0.495104
0.407556
-0.672089
-0.015498
-0.834613
0.116306
-0.458747
-0.012023
0.422173
0.204250
-0.696121
-0.017680
0.599916
0.296317
0.235526
0.698790
-0.130030
-0.749056
0.688040
-0.684300
0.836624
0.689838
0.396234
-0.773157
-0.825606
0.094711
0.414777
-0.634437
-0.245754
-0.454171
0.156917
-0.518080
-0.479978
-0.716169
-0.490885
-0.189958
0.462516
-0.947221
0.771663
0.379863
0.252915
1.000000
-0.784883
-0.529822
-0.291199
-0.708546
0.734971
0.157725
-0.547898
0.778813
0.385079
0.251131
0.978407
0.641232
-0.932335
0.904678
-0.280282
1.000000
-0.416547
0.821236
0.084548
-0.960404
0.869076
0.885644
-1.000000
0.429784
-0.095681
0.144071
-0.317933
-0.089593
0.984327
0.625576
-1.000000
-0.216528
0.904365
-0.458212
0.417749
-0.159004
0.280664
0.156633
-0.175573
-0.014162
1.000000
0.363012
-0.202634
-0.321521
-0.722929
0.229943
-0.431784
1.000000
0.218862
-0.124444
-0.910538
0.508440
0.407479
-0.643911
0.788697
-0.317215
1.000000
0.704182
0.414207
-0.933650
-0.378438
-0.744072
0.095599
0.431302
-0.004708
-0.344539
-0.470751
0.817273
-0.923865
-0.209230
0.925293
1.000000
-0.723751
-0.043146
-0.286796
-0.106566
0.382140
-0.925290
0.866375
-0.820606
1.000000
-0.880953
-0.455455
0.119937
-0.522733
0.971717
0.690021
0.354275
0.063835
0.436005
0.205651
0.857143
0.405030
0.576494
-0.838321
-0.433844
-0.958603
0.168348
0.947855
-0.496229
0.749405
-0.208701
0.105023
-0.071280
0.456878
-0.508280
-0.186422
0.823199
0.999079
-0.056346
-0.203861
-0.036090
0.117279
0.879106
0.722088
-0.253821
-0.444383
-0.986417
0.571109
0.243247
-0.750688
0.170954
0.675075
0.798042
0.110745
-0.115966
0.481263
0.844204
1.000000
-1.000000
0.777378
-0.767662
-0.947905
-0.682623
-0.966338
0.104208
-0.691786
0.000753
-0.025285
0.591441
0.942585
0.060478
0.041677
-0.315113
-0.511964
-0.533386
0.386082
-0.659567
0.630240
-0.136272
-0.298527
-0.925890
-0.354219
0.898936
0.480976
-0.481498
0.168710
0.828748
-0.415542
-0.268389
-0.185116
0.292401
-0.924864
-0.365874
-0.034939
0.229553
0.951973
-0.921914
0.261814
0.751092
0.763747
1.000000
-0.351258
0.703299
0.644079
-0.433644
0.344227
-0.141490
0.600147
0.230436
0.502730
-0.415394
0.761582
0.088498
0.370529
-0.852588
0.248482
-0.095325
0.669785
-0.707400
-0.097472
0.700014
-0.110043
0.625607
-0.557830
0.711735
-0.567024
-0.891341
0.476720
0.716950
-0.207376
-0.319048
0.259339
-0.051289
0.651864
0.314586
-0.489312
-0.908566
0.186785
-0.147576
-0.430616
0.037548
-0.283847
0.760387
-0.363563
-0.566597
0.752825
-0.989697
0.594802
0.718873
-0.857598
-0.184903
-0.749512
-0.988673
-0.770281
0.890139
-0.080210
0.798901
-0.250412
-0.745222
-0.443326
-0.336088
0.261223
-0.610015
0.204385
-0.663107
0.916437
-0.056307
-1.000000
-0.371593
-0.136624
0.160962
-0.105720
-0.877715
0.571357
0.362521
0.112189
-0.335519
0.836667
0.066965
-0.151596
0.619002
-0.478940
-0.509268
0.787015
0.491124
0.431363
0.285125
-0.086712
-0.199350
-0.685516
0.378407
-0.554610
0.165565
0.344252
0.281214
0.424344
-0.622275
0.264272
-0.843016
-0.646332
0.319067
-1.000000
-0.004469
0.097346
-0.620144
-0.873926
-1.000000
0.648268
0.183371
0.507892
-0.201220
0.400774
-1.000000
0.355302
0.119631
0.473173
-0.408990
-0.591984
-0.682792
-0.935285
0.565398
-0.737709
0.075848
0.946315
-0.803748
0.256601
0.795984
0.255447
0.171492
-0.919244
0.483896
0.726232
0.834896
-0.497646
-0.714820
0.880576
-0.134923
0.724412
-0.882349
1.000000
0.050956
-0.873568
-1.000000
-0.160577
-0.712844
1.000000
0.198170
-0.413631
-0.308699
-0.964421
-0.444377
0.818976
-0.549587
-0.707935
0.472696
0.442286
0.324590
0.153306
-0.497576
1.000000
0.637974
-0.669704
0.126561
1.000000
0.320040
0.279666
0.413402
-0.848898
0.150053
0.523667
-0.745306
-0.415056
0.158892
-0.667548
0.163143
-0.735612
0.018306
-0.339243
-0.927641
-0.064134
0.551848
0.264078
0.221868
0.821923
0.500983
0.927632
0.235348
0.527669
-0.559371
0.497156
-0.966598
0.542013
0.036325
-0.312684
-0.516086
0.065349
-1.000000
-0.688821
-0.799733
-0.019321
-0.193225
0.361795
-0.289490
-0.853449
-0.356527
-0.331302
-0.406752
-0.409572
-0.765630
-0.349321
0.897421
0.037107
0.134028
0.308989
-0.883321
0.814581
-1.000000
-0.409502
0.491215
-0.377609
0.879949
0.013527
-0.759394
-0.918756
0.234619
-0.826081
-0.193930
0.623682
-0.743912
-0.406226
-0.015159
0.205268
0.597987
0.190293
0.932496
-0.666427
0.105594
-0.097079
0.168474
0.299414
-0.046460
-0.900363
-0.129595
0.237712
-0.189592
0.197563
0.959086
0.973980
-0.019492
0.119528
0.815295
0.366931
-0.753887
-0.882522
-0.862975
0.917693
0.338687
0.656396
-0.853149
-0.025611
-0.629670
-1.000000
-0.190453
-0.719703
-0.363500
0.712393
-0.894913
-0.702576
0.652814
-0.037377
0.297609
-0.430436
0.767397
0.190089
-0.672242
1.000000
-0.123341
0.600337
-0.051169
-0.956383
0.655397
-0.654993
0.080633
-0.731284
0.532182
-0.711506
0.234795
-0.339078
0.150820
0.424430
0.561319
0.700850
-0.850363
0.098085
0.175046
0.365177
-0.101712
-1.000000
-0.376703
-0.734903
-0.501820
0.147657
-1.000000
-0.884306
0.446881
0.289367
1.000000
0.470856
0.322289
0.673377
0.164072
0.658373
-0.715841
0.634672
0.439944
0.077197
-0.907645
-0.060178
-0.189077
-0.564289
-0.307798
1.000000
-0.589919
-0.275493
-0.485981
0.696573
-0.502791
-0.432503
-0.824131
0.130639
0.724437
-0.774346
-0.755212
-0.965389
-0.191366
0.641381
-0.802812
-0.307317
-0.025090
-0.075384
-0.604241
-0.687175
0.329971
0.291597
0.081096
-0.568362
-0.620510
0.068152
-0.132726
-0.438304
-0.600771
-0.353109
-0.125876
-0.567971
0.468304
-0.738466
-0.234758
0.103660
0.279589
0.867582
-1.000000
-0.632582
0.383326
-0.985898
-0.435039
-0.302800
0.420437
0.509678
0.044569
0.010573
0.752523
-0.442168
-0.279031
-0.346620
-0.385338
0.606025
-0.591750
-0.131385
-0.661755
0.810265
-0.977676
-0.869247
-0.657189
-0.238238
0.519862
-0.623557
0.173568
0.462291
-0.267306
-0.161488
0.169329
-0.623841
-0.543031
-0.354898
-0.260080
-0.312035
0.012237
0.028073
-0.376632
0.551919
0.803177
0.659014
1.000000
0.445479
-0.576831
-0.318842
-0.692639
-0.886536
0.495676
-0.555790
0.442872
-0.555321
0.657263
0.071668
0.029936
0.208985
-0.882880
0.599745
0.005166
-0.051076
1.000000
1.000000
-0.591497
-0.223122
0.863181
-0.996437
0.112949
-0.647798
-0.296306
-0.171905
-0.096086
-0.573444
0.878968
0.796304
-0.000183
-0.223089
0.737641
0.073127
0.448944
-0.825213
0.017657
-0.315571
-0.937557
0.357169
-0.341586
0.891514
0.066521
0.499850
-0.037361
-0.904109
-0.783752
-0.105675
-0.434932
-0.123811
-0.599537
-0.297035
0.615819
0.527516
0.237153
0.142009
-0.494051
0.264293
-0.117417
-0.638203
0.429336
0.425802
-0.612975
0.703792
-0.262524
0.865009
-0.329943
0.537483
0.278298
0.940261
0.547162
0.224367
0.862649
-0.391660
-0.588377
-0.216037
-0.207895
0.864261
-0.882089
1.000000
-0.245628
0.672337
1.000000
0.439081
0.844873
0.714816
-0.000339
-0.555669
-0.107525
0.921232
-0.389999
-0.985725
-0.765001
-0.288277
0.423031
-0.714371
0.294529
0.730333
-0.928837
0.674088
-0.391743
0.392527
0.266731
0.147615
-0.718615
0.699287
-0.956360
-0.031747
0.895024
-0.252988
0.215882
-0.385945
0.244337
0.795035
-0.244276
-0.665166
0.693328
0.813072
0.195317
-0.033140
0.895080
-0.014394
-0.173784
-0.747112
0.261105
-0.792397
-0.133281
0.264061
-1.000000
-0.030111
0.709257
-0.850291
0.939423
-0.718290
0.417465
-0.673460
0.753059
-0.440313
-0.126986
0.162674
-0.138687
-0.458532
0.410127
0.690470
-0.808580
0.393779
-0.309586
-0.641567
-0.908528
0.664062
-0.112941
-0.968299
0.196734
-0.681606
-0.459699
0.330942
-0.893859
0.277464
-0.046716
-0.701422
-0.869440
-0.652518
-0.037430
-0.910429
-0.556777
-0.142957
0.531122
0.130832
-0.354651
0.282467
0.320852
-0.863324
0.551510
-0.701036
-0.652086
0.212552
-0.562910
-0.052952
0.567925
-1.000000
0.993074
-0.507214
-0.999396
0.163877
-0.485822
-1.000000
-0.724597
-0.084022
-0.615020
0.766499
0.115537
0.814139
0.850639
0.012238
0.873452
0.475558
-0.398248
-0.692387
-0.067811
-0.824688
0.688785
0.117932
-1.000000
0.220775
0.640532
0.460337
-1.000000
-0.175828
0.962172
-0.330016
-0.987161
-0.847691
-0.293511
0.345449
0.692860
-0.644307
-0.525251
-0.260543
-0.550688
-0.880405
0.576414
0.382459
-0.009445
1.000000
0.034994
-1.000000
-0.710071
-0.302339
-0.411156
0.372080
0.883270
-0.407571
0.157321
0.526405
0.589783
-0.143764
0.337474
1.000000
-0.339297
1.000000
0.626012
0.852497
0.280044
0.725967
-0.197861
0.805391
0.207844
1.000000
0.394774
0.275952
0.361130
0.656154
-0.666540
0.319598
1.000000
0.487282
-0.780192
0.835585
0.493413
-0.432344
-0.862623
0.116573
-0.522640
0.766451
-0.601560
-0.237156
-0.924652
0.245807
0.135859
0.041891
-0.465070
0.684372
-0.326985
-0.792749
-0.784676
-0.108698
-0.443289
-0.220307
-0.564419
0.652246
1.000000
0.760148
-0.062509
-0.867468
-0.420848
0.464525
-0.194574
-0.444300
-0.765473
0.384073
-0.687108
-0.263654
0.517484
-0.928965
-0.668793
0.976505
0.701252
-0.754448
-0.088468
-1.000000
0.288128
-0.022917
0.255351
-0.287291
-0.269463
0.973257
0.000902
-0.011902
-0.820792
-0.718586
0.837552
-0.991947
-1.000000
-0.059679
-0.993993
-0.366697
-0.231312
-0.301617
-0.041236
1.000000
-0.174878
0.770143
-0.069277
0.016105
-0.253183
-0.086066
0.168414
0.835998
0.546442
-0.041004
-0.912062
0.149562
-0.111871
0.012532
0.946405
0.304774
-0.901650
-0.362772
-0.403500
-0.780407
0.081149
-0.111571
1.000000
0.594489
-0.608219
-0.175191
0.866218
-0.217562
-0.202690
-0.439566
0.612456
0.108209
0.350773
0.837693
0.073112
0.177831
-0.867950
-0.053605
-0.434239
-0.808729
-0.655528
-0.896476
0.704731
-0.292312
0.087588
-0.388173
0.955346
-1.000000
-0.164618
-0.627622
-0.254589
0.727066
-0.458845
0.524880
0.646782
-0.054189
-0.532954
-0.139658
-0.373924
0.407209
-0.958613
1.000000
0.023290
-0.705390
-0.261681
-1.000000
-0.491115
-0.169336
-0.360811
0.874676
0.383869
0.454616
0.303945
0.308598
0.352073
0.724578
0.757959
-0.561411
-0.834277
0.839776
0.984379
-1.000000
-0.047530
0.026042
-0.480163
-0.265767
-0.386808
0.414639
-0.430728
0.273039
-0.133717
0.119942
-1.000000
-0.461470
-1.000000
-0.150206
-0.214109
-0.550743
0.805675
-0.648715
-0.145357
-0.685641
0.970479
-0.789444
0.159119
0.659544
0.391743
0.760984
-0.130333
0.540452
0.259906
0.079826
-0.018323
0.746265
0.460993
1.000000
-0.199718
0.977605
0.600623
-0.979712
0.163562
0.129003
0.126677
-0.516754
0.944743
-0.208970
0.093924
-0.111170
0.065459
0.080229
-0.154952
0.083624
-0.074478
-0.091953
-0.105194
0.412939
0.000261
0.248680
0.090522
0.078658
0.143074
0.102275
0.126567
0.025371
0.025217
0.042386
0.021037
0.016388
0.176451
0.026986
0.003387
0.014696
0.083269
0.189142
0.045194
0.058963
0.000336
0.000056
0.030732
0.021164
0.162678
0.142400
0.006082
0.008728
0.026826
0.066458
0.019359
0.158154
0.049574
0.001546
0.083939
0.010666
0.446537
0.015266
0.022855
0.122484
0.035858
0.142612
0.000130
0.158420
0.126342
0.010529
0.103418
0.000360
0.040620
0.008050
0.004547
0.263001
0.009890
0.149668
0.001758
0.037090
0.000256
0.451195
0.033714
0.254905
0.236660
0.099365
0.002508
0.233870
0.126610
0.003836
0.199791
0.005203
0.008161
0.001212
0.003514
0.008792
0.085925
0.184134
0.005710
0.011311
0.023008
0.004164
0.084646
0.000608
0.000212
0.049480
0.519553
0.196389
0.018404
0.023601
0.030884
0.012919
0.034660
0.007597
0.003709
0.057342
0.074060
0.010136
0.040273
0.001030
0.003090
0.012290
0.078338
0.005192
0.529057
0.136875
0.001323
0.034083
0.227409
0.181055
0.090303
0.006084
0.022125
0.150508
0.023408
0.033532
0.028466
0.000421
0.027869
0.005743
0.042394
0.051370
0.026025
0.022189
0.035569
0.042349
0.211318
0.002528
0.034383
0.023725
0.040001
0.007271
0.002001
0.001725
0.000343
0.006284
0.252972
0.006911
0.048193
0.028188
0.076293
0.046583
0.109015
0.016318
0.121440
0.576032
0.094687
0.074041
0.006722
0.034395
0.266633
0.016214
0.369633
0.089825
0.000218
0.036123
0.916926
0.018801
0.446939
0.058725
0.014319
0.424601
0.073446
0.051254
0.024742
0.328003
0.081481
0.026422
0.020427
0.147434
0.027619
0.003269
0.159762
0.001783
0.066199
0.064498
0.237473
0.065574
0.006680
0.013352
0.036652
0.537549
0.065049
0.030914
0.158453
0.107502
0.036868
0.036119
0.418068
0.003284
0.035277
0.029802
0.018905
0.281486
0.049586
0.014033
0.048793
0.016225
0.005647
0.011259
0.463934
0.001157
0.143403
0.014625
0.079592
0.018441
0.001885
0.108927
0.082500
0.039218
0.004848
0.393735
0.001905
0.225212
0.046718
0.160585
0.041708
0.015103
0.056500
0.030468
0.001535
0.235231
0.221514
0.006230
0.099085
0.001047
0.002534
0.006039
0.020518
0.134953
0.009216
0.262371
0.010348
0.067018
0.074556
0.006052
0.027285
0.022831
0.048679
0.108717
0.134871
0.327376
0.048927
0.416564
0.046608
0.693254
0.057277
0.168056
0.084255
0.013821
0.134013
0.020150
0.038046
0.460137
0.028524
0.123291
0.002913
0.035433
0.100610
0.014276
0.012581
0.000840
0.007573
0.181497
0.004104
0.057060
0.007297
0.427840
0.037329
0.029515
0.317824
0.390396
0.139240
0.129070
0.071837
0.011429
0.004782
0.014475
0.030847
0.005499
0.030374
0.087266
0.002379
0.008496
0.411207
0.286492
0.038281
0.013788
0.000590
0.016096
0.028333
0.101430
0.015422
0.012185
0.240124
0.073668
0.111818
0.080457
0.004112
0.035562
0.092184
0.622489
0.229196
0.353911
0.116696
0.004222
0.008039
0.010432
0.002812
0.002950
0.040666
0.013897
0.153982
0.013349
0.016820
0.193144
0.001445
0.078216
0.018322
0.000590
0.004848
0.017757
0.110190
0.124848
0.200820
0.493313
0.223418
0.057052
0.006394
0.399210
0.004731
0.001763
0.208925
0.010952
0.035495
0.020772
0.000778
0.044083
0.220409
0.166586
0.043332
0.140329
0.038494
0.006565
0.167929
0.002960
0.034834
0.066386
0.001269
0.073690
0.028880
0.036706
0.095212
0.063569
0.005542
0.034515
0.125178
0.124380
0.137360
0.009623
0.016576
0.073641
0.002624
0.009182
0.494271
0.002924
0.049229
0.417832
0.333848
0.167920
0.081733
0.009603
0.027167
0.005497
0.332157
0.057643
0.000071
0.032805
0.149613
0.018325
0.240420
0.156988
0.059098
0.290229
0.256077
0.001652
0.050000
0.004222
0.036822
0.016083
0.136668
0.041797
0.168112
0.035889
0.033262
0.002780
0.027748
0.118522
0.003508
0.008711
0.295431
0.393940
0.119145
0.043506
0.004281
0.190472
0.017663
0.061861
0.013534
0.351926
0.123087
0.013815
0.002158
0.003027
0.042757
0.037952
0.005087
0.084629
0.004534
0.038645
0.015890
0.002230
0.000571
0.344051
0.024774
0.113011
0.072458
0.003131
0.321445
0.025360
0.005652
0.193365
0.329107
0.065290
0.009554
0.010487
0.063490
0.000893
0.123089
0.084744
0.501404
0.006024
0.603547
0.010093
0.004271
0.021143
0.036810
0.042390
0.051042
0.029959
0.122032
0.100206
0.010481
0.050829
0.008079
0.029716
0.179175
0.001145
0.021104
0.005592
0.003623
0.188825
0.237769
0.014231
0.023085
0.012638
0.004068
0.002618
0.110505
0.059992
0.000199
0.132532
0.031892
0.346379
0.026688
0.048958
0.001885
0.156240
0.000780
0.117208
0.015908
0.080544
0.019592
0.011459
0.326954
0.066762
0.003583
0.054604
0.037905
0.006361
0.006161
0.133307
0.016693
0.075941
0.000293
0.000060
0.674624
0.275736
0.007066
0.009076
0.007371
0.003111
0.002670
0.046414
0.010665
0.128423
0.091993
0.516349
0.008764
0.841091
0.256809
0.713708
0.001427
0.009734
0.003412
0.022311
0.006105
0.001835
0.002608
0.185504
0.101151
0.016630
0.045944
0.007021
0.002398
0.385509
0.018070
0.001127
0.011963
0.355289
0.059422
0.005074
0.005042
0.224329
0.147922
0.001377
0.040489
0.006175
0.001590
0.001475
0.201862
0.008731
0.011597
0.067944
0.000896
0.072523
0.000196
0.379627
0.097869
0.059055
0.014175
0.032096
0.152682
0.003136
0.028108
0.263680
0.039099
0.000114
0.041101
0.024646
0.019331
0.103596
0.286678
0.024992
0.612090
0.000244
0.270851
0.055946
0.079915
0.030529
0.360205
0.307935
0.131577
0.275983
0.020726
0.155576
0.073187
0.007877
0.039570
0.375305
0.002616
0.191498
0.009359
0.189261
0.007443
0.008822
0.005201
0.006930
0.004114
0.434064
0.490599
0.051274
0.006504
0.301874
0.409454
0.042593
0.026929
0.004756
0.023692
0.043783
0.131131
0.167062
0.148671
0.004957
0.025914
0.205506
0.000733
0.027309
0.223876
0.040269
0.286375
0.000541
0.506353
0.043036
0.071940
0.022383
0.018814
0.023666
0.043809
0.081430
0.047245
0.038235
0.002556
0.015383
0.002704
0.078867
0.333422
0.000021
0.000341
0.104644
0.079758
0.334011
0.317861
0.007279
0.001384
0.028319
0.218533
0.008846
0.039014
0.002617
0.023419
0.013936
0.042138
0.116466
0.004019
0.105169
0.289927
0.093289
0.008761
0.012283
0.024776
0.028790
0.002087
0.002412
0.108700
0.035656
0.013497
0.051180
0.189187
0.202986
0.353680
0.028629
0.185541
0.053056
0.034369
0.105089
0.031789
0.143370
0.021458
0.023480
0.029329
0.061038
0.005629
0.003347
0.031453
0.019683
0.417867
0.002017
0.000483
0.049239
0.045644
0.027156
0.045386
0.015102
0.000504
0.377879
0.010747
0.093079
0.037503
0.046032
0.082060
0.053568
0.032917
0.063001
0.075980
0.039728
0.087830
0.028134
0.047581
0.034604
0.050338
0.284916
0.044987
0.306586
0.068448
0.190811
0.058243
0.071104
0.046266
0.073438
0.157621
0.005640
0.003716
0.191423
0.001738
0.098786
0.076623
0.192410
0.009255
0.133473
0.007040
0.348488
0.000552
0.247978
0.010397
0.010156
0.045965
0.005928
0.168620
0.095803
0.013418
0.019951
0.021940
0.000624
0.011945
0.047689
0.146614
0.010709
0.035303
0.018465
0.020893
0.098625
0.329919
0.054608
0.084836
0.040049
0.003895
0.011046
0.014661
0.052527
0.006826
0.049589
0.004172
0.002964
0.117639
0.133219
0.037640
0.042371
0.001430
0.128975
0.008482
0.010842
0.001873
0.091038
0.130582
0.050688
0.003483
0.320106
0.058154
0.003350
0.825143
0.083379
0.080518
0.049874
0.061207
0.012962
0.009372
0.045388
0.000941
0.002903
0.324068
0.104796
0.049162
0.013082
0.011150
0.049792
0.061753
0.208508
0.049461
0.008520
0.004943
0.018224
0.052489
0.021634
0.012540
0.061640
0.047847
0.036911
0.070657
0.241879
0.090994
0.004167
0.011974
0.009032
0.004113
0.000293
0.001315
0.011079
0.015742
0.314230
0.002295
0.013375
0.214750
0.034774
0.143092
0.033290
0.001668
0.002404
0.363682
0.007606
0.003039
0.198655
0.008387
0.066846
0.001537
0.004875
0.053070
0.058345
0.159742
0.002995
0.027764
0.126454
0.171538
0.008023
0.013674
0.197776
0.064238
0.034390
0.174454
0.045486
0.013374
0.069248
0.031638
0.018663
0.238617
0.025906
0.219782
0.410562
0.026878
0.061153
0.047955
0.253660
0.151913
0.026522
0.045063
0.131159
0.050285
0.007245
0.057208
0.137011
0.130067
0.100347
0.045658
0.021395
0.210079
0.006904
0.016014
0.049571
0.001555
0.026987
0.012399
0.001333
0.046937
0.148120
0.107204
0.408495
0.003893
0.744603
0.198664
0.000759
0.125543
0.021604
0.146616
0.226282
0.009255
0.020285
0.019986
0.467129
0.642006
0.002276
0.006996
0.004978
0.059718
0.004456
0.081060
0.060372
0.055320
0.010584
0.109984
0.015731
0.143039
0.028512
0.170079
0.000081
0.047929
0.025545
0.009585
0.072954
0.001566
0.070707
0.016468
0.040167
0.051073
0.097776
0.011985
0.004837
0.077565
0.034954
0.204622
0.000412
0.000316
0.075615
0.004271
0.195140
0.021401
0.003571
0.558148
0.440177
0.045739
0.013419
0.109625
0.053969
0.008956
0.041761
0.007992
0.012023
0.001234
0.016932
0.042319
0.296056
0.023974
0.002394
0.075867
0.208512
0.016663
0.106168
0.151499
0.002905
0.100319
0.006312
0.042958
0.002732
0.056521
0.037368
0.030842
0.012164
0.508978
0.603701
0.162624
0.000242
0.009036
0.011351
0.059541
0.033163
0.108006
0.142430
0.001112
0.088108
0.036548
0.083244
0.013277
0.075291
0.094146
0.053523
0.257591
0.029190
0.416844
0.017229
0.052945
0.004571
0.044804
0.059679
0.066373
0.019893
0.038576
0.018875
0.006344
0.240751
0.029127
0.144223
0.001232
0.024822
0.267026
0.031754
0.205220
0.054560
0.045312
0.060327
0.005752
0.014499
0.158260
0.103376
0.008412
0.021165
0.006382
0.029846
0.024874
0.032980
0.436557
0.049011
0.037663
0.017685
0.023930
0.499696
0.113155
0.002394
0.000364
0.011903
0.005622
0.703837
0.108586
0.064667
0.103237
0.024963
0.016522
0.131965
0.164910
0.007824
0.028675
0.019112
0.173109
0.030903
0.006138
0.125880
0.021559
0.002460
0.011065
0.204924
0.022513
0.000885
0.029283
0.206429
0.129685
0.010173
0.075123
0.029123
0.063797
0.024746
0.077584
0.020153
0.009033
0.041156
0.007044
0.068438
0.007643
0.029944
0.038947
0.025862
0.006754
0.039932
0.151642
0.034490
0.049601
0.003018
0.026063
0.090993
0.044996
0.001017
0.001431
0.038602
0.235129
0.053848
0.021276
0.043006
0.037634
0.006556
0.208177
0.001173
0.005509
0.005776
0.005959
0.093497
0.085148
0.036904
0.008850
0.364478
0.019948
0.011378
0.126875
0.069645
0.126007
0.005879
0.237473
0.672213
0.136446
0.343938
0.926105
0.181784
0.148790
0.045204
0.044686
0.145889
0.104550
0.232694
0.098456
0.000473
0.221214
0.392403
0.035720
0.075256
0.002619
0.009755
0.034370
0.030277
0.020867
0.002196
0.011452
0.162234
0.027987
0.204230
0.352417
0.048954
0.094120
0.920399
0.010160
0.000539
0.569495
0.018093
0.014777
0.015405
0.003075
0.007744
0.065732
0.212839
0.039961
0.003306
0.034800
0.078158
0.226347
0.002283
0.343670
0.017268
0.079967
0.011137
0.000489
0.686972
0.142335
0.314412
0.041527
0.096301
0.048593
0.003654
0.014096
0.001666
0.715525
0.347873
0.024248
0.026960
0.096095
0.064207
0.004955
0.000936
0.608914
0.002646
0.118659
0.003253
0.125654
0.008834
0.025635
0.103237
0.004440
0.073706
0.012952
0.010635
0.010359
0.053409
0.312267
0.001406
0.020079
0.036197
0.010692
0.391780
0.060002
0.068470
0.186232
0.011724
0.110097
0.124155
0.247535
0.055686
0.117147
0.026067
0.188375
0.188152
0.001449
0.147378
0.123576
0.000193
0.108208
0.001409
0.089656
0.045287
0.066534
0.012367
0.034379
0.044557
0.001093
0.024915
0.039325
0.005981
0.006772
0.001569
0.263735
0.061707
0.099565
0.003846
0.033944
0.000549
0.105323
0.005709
0.018219
0.019218
0.056343
0.001497
0.000322
0.086678
0.000897
0.007111
0.226745
0.153688
0.163665
0.350894
0.001742
0.023387
0.124893
0.052120
0.000441
0.015039
0.164608
0.037727
0.029803
0.116909
0.010086
0.002957
0.382485
0.096041
0.001297
0.080292
0.034145
0.242743
0.002486
0.008890
0.186575
0.149596
0.137986
0.102286
0.012714
0.002422
0.055623
0.013119
0.013772
0.122891
0.002211
0.230830
0.142371
0.010949
0.013566
0.026802
0.155562
0.036470
0.022518
0.046718
0.064810
0.097886
0.008223
0.196341
0.008083
0.258555
0.036039
0.110766
0.233817
0.208607
0.543076
0.308319
0.008936
0.000495
0.038718
0.255678
0.009970
0.001967
0.005919
0.041988
0.030527
0.043161
0.342353
0.067981
0.034886
0.376929
0.075987
0.329615
0.013410
0.003583
0.309730
0.109546
0.001866
0.397703
0.011578
0.000273
0.005228
0.044927
0.051000
0.154634
0.031213
0.052143
0.002491
0.059271
0.002878
0.008799
0.042277
0.003804
0.134463
0.322421
0.008558
0.836920
0.000074
0.239030
0.083980
0.088642
0.000028
0.060656
0.002024
0.057732
0.011166
0.005193
0.101652
0.114738
0.051819
0.023279
0.011622
0.118325
0.007802
0.002201
0.796967
0.226651
0.005852
0.110730
0.011352
0.012962
0.036345
0.379623
0.011815
0.166403
0.074318
0.211254
0.044120
0.104441
0.137092
0.415800
0.053438
0.030393
0.202582
0.011983
0.287144
0.027593
0.021684
0.076713
0.013429
0.853580
0.089294
0.283504
0.467872
0.149434
0.067602
0.003198
0.198978
0.008412
0.001642
0.071114
0.178004
0.000285
0.307224
0.004762
0.008067
0.019897
0.065440
0.000278
0.106459
0.003483
0.068415
0.392253
0.000114
0.004266
0.196329
0.009190
0.025127
0.099118
0.004725
0.029483
0.272149
0.048092
0.004851
0.255361
0.250463
0.002254
0.115152
0.108614
0.000240
0.106554
0.048373
0.742095
0.032550
0.068890
0.035095
0.561927
0.000134
0.032483
0.376659
0.015690
0.002046
0.027591
0.039497
0.018553
0.025979
0.434376
0.012281
0.005227
0.049897
0.001791
0.007022
0.072299
0.000890
0.018429
0.112342
0.031027
0.011616
0.006672
0.004004
0.054327
0.030837
0.424363
0.063098
0.112824
0.035920
0.002224
0.007263
0.101456
0.029731
0.006518
0.005547
0.003452
0.121272
0.088765
0.406861
0.009807
0.213077
0.007925
0.751867
0.733989
0.043890
0.059705
0.018483
0.202703
0.007043
0.133117
0.722688
0.008621
0.014895
0.115594
0.102271
0.399443
0.020002
0.122635
0.229198
0.254868
0.018937
0.257642
0.091874
0.000909
0.104374
0.017561
0.013753
0.186462
0.502036
0.169743
0.027395
0.027872
0.040994
0.269177
0.210861
0.439006
0.030367
0.066768
0.023259
0.480050
0.004997
0.070958
0.036547
0.048012
0.049471
0.129928
0.002375
0.008722
0.263864
0.444008
0.066075
0.587521
0.060494
0.119942
0.500907
0.179257
0.293750
0.017945
0.097430
0.276504
0.035757
0.136030
0.060945
0.019278
0.150282
0.053640
0.319434
0.045017
0.104361
0.026601
0.011045
0.027500
0.053619
0.101444
0.006084
0.011039
0.002455
0.053816
0.015019
0.048357
0.000342
0.031188
0.151821
0.025669
0.025471
0.013225
0.005007
0.003803
0.709532
0.028285
0.154453
0.000550
0.094357
0.026031
0.086646
0.471608
0.038110
0.038737
0.006247
0.001889
0.038722
0.115289
0.024045
0.014077
0.003879
0.052651
0.003447
0.092766
0.080150
0.408695
0.001537
0.003075
0.011785
0.005554
0.012057
0.002224
0.040546
0.010887
0.115318
0.029670
0.029309
0.269146
0.005912
0.001055
0.009855
0.060392
0.077839
0.044914
0.019744
0.029720
0.030478
0.007139
0.010362
0.190413
0.043462
0.001253
0.002513
0.232488
0.163208
0.047947
0.025135
0.064580
0.039337
0.061526
0.463243
0.010023
0.001430
0.043060
0.092205
0.006499
0.019380
0.039168
0.007934
0.237677
0.049740
0.007855
0.022599
0.029472
0.016208
0.007891
0.000850
0.009633
0.100351
0.057980
0.000297
0.027269
0.381359
0.082280
0.035625
0.001333
0.263545
0.027890
0.010216
0.011102
0.006405
0.001337
0.016585
0.004142
0.001007
0.167320
0.029525
0.035104
0.001795
0.282882
0.020771
0.218595
0.004115
0.000192
0.003785
0.053181
0.012037
0.000579
0.034548
0.029824
0.000571
0.377968
0.040314
0.001926
0.043422
0.025584
0.009024
0.102324
0.053885
0.107506
0.001047
0.002512
0.007022
0.072535
0.011921
0.000414
0.093481
0.120518
0.083878
0.046910
0.058899
0.004281
0.268111
0.004047
0.000186
0.042003
0.010626
0.040667
0.003917
0.004690
0.047964
0.126729
0.446940
0.460604
0.217242
0.003130
0.185627
0.004988
0.096473
0.007563
0.029920
0.086635
0.073848
0.697793
0.124961
0.210263
0.016125
0.015272
0.022925
0.030037
0.511751
0.381279
0.000566
0.253199
0.090316
0.030796
0.001885
0.067579
0.015861
0.155924
0.000649
0.016223
0.071651
0.047783
0.020942
0.107112
0.050062
0.258804
0.031167
0.025028
0.459234
0.007366
0.294365
0.103219
0.000318
0.037676
0.017426
0.106916
0.000255
0.005735
0.699447
0.161547
0.055269
0.003990
0.017869
0.141824
0.058719
0.061870
0.001311
0.036117
0.210855
0.006883
0.000262
0.030713
0.467480
0.230761
0.045943
0.002519
0.035181
0.018666
0.109227
0.077113
0.535119
0.098570
0.025485
0.043030
0.068241
0.199844
0.003089
0.071513
0.016558
0.009910
0.010136
0.047533
0.047413
0.008575
0.056398
0.091558
0.008197
0.008964
0.001644
0.698414
0.066300
0.024418
0.183597
0.004851
0.111715
0.000900
0.344676
0.019721
0.016541
0.052234
0.066216
0.205935
0.020296
0.002954
0.003757
0.061135
0.126440
0.002722
0.080592
0.002361
0.053462
0.260669
0.040610
0.057258
0.019202
0.001975
0.015902
0.009210
0.041417
0.076004
0.015120
0.003162
0.256626
0.003782
0.059314
0.028543
0.001627
0.072872
0.024686
0.018201
0.032589
0.017292
0.024567
0.003028
0.073328
0.004330
0.107435
0.398444
0.044848
0.012748
0.007786
0.652338
0.117686
0.011149
0.031246
0.197451
0.013908
0.004004
0.374573
0.516265
0.007309
0.008905
0.006861
0.629024
0.001719
0.004299
0.000319
0.064751
0.043467
0.468138
0.078117
0.009056
0.004530
0.106239
0.004924
0.011202
0.001231
0.085437
0.012488
0.048141
0.026483
0.000070
0.219314
0.144989
0.000654
0.000618
0.049551
0.036980
0.239285
0.080341
0.086504
0.004323
0.274397
0.091316
0.429925
0.004024
0.010013
0.000838
0.015488
0.107363
0.507510
0.031741
0.003932
0.037032
0.044368
0.007752
0.014423
0.014292
0.093439
0.017398
0.125100
0.150173
0.293264
0.025657
0.028590
0.041269
0.072284
0.126012
0.047242
0.000747
0.008882
0.046373
0.002541
0.000377
0.011834
0.053356
0.672120
0.009940
0.017815
0.096768
0.002959
0.567573
0.035148
0.000043
0.151125
0.203548
0.075619
0.321828
0.428316
0.003620
0.218441
0.031484
0.109293
0.011937
0.092943
0.005306
0.055910
0.006183
0.165245
0.058510
0.362242
0.026579
0.399391
0.002873
0.002230
0.121917
0.026523
0.201917
0.165273
0.891571
0.049119
0.011492
0.015386
0.001988
0.038681
0.087795
0.010609
0.012400
0.036928
0.015845
0.010379
0.046891
0.025501
0.159819
0.010152
0.008585
0.018911
0.011552
0.053065
0.021352
0.025639
0.005948
0.047459
0.076631
0.024603
0.012812
0.002128
0.010246
0.020694
0.016536
0.192472
0.156930
0.010754
0.017787
0.002345
0.133621
0.137639
0.069618
0.042006
0.020255
0.005581
0.002745
0.001525
0.008154
0.050286
0.017121
0.259114
0.037629
0.022080
0.011053
0.082534
0.296257
0.258845
0.031529
0.025705
0.090020
0.005087
0.000737
0.021093
0.042291
0.159964
0.076780
0.122445
0.416280
0.028963
0.483457
0.028511
0.008403
0.174178
0.017393
0.005185
0.566083
0.001781
0.043515
0.032971
0.160221
0.039750
0.028260
0.092280
0.019354
0.025812
0.047125
0.088399
0.076591
0.520936
0.001936
0.000832
0.095145
0.102615
0.006839
0.033953
0.032743
0.009304
0.006546
0.019753
0.004166
0.029896
0.008795
0.018577
0.174697
0.016696
0.016830
0.070794
0.005803
0.005368
0.069077
0.217371
0.160548
0.582855
0.007521
0.007125
0.093091
0.001263
0.002308
0.014785
0.136299
0.009120
0.006316
0.012521
0.395839
0.397628
0.333774
0.079671
0.035825
0.010741
0.079371
0.008389
0.049194
0.657707
0.030324
0.005637
0.004282
0.096821
0.025601
0.007933
0.512207
0.393564
0.007894
0.026617
0.321802
0.022375
0.015080
0.388981
0.000372
0.104303
0.019163
0.036371
0.006794
0.535770
0.077020
0.368517
0.012862
0.025818
0.008938
0.000329
0.014937
0.118571
0.003953
0.375375
0.016394
0.012691
0.001723
0.024715
0.160314
0.010324
0.054827
0.375845
0.002859
0.002332
0.011058
0.156609
0.017053
0.082342
0.005621
0.062212
0.131983
0.011885
0.003484
0.020049
0.027560
0.004138
0.192023
0.030942
0.120379
0.027650
0.054082
0.424390
0.021762
0.010024
0.131907
0.011990
0.005201
0.016072
0.007940
0.133671
0.035537
0.097825
0.002729
0.092607
0.011277
0.009682
0.026964
0.024675
0.151082
0.015476
0.014922
0.037419
0.090142
0.055639
0.000841
0.292968
0.054893
0.058006
0.003144
0.001030
0.048685
0.553043
0.011643
0.048197
0.169997
0.120406
0.545971
0.010226
0.040443
0.066240
0.083702
0.228104
0.050374
0.016554
0.079128
0.013217
0.002243
0.003178
0.124475
0.018818
0.034696
0.005758
0.001774
0.490630
0.270623
0.024055
0.055628
0.046931
0.054196
0.003723
0.122224
0.086458
0.130433
0.049993
0.418744
0.495081
0.004138
0.153698
0.076882
0.118453
0.071082
0.001181
0.019291
0.158262
0.005131
0.018655
0.059271
0.019539
0.005221
0.017517
0.377958
0.022567
0.033577
0.001470
0.000531
0.001072
0.059690
0.003098
0.142302
0.054283
0.621609
0.614579
0.047973
0.334152
0.157304
0.097223
0.011659
0.025659
0.008571
0.255471
0.092201
0.055580
0.000946
0.000936
0.001842
0.013262
0.011532
0.032508
0.060756
0.040743
0.010543
0.007726
0.005566
0.002478
0.391019
0.003785
0.022800
0.005958
0.008051
0.268002
0.080861
0.009091
0.080842
0.056478
0.019525
0.015519
0.006067
0.067523
0.004729
0.054303
0.019204
0.005217
0.055630
0.033512
0.231985
0.047057
0.004117
0.001405
0.085448
0.050571
0.046985
0.096239
0.127644
0.265333
0.188438
0.087142
0.217117
0.287670
0.002874
0.025764
0.019799
0.010749
0.036089
0.131533
0.087927
0.015538
0.023826
0.043121
0.000308
0.007632
0.017730
0.015921
0.047586
0.004201
0.053690
0.009884
0.033196
0.045860
0.009866
0.005299
0.096696
0.078195
0.044624
0.332831
0.036642
0.003741
0.221835
0.150463
0.206265
0.003734
0.097190
0.290974
0.090603
0.029503
0.097796
0.163286
0.047922
0.274380
0.102921
0.268202
0.067335
0.003905
0.694975
0.015263
0.000491
0.004687
0.057717
0.128080
0.020299
0.485663
0.000855
0.121949
0.008151
0.002034
0.553544
0.007716
0.021779
0.018405
0.003973
0.004391
0.048562
0.019298
0.076715
0.040479
0.135233
0.307996
0.010172
0.000201
0.103284
0.182630
0.030271
0.277950
0.031427
0.035288
0.000726
0.003732
0.064784
0.003894
0.010522
0.089217
0.079537
0.039855
0.004133
0.023765
0.059065
0.107903
0.038599
0.026663
0.118563
0.216854
0.026419
0.045657
0.009663
0.020218
0.120618
0.015145
0.091757
0.002965
0.103344
0.029226
0.102591
0.000114
0.061284
0.010054
0.065608
0.014198
0.007821
0.008010
0.006625
0.010954
0.010110
0.042337
0.083547
0.049711
0.006043
0.015461
0.046542
0.050123
0.027444
0.017685
0.124008
0.011421
0.011979
0.548092
0.008522
0.072690
0.436647
0.013730
0.021495
0.271369
0.015650
0.104026
0.009119
0.026490
0.077349
0.043184
0.210214
0.563779
0.077156
0.252183
0.004566
0.010261
0.221193
0.104091
0.165797
0.002570
0.000875
0.113451
0.037932
0.020938
0.012112
0.003121
0.054977
0.092923
0.013481
0.025082
0.020072
0.108594
0.003378
0.139893
0.000217
0.469756
0.030690
0.028681
0.015646
0.594521
0.093631
0.074213
0.003664
0.099903
0.003883
0.000432
0.020587
0.009936
0.008486
0.002367
0.056439
0.069992
0.096449
0.171715
0.076533
0.035629
0.000884
0.012771
0.002554
0.008649
0.069484
0.005185
0.027757
0.017898
0.144173
0.288928
0.004327
0.024775
0.004385
0.275056
0.015754
0.036110
0.155399
0.004070
0.022656
0.007634
0.009752
0.047305
0.010410
0.009932
0.002954
0.006088
0.017867
0.034261
0.027433
0.004691
0.377869
0.006457
0.000311
0.013156
0.291896
0.022559
0.239707
0.001899
0.024330
0.062265
0.002805
0.050011
0.215061
0.022115
0.022207
0.171174
0.017125
0.019559
0.032507
0.143650
0.076308
0.041373
0.014228
0.126400
0.217208
0.140479
0.074786
0.069450
0.007530
0.028460
0.002416
0.198734
0.399422
0.001606
0.185578
0.010149
0.071737
0.194859
0.087980
0.001099
0.001817
0.021131
0.047988
0.140757
0.173891
0.092117
0.008605
0.005592
0.035909
0.050022
0.220762
0.305740
0.010407
0.079449
0.123446
0.031647
0.011600
0.016807
0.018630
0.010147
0.012058
0.143901
0.102505
0.024787
0.036060
0.000276
0.031422
0.214244
0.030620
0.015798
0.058148
0.015832
0.485626
0.005212
0.014768
0.000428
0.038072
0.005864
0.025084
0.051572
0.006611
0.062137
0.190498
0.000736
0.120401
0.002272
0.120515
0.001162
0.018658
0.069327
0.035212
0.090772
0.028916
0.003166
0.284642
0.230621
0.000601
0.173603
0.042717
0.003668
0.244082
0.055977
0.242879
0.012306
0.086420
0.046108
0.035586
0.477659
0.014010
0.571499
0.000645
0.002788
0.014171
0.000622
0.062631
0.034492
0.142019
0.002431
0.030057
0.141241
0.031874
0.007961
0.001255
0.646504
0.034262
0.174436
0.045543
0.006391
0.015535
0.000706
0.137817
0.002447
0.245432
0.002042
0.314636
0.009787
0.075052
0.020197
0.042850
0.161861
0.543140
0.053975
0.526103
0.010287
0.003796
0.076771
0.027099
0.138396
0.033680
0.058687
0.000939
0.004926
0.037793
0.037935
0.039705
0.000468
0.008955
0.169472
0.065817
0.018867
0.008864
0.010767
0.400119
0.006696
0.004340
0.106155
0.014308
0.113907
0.025771
0.055774
0.009998
0.010754
0.013859
0.042692
0.277958
0.054062
0.030817
0.075121
0.002846
0.009955
0.001545
0.022508
0.040652
0.000903
0.002297
0.006823
0.056910
0.025842
0.057802
0.156934
0.003337
0.050163
0.266356
0.114192
0.442660
0.015002
0.011386
0.068364
0.003434
0.056940
0.028416
0.037322
0.521202
0.002190
0.121272
0.171642
0.048880
0.321139
0.040874
0.177503
0.015445
0.035769
0.006116
0.025685
0.071410
0.134875
0.020614
0.013758
0.289321
0.068719
0.417089
0.002160
0.028538
0.002572
0.000584
0.019726
0.462010
0.004569
0.044863
0.055273
0.024986
0.104864
0.000707
0.182666
0.037416
0.102654
0.005709
0.000760
0.027037
0.343029
0.150100
0.375075
0.000410
0.029220
0.347738
0.013617
0.306789
0.006472
0.005540
0.008616
0.336080
0.008012
0.098134
0.002360
0.026626
0.008069
0.037178
0.037877
0.094622
0.037951
0.237942
0.021271
0.017241
0.549906
0.004853
0.032329
0.140651
0.027323
0.046939
0.001839
0.598676
0.089096
0.010803
0.000049
0.196080
0.066152
0.339401
0.126029
0.008277
0.028653
0.464274
0.014898
0.002471
0.050386
0.258304
0.016727
0.018164
0.125025
0.037370
0.082374
0.000731
0.015348
0.304113
0.019867
0.022535
0.015633
0.138391
0.530315
0.431660
0.052489
0.440311
0.034366
0.148039
0.016234
0.003720
0.194612
0.020198
0.016242
0.053234
0.000120
0.015625
0.007635
0.101890
0.001344
0.115486
0.003143
0.673950
0.191127
0.005976
0.024955
0.029762
0.032709
0.064742
0.013431
0.032494
0.007026
0.000631
0.716045
0.079180
0.141386
0.012422
0.065389
0.079331
0.018513
0.056889
0.009820
0.038196
0.034204
0.137363
0.119922
0.022345
0.256418
0.490302
0.014947
0.066905
0.028336
0.187316
0.005974
0.032181
0.096006
0.136005
0.035896
0.371256
0.265246
0.202044
0.073528
0.025987
0.067809
0.108267
0.057433
0.004349
0.001712
0.052561
0.098978
0.015466
0.045803
0.023229
0.000530
0.025533
0.021062
0.028322
0.004925
0.024540
0.020176
0.004136
0.015268
0.017643
0.015831
0.086086
0.436553
0.302216
0.133250
0.042595
0.013815
0.017624
0.024110
0.005832
0.581335
0.149436
0.017236
0.004432
0.002775
0.055823
0.006632
0.010461
0.008152
0.223327
0.063359
0.001632
0.780337
0.005958
0.004183
0.022304
0.106438
0.057587
0.078901
0.251986
0.032229
0.146553
0.047238
0.000599
0.015798
0.032302
0.058812
0.000752
0.069094
0.000636
0.011169
0.108515
0.009199
0.035984
0.174841
0.084635
0.002067
0.034352
0.228423
0.026076
0.007916
0.063740
0.043996
0.019574
0.013537
0.051678
0.104466
0.066119
0.057244
0.029358
0.135329
0.041427
0.003622
0.045541
0.002860
0.031792
0.032129
0.009612
0.048477
0.093600
0.010937
0.007464
0.041302
0.340054
0.088192
0.049966
0.079783
0.067761
0.317083
0.041830
0.044740
0.093591
0.000806
0.008444
0.027472
0.006239
0.025380
0.013557
0.032645
0.414155
0.030617
0.033350
0.010960
0.005442
0.148656
0.069307
0.012715
0.035555
0.012000
0.015640
0.194188
0.012428
0.001810
0.095124
0.026316
0.136252
0.002780
0.057345
0.011078
0.043192
0.009562
0.055049
0.029456
0.181256
0.003286
0.096590
0.110363
0.051171
0.003372
0.101163
0.406364
0.126647
0.001297
0.489273
0.041763
0.154001
0.089928
0.043714
0.017339
0.133387
0.001058
0.040535
0.052349
0.000954
0.007268
0.081738
0.006767
0.031333
0.001864
0.007339
0.174395
0.201015
0.056584
0.012319
0.121693
0.044100
0.002283
0.100818
0.007847
0.005345
0.017897
0.002556
0.012996
0.401502
0.009921
0.036472
0.004767
0.212906
0.041426
0.286582
0.050000
0.045241
0.191559
0.008756
0.004884
0.038215
0.204158
0.004895
0.371925
0.041146
0.000725
0.248347
0.009430
0.118015
0.464016
0.001202
0.002284
0.028709
0.015568
0.039859
0.023295
0.050789
0.007849
0.043107
0.362830
0.009286
0.007348
0.037901
0.000236
0.084905
0.044509
0.137953
0.104694
0.011583
0.168481
0.000517
0.064206
0.255625
0.090561
0.219046
0.190736
0.127790
0.467679
0.006886
0.057797
0.120631
0.011277
0.049874
0.010884
0.044257
0.077985
0.033848
0.177576
0.020195
0.048083
0.126327
0.174357
0.027616
0.085222
0.047475
0.429711
0.002349
0.000407
0.003040
0.025123
0.020844
0.346368
0.068053
0.079111
0.321688
0.031672
0.017210
0.002417
0.011114
0.211362
0.011471
0.080954
0.333175
0.021088
0.030826
0.123092
0.030133
0.007446
0.019109
0.016108
0.025794
0.147620
0.123011
0.063873
0.423685
0.085028
0.021818
0.030873
0.087746
0.050503
0.167827
0.014955
0.038265
0.060483
0.202691
0.049255
0.953646
0.035533
0.017789
0.005342
0.014074
0.203845
0.859524
0.115154
0.005187
0.045155
0.024550
0.239275
0.006198
0.186465
0.028782
0.015488
0.036411
0.041628
0.061191
0.014102
0.015507
0.052772
0.034859
0.054286
0.107683
0.037993
0.117788
0.278857
0.083567
0.058733
0.007518
0.102709
0.085694
0.003223
0.001533
0.131657
0.031195
0.013342
0.030545
0.000350
0.001663
0.177077
0.004010
0.005073
0.057161
0.107570
0.036747
0.425107
0.185584
0.018055
0.007723
0.385383
0.018459
0.342521
0.123170
0.136362
0.003706
0.067715
0.000438
0.001840
0.000900
0.173970
0.003998
0.001248
0.001165
0.012723
0.021020
0.104474
0.101484
0.012657
0.005249
0.247757
0.362355
0.077348
0.044134
0.001230
0.016252
0.001346
0.134196
0.016508
0.006421
0.004415
0.012147
0.366269
0.062618
0.403305
0.051876
0.030068
0.000954
0.007524
0.156967
0.220277
0.526086
0.030548
0.011195
0.270722
0.005094
0.014612
0.007888
0.023348
0.548514
0.018932
0.017495
0.003092
0.030357
0.016438
0.321114
0.005231
0.011757
0.000557
0.004191
0.312494
0.020097
0.046750
0.008821
0.063162
0.000524
0.038063
0.005538
0.037717
0.033650
0.003313
0.008441
0.054458
0.046681
0.031095
0.014810
0.073790
0.000230
0.009528
0.001271
0.124662
0.014197
0.108408
0.007453
0.487369
0.210231
0.038203
0.007405
0.031079
0.008995
0.130681
0.051349
0.028594
0.096624
0.021324
0.221719
0.006562
0.037554
0.033843
0.001108
0.012321
0.005357
0.243089
0.299212
0.320082
0.007671
0.083831
0.098880
0.004678
0.008628
0.230029
0.029970
0.012905
0.008544
0.045590
0.095748
0.012464
0.133708
0.021227
0.000537
0.912794
0.228086
0.131738
0.021071
0.035286
0.052170
0.059808
0.007943
0.087550
0.006092
0.007446
0.003779
0.120937
0.004893
0.008880
0.118566
0.086949
0.447506
0.202156
0.005742
0.057520
0.064136
0.168144
0.052879
0.004350
0.418775
0.436416
0.035572
0.007621
0.091655
0.009432
0.046250
0.031048
0.019186
0.007782
0.529419
0.195675
0.314181
0.022583
0.064308
0.014523
0.002904
0.156460
0.001411
0.349284
0.389471
0.006891
0.011975
0.044469
0.272766
0.014516
0.044457
0.079367
0.066780
0.106914
0.213811
0.003050
0.021453
0.002655
0.017983
0.008162
0.099408
0.048351
0.009259
0.061778
0.011546
0.009753
0.347716
0.566492
0.377544
0.078551
0.034018
0.044574
0.038449
0.068092
0.001021
0.032985
0.320285
0.002296
0.354959
0.006768
0.150717
0.000748
0.002019
0.160165
0.027792
0.001398
0.015709
0.005052
0.028103
0.053782
0.064471
0.000640
0.000918
0.006772
0.128177
0.001310
0.210555
0.131119
0.015254
0.042277
0.001315
0.035929
0.064351
0.275568
0.013932
0.055618
0.002514
0.029096
0.070789
0.104736
0.052402
0.000138
0.147585
0.172441
0.423069
0.117067
0.002799
0.138039
0.007846
0.417500
0.008517
0.035247
0.040331
0.148728
0.074517
0.004900
0.007618
0.087095
0.045974
0.160840
0.364211
0.010921
0.007396
0.000633
0.000786
0.000990
0.002249
0.050044
0.068658
0.002238
0.031410
0.010094
0.200478
0.011069
0.234731
0.004198
0.074869
0.082551
0.524315
0.044305
0.194581
0.009788
0.003561
0.030985
0.048112
0.035462
0.081864
0.021188
0.010886
0.061515
0.230287
0.062045
0.001222
0.025414
0.079798
0.262001
0.001259
0.002964
0.033722
0.049875
0.006367
0.006519
0.000430
0.097585
0.129586
0.208925
0.205650
0.609092
0.010336
0.034132
0.020354
0.005089
0.492634
0.005428
0.053489
0.000625
0.007795
0.114018
0.030818
0.017295
0.004126
0.037001
0.026244
0.100090
0.188411
0.005866
0.453865
0.004671
0.000722
0.000092
0.010979
0.000844
0.047424
0.583643
0.099981
0.003804
0.468525
0.011525
0.041376
0.014229
0.066807
0.229329
0.000187
0.199339
0.035257
0.432775
0.083974
0.020056
0.260763
0.305934
0.038086
0.069218
0.009993
0.011627
0.148912
0.048381
0.009185
0.014417
0.032275
0.055851
0.077961
0.005121
0.096589
0.010479
0.042849
0.107428
0.002977
0.040751
0.102620
0.300953
0.368604
0.004253
0.019777
0.117853
0.009266
0.005394
0.034348
0.006530
0.007806
0.044170
0.214405
0.001610
0.193635
0.227083
0.006817
0.000611
0.049099
0.028022
0.039080
0.001386
0.002071
0.164761
0.002226
0.000546
0.006310
0.036516
0.002963
0.000299
0.000281
0.016234
0.003054
0.051811
0.034340
0.056644
0.037853
0.019213
0.001457
0.007638
0.078732
0.073655
0.171737
0.648471
0.001274
0.032770
0.008023
0.000672
0.003921
0.024705
0.533060
0.216296
0.049299
0.000837
0.088638
0.007135
0.148377
0.001124
0.057583
0.135498
0.084470
0.004825
0.045351
0.063790
0.020201
0.187567
0.077467
0.008922
0.016348
0.019166
0.018012
0.052564
0.017000
0.083096
0.144177
0.919954
0.203772
0.084013
0.035514
0.067983
0.012726
0.069697
0.033597
0.025710
0.002210
0.016792
0.022787
0.006595
0.293812
0.022813
0.060661
0.040680
0.127838
0.057514
0.026043
0.027581
0.078575
0.093678
0.157422
0.028763
0.039134
0.135665
0.025090
0.048080
0.151951
0.030858
0.126068
0.388298
0.061862
0.003436
0.002773
0.053609
0.008148
0.061178
0.003708
0.003508
0.009206
0.198838
0.466800
0.125035
0.022191
0.001743
0.027291
0.036624
0.073837
0.041373
0.055574
0.095700
0.013127
0.025711
0.070332
0.112432
0.871205
0.016665
0.159327
0.074721
0.018543
0.001150
0.023570
0.015218
0.500336
0.020416
0.000047
0.047471
0.034694
0.146212
0.158210
0.052386
0.008012
0.055758
0.049306
0.041153
0.010767
0.202248
0.209254
0.039604
0.029611
0.038408
0.001286
0.225037
0.222315
0.000652
0.215788
0.004032
0.333004
0.001990
0.003611
0.019429
0.108052
0.039123
0.036909
0.011723
0.001992
0.018805
0.006694
0.017911
0.067404
0.047373
0.048613
0.305098
0.016380
0.126336
0.033352
0.004572
0.308042
0.013676
0.081251
0.020178
0.143818
0.006327
0.236471
0.039648
0.007705
0.004038
0.020378
0.153090
0.004629
0.037242
0.010721
0.157142
0.021822
0.003477
0.415878
0.077755
0.046498
0.063305
0.004568
0.110455
0.004476
0.014704
0.001296
0.035265
0.029020
0.101414
0.215066
0.042229
0.003966
0.654823
0.026156
0.040787
0.025015
0.059046
0.421057
0.187000
0.162067
0.035341
0.005337
0.110138
0.017655
0.034392
0.000815
0.002246
0.080549
0.175954
0.006714
0.048825
0.007835
0.203295
0.102617
0.246945
0.021251
0.116564
0.148372
0.033902
0.051134
0.024241
0.210651
0.007937
0.343612
0.148400
0.038891
0.022328
0.025699
0.075112
0.446381
0.235986
0.004862
0.002501
0.289279
0.095931
0.083494
0.011395
0.261933
0.069747
0.025236
0.021528
0.003283
0.281567
0.000228
0.318576
0.054368
0.425354
0.015396
0.002059
0.063760
0.381486
0.033546
0.068124
0.169348
0.039053
0.018639
0.031162
0.154695
0.019188
0.006604
0.018690
0.091192
0.027709
0.005729
0.022390
0.002110
0.183428
0.081067
0.003657
0.011137
0.528672
0.079722
0.102160
0.217364
0.007311
0.162999
0.050077
0.019687
0.012474
0.010499
0.000123
0.169617
0.018286
0.091476
0.054919
0.000404
0.060459
0.066368
0.059254
0.002989
0.050459
0.033019
0.280799
0.006298
0.018674
0.016559
0.012919
0.040672
0.001676
0.001488
0.011318
0.185854
0.027502
0.016698
0.013047
0.160836
0.001222
0.186712
0.013687
0.034329
0.000824
0.040148
0.016684
0.044060
0.174563
0.002849
0.006254
0.040900
0.012613
0.074524
0.004240
0.040786
0.031993
0.313057
0.069211
0.019765
0.394233
0.265541
0.000672
0.040640
0.003928
0.024709
0.030817
0.032927
0.030433
0.006795
0.009883
0.093332
0.014324
0.024364
0.031167
0.000179
0.175957
0.142051
0.024305
0.007634
0.102499
0.026685
0.308488
0.014215
0.017989
0.007040
0.002630
0.036823
0.064565
0.926104
0.963186
0.002416
0.000905
0.043440
0.002098
0.021351
0.151701
0.001753
0.060631
0.187177
0.024081
0.011873
0.039637
0.007174
0.295911
0.003320
0.271546
0.015071
0.218704
0.041483
0.411163
0.730468
0.012541
0.021606
0.059319
0.012541
0.746317
0.013773
0.214035
0.033359
0.079355
0.199876
0.011927
0.053377
0.035126
0.094915
0.001732
0.020255
0.038925
0.025207
0.006342
0.040275
0.024207
0.013242
0.086129
0.014360
0.071359
0.074760
0.117468
0.167491
0.016410
0.001167
0.000741
0.021206
0.067065
0.049081
0.039643
0.001425
0.172820
0.160631
0.198131
0.129134
0.014950
0.080706
0.016315
0.024832
0.002071
0.103189
0.412920
0.374516
0.002175
0.067056
0.019663
0.024931
0.003821
0.125523
0.002169
0.064838
0.148227
0.018176
0.129357
0.063233
0.135466
0.135694
0.113087
0.053859
0.007298
0.022981
0.075203
0.096539
0.054289
0.093260
0.008029
0.068691
0.022718
0.002680
0.391797
0.003915
0.048916
0.051087
0.011606
0.006735
0.051724
0.016183
0.018355
0.022722
0.001261
0.005466
0.058266
0.004699
0.004153
0.218598
0.028947
0.251249
0.177501
0.051818
0.004820
0.028143
0.071994
0.003071
0.026520
0.120194
0.029543
0.000487
0.051777
0.001754
0.014095
0.227687
0.007983
0.165327
0.022104
0.033494
0.006229
0.012853
0.002065
0.039279
0.138427
0.038973
0.072958
0.008632
0.012324
0.561491
0.005842
0.251286
0.022775
0.133959
0.282791
0.090957
0.466612
0.044348
0.043629
0.065320
0.024114
0.038276
0.660329
0.003147
0.146879
0.006798
0.181436
0.032098
0.365254
0.357629
0.007317
0.025961
0.007572
0.000509
0.020719
0.017641
0.027080
0.009867
0.456855
0.007452
0.012599
0.042593
0.261147
0.002481
0.022192
0.002970
0.032439
0.082973
0.149062
0.010195
0.005856
0.025899
0.000341
0.476564
0.061442
0.126456
0.001720
0.219308
0.050720
0.111971
0.506220
0.018969
0.415715
0.137720
0.034705
0.001458
0.016809
0.024967
0.008207
0.000600
0.039589
0.012426
0.047149
0.142164
0.041763
0.054764
0.030500
0.483239
0.029696
0.002635
0.008327
0.090982
0.014433
0.040626
0.000364
0.018545
0.104011
0.002093
0.241344
0.076991
0.024548
0.216725
0.003677
0.026777
0.486625
0.072732
0.137022
0.026296
0.741019
0.028576
0.076808
0.000019
0.087589
0.124664
0.000641
0.168730
0.042525
0.010301
0.072498
0.020872
0.287596
0.046448
0.074405
0.133266
0.415595
0.058246
0.021592
0.276063
0.057466
0.066428
0.000325
0.147788
0.001990
0.049523
0.014834
0.096067
0.011156
0.018646
0.086261
0.023496
0.005755
0.167904
0.003785
0.110550
0.002354
0.016948
0.005002
0.018025
0.003159
0.033716
0.116760
0.000258
0.336518
0.010416
0.015928
0.270164
0.001419
0.011089
0.014875
0.003309
0.464384
0.003428
0.053406
0.030147
0.001205
0.019605
0.045061
0.018269
0.132961
0.017655
0.060444
0.283163
0.002732
0.010249
0.075407
0.000349
0.117129
0.054829
0.056593
0.108471
0.042602
0.154364
0.008633
0.185704
0.008011
0.018844
0.001548
0.065570
0.048182
0.079301
0.002733
0.003927
0.193505
0.000697
0.031853
0.094300
0.024330
0.172265
0.007110
0.010989
0.050732
0.005030
0.000659
0.027788
0.001177
0.047125
0.063847
0.046543
0.161682
0.165460
0.601146
0.001017
0.084250
0.005304
0.082514
0.009848
0.834528
0.073868
0.050421
0.060916
0.016783
0.066613
0.135578
0.087454
0.003751
0.008863
0.313574
0.002679
0.220636
0.006702
0.373141
0.269972
0.007183
0.012559
0.000392
0.056785
0.009781
0.080344
0.054809
0.005701
0.025629
0.195951
0.004541
0.174156
0.000541
0.039895
0.120068
0.179555
0.007999
0.058789
0.036091
0.001340
0.019753
0.000619
0.054757
0.086060
0.164917
0.291251
0.012397
0.160734
0.083094
0.029239
0.096305
0.132283
0.112816
0.005859
0.002290
0.201652
0.127225
0.602404
0.110756
0.003156
0.008698
0.054128
0.020994
0.430671
0.064193
0.000778
0.011203
0.001653
0.015508
0.009612
0.019263
0.010550
0.080481
0.001726
0.006945
0.064972
0.002259
0.115889
0.277821
0.107705
0.007071
0.000843
0.003697
0.004642
0.141968
0.011506
0.003856
0.080532
0.139877
0.027461
0.592731
0.034154
0.143503
0.754243
0.125864
0.041622
0.505716
0.001138
0.057715
0.292485
0.002704
0.031751
0.166053
0.003044
0.432534
0.006169
0.052418
0.018571
0.037355
0.023343
0.050000
0.038659
0.001420
0.018464
0.378781
0.026948
0.314866
0.389534
0.004770
0.007409
0.042134
0.002737
0.040757
0.040703
0.085170
0.018740
0.016716
0.001830
0.003430
0.125284
0.176762
0.021201
0.262942
0.011235
0.029463
0.104667
0.013441
0.041949
0.005893
0.084725
0.019589
0.034181
0.036760
0.144882
0.001962
0.042750
0.000846
0.122190
0.010007
0.080996
0.028628
0.000194
0.008232
0.001803
0.414384
0.018801
0.050823
0.006151
0.149814
0.006054
0.074359
0.080245
0.045365
0.009315
0.017746
0.046183
0.029279
0.198385
0.003553
0.072070
0.035821
0.008574
0.036692
0.085778
0.049211
0.003385
0.403541
0.025792
0.050075
0.119974
0.022373
0.120713
0.017345
0.024047
0.038915
0.100459
0.010104
0.013942
0.003640
0.021365
0.128159
0.527196
0.026548
0.178357
0.098043
0.001746
0.200336
0.626686
0.084246
0.001803
0.036047
0.006881
0.409868
0.083340
0.038988
0.014688
0.039866
0.015099
0.029155
0.007839
0.093304
0.013733
0.050313
0.002660
0.021462
0.081498
0.015507
0.069489
0.050368
0.011656
0.011492
0.000319
0.116954
0.042134
0.014244
0.391777
0.575156
0.001294
0.005288
0.020266
0.032625
0.366716
0.027430
0.144132
0.042194
0.576531
0.039550
0.022032
0.019042
0.001034
0.091033
0.451580
0.228691
0.120561
0.028163
0.003375
0.050855
0.182245
0.613500
0.016223
0.006012
0.002115
0.001594
0.102005
0.009864
0.020537
0.076828
0.352246
0.420072
0.070438
0.039989
0.074965
0.032680
0.563119
0.623217
0.036273
0.079434
0.000359
0.009897
0.246692
0.007145
0.042981
0.338369
0.014775
0.005735
0.003125
0.004324
0.066260
0.009877
0.016035
0.328019
0.039549
0.024418
0.061109
0.169963
0.022528
0.004495
0.248797
0.005677
0.034204
0.157372
0.062711
0.055992
0.022673
0.021975
0.001238
0.018281
0.000805
0.073635
0.055603
0.258169
0.040426
0.209489
0.001652
0.101469
0.356481
0.050625
0.043737
0.038918
0.018362
0.119893
0.321682
0.068043
0.132671
0.264506
0.013475
0.134470
0.139416
0.167085
0.012203
0.008525
0.008439
0.073708
0.011267
0.313705
0.017903
0.001339
0.026353
0.069061
0.024044
0.002293
0.061642
0.179039
0.421840
0.088152
0.131426
0.001975
0.000286
0.047392
0.057536
0.001228
0.049727
0.238243
0.023978
0.040395
0.287876
0.093612
0.283649
0.002597
0.021485
0.069282
0.022061
0.034250
0.229545
0.000270
0.017438
0.018582
0.057825
0.154365
0.028357
0.429092
0.026861
0.018206
0.032122
0.036521
0.146452
0.000586
0.035535
0.214088
0.495779
0.171203
0.480571
0.554205
0.010684
0.027195
0.186792
0.000894
0.019241
0.321920
0.073168
0.011352
0.040107
0.012957
0.027477
0.000973
0.001730
0.011757
0.280353
0.031270
0.001390
0.036527
0.433069
0.052167
0.010519
0.204638
0.019836
0.219753
0.076765
0.153457
0.031485
0.089060
0.637699
0.021547
0.013662
0.116617
0.041348
0.000916
0.027330
0.025476
0.236577
0.130285
0.002445
0.049674
0.019690
0.115054
0.007598
0.083012
0.011512
0.217900
0.066762
0.076688
0.373257
0.053411
0.005118
0.024153
0.003813
0.122784
0.090123
0.012777
0.083352
0.001174
0.025151
0.442170
0.023622
0.057847
0.138498
0.003653
0.041829
0.068282
0.072752
0.031066
0.002027
0.016447
0.002461
0.004947
0.004932
0.001986
0.035235
0.022175
0.015664
0.036606
0.000613
0.016264
0.045759
0.025003
0.032043
0.099034
0.097374
0.004096
0.114565
0.237192
0.039503
0.061797
0.012169
0.012490
0.019635
0.046104
0.064642
0.001528
0.124853
0.083931
0.016464
0.041705
0.092557
0.096355
0.012628
0.305062
0.196749
0.023317
0.002225
0.129294
0.016028
0.013752
0.265352
0.309676
0.060515
0.111242
0.042906
0.019449
0.015739
0.008514
0.033856
0.091652
0.041627
0.133313
0.006517
0.048293
0.086574
0.016980
0.052287
0.010399
0.138107
0.015796
0.402021
0.280616
0.152698
0.094943
0.279249
0.106039
0.004043
0.070884
0.011346
0.045161
0.001500
0.065895
0.002042
0.116098
0.084458
0.006179
0.061544
0.064372
0.406466
0.004266
0.019123
0.010818
0.276651
0.034418
0.020756
0.096327
0.216737
0.003071
0.083425
0.299965
0.000818
0.300085
0.034164
0.058945
0.359050
0.031640
0.027856
0.133073
0.008447
0.016562
0.020781
0.033668
0.038173
0.023351
0.004551
0.001747
0.061411
0.010980
0.248689
0.045672
0.196504
0.106088
0.025593
0.075074
0.037362
0.029484
0.008821
0.077286
0.117638
0.004649
0.059582
0.176084
0.000186
0.078310
0.019887
0.053638
0.034576
0.370495
0.025280
0.002056
0.089398
0.057972
0.041466
0.015478
0.003029
0.535790
0.075024
0.087566
0.036961
0.020217
0.067818
0.002096
0.181402
0.024921
0.030952
0.008878
0.013577
0.058029
0.076871
0.285955
0.008505
0.041141
0.000813
0.000691
0.070923
0.002908
0.019475
0.005215
0.061891
0.304129
0.026067
0.006364
0.076476
0.055435
0.090401
0.000670
0.528395
0.005909
0.035691
0.021961
0.010135
0.014551
0.447032
0.226604
0.065421
0.048046
0.005674
0.078955
0.019486
0.030828
0.050189
0.095916
0.331024
0.225561
0.106330
0.006217
0.029724
0.019850
0.705192
0.003038
0.171489
0.009507
0.417030
0.127545
0.057619
0.006217
0.020253
0.043294
0.043753
0.004657
0.128509
0.083549
0.000606
0.002577
0.050886
0.004071
0.291424
0.005279
0.055101
0.034136
0.063680
0.771471
0.027681
0.072315
0.008345
0.087030
0.008737
0.016785
0.058219
0.002061
0.011447
0.100454
0.005880
0.128795
0.115334
0.000550
0.080872
0.594950
0.005594
0.056204
0.001100
0.181705
0.001589
0.188514
0.081057
0.001285
0.155519
0.005583
0.010236
0.020768
0.021568
0.491560
0.008349
0.002993
0.042903
0.226332
0.254928
0.006866
0.049163
0.065231
0.001906
0.026573
0.048160
0.007627
0.145445
0.944743
0.042594
0.004446
0.067456
0.103545
0.029111
0.041108
0.022386
0.020199
0.022493
0.141054
0.009022
0.000839
0.252434
0.022194
0.077197
0.302332
0.063607
0.030500
0.074636
0.017819
0.238812
0.364357
0.072724
0.186493
0.004978
0.000547
0.003183
0.116225
0.002184
0.009046
0.366001
0.078423
0.023913
0.180122
0.008449
0.053723
0.091441
0.041330
0.348594
0.125215
0.013491
0.176556
0.005401
0.925934
0.031801
0.050346
0.015987
0.229422
0.327090
0.085838
0.125596
0.158070
0.236113
0.010042
0.006981
0.029905
0.012992
0.012023
0.020865
0.029783
0.099430
0.005250
0.111390
0.131714
0.207471
0.005532
0.000463
0.002571
0.153801
0.133955
0.278099
0.002746
0.001582
0.321629
0.002065
0.187773
0.352630
0.056571
0.047867
0.010625
0.002125
0.002391
0.016769
0.010554
0.037192
0.009329
0.005207
0.150924
0.002561
0.097997
0.009243
0.146516
0.232386
0.018388
0.002314
0.026981
0.007096
0.113077
0.261711
0.049554
0.633887
0.004849
0.000457
0.014580
0.005193
0.047768
0.020247
0.039945
0.001354
0.001119
0.022618
0.043267
