89
2.464491
4
91
40
10
1
5047
0.149045
0.578642
0.669347
0.550064
-0.519520
-0.938992
0.387153
-0.130754
0.000250
0.838682
-0.086874
-0.172147
0.753034
0.132408
0.024071
0.505858
0.436416
-0.656198
-0.303323
0.216771
0.151681
0.326661
1.000000
0.039326
0.500918
0.269232
-0.005770
-0.880024
-0.707746
0.656687
-0.767758
-0.132324
0.120341
0.392583
0.013331
0.548178
-0.498779
-0.015616
0.018910
-0.056899
-0.449353
0.842032
0.051967
-0.137489
-0.328733
-0.356866
0.054246
-0.365114
0.239912
-0.917610
-0.492148
-0.706641
-0.032213
-0.184875
-0.334651
-0.171877
-1.000000
0.734430
0.378652
-0.053306
0.758783
-0.891824
0.106242
0.527455
-0.353839
0.141543
1.000000
-0.428624
-0.395307
0.570163
-0.363046
-0.182325
-0.527919
-0.199675
0.053051
-0.004013
0.670545
0.475722
0.652012
-0.504431
-0.307525
0.872719
0.365333
0.399430
-0.915453
0.086005
0.674660
-0.886321
0.599983
-0.774160
0.427478
-0.647473
0.100583
-0.316205
0.002032
0.099846
-0.066668
0.186899
-0.231049
-0.588541
0.341254
-0.529159
-0.422655
0.271461
-0.320809
0.817871
0.464598
0.830258
-0.661961
0.329379
0.119440
-0.626183
0.534522
-0.481689
-0.198782
0.031664
0.475524
0.078099
-0.091408
-0.557647
-0.041764
0.324406
0.569394
-0.113602
0.406360
0.103993
0.338865
-0.978366
0.575419
0.353515
0.610050
-0.798113
-0.518667
-0.162710
-0.470052
0.437064
0.725604
0.067650
0.189905
0.499628
-0.690598
0.125803
-0.376868
0.337806
-1.000000
0.488406
-0.115532
-0.610092
-0.322977
0.469511
0.313187
-0.432598
0.552206
-0.350077
0.504695
-0.005468
-0.264214
0.793684
0.690141
-0.316808
0.229488
-0.741690
0.115431
0.323840
0.122833
0.257047
-0.685935
-0.980556
-0.135933
-0.005356
0.652693
-0.148625
0.066238
-0.480635
0.548098
0.972236
-0.498306
0.136391
0.560985
-0.351854
-0.441153
-0.171545
-0.244681
0.011828
-0.610873
-0.768830
0.427720
-1.000000
-0.797126
0.189076
-0.143858
0.223494
0.381614
0.531775
-0.468815
0.233939
0.395939
-0.148181
0.812246
0.093302
-0.367756
-0.454910
-0.018649
-0.360425
0.167024
0.732024
0.084898
-0.554600
0.117494
0.210912
-0.105009
-1.000000
-0.696915
0.557611
-0.573582
0.669022
0.390792
0.296967
0.138720
1.000000
0.780051
0.656253
-0.055944
-0.082028
-0.294360
0.965373
-0.109100
-0.640702
-0.009438
-0.088024
0.766135
0.359740
-0.956258
0.017343
0.523069
-0.264792
0.104383
-0.341217
0.802788
0.219651
-0.632488
0.812259
-0.446865
0.550727
-0.304391
0.611519
-0.375422
-0.283288
-0.015299
0.344466
0.624587
0.605314
0.759221
-0.023187
-0.943775
-0.076442
-0.497052
-0.394877
0.038026
0.675741
0.289187
-0.600521
-0.079225
-0.160819
-0.335506
0.064457
0.965343
0.004284
0.919804
-0.226840
0.139154
-0.967422
-0.004331
-0.110821
0.471669
0.028648
0.416835
0.520556
0.917749
-0.375042
0.319180
-0.079739
-0.467619
-0.370286
0.509508
0.794414
0.250845
1.000000
0.684027
0.119031
0.150618
-0.149166
0.355674
0.416071
-0.688712
0.301981
0.025947
0.182435
-0.252318
-0.189020
0.042737
-0.303892
-0.294940
0.141458
-0.181220
-0.179153
1.000000
0.200371
0.219201
0.180084
-0.033403
0.502046
0.321287
-0.348403
0.612032
-0.836401
0.632574
-0.353521
0.145266
0.184379
-0.213966
-0.024441
-0.049863
-0.150150
-0.122556
-0.071940
-1.000000
-0.169898
-0.222157
-1.000000
0.224369
-0.272892
0.029559
0.104762
0.419166
0.124606
0.571997
-0.568423
-0.397940
-0.686461
-0.747362
-0.410496
-0.581225
-0.155217
-0.475420
0.657840
-0.148911
-1.000000
-0.236931
0.873285
-0.024329
-0.073197
-0.223057
0.630465
0.170340
-0.199708
0.718753
0.135496
0.685626
-0.383900
0.384304
0.333542
0.054396
-0.316223
0.749787
0.120319
-0.610850
0.068880
0.040841
-0.799488
-0.499952
-0.118894
0.121417
-0.081799
-0.321023
-0.438775
0.009721
0.109513
0.445245
-0.968708
0.471083
0.096662
0.048757
0.371118
-0.009031
0.678109
0.487186
-0.338806
-0.333939
-0.437871
1.000000
-0.964519
-0.911703
0.160062
-0.130949
0.863202
0.161098
-1.000000
-0.814417
0.243538
0.497852
0.160042
-0.853951
-0.332668
-0.039841
-0.353089
-0.954895
0.787928
0.428188
0.062755
-0.380621
0.748265
0.277996
0.413001
0.234311
0.148889
0.809089
-0.071163
0.113530
0.441338
0.187026
-0.525855
-0.715721
0.264344
0.662674
0.250403
0.070098
0.277174
-0.080712
-0.252316
-0.860599
0.232753
-0.026499
-0.082709
0.539525
0.200746
-0.077814
0.854888
-0.402636
0.558075
1.000000
0.010949
0.245469
-0.828321
0.063639
-0.632654
-0.140259
0.017754
-0.604378
-0.355085
-0.861271
-0.277339
-0.770495
-0.269748
-0.243013
-0.233564
0.048472
-0.115372
-0.746730
0.111373
0.756389
-0.504430
-0.482897
0.898698
-0.752698
0.790743
0.138624
0.584491
-0.005751
0.115413
1.000000
-0.796649
-0.077976
0.880175
0.865432
0.293147
-0.707954
-0.184149
-0.759807
0.382870
-0.201593
-0.219714
-0.102206
0.281648
0.109958
0.413087
0.724559
0.775060
-0.879668
-0.763496
-0.626495
0.278863
0.076907
0.190911
-0.038745
-0.181618
0.678897
-1.000000
-0.743949
0.515376
0.129506
0.030117
-0.884296
0.911163
0.587057
0.519288
0.687125
0.384683
-0.070841
-0.443245
0.093527
0.324550
0.251491
-0.610974
0.241260
-0.584448
0.399530
0.022565
-0.198826
-0.425377
-0.560187
-0.036072
0.468986
-0.504039
0.115139
0.139871
-1.000000
-0.392912
0.681588
0.187320
-0.350060
0.217157
-0.112427
-0.486759
-0.023633
0.037143
0.087567
0.424668
-0.303053
0.129412
0.092173
0.936795
-0.334486
0.361000
-0.311181
0.612292
-0.065895
-0.009336
-0.971765
0.111799
0.654821
0.232020
-0.283699
0.057491
-0.263872
-0.009439
0.199134
-0.298493
0.932467
0.816065
0.049331
0.889151
-0.238012
0.793439
-0.161730
0.247363
-0.056658
0.895932
0.070115
-0.247979
0.301797
-0.381585
0.345050
0.093398
1.000000
-0.183922
0.943320
-0.239247
-1.000000
0.492979
-0.229517
-0.056752
0.267824
0.807788
-0.261937
-0.185262
0.105984
-0.367597
-0.666945
-0.186827
-0.115572
-0.141052
-0.305126
-0.234919
-0.055855
0.798619
-0.841850
-0.169267
-0.514907
-0.416028
-0.361232
-0.411415
-0.498508
0.974121
-0.170786
0.477464
-0.086364
-0.446502
-0.448138
1.000000
0.547724
0.168143
-0.706939
0.719783
-0.901678
-0.072980
-0.374976
-0.935034
-1.000000
0.220370
-0.978445
0.647759
-0.367399
0.344079
0.506780
-0.439699
0.547931
0.771108
-0.212324
0.863184
-0.308615
0.352673
-0.103128
-0.097002
-0.082807
-0.262799
-0.861802
0.158342
0.105138
0.278705
0.188395
0.054761
-0.178035
0.511073
-0.232429
-0.234956
-0.154452
0.115758
0.289358
-0.492128
0.141224
-0.298465
-0.376520
-0.552748
-0.091352
0.380446
-0.601606
-0.388157
0.113816
-0.049696
0.792552
-0.103479
0.112474
0.005979
-0.447250
0.806347
-0.815581
0.186351
-0.093696
-0.093489
0.021092
-0.144196
0.208318
0.258541
-0.599207
0.201765
-0.554035
0.670895
0.181407
-0.066667
0.333451
-0.576576
0.157610
-0.465846
-0.855399
-0.206324
0.660822
0.268988
-0.024236
0.120938
0.281962
-0.993724
0.299672
0.321255
0.569502
-0.681731
0.263284
-0.283829
-0.542870
0.658955
-0.678823
0.513454
0.383800
0.839796
0.062259
0.139079
-0.230776
0.697810
0.405680
-0.570419
0.217906
-0.116212
0.299093
0.086898
-0.026650
-0.856105
-0.187169
-0.188754
-0.952770
0.037116
-0.757163
0.153016
0.087987
0.882925
-0.562986
-0.857816
0.017698
-0.036448
-0.110870
-0.169505
0.712789
-0.212830
0.038104
-0.318331
0.556404
0.425395
-0.118499
0.252213
-0.081001
-0.369559
-0.877121
-0.858328
-0.416607
-0.322203
0.912919
0.257234
1.000000
0.131853
-0.804365
-0.430986
0.057572
0.183028
0.104283
-0.675609
0.803339
-0.347048
-0.642797
0.950065
-0.724076
0.070129
-0.165892
0.088196
0.147769
-0.176205
0.798038
-0.189487
-1.000000
0.556074
-0.017144
-0.642799
0.263483
0.108392
-0.276355
0.025513
0.110374
0.326887
0.261203
0.218602
-0.258514
0.164073
-0.849755
0.083753
0.405648
-0.219581
0.394167
-0.438507
0.387170
0.274834
-0.100647
-0.202956
0.460813
-0.004425
0.727659
0.282631
-0.261232
-0.376981
-0.229379
0.338744
-0.760283
-0.296624
-0.123933
0.379400
0.288814
-0.361955
-0.324134
0.232315
-0.707249
0.226994
-0.031403
-0.529081
0.352791
0.458826
-0.035127
-0.142893
0.034307
0.508158
0.013671
0.043204
-0.055352
-0.183041
-0.754346
0.507046
0.482990
-0.466777
0.913505
-0.415965
0.284032
-0.107326
-0.197776
-0.652700
0.415549
-0.738338
0.004563
-1.000000
0.148899
-0.433010
0.085724
-0.014559
0.125043
0.185762
0.985089
0.767838
0.098942
-0.640061
-0.352121
0.457606
0.400362
0.082765
-0.806607
0.220362
-0.978375
-0.349326
-0.199755
-0.144327
0.281359
0.415399
0.673544
0.419230
0.365615
-0.617299
-0.027581
0.120604
0.258584
-0.456568
-0.652742
-0.097927
0.356863
-0.039805
-0.278963
0.826308
0.186515
-0.120153
-0.039701
-0.580394
0.217609
-0.147849
-0.644129
-0.674422
0.591790
0.584086
-0.886564
-0.037673
-0.211930
-0.298366
0.829391
-0.046887
-0.838070
-0.111739
-0.383146
0.227174
0.117978
-0.579612
0.059638
-0.188520
0.966061
-0.655493
0.405160
-0.083547
-0.287958
-0.555444
0.161898
0.673626
0.410196
-0.336747
-0.034917
0.903153
-0.162302
0.129374
0.546404
-0.566192
0.305068
-0.228901
0.514565
-0.889239
-0.233754
0.428369
-0.433139
0.013404
-0.855129
-0.186074
-0.201682
0.086757
0.440871
-0.802034
0.934014
0.243011
0.869540
-0.625235
0.287578
0.541023
-0.358782
-0.163447
0.226540
0.208396
-0.603562
0.216089
0.334027
0.391717
-0.264483
-0.491028
-0.281452
-0.545677
0.139631
0.276040
-0.295352
-0.493446
0.226048
0.625481
0.109220
-0.449058
-1.000000
0.144599
-0.129597
0.011776
-0.208215
-0.338127
0.378975
-0.380842
-0.428546
0.208918
0.405014
0.611095
-0.621052
-0.673196
0.260404
-0.848998
-0.317714
0.044843
0.712123
-0.422964
-0.113871
-0.128080
-1.000000
-1.000000
0.273478
-0.154044
0.387115
0.153245
0.313704
-0.368237
0.353387
0.218142
0.418464
0.581056
0.227000
0.406566
-0.293142
-0.202777
0.226000
0.531245
0.442003
-0.172031
-0.629917
0.232908
-0.060195
0.352960
0.342997
-1.000000
-0.741479
-0.714033
-0.122546
0.199243
0.930626
0.276219
0.664375
-0.239818
-1.000000
-0.182788
-0.333008
-0.336339
-0.046882
-0.272995
0.745889
0.928666
-0.365903
-0.182318
-0.516884
-0.417851
-0.154136
-0.312375
0.228215
0.222966
-0.430809
-0.059386
0.905222
0.007982
-0.192680
0.131137
0.220818
0.123740
0.307800
0.371309
-0.356564
-0.788616
0.194450
-0.251122
0.809337
0.100092
-0.858610
-0.381977
-0.829612
-0.574188
-0.141518
-0.256786
-0.231078
0.050272
-0.310887
0.670980
0.536987
-0.725982
-0.552104
0.248959
-0.194891
0.179399
0.423953
0.277229
0.381220
0.787916
0.119071
-0.330545
-0.503626
0.804506
0.795416
-0.069597
1.000000
-0.068720
-0.383042
0.270779
-0.080360
0.394471
-0.830418
-0.072076
0.571399
-0.826384
-0.946892
0.904631
-0.367901
-0.161572
0.860594
0.387682
0.351793
-0.295236
-0.193075
-0.266054
-0.251143
-0.438177
0.769999
0.466497
0.065564
-0.800596
0.519036
-0.634147
0.018449
-0.449121
0.818152
0.068124
-0.502346
-0.411817
-0.168277
0.809981
-0.313744
-0.060187
-0.404058
-0.021445
0.360448
-0.945319
0.773925
-0.036173
0.638608
0.074024
0.493244
-0.721030
-0.568113
0.180929
-0.635644
-1.000000
-0.220023
0.102747
0.891526
0.025057
0.776424
-0.947612
-0.823734
-0.324143
0.327348
-0.270017
-0.164972
0.305492
-0.303109
-0.022710
0.333342
-0.618188
-0.379807
-0.543423
-0.237271
0.053511
-0.547388
-0.323510
0.315019
0.778520
-0.133705
0.734041
-0.321293
-0.500851
-0.278375
0.413760
1.000000
0.402139
0.105377
0.117082
0.417733
0.402553
0.216396
-1.000000
-0.621635
0.212658
0.926005
0.413271
-0.106771
0.878590
0.119986
0.659846
0.611113
-0.249728
-1.000000
-0.819050
0.032172
0.799770
0.236741
0.467991
0.118255
-0.697356
-0.659125
0.065998
-0.217016
0.301598
-0.292514
-0.066945
0.106408
0.093864
-0.468082
-0.963392
-0.215059
0.617723
0.097893
-0.652140
-0.324695
0.479174
-0.134181
-0.047698
0.102093
0.455947
-0.088329
-0.004671
-0.821674
0.759785
-0.065815
0.196244
0.332252
0.067053
-0.059074
-0.050720
0.954959
0.404612
0.523893
-0.023375
-0.628083
-0.435125
0.271460
0.247882
-0.282042
0.640319
-0.463779
-0.199926
-0.482668
-0.419769
-0.173175
-0.338146
-0.117265
-0.014558
-0.175884
-0.364708
-0.088799
0.429934
-0.393646
0.772270
-0.559299
0.099162
0.425228
0.043117
-0.064754
-0.197772
-0.039311
-1.000000
0.349627
-0.407768
-0.029735
-0.059575
-0.257781
-0.164439
-0.131028
0.217276
-0.136230
-0.251970
0.073974
0.584393
-0.429847
-0.737421
-0.518569
0.849502
0.538483
0.883703
0.179737
0.804019
0.662621
-0.047132
0.199860
0.277264
-0.087208
-0.554929
-0.313268
0.567518
0.290355
-0.422044
-0.320686
0.600574
-0.574255
-0.679006
0.503089
-0.928713
-0.161766
-0.380113
1.000000
-0.828623
0.586032
0.914220
-0.270028
-0.598126
-0.402505
-0.322965
-0.413603
0.626278
-0.060740
-0.354016
-0.178707
-0.429533
-0.349264
-0.114688
-0.181495
0.093993
-0.226265
0.410469
-0.053325
0.366862
0.067710
0.288594
-0.621198
-0.174210
0.351320
0.734425
0.633340
-0.338227
0.934119
-0.039391
0.156630
-0.774387
-0.444411
-0.454249
0.129233
-0.448363
0.445819
0.063295
-1.000000
0.054892
0.082961
0.489268
0.110744
-0.005108
-0.150877
-0.292728
-0.133855
-0.022660
-0.033536
0.378493
-0.288581
-0.868320
0.901951
-0.090841
-0.365576
0.456509
-0.605758
-0.066111
-0.595481
0.865239
0.038692
0.509433
0.182709
-0.329706
0.688248
0.150261
-0.969961
0.083886
0.372967
1.000000
-0.276432
0.128902
-0.515759
-0.424113
1.000000
0.775795
0.315329
0.324406
-0.130929
0.845952
0.148287
-0.510343
-0.249888
0.288504
-0.068003
0.281627
-0.331329
-0.788561
-0.950082
0.157982
0.366884
0.990261
-0.562640
0.026819
0.273874
-0.065792
-0.018599
-0.548699
0.798641
-0.147519
-0.322633
0.513032
-0.138132
0.415270
-0.202100
-0.571039
0.284511
0.221062
-0.069021
-0.530488
0.124887
-0.604737
-0.930904
0.606584
-0.384825
-0.262145
-0.501106
-0.301772
0.516086
-0.341114
0.732707
-0.959516
0.232277
0.743983
0.001513
-0.520934
-0.372672
0.405427
0.067409
0.116309
-0.966318
-0.506260
0.675833
0.084222
0.595648
0.651333
-0.394133
-0.028420
-0.224386
0.515226
0.907988
0.710695
0.005186
-0.187785
0.121247
-0.300579
0.290430
-0.655596
0.139938
-0.164916
0.613015
0.486644
-0.349785
-0.951780
-0.928646
-1.000000
0.442695
0.713318
-0.160436
-0.195586
0.164965
0.060121
1.000000
0.085972
-0.297789
-0.069108
-0.035682
-0.258280
0.995241
-0.609424
-0.670561
-0.013370
-0.050964
0.620558
-0.147024
-0.958412
-0.026189
-0.168571
-0.005734
0.473298
0.583714
0.803967
0.121195
-0.343668
-0.549458
0.473567
-0.475860
0.216465
0.504785
-0.397468
0.530153
0.087948
0.102907
0.005152
-0.471394
0.238851
-0.280467
-0.087561
-0.132785
0.192588
0.653902
0.459758
0.306246
-0.019985
-0.527906
-0.069104
0.077493
0.566222
0.558189
-0.013184
0.720069
-0.062719
-0.170256
-0.169124
-0.247208
0.174709
-0.585319
-0.881597
-0.068405
0.047273
-0.029669
-0.486418
-0.016954
-0.384498
0.177397
-0.080413
-0.856379
-0.468556
-0.424113
0.279772
-0.627385
-0.458792
-0.081637
-0.279209
-0.448054
-0.092198
0.830401
-0.058417
-0.911240
-0.496780
0.806757
-1.000000
0.642335
0.987254
0.756191
0.680258
0.210754
-0.498099
-0.914550
-0.273287
-0.205847
0.128770
0.403020
0.101310
0.761605
0.267705
-0.119944
0.216791
0.899519
-1.000000
-0.006885
-0.743394
0.021874
-0.723478
0.709724
-0.527390
-0.511533
-0.741194
0.907448
-0.210562
0.123054
-0.228035
-0.209211
-0.877877
0.950613
-0.632655
-0.921133
-0.120483
-0.294902
0.310679
-0.771005
0.344986
-0.494973
0.775888
0.211360
-0.339286
-0.115336
0.391267
0.130118
0.398538
0.529974
-0.597155
-0.199237
-1.000000
-0.067030
-0.544842
-0.307782
0.999395
-0.088883
-0.229715
-0.018137
0.352927
0.152795
-0.391769
-0.008862
-0.027700
0.443264
0.179150
0.090161
0.153635
0.336615
0.170566
0.893995
0.039213
-0.181551
0.213671
-0.196957
-0.100415
-0.919660
0.673452
0.205355
0.358605
0.050330
0.107270
-0.805785
-0.278388
-0.419901
-0.461709
0.440100
-0.183473
-0.610910
0.450491
0.215976
-0.960060
0.570375
-0.211907
0.417701
-0.823600
0.892966
-0.286871
-0.428423
-0.003310
0.225819
0.043558
-0.205545
-0.153144
-0.202070
0.393703
0.606782
-0.417084
-0.340451
-0.069456
0.114168
0.266567
-0.486537
0.124786
-0.627989
0.004077
-0.541157
0.142454
-0.346382
-0.060397
-0.427926
0.191042
-0.748802
0.732560
0.354707
-0.302721
0.150100
-0.535794
0.319625
0.079093
1.000000
-0.366351
-0.260631
0.121201
0.216436
0.032745
0.052596
-0.079675
0.861567
0.659195
-0.622193
-0.329097
-0.856084
0.069579
0.673810
0.359055
-0.130931
0.275110
-0.658230
0.278467
0.810811
0.355557
-0.040083
0.799025
0.632795
0.297485
0.466836
0.181943
-0.244161
-0.244184
-0.389652
0.722424
0.081908
0.510428
0.550503
0.237146
-0.518474
-0.258989
0.224189
0.621999
-0.209068
-0.424385
0.120908
0.488886
0.170035
-0.694817
0.194235
-0.521888
0.464841
0.838214
0.682821
0.075119
-0.372187
-0.254116
0.044621
0.670260
0.819004
-0.446740
0.501350
-0.096251
-0.278164
0.828654
-0.094293
-0.170338
-0.762406
0.118644
0.913808
-0.533482
0.835161
0.193375
-0.040429
0.212272
0.370615
-0.108569
0.125415
1.000000
-0.073681
-0.022460
0.195338
-0.812605
-0.119162
0.045046
0.208983
-0.341769
-0.126739
-0.310867
-0.667133
0.010256
-0.395860
0.070047
-0.269780
-0.593164
0.023696
-0.331597
-0.080503
-0.579561
-0.707321
0.031349
1.000000
0.875444
-0.787776
-0.596564
0.011932
-0.152338
-0.478116
0.289841
-0.063212
-0.823800
-0.416307
-0.807842
-0.240986
-0.322730
-0.124584
0.277473
-0.439045
-0.308233
-0.015153
-0.748080
0.215375
0.399111
-0.003683
0.109787
-0.052359
-1.000000
1.000000
0.056045
0.194079
-0.560468
0.368639
0.539958
0.095176
0.698930
-0.814165
0.248052
0.796932
0.643431
-0.088301
0.237071
-0.469955
0.039906
0.922428
0.648797
-0.332662
-0.449272
1.000000
-0.164313
0.497393
0.706664
-0.017941
0.006389
-0.031863
0.260225
0.412492
0.453425
-0.535082
-1.000000
-0.165950
-0.913198
0.886410
0.187306
0.627275
-0.037223
0.148268
0.182765
-0.462960
0.019331
0.378238
0.974116
-0.605439
-0.000926
0.045022
0.010463
0.114060
-0.090740
0.071922
0.085436
-0.454756
0.758609
-0.227144
-0.714914
-0.211941
-0.841197
0.208916
0.055913
-0.168426
0.414174
0.253782
0.544222
0.188806
-0.343271
-0.728442
0.134223
-0.248850
-1.000000
0.286535
-0.839718
-0.129076
0.070811
0.424729
-0.785575
0.809856
-0.371515
-0.812278
-0.721042
-0.407041
-0.431093
0.336991
-0.170725
-0.373491
0.471192
0.468317
0.231673
0.237548
-0.153537
-0.135363
0.848722
-0.387691
-0.714407
0.883729
-0.044405
-0.357305
0.320696
-0.527967
0.138993
0.398953
-0.162819
0.386617
0.847541
-0.286663
-0.423645
-0.071170
-0.622665
-0.714960
0.452865
0.134985
-0.262242
-0.553249
0.482232
0.377080
-0.844042
-0.198963
0.648484
0.830711
0.060746
-0.135917
-0.546195
-0.673278
-0.649442
0.749013
0.388509
-0.201371
-0.315816
-0.413774
-0.196581
-0.352844
0.248006
-0.673087
0.254996
-0.256931
-0.334730
0.864695
-0.242622
0.220923
0.186450
-0.604912
-0.172220
0.260645
-0.187174
0.402445
0.000805
-0.885704
0.626665
0.598342
-0.146793
-0.154419
-0.679606
0.294999
-1.000000
0.587173
-0.046681
0.221807
0.172388
0.982225
-0.169524
0.477266
0.566496
0.928177
0.270956
-0.429278
0.265889
0.086383
0.544529
-1.000000
0.301394
-0.563373
-0.512305
-0.364704
0.363768
0.180452
0.487367
0.002235
0.667971
-0.550637
1.000000
-0.936608
0.350057
0.924352
-0.506767
0.414376
0.182636
0.010350
0.754550
0.758639
0.891211
0.136300
0.376118
-0.906780
-0.070861
-0.399758
-0.248059
0.075548
0.245910
0.238546
-0.614489
-0.194408
-0.037732
0.076023
-0.689198
-0.296204
0.240907
0.015305
-0.401913
0.273778
0.196559
-0.076354
-0.014624
-0.420010
-0.218174
0.513725
-0.982522
0.190789
-0.020605
-0.930937
-0.446808
0.281980
-0.933356
-0.330435
0.380120
1.000000
0.297473
-0.242279
0.318829
0.315160
-0.567658
0.253182
-0.492144
-0.665660
0.278041
0.300205
0.070814
0.049847
0.225156
0.113522
0.163705
0.323369
-0.725367
0.070580
0.129940
0.403307
0.963637
0.707649
0.225124
0.619634
0.508158
-0.291808
-0.311573
0.413873
-0.690492
0.275495
-0.018948
0.258494
0.334222
-0.080322
-0.359760
0.356134
0.026234
-0.128453
-0.044064
-0.412823
-0.333670
1.000000
0.108250
0.196833
-0.340090
0.115756
-0.083533
0.318692
-0.371252
-0.471877
0.694350
0.395408
0.219765
0.050021
-0.962575
0.689546
-0.889068
-0.070364
-0.025487
-0.727891
-0.537927
0.342884
-0.284470
-0.692944
-0.346917
0.362222
-0.419181
0.020423
-0.629733
0.384515
-0.216213
0.847767
0.124448
-0.140617
-0.505441
0.422132
0.351542
-0.759298
0.949983
-0.235196
0.457915
-0.403681
0.228687
0.056513
-0.031634
0.400371
0.591796
0.125574
0.830530
-0.080492
1.000000
-0.591690
-0.168198
-0.290844
-0.308660
-0.514532
-0.306066
0.403430
-0.430763
0.006622
-0.849902
-0.287816
0.170120
-0.819823
0.264792
0.685566
0.442755
0.794794
0.052440
0.359300
0.989174
0.703345
0.631355
-0.104549
-0.141914
0.006858
-0.682285
0.425949
0.186303
0.165834
0.010817
-0.798711
-0.332472
0.674722
-1.000000
0.094568
-0.968841
0.437624
-0.586716
-1.000000
0.020955
-0.377242
0.221206
0.059350
0.068280
0.189828
-0.043380
0.123183
0.297736
-0.622770
0.760658
0.238291
0.231500
0.183732
-0.222754
0.651217
0.459563
0.211595
0.074889
-0.901884
-0.037970
0.110421
-0.532248
0.553210
0.051165
0.617110
-0.238417
-0.969805
-0.324810
0.096339
0.301162
0.101248
-0.363032
0.126290
0.014513
-0.761970
0.053480
0.536185
-0.821263
0.190454
0.128424
-0.052065
-0.303771
-0.392526
1.000000
0.566520
-0.885276
0.206405
-0.385598
0.174538
-0.243894
-0.072693
-0.152734
0.088961
-0.191224
-0.349026
-0.115638
0.263032
0.665212
-0.621936
-0.738706
-0.482998
-0.093314
-0.564896
-0.642321
0.317612
-0.350235
-0.118026
0.068194
-0.132645
0.985248
0.549244
-0.094565
-1.000000
0.025167
0.347529
-0.301140
0.441980
0.066608
-0.453028
0.864312
0.791533
-0.039237
-0.542637
0.223204
-0.737740
-0.294104
-1.000000
-0.562568
-0.271074
0.862770
-0.205173
1.000000
0.473870
-0.388960
0.039293
-0.456138
-0.010630
0.345700
-0.144755
-0.309445
0.077190
-0.310385
0.660901
0.708980
-0.247718
0.499561
0.149560
0.304683
-0.057168
-0.599176
-0.834233
0.090315
-0.198318
0.128460
0.959452
-0.014629
0.446713
0.143768
-0.334377
0.158009
0.728825
0.421115
0.053612
0.601561
-0.926013
0.111256
0.391050
0.238806
-0.087791
0.324631
0.304301
0.836443
0.246508
-0.575643
-0.752962
-0.192299
-0.435960
0.953870
0.044032
-0.166408
-0.803183
0.166286
-0.217490
0.429482
0.045241
-0.097605
-0.278804
-0.363643
0.676152
-0.801622
-0.303981
0.147485
0.579231
-0.109418
-0.198587
0.186868
0.028602
-0.489029
-0.540920
0.086975
-0.708270
-0.050332
0.283989
0.075982
-0.612045
-0.267796
-0.721853
0.333623
0.030876
-0.089146
-0.760914
0.300085
-0.019683
-0.558868
-0.372729
-0.273039
-0.082819
-0.576339
0.092396
0.658905
-0.690498
-0.887983
-0.268739
-0.096805
0.630645
-0.307111
-0.072047
0.308409
-0.014583
-0.840111
-0.720566
-0.807668
-0.204036
-0.414044
-0.017405
0.399285
-0.584368
-0.085006
-0.555545
1.000000
-0.442470
0.457082
0.206972
-0.170160
0.558901
-0.893059
0.890276
0.735007
0.369351
0.392215
-0.406578
-0.148654
0.241277
-0.212069
-0.252472
-0.361755
-0.099229
-0.706326
0.349490
0.570220
0.369436
-0.455744
-0.867792
0.280929
0.331838
-0.629429
0.139193
-0.367686
0.591964
0.104293
-0.079440
-0.091517
0.783188
0.678787
0.702372
0.493988
0.099120
0.536377
-0.286991
0.363848
0.057863
-0.158521
-0.578231
-0.784770
0.467065
-0.108322
0.102769
-0.322422
0.099560
-0.466341
-0.512684
0.642437
0.334650
-0.171214
-0.173985
0.134372
-0.783143
-0.449182
0.150481
0.305918
0.634576
-0.840263
0.774884
-0.642343
-0.193868
-0.532656
1.000000
-0.609880
-0.175792
0.341742
0.740238
-0.254157
0.202561
-0.031825
1.000000
0.063228
-0.490663
0.046625
-0.948287
0.269511
0.283451
0.131943
-0.012616
-0.536234
0.202616
0.001578
0.243794
0.636458
-0.902931
0.029704
0.661627
-0.067208
-0.468203
0.434422
0.672341
0.030069
0.206016
-0.426348
-0.984325
-0.388843
0.706510
0.017001
-0.397080
-0.508944
-0.749028
-0.271730
-0.003615
-0.789817
0.460018
-0.035047
-0.222033
-0.087301
-0.660002
0.472046
0.231201
-0.080118
-0.223870
-0.028798
-0.986276
0.107070
-0.614962
0.029050
0.039830
0.329960
0.074896
0.193581
-0.029445
-0.207301
-0.084756
0.315937
-0.199787
0.117223
0.239492
-0.696188
-0.875098
1.000000
0.001725
-0.093157
-0.458443
0.285239
0.240762
-0.250876
0.536353
0.898737
-0.313693
0.677924
0.198852
-0.283790
-0.044140
0.561542
-0.388912
-0.265262
-0.724338
0.376017
-0.469136
0.061016
-0.508744
0.570266
0.095361
0.197471
0.257081
0.488623
-0.216177
0.533907
-1.000000
-0.136857
-0.649161
0.076557
-0.721068
-0.845608
0.548371
0.112119
-0.180917
0.844449
-0.564338
-0.145656
1.000000
0.452950
-0.723792
0.636809
0.395896
-0.163522
0.634612
-0.189897
0.522877
-0.052186
-0.061371
-0.494378
0.135765
0.043417
-0.310122
-0.769873
-0.117751
0.723774
-0.004663
-0.628489
0.056122
-1.000000
0.496135
-0.011873
0.182992
-0.997636
1.000000
0.070048
-0.893786
0.794786
0.976235
-0.733150
-1.000000
0.883307
-0.077692
-0.124556
1.000000
-0.068877
-0.167361
0.295686
0.151245
-0.713785
-0.788748
0.124403
-0.386301
0.683401
0.907228
0.235345
-0.023541
0.760331
-0.146027
0.583584
-0.264468
-0.431655
-0.016336
0.849452
-0.465973
-0.150430
-0.100952
-0.590808
-0.435987
-0.500274
0.594234
0.398549
0.955564
0.510341
0.642253
-0.056883
0.417895
-0.729815
0.143147
0.052477
0.093294
-1.000000
0.515112
-0.067370
0.913324
0.114543
0.560134
0.468810
0.382280
-0.252494
0.410338
-0.816287
0.063545
-0.956913
-0.670816
0.082856
-0.192441
-0.367164
1.000000
0.914232
0.737163
0.876270
0.803891
0.034121
-0.368080
0.206816
0.157186
-0.474533
0.678707
-0.116979
-0.051784
0.386159
0.113707
-0.424515
0.794097
0.123512
1.000000
0.834580
0.005357
0.932265
-0.919813
0.243354
0.234750
0.997412
0.018669
0.338377
-0.874591
0.253094
-0.887429
-0.706991
-0.611495
-0.303965
-0.499804
-0.856489
-0.762599
-0.034800
0.331305
0.122780
0.232731
-0.293480
-0.492097
-0.189784
-0.242240
-0.312287
0.250909
0.173330
-0.346354
-0.088968
-0.814157
-0.056526
-0.069260
0.024580
-0.953841
0.246904
-0.783177
0.512144
0.203768
-0.045888
0.067400
-0.584478
0.469984
0.349127
-0.036992
0.248923
-0.238163
-0.682531
-0.069795
0.148766
-0.166695
0.860866
0.225363
0.683629
0.097280
0.045834
-0.070787
-0.135521
-0.744848
1.000000
-0.148272
-0.929623
-0.115854
0.244964
0.030228
-0.444636
0.461582
0.181144
0.224555
0.109173
-0.341261
1.000000
0.998279
-0.365257
-0.871280
0.416674
-0.110185
-0.036454
-0.176867
0.132770
0.228204
-0.185820
-0.374382
0.014519
0.325243
0.117253
-0.051662
0.404786
-1.000000
0.149459
0.063285
-0.074401
-0.090890
-0.642636
0.470330
-0.404303
0.788286
0.482938
-0.011071
0.551387
0.033031
0.134944
-0.387102
0.297217
0.794026
0.535184
0.434334
0.540823
0.726394
-0.531408
0.021726
-0.161857
0.292684
-0.625815
-0.524893
-0.600387
0.311857
-0.136064
0.197295
0.551380
-0.639652
0.434570
0.406396
0.757472
-0.072109
-0.114004
0.555033
0.437208
-0.455333
-0.014240
-0.423359
-1.000000
0.558835
0.116848
-0.949565
-0.586422
0.211448
-0.085883
0.115426
0.664072
0.710415
0.286707
0.032842
0.680159
0.553986
-0.650645
-0.176565
0.262609
0.651311
-0.327598
0.860733
0.638029
0.060270
-0.429551
-0.720999
-0.018315
-0.423647
-0.922020
-0.249620
-1.000000
0.374659
0.155089
-0.093908
-0.026602
-0.155663
-0.868729
-0.059211
0.810014
-0.399633
0.682435
-0.259425
0.003729
0.908597
0.466519
0.005908
-0.637038
-0.161628
-0.160933
0.052393
-0.101223
-1.000000
-0.227929
-0.121741
0.041892
-0.148283
0.040181
-0.962348
-0.601158
0.244047
-0.396198
-0.055292
-0.776189
0.648554
0.135637
-0.031049
0.288526
-0.355200
0.009689
-0.106026
-0.117809
-0.466495
-0.600089
0.256753
-0.258640
0.084897
-0.105389
0.022256
-0.393001
0.273766
0.355726
0.198378
0.178504
-0.204564
0.189852
0.175239
-0.101410
-0.365477
-0.562357
0.017624
-0.193998
-0.644765
0.212230
-0.108959
-0.572763
-0.597629
-0.331627
-0.513262
-0.285805
-0.077143
0.700003
-0.547022
-0.307178
-0.029975
-0.754630
0.357280
0.326410
0.720905
0.414642
-1.000000
-0.866270
1.000000
-0.039008
0.330665
1.000000
0.930757
-0.441780
0.255713
0.164721
-0.154614
-0.084424
-0.874903
0.437876
0.209393
-0.733872
0.634729
0.252717
0.131451
0.116741
0.139718
0.886566
0.104288
-0.452461
-0.864814
-0.257528
-0.518983
-0.859196
0.886997
0.083637
0.635148
-0.457169
-0.122426
-0.075892
0.313563
-1.000000
0.947858
0.659670
-0.285363
-0.138104
-0.696635
0.037391
-0.788334
0.252033
0.383348
0.278074
-0.871739
0.727736
0.235526
-0.171375
0.378164
0.156694
0.513513
0.031292
0.760887
-0.887507
0.093566
1.000000
0.020888
0.588337
0.555004
0.292757
-0.072786
-0.008958
0.310143
0.145846
-0.106609
-0.005723
-0.119633
-0.122732
0.959602
-0.074870
-0.556123
0.140906
-0.345497
0.362555
0.359006
-0.067370
-0.438945
0.351936
-0.038489
1.000000
1.000000
0.950595
0.277449
-0.633744
-0.221504
-0.952285
0.026092
0.482302
0.111042
0.056840
0.083633
-1.000000
-0.278024
-0.132607
-0.314146
0.835684
-0.873755
-0.019132
-0.871054
-0.071368
-0.006560
0.672107
0.845531
-0.309302
-0.227115
-0.845700
0.912068
-0.388330
0.075692
0.401101
0.275066
-0.047322
0.078056
0.588868
0.705975
-0.314118
0.058916
0.417193
-0.284275
-0.630230
0.409702
0.303629
0.191307
-0.091779
0.310507
0.869896
-0.639391
-0.510431
0.230891
0.515121
-0.952248
0.746962
-0.898200
-0.443268
-0.421827
-0.325021
0.134721
0.337200
0.245270
0.004130
0.257882
-0.233657
-0.612577
-0.421684
-0.102715
-0.076364
-0.067744
-0.017845
0.122824
0.207135
0.361753
0.196040
-0.161999
0.327358
-0.130411
0.102472
-0.188151
-0.858355
0.468349
-0.092236
-0.246779
0.695326
0.062730
0.136408
0.126548
-0.064356
0.475963
0.701761
0.986406
-0.159631
0.445494
0.898995
0.528145
-1.000000
0.292257
-0.013858
-0.169644
0.990840
-0.459834
-0.552522
0.131300
0.565816
-0.026881
-0.223261
0.389230
-0.348953
-0.010031
-0.486827
0.032142
0.401094
-0.353935
0.380005
0.879194
-0.599613
0.099633
0.752327
0.033801
-0.517085
0.522366
-0.244494
0.216892
-0.118667
-0.127725
0.214518
-0.458129
-0.739329
-0.713105
0.126811
0.504978
0.810263
0.497868
-0.208614
-0.366298
0.321456
-0.046199
0.226863
-0.248264
-0.445429
-0.164293
-1.000000
0.862774
0.272995
-0.412003
0.324862
0.102072
-0.827420
0.075169
0.099297
0.679123
0.207994
-0.402021
-0.173504
0.180692
-0.275176
0.631419
-0.495469
-0.628854
0.045134
0.907432
-0.123995
-0.414225
0.500347
0.062991
0.452254
0.542291
-0.278735
0.517630
-0.504107
-0.210501
0.288928
-0.242578
-0.269901
0.168593
-0.685267
0.497463
0.152169
0.083106
-0.139634
-0.082374
0.375179
1.000000
1.000000
-0.052271
-0.205434
0.264165
0.364707
0.590107
0.097410
-0.411922
-0.122576
-0.652917
-0.163312
0.452040
0.711247
-0.209758
-0.152039
0.227968
0.095265
0.468012
-0.508602
0.178464
0.215323
-0.986107
0.231833
-0.036751
-0.016998
-0.255043
0.180255
-0.364832
-0.475205
0.148379
0.883251
0.618309
0.355366
0.049117
-0.082269
-0.169919
0.457932
0.651767
0.579070
0.013588
0.300841
-0.300125
0.566926
-0.141081
-0.836393
-0.293896
-0.222016
-0.385465
-0.044863
-0.541337
-0.450911
-0.327550
-0.077038
-0.034794
-0.502315
-0.086866
0.542698
0.679302
0.900661
-0.570443
-0.119985
-0.200802
-0.105051
0.290414
-0.515453
-0.053500
-0.055081
-0.233905
0.043453
0.279944
-0.305921
0.783944
0.197988
-0.158010
-0.765827
-0.365158
-0.529178
-0.147447
-1.000000
-0.486604
-0.626062
-0.114226
0.146509
-0.440569
0.298265
-0.707602
0.501377
0.589188
0.106197
0.193943
0.082691
-0.025156
-0.752091
-0.268725
-0.185312
-0.144932
0.594199
0.243008
-0.450471
0.005621
-0.074553
0.163539
-0.358688
0.631909
0.246039
-0.505357
0.433177
0.131413
0.490992
-0.316941
-0.257254
0.285466
0.359382
0.049856
-0.174070
0.838496
-0.934410
0.397218
-0.780497
-0.641729
0.039653
0.460209
0.083931
-0.641423
0.024574
-0.440789
0.196629
-0.742418
0.060170
0.329254
-0.551357
-0.035846
0.329791
-0.409032
-0.804570
0.318659
0.312494
0.024151
-0.005982
1.000000
0.802497
-0.219177
-0.133480
-0.471964
-0.530447
0.277277
0.182544
-0.860838
0.088726
-0.133097
0.324176
-0.128787
-0.820549
-0.055471
-0.454476
0.415725
0.826091
0.619080
-0.438285
0.776511
-0.047884
-0.919435
0.210159
-1.000000
-0.045916
0.396786
-0.684506
0.085970
0.018050
-0.372231
0.688938
0.884107
0.554096
0.070832
0.036528
-0.119811
0.295791
-0.009080
0.272405
-0.387334
0.800909
-0.016273
-0.747150
-0.931626
-0.353774
0.561410
-0.275491
1.000000
0.406320
-0.476432
-0.408375
-0.854717
-0.146945
0.895763
-0.466075
0.141124
0.321428
-0.201347
-0.289482
-0.479827
0.075631
0.319056
-0.342362
0.154884
0.372263
-0.390676
0.569397
-0.117304
0.699754
0.293900
0.898544
0.380218
-0.095659
-0.315766
-0.748723
0.367421
-0.880257
0.462661
-0.153957
0.162514
-0.452954
-0.013515
-0.192197
0.421620
0.018640
-0.596921
0.005869
-0.526510
-0.901955
-0.408137
0.524574
-0.363562
-0.732197
-0.071314
-0.295411
-0.036388
1.000000
0.804598
0.095253
-0.266622
0.546151
0.567253
-0.431319
-0.957718
0.661748
0.077910
0.162443
0.384894
0.075290
0.748820
-0.443998
0.609609
-0.030527
-0.207809
0.376691
0.237455
1.000000
-0.033027
0.097512
-0.352486
0.264521
-0.630495
-0.779488
-0.065728
0.307566
-0.349029
0.175778
0.734713
-0.480945
-0.836299
-0.046541
-0.467758
0.466785
-0.067575
0.052688
-0.431755
-0.467585
-0.360149
-0.008923
0.212977
0.081539
0.007912
-0.916998
0.321755
0.481138
-0.551079
-0.727491
0.352577
0.233239
0.273365
-0.290403
0.074162
0.665682
0.211742
-0.237671
-0.974396
0.514446
0.764059
0.501128
-0.149490
0.060460
-0.290463
-0.635400
-0.830877
0.259599
-0.513916
0.873276
-0.181246
0.270660
-0.323835
0.929537
-0.816757
-0.065687
-0.073226
-0.360711
0.599511
-0.088326
0.446385
-0.565720
-0.681664
-0.687766
-0.068669
-0.129857
0.145305
-0.252559
-0.953341
0.371115
-0.251067
-0.824728
-0.286274
0.336524
-0.308920
-0.194531
0.518225
-0.943962
-0.204306
-0.328859
0.138327
-0.178337
0.896771
1.000000
-0.088675
0.367368
0.527264
0.589003
0.227439
0.461929
0.297136
-0.282909
-0.226251
-0.308938
-0.300544
0.657345
0.925040
0.352397
-0.087559
-0.771392
0.230046
1.000000
0.272207
-0.695309
-0.297118
-0.388971
0.030142
-0.093329
0.147254
0.370718
-0.191650
-0.469922
-0.464899
0.147484
0.200850
-0.205104
0.159278
-0.659874
0.634582
-0.205208
-0.129411
-0.320635
-0.037867
-0.112350
-0.314190
1.000000
-0.478446
-0.367994
0.086049
-0.242247
-0.097316
0.083930
0.443984
-0.300390
0.458057
-0.318392
0.398208
0.450860
0.935928
1.000000
0.236657
0.224962
-0.454521
0.447319
-0.457132
-0.661410
0.344927
-1.000000
-1.000000
0.714569
-0.428236
-0.727000
0.327214
0.428037
0.435172
0.148139
-0.506988
-0.501167
-0.583709
0.063216
-0.137107
0.041848
-0.179503
-0.579166
0.504844
0.147065
-0.461235
-0.866284
0.545438
0.495003
0.505584
0.140552
-0.118464
-0.082771
-0.175469
0.205140
-0.328544
-0.027914
-0.268964
0.534832
0.426585
-0.062325
0.431089
0.060216
-0.505910
0.080005
0.175635
0.566496
0.531753
-0.042949
0.713655
-0.054015
-0.969005
-0.117379
-0.312688
-0.682426
0.025878
-0.465448
-0.367583
0.622416
0.330369
-0.612342
-0.307261
0.549935
0.300714
-0.153252
-0.401322
0.474268
0.598058
-0.000554
-0.194927
0.452968
0.114399
-0.894530
-0.524423
0.338343
0.746060
-0.240258
0.227867
-0.425488
0.025920
-0.254028
-0.392689
0.082724
-0.279900
0.117391
-0.881178
0.105101
0.901747
0.436453
0.439738
0.175847
0.908880
0.495681
-0.356456
-0.010072
-0.032341
0.627372
-0.151990
0.335235
-0.626744
0.007916
0.424815
0.327843
0.123444
0.556318
-0.457119
0.073116
-0.015077
0.591095
-0.228802
0.054703
-0.927368
0.185075
0.431821
-0.339372
0.056522
0.916986
-0.602121
-0.923912
-0.232667
-0.554779
-0.079745
-0.970638
-0.417801
0.119200
-0.323456
0.086342
-0.534215
0.114198
-0.696553
-0.065965
-0.552875
-0.634810
-0.581657
-0.092536
-0.337605
-0.269261
-0.329122
0.043107
0.090807
0.245425
-0.060257
-0.014348
-0.695594
-0.189779
-0.424003
-0.322440
1.000000
0.565412
0.338359
-0.196707
-0.447069
-0.345033
-0.215406
0.268108
0.256734
0.393807
0.849451
0.149162
1.000000
-0.054812
0.247178
0.492840
-0.442720
0.361888
-0.686066
-0.380975
0.820668
0.161792
0.322859
0.324788
-0.397747
0.192704
-0.119404
-0.007713
0.769183
0.016451
-0.876804
-0.236635
-0.521050
-0.704092
0.264381
0.475117
-0.904982
0.156251
-0.198523
-0.063563
-0.613592
0.176334
-0.105115
0.092564
-0.326959
0.402405
-0.341219
0.230112
0.193260
-0.042173
-0.238163
-0.802631
0.543546
0.269171
0.094268
0.135410
-0.341145
-0.492867
-0.493001
-0.395065
0.302687
0.022384
0.191123
0.243127
0.369269
-0.105410
0.253141
-0.452723
0.930035
0.000857
-0.607187
-0.480565
0.212674
0.199853
-0.205517
-1.000000
-0.008521
0.695106
-0.265627
-0.540610
0.489219
-0.258905
-0.196976
0.197349
-0.614857
0.379758
0.575621
-0.375615
-0.712283
-0.227034
-0.097569
0.634892
0.020160
-0.031431
0.579544
-0.202863
-0.132236
-0.903687
0.632130
-1.000000
0.165336
-0.774528
0.033832
0.714163
-0.937623
-0.833667
-0.354843
0.204810
0.184256
-0.137866
-0.816796
0.017397
-0.062016
0.370078
0.434771
0.207685
-0.225045
-0.463514
-0.134738
-0.338524
-0.653283
0.766350
0.130422
0.105835
-0.706831
-0.719638
-0.433204
-0.210509
0.034641
0.800524
0.734669
-0.636197
0.320968
0.878467
0.133096
0.914646
-0.068766
0.346862
0.138749
0.543609
0.017899
-0.590430
-0.941661
0.011174
-0.128127
0.746954
0.366581
-0.167853
-0.150583
-0.501033
0.186667
-0.755735
-0.025108
-0.397924
0.186173
-0.314320
-0.458804
0.527708
-0.595720
-0.002501
0.485476
-0.259557
-0.274293
0.653421
-0.921709
-0.386069
0.265444
-0.039401
-0.408186
0.154121
0.104323
-0.058066
0.803754
0.219979
-0.854246
-0.087586
-0.418796
-0.064092
-0.681910
-0.203331
-0.067628
0.774186
-0.017367
-0.656872
-0.460074
0.098181
-0.873742
-0.219987
-0.014911
-0.853082
-0.579958
0.806184
0.013892
0.383472
0.803077
-1.000000
-0.005222
-0.245737
-0.033997
-0.348545
-0.549757
0.173378
0.494149
0.037231
-0.860023
1.000000
-0.468873
0.418371
-0.337181
-0.162992
-0.759792
-0.585465
-0.232567
-0.685685
0.450290
-0.545214
-0.394431
-0.116784
-0.187024
-0.071098
-0.594209
0.347403
0.550344
0.521225
-0.003236
0.262096
-0.998857
0.274831
0.390213
0.091265
0.239776
0.428885
0.539084
0.018044
-0.538104
-0.764454
0.132030
-0.808631
-0.747534
0.789562
0.885479
0.232349
-0.872784
0.969518
-0.445652
-0.763732
0.014252
-0.318681
-0.346035
0.064497
0.100973
0.662684
-0.664299
0.657224
-0.697396
0.003985
0.772391
0.270381
0.092905
-0.120341
0.179319
-0.802522
0.129126
-0.538824
-0.455551
0.509441
-0.059178
-0.038336
-0.160504
0.348217
-0.605302
0.756248
0.428585
-0.811380
-0.010964
-0.178176
-0.106150
-0.472417
0.165645
-0.316241
0.112093
-0.457658
-0.129563
0.397409
0.419248
-0.452872
-0.924528
-0.469862
0.151838
0.035753
-0.803657
0.387866
-0.878651
0.114773
0.357823
0.423665
0.812042
-0.234423
-0.029611
-0.186196
-0.169117
-0.921630
0.465626
0.315205
0.140263
0.988792
0.046210
0.423537
0.167964
0.019362
-0.887672
0.728839
-0.048886
-0.715623
-0.325166
0.729062
-0.137798
0.234513
-0.294936
-0.143083
1.000000
-0.285267
0.172163
0.326837
0.088533
0.165813
-0.086230
-0.423872
-0.550647
-0.343690
0.332049
0.285521
0.689733
-0.716936
0.500218
-0.073453
-0.903468
0.883179
-0.200577
-0.221286
0.134077
-0.585849
0.834222
-0.024175
0.448947
0.647551
-0.832130
0.302957
-1.000000
-0.326607
0.165626
-0.000959
0.333846
0.262768
-0.013106
-0.991678
0.128802
0.295352
0.156162
0.644527
0.411784
0.434191
0.286155
-0.381697
0.479090
0.242302
0.158678
0.508507
-0.033911
0.282889
0.331234
0.489824
0.108912
-0.252600
0.082082
-0.427843
0.324241
-0.136075
-0.194862
0.438864
0.834137
-0.386745
0.083668
0.746235
-0.014612
0.192214
0.189271
0.596616
-0.265251
-0.188044
0.327307
-0.513459
-0.888831
0.199330
-0.441576
0.220254
0.050717
0.571757
-0.839025
-0.793603
0.428704
-0.242589
0.671147
0.301666
0.439442
-0.117873
0.226373
0.182642
0.128559
0.742307
-0.024387
-0.966192
-0.752205
-1.000000
-0.470201
-0.066585
-0.766604
0.562418
0.292278
0.060006
1.000000
-0.119962
0.285563
-0.195086
-0.227232
0.300943
-1.000000
0.218583
-0.030770
-0.533583
-0.004357
0.373361
-0.286142
-0.733664
0.914095
-0.681691
-0.189159
0.069507
-0.074773
-0.076515
-0.626858
0.451107
-0.467043
-0.000133
-0.239234
-0.155810
0.137309
-0.077548
-0.790887
-1.000000
-0.950412
-0.280564
0.108883
0.068524
-0.224381
0.915461
-0.218821
-0.437653
-0.106706
-0.178021
0.200708
0.448784
0.152926
-0.890281
0.566274
0.589481
0.071395
-0.442046
-0.793820
-0.117880
0.840680
-0.241191
0.685342
0.882889
0.098244
-0.021601
-0.406438
0.343448
-0.198586
0.913192
0.635218
0.018169
-0.239909
-0.473548
0.077498
-0.009913
-0.032503
0.936742
-0.987380
0.656243
-0.193754
0.120961
-0.234190
-0.431892
-0.474941
-0.819924
-0.699151
0.262671
-0.354628
0.328220
0.905334
-0.471958
-0.286504
0.342944
-0.904823
0.138577
-0.490521
0.072080
0.292731
-0.210949
0.479825
0.204958
-0.569303
-1.000000
0.016581
0.277322
0.415137
-0.402483
-1.000000
-0.427352
-0.592742
0.077325
-0.094374
-0.159583
-0.429718
-0.052541
0.020509
0.104385
0.058388
0.244370
0.059047
1.000000
-0.005228
0.053515
0.445153
-0.198199
0.307827
-0.697829
0.338754
-0.565051
0.022028
1.000000
-0.882353
1.000000
0.223651
-0.272011
0.568684
-0.603680
0.283115
0.171868
0.516032
-0.192006
0.424236
-0.628553
0.454086
0.033241
-0.198179
-0.323177
-0.162042
0.228641
0.239118
0.500933
0.669538
0.483339
0.256692
0.473085
-0.494479
-0.741566
0.581692
-0.153177
0.355031
0.491679
-0.272310
0.171240
-0.143657
-0.041426
0.603530
0.000112
0.542494
0.201845
-0.612428
-0.010955
-0.704568
0.212767
-0.542456
-0.095396
-0.214684
0.887745
-0.232042
0.120301
-0.127009
0.275669
0.162088
-0.101672
0.235540
-0.280985
0.874299
-0.653428
-0.449233
0.462409
-0.718047
-0.572960
0.833023
0.589367
-0.452549
0.972791
-0.225577
0.246338
0.430739
-1.000000
-0.416247
0.307957
0.211159
-0.198748
-0.241597
-1.000000
0.345494
-0.050033
-0.641996
0.295225
0.673094
-0.288508
0.004650
0.409260
0.120583
0.189742
-0.238123
-0.219441
0.042977
-0.465658
-0.019106
0.334039
0.361600
0.397019
-0.217882
0.507710
-0.871132
0.604057
0.007921
-0.486879
-0.196715
0.430560
-0.011177
0.845103
0.777816
-0.607728
-0.475945
-0.927431
0.081314
-0.825840
0.723928
0.546324
-0.096806
0.193590
-0.574891
-0.697981
0.730357
-0.431349
-0.190644
0.441511
-0.275235
-0.222265
0.791314
-0.676924
-0.225795
0.374079
0.391686
0.022023
0.362657
0.350312
0.093687
0.078079
0.934188
0.097882
0.079055
-0.301428
-0.314067
0.815497
0.587919
0.261701
0.554959
-0.298645
0.095168
-0.037481
0.770688
-0.306792
-0.141051
0.058651
-0.075013
0.193104
0.189768
-1.000000
-0.024402
0.749442
0.741616
-0.482062
-0.647791
-0.791203
0.469261
0.399378
-0.549519
0.040103
-0.413097
-0.615487
-0.126275
-0.796558
0.232198
0.511232
0.827894
0.106555
-0.252180
0.405885
-0.057953
-0.065105
-0.367483
0.599832
-0.044216
-0.062474
0.317732
0.044716
-1.000000
-0.906168
0.583778
0.926172
-0.734974
0.461368
-0.289686
0.115065
-0.745828
0.749211
0.143678
-0.459796
0.317378
-0.411971
-0.112294
0.211032
0.370822
-0.058212
0.687935
-0.407544
-0.590621
0.479655
0.210809
-0.008275
-0.141604
-0.120291
-0.345550
-0.180496
-1.000000
-0.850847
-0.563975
-0.287279
-0.108598
-0.154981
0.448688
0.539440
-0.311993
0.374373
0.160966
0.288157
0.011459
0.249672
0.053906
0.744339
0.321436
-0.755257
-0.306580
-0.357707
0.363591
-0.100280
-0.109235
0.599212
-0.464775
0.224606
0.772942
0.136335
0.757104
0.461692
-0.870711
0.137849
0.071641
0.320610
-0.392436
-0.045641
1.000000
0.496896
-0.087259
0.475513
0.941174
0.616227
0.105781
-0.078135
0.171532
-0.036171
-0.821264
0.001045
0.092811
0.711043
0.000794
0.219788
-0.069905
0.319558
-0.536871
-0.570842
-0.128268
-0.269762
0.653849
-0.233116
0.762009
0.325856
0.364163
0.917323
0.121870
-0.190718
0.549379
1.000000
0.113645
-0.083618
-0.340655
-0.579773
0.199549
-0.092050
0.317472
0.072487
0.203221
0.140678
-0.647880
-0.160210
0.755464
0.180304
0.351076
0.009624
-0.147182
-0.074438
-0.219985
-0.514697
0.045018
0.008728
0.571643
0.901897
-0.170812
-0.477888
0.037147
0.680437
1.000000
-0.179115
0.817992
-0.917602
-0.374721
0.435325
0.376220
0.720141
-0.590565
-0.940732
0.890403
0.025084
0.076582
-0.234416
-0.393659
-0.581077
-0.493153
0.040351
-0.694826
-0.159276
-0.978447
0.442080
0.275610
0.234550
-0.030599
0.642105
0.622381
0.402964
-0.257892
-0.021733
0.151611
-0.204382
-0.134444
-0.065542
0.614951
-0.625458
0.246026
-0.678101
-0.171214
0.069166
-0.557703
0.703899
-0.798813
-0.772801
0.591367
-0.942317
-0.803717
0.326321
0.083885
0.853413
0.239356
0.672267
0.797370
-0.374597
-0.372509
-0.077423
-0.077751
-0.681276
-0.254803
-0.744418
-0.090152
0.346740
-0.257160
-0.462092
0.195958
-0.656733
-0.102600
0.249464
-0.858193
-0.009458
0.128139
-0.176330
-0.220181
-0.842686
0.348297
0.216137
0.383980
0.078436
-0.547922
-0.882766
0.889136
-0.285221
0.546526
1.000000
0.035992
0.235590
-0.012744
0.129090
-0.511000
0.454914
0.255297
0.162658
-0.094176
1.000000
-0.119390
-0.485866
0.261299
0.461265
-0.105093
0.329766
-0.188048
-0.083205
0.415842
-0.145375
0.042803
0.176439
0.892242
-0.413481
-1.000000
0.207356
0.272412
-0.054843
-0.460430
-0.895285
-0.311469
-0.129857
-0.532735
-0.498090
-0.157857
-0.861446
1.000000
0.190578
-0.168936
-0.180506
-0.020300
-0.008743
-0.173855
0.591298
-0.245687
-0.696394
-0.246463
0.554694
-0.350560
0.894233
-0.016230
0.162517
-0.483275
-0.132880
-0.138292
-0.583888
-0.091010
0.124742
-0.328653
0.937050
-0.004729
0.027263
0.342527
-0.167025
-0.094367
0.969580
-0.053113
-0.082872
0.110643
-0.121567
-0.342136
0.671115
0.405588
-1.000000
0.117703
0.499022
-0.073164
0.597423
0.148086
0.388378
0.664593
0.713911
0.572290
-0.258605
-0.634330
0.140440
-0.009151
0.099083
0.982851
0.448955
0.201164
0.170898
0.280844
0.307018
0.952942
-0.075628
0.426332
0.448329
0.818484
0.778204
0.382844
0.648658
-0.774811
-0.223778
0.083645
0.026895
-0.260527
0.223667
-0.038868
-0.344132
-0.111876
0.892285
-0.147630
0.206183
0.242030
0.830805
0.053817
0.102579
0.604090
0.888802
-0.220985
0.238611
0.059461
0.048119
0.000015
-0.934399
0.066778
0.891366
0.360422
-0.190478
-0.472402
0.204822
0.478249
-0.037621
-0.282745
1.000000
-0.098689
0.042339
0.054002
0.911787
1.000000
-0.083034
-0.060426
-0.163002
-0.145630
0.087009
-0.729707
-0.155674
-0.305650
-0.451432
-0.092770
-0.204979
0.017112
-0.043976
0.529480
-0.361571
-0.170364
0.329424
0.375101
1.000000
-0.543315
-0.052196
-0.792398
-0.307375
0.063582
1.000000
-0.156212
-0.012575
-0.397789
-0.696855
0.741886
0.532337
0.363115
0.080365
0.350872
-0.327583
0.078573
-0.691008
0.028962
-0.570431
-0.103580
-0.196784
0.246167
0.567281
0.232620
0.870346
-0.434175
0.886820
-0.012506
-0.520018
0.544106
0.283136
0.438759
-0.056573
-0.218878
1.000000
-0.662197
-0.630458
0.391788
-0.253642
0.062730
0.535403
-0.308433
0.265863
0.631058
-0.484049
0.925056
-0.480645
0.029089
0.377986
-0.977277
-0.019223
-0.051638
-0.559346
-0.120795
0.740370
-0.708174
0.063373
0.317652
-0.067988
0.457697
1.000000
-1.000000
-0.283107
0.872064
-0.215982
0.068125
0.922215
0.298353
-0.060991
-0.222507
-0.350207
0.383120
-0.388822
-0.299809
-0.645355
0.161847
-0.362147
-0.147300
0.428994
0.558617
0.015736
-0.347285
-0.342730
-0.682950
-0.141963
-0.172009
0.140549
-0.533195
-0.353352
-0.824710
0.785207
-0.713422
-0.021957
-0.366489
0.564873
0.345638
-0.099981
-0.184519
-0.097937
-0.174443
-0.002842
-0.572656
0.770673
-0.010792
0.354103
-0.408984
0.256759
-0.513976
-0.050070
-0.100570
-0.085189
0.250363
-0.842360
0.081517
0.390003
-0.002383
0.873252
0.296813
-0.525756
-0.080498
-0.474524
-0.377166
-1.000000
0.545515
-0.568449
0.618757
-1.000000
0.922410
0.465819
-0.884957
0.063702
0.948491
-0.554021
-0.750373
0.650956
-0.457209
-0.151017
-0.110856
-0.026193
0.278148
-0.186323
-0.476332
0.375804
-0.145649
0.009119
-0.177686
-0.532221
-0.959481
-0.173747
0.721367
-0.103255
0.021738
-0.212562
-0.267353
-0.551279
0.167073
-0.363599
-0.893095
-0.257492
0.415717
-0.054775
-0.231219
-0.573479
-0.550043
0.023085
-0.659786
-0.560963
0.416903
-0.466721
-0.087024
-0.061857
-0.542133
-0.399188
0.500664
0.098232
0.346624
-0.512259
-0.377780
-0.320629
-0.292493
0.004455
0.382576
-0.436409
0.040757
0.224024
-0.289289
-0.393742
0.125894
0.421463
-0.672234
-0.268375
-0.847310
-0.358071
0.736513
0.412374
0.227691
0.681823
1.000000
0.851668
-0.251831
-0.834758
-0.799307
-1.000000
-0.122760
0.012897
-0.220410
-0.190398
0.329998
0.689952
0.636851
0.080890
-0.950280
0.947904
-0.079193
0.191537
-1.000000
0.569210
0.441198
0.231534
-0.302076
0.941256
0.027435
-0.256039
-0.331133
-0.212717
0.969799
-0.470651
0.298866
-0.838240
0.069686
0.075552
-0.580574
0.128954
-0.114528
-0.098599
-0.233167
-0.271616
-0.278618
0.222412
0.511905
-0.661635
0.136836
-0.113660
0.252839
0.367601
-0.081468
0.100619
0.091736
0.160972
-0.133653
0.916111
0.707905
-0.408669
0.207202
-0.818776
0.192663
-0.573331
-0.358971
0.678565
-0.142073
-0.622387
0.314554
0.062704
0.113191
-0.268536
-0.204042
-0.345320
-0.014774
-0.376836
-0.495247
0.349279
0.430668
-0.974926
-0.224117
0.163511
-0.540329
-0.000405
0.953064
1.000000
0.190471
0.489726
0.603356
0.108614
-0.884999
0.217172
-0.064767
-0.187974
0.937294
-0.348964
0.684371
0.544637
-0.560827
0.119340
-0.629548
-0.096469
0.713077
0.039507
0.221780
-0.452725
-0.625934
0.067287
0.041520
0.117224
0.087481
0.104756
0.048998
0.147254
0.009551
0.041404
0.141757
0.010790
0.021650
0.028863
0.015334
0.006399
0.035391
0.025306
0.092136
0.028281
0.082995
0.037095
0.023934
0.053032
0.041431
0.025174
0.023365
0.032710
0.077187
0.173480
0.122139
0.129911
0.048781
0.015873
0.039329
0.019368
0.061913
0.010760
0.026461
0.042299
0.050952
0.063536
0.055722
0.027730
0.052028
0.063006
0.014320
0.069350
0.032876
0.012859
0.070420
0.016606
0.127228
0.032134
0.009016
0.119247
0.018130
0.061976
0.048534
0.017160
0.022055
0.175348
0.079583
0.131893
0.094635
0.080049
0.027781
0.466198
0.025677
0.098341
0.074394
0.123750
0.041011
0.087332
0.066369
0.082090
0.010954
0.048659
0.067160
0.073601
0.103967
0.035839
0.044536
0.144750
0.012727
0.024906
0.063645
0.047884
0.165171
0.100290
0.045369
0.101313
0.035569
0.026457
0.017427
0.043045
0.099942
0.018202
0.069226
0.052205
0.137142
0.021865
0.100086
0.011616
0.042961
0.027649
0.086323
0.058762
0.131329
0.051744
0.007816
0.020561
0.034709
0.115917
0.061910
0.021958
0.172856
0.082008
0.006128
0.066761
0.091980
0.032653
0.022803
0.043950
0.038905
0.048236
0.029123
0.063868
0.164803
0.025150
0.044280
0.028669
0.059774
0.025709
0.084447
0.018066
0.046581
0.014702
0.023291
0.074758
0.018060
0.121248
0.020871
0.038091
0.026284
0.083429
0.125611
0.100555
0.079908
0.043587
0.026803
0.082507
0.082797
0.073779
0.073158
0.106853
0.048889
0.056209
0.038809
0.089298
0.020203
0.089214
0.082133
0.029496
0.053731
0.059724
0.069015
0.059151
0.051361
0.013609
0.029176
0.316524
0.024521
0.011402
0.077161
0.041095
0.310492
0.052502
0.034991
0.026693
0.041288
0.068652
0.039302
0.016827
0.127947
0.054592
0.018431
0.057591
0.378497
0.109844
0.018602
0.056761
0.015982
0.039405
0.078205
0.019988
0.108852
0.054592
0.005134
0.214899
0.115756
0.021532
0.051402
0.016574
0.044556
0.059791
0.118405
0.073378
0.087050
0.011029
0.122233
0.034088
0.096895
0.016696
0.079319
0.043763
0.013274
0.026732
0.055397
0.030641
0.112798
0.061275
0.043744
0.048203
0.025155
0.283262
0.400352
0.156642
0.081036
0.017137
0.051580
0.021291
0.093376
0.106606
0.022067
0.060385
0.072107
0.063066
0.040025
0.097905
0.023151
0.032707
0.033024
0.051168
0.087533
0.212842
0.105628
0.064395
0.040543
0.080386
0.030585
0.119348
0.046691
0.060563
0.035356
0.092016
0.330922
0.039543
0.034049
0.069288
0.030156
0.026241
0.065454
0.038075
0.043967
0.077859
0.004009
0.031096
0.066424
0.079214
0.065105
0.263909
0.105928
0.018444
0.040668
0.031715
0.015762
0.041701
0.057544
0.139133
0.019181
0.015843
0.071554
0.158955
0.032459
0.022078
0.100554
0.140977
0.083587
0.055197
0.068372
0.019223
0.028839
0.286780
0.037781
0.040703
0.031825
0.029286
0.050704
0.067239
0.058970
0.140991
0.016940
0.069025
0.066402
0.034548
0.063112
0.321410
0.083482
0.261092
0.059855
0.013838
0.125702
0.130661
0.019163
0.029629
0.102118
0.155095
0.128751
0.011339
0.039118
0.099632
0.011900
0.115265
0.037256
0.028778
0.024257
0.233675
0.048207
0.066894
0.193367
0.019620
0.035822
0.008874
0.041161
0.009157
0.082148
0.026604
0.027831
0.087146
0.104511
0.052162
0.038039
0.122165
0.106754
0.141618
0.036162
0.048905
0.175353
0.118430
0.098368
0.049023
0.278098
0.023417
0.047795
0.067556
0.032301
0.043784
0.019241
0.059946
0.043674
0.025130
0.012604
0.061935
0.216462
0.118587
0.172406
0.126610
0.078223
0.021543
0.161689
0.162953
0.104880
0.034358
0.005344
0.076807
0.110972
0.067891
0.042149
0.075702
0.069524
0.038758
0.043629
0.042268
0.009263
0.011627
0.079973
0.024600
0.108259
0.085435
0.103906
0.359406
0.725121
0.055029
0.160887
0.030255
0.066104
0.046880
0.298462
0.030825
0.012620
0.045381
0.035422
0.083902
0.069271
0.027267
0.125095
0.107030
0.052459
0.024728
0.059387
0.013707
0.070604
0.027047
0.032557
0.041340
0.016913
0.043798
0.075716
0.043893
0.017571
0.009448
0.057759
0.044888
0.093395
0.068209
0.035110
0.055688
0.055410
0.033024
0.022317
0.079983
0.113761
0.156334
0.140681
0.059196
0.013624
0.042080
0.052400
0.065568
0.051056
0.111021
0.010220
0.070201
0.055134
0.010295
0.425566
0.063993
0.018111
0.057586
0.066081
0.062573
0.017857
0.044219
0.034808
0.027182
0.047849
0.090877
0.027728
0.023605
0.060863
0.029403
0.027804
0.061029
0.050292
0.026337
0.041035
0.226443
0.015228
0.047064
0.076547
0.078030
0.069913
0.018542
0.083330
0.044288
0.014368
0.063245
0.031048
0.038210
0.036728
0.057225
0.063052
0.021321
0.032845
0.014893
0.039167
0.075844
0.352180
0.094965
0.105930
0.060461
0.093476
0.026456
0.040267
0.030440
0.032700
0.043897
1.363995
0.027852
0.165615
0.021163
0.096688
0.063527
0.095508
0.066884
0.011580
0.048127
0.086314
0.050350
0.058049
0.021588
0.069597
0.037661
0.036206
0.036652
0.217083
0.097063
0.010959
0.174910
0.028795
0.044916
0.048643
0.036464
0.075878
0.046678
0.011053
0.149877
0.040263
0.015543
0.022750
0.039726
0.036847
0.191334
0.088593
0.043092
0.023472
0.025515
0.014998
0.047577
0.101771
0.018014
0.208607
0.376035
0.058965
0.028768
0.019163
0.026330
0.029326
0.117230
0.064904
0.047393
0.116733
0.037020
0.018161
0.021688
0.031308
0.107027
0.112605
0.125749
0.104565
0.033717
0.061787
0.022480
0.034381
0.009310
0.062265
0.061582
0.053157
0.019160
0.040646
0.167685
0.069384
0.058361
0.042239
0.109271
0.048213
0.096078
0.013546
0.065974
0.024424
0.032064
0.013396
0.067181
0.030891
0.062708
0.066317
0.052887
0.013716
0.008785
0.007857
0.025560
0.031094
0.065372
0.058552
0.064805
0.049646
0.083201
0.014560
0.044306
0.073122
0.056167
0.019900
0.078851
0.031687
0.010614
0.055111
0.056033
0.200895
0.063694
0.080530
0.180226
0.020563
0.028925
0.071899
0.042353
0.037527
0.033967
0.074390
0.092091
0.011943
0.068903
0.023494
0.081659
0.132841
0.011703
0.034121
0.046345
0.049923
0.096556
0.103110
0.016743
0.129695
0.041194
0.021037
0.023407
0.036879
0.042350
0.059725
0.047249
0.034120
0.014900
0.034299
0.028672
0.020535
0.097348
0.044953
0.015646
0.092251
0.062335
0.103804
0.035619
0.008539
0.022664
0.046291
0.038638
0.032998
0.071160
0.113308
0.012606
0.061595
0.104951
0.081219
0.026425
0.044248
0.056959
0.204350
0.046485
0.089121
0.033723
0.026707
0.052266
0.048683
0.138745
0.113088
0.041687
0.026030
0.028079
0.038883
0.124036
0.070433
0.023166
0.052396
0.093847
0.011672
0.101301
0.083784
0.076690
0.135967
0.014651
0.036927
0.051110
0.154523
0.059903
0.103017
0.067722
0.075852
0.121753
0.027032
0.038525
0.100535
0.022244
0.104776
0.101163
0.177911
0.053901
0.009007
0.018444
0.040414
0.017077
0.037897
0.005624
0.087770
0.079162
0.293934
0.022310
0.070668
0.074004
0.037508
0.044839
0.111566
0.032979
0.054137
0.025585
0.070213
0.130627
0.051429
0.025914
0.039735
0.039605
0.039194
0.080953
0.016217
0.014132
0.031232
0.060860
0.032835
0.021072
0.008751
0.045269
0.049379
0.022838
0.142981
0.028663
0.054995
0.047237
0.029450
0.077190
0.074422
0.017902
0.017266
0.021771
0.135013
0.057841
0.033362
0.064033
0.056412
0.019148
0.073634
0.053241
0.022630
0.019498
0.070470
0.054573
0.086927
0.142597
0.060448
0.264985
0.067099
0.019184
0.066030
0.189880
0.105211
0.064039
0.028312
0.029082
0.084533
0.056739
0.010478
0.184186
0.049175
0.066336
0.115385
0.021066
0.052016
0.037378
0.101553
0.034706
0.008478
0.049309
0.020255
0.086749
0.086625
0.110782
0.032557
0.045775
0.037086
0.073976
0.069057
0.053033
0.049862
0.065472
0.040278
0.041461
0.138107
0.133677
0.032208
0.216393
0.070879
0.056898
0.059043
0.096213
0.050841
0.018770
0.064037
0.043193
0.073424
0.056225
0.024511
0.052444
0.049613
0.037697
0.054239
0.050007
0.083932
0.121765
0.091905
0.027523
0.067521
0.116832
0.120856
0.029896
0.073644
0.035207
0.138196
0.009953
0.118119
0.058751
0.046916
0.008477
0.074629
0.152642
0.093116
0.050421
0.086880
0.065937
0.045598
0.047931
0.079313
0.060622
0.018332
0.075410
0.139572
0.049656
0.055987
0.060137
0.061707
0.036840
0.016687
0.021039
0.274651
0.015220
0.086629
0.097939
0.075983
0.187124
0.038463
0.037271
0.049105
0.095912
0.069163
0.110312
0.049841
0.041852
0.046340
0.033151
0.063960
0.031742
0.036372
0.079613
0.063066
0.039508
0.042050
0.023919
0.054676
0.022269
0.021259
0.155274
0.038778
0.041783
0.017899
0.034789
0.088113
0.062516
0.006987
0.045737
0.047104
0.071316
0.018509
0.035482
0.145596
0.032203
0.033209
0.011801
0.054495
0.014301
0.074422
0.097229
0.292473
0.018361
0.043325
0.092878
0.055072
0.062325
0.264451
0.067371
0.267102
0.037440
0.028297
0.066817
0.045370
0.054127
0.027438
0.012743
0.166732
0.094901
0.018792
0.261192
0.061075
0.022904
0.025567
0.050274
0.232260
0.051647
0.024402
0.074044
0.025300
0.087893
0.083714
0.043796
0.114388
0.065234
0.005293
0.017680
0.147540
0.024837
0.019882
0.037794
0.047810
0.012518
0.044797
0.062232
0.028872
0.073616
0.013134
0.083664
0.040019
0.101984
0.036523
0.167922
0.027291
0.110313
0.043629
0.028557
0.125748
0.050533
0.028222
0.123048
0.192074
0.026603
0.086609
0.076252
0.018268
0.034229
0.099342
0.038916
0.021523
0.103218
0.032428
0.057968
0.020226
0.016851
0.042616
0.037525
0.097636
0.054602
0.082965
0.283891
0.058840
0.031870
0.033563
0.143020
0.027857
0.092368
0.080450
0.053110
0.084061
0.071027
0.117298
0.042078
0.141155
0.026872
0.008789
0.109846
0.031406
0.031064
0.090128
0.073612
0.037845
0.154668
0.062885
0.007927
0.024927
0.075586
0.087203
0.012985
0.057550
0.025913
0.031598
0.025438
0.015730
0.024022
0.040414
0.064605
0.030533
0.057985
0.045846
0.018317
0.055319
0.080163
0.139603
0.055728
0.029963
0.018437
0.025209
0.066488
0.054407
0.069345
0.041258
0.141695
0.030897
0.099079
0.104262
0.014181
0.052403
0.032909
0.053217
0.023884
0.041122
0.064837
0.030864
0.049737
0.019938
0.023027
0.016500
0.039701
0.014205
0.028434
0.044634
0.088263
0.047155
0.026066
0.135530
0.090102
0.090302
0.232540
0.033308
0.056641
0.019138
0.025148
0.029532
0.092247
0.047994
0.038803
0.059220
0.159656
0.101122
0.023467
0.124066
0.081400
0.042234
0.040887
0.045983
0.060344
0.067478
0.140103
0.243793
0.056008
0.083737
0.016051
0.049012
0.023269
0.096730
0.036038
0.027998
0.060665
0.225439
0.008373
0.035401
0.015463
0.090269
0.076656
0.022079
0.088047
0.016947
0.033964
0.102788
0.114484
0.093009
0.059266
0.015712
0.025499
0.013729
0.026718
0.118122
0.043377
0.071754
0.050805
0.092753
0.075328
0.123662
0.090000
0.104021
0.043664
0.043008
0.014861
0.029477
0.020664
0.062940
0.069508
0.134146
0.118308
0.032135
0.053755
0.009592
0.028987
0.032745
0.064203
0.076064
0.024380
0.036319
0.030644
0.026213
0.010894
0.049533
0.047151
0.034496
0.019822
0.083040
0.035136
0.156064
0.043449
0.057217
0.109180
0.119459
0.181344
0.083227
0.073408
0.063597
0.031870
0.106064
0.013336
0.101231
0.136854
0.072635
0.118315
0.076976
0.044705
0.023207
0.105743
0.365551
0.114792
0.211943
0.163977
0.031429
0.017990
0.007899
0.025967
0.095619
0.089192
0.013071
0.058600
0.031913
0.009953
0.141673
0.020525
0.127824
0.040674
0.099990
0.015544
0.074116
0.040400
0.119662
0.019114
0.030763
0.044601
0.030783
0.027093
0.032319
0.100875
0.015321
0.011458
0.060923
0.125142
0.026204
0.016450
0.026317
0.014895
0.048461
0.155953
0.024868
0.015735
0.082324
0.126578
0.014379
0.030574
0.060110
0.026146
0.060874
0.118988
0.086604
0.026600
0.105540
0.023785
0.084950
0.195332
0.146509
0.009293
0.047484
0.029603
0.102212
0.010840
0.077708
0.121537
0.084704
0.079185
0.110491
0.048745
0.022380
0.057003
0.123348
0.087535
0.069268
0.258311
0.097516
0.029852
0.082008
0.042964
0.163307
0.064353
0.112814
0.034009
0.068891
0.007466
0.046977
0.068579
0.041425
0.055953
0.017118
0.064155
0.078977
0.030634
0.033053
0.115548
0.082579
0.078457
0.036953
0.025141
0.011954
0.033271
0.444459
0.051467
0.041930
0.233375
0.063157
0.040895
0.058267
0.039345
0.093514
0.106693
0.053077
0.037675
0.036318
0.175394
0.083161
0.048791
0.118270
0.031248
0.041183
0.110285
0.023031
0.051825
0.052781
0.053163
0.062753
0.049091
0.026724
0.022148
0.067283
0.042464
0.073873
0.145080
0.055935
0.054323
0.035628
0.026527
0.119765
0.061880
0.097196
0.102219
0.022134
0.031989
0.044827
0.068201
0.034647
0.017445
0.093644
0.094356
0.031031
0.154770
0.023830
0.104414
0.053016
0.038722
0.054005
0.211148
0.062199
0.088725
0.023805
0.022366
0.044510
0.023497
0.020862
0.106967
0.035744
0.025788
0.030189
0.034607
0.060008
0.054238
0.139288
0.120238
0.025983
0.052193
0.209047
0.062228
0.050379
0.176030
0.039755
0.076014
0.045296
0.007810
0.035594
0.013371
0.051774
0.015953
0.035419
0.084319
0.036130
0.059855
0.033904
0.012161
0.139340
0.028444
0.063608
0.026318
0.057608
0.005586
0.019376
0.033122
0.290045
0.036927
0.052847
0.057831
0.078423
0.019279
0.106410
0.214572
0.038435
0.022082
0.097823
0.025090
0.131313
0.026022
0.099972
0.020706
0.016160
0.098603
0.033995
0.053774
0.079194
0.155883
0.036667
0.031125
0.036072
0.094096
0.047261
0.067648
0.071638
0.062868
0.026572
0.019835
0.084623
0.037563
0.023957
0.038359
0.020574
0.078597
0.035989
0.099742
0.076369
0.073105
0.143892
0.059751
0.130429
0.072870
0.074646
0.084617
0.111246
0.200126
0.146556
0.043624
0.114776
0.065384
0.042014
0.040841
0.014536
0.051881
0.040108
0.118485
0.072779
0.136963
0.056682
0.062579
0.007757
0.020989
0.140172
0.178498
0.054018
0.056953
0.067888
0.013244
0.037502
0.123306
0.016510
0.049773
0.034654
0.073293
0.120359
0.158941
0.153966
0.016002
0.053430
0.019207
0.009116
0.068492
0.121958
0.044469
0.004482
0.015036
0.168231
0.040262
0.010945
0.062693
0.043356
0.031604
0.014020
0.062365
0.013247
0.019859
0.020553
0.038610
0.038645
0.031343
0.006716
0.029954
0.054014
0.091285
0.177231
0.054401
0.015677
0.022526
0.013167
0.125033
0.016167
0.048904
0.076464
0.147103
0.013346
0.030935
0.047306
0.020890
0.059530
0.030397
0.020801
0.053601
0.026936
0.121026
0.037140
0.026664
0.057457
0.071948
0.120676
0.060183
0.027636
0.186418
0.023005
0.031127
0.053022
0.030889
0.053262
0.031312
0.056775
0.080858
0.043216
0.250805
0.087239
0.039757
0.048452
0.105297
0.059789
0.127747
0.078797
0.060903
0.140658
0.013516
0.023273
0.018832
0.064355
0.040786
0.066397
0.118865
0.030042
0.040549
0.156738
0.017911
0.069312
0.043052
0.070569
0.121922
0.021146
0.054594
0.172407
0.064005
0.092553
0.007564
0.026711
0.021622
0.035452
0.080607
0.027884
0.069928
0.055127
0.019270
0.083783
0.022155
0.099251
0.059043
0.052482
0.048453
0.028856
0.079692
0.043707
0.122697
0.015144
0.018696
0.016629
0.059375
0.670569
0.034086
0.084352
0.026880
0.033196
0.035452
0.038849
0.028618
0.043884
0.020485
0.166401
0.009339
0.030185
0.139557
0.034117
0.034764
0.057523
0.043780
0.392314
0.054492
0.057983
0.057204
0.032296
0.046575
0.018616
0.125499
0.008843
0.043725
0.120351
0.039046
0.017869
0.029689
0.041929
0.084712
0.127075
0.065748
0.083432
0.047143
0.107354
0.010949
0.126621
0.070592
0.219123
0.078705
0.114347
0.109623
0.010805
0.103159
0.144656
0.052134
0.307147
0.018188
0.014317
0.008339
0.057618
0.066959
0.014621
0.038755
0.023118
0.032481
0.098512
0.065744
0.028309
0.118114
0.056769
0.025696
0.086992
0.008602
0.012117
0.116347
0.052385
0.071995
0.097242
0.162265
0.015229
0.024214
0.343985
0.027972
0.039076
0.163308
0.026538
0.021099
0.027710
0.052223
0.422203
0.057922
0.045388
0.049332
0.034943
0.091145
0.075240
0.134325
0.046771
0.027256
0.015354
0.060384
0.013699
0.161017
0.042884
0.081158
0.136149
0.302909
0.053111
0.054414
0.049599
0.083084
0.063589
0.036702
0.036539
0.021315
0.034323
0.048902
0.029879
0.057026
0.031123
0.106727
0.096411
0.021886
0.023984
0.012942
0.181787
0.050727
0.040307
0.069555
0.060583
0.089636
0.036540
0.097851
0.160490
0.115101
0.031385
0.028615
0.011811
0.114921
0.051356
0.196327
0.024671
0.121261
0.007560
0.005750
0.058049
0.009003
0.036145
0.038860
0.063886
0.081988
0.030636
0.046550
0.056010
0.019704
0.013343
0.034074
0.035953
0.099585
0.058248
0.026279
0.052132
0.039140
0.036073
0.054617
0.040721
0.194104
0.078333
0.014581
0.066789
0.083510
0.018630
0.054696
0.017394
0.092618
0.073462
0.054360
0.121871
0.034693
0.043904
0.087665
0.123986
0.018461
0.090956
0.073194
0.066596
0.016441
0.083061
0.053809
0.169242
0.010178
0.188047
0.032075
0.076739
0.025059
0.176463
0.131705
0.074523
0.047114
0.054233
0.023371
0.070454
0.064527
0.026525
0.036393
0.006948
0.048299
0.078897
0.074744
0.129788
0.029202
0.014495
0.055463
0.131071
0.152334
0.053111
0.083027
0.029978
0.073054
0.093051
0.132738
0.019368
0.039494
0.057030
0.071618
0.055416
0.025561
0.088100
0.176208
0.065334
0.027520
0.089346
0.053104
0.041050
0.048900
0.161829
0.038553
0.241746
0.049590
0.128237
0.077958
0.087405
0.154634
0.160745
0.044517
0.073216
0.010887
0.017147
0.047794
0.015537
0.147098
0.016741
0.094841
0.111736
0.013593
0.029952
0.069571
0.058437
0.045216
0.054978
0.090629
0.068647
0.024915
0.060581
0.085902
0.061974
0.082239
0.021558
0.137622
0.147637
0.018288
0.010940
0.035237
0.028097
0.065281
0.018370
0.021153
0.140919
0.136886
0.217686
0.070661
0.023600
0.048397
0.048908
0.093898
0.040325
0.061853
0.040114
0.041521
0.064908
0.008008
0.087694
0.024488
0.082331
0.021278
0.092314
0.018832
0.044376
0.019024
0.095402
0.027065
0.091284
0.033138
0.023002
0.039495
0.049764
0.041702
0.026275
0.016683
0.020390
0.147915
0.147757
0.096137
0.042855
0.014853
0.086399
0.048658
0.019048
0.069915
0.072911
0.032048
0.149130
0.024968
0.076344
0.021633
0.045482
0.228835
0.034918
0.056759
0.128785
0.103151
0.104725
0.040849
0.022410
0.072980
0.023743
0.064173
0.248024
0.253880
0.024679
0.026251
0.014229
0.037521
0.032618
0.047024
0.040549
0.087127
0.102287
0.020022
0.065708
0.062079
0.062577
0.086095
0.025405
0.062820
0.121613
0.208176
0.042269
0.037885
0.067511
0.010407
0.071253
0.097407
0.073020
0.045967
0.058269
0.187263
0.082433
0.024337
0.083201
0.040591
0.027851
0.073208
0.142182
0.025546
0.009855
0.054003
0.058026
0.078395
0.037081
0.051076
0.036393
0.072640
0.112221
0.064746
0.081955
0.026699
0.046962
0.088387
0.022521
0.042061
0.009026
0.194749
0.023383
0.087989
0.062351
0.030729
0.034828
0.039815
0.031627
0.059189
0.058376
0.055767
0.060266
0.052248
0.037391
0.063077
0.018501
0.045088
0.022849
0.024138
0.039955
0.013555
0.050751
0.072890
0.010877
0.116826
0.011091
0.038377
0.006274
0.073898
0.016938
0.058679
0.086251
0.008994
0.090120
0.068768
0.073736
0.006015
0.020186
0.037785
0.023166
0.248320
0.019796
0.050568
0.013520
0.241386
0.067498
0.059999
0.109737
0.067925
0.077603
0.083441
0.093503
0.084748
0.033366
0.030173
0.049499
0.038488
0.154561
0.022505
0.061923
0.025008
0.075934
0.114385
0.072588
0.085329
0.097119
0.043509
0.139316
0.150465
0.062408
0.037119
0.027603
0.054964
0.058471
0.018658
0.059289
0.102899
0.003636
0.027087
0.037347
0.086693
0.029758
0.097450
0.010725
0.031111
0.111878
0.070873
0.196305
0.044902
0.010702
0.068176
0.199638
0.034757
0.101719
0.034091
0.056921
0.106313
0.144805
0.024217
0.056198
0.105103
0.020729
0.019206
0.433638
0.032926
0.040207
0.091548
0.031590
0.078311
0.079945
0.058985
0.038182
0.070710
0.054905
0.085967
0.029209
0.056174
0.083855
0.106825
0.044299
0.026034
0.027770
0.070072
0.059302
0.298773
0.047061
0.040199
0.074220
0.022888
0.032729
0.070873
0.135034
0.121172
0.073081
0.056484
0.048368
0.024441
0.045669
0.045669
0.334916
0.009441
0.042268
0.025476
0.032976
0.038586
0.005543
0.058739
0.083278
0.028165
0.039658
0.034451
0.154334
0.039090
0.085232
0.043652
0.030692
0.005872
0.060678
0.100685
0.053327
0.254179
0.025826
0.060488
0.013482
0.059740
0.058138
0.036651
0.055529
0.019221
0.053032
0.071148
0.050144
0.031370
0.070583
0.008885
0.028491
0.006466
0.031163
0.012299
0.102807
0.013956
0.067434
0.056515
0.016556
0.024547
0.017138
0.017362
0.059158
0.076573
0.100490
0.135174
0.006240
0.012716
0.024069
0.081238
0.022785
0.150900
0.019108
0.154973
0.118819
0.050497
0.011324
0.021452
0.045587
0.033204
0.086612
0.075208
0.030560
0.014017
0.127282
0.022775
0.062997
0.041585
0.066904
0.015139
0.565958
0.067476
0.051506
0.018291
0.030402
0.163372
0.055977
0.050577
0.034531
0.059799
0.068170
0.120639
0.029315
0.135480
0.111009
0.073328
0.041450
0.045715
0.036757
0.107601
0.046713
0.018408
0.045538
0.059461
0.173622
0.013026
0.237876
0.070736
0.062668
0.128071
0.040820
0.106330
0.024832
0.088949
0.031063
0.131998
0.057141
0.142748
0.021988
0.021545
0.011360
0.143375
0.036010
0.034464
0.052371
0.078494
0.024017
0.040336
0.191896
0.031984
0.081700
0.066500
0.042426
0.025687
0.103493
0.018087
0.083753
0.037230
0.052719
0.023329
0.169027
0.254523
0.031520
0.035025
0.035672
0.068999
0.072604
0.017929
0.025799
0.170105
0.020930
0.134546
0.031990
0.089692
0.079527
0.050192
0.069299
0.063120
0.019972
0.046194
0.012261
0.079795
0.091403
0.021575
0.054747
0.027971
0.013559
0.029507
0.218566
0.090945
0.016991
0.092242
0.034530
0.048105
0.054727
0.174931
0.061605
0.051445
0.022929
0.034140
0.029515
0.025170
0.071195
0.032991
0.034000
0.006673
0.084549
0.232131
0.029515
0.090438
0.027496
0.034800
0.113671
0.035367
0.056683
0.038331
0.040056
0.400631
0.062226
0.040625
0.056315
0.118473
0.033141
0.072734
0.052513
0.083666
0.028490
0.115511
0.057605
0.051025
0.137395
0.066771
0.019393
0.025041
0.017803
0.019447
0.045842
0.075184
0.128228
0.046627
0.088393
0.094015
0.021866
0.010796
0.138488
0.025040
0.088822
0.114931
0.043401
0.046079
0.027522
0.089041
0.087750
0.067168
0.026801
0.072302
0.276890
0.048396
0.186437
0.020675
0.016151
0.038585
0.051296
0.047210
0.054408
0.022554
0.030772
0.202970
0.067138
0.064355
0.011329
0.021580
0.082113
0.006474
0.052194
0.099108
0.043171
0.065809
0.051571
0.074358
0.090215
0.049521
0.020475
0.043375
0.061427
0.081292
0.010586
0.110064
0.034349
0.080243
0.100247
0.123430
0.039797
0.062701
0.024977
0.065682
0.083426
0.058241
0.127514
0.043329
0.077059
0.036789
0.037220
0.044195
0.019309
0.022831
0.005088
0.073879
0.082359
0.060954
0.047378
0.020787
0.059516
0.034707
0.091536
0.017477
0.078165
0.080842
0.053120
0.204290
0.036250
0.050665
0.012602
0.212315
0.060987
0.023017
0.029458
0.079982
0.024118
0.072518
0.023667
0.098356
0.040276
0.042374
0.084098
0.052158
0.028917
0.059688
0.108772
0.056797
0.512543
0.044470
0.076140
0.078059
0.245012
0.057355
0.039509
0.079898
0.036231
0.104101
0.022341
0.105978
0.035645
0.154326
0.026232
0.131549
0.060343
0.052981
0.044418
0.018235
0.013688
0.072231
0.012493
0.003851
0.221054
0.026587
0.052570
0.012793
0.022790
0.014810
0.057624
0.072180
0.020870
0.126592
0.014633
0.124658
0.032578
0.138318
0.040372
0.121195
0.014133
0.029092
0.210270
0.080368
0.080825
0.084992
0.006339
0.103390
0.078497
0.045094
0.338920
0.156795
0.324059
0.012534
0.015190
0.027042
0.100708
0.043382
0.009948
0.043007
0.339677
0.011912
0.044058
0.003870
0.041163
0.055777
0.286651
0.090975
0.249766
0.011951
0.036257
0.081702
0.042144
0.050017
0.102525
0.021552
0.044244
0.018128
0.056385
0.115798
0.214860
0.222840
0.039906
0.032231
0.024145
0.041138
0.067703
0.176875
0.091258
0.037637
0.036069
0.025042
0.044667
0.183660
0.102219
0.042831
0.154374
0.048085
0.101840
0.076772
0.152088
0.137872
0.121660
0.096707
0.063853
0.039613
0.024143
0.056189
0.049351
0.023832
0.109913
0.052008
0.174927
0.015448
0.098812
0.099576
0.045819
0.079447
0.185391
0.036967
0.074458
0.044622
0.104466
0.062016
0.072166
0.123913
0.144326
0.075981
0.048074
0.099803
0.049486
0.008208
0.010666
0.031522
0.020638
0.143804
0.028744
0.065778
0.047909
0.034518
0.023110
0.042315
0.063675
0.048889
0.021003
0.115187
0.192697
0.015205
0.101693
0.015922
0.061051
0.105651
0.034253
0.030461
0.022382
0.030444
0.049268
0.035141
0.053984
0.049388
0.023218
0.116151
0.123533
0.025373
0.018064
0.100531
0.280220
0.014128
0.029060
0.185138
0.013284
0.060648
0.069036
0.007887
0.029315
0.023082
0.091380
0.049169
0.046004
0.040700
0.291136
0.021255
0.026637
0.222427
0.043282
0.080479
0.062390
0.112159
0.027898
0.063672
0.055038
0.015050
0.047899
0.071211
0.036989
0.007873
0.210949
0.023660
0.095136
0.061156
0.023308
0.065566
0.066471
0.047371
0.084537
0.099256
0.070974
0.038099
0.275005
0.037121
0.024904
0.250111
0.027580
0.093572
0.052532
0.223586
0.027226
0.023579
0.055755
0.096810
0.020095
0.050235
0.075227
0.113342
0.067060
0.078391
0.028974
0.034596
0.026240
0.066936
0.034074
0.254910
0.046632
0.055531
0.053232
0.038642
0.031647
0.075822
0.011042
0.108902
0.061521
0.130935
0.166007
0.028648
0.034883
0.047241
0.072400
0.028819
0.027637
0.077518
0.055661
0.128932
0.056570
0.030378
0.103914
0.024898
0.038097
0.065635
0.221672
0.023116
0.123515
0.057419
0.131057
0.035794
0.168925
0.026345
0.063982
0.087957
0.087511
0.032733
0.093901
0.031029
0.106893
0.029659
0.064363
0.170886
0.058946
0.069449
0.025093
0.025028
0.045100
0.016470
0.040850
0.033907
0.031276
0.039761
0.018343
0.069336
0.049312
0.054393
0.051777
0.033969
0.050150
0.022592
0.096621
0.018279
0.058584
0.048732
0.016311
0.077245
0.032772
0.032838
0.067819
0.009655
0.182417
0.054509
0.054906
0.091542
0.084750
0.036861
0.057966
0.139012
0.031795
0.040618
0.166190
0.029622
0.141554
0.199545
0.027808
0.070362
0.091084
0.058297
0.074736
0.057448
0.019480
0.044745
0.095299
0.038290
0.040252
0.070088
0.020948
0.030255
0.048625
0.016299
0.099787
0.051303
0.015072
0.236352
0.050417
0.024527
0.072195
0.019013
0.262179
0.096539
0.096139
0.026546
0.049894
0.137534
0.054032
0.066307
0.141467
0.068073
0.032296
0.090212
0.035145
0.022097
0.037196
0.116177
0.096111
0.038407
0.102277
0.074196
0.182855
0.105704
0.038846
0.026458
0.011258
0.048869
0.022810
0.143738
0.072117
0.073231
0.193094
0.386316
0.109935
0.115171
0.094523
0.033916
0.107407
0.013268
0.023362
0.150445
0.035548
0.286648
0.049438
0.024267
0.013276
0.158261
0.054480
0.130688
0.016529
0.049648
0.211978
0.066716
0.108860
0.027384
0.029414
0.048652
0.154513
0.031256
0.023023
0.097016
0.078002
0.017293
0.017973
0.246436
0.028735
0.051522
0.098094
0.033541
0.090524
0.019373
0.071219
0.055233
0.150065
0.042436
0.014011
0.024165
0.045528
0.027297
0.096521
0.113578
0.057808
0.062940
0.022983
0.057279
0.181587
0.088646
0.062390
0.061159
0.133148
0.070089
0.030347
0.090448
0.020969
0.036017
0.050097
0.030634
0.048127
0.036695
0.039570
0.077923
0.047971
0.314187
0.042875
0.106260
0.235048
0.025240
0.049280
0.125224
0.032084
0.064984
0.131405
0.051140
0.044767
0.021931
0.096382
0.032976
0.029366
0.062450
0.020229
0.010196
0.060285
0.242209
0.023780
0.075947
0.031748
0.031538
0.147838
0.014701
0.028225
0.079433
0.045404
0.184353
0.013383
0.318404
0.118118
0.131819
0.445788
0.019100
0.281851
0.030944
0.069566
0.092801
0.065091
0.050950
0.068423
0.086440
0.043191
0.026332
0.020458
0.013435
0.071902
0.041825
0.034852
0.095450
0.039836
0.022479
0.475708
0.036619
0.060623
0.143717
0.212118
0.043125
0.045513
0.066257
0.048652
0.064703
0.052346
0.070810
0.077599
0.095873
0.070880
0.053365
0.018734
0.083527
0.032399
0.018760
0.136734
0.058768
0.117511
0.020070
0.062963
0.168959
0.038830
0.009569
0.148590
0.029922
0.035731
0.019103
0.031534
0.012288
0.130120
0.046514
0.187317
0.033683
0.012736
0.014783
0.057735
0.133014
0.019071
0.267800
0.050022
0.102279
0.054222
0.069018
0.027056
0.014697
0.055312
0.136009
0.096532
0.102673
0.042279
0.399014
0.032323
0.016728
0.029963
0.051872
0.084683
0.094904
0.049218
0.019392
0.049808
0.039263
0.124641
0.108105
0.084647
0.019032
0.114832
0.048045
0.007972
0.073576
0.058787
0.229459
0.063752
0.133198
0.011306
0.039934
0.062822
0.020759
0.023615
0.060955
0.032106
0.039455
0.121275
0.108950
0.031137
0.008323
0.012473
0.048022
0.092289
0.047460
0.056736
0.037408
0.025166
0.078599
0.029172
0.018939
0.068161
0.037825
0.025226
0.080792
0.150372
0.026196
0.040366
0.031781
0.036133
0.035209
0.107143
0.055344
0.040976
0.031528
0.115473
0.080366
0.431160
0.073539
0.076840
0.034110
0.231473
0.046245
0.108270
0.096370
0.019822
0.058039
0.017494
0.020467
0.054153
0.028206
0.010732
0.016405
0.108512
0.007072
0.030555
0.080409
0.033576
0.025237
0.029364
0.016615
0.080401
0.119000
0.074583
0.042870
0.008913
0.062468
0.030432
0.024152
0.317406
0.081177
0.064733
0.034612
0.030064
0.097953
0.037946
0.025014
0.433190
0.146509
0.158365
0.048561
0.042350
0.099704
0.021721
0.053143
0.143140
0.050928
0.022444
0.114091
0.140947
0.056681
0.068014
0.031991
0.156845
0.039652
0.065952
0.025708
0.140186
0.084459
0.037014
0.051167
0.063280
0.206349
0.101198
0.033840
0.083611
0.041101
0.008843
0.049884
0.065905
0.019441
0.061811
0.051267
0.110941
0.096520
0.021138
0.008261
0.053301
0.188421
0.050885
0.045077
0.043876
0.020981
0.063406
0.038576
0.036529
0.268859
0.171772
0.015877
0.035943
0.051186
0.008100
0.028695
0.009021
0.071134
0.024875
0.158035
0.025574
0.136121
0.043522
0.027773
0.066668
0.017388
0.051217
0.050109
0.030209
0.037814
0.028100
0.016059
0.073601
0.119111
0.026772
0.061877
0.121513
0.018310
0.193482
0.008829
0.073972
0.031264
0.197714
0.006282
0.018934
0.049328
0.047030
0.069697
0.143766
0.024785
0.022348
0.019377
0.052559
0.071994
0.037114
0.056978
0.039314
0.038632
0.029942
0.060858
0.072851
0.040379
0.016687
0.022657
0.036046
0.132087
0.031671
0.105393
0.112570
0.034067
0.017960
0.046605
0.012281
0.107776
0.042134
0.070062
0.019565
0.044442
0.035541
0.095592
0.015815
0.136100
0.006926
0.018726
0.016687
0.049670
0.049243
0.019442
0.125469
0.095188
0.106184
0.282376
0.014409
0.042112
0.155515
0.081546
0.014637
0.067822
0.008788
0.077339
0.033385
0.034724
0.123393
0.039039
0.021140
0.026776
0.023212
0.012284
0.075868
0.223777
0.145063
0.076831
0.042699
0.025750
0.028001
0.154476
0.042690
0.063321
0.015410
0.083260
0.021468
0.030255
0.093547
0.035041
0.033719
0.060964
0.045628
0.061842
0.100514
0.101647
0.026746
0.077121
0.182274
0.120808
0.061341
0.024949
0.092591
0.038777
0.042902
0.066244
0.077882
0.024361
0.009689
0.073492
0.077962
0.085348
0.091527
0.029270
0.025974
0.094035
0.040633
0.087244
0.031195
0.030052
0.132543
0.042892
0.016895
0.026754
0.103640
0.103856
0.042491
0.131854
0.192413
0.050146
0.036494
0.066397
0.050782
0.045291
0.020056
0.026350
0.020767
0.119163
0.060208
0.293866
0.070271
0.008590
0.035721
0.099694
0.039099
0.022197
0.174652
0.137123
0.030124
0.025099
0.024100
0.022157
0.035706
0.061189
0.032530
0.014794
0.052829
0.019635
0.013497
0.078759
0.016363
0.160042
0.019548
0.302127
0.043001
0.015147
0.026360
0.166388
0.019582
0.052451
0.039217
0.022328
0.026181
0.182061
0.100211
0.045519
0.018744
0.033915
0.137450
0.045021
0.052790
0.032408
0.035380
0.058434
0.149692
0.018961
0.084816
0.085075
0.077812
0.069979
0.036582
0.023853
0.179873
0.090943
0.032826
0.022073
0.099987
0.090745
0.019061
0.020416
0.009169
0.040365
0.034113
0.074777
0.047445
0.016605
0.034000
0.047071
0.090169
0.039842
0.124111
0.019864
0.187177
0.076102
0.012724
0.070204
0.075320
0.048539
0.153315
0.035280
0.040105
0.117434
0.061201
0.102896
0.019844
0.099983
0.036573
0.097536
0.059033
0.040839
0.056921
0.015548
0.066026
0.060834
0.022709
0.031175
0.041143
0.043637
0.036228
0.042691
0.010785
0.049485
0.107119
0.116429
0.080960
0.082261
0.145066
0.104905
0.186937
0.057559
0.023439
0.273067
0.193009
0.030069
0.026629
0.071185
0.037866
0.021655
0.170428
0.047480
0.079431
0.092166
0.093348
0.136482
0.037405
0.025713
0.027300
0.073205
0.098026
0.043378
0.030334
0.043837
0.044368
0.133939
0.181523
0.019570
0.043572
0.083116
0.085865
0.093220
0.043043
0.053669
0.153971
0.026867
0.037190
0.041492
0.017872
0.082695
0.045762
0.080767
0.015805
0.093827
0.040484
0.034464
0.082631
0.051730
0.023094
0.044790
0.068520
0.015532
0.024851
0.028854
0.140600
0.200504
0.298768
0.014770
0.015424
0.022797
0.201772
0.099266
0.048157
0.030084
0.092448
0.011784
0.203084
0.198179
0.706859
0.052816
0.053120
0.052841
0.068559
0.057863
0.062358
0.058562
0.046133
0.023362
0.070164
0.336968
0.199817
0.158872
0.032044
0.047084
0.071992
0.053310
0.138713
0.030490
0.039899
0.083407
0.077499
0.020480
0.036786
0.013617
0.060055
0.034475
0.058559
0.021624
0.015280
0.089821
0.031374
0.152980
0.027891
0.089036
0.094523
0.024213
0.055657
0.030106
0.021294
0.114186
0.043596
0.046950
0.070691
0.036181
0.056812
0.013784
0.033075
0.033881
0.020154
0.037113
0.035437
0.067383
0.005556
0.052128
0.035472
0.018341
0.012423
0.076946
0.063459
0.087073
0.104614
0.022180
0.116615
0.132306
0.065815
0.038994
0.082954
0.191318
0.061626
0.024414
0.122452
0.052163
0.031686
0.102226
0.104452
0.044557
0.043306
0.173977
0.045505
0.007199
0.059001
0.048512
0.104966
0.058774
0.061723
0.022534
0.006355
0.041629
0.095905
0.028233
0.058560
0.034807
0.014568
0.028807
0.043783
0.184749
0.029612
0.018271
0.021261
0.041557
0.033049
0.030268
0.022155
0.037631
0.033548
0.038692
0.045030
0.047216
0.039610
0.026089
0.053100
0.091825
0.025115
0.112353
0.042438
0.058487
0.058672
0.150985
0.085015
0.091111
0.268617
0.011094
0.074659
0.095261
0.042852
0.051369
0.021054
0.025293
0.089719
0.030366
0.133279
0.022586
0.069477
0.022659
0.033403
0.038220
0.040224
0.042950
0.024657
0.018729
0.053685
0.300051
0.062433
0.050312
0.035032
0.080087
0.070643
0.104459
0.022282
0.042052
0.040223
0.109053
0.122011
0.077051
0.131157
0.056482
0.080849
0.023357
0.035347
0.030908
0.061824
0.040468
0.057372
0.030942
0.095944
0.072993
0.104817
0.035960
0.042659
0.056142
0.038261
0.041442
0.068640
0.130823
0.033872
0.055183
0.131385
0.044639
0.114392
0.012801
0.025493
0.029805
0.008096
0.089332
0.034716
0.050219
0.017981
0.029607
0.096847
0.066689
0.012012
0.029042
0.160563
0.052579
0.077964
0.058901
0.077366
0.027169
0.060356
0.037754
0.031420
0.085815
0.062637
0.072248
0.071616
0.044712
0.061540
0.107163
0.014208
0.030246
0.065811
0.014899
0.085379
0.070872
0.068386
0.051643
0.012144
0.328723
0.080757
0.180549
0.030485
0.108663
0.060093
0.040205
0.033568
0.053550
0.029829
0.019063
0.039406
0.094503
0.036581
0.049877
0.046561
0.069883
0.120371
0.051468
0.071884
0.036631
0.174347
0.009148
0.194543
0.022891
0.035275
0.188737
0.047228
0.107813
0.027091
0.035936
0.243070
0.049259
0.075769
0.035825
0.029944
0.057220
0.094277
0.064744
0.129461
0.028487
0.018118
0.049284
0.050350
0.102855
0.011036
0.031419
0.020968
0.014744
0.060392
0.057792
0.021971
0.124767
0.127442
0.088099
0.080599
0.024827
0.049273
0.015176
0.019752
0.038231
0.081260
0.151005
0.084572
0.023489
0.024830
0.044065
0.043114
0.043440
0.006237
0.011743
0.067244
0.027105
0.035145
0.034962
0.035149
0.029540
0.048157
0.393287
0.065886
0.025177
0.029355
0.030713
0.065972
0.042686
0.771763
0.015984
0.073429
0.058131
0.192167
0.061270
0.064250
0.019337
0.021034
0.053481
0.104834
0.057017
0.045988
0.048340
0.039125
0.043121
0.043749
0.123150
0.042282
0.084159
0.019571
0.105712
0.071437
0.062415
0.085811
0.046203
0.116244
0.029169
0.030894
0.073850
0.146972
0.103556
0.066605
0.202712
0.410161
0.063940
0.073010
0.049208
0.081729
0.072493
0.031662
0.167219
0.256648
0.061893
0.067882
0.126400
0.049707
0.024222
0.111445
0.008125
0.030463
0.035893
0.079302
0.043832
0.055215
0.013264
0.083720
0.035408
0.049735
0.269071
0.044907
0.156065
0.019126
0.181160
0.061483
0.032299
0.029847
0.025359
0.016734
0.046994
0.032859
0.041420
0.036709
0.117156
0.015594
0.074135
0.025668
0.046253
0.043281
0.061229
0.044485
0.050690
0.270817
0.073483
0.219503
0.030486
0.149638
0.086123
0.010001
0.102633
0.103719
0.176195
0.197661
0.118966
0.136836
0.099779
0.175874
0.025261
0.036982
0.024866
0.087780
0.083782
0.083039
0.023011
0.043663
0.092355
0.274539
0.112550
0.032983
0.020374
0.024123
0.094999
0.263836
0.061257
0.049814
0.443551
0.071915
0.026324
0.034423
0.035508
0.228438
0.063432
0.036501
0.188770
0.008486
0.054867
0.040342
0.354150
0.009073
0.109750
0.046562
0.051438
0.022568
0.076320
0.040843
0.270254
0.014617
0.027561
0.112781
0.059427
0.137794
0.053044
0.027862
0.070207
0.164077
0.054249
0.096548
0.060261
0.031712
0.074747
0.031904
0.015470
0.050125
0.079013
0.067344
0.063184
0.065367
0.199481
0.018027
0.069488
0.032465
0.063684
0.033209
0.032542
0.135828
0.119881
0.062331
0.073325
0.102813
0.025873
0.105128
0.065701
0.025689
0.072877
0.147064
0.025256
0.099680
0.081632
0.047680
0.096317
0.046057
0.119739
0.021355
0.030909
0.023442
0.084154
0.071004
0.085492
0.016126
0.022387
0.058813
0.121081
0.034527
0.095132
0.475858
0.273141
0.054617
0.062048
0.035478
0.019314
0.032468
0.173374
0.066375
0.041932
0.053240
0.010384
0.095085
0.011155
0.005241
0.086676
0.026933
0.053964
0.088532
0.034065
0.059335
0.039033
0.068975
0.076853
0.076496
0.077488
0.054811
0.217332
0.027569
0.080730
0.023445
0.017660
0.031589
0.011201
0.114272
0.037589
0.028732
0.110212
0.035482
0.146694
0.042546
0.132900
0.039980
0.089112
0.158910
0.208523
0.028464
0.044526
0.082450
0.065849
0.012658
0.082209
0.021127
0.051583
0.073334
0.118791
0.029771
0.018171
0.177004
0.049865
0.034842
0.042581
0.024374
0.048724
0.089928
0.075653
0.069955
0.069597
0.070262
0.064052
0.097076
0.083278
0.052011
0.010849
0.017633
0.043593
0.017498
0.076042
0.070698
0.061621
0.150572
0.104607
0.091406
0.034453
0.035827
0.027954
0.022432
0.260399
0.007008
0.053442
0.272897
0.017539
0.052288
0.045615
0.042915
0.038792
0.142119
0.066074
0.108826
0.181138
0.053512
0.109816
0.048925
0.037343
0.076807
0.066428
0.147908
0.024444
0.014234
0.057008
0.008061
0.022368
0.023323
0.019249
0.028491
0.022200
0.084551
0.037542
0.098100
0.058218
0.322918
0.081905
0.091168
0.118460
0.144180
0.075837
0.017686
0.137160
0.234923
0.069190
0.004617
0.010097
0.147268
0.124492
0.044005
0.019836
0.443408
0.017670
0.111147
0.045775
0.101340
0.084393
0.035625
0.047612
0.042580
0.048627
0.010090
0.110716
0.027905
0.023389
0.018095
0.075159
0.016939
0.059788
0.072724
0.091533
0.069953
0.079848
0.061216
0.054938
0.022523
0.049948
0.174463
0.087621
0.042465
0.109668
0.023645
0.064143
0.063271
0.018329
0.045165
0.071069
0.077435
0.028578
0.128435
0.059307
0.045207
0.023481
0.023854
0.069255
0.069826
0.273141
0.083341
0.028134
0.071804
0.034563
0.079938
0.021698
0.017368
0.119404
0.026548
0.041299
0.022701
0.037862
0.242497
0.094289
0.034385
0.011382
0.006760
0.090540
0.115107
0.042978
0.346962
0.124758
0.239500
0.020157
0.074818
0.100448
0.017033
0.024254
0.061760
0.259136
0.048816
0.035321
0.015429
0.050271
0.077717
0.024692
0.010414
0.014988
0.207776
0.170658
0.139345
0.040344
0.034227
0.449360
0.060686
0.101114
0.034718
0.051832
0.126173
0.139374
0.043389
0.046393
0.174914
0.036217
0.034600
0.163164
0.083394
0.128519
0.044619
0.179937
0.037402
0.063322
0.045038
0.275675
0.062976
0.016597
0.153198
0.091350
0.107022
0.021375
0.125062
0.091906
0.092522
0.092656
0.015217
0.059859
0.034660
0.011014
0.061596
0.036885
0.024654
0.011646
0.031059
0.010814
0.050827
0.053010
0.030524
0.037319
0.019342
0.092640
0.032232
0.104307
0.018606
0.177619
0.029891
0.021292
0.064086
0.047951
0.086576
0.018403
0.036770
0.030979
0.106390
0.032374
0.018530
0.111410
0.015729
0.097308
0.101682
0.035658
0.029882
0.057350
0.048305
0.064216
0.075489
0.030576
0.037661
0.017680
0.018932
0.025205
0.011960
0.061038
0.212915
0.070838
0.087372
0.150040
0.057100
0.076180
0.071183
0.069074
0.092108
0.097161
0.023881
0.064912
0.162750
0.087410
0.036707
0.010892
0.247810
0.050399
0.099168
0.090011
0.021084
0.036026
0.081940
0.022514
0.044892
0.038883
0.086583
0.046950
0.061696
0.016282
0.119589
0.046279
0.221506
0.017544
0.029472
0.021508
0.040202
0.073192
0.022705
0.032954
0.035874
0.095873
0.119411
0.006864
0.036340
0.033534
0.099716
0.046018
0.062387
0.018327
0.054374
0.014755
0.053802
0.044434
0.107033
0.447505
0.072401
0.165204
0.017846
0.253800
0.029995
0.045952
0.034994
0.143405
0.034877
0.181276
0.030337
0.030229
0.037427
0.062954
0.148171
0.041045
0.029777
0.014193
0.039750
0.078140
0.039423
0.069173
0.042700
0.012878
0.034750
0.248583
0.046561
0.226758
0.028013
0.094460
0.076055
0.076406
0.024696
0.009796
0.039169
0.039172
0.090777
0.092409
0.165632
0.027511
0.045416
0.057142
0.012205
0.050406
0.160539
0.035396
0.068067
0.039855
0.049129
0.087347
0.049780
0.052135
0.197981
0.035302
0.021137
0.108284
0.036877
0.247270
0.026450
0.015853
0.061101
0.017819
0.326939
0.032206
0.028500
0.030631
0.038722
0.275728
0.158039
0.026090
0.074232
0.144254
0.097548
0.034260
0.024525
0.137743
0.310005
0.063894
0.041642
0.046878
0.046215
0.070187
0.026129
0.035522
0.054696
0.094607
0.015040
0.067799
0.036834
0.022088
0.107358
0.051494
0.034504
0.023983
0.012499
0.073182
0.102653
0.038712
0.044779
0.017993
0.048505
0.083003
0.063585
0.095558
0.008868
0.052815
0.035350
0.113150
0.109645
0.027158
0.122077
0.024758
0.041927
0.022090
0.033009
0.019844
0.050628
0.369902
0.038410
0.149883
0.088969
0.057815
0.019491
0.052801
0.069247
0.169537
0.080093
0.020261
0.066198
0.048391
0.026966
0.066283
0.090007
0.087662
0.015489
0.102395
0.035478
0.128879
0.060004
0.068110
0.039733
0.066237
0.052812
0.048318
0.046719
0.047072
0.041900
0.067048
0.104046
0.027542
0.022503
0.039598
0.057629
0.011461
0.073668
0.078280
0.019542
0.045931
0.116997
0.031048
0.017951
0.323959
0.087448
0.019820
0.045944
0.031115
0.065613
0.139015
0.042974
0.041997
0.043263
0.021878
0.055943
0.133697
0.052299
0.050932
0.100994
0.029268
0.050149
0.125449
0.089405
0.050979
0.044074
0.034189
0.113813
0.045691
0.066412
0.013562
0.075116
0.015398
0.172483
0.383076
0.104836
0.126256
0.058619
0.086687
0.074421
0.239949
0.053943
0.029221
0.029359
0.047104
0.198504
0.179802
0.022672
0.080909
0.057357
0.053158
0.016703
0.037062
0.038488
0.086490
0.092550
0.008461
0.139048
0.038890
0.056653
0.053626
0.037658
0.058776
0.022597
0.041775
0.049628
0.037185
0.057429
0.034603
0.055577
0.035331
0.147679
0.107631
0.052499
0.131066
0.079194
0.055525
0.019740
0.050193
0.121812
0.255356
0.117620
0.110410
0.018944
0.092003
0.086753
0.145233
0.047497
0.009267
0.078795
0.069589
0.079671
0.039692
0.056898
0.014351
0.012261
0.010727
0.016745
0.016591
0.011028
0.019231
0.042409
0.026142
0.042487
0.030967
0.076692
0.018805
0.206534
0.040432
0.036773
0.050655
0.091872
0.027270
0.150432
0.092092
0.030198
0.026733
0.153585
0.028893
0.387687
0.074761
0.041755
0.021746
0.042537
0.045156
0.020513
0.006843
0.044103
0.016900
0.025854
0.054068
0.066408
0.013500
0.125401
0.013208
0.022921
0.036369
0.021540
0.085928
0.056705
0.020826
0.029458
0.110557
0.042700
0.034130
0.053935
0.255357
0.077793
0.030809
0.043321
0.007719
0.102342
0.044584
0.023691
0.032334
0.074283
0.060806
0.067756
0.053660
0.029685
0.062049
0.046297
0.029266
0.175425
0.078519
0.017509
0.045267
0.049310
0.012340
0.026224
0.097521
0.026964
0.023288
0.043281
0.061406
0.035488
0.022027
0.085487
0.027976
0.045943
0.080158
0.139541
0.043144
0.144855
0.018157
0.011210
0.057062
0.057842
0.016614
0.038402
0.085414
0.148698
0.049487
0.010659
0.056578
0.060668
0.136233
0.026267
0.015397
0.069588
0.029849
0.032671
0.158469
0.075545
0.068934
0.101569
0.025369
0.046662
0.035724
0.027572
0.103467
0.087270
0.195951
0.068513
0.039382
0.017367
0.115512
0.063002
0.014968
0.236373
0.099970
0.229704
0.110361
0.030731
0.038517
0.054981
0.025151
0.042957
0.033291
0.179242
0.075210
0.017865
0.036883
0.069616
0.203553
0.031642
0.218347
0.072466
0.053119
0.067901
0.075872
0.018350
0.051477
0.095981
0.026166
0.038528
0.006560
0.010899
0.110601
0.042304
0.022636
0.009952
0.024384
0.154549
0.031771
0.054265
0.105532
0.102169
0.159820
0.060372
0.043441
0.041755
0.076959
0.018580
0.223832
0.031396
0.022943
0.032286
0.095846
0.018555
0.049712
0.026097
0.030945
0.158455
0.051827
0.029733
0.034945
0.069778
0.049015
0.131474
0.016157
0.032480
0.089300
0.187355
0.039022
0.030221
0.033933
0.043430
0.042609
0.069337
0.081574
0.038205
0.031940
0.014873
0.041647
0.052643
0.025183
0.115858
0.016921
0.057854
0.066255
0.040719
0.033779
0.221850
0.050973
0.098611
0.162320
0.053293
0.147693
0.026583
0.054176
0.059787
0.079663
0.087980
0.016553
0.070004
0.150490
0.029995
0.021553
0.038684
0.019260
0.052267
0.044288
0.039995
0.046627
0.014092
0.013748
0.138312
0.064794
0.071324
0.029505
0.091873
0.038927
0.030103
0.084631
0.022884
0.012672
0.039389
0.139713
0.070361
0.112600
0.005774
0.045388
0.021275
0.063765
0.043980
0.053013
0.029809
0.032540
0.044028
0.044396
0.036331
0.028608
0.185185
0.037621
0.259486
0.023963
0.030073
0.051117
0.052547
0.039582
0.015672
0.233563
0.086315
0.023215
0.093064
0.112222
0.127859
0.053201
0.113078
0.074088
0.039639
0.026009
0.211755
0.009759
0.063180
0.024983
0.003878
0.025358
0.083280
0.176176
0.098670
0.061498
0.032110
0.046266
0.016164
0.045346
0.011777
0.030170
0.060860
0.080760
0.033984
0.028792
0.027431
0.023923
0.058681
0.045582
0.020441
0.031032
0.082587
0.170211
0.223921
0.067920
0.035761
0.042206
0.243384
0.074505
0.062009
0.052609
0.029839
0.064078
0.056861
0.084258
0.031217
0.029252
0.050946
0.081712
0.036628
0.015138
0.065520
0.032707
0.146536
0.058971
0.075888
0.076674
0.065785
0.068398
0.019131
0.051029
0.082112
0.069907
0.021804
0.013508
0.050759
0.110978
0.037441
0.104928
0.094796
0.037822
0.023853
0.070242
0.065567
0.108775
0.030047
0.024999
0.034591
0.037019
0.155941
0.067314
0.030401
0.072780
0.099434
0.038354
0.079315
0.016244
0.024143
0.090766
0.044198
0.043972
0.076940
0.083262
0.131933
0.024578
0.193144
0.006723
0.030113
0.026666
0.026000
0.083315
0.065876
0.043607
0.047463
0.457962
0.149807
0.060183
0.068002
0.055997
0.046737
0.020659
0.034132
0.347175
0.307767
0.123905
0.018602
0.008723
0.047198
0.043610
0.054878
0.061751
0.018812
0.036724
0.101756
0.130814
0.055981
0.079045
0.066572
0.017537
0.026767
0.041295
0.076905
0.007003
0.019704
0.016405
0.021754
0.057395
0.016502
0.162053
0.023779
0.048434
0.026763
0.309318
0.075351
0.075685
0.030832
0.060428
0.171729
0.063659
0.040870
0.022972
0.027368
0.121924
0.055144
0.010543
0.016029
0.074843
0.022656
0.045426
0.071256
0.021696
0.101592
0.034426
0.024222
0.014325
0.039078
0.043109
0.121674
0.050794
0.020076
0.056222
0.043584
0.066254
0.030398
0.131614
0.057867
0.012577
0.053524
0.014336
0.094492
0.087176
0.036889
0.049150
0.034980
0.020806
0.047771
0.084138
0.008718
0.086498
0.063509
0.073289
0.069753
0.093987
0.064734
0.068401
0.053905
0.132076
0.019261
0.232858
0.060924
0.034631
0.026808
0.186957
0.357479
0.039939
0.114875
0.026801
0.045283
0.070311
0.015548
0.065191
