89
2.142254
4
91
40
10
1
5047
0.442920
0.399856
1.000000
0.092719
-0.562263
-0.949106
0.034077
-0.160690
0.045537
0.811944
-0.112209
-0.137195
0.842463
0.158289
0.005594
0.538120
0.396977
-0.413159
-0.329501
-0.057971
0.099691
0.393215
1.000000
0.175825
0.470639
0.177156
0.132580
-0.674121
-0.043751
0.753895
-1.000000
-0.107988
0.023911
0.208928
-0.050251
0.352901
-0.471210
-0.001423
0.100523
-0.148270
-0.473276
0.788110
-0.031153
-0.123847
-0.303218
-0.325076
0.082239
-0.292951
0.209423
-0.960283
-0.490307
-0.972484
-0.043497
-0.158986
-0.217528
-0.059855
-0.982202
0.781503
0.391595
0.049897
0.663151
-0.745197
0.205935
0.343748
-0.643552
0.084334
-1.000000
-0.281089
-0.658630
0.352170
-0.387774
-0.369951
-0.484815
0.001234
0.030515
0.037412
0.666541
0.468429
0.700994
-0.818788
-0.279026
0.735637
0.569968
0.443739
-0.854369
-0.123704
0.324086
-0.557680
0.558810
-0.758853
-0.001104
-0.785280
0.172517
-0.258184
-0.159192
0.091216
-0.098728
0.386260
-0.264015
-0.514210
0.318484
-0.173928
-0.403717
0.211119
-0.531430
0.822776
0.555402
0.721413
-0.778232
0.194960
-0.007614
-0.521552
0.230702
-0.612316
-0.299647
0.006961
0.713045
0.073470
-0.206584
-0.961942
-0.012348
0.405198
0.474869
-0.019217
0.385190
0.127394
0.362620
-0.710366
0.532350
0.304164
0.457938
-0.850244
-0.547883
-0.223428
-0.515231
0.571926
0.805313
0.079509
0.506009
0.525214
-0.661847
0.076150
-0.416327
0.382026
-0.835988
1.000000
0.182705
-0.734760
-0.327065
0.475518
-0.080843
-0.698234
0.230560
-0.321599
0.602139
-0.027454
-0.441486
0.822074
0.844887
-0.359402
-0.040773
-0.665695
0.136466
0.348278
0.180749
0.009573
-0.803722
-1.000000
-0.140592
0.115877
0.937970
-0.118494
0.024246
-0.321045
0.504632
1.000000
-0.505514
0.131481
0.639612
-0.430429
-0.587030
-0.038965
-0.253625
-0.184759
-0.567884
-0.678017
0.390981
0.308768
-0.958266
0.150494
-0.256132
0.165685
0.489045
0.476325
-0.478107
0.206543
0.601810
-0.140556
0.251771
0.379680
-0.364439
-0.415889
-0.018260
-0.404666
0.190591
0.818024
-0.119464
-0.357255
0.113109
0.493498
-0.271013
-0.601766
-0.671762
0.858941
-0.663570
0.608722
0.364460
0.111486
0.189704
0.965267
0.629762
0.594347
-0.038582
-0.085984
-0.674094
-0.022521
-0.201258
-0.599172
-0.121048
0.026409
0.747536
0.681739
-1.000000
0.010765
0.660694
0.103793
-0.028969
-0.368038
0.663090
0.212578
-0.564216
0.774021
-0.696637
0.174249
0.265194
0.236795
-0.809133
-0.294789
-0.323164
0.172718
0.685630
0.458113
0.668327
-0.135977
-1.000000
0.898108
-0.433549
-0.404109
0.101871
0.662723
0.378413
-0.364626
-0.108459
-0.131034
-0.357048
0.075547
1.000000
0.074850
0.746853
-0.094758
1.000000
-0.871698
0.026825
-0.204117
0.580306
0.060084
0.475630
0.540797
0.727476
-0.467311
0.340353
-0.251599
-0.245553
-0.422921
0.591155
0.743767
-0.452149
0.723225
0.510603
-0.068552
0.163168
-0.148903
0.879040
0.357664
-0.777535
0.205241
0.022956
0.081777
0.057382
-0.374411
0.164268
-0.338635
-0.337580
0.341731
-0.336604
-0.170543
1.000000
-0.188394
0.448491
0.281817
-0.087929
0.346975
0.663597
-0.350938
0.589453
-0.966240
0.728847
-0.256323
0.171700
0.151031
-0.281045
-0.058486
0.213734
-0.212027
-0.192146
-0.075692
-0.808306
-0.074111
-0.271550
-0.373762
0.342326
-0.122746
0.048502
0.076052
0.356736
-0.121452
0.491940
-0.585047
-0.230149
-0.343039
-0.933502
-0.295197
-0.373784
0.241834
-0.947419
0.680202
-0.005598
-1.000000
-0.331711
0.675559
0.075919
1.000000
-0.219267
0.560304
0.394809
-0.107804
0.774909
0.065799
0.995479
-0.262387
0.300928
0.307485
0.036306
-0.339921
1.000000
0.675972
-0.614189
0.310916
0.155415
-0.484480
-0.930389
-0.287948
0.261187
-0.102830
-0.414313
-0.230445
0.049480
0.165246
0.256733
-0.996811
0.449838
-0.426862
0.053127
0.345124
0.019702
0.766287
0.549014
-0.132500
0.025197
-0.712991
0.284357
0.446153
-0.882350
0.039041
-0.186535
0.713521
-0.058820
-0.758243
-0.955965
0.235075
0.350961
0.052262
-0.838084
-0.309883
-0.080232
-0.626460
-0.965186
0.641425
0.475067
0.295865
-0.338196
0.689580
0.322412
0.360386
0.181341
0.122718
0.869885
0.081016
-0.005667
0.476506
0.197817
-0.607915
-0.674489
-0.133920
0.769554
0.260653
0.112261
0.417276
-0.009926
-0.283405
-0.874890
0.198233
-0.277196
0.682892
0.517122
0.248825
-0.085830
0.908759
-0.345608
0.677882
1.000000
-0.060304
-0.134614
-0.730332
0.012794
-0.638761
-0.309954
0.029815
-0.600598
-0.356058
-0.745945
-0.300464
-1.000000
-0.269646
-0.162613
-0.282295
0.020681
-0.020869
-0.913369
0.007080
0.893756
-0.481930
-0.202220
0.846104
-0.797415
0.871475
-0.120080
0.567452
-0.019157
0.041559
1.000000
-0.889864
-0.089790
0.843809
0.735451
0.286427
-0.750086
-0.078610
-0.617209
0.552476
-0.105384
-0.252853
-0.071963
0.346407
0.069220
0.515596
0.535946
1.000000
-0.951849
-0.550022
-0.633171
-0.071391
-0.070209
0.236817
-0.021824
-0.204514
0.709275
0.434258
-0.784995
0.723225
0.156048
-0.456686
-0.971988
1.000000
0.757951
0.512085
0.789111
0.287516
0.103373
-0.466009
0.088978
-0.019607
0.257655
-0.450526
0.203888
-0.333748
0.412770
-0.015197
0.012587
-0.448812
-0.371594
0.142299
0.256354
-0.327820
0.190574
0.184682
-0.860792
-0.429754
0.668375
0.255336
-0.359513
0.230289
0.133938
-0.341585
-0.236217
0.057353
0.119106
0.451358
-0.157854
-0.003106
0.033086
0.828617
-0.541742
0.344866
-0.346397
0.645015
0.038716
0.065580
-0.984631
0.525309
0.875403
0.466126
-0.321166
0.045840
-0.204643
-0.023695
0.876952
-0.170345
0.980217
0.693109
0.135150
0.843827
-0.175329
0.858741
-0.176937
0.271844
0.015825
0.958354
-0.014424
-0.290240
-0.283542
-0.449020
0.153093
0.212934
0.888329
-0.126357
0.707490
-0.231624
-0.890345
0.556245
-0.260428
-0.105223
0.045047
0.819963
-0.441863
-0.208034
0.041784
-0.434247
-0.646693
-0.142022
-0.041372
-0.176290
-0.269304
-0.204872
0.132721
0.939332
-0.962997
-0.199802
-0.392090
-0.358914
-0.545858
-0.408827
-0.510807
0.854277
-0.170872
0.296458
0.253215
-1.000000
-0.383720
0.833238
0.401195
0.102136
-0.796295
0.716772
-0.868417
0.040540
-0.252511
-0.271235
-0.823201
0.180066
-0.734572
0.667126
-0.976295
0.332425
0.516500
-0.420887
0.282188
0.862805
-0.137275
1.000000
-0.297746
0.221467
-0.258559
-0.023174
-0.223785
-0.080427
-0.912943
0.118627
-0.029790
0.296472
0.109169
-0.133061
-0.223474
0.558344
-0.472205
-0.335561
-0.174154
0.160901
0.159051
-0.905557
0.096143
-0.293446
-0.317394
-0.579132
-0.248043
0.357509
-1.000000
-1.000000
0.105710
-0.173635
0.996296
0.106823
0.191647
-0.058215
-0.572352
0.841001
-0.888775
0.176284
0.010480
-0.228189
0.280472
-0.013286
-0.072603
0.185154
-0.570331
0.007845
-0.622013
0.749822
0.312883
0.020335
0.303491
-0.562302
-0.189089
-0.468673
-0.646916
0.175241
0.646424
0.699004
-0.070038
0.391208
0.259336
-1.000000
-0.125562
0.212519
0.454062
-0.655032
0.344966
-0.116080
-0.526398
0.982632
-0.629840
0.340463
0.559355
-0.334907
0.071106
0.161670
-0.177695
0.577598
0.396369
-0.471556
0.230510
-0.017085
0.581068
0.498967
-0.137224
-0.818714
-0.490003
-0.205379
-1.000000
-0.526107
-0.707983
0.137841
0.045620
0.583537
-0.638526
-1.000000
0.022276
-0.074774
-0.131815
-0.130766
0.670654
-0.218538
0.058748
-0.393165
0.397749
0.544712
-0.109793
0.294318
-0.130534
-0.659762
-0.802712
-0.833228
-0.518568
-0.343341
0.886721
0.118958
0.769256
0.155967
-0.750579
-0.452050
0.132949
0.795919
0.297375
-0.823268
1.000000
-0.362230
-0.524978
0.811458
-0.962473
0.180002
-0.167816
-0.065598
0.311428
-0.531403
1.000000
-0.195612
-0.626371
0.613522
-0.006773
-0.203613
0.187089
-0.008090
-0.137625
-0.065760
-0.012027
0.524655
0.107693
0.236976
0.223855
0.180566
-0.678695
-0.248014
0.463535
-0.165794
0.476439
-0.596489
0.298828
0.285516
-0.080779
-0.308650
0.212162
-0.336477
0.488911
0.392547
-0.346354
-0.416567
-0.047149
0.240595
-0.748295
-0.107136
0.082558
0.542722
0.412269
-0.013517
0.142897
0.136442
-0.422028
0.154267
0.059931
-0.340213
0.378125
0.440547
0.027501
0.048134
0.277686
0.205486
0.003528
-0.046425
-0.085569
-0.153565
-0.673620
0.474696
0.623963
-0.259307
1.000000
-0.667615
0.275806
-0.040708
-0.143622
-0.346991
0.343484
-0.870637
0.040631
-0.598878
0.125590
-0.622591
0.160577
0.017855
0.100049
-0.068157
0.786235
0.599829
0.367113
-0.800830
-0.238622
0.392381
0.478816
-0.272390
-0.980220
0.337376
-0.995750
-0.451676
-0.194040
0.041774
0.237886
0.709998
0.619032
0.382541
0.385997
-1.000000
-0.020946
-0.076775
0.044499
-0.616421
-0.399309
-0.218622
0.328028
0.002047
-0.289236
0.566075
0.208790
-0.272835
0.006315
-0.400394
0.207073
0.096281
-0.678822
-0.719659
0.494677
0.473683
-0.823704
-0.091024
-0.194159
-0.506630
0.926443
0.086994
-0.808888
-0.073040
-0.287894
0.232522
0.226721
-0.595455
0.091567
-0.181446
0.938690
-0.799008
0.521447
-0.121873
-0.231631
-0.699821
0.160332
0.732217
0.369809
-0.166438
-0.007028
0.612357
-0.680785
0.652806
0.454365
-0.638045
0.490617
-0.467333
0.627682
-0.855749
-0.058739
1.000000
-0.370440
0.140762
-0.780232
-0.193910
-0.246581
-0.000329
0.416112
-1.000000
0.935480
0.187161
0.976118
-0.517605
0.195250
0.627834
-0.590352
-0.023222
0.340764
0.174413
-0.826200
0.170339
0.146534
0.365024
-0.219454
-0.638716
-0.199781
-0.555328
0.060980
0.330491
-0.282092
-0.481890
0.157036
0.863274
0.089107
-0.403610
-0.829099
0.064771
-0.026742
0.020081
0.044106
-0.224628
0.715956
-0.423857
-0.331524
0.210188
0.047626
0.662606
-0.610718
-0.736197
0.312486
-0.663995
0.246198
0.343630
0.624962
-0.309935
-0.113586
-0.143135
-0.984698
-0.850443
0.483661
-0.147420
0.168006
0.175644
0.275790
-0.313182
0.299928
0.351728
0.500423
0.674386
0.434455
0.638680
-1.000000
-0.273858
0.210840
0.517962
0.787754
0.007243
-0.724126
0.292077
-0.069063
0.278759
0.040747
-0.934803
-0.611443
-0.763588
-0.147538
0.200231
0.880102
0.243437
0.671458
-0.412673
-0.922247
-0.319136
-0.313459
-0.325115
-0.054549
-0.215060
0.693223
1.000000
-0.412472
-0.227043
-0.449535
-0.378152
-0.170218
-0.279094
0.314688
0.304424
-0.276592
0.020068
0.949069
-0.035955
-0.232128
0.191470
0.295498
0.731250
0.428550
0.483202
-0.260054
-0.915453
0.111497
-0.381783
0.861134
0.088093
-1.000000
-0.185531
-0.552448
-0.305214
-0.117542
-0.395348
-0.238702
0.060553
-0.272546
0.567095
0.856278
-0.690248
-0.441247
0.277595
-0.079109
0.090410
0.376640
0.306803
0.382046
0.870961
0.132064
-0.377415
-0.531113
1.000000
0.666221
0.228275
0.807347
-0.092276
-0.238825
0.229381
-0.077348
0.503587
-0.512286
-0.124288
0.740505
-0.909465
-0.744465
0.692399
-0.323513
-0.809389
0.612585
0.645680
0.376545
-0.328923
-0.168174
-0.563407
-0.493917
-0.222978
0.588862
0.083663
0.027495
-0.973396
0.471249
-0.138068
-0.013659
-0.355498
0.878727
0.283052
-0.460917
-0.441230
-0.169079
0.697624
-0.028676
-0.169670
-0.260108
-0.008579
0.254304
-0.797511
0.682859
-0.334581
0.566956
0.112336
0.569923
-0.742729
-0.665717
0.464194
-0.669653
-0.852378
-0.302096
0.031941
0.884194
-0.022183
1.000000
-0.579040
-0.667645
-0.247495
0.350808
-0.266555
-0.065557
0.090254
-0.092611
-0.507362
-0.021673
-0.675105
-0.414210
-0.556759
-0.097317
0.120347
-0.317411
-0.036930
0.269243
0.693221
-0.161932
0.760347
-0.311567
-0.293013
-0.203681
0.344446
0.968486
0.507394
-0.010835
-0.194456
0.300664
0.587185
0.335911
-0.905484
-0.767796
0.363142
0.723280
0.242450
-0.122295
0.446011
0.054229
0.640369
0.251928
-0.123951
-1.000000
-0.793540
-0.054148
0.910001
0.405362
-0.554020
-0.017029
-0.893660
-0.049789
0.058621
-0.233728
0.275578
-0.253701
-0.126268
0.247899
0.083559
-0.505422
-0.915321
-0.212212
0.554816
0.104857
-0.644223
-0.155074
0.595136
-0.155540
-0.051318
0.296093
0.567066
-0.077689
-0.009706
-0.883626
0.886994
-0.152630
0.282313
0.483703
0.094085
-0.047581
-0.015909
0.926540
0.051873
0.564734
0.000690
-0.596282
-0.195323
0.258355
0.302575
-0.363113
0.467632
-0.292623
-0.187314
-0.540509
-0.197328
-0.179283
-0.336753
0.125917
-0.282216
-0.211589
-0.287911
-0.043140
0.377138
-0.123413
0.597818
-0.553769
0.035830
0.560790
-0.126048
-0.081498
-0.219343
-0.101134
-0.958638
0.390120
-0.258919
0.076470
-0.094037
-0.003209
-0.546413
-0.262709
0.105183
-1.000000
-0.208552
0.087964
0.745290
-0.409224
-0.662065
-0.620598
0.685012
0.492106
0.948426
0.185731
0.830498
0.958612
-0.121087
0.238031
0.246691
-0.024521
-1.000000
-0.359134
0.457708
-0.353757
-0.373716
-0.565726
0.304368
-0.510019
-0.657230
0.632836
-0.724530
-0.069390
-0.429529
0.611107
-0.932688
0.473738
0.787383
-0.171214
-0.666331
-0.313392
-0.367781
-0.459712
0.605239
-0.963358
-0.513456
-0.260351
0.391847
-0.285716
-0.027133
-0.689182
-0.026199
-0.054524
0.515508
0.002016
0.314183
-0.087073
0.302822
-0.572946
0.012643
0.417565
0.895288
1.000000
-0.460358
0.844933
-0.078551
0.234544
-0.588175
-0.532325
-1.000000
-0.094016
-0.397158
0.465501
0.022854
-0.950601
0.049743
0.042882
0.565959
0.170000
-0.141615
-0.450214
-0.246951
-0.138066
-0.048709
-0.106521
0.274041
-0.166672
-0.776478
0.920250
-0.051437
-0.290871
0.171191
-0.543140
-0.108641
-0.834143
0.717465
0.134292
0.323292
0.232731
-0.308382
0.582681
-0.750509
-0.949595
0.082568
0.598213
0.624445
-0.138013
0.082387
-1.000000
-0.358556
1.000000
0.733166
0.325465
0.248445
-0.121325
0.941244
0.143918
-0.512387
-0.198013
0.379488
-0.047412
0.354956
-0.354270
-0.599608
-0.976696
0.306668
0.310228
1.000000
-0.537954
-0.050867
0.346772
0.076516
0.008724
-0.557885
1.000000
-0.391301
-0.323969
0.231567
-0.816594
0.384656
-0.189743
-0.380488
0.296059
0.250222
-0.185512
-0.419851
0.046887
-0.594054
-0.778058
0.571675
-0.393721
0.190317
-0.217595
-0.268158
0.552456
-0.257333
0.428497
-0.826446
0.423117
0.862311
0.479947
-0.400399
-0.386898
0.705623
-0.021044
0.161677
-0.915939
-0.506669
0.966735
0.190752
0.474193
0.738898
-0.321673
0.346022
-0.189569
0.618371
0.475189
0.671605
-0.146683
-0.064974
0.984493
-1.000000
0.427606
-0.965445
0.049739
-0.184896
0.416079
0.478136
-0.393533
-0.853615
-0.952287
-0.873623
0.093815
0.770445
-0.273033
-0.191429
0.044293
0.521463
0.405041
0.053221
-0.313902
0.106863
-0.180605
-0.206304
0.868605
-0.536467
-0.574554
-0.133843
-0.181692
0.750570
0.207436
-0.813605
0.041693
0.211711
-0.013781
0.477374
0.663093
0.844306
0.102488
-0.371620
-0.555683
0.790075
-0.362804
0.266561
0.230454
-0.457641
0.254782
0.088954
-0.208155
-0.027639
-0.487838
0.268941
-0.217610
0.083928
0.025575
0.219677
0.568452
0.469225
-0.074058
-0.217501
-0.736852
-0.027644
0.076328
0.510740
0.051845
-0.003592
0.683151
-0.107707
0.104060
-0.173975
-0.304609
0.173528
-0.558785
-0.762757
-0.021747
0.170472
0.289679
-0.384318
-0.167392
-0.316224
0.217215
0.215730
-1.000000
-0.471886
-0.436716
0.375173
-1.000000
-0.562472
-0.092231
-0.339145
-0.405648
-0.016982
0.798487
-0.057735
-0.797115
-0.591096
0.713340
-1.000000
0.791092
1.000000
0.567787
0.606817
0.352862
-0.221370
-0.752177
-0.586786
-0.194063
0.246995
0.522485
-0.060455
0.800245
0.345618
0.032361
0.034226
0.943212
-0.787385
0.025475
-0.517979
0.264760
-0.761844
0.616704
-0.601349
-0.417651
-0.191515
0.849458
-0.400105
0.148604
-0.138772
-0.362476
-0.897717
0.894330
-0.525392
-0.694881
-0.208310
-0.308269
-0.005938
-0.739418
0.190795
-0.587886
0.929757
0.015036
-0.405481
-0.554220
0.462452
0.018266
0.440475
0.399255
-0.407987
-0.095956
-1.000000
-0.012519
-0.669537
-0.255272
0.943172
-0.099989
-0.341406
0.057365
0.625066
0.194736
0.359621
-0.002407
-0.255998
0.246599
0.177402
0.053035
0.396293
0.251858
1.000000
0.820055
-0.097418
-0.271609
0.330559
-0.017082
-0.085576
-0.538730
0.674643
0.478382
0.479165
0.033254
-0.000544
-0.757431
-0.274638
-0.741136
-0.096709
0.668239
-0.366642
-0.647545
0.006765
0.161978
-1.000000
0.492498
-0.079222
0.595570
-0.608591
0.962270
-0.277859
-0.472659
-0.092750
0.410082
0.219502
-0.173745
-0.117329
-0.174646
0.335753
0.899784
-0.393220
-0.355177
-0.048187
0.344581
0.139852
-0.615959
0.154925
-0.430541
0.072831
-0.558918
0.080762
-0.333696
-0.059479
0.033599
0.027137
-1.000000
1.000000
0.212608
-0.247682
0.143197
-1.000000
0.336414
0.204728
0.765002
-0.361305
-0.128744
0.092628
0.073240
-1.000000
-0.074744
-0.127170
0.691922
0.582673
-0.615699
-0.537329
-0.592808
-0.089985
0.730166
0.242612
-0.086375
0.219788
-0.916411
0.304528
0.406390
0.643042
0.041971
0.716052
0.544951
0.535794
0.291817
0.420823
-0.222051
-0.211620
-0.327093
0.711633
0.375115
0.485093
0.432588
0.217422
-0.013842
-0.522299
0.203748
0.650085
-0.208647
-1.000000
0.073181
0.459037
-0.031860
-0.852648
0.341209
-0.572829
0.376575
0.563300
0.492942
-0.015838
-0.266865
-0.272075
0.064263
0.395065
0.128557
-0.494409
0.747642
-0.099619
-0.273504
1.000000
-0.097627
-0.253578
-0.688326
0.219477
0.892427
-0.447016
0.753418
0.296915
-0.141847
0.219976
0.475459
-0.187081
0.056995
0.848143
0.009532
-0.093017
0.049638
-0.739740
0.133411
-0.096816
-0.509290
-0.604976
-0.075746
-0.470173
-0.373314
0.032135
-0.493176
0.066125
-0.452456
-0.375721
-0.114085
-0.017753
-0.005395
-0.651933
-0.486392
1.000000
0.948530
0.777813
-1.000000
-0.598156
0.000108
-0.353724
-0.184349
1.000000
-0.049636
-0.342274
-0.355024
-0.929572
-0.378303
-0.004642
-0.651291
0.491991
-0.416784
-0.179207
-0.175889
-0.777924
0.277828
0.366826
-0.114017
0.117670
0.055352
-0.621233
1.000000
0.320960
0.294871
-0.547926
0.243140
0.272564
0.208133
0.625749
-0.965255
0.420648
0.893830
0.479673
0.224705
0.287660
-0.424340
0.072239
0.628643
0.146989
-0.367979
-0.138679
0.991596
-0.412535
0.615684
0.457575
-0.225311
0.042454
-0.057361
1.000000
0.407188
0.406726
-0.256800
-0.775774
-0.030520
-0.876097
1.000000
0.095798
0.629874
0.004173
0.100884
0.170737
-0.443112
0.042376
1.000000
1.000000
-0.492193
0.132329
-0.016062
0.077666
-0.130889
-0.145074
-0.153108
0.092930
-0.624146
0.710039
-0.202180
-0.713986
-0.387356
-0.638027
0.016974
0.048425
-0.158134
-0.024053
0.320880
0.550498
0.026227
-0.352834
-0.746849
0.131960
-0.303338
-0.967312
0.160865
-0.936635
-0.305299
-0.112292
0.355382
-0.653841
0.650965
-0.215505
-0.632539
-0.605423
-0.363985
-0.792361
0.348154
-0.413105
-0.278968
0.861126
0.478353
-0.038427
0.191735
-0.290395
-0.153983
0.577259
-0.400469
-0.790719
0.778420
0.002702
-0.341875
0.451266
-0.572042
0.161022
0.422429
-0.176610
0.236852
0.711762
-0.035573
-0.351273
-0.034192
-0.680215
-0.963358
0.466789
-0.078778
-0.103717
-0.554877
1.000000
0.430039
-0.646468
-0.105350
0.593160
0.691608
0.073024
-0.510589
-0.425078
-0.763473
-0.834422
0.865495
0.213693
-0.346959
-0.322895
0.026852
-0.446565
-0.761130
0.082052
-0.778403
0.253105
-0.132107
-0.206651
1.000000
-0.209636
-0.010511
-0.026691
-0.493688
-0.378144
0.161527
-0.192035
0.201656
0.032479
-0.928014
0.600490
0.330810
-0.139161
-0.058709
-0.474290
0.308319
-0.858828
-0.094674
-0.081026
0.076403
0.398714
0.992983
-0.177946
0.437489
0.498175
1.000000
0.198083
-0.244971
0.089275
0.105328
0.580709
-0.889921
0.407158
-0.358143
-0.504698
-0.480535
0.341257
0.187860
0.296329
-0.093196
0.450222
-0.583130
0.849689
-0.878869
0.252750
0.943672
-0.535381
0.094281
0.234349
0.184476
0.776054
0.700106
0.839749
-0.136246
0.310742
-1.000000
-0.126854
-0.204949
-0.059169
0.282384
0.157634
0.228442
-0.614416
-0.115949
-0.199130
0.070806
-0.767163
-0.340221
0.241572
-0.148463
-0.376799
0.753784
0.219777
-0.152671
-0.025581
-0.580692
-0.234410
0.263115
-0.745922
0.207029
0.096573
-0.743066
-0.428108
0.263223
-1.000000
-0.279419
0.376344
0.600736
0.289319
-0.492149
0.354828
0.263925
-0.561056
0.012271
-0.899572
-0.762248
0.244758
0.143075
0.269959
0.378428
0.437651
0.135439
0.147264
0.521764
-0.201520
0.066800
0.493772
0.375999
0.962016
0.240874
-0.059136
0.682786
0.490501
-0.341192
-0.370084
0.469651
-0.965478
0.082290
-0.010423
0.193887
0.419035
-0.049990
-0.428059
0.407008
0.011771
-0.182999
-0.146419
-0.182959
-0.217386
0.979550
0.124550
0.255468
-0.603340
0.359659
-0.108422
0.234396
-0.397301
-0.692673
0.063406
0.400515
0.197054
0.142075
-0.798314
0.271984
-0.803627
-0.163712
0.086890
-0.804868
-0.640407
0.301391
-0.681668
-0.639405
-0.530473
0.475196
-0.428181
-0.148778
-0.607756
0.319289
-0.028169
0.731046
0.305596
-0.078056
-0.518020
0.372257
0.597517
-0.770368
0.844349
-0.179497
0.466734
-0.514815
0.253603
0.952108
-0.114882
0.260749
0.274190
0.246732
0.719519
0.332895
0.821569
-0.568559
-0.351723
-0.377881
-0.309801
-0.493867
-0.180750
0.285132
0.018857
-0.041019
-0.948923
-0.350362
0.127796
-0.821989
0.243363
0.817148
-0.072706
0.889548
0.198214
0.116651
0.915727
0.793337
0.881569
-0.014411
-0.106035
0.021588
-1.000000
0.388281
0.195044
-0.278401
0.084942
-1.000000
-0.332769
0.612649
-0.948220
-0.094402
-0.891228
0.446854
-0.705225
-0.853612
0.027802
-0.523076
0.053784
0.029660
0.068079
0.192254
0.025128
0.076988
0.673307
-0.591196
0.898823
0.179089
0.168987
0.201098
-0.225276
0.658181
0.755093
-0.082192
0.397345
-0.552214
-0.044396
0.151286
-0.574446
0.656015
0.083252
0.388104
-0.222570
-0.264881
-0.977536
-0.058828
0.246038
0.120154
-0.254136
0.314532
-0.467907
-0.878052
0.047033
0.588795
-0.553367
0.125093
0.416755
0.011462
-0.541328
-0.381381
1.000000
0.420189
-0.755397
0.246587
-0.364410
0.295016
-0.180779
-0.051847
-0.032559
-0.080516
-0.124898
-0.626530
-0.104862
0.258590
1.000000
-0.413430
-0.613468
-0.468088
0.040564
-0.330978
-0.600957
0.352410
-0.389850
0.037960
0.758403
-0.236965
0.343764
0.136994
0.095654
-1.000000
-0.092681
0.387960
-0.357662
0.372140
0.062208
-0.539785
0.925085
0.820250
-0.049774
-0.549770
0.245219
-0.716655
-0.293069
-0.930191
-0.451783
-0.270147
0.835569
-0.123292
0.488685
0.407629
-0.216725
-0.158944
-0.554182
-0.074237
0.230979
-0.136196
0.226772
-0.065251
-0.398145
0.617512
0.931402
-0.003051
0.527516
0.266430
0.149446
0.116178
-0.305476
-0.815391
0.029512
-0.388431
0.071051
0.341327
-0.045965
0.552139
0.206256
-0.268782
0.683873
0.686882
0.328347
0.097782
0.575975
-0.852355
0.266121
0.447194
0.486238
-0.305898
0.338055
0.377202
0.552109
0.084570
-0.580550
-0.765867
-0.053508
-0.414207
0.979402
-0.114596
-0.282204
-0.757125
0.144733
0.078658
0.422449
0.128946
-0.392892
-0.426683
-0.430943
0.692893
-0.959868
-0.738747
0.273188
0.789209
-0.109624
-0.104167
0.444497
0.005978
-0.880331
-0.619401
0.171399
-0.515564
0.093702
0.250413
-0.181952
-0.733486
-0.362085
-0.752957
0.216532
-0.160029
-0.060324
-0.822158
0.401628
0.052102
-0.629342
-0.220971
-0.204953
-0.040574
-0.478908
-0.019309
0.715127
-0.714793
-0.701946
-0.369796
-0.137955
1.000000
-0.265475
-0.090455
0.873710
-0.059417
-0.913262
-0.968014
-0.728639
-0.242419
-0.641417
-0.096315
0.118536
-0.513743
-0.184199
-0.433154
-0.477113
-0.381453
0.257157
0.294743
-0.079545
0.431965
-1.000000
0.814289
0.579692
0.226955
0.316447
-1.000000
-0.189944
0.010602
-0.228854
-0.257189
-0.348026
-0.100583
-0.850141
0.566735
0.573371
0.478317
-0.407159
-1.000000
0.297149
0.188992
-0.601285
0.085958
-0.374265
0.305256
0.128620
-0.147025
-0.100626
0.807318
0.987714
0.411228
0.423946
0.154250
0.466828
-0.558387
0.266804
-0.037995
0.240061
-0.520883
-0.748826
0.557306
-0.206183
0.032372
-0.229590
0.098930
-0.468248
-0.921649
0.616492
-0.166090
-0.063206
-0.197277
0.161817
-0.849998
-0.440980
0.186500
0.477268
0.739739
-0.934414
-0.297618
-0.438877
-0.238231
-0.514900
-0.226162
-0.268944
-0.191470
0.314266
0.583639
-0.288859
0.090020
-0.046194
0.801993
0.053012
-0.707277
0.059408
-0.948758
0.446661
0.059780
-0.125188
0.093094
-1.000000
0.238697
-0.175027
0.389945
1.000000
-1.000000
-0.050134
0.465505
0.055947
-0.722052
0.418871
0.734234
0.069576
0.509904
-0.422213
-0.896673
-0.544803
0.573559
0.116280
-0.293894
-0.487017
-0.411915
-0.280617
0.015334
0.546650
0.472541
0.058653
-0.292435
0.017100
-0.630954
0.196302
0.105415
0.010097
0.166745
-0.047763
-0.932365
-0.008199
-0.518243
-0.053912
-0.201230
0.258597
0.108392
0.009096
-0.054980
-0.794399
-0.360887
0.345160
-0.244265
0.166915
0.256914
0.249321
-0.978142
0.156652
0.003646
-0.010901
-0.562839
0.499961
0.028049
-0.202369
0.671534
1.000000
-0.370279
0.545054
0.197615
-0.380424
0.076883
-0.100401
-0.354286
-0.557550
-0.704237
0.269293
-0.569468
0.163155
-0.757658
0.644093
0.087517
0.153136
0.261141
0.514907
-0.115626
-0.172093
-0.887622
-0.224267
-0.687706
0.136968
-0.832106
-0.800747
1.000000
0.315697
-0.235702
0.836853
-0.486126
-0.012535
1.000000
0.532816
-0.713020
0.425002
0.201730
-0.898033
0.470549
-0.314232
0.403219
0.139234
0.298967
-0.169806
0.208838
0.026099
-0.260372
-0.754621
-0.112008
0.432587
-0.074557
-1.000000
0.077259
-1.000000
0.191533
-0.417993
0.401366
-0.573824
1.000000
-0.181446
-0.634107
0.809445
0.901083
-0.607317
-0.543063
1.000000
-0.029957
-0.052573
0.918908
-0.110318
-0.139672
0.274957
0.081989
-0.654302
-0.799626
0.174861
-0.373435
0.359714
0.923300
0.198442
0.082046
0.564172
-0.390848
0.621066
-0.808250
0.325218
-0.183774
0.917137
-0.483873
0.043250
-0.165844
-0.614548
-0.319261
-0.503822
0.462708
0.236950
1.000000
0.486938
0.517795
-0.021264
0.534535
-0.271532
0.168794
0.089277
0.157991
-1.000000
0.503457
-0.023478
1.000000
0.159329
0.478840
0.341459
0.399845
-0.211180
0.474002
-0.946921
-0.011284
-0.926632
-0.651336
-0.823064
-0.209238
-0.410617
0.856285
1.000000
0.696018
0.864349
0.713700
-0.101472
-0.755868
0.305190
0.074160
-0.376867
0.892234
-0.009260
-0.032686
0.459734
0.024654
-0.243381
0.727146
0.126106
0.987577
0.955692
0.068976
0.887803
-0.575286
0.295922
0.231599
1.000000
0.073729
0.268449
-0.551160
0.233136
-0.921754
-0.487320
-0.623567
-0.374495
-0.423077
-0.827510
-0.501765
-0.143141
0.179547
0.047242
-0.559649
-0.267119
-0.152940
-0.229166
-0.238938
-0.318047
0.396087
0.214153
-0.492035
-0.276620
-0.776579
0.112434
-0.419394
0.078715
-1.000000
0.215839
-0.663889
0.400672
0.488497
-0.144852
-0.013888
-0.442537
0.293374
0.529421
-0.035924
0.258925
-0.359917
-0.744887
0.036505
0.151010
-0.162232
1.000000
0.263404
0.672505
0.199556
0.352846
-0.032925
0.174765
-0.674130
1.000000
-0.122328
-0.240507
-0.183388
0.307105
-0.221428
-0.475953
0.321609
-0.191264
0.215488
0.191501
-0.248820
0.851495
0.770706
-0.215565
-0.740792
0.334379
-0.225197
-0.283517
-0.213735
0.137126
0.184509
-0.072180
-0.127968
0.051404
0.383873
0.062012
-0.266289
0.586752
-0.853607
0.035981
0.041776
-0.380404
-0.151677
-0.623239
0.329085
-0.378077
0.979866
0.389532
0.093300
1.000000
0.029363
0.914747
-0.299440
0.209642
0.902358
0.209343
0.273077
-0.074159
0.917169
-0.280543
0.431251
0.272955
0.308332
0.099273
-0.771713
-0.649820
0.065641
-0.176923
0.156242
0.598005
-0.690294
0.409274
0.318675
0.841516
0.050064
-0.229249
0.737967
0.402561
-0.322081
-0.159909
-0.492227
-0.868337
0.334253
0.127154
-0.501182
-0.443167
0.229762
-0.057761
0.211415
-0.379714
0.722399
0.051715
-0.068993
1.000000
0.036612
-0.603866
0.094374
0.442250
0.769758
-0.473671
0.952134
0.542963
0.194558
-0.394392
-0.891461
0.196977
-0.305724
-0.944574
-0.334484
-0.507125
1.000000
0.025591
-0.075086
-0.055676
-0.347346
-0.880712
0.206481
0.553815
0.071347
0.195092
-0.157738
0.256693
0.877168
0.466847
-0.060636
-0.567352
-0.225032
-0.212460
-0.275453
0.044780
-0.977136
-0.307007
-0.110624
0.093681
-0.099729
-0.072870
-1.000000
-0.572157
0.120285
-0.945861
0.053472
-0.577975
0.638127
0.189456
-0.175502
-0.355648
-0.416713
-0.061016
0.188216
-0.185740
-0.476420
-0.613966
-0.788656
-0.312656
-0.271011
-0.381751
0.003710
-0.767117
0.362711
0.369100
0.187854
-0.068415
-0.090295
0.222153
0.170531
0.099038
-0.381236
-0.457185
0.035487
-0.295690
-0.530524
0.078088
-0.295182
-0.469558
-0.650610
-0.462700
-0.123939
-0.380172
-0.035346
0.861276
-0.475287
-0.369515
-0.189022
-0.574614
0.355711
0.215332
0.748539
0.249588
-0.918706
-0.918210
0.260572
-0.114198
-0.054796
0.757295
0.853421
-0.619705
0.527062
0.113291
-0.168943
-0.032304
-0.653959
0.313229
0.194895
-0.681423
0.551512
0.393040
-0.096912
0.092614
0.137469
0.830538
0.069295
-0.436637
-0.550321
-0.265887
-0.520638
-1.000000
0.911112
0.082749
0.823983
-0.474291
0.296921
-0.081766
0.424101
-1.000000
0.891128
-0.243497
-0.332397
-0.443137
-0.752181
-0.015100
-0.955453
0.108256
0.511373
0.510615
-0.674979
0.839942
0.187342
-0.094478
0.353610
0.517494
0.508714
0.171812
0.329700
-0.813639
0.191375
0.265760
0.147189
0.628156
0.757250
0.551433
0.006617
0.140729
0.580241
0.084825
-0.766014
0.024451
-0.261106
-0.054800
0.456396
-0.011761
-0.784363
0.183649
-0.148864
0.462246
0.391589
-0.691352
-0.621081
0.984316
-0.091061
1.000000
0.675471
0.961998
0.293079
-0.962422
-0.251633
-0.959758
0.107716
0.522436
0.082821
-0.324071
0.117648
-1.000000
-0.320211
-0.178946
-0.271347
0.780589
-0.533772
-0.011812
0.111528
0.093022
0.523102
0.448725
0.827493
-0.292384
-0.194956
-0.941460
1.000000
0.033331
0.335717
0.219638
1.000000
-0.080017
0.011167
0.593319
0.763534
-0.247144
0.076396
0.496445
-0.275828
-0.337008
0.433032
-0.022127
0.159353
-0.233005
0.335740
0.995256
-0.703632
-0.546217
0.228537
0.528846
-0.967486
0.796519
-0.892007
-0.463243
-0.372749
-0.132973
0.188382
0.289880
0.559481
0.074306
0.191594
-0.383892
-0.134299
-0.448864
-0.146510
-0.066724
-0.092616
-0.452994
0.101282
0.062949
0.361533
0.183874
-0.104564
0.300478
-0.160875
0.020647
-0.212761
-0.893776
0.837251
-0.600060
-0.060383
0.726304
-0.049253
0.143318
0.122918
-0.003600
0.341732
0.866755
0.840106
0.511210
0.221843
0.839733
0.147697
-1.000000
0.446208
0.331775
-0.058201
0.928541
-0.516710
-0.467544
0.052714
0.555364
-0.038647
-0.378079
0.300036
-0.336926
0.025522
-0.394221
0.079658
0.474400
0.102654
0.581933
0.822669
-0.503652
-0.000888
0.959572
0.073413
-0.292948
0.342002
-0.233973
0.137654
-0.231133
-0.165594
-0.212455
-0.458154
-0.878929
-0.630789
0.130695
0.706912
1.000000
0.426963
0.102521
-0.943635
0.076151
-0.055010
0.286001
0.155766
-0.564098
-0.221895
-0.738905
0.732366
0.313962
0.090768
0.413931
0.331486
-1.000000
0.097554
0.024526
0.692336
0.226781
-0.397693
-0.294405
0.061436
-0.379707
0.279790
-0.580315
-0.990881
0.720971
0.935928
0.184662
-0.239478
0.481136
0.033718
0.380885
0.575774
-0.331422
0.523110
-0.192602
-0.334306
0.259348
-0.220366
-0.529514
0.569324
-0.714134
0.517072
-0.001044
0.069426
-0.031204
-0.068401
0.239018
1.000000
0.721657
-0.116330
-0.127074
0.023792
0.359634
0.536255
0.146158
-0.638190
-0.098953
-0.309718
-0.083096
1.000000
0.967175
-0.100183
-0.021449
0.200306
0.138203
0.528226
-0.530885
0.230463
0.301893
-0.910163
0.204656
-0.146093
-0.065273
0.127311
0.425387
-0.360886
-1.000000
0.149904
0.653523
0.600109
0.624301
0.035679
-0.029089
-0.244283
0.437707
0.363387
0.604678
0.127263
0.276444
-0.339034
0.629526
0.087079
-0.756266
-0.513334
-0.323566
-0.388806
-0.040749
-0.400389
-0.561657
-0.288322
-0.129887
-0.021292
-0.400126
-0.054362
0.389038
0.349551
0.850925
-0.615779
-0.114970
-0.337913
-0.076281
-0.231157
-0.532965
0.011102
0.150914
-0.334350
0.055621
0.017559
-0.292694
0.640377
0.181094
-0.260567
-0.758445
-0.310401
-0.668983
-0.100459
-0.921570
-0.527757
-0.560360
-0.413114
0.093225
-0.500382
0.279554
-0.781012
0.481287
0.439375
0.101140
0.261906
0.042866
0.041526
-0.891312
-0.196579
-0.039457
-0.198900
0.499691
0.272504
-0.696955
0.420641
0.102367
0.351155
-0.543044
0.481219
0.242570
-0.385479
0.292049
0.065389
0.512462
-0.059514
-0.205091
0.310386
0.593532
-0.112605
-0.063997
0.837396
-1.000000
0.087440
-0.350363
-0.574218
0.008161
0.476004
-0.778075
-0.251738
0.085063
-0.345136
0.038960
-0.850798
0.035348
0.337057
-0.507645
-0.067947
0.389426
-0.790244
-0.931621
0.426768
0.551524
-0.043297
-0.004782
0.895804
0.802573
-0.366957
-0.098640
-0.349242
-0.398411
0.357626
0.174869
-1.000000
0.118997
0.174716
0.494716
0.109275
-0.527339
0.164842
-0.441246
0.537584
0.708495
0.589908
-0.415537
0.878066
-0.053790
-0.695356
0.129209
-0.731370
-0.080583
0.359857
-0.931594
0.171110
0.029273
-0.309832
0.703389
0.683621
0.515155
0.300777
0.137425
-0.193475
0.242449
0.140544
0.349541
-0.359670
0.852766
0.028988
-0.773341
-0.771764
-0.301240
0.386966
-0.307818
0.774220
0.444691
-0.498765
-0.320513
-1.000000
-0.111161
0.987987
-0.440108
0.234905
0.343738
0.128587
-0.051632
-0.330811
0.069170
0.160200
-0.216031
0.188600
0.172413
-0.209495
0.721519
-0.092129
0.485497
0.383093
0.776225
0.401040
-0.332044
-0.124680
-0.674368
0.490676
-0.440952
0.528344
-0.080488
0.289900
-0.354254
0.201657
-0.194067
0.277715
-0.001037
-0.871345
-0.233822
-0.478729
-0.984742
-0.286863
0.664925
-0.369540
-0.797312
-0.006020
-0.416500
0.039322
0.898416
0.808994
0.066748
-0.561737
0.384698
0.521100
0.004795
-0.938629
0.499995
-0.043926
-0.031357
-0.024729
0.070286
0.871798
-0.461382
0.506991
0.205449
-0.285639
0.407887
0.213604
0.828488
0.036209
0.132105
-0.469821
0.149982
-0.720897
-1.000000
-0.068942
0.331475
-0.309612
-0.148104
0.896031
-0.556426
-1.000000
-0.821628
-0.465860
0.367050
0.005708
0.068747
0.247742
-1.000000
-0.327687
-0.063476
0.382341
0.049293
0.045901
-0.309390
0.192576
0.517712
-0.597537
-0.358523
0.800208
0.307929
0.151240
-0.249928
-0.049079
0.738809
0.291352
-0.271510
-0.946326
0.531619
1.000000
0.621085
-0.208039
-0.009262
-0.351813
-0.596709
-0.631978
0.129812
-0.542031
0.922811
-0.074365
0.140309
-0.335140
0.981953
-0.894173
0.218868
-0.128603
-0.347415
0.643517
-0.159463
0.422844
-0.540622
-0.350029
-0.752930
-0.065133
-0.208103
0.121450
-0.214191
-0.979231
0.540101
-0.965287
-0.032865
-0.261698
0.316298
-0.176897
-0.423870
0.360609
-0.869850
-0.233054
-0.329350
0.124820
-0.605896
0.845712
1.000000
0.051521
0.404827
0.351012
0.547504
0.386410
0.424869
0.045013
-0.013295
-0.219378
-0.033654
-0.607387
0.356487
0.786918
0.225225
-0.230947
-0.541749
0.181617
0.758153
0.373849
-0.744834
-0.113666
-0.010313
-0.122696
0.005135
0.135683
0.412252
-0.349947
-0.535262
-0.464226
0.134022
0.229134
-0.177928
-0.474884
-0.553845
0.675811
-0.310249
-0.188906
-0.343997
0.059817
-0.197370
-0.348307
1.000000
-0.518958
-0.315985
0.173594
-0.037819
-0.040096
0.015939
0.362554
-0.265000
0.322487
-0.202958
0.551134
0.473864
0.871966
0.990549
0.219384
0.211477
-0.616474
0.373323
-0.705806
-0.919995
0.311465
-0.910551
-0.561985
0.551937
-0.144180
-0.513968
1.000000
0.565338
0.361370
0.199782
-0.697872
-0.571408
-0.233243
0.499714
-0.196918
0.283889
-0.551144
-0.447570
0.518860
0.057503
-0.235658
-0.970084
0.592348
0.583645
0.400705
0.104676
-0.088646
-0.699458
-0.178970
0.388691
-0.227591
-0.101676
-0.424185
0.487865
1.000000
-0.019090
0.452659
-0.030517
-0.313832
0.118348
0.110236
0.565113
0.480028
-0.118207
0.653075
-0.121508
-1.000000
-0.066416
-0.352434
-0.775596
0.030717
-0.542337
-0.113235
0.470756
0.418932
-0.502320
-0.246788
0.219638
0.598727
0.236116
-0.387221
0.224548
0.695574
0.051905
-0.217662
0.379255
0.205945
-0.628832
-0.389056
-0.163585
0.768966
-0.197315
0.161342
-0.556448
-0.140490
-0.205442
-0.458675
0.099435
-0.249320
0.137963
-0.307401
0.237521
0.849523
0.397356
0.546633
0.095645
0.659236
0.488536
-0.189669
0.072240
-0.145833
0.429365
-0.186572
0.454839
-0.559855
-0.195877
0.396758
0.248807
0.087978
0.856091
-0.402583
-0.094264
0.007242
0.562454
-0.208944
0.357124
-0.852482
-0.212962
0.714482
-0.216254
0.112883
0.868622
-0.414582
-0.919865
-0.239001
-0.987521
-0.148877
-1.000000
-0.437130
0.061925
-0.241995
0.089031
-0.350728
-0.026563
-0.547151
-0.024786
-0.553641
-0.406516
-0.785543
-0.122365
-0.397019
-0.049504
-0.149091
0.188102
0.381555
0.250902
-0.009394
0.287250
-0.513866
-0.198488
-0.017110
-0.255647
0.818619
0.284683
0.583671
-0.361032
-0.371669
-0.316185
-0.090094
0.484564
0.284251
0.747422
0.684025
-0.010371
0.827200
-0.037117
-0.715484
1.000000
-0.557152
0.331760
-0.733196
-0.447896
0.710080
0.245011
0.386095
0.550148
-0.431010
0.267265
-0.024261
-0.276092
0.717945
0.242645
-0.630431
0.025700
-0.471987
-0.503028
0.292547
0.287059
-0.906401
0.552504
-0.180816
0.039595
-0.081109
0.049011
-0.085087
-0.013414
-0.361480
0.364034
-0.332788
0.083509
0.006581
-0.026732
-0.011359
-0.444582
0.491280
0.313072
0.123499
0.186671
-0.259573
-0.260881
-0.528818
-0.422394
0.178920
0.025302
0.179893
0.113053
0.127510
-0.056534
0.262183
-0.328687
0.900563
-0.114515
-0.518336
-0.353900
0.259999
0.219571
-0.191880
-1.000000
0.220615
0.673374
-0.310764
-0.555061
0.528285
-0.115819
0.071306
0.198923
-0.641087
0.452576
0.633763
-0.437406
-0.802455
-0.233471
-0.246345
0.443971
0.782883
-0.106669
0.640725
-0.206541
-0.040856
-1.000000
0.743021
-1.000000
0.151161
-1.000000
0.250454
-0.007278
-0.727896
-0.839073
-0.235262
0.288375
-0.194849
-0.266406
-0.794497
0.067093
-0.197617
0.388762
0.508800
0.314528
-0.194876
-0.493683
-0.180536
-0.240879
-0.758510
0.177169
-0.137035
0.126826
-0.906043
-0.785811
-0.419404
0.002679
0.073917
0.427762
0.696694
-0.689225
0.007595
0.574345
0.169353
0.549232
-0.077746
0.142463
0.567427
0.541837
-0.180339
-0.490020
-0.927090
-0.069766
-0.177478
0.743760
0.421844
-0.321889
-0.175956
-0.486667
0.154586
-0.909568
0.047116
-0.490498
0.248666
-0.230074
-0.487986
0.413042
-0.450904
-0.168748
0.014105
-0.243809
-0.393610
0.676430
-0.859947
-0.439109
0.197323
-0.020426
-0.163161
0.189980
0.120838
-0.052623
0.827083
0.172981
-1.000000
-0.151225
-0.548714
-0.183817
-0.821221
-0.201322
-0.069637
1.000000
-0.075048
-0.814946
-0.540952
-0.088399
-0.686674
-0.196804
-0.144579
-0.589297
-0.743047
0.902772
0.137689
0.729044
1.000000
-0.846096
-0.093981
0.009120
0.074821
-0.464540
-0.587577
-0.074498
0.411764
0.060161
-0.962921
1.000000
-0.469526
0.341200
-0.388321
-0.202112
-0.790810
0.246901
-0.498646
-0.721134
1.000000
-0.516934
-0.352048
-0.040470
-0.178136
-0.976781
-0.588911
0.217748
1.000000
0.445618
0.018924
0.302352
0.911596
0.269403
0.460272
0.252188
0.249490
0.404914
0.353809
-0.180942
0.078062
-0.778971
0.195201
-1.000000
-0.506416
0.789112
0.697980
0.297567
-1.000000
0.225686
-0.175743
-1.000000
0.067719
-0.527375
0.114743
0.068316
0.041014
0.542423
-0.771214
0.596793
-0.998515
0.040066
0.015254
0.338972
0.048233
-0.040293
0.015888
-0.943551
0.139911
-0.130377
-0.578767
0.997869
0.075182
0.217690
-0.266844
-0.174614
-0.462737
0.821076
0.596958
-0.714751
-0.031813
-0.058440
-0.002719
-0.463586
0.283813
-0.557242
-0.080981
-0.400061
-0.042885
0.401320
0.427408
-0.589259
-0.814412
-0.455286
0.234456
-0.011044
-0.986960
0.212304
-0.390448
-0.819990
-0.376174
0.314493
0.716366
-0.194524
-0.058968
-0.193632
-0.653493
-1.000000
0.427086
0.311501
0.119662
0.857756
0.000016
0.395142
0.388386
-0.050447
-0.688418
1.000000
0.010889
-0.444131
-0.117580
0.656719
-0.133688
-0.061754
-0.017212
-0.142073
1.000000
-0.321436
0.591733
0.247978
0.056100
0.063220
-0.082212
0.139496
-0.563150
-0.361030
0.156597
0.457060
0.081717
-0.809976
0.253934
-0.096563
-0.706073
0.540299
-0.278551
-0.252292
0.029152
-0.758783
0.934833
0.025629
0.139309
0.568220
-0.867557
0.002268
-1.000000
-0.397605
0.264778
0.408754
0.377633
0.252386
0.323188
-0.966314
0.068443
0.414993
0.145719
0.511374
0.255352
0.257903
0.157195
-0.665646
0.671929
0.438772
0.174349
0.508895
-0.033637
0.235141
1.000000
0.482031
0.435980
-1.000000
-0.110022
-0.632284
0.425954
0.000248
-0.212868
0.493046
0.136715
-0.384374
-0.183211
0.047008
0.005001
0.063585
0.190545
0.732650
-0.201885
-0.140695
0.280688
-0.691474
-0.763282
0.119833
-0.624700
0.365935
0.304065
0.848916
-0.735369
-0.916498
0.536029
-0.232863
0.468328
0.285687
0.422373
-0.104547
0.131585
0.093396
-0.034559
0.938206
-0.187616
-1.000000
-0.734387
-0.574843
-0.632608
0.473502
-0.815963
0.899410
0.344288
0.028098
1.000000
-0.180604
0.156901
-0.190603
-0.258962
0.192397
-0.457853
0.189341
-0.070391
-1.000000
0.028736
0.584275
-0.147968
-0.580289
0.958765
-0.730817
-0.162344
-0.063539
-0.009090
-0.062865
-0.659639
0.423227
-0.408702
0.058502
-0.257899
-0.128908
0.076171
0.315838
-1.000000
-0.908407
-0.743854
-0.781055
0.148603
0.126359
-0.274742
0.551108
-0.137339
-0.581709
-0.114365
-0.233796
0.294651
0.785383
0.157758
-0.768911
0.709084
0.185550
-0.013100
-0.508932
-0.558249
-0.163956
0.801335
-0.393703
0.407533
0.816807
0.430431
-0.352431
-0.231405
-0.033505
-0.068378
0.960913
0.672577
0.006479
-0.092012
-0.501423
-0.037229
0.090184
-0.125152
0.748398
-1.000000
0.758043
-0.222038
0.104318
-0.342702
-0.522003
-0.721666
-1.000000
-0.339540
1.000000
-0.430857
0.381529
0.660268
-0.522660
-0.387313
0.199075
0.448796
0.033079
-0.410688
0.110624
0.410795
-0.048420
0.374449
0.179611
-0.560830
-0.992756
-0.295949
0.233043
0.524791
-0.466296
-1.000000
-0.423668
-0.582806
0.118655
-0.104060
-0.350028
-0.330767
-0.129564
0.135616
0.235724
0.212595
0.270597
0.185090
0.757547
-0.025389
0.051740
0.030777
-0.142336
0.205026
-0.684860
0.937533
-0.688364
0.062389
1.000000
-0.714593
0.832769
0.145419
-0.219865
0.360747
-0.691120
0.404845
0.161437
0.415785
-0.200355
0.440854
-0.717123
0.396593
0.073618
-0.187379
-0.317374
-0.137919
0.287800
0.452034
0.620933
0.704222
0.393335
0.655064
0.436755
-0.489137
-0.684831
0.864886
0.002814
0.377833
0.530824
0.000734
0.019252
-0.026019
-0.108027
0.465197
-0.131150
0.569357
0.293750
-0.341768
-0.071269
-0.962122
0.276663
-0.586479
-0.191733
0.117934
0.942031
-0.335876
0.042016
-0.090216
0.299938
0.092744
-0.142425
0.300876
-0.271960
0.887795
-0.056357
-0.328869
-0.072532
-0.852921
-0.492301
0.696148
0.354190
-0.566441
1.000000
-0.141124
0.188658
0.407980
-0.894781
-0.450366
0.293071
0.188629
0.489215
-0.283203
-0.901305
-0.111649
-0.094434
-0.575366
0.533054
0.522654
-0.329176
0.058118
0.502903
0.360350
0.325411
-0.328261
0.197793
0.187448
-0.724574
-0.033920
0.312507
0.340662
0.233150
-0.105959
0.348483
-1.000000
0.454685
-0.258156
-1.000000
-0.170679
0.393337
0.000990
0.860907
0.896097
-0.500320
-0.520320
-0.751694
0.075367
-1.000000
0.572177
0.432606
0.429952
0.086302
-0.091698
-0.656627
1.000000
-0.377098
-0.138798
0.445352
0.265644
-0.296440
1.000000
-0.446307
-0.223209
0.556507
0.400611
0.381799
0.470552
0.430093
0.096596
0.262430
0.927601
0.013863
0.145444
-0.337069
-0.308004
0.815795
0.221070
0.351275
-0.588877
-0.256233
0.114785
0.417020
0.649900
-0.317837
-0.149034
-0.169000
-0.224811
0.158717
0.386122
-0.584953
0.021245
0.786339
0.917997
-0.400433
-0.856514
-0.764226
0.448165
0.559853
-0.591058
0.086803
-0.693480
-0.737777
-0.319533
-0.916201
0.302579
0.523057
1.000000
0.092196
-0.492153
0.328240
-0.034153
0.142171
-0.359136
0.187939
-0.114228
-0.040459
0.334515
-0.000415
-0.602708
-1.000000
0.627400
0.647106
-0.642270
0.259117
-0.309158
0.096901
-0.760100
0.266671
0.148752
-0.308438
0.242088
-0.659691
-0.137003
0.163523
0.431977
0.011922
0.524816
-0.379891
-0.807712
0.363873
0.226909
0.661418
-0.430501
-0.100046
-0.417847
-0.137447
-1.000000
-0.697999
-0.514509
-0.421964
-0.016137
0.110437
0.599817
0.560374
-0.350353
0.333569
0.040850
0.414314
-0.214211
0.062810
0.050897
0.752561
0.406559
-0.623430
-0.297523
-0.265932
0.397359
-0.140224
-0.624892
0.437613
-0.539795
0.347599
0.867160
0.150962
0.724093
0.477923
-0.946357
0.099283
0.022275
0.327755
-0.230893
-0.108715
0.815815
0.461346
0.192675
0.503425
1.000000
0.852541
0.552280
-0.074775
0.355304
0.095703
-0.696860
0.294882
0.203092
0.554671
0.020337
0.079532
0.052757
0.307679
-0.426991
-0.514998
-0.322029
-0.268485
0.654104
-0.073143
0.455216
0.251345
0.514234
1.000000
0.046967
-0.300126
0.552239
0.041208
0.128569
0.001022
-0.407122
-0.506330
0.180353
-0.218768
0.469327
-0.127626
0.291239
0.241946
-0.103594
-0.325659
0.788222
-0.106066
0.356261
0.033638
-0.232646
-0.016023
-0.090056
-0.511917
-0.021005
0.107501
0.530594
0.946409
-0.172971
-0.383643
0.117564
0.035079
1.000000
0.222902
0.673337
-0.828552
-0.212622
0.303205
0.730882
1.000000
-0.473580
-0.884526
0.892670
0.717284
-0.272818
-0.204071
-0.354575
-0.581397
-0.418009
-0.003210
-0.677710
-0.270890
-0.931359
0.255661
0.255217
0.745707
-0.268189
0.594706
0.635718
0.366641
-0.067062
-0.035785
-0.146261
-0.040583
-0.176760
-0.224029
0.628557
-0.467564
0.187823
-0.968648
-0.251363
-0.238239
-0.503228
0.672069
-0.926643
-0.693486
0.445101
-1.000000
-1.000000
0.732198
0.433076
0.835425
0.308959
0.372527
0.850622
-0.326070
-0.313143
-0.369654
0.253304
-0.762580
-0.303575
-0.678752
-0.049377
0.306278
-0.272454
-0.447137
0.221209
-0.585864
-0.219099
0.312140
-0.880880
-0.016643
0.186859
-0.097976
-0.174056
-0.807763
0.279815
0.233336
0.420273
0.182818
-0.585009
-0.297299
0.423561
-0.282623
0.582603
0.691260
0.018824
0.891684
-0.140039
0.149870
-0.592703
0.373156
0.327683
0.158811
-0.114481
1.000000
-0.213937
-0.463176
0.119016
0.388903
-0.186660
0.751217
-0.168956
-0.030258
0.418433
-0.153441
-0.140378
0.184234
0.879508
-0.369413
-0.970192
0.186928
0.405046
-0.201240
0.315180
-0.935015
-0.121025
-0.029883
-0.509372
-0.653179
-0.263582
-0.941564
0.999388
0.128565
-0.208256
-0.305252
-0.074152
0.019871
-0.209883
0.642146
-0.161044
-0.527000
-0.377965
0.506255
-0.202359
0.930477
-0.025359
0.183319
-0.341737
-0.016811
-0.079517
-0.736389
0.024498
0.205162
-0.261679
0.855746
-0.068090
0.007471
0.366278
-0.561242
-0.100891
1.000000
-0.097967
-0.060425
0.111033
-0.261192
-0.346377
0.621453
0.039123
-0.810999
0.215744
0.486934
-0.022198
0.198117
-0.337942
0.316431
0.713982
0.767272
0.696960
-0.399420
-0.630194
-0.024668
-0.014977
0.192127
0.957958
0.197704
0.181137
0.228577
0.588695
0.481393
0.929603
-0.281401
0.278493
0.311347
0.722064
0.697145
0.446118
0.915810
-0.724401
-0.062226
0.241063
0.052649
-0.141207
0.099912
-0.048240
-0.375027
-0.127122
0.924189
0.450173
0.150687
0.097153
0.754948
0.367574
0.204616
0.816251
0.582624
0.363144
0.279846
0.181699
0.118751
-0.166230
-1.000000
0.091183
0.657061
0.355928
-0.154251
0.198281
0.211085
0.465363
-0.011872
-0.206163
1.000000
0.020836
-0.122699
-0.063734
0.787946
0.586575
-0.160777
-0.189284
-0.128361
-0.109828
0.126888
-0.817594
-0.117753
-0.221381
-0.301343
0.005585
-0.161729
-0.147243
-0.095899
0.569110
-0.593302
-0.154127
0.211266
0.435844
1.000000
-0.779824
0.213668
-0.752131
-0.281627
-0.110192
0.126048
-0.482639
0.233820
-0.459921
-0.672879
0.761260
0.430666
-0.012889
0.054212
0.467660
-0.340711
0.035819
-0.579457
0.146228
-0.281323
-0.128394
-0.133992
0.452120
0.743294
0.290570
0.840880
-0.369212
0.318508
-0.030287
-0.390504
0.964317
0.226332
0.208985
0.008623
-0.285855
0.700564
-0.636094
-0.784329
0.247212
-0.174955
0.029105
0.448377
-0.324799
0.078714
0.243198
-0.556788
0.734990
-0.489520
0.004481
0.364436
-0.784861
0.177914
0.011789
-0.456355
0.093131
0.769812
-0.432505
0.092506
0.333746
-0.136496
0.169527
0.983521
-0.605283
-0.268706
1.000000
-0.271782
-0.163499
0.654287
0.387083
-0.129966
-0.292744
-0.360719
0.414152
-0.479378
-0.241163
0.003095
0.142661
0.433350
-0.160246
0.343499
0.730515
-0.147348
-0.419240
-0.364916
-0.367854
0.474409
-0.172324
0.074558
-0.776313
-0.267509
-0.983849
0.370879
-0.912596
-0.004542
-0.422775
0.740129
0.369469
-0.114938
-0.084618
-0.099580
-0.209319
-0.256352
-0.470265
0.625709
0.163854
0.377074
-0.278395
0.267040
-0.575553
-0.021788
-0.093549
-0.410779
0.622033
-0.618541
0.167532
0.312508
0.012346
0.782416
0.402008
-0.635742
-0.188555
-0.387619
-0.786081
0.455161
0.645369
-0.615222
0.815535
-0.796003
0.934280
0.534213
-0.826981
-0.019499
0.805270
-0.526874
-0.874909
0.757344
-0.463608
0.023625
-0.090218
-0.149146
0.324197
-0.016917
-0.691264
0.019402
-0.203057
0.156786
-0.027410
-0.522960
-0.928345
-0.122131
0.750120
-0.171894
-0.266264
-0.104848
-0.250325
-0.440053
0.851997
-0.417306
-0.680132
-0.428971
0.553905
0.046201
-0.111899
-0.515235
-0.917259
-0.024765
-0.707922
-0.464071
0.626687
-0.601977
-0.159321
-0.066873
-0.704095
-0.327574
0.358931
0.469179
0.358807
-0.492074
-0.331715
-0.406475
-0.571422
0.029814
0.318304
-0.323618
0.160537
0.175582
-0.279777
-0.320417
-0.010732
0.348411
-1.000000
-0.223792
-0.862472
-0.314360
-0.913907
-0.230265
0.241760
0.836381
0.977135
0.949187
-0.086163
-0.844952
-0.210845
-1.000000
-0.726043
0.085696
-0.249712
-0.083138
0.824501
0.506712
0.645795
0.143390
-0.711921
0.702581
0.000948
0.379769
-0.814463
0.591810
0.433560
0.199925
-0.129673
1.000000
0.066720
-0.187001
-0.274441
-0.256503
0.802548
-0.456791
0.552718
-0.898038
-0.131936
0.137615
-0.768091
0.385774
-0.204271
0.042276
-0.310343
0.129481
-0.565219
0.060745
0.457208
-0.652117
0.035800
-0.221891
0.262662
0.350858
-0.100840
0.066448
0.204990
0.269128
-0.232714
1.000000
0.683113
-0.381972
0.205077
-0.758165
0.268620
-0.293951
-0.225693
0.513819
0.065281
-0.507790
0.366978
-0.104228
-0.315686
-0.270743
-0.213723
-0.260966
-0.043124
-0.333132
-0.401304
0.300684
0.397267
-1.000000
-0.276567
0.346262
-0.732989
0.006542
0.617857
1.000000
0.069560
0.281581
0.880126
0.136868
-0.942796
0.039636
-0.008099
-0.218653
0.460333
-0.254685
0.596102
0.376311
-0.036540
-0.337280
-0.504723
-0.047310
0.738067
0.131378
0.302385
-0.471446
-1.000000
0.077825
0.050435
0.163307
0.088968
0.099820
0.040808
0.212186
0.011742
0.043372
0.093556
0.011302
0.015314
0.026080
0.022108
0.006317
0.032190
0.021509
0.063866
0.023249
0.075412
0.032093
0.017173
0.034819
0.056191
0.027805
0.033363
0.028001
0.071989
0.199036
0.134791
0.203436
0.034139
0.030667
0.030838
0.015869
0.049624
0.008466
0.019213
0.066172
0.064427
0.053953
0.082238
0.032412
0.051925
0.065220
0.018111
0.054862
0.026698
0.012797
0.081562
0.023410
0.149826
0.030493
0.013339
0.119099
0.020755
0.090504
0.032127
0.021901
0.027340
0.145956
0.085081
0.090556
0.076969
0.071720
0.031028
0.459733
0.021374
0.079489
0.089765
0.079682
0.038644
0.125518
0.081227
0.113569
0.017031
0.050510
0.085430
0.090841
0.126969
0.031835
0.060534
0.100765
0.009250
0.021371
0.078613
0.048684
0.105429
0.106547
0.040952
0.113876
0.037219
0.017450
0.014925
0.037827
0.107183
0.018654
0.060295
0.062654
0.106685
0.022985
0.084756
0.017823
0.039711
0.030652
0.128445
0.038270
0.152306
0.042883
0.011626
0.026505
0.048249
0.116379
0.057404
0.026732
0.146467
0.065560
0.007400
0.063573
0.112585
0.033472
0.017695
0.038186
0.045170
0.047839
0.024064
0.058921
0.176904
0.026606
0.047650
0.029229
0.046443
0.031730
0.078242
0.018438
0.031482
0.027142
0.026463
0.069761
0.022754
0.197711
0.014784
0.043227
0.022885
0.110668
0.139046
0.113845
0.064121
0.044977
0.029301
0.071592
0.119371
0.076174
0.085100
0.114944
0.052660
0.047779
0.030835
0.076514
0.014796
0.085352
0.083571
0.037287
0.065266
0.060939
0.076212
0.068772
0.030364
0.010073
0.039921
0.231521
0.026266
0.016651
0.075605
0.040299
0.308327
0.060253
0.040474
0.029702
0.044053
0.097354
0.036515
0.013748
0.184104
0.067298
0.019869
0.061042
0.370097
0.098933
0.018573
0.103193
0.017873
0.030708
0.065699
0.017550
0.097421
0.056621
0.010180
0.359790
0.067740
0.027413
0.066481
0.017330
0.030780
0.050065
0.135663
0.051036
0.054031
0.009761
0.102201
0.044184
0.113264
0.010499
0.099189
0.027019
0.013686
0.031476
0.066634
0.045282
0.117651
0.059198
0.031625
0.048005
0.034866
0.350620
0.249719
0.168490
0.068569
0.026438
0.054428
0.022671
0.092281
0.075550
0.023161
0.073195
0.071816
0.085799
0.078876
0.097252
0.020188
0.024012
0.031636
0.065778
0.080612
0.229019
0.109013
0.077310
0.039972
0.079644
0.036522
0.134100
0.043897
0.080236
0.050682
0.106576
0.272783
0.061781
0.038688
0.091892
0.039044
0.032553
0.079541
0.041026
0.039014
0.069927
0.006680
0.032515
0.070276
0.067498
0.086672
0.217836
0.110523
0.019572
0.046039
0.033620
0.011586
0.038966
0.079896
0.153597
0.019035
0.019883
0.093851
0.124487
0.032188
0.022758
0.095678
0.156583
0.070301
0.050953
0.067404
0.019282
0.026039
0.181647
0.033696
0.033347
0.034437
0.025159
0.054463
0.071333
0.079811
0.095436
0.023616
0.072881
0.081148
0.033164
0.062845
0.343435
0.095582
0.294014
0.075795
0.011761
0.098813
0.130765
0.023066
0.025464
0.114492
0.179141
0.139793
0.007074
0.027411
0.134646
0.013703
0.095059
0.041511
0.024928
0.017394
0.344396
0.041423
0.057531
0.279289
0.014452
0.030289
0.012107
0.020059
0.008867
0.069529
0.023752
0.028119
0.078490
0.101244
0.062107
0.039841
0.114510
0.116990
0.177883
0.032520
0.047244
0.264289
0.169090
0.120081
0.034332
0.275081
0.024446
0.046571
0.049517
0.028526
0.037133
0.019788
0.058541
0.049234
0.036386
0.011281
0.062174
0.218546
0.101540
0.171867
0.065927
0.076611
0.023994
0.216036
0.130521
0.060103
0.055772
0.005395
0.080675
0.094286
0.065889
0.049791
0.064568
0.054836
0.056914
0.070918
0.040776
0.006184
0.011290
0.076414
0.014842
0.084722
0.141416
0.092895
0.311389
0.449288
0.063657
0.151513
0.023151
0.060350
0.087409
0.293232
0.037026
0.015148
0.055546
0.055077
0.110396
0.051798
0.021811
0.156302
0.100887
0.065609
0.019169
0.051304
0.013801
0.060396
0.030271
0.033329
0.048255
0.015500
0.039070
0.086243
0.057551
0.015542
0.007794
0.052994
0.027738
0.070555
0.080289
0.025909
0.076552
0.056387
0.023186
0.021308
0.091188
0.102528
0.201581
0.180395
0.063040
0.016039
0.047471
0.071015
0.069239
0.051166
0.094049
0.010786
0.073388
0.048194
0.011201
0.457639
0.074168
0.024179
0.054318
0.057730
0.067820
0.014709
0.060926
0.034678
0.020107
0.050431
0.068127
0.020713
0.027166
0.074829
0.027984
0.018016
0.059305
0.047057
0.028057
0.036111
0.209915
0.027896
0.049321
0.070293
0.074922
0.086139
0.022831
0.089813
0.040912
0.014763
0.077236
0.031384
0.048220
0.037367
0.054658
0.077101
0.014706
0.026059
0.019482
0.023104
0.081733
0.545471
0.090620
0.115428
0.061661
0.079375
0.027375
0.040995
0.036011
0.026463
0.035772
1.259610
0.019342
0.198922
0.017044
0.086397
0.039606
0.127996
0.070543
0.013002
0.043401
0.149148
0.033988
0.050972
0.017159
0.056616
0.047097
0.049587
0.028059
0.283872
0.074893
0.012300
0.122555
0.023249
0.037427
0.065316
0.055785
0.084413
0.051353
0.012364
0.116617
0.024991
0.013416
0.021069
0.061113
0.067164
0.178105
0.072870
0.046710
0.024752
0.023220
0.022552
0.056405
0.139374
0.025667
0.196072
0.394447
0.055144
0.035335
0.021398
0.029377
0.043297
0.090451
0.088954
0.058030
0.089703
0.051355
0.016581
0.019230
0.023796
0.138304
0.098742
0.136719
0.105600
0.036881
0.062984
0.038533
0.057070
0.011371
0.055615
0.074609
0.077618
0.018163
0.042585
0.112567
0.110558
0.065045
0.042089
0.140167
0.038086
0.134898
0.016589
0.075020
0.044688
0.026888
0.014958
0.093846
0.038054
0.062647
0.036829
0.050055
0.010249
0.011884
0.009028
0.032384
0.027960
0.054164
0.060172
0.047491
0.048623
0.114343
0.014847
0.050810
0.062869
0.034755
0.017805
0.058683
0.022707
0.010211
0.049448
0.059532
0.189029
0.060116
0.064270
0.136996
0.018195
0.026199
0.092159
0.042089
0.037910
0.036963
0.110498
0.109131
0.008071
0.072530
0.023329
0.075183
0.155255
0.016720
0.031503
0.057723
0.046559
0.082997
0.087512
0.020015
0.116350
0.054527
0.036318
0.021528
0.041709
0.052324
0.065163
0.046659
0.042400
0.023480
0.035985
0.036679
0.026097
0.094220
0.057033
0.017575
0.120085
0.048073
0.074229
0.032077
0.008959
0.031203
0.055894
0.039886
0.031103
0.112246
0.115733
0.010670
0.066115
0.066462
0.082286
0.024657
0.049541
0.071382
0.131586
0.044299
0.059968
0.042985
0.029047
0.073585
0.103922
0.132052
0.115565
0.038384
0.033965
0.030286
0.044385
0.125360
0.064047
0.019894
0.077044
0.138298
0.013348
0.075543
0.121005
0.068496
0.132675
0.016442
0.041340
0.053288
0.162598
0.092924
0.112561
0.107632
0.091351
0.104042
0.031198
0.044975
0.096737
0.018806
0.080328
0.151065
0.176434
0.053421
0.007661
0.017780
0.044368
0.015244
0.041625
0.006353
0.098257
0.065676
0.237308
0.046207
0.071405
0.088851
0.028870
0.031970
0.119921
0.040730
0.044895
0.032103
0.066662
0.160736
0.054302
0.030407
0.059838
0.044039
0.049489
0.077181
0.019775
0.010793
0.038866
0.078561
0.058551
0.025947
0.012929
0.040630
0.061741
0.026198
0.127337
0.021558
0.063815
0.034781
0.033368
0.062497
0.067121
0.025959
0.017220
0.023143
0.152112
0.050705
0.049514
0.051374
0.054582
0.018374
0.048058
0.051049
0.018040
0.017933
0.080143
0.054523
0.093806
0.162527
0.059644
0.257948
0.070878
0.024142
0.068467
0.150816
0.111461
0.069725
0.031594
0.021975
0.099375
0.058764
0.012943
0.258887
0.043018
0.085552
0.140953
0.011152
0.048048
0.028517
0.083602
0.034488
0.007029
0.045724
0.020360
0.089327
0.105379
0.097897
0.022809
0.049473
0.057870
0.106091
0.055079
0.053530
0.056726
0.083147
0.049945
0.038850
0.099363
0.122602
0.037594
0.247281
0.063823
0.057021
0.056893
0.098973
0.038082
0.023416
0.067186
0.044745
0.098340
0.047313
0.033053
0.049087
0.043558
0.028872
0.040094
0.059895
0.070020
0.120800
0.048566
0.027733
0.064060
0.124881
0.113891
0.041936
0.056464
0.044335
0.162026
0.009816
0.161274
0.054752
0.064944
0.008762
0.066941
0.121586
0.091711
0.048628
0.094238
0.047240
0.054853
0.062446
0.083468
0.120745
0.024704
0.088815
0.155225
0.069422
0.069949
0.067052
0.051658
0.040830
0.016544
0.019767
0.187166
0.015820
0.057205
0.073953
0.089485
0.196283
0.045265
0.041334
0.044992
0.073395
0.065808
0.159598
0.036103
0.051149
0.066302
0.047295
0.081449
0.027724
0.034040
0.113792
0.049872
0.040049
0.043775
0.026269
0.054449
0.027727
0.019432
0.132309
0.048462
0.061288
0.019304
0.031527
0.093673
0.056745
0.006198
0.033923
0.031843
0.071954
0.016990
0.031739
0.155547
0.026430
0.026931
0.006692
0.049891
0.018205
0.076960
0.106664
0.205798
0.016038
0.044509
0.121622
0.062616
0.076460
0.219295
0.042843
0.234190
0.027907
0.032364
0.062521
0.039894
0.053227
0.026213
0.011610
0.109854
0.079261
0.016847
0.156417
0.054105
0.018948
0.027018
0.055334
0.190407
0.059259
0.044297
0.088650
0.030729
0.087124
0.099287
0.063869
0.126320
0.065151
0.004190
0.017548
0.128079
0.022555
0.020663
0.029988
0.060635
0.020251
0.055316
0.101600
0.036340
0.062617
0.009359
0.066482
0.044108
0.083516
0.046587
0.198312
0.042894
0.092699
0.047896
0.026161
0.081986
0.072524
0.036919
0.161116
0.190551
0.031000
0.062204
0.047746
0.016485
0.038867
0.080364
0.052963
0.021137
0.098689
0.021629
0.043857
0.017471
0.014307
0.053612
0.039205
0.081438
0.077603
0.062190
0.279316
0.054638
0.042061
0.037585
0.133007
0.033716
0.070838
0.069390
0.052633
0.087194
0.073020
0.107285
0.040325
0.098472
0.027315
0.008645
0.203152
0.030964
0.045771
0.098920
0.043562
0.037593
0.192138
0.044224
0.006999
0.017133
0.066768
0.075977
0.009993
0.065743
0.036195
0.027222
0.026997
0.021510
0.030319
0.051195
0.072690
0.033246
0.066592
0.041208
0.023963
0.070735
0.105509
0.150137
0.056152
0.030243
0.018710
0.031371
0.072303
0.048533
0.044546
0.033063
0.109956
0.033694
0.081655
0.115008
0.020835
0.054877
0.034510
0.058549
0.018415
0.043833
0.078667
0.029440
0.076335
0.019244
0.021432
0.016713
0.034162
0.012946
0.020155
0.051876
0.093936
0.045844
0.030335
0.107254
0.079970
0.118761
0.274172
0.035477
0.056751
0.014993
0.020136
0.031337
0.114609
0.059211
0.043426
0.061195
0.128934
0.088175
0.025366
0.137417
0.095085
0.056065
0.046727
0.058936
0.058256
0.069204
0.162772
0.225860
0.067877
0.072028
0.019715
0.053026
0.019819
0.107883
0.029785
0.032049
0.050637
0.198354
0.010691
0.024719
0.017319
0.127156
0.100813
0.019822
0.076093
0.023541
0.032582
0.127395
0.108857
0.094932
0.057385
0.013814
0.019695
0.008931
0.021064
0.098774
0.035436
0.091855
0.055090
0.087448
0.106325
0.079267
0.091313
0.127931
0.051118
0.050538
0.020800
0.027752
0.018710
0.059650
0.061562
0.131949
0.116699
0.032121
0.052179
0.011108
0.037911
0.028598
0.065036
0.057870
0.028117
0.034545
0.034746
0.031044
0.012468
0.045441
0.037439
0.039859
0.016167
0.078937
0.043055
0.185784
0.037945
0.051710
0.117763
0.119953
0.288836
0.063644
0.066979
0.078465
0.035272
0.122254
0.013708
0.095998
0.143925
0.077782
0.088736
0.060845
0.078283
0.024767
0.078111
0.395558
0.115605
0.156789
0.176702
0.035194
0.020997
0.007871
0.027322
0.067714
0.069995
0.012939
0.065660
0.058906
0.012352
0.159249
0.020099
0.083431
0.035701
0.141725
0.013068
0.125309
0.047076
0.103563
0.019538
0.061694
0.044339
0.031509
0.029571
0.035880
0.084101
0.018660
0.011819
0.055238
0.088079
0.041787
0.021766
0.026407
0.023678
0.043183
0.196327
0.021781
0.015736
0.128590
0.097072
0.012643
0.027818
0.056042
0.033731
0.057593
0.135212
0.077571
0.022889
0.103932
0.018825
0.095276
0.170387
0.113995
0.009539
0.053186
0.032530
0.086420
0.014589
0.087445
0.123691
0.107868
0.078110
0.142090
0.056042
0.024631
0.090673
0.142782
0.090781
0.043181
0.296209
0.131932
0.035547
0.053315
0.056726
0.193204
0.049251
0.106663
0.034946
0.055600
0.007285
0.034966
0.059895
0.045046
0.037307
0.022382
0.050641
0.120809
0.025173
0.035119
0.131385
0.066439
0.048777
0.037239
0.031586
0.016241
0.024566
0.357127
0.049359
0.030657
0.265412
0.051101
0.048654
0.058568
0.029796
0.079403
0.120347
0.031556
0.030139
0.036533
0.204069
0.072062
0.061863
0.100575
0.034728
0.046031
0.103767
0.037741
0.045265
0.087744
0.058600
0.060158
0.062366
0.027369
0.023087
0.071376
0.039893
0.109483
0.149083
0.055636
0.048335
0.024588
0.021320
0.107021
0.048121
0.147142
0.070731
0.030587
0.031098
0.043354
0.073618
0.028804
0.022694
0.084457
0.112118
0.036416
0.135061
0.039947
0.122255
0.081382
0.046697
0.060248
0.147443
0.091794
0.110373
0.015990
0.018975
0.045317
0.020765
0.029342
0.116996
0.026201
0.041871
0.044360
0.048578
0.082944
0.058306
0.168653
0.070396
0.030567
0.071933
0.229781
0.050732
0.055910
0.173519
0.037165
0.059763
0.051029
0.014131
0.040625
0.015530
0.062011
0.024056
0.028901
0.053228
0.050983
0.080312
0.023468
0.008652
0.168925
0.017857
0.033074
0.019994
0.050477
0.005724
0.013961
0.026704
0.306300
0.033490
0.050353
0.068350
0.071756
0.016530
0.102582
0.273176
0.037311
0.016679
0.154391
0.020484
0.126397
0.026217
0.088157
0.013527
0.014837
0.068347
0.037041
0.067442
0.076371
0.115518
0.043995
0.031810
0.037815
0.091512
0.041105
0.046581
0.101234
0.058732
0.025374
0.026713
0.069822
0.027329
0.024716
0.024230
0.030756
0.087019
0.041797
0.078510
0.065498
0.090753
0.189690
0.063499
0.113161
0.084594
0.061845
0.092995
0.148755
0.180752
0.136300
0.029867
0.082426
0.069142
0.061704
0.043996
0.011337
0.054281
0.043136
0.093779
0.094168
0.113370
0.041146
0.053026
0.010258
0.023073
0.173196
0.183800
0.057290
0.048671
0.085050
0.021379
0.040112
0.102654
0.028531
0.058395
0.043935
0.073162
0.132907
0.171917
0.104242
0.024810
0.081072
0.021478
0.011374
0.090624
0.112016
0.039239
0.003594
0.013752
0.147040
0.035330
0.007750
0.082359
0.036486
0.032270
0.012250
0.078897
0.016317
0.019202
0.019823
0.035296
0.034285
0.032975
0.006963
0.046339
0.074560
0.096937
0.143173
0.059018
0.017917
0.019542
0.012122
0.100618
0.015136
0.041569
0.078624
0.149761
0.010747
0.039351
0.042799
0.013888
0.073981
0.026964
0.026771
0.062435
0.028327
0.173245
0.037892
0.025066
0.063743
0.061634
0.112834
0.044313
0.034900
0.231644
0.022525
0.031165
0.056291
0.032998
0.055389
0.035371
0.044000
0.072093
0.045888
0.106646
0.092285
0.051015
0.053036
0.095021
0.076550
0.107902
0.085939
0.064726
0.108539
0.013273
0.022277
0.032610
0.051726
0.030091
0.028127
0.079937
0.032496
0.038394
0.115404
0.018127
0.065325
0.058446
0.082372
0.119965
0.025072
0.048865
0.146897
0.057317
0.094604
0.007662
0.026295
0.025475
0.035939
0.067300
0.037263
0.040811
0.088863
0.015297
0.096689
0.029822
0.096369
0.072834
0.056541
0.049777
0.036129
0.095226
0.027435
0.136371
0.015455
0.024368
0.018644
0.078316
0.714703
0.031834
0.072455
0.025937
0.042567
0.043147
0.060918
0.022268
0.060744
0.019834
0.134386
0.011221
0.048548
0.155006
0.036025
0.035281
0.074181
0.043193
0.341200
0.034630
0.048520
0.042766
0.022722
0.046674
0.018682
0.155528
0.009553
0.043858
0.086868
0.034890
0.016969
0.020719
0.057384
0.091261
0.139242
0.098264
0.060704
0.046976
0.095373
0.012014
0.111010
0.084053
0.151291
0.070307
0.071495
0.098308
0.012976
0.107912
0.135833
0.073401
0.218572
0.023872
0.014245
0.011978
0.084735
0.056453
0.020919
0.059122
0.022120
0.049093
0.101587
0.069194
0.041553
0.104056
0.083681
0.027808
0.116337
0.007641
0.014613
0.125393
0.072268
0.069641
0.145065
0.179131
0.017505
0.025059
0.356101
0.037066
0.036307
0.152283
0.021875
0.022471
0.023862
0.067489
0.361844
0.059422
0.043118
0.035410
0.032119
0.096704
0.078537
0.132730
0.041649
0.018202
0.026884
0.046753
0.024261
0.150948
0.049319
0.096512
0.125577
0.207573
0.066474
0.044031
0.051241
0.061644
0.057368
0.028293
0.052994
0.017214
0.048088
0.056515
0.031645
0.061682
0.029462
0.072423
0.105581
0.021655
0.036157
0.009999
0.179989
0.055381
0.040371
0.074219
0.060408
0.107780
0.035412
0.107343
0.163013
0.073304
0.030828
0.036330
0.012419
0.139867
0.046919
0.180609
0.032973
0.137114
0.006393
0.006068
0.067179
0.011876
0.044778
0.036063
0.067398
0.067517
0.028850
0.057542
0.056639
0.028930
0.014098
0.052278
0.046796
0.094562
0.055920
0.022707
0.048830
0.037785
0.057015
0.069804
0.026756
0.165365
0.104165
0.011114
0.074953
0.100766
0.017956
0.046201
0.011506
0.106391
0.083746
0.044801
0.128211
0.032860
0.041036
0.116676
0.169114
0.023131
0.116615
0.071518
0.053212
0.021274
0.055761
0.096005
0.133371
0.016010
0.143663
0.017710
0.114556
0.040021
0.200517
0.110533
0.060724
0.033769
0.042041
0.025441
0.043555
0.061717
0.022514
0.032885
0.008062
0.061162
0.079735
0.106524
0.102163
0.027975
0.013532
0.082155
0.111470
0.130475
0.062877
0.092522
0.025610
0.096294
0.073267
0.132957
0.031052
0.030802
0.056898
0.046594
0.045007
0.020118
0.059224
0.132943
0.067667
0.039778
0.079691
0.064216
0.071082
0.050901
0.212381
0.044396
0.201232
0.046661
0.157219
0.061069
0.073892
0.092355
0.170836
0.044838
0.072643
0.010753
0.014889
0.049136
0.014064
0.167338
0.021177
0.097441
0.067142
0.013390
0.028809
0.069495
0.066972
0.069248
0.055333
0.076026
0.063050
0.019863
0.051922
0.083380
0.107028
0.076798
0.023075
0.096061
0.148987
0.017427
0.020645
0.047378
0.026756
0.055680
0.016735
0.028504
0.071421
0.152730
0.217223
0.065343
0.028142
0.044211
0.077646
0.086138
0.047666
0.055592
0.037376
0.038452
0.096095
0.004500
0.045893
0.020609
0.110070
0.021309
0.100865
0.020202
0.042599
0.017659
0.092422
0.030271
0.083424
0.036026
0.023626
0.031089
0.057178
0.039627
0.019544
0.016226
0.014243
0.123114
0.164749
0.093226
0.067640
0.018313
0.110756
0.063563
0.014163
0.058394
0.102714
0.035256
0.164293
0.028684
0.059451
0.023093
0.049614
0.185760
0.030226
0.073516
0.098407
0.100854
0.090321
0.038249
0.027692
0.067780
0.028470
0.085192
0.116057
0.199198
0.040359
0.024618
0.011006
0.050909
0.021377
0.041075
0.049989
0.077603
0.130441
0.029169
0.074610
0.045587
0.052007
0.077538
0.028241
0.062736
0.067515
0.218767
0.030656
0.037528
0.067651
0.014430
0.054872
0.112442
0.079381
0.061120
0.037776
0.215255
0.111298
0.022641
0.067516
0.036856
0.029274
0.064315
0.138597
0.023474
0.013044
0.046181
0.038106
0.061262
0.037847
0.038744
0.027952
0.065675
0.068348
0.064285
0.056233
0.022027
0.044930
0.099133
0.026777
0.051351
0.008170
0.211271
0.020165
0.080035
0.081541
0.026456
0.039339
0.047383
0.037298
0.067253
0.052415
0.039205
0.050951
0.078754
0.040674
0.111263
0.021484
0.055841
0.027213
0.030063
0.051603
0.021515
0.066996
0.053763
0.009173
0.138808
0.012862
0.049323
0.006848
0.060737
0.015750
0.049983
0.083877
0.007774
0.080927
0.088429
0.060213
0.004278
0.018827
0.039779
0.026499
0.231008
0.013926
0.060678
0.010120
0.186197
0.079185
0.056124
0.079691
0.050478
0.051858
0.093494
0.141224
0.084365
0.039273
0.019694
0.035170
0.048372
0.181113
0.021204
0.078827
0.036288
0.061042
0.120990
0.066580
0.060315
0.073671
0.044656
0.209434
0.188281
0.062842
0.050551
0.024482
0.053634
0.047508
0.019148
0.065718
0.122293
0.003095
0.023133
0.037579
0.053531
0.045122
0.066058
0.009345
0.037646
0.085975
0.116789
0.113766
0.041798
0.016117
0.076524
0.223308
0.033228
0.113332
0.034093
0.075615
0.107118
0.151512
0.019030
0.053865
0.104132
0.019658
0.021142
0.420780
0.032943
0.057600
0.109025
0.029337
0.071487
0.049967
0.048831
0.055986
0.073990
0.060339
0.090811
0.038589
0.052817
0.110296
0.093949
0.095513
0.041922
0.037416
0.072715
0.036172
0.228348
0.048763
0.048295
0.069851
0.024827
0.040848
0.103760
0.171177
0.111808
0.091086
0.059980
0.033494
0.034176
0.046468
0.046950
0.213239
0.009807
0.037887
0.029150
0.036314
0.033800
0.005266
0.053289
0.080934
0.028384
0.030035
0.039683
0.130121
0.047740
0.147808
0.055364
0.044095
0.008698
0.081735
0.122537
0.041503
0.332486
0.033281
0.055836
0.015482
0.083542
0.064597
0.041390
0.056273
0.022048
0.046432
0.075781
0.030176
0.030226
0.063241
0.008086
0.027367
0.007354
0.031356
0.011877
0.103387
0.012172
0.046828
0.062645
0.016628
0.019363
0.015737
0.018506
0.041833
0.079027
0.111572
0.118632
0.005275
0.011764
0.023259
0.058553
0.031081
0.075241
0.016251
0.119275
0.088123
0.064444
0.011336
0.031965
0.051757
0.028629
0.063864
0.054664
0.023686
0.018855
0.127010
0.029935
0.060984
0.041028
0.047521
0.011115
0.538196
0.060701
0.049017
0.018749
0.025531
0.119141
0.059349
0.041985
0.046873
0.053774
0.091987
0.135609
0.017148
0.143292
0.090687
0.072105
0.042233
0.061225
0.031236
0.135314
0.045913
0.015650
0.028810
0.046014
0.150769
0.022108
0.143328
0.054150
0.055791
0.089740
0.039738
0.120997
0.044120
0.116838
0.038345
0.121217
0.068974
0.183988
0.037086
0.026469
0.011572
0.171493
0.042542
0.027522
0.047306
0.088407
0.018988
0.032118
0.178309
0.028519
0.070463
0.069691
0.041968
0.025145
0.089262
0.020708
0.130838
0.040079
0.057489
0.027810
0.138364
0.198064
0.033935
0.030989
0.048820
0.088095
0.073722
0.014853
0.019864
0.137430
0.027735
0.146024
0.035203
0.074410
0.076840
0.079864
0.050856
0.096911
0.024577
0.026446
0.011095
0.077999
0.086095
0.022706
0.061909
0.031073
0.025600
0.022816
0.239926
0.101305
0.011178
0.130676
0.038381
0.039598
0.062584
0.092887
0.043816
0.034557
0.024885
0.044639
0.030727
0.018040
0.083310
0.040139
0.025860
0.007943
0.090747
0.279732
0.032546
0.101147
0.026657
0.029067
0.119799
0.042288
0.081968
0.043690
0.057837
0.295528
0.062912
0.038310
0.076513
0.131277
0.030942
0.074607
0.046618
0.096667
0.021451
0.104009
0.045133
0.039002
0.142899
0.071880
0.024301
0.030024
0.015466
0.026978
0.042039
0.051406
0.152496
0.051271
0.080794
0.097561
0.015563
0.007734
0.163436
0.028953
0.114487
0.079866
0.034416
0.047825
0.033972
0.097005
0.081093
0.045917
0.041538
0.045643
0.392240
0.056341
0.163795
0.019654
0.022568
0.044821
0.043751
0.066414
0.048489
0.022562
0.029796
0.243203
0.047150
0.079475
0.017932
0.022804
0.066492
0.007634
0.053076
0.090860
0.053493
0.068612
0.051042
0.088851
0.075950
0.055357
0.017222
0.043858
0.061324
0.093342
0.011628
0.089869
0.023627
0.089383
0.088307
0.067543
0.035179
0.052894
0.020080
0.080614
0.110535
0.049905
0.194861
0.042074
0.101930
0.036903
0.044021
0.042773
0.029443
0.025760
0.006389
0.066156
0.087199
0.095339
0.043116
0.023561
0.074626
0.043527
0.060251
0.019922
0.059467
0.107887
0.040540
0.191633
0.044560
0.051254
0.012730
0.214557
0.044064
0.022737
0.030299
0.069348
0.021860
0.070051
0.030004
0.114363
0.032371
0.041101
0.058769
0.046229
0.026965
0.048693
0.120821
0.070757
0.425169
0.035940
0.060007
0.060631
0.158550
0.063921
0.050545
0.102486
0.032347
0.128993
0.018560
0.101309
0.030916
0.116655
0.024055
0.122316
0.083942
0.058672
0.051469
0.025873
0.014831
0.090519
0.009665
0.004266
0.243696
0.049096
0.037543
0.019042
0.020592
0.015943
0.051568
0.074182
0.030180
0.078169
0.012657
0.170893
0.053634
0.134233
0.034021
0.101474
0.018258
0.040253
0.191639
0.072252
0.104882
0.082257
0.007224
0.095448
0.095828
0.038732
0.317804
0.119508
0.391023
0.009251
0.014717
0.030666
0.090277
0.043959
0.009208
0.046816
0.517728
0.013221
0.044109
0.005612
0.037164
0.036032
0.231109
0.093159
0.176054
0.015927
0.032421
0.085904
0.054118
0.069973
0.127287
0.018912
0.040102
0.018325
0.057595
0.108433
0.156772
0.301760
0.034078
0.027081
0.027307
0.039430
0.059240
0.182260
0.087952
0.032871
0.027888
0.025943
0.052784
0.154621
0.087426
0.045125
0.135745
0.055759
0.117354
0.086495
0.135363
0.124898
0.127049
0.142676
0.066882
0.040616
0.023891
0.069049
0.037244
0.027521
0.076324
0.054944
0.160318
0.011472
0.074152
0.086520
0.052089
0.060573
0.177707
0.057279
0.080633
0.041785
0.132293
0.056781
0.058740
0.107420
0.164292
0.063346
0.061520
0.132404
0.034631
0.007478
0.011325
0.029916
0.015142
0.146607
0.027043
0.075117
0.058389
0.041949
0.021898
0.049112
0.053148
0.054812
0.027284
0.139901
0.203877
0.014879
0.066945
0.018492
0.064208
0.072760
0.027840
0.035071
0.030323
0.024292
0.045778
0.039040
0.054880
0.050931
0.023204
0.080185
0.125184
0.029285
0.020347
0.103610
0.177827
0.015673
0.026512
0.180805
0.023011
0.038376
0.085461
0.004649
0.022225
0.022822
0.079584
0.047541
0.047707
0.035936
0.306581
0.025245
0.027102
0.189760
0.052272
0.069238
0.048541
0.169973
0.028850
0.061998
0.066116
0.025013
0.034445
0.064113
0.049628
0.006557
0.186601
0.029181
0.100396
0.072540
0.027014
0.050154
0.073740
0.046250
0.081647
0.086005
0.066099
0.043830
0.407950
0.037198
0.042104
0.290320
0.032560
0.078263
0.049362
0.195458
0.024450
0.026964
0.038041
0.116843
0.024544
0.051867
0.092707
0.112172
0.082219
0.104102
0.029446
0.039011
0.028326
0.088791
0.039935
0.242005
0.056110
0.074572
0.022096
0.044765
0.026488
0.066968
0.011099
0.092929
0.049103
0.108586
0.128740
0.037303
0.055314
0.060222
0.069032
0.023677
0.020029
0.073764
0.047384
0.108817
0.073018
0.022567
0.077498
0.042044
0.037761
0.074038
0.174544
0.022987
0.138558
0.085809
0.106079
0.029013
0.209188
0.026098
0.074413
0.087810
0.080949
0.027388
0.092698
0.025839
0.099666
0.030534
0.075784
0.170266
0.080586
0.053055
0.028055
0.032198
0.047380
0.019643
0.036605
0.044326
0.038573
0.047903
0.022921
0.068608
0.045410
0.074853
0.052128
0.030732
0.050597
0.029293
0.109580
0.023771
0.039464
0.044695
0.011734
0.083257
0.042438
0.030897
0.085502
0.011302
0.199877
0.061907
0.055008
0.064523
0.066012
0.033724
0.069598
0.186426
0.036531
0.073819
0.148723
0.031433
0.161799
0.217193
0.027911
0.088371
0.072506
0.049891
0.057829
0.071016
0.017324
0.033962
0.086695
0.056468
0.035967
0.082548
0.019708
0.042980
0.041978
0.013960
0.075344
0.048885
0.014753
0.331245
0.054196
0.024679
0.071974
0.020007
0.191013
0.092701
0.136850
0.023691
0.082720
0.093778
0.043281
0.054717
0.132058
0.084320
0.033068
0.061680
0.032813
0.018056
0.039138
0.073515
0.078690
0.039409
0.076367
0.110683
0.176036
0.080886
0.036350
0.025567
0.012454
0.045883
0.035151
0.094886
0.074951
0.112063
0.164774
0.232702
0.151389
0.121398
0.086492
0.032835
0.126553
0.016981
0.025974
0.129963
0.048284
0.236406
0.048739
0.022830
0.010767
0.175978
0.031555
0.174336
0.018491
0.037346
0.145489
0.053503
0.116941
0.029903
0.030895
0.044954
0.132338
0.039059
0.031738
0.171500
0.119088
0.019848
0.020162
0.244741
0.025989
0.061636
0.093470
0.036475
0.103012
0.023453
0.084528
0.050430
0.149351
0.041815
0.015548
0.025026
0.050955
0.018531
0.090455
0.077759
0.047044
0.061488
0.018057
0.061270
0.164316
0.064651
0.058760
0.059999
0.162310
0.048193
0.052508
0.114546
0.031709
0.033995
0.059128
0.025822
0.040971
0.035040
0.062154
0.087795
0.029612
0.312812
0.032893
0.118317
0.145812
0.026151
0.057987
0.156908
0.031319
0.064749
0.118909
0.038163
0.036012
0.025886
0.099228
0.027729
0.034668
0.080637
0.017165
0.014651
0.064356
0.183199
0.022034
0.063192
0.027055
0.032604
0.205854
0.011930
0.022749
0.103024
0.034527
0.191598
0.010099
0.254398
0.089560
0.110165
0.393543
0.024714
0.200208
0.035322
0.067880
0.103899
0.114219
0.057647
0.046603
0.062230
0.064225
0.026219
0.015480
0.015676
0.086234
0.039459
0.035558
0.082642
0.044520
0.023137
0.382944
0.025480
0.049482
0.134198
0.171456
0.035039
0.060164
0.098781
0.053419
0.097585
0.050459
0.085124
0.068055
0.174187
0.050769
0.055543
0.015618
0.065755
0.048623
0.015379
0.135826
0.051422
0.092125
0.015617
0.066686
0.132769
0.041379
0.007872
0.117993
0.021510
0.024988
0.019921
0.032992
0.012737
0.130928
0.035982
0.272513
0.030267
0.012310
0.013508
0.044940
0.102634
0.020681
0.182305
0.056825
0.104028
0.066019
0.047943
0.025068
0.012581
0.062257
0.140134
0.090351
0.083144
0.057054
0.286125
0.030027
0.017671
0.028332
0.117134
0.058908
0.109397
0.059824
0.016188
0.056182
0.033802
0.071481
0.148623
0.074848
0.024832
0.101865
0.053263
0.008496
0.068592
0.059378
0.137360
0.059394
0.123780
0.016007
0.044223
0.076719
0.017731
0.025223
0.051681
0.030375
0.030497
0.086001
0.093013
0.037192
0.014160
0.011337
0.040361
0.081256
0.045609
0.048057
0.038485
0.019073
0.052547
0.023768
0.015101
0.051467
0.028311
0.028114
0.055979
0.136784
0.034964
0.026048
0.042959
0.046518
0.041874
0.106119
0.056860
0.034407
0.027618
0.163473
0.075569
0.314011
0.064999
0.085236
0.046356
0.192637
0.052479
0.095191
0.068942
0.017133
0.051204
0.022139
0.017792
0.053737
0.022708
0.009324
0.018969
0.101888
0.009539
0.039014
0.069224
0.048632
0.028074
0.032249
0.017565
0.092421
0.090699
0.039450
0.038124
0.007716
0.078846
0.062966
0.025620
0.323267
0.117529
0.046717
0.037656
0.022035
0.092554
0.042411
0.019117
0.487713
0.184504
0.117364
0.048938
0.058712
0.092048
0.022708
0.047450
0.168740
0.052636
0.023614
0.114800
0.136620
0.071510
0.086949
0.030924
0.117821
0.037766
0.068602
0.025643
0.155657
0.124523
0.042745
0.041932
0.072994
0.216809
0.124370
0.039061
0.062619
0.052728
0.009822
0.052135
0.097401
0.015300
0.082683
0.061840
0.087730
0.110395
0.020192
0.009642
0.040718
0.170582
0.050485
0.045121
0.054096
0.014361
0.071891
0.028856
0.031589
0.313645
0.107396
0.014476
0.036903
0.054843
0.007895
0.037266
0.011990
0.068852
0.019712
0.131110
0.015393
0.123759
0.057456
0.034605
0.047670
0.015951
0.058723
0.051770
0.029617
0.028621
0.028023
0.022344
0.071284
0.101221
0.032979
0.062187
0.148482
0.016626
0.171452
0.014702
0.108602
0.030446
0.234770
0.006834
0.029629
0.073580
0.034232
0.089169
0.124391
0.033696
0.027592
0.025687
0.046833
0.081966
0.033406
0.066798
0.057027
0.037557
0.019807
0.063613
0.102016
0.036322
0.012602
0.023623
0.036980
0.146688
0.032421
0.082243
0.107432
0.030135
0.024172
0.048976
0.011811
0.114550
0.049491
0.068917
0.020506
0.049691
0.030483
0.087247
0.016178
0.126496
0.006219
0.020727
0.020374
0.063829
0.035329
0.013755
0.105669
0.078085
0.099659
0.285044
0.016349
0.041859
0.177198
0.101466
0.014823
0.054448
0.008365
0.068203
0.047176
0.039021
0.074216
0.035678
0.023998
0.028540
0.030959
0.015672
0.090041
0.399664
0.129058
0.091600
0.053905
0.037539
0.025811
0.122626
0.053194
0.089714
0.018173
0.112506
0.028038
0.025555
0.088563
0.040060
0.039086
0.045591
0.051434
0.070571
0.088811
0.093760
0.037405
0.091477
0.132590
0.084276
0.073477
0.020491
0.085356
0.041721
0.043496
0.050147
0.076703
0.021962
0.009212
0.060024
0.062515
0.088974
0.061133
0.034778
0.023736
0.085335
0.053215
0.069606
0.035377
0.043832
0.169513
0.054538
0.013026
0.023959
0.085888
0.089326
0.052281
0.095254
0.215860
0.052022
0.047114
0.087310
0.044350
0.028809
0.022140
0.040536
0.018279
0.094705
0.059988
0.331936
0.076576
0.009406
0.030678
0.065781
0.038214
0.025109
0.230554
0.174725
0.047310
0.031373
0.023615
0.017260
0.033246
0.075289
0.031720
0.013823
0.057275
0.020197
0.014511
0.087324
0.020604
0.175797
0.023981
0.341483
0.057655
0.014789
0.024119
0.199670
0.015249
0.056113
0.054055
0.021158
0.039437
0.164100
0.081078
0.055725
0.020600
0.037548
0.125850
0.056402
0.044940
0.051285
0.031642
0.075959
0.148306
0.023955
0.082746
0.060302
0.067809
0.081647
0.030153
0.024811
0.211997
0.128986
0.037172
0.036303
0.106138
0.087031
0.021691
0.020346
0.013646
0.057187
0.041123
0.103743
0.040475
0.019718
0.041390
0.054294
0.081247
0.032041
0.099849
0.012872
0.142929
0.072870
0.013380
0.054162
0.065104
0.037535
0.168671
0.034808
0.041334
0.105149
0.070325
0.093243
0.021923
0.101012
0.036137
0.103830
0.058935
0.038355
0.048255
0.014606
0.051026
0.042815
0.026490
0.027909
0.049381
0.047168
0.032282
0.039704
0.014249
0.037368
0.132318
0.075367
0.062462
0.075599
0.133035
0.110001
0.240967
0.060202
0.036456
0.184658
0.168486
0.023292
0.043078
0.072419
0.035125
0.027224
0.137487
0.064104
0.068284
0.127011
0.088854
0.130101
0.035205
0.033218
0.029357
0.041118
0.078315
0.051035
0.025945
0.044166
0.060080
0.115684
0.140776
0.023942
0.064368
0.060951
0.072623
0.076715
0.045800
0.058538
0.109794
0.031273
0.035477
0.056473
0.029292
0.106559
0.038206
0.062061
0.015934
0.105202
0.068562
0.026977
0.095907
0.033610
0.019726
0.042141
0.064310
0.013746
0.021148
0.032313
0.139768
0.190402
0.239453
0.013576
0.015230
0.028048
0.173756
0.076040
0.044061
0.025681
0.093339
0.009047
0.214386
0.163576
0.778780
0.066553
0.032702
0.060026
0.072311
0.074611
0.063301
0.063393
0.050036
0.024471
0.043556
0.271551
0.129371
0.115629
0.037311
0.063003
0.069044
0.039053
0.115640
0.027812
0.035429
0.122224
0.074519
0.023990
0.039375
0.013203
0.049180
0.037556
0.089800
0.019184
0.019162
0.102280
0.041977
0.111449
0.039353
0.086121
0.120666
0.020218
0.060769
0.030994
0.029694
0.087270
0.059725
0.035293
0.051031
0.057105
0.046153
0.018783
0.030297
0.023666
0.014065
0.043108
0.035498
0.074280
0.008319
0.057534
0.039479
0.020113
0.010916
0.061043
0.041015
0.097676
0.065628
0.019640
0.142138
0.119225
0.060699
0.045354
0.050513
0.225884
0.068721
0.028482
0.152967
0.055788
0.046857
0.087613
0.107296
0.049005
0.053745
0.182190
0.041927
0.008576
0.050634
0.063596
0.073565
0.038885
0.091900
0.024255
0.006902
0.031282
0.104983
0.026197
0.040381
0.040517
0.013332
0.036753
0.044084
0.168029
0.040108
0.018313
0.020941
0.047181
0.020291
0.040894
0.017726
0.028269
0.029907
0.031179
0.036837
0.064698
0.041657
0.032131
0.046869
0.069659
0.031741
0.067889
0.036920
0.060824
0.038028
0.134774
0.072225
0.105278
0.254825
0.019403
0.105431
0.088208
0.035025
0.034981
0.031204
0.019618
0.055771
0.029181
0.117564
0.032402
0.093855
0.016453
0.024522
0.042167
0.048750
0.028381
0.024338
0.018463
0.047049
0.287222
0.058671
0.074408
0.027375
0.064522
0.071321
0.102510
0.029817
0.036019
0.038310
0.090203
0.073596
0.077882
0.154941
0.064118
0.048901
0.029774
0.032602
0.044128
0.083658
0.029664
0.069124
0.034192
0.097744
0.063484
0.099160
0.028741
0.061301
0.062824
0.044238
0.033697
0.066826
0.160210
0.024628
0.037474
0.100966
0.039266
0.141879
0.013630
0.027066
0.046404
0.009432
0.091845
0.024445
0.042763
0.020756
0.041147
0.098538
0.054988
0.013195
0.021821
0.132590
0.072641
0.066865
0.085991
0.089726
0.028167
0.053494
0.031347
0.027187
0.058980
0.074753
0.091557
0.070726
0.034404
0.038321
0.102776
0.021859
0.038077
0.059405
0.014342
0.148520
0.043926
0.056859
0.055891
0.013022
0.227197
0.086988
0.166241
0.023053
0.119338
0.056676
0.045139
0.030319
0.107854
0.043147
0.024715
0.042607
0.052178
0.045059
0.046562
0.057466
0.099185
0.100801
0.048524
0.105729
0.040325
0.139470
0.008446
0.176115
0.021514
0.035464
0.229133
0.047873
0.072426
0.037624
0.033113
0.235190
0.047641
0.070284
0.046609
0.030296
0.050980
0.068669
0.063049
0.119005
0.031313
0.027831
0.055872
0.045195
0.132022
0.014531
0.026046
0.021421
0.019366
0.052522
0.072626
0.012286
0.105061
0.125202
0.085644
0.115649
0.033501
0.029593
0.019863
0.021886
0.031517
0.092240
0.121831
0.058334
0.024524
0.021930
0.047179
0.031229
0.034740
0.006932
0.010703
0.049815
0.026978
0.030246
0.027936
0.028962
0.028771
0.053928
0.435809
0.051857
0.036903
0.046446
0.038191
0.058120
0.047811
0.591788
0.022378
0.102822
0.056588
0.136193
0.060703
0.067078
0.014525
0.042339
0.054976
0.114224
0.057653
0.064515
0.036244
0.043590
0.056944
0.047701
0.102945
0.053398
0.077504
0.014412
0.111984
0.056359
0.064898
0.117455
0.062754
0.110367
0.024861
0.026518
0.056206
0.138815
0.095078
0.058143
0.239166
0.272392
0.059257
0.095582
0.053491
0.072437
0.071743
0.044946
0.169828
0.200678
0.066478
0.097618
0.107344
0.073543
0.032027
0.127996
0.009087
0.028786
0.035329
0.094033
0.042315
0.057533
0.018779
0.099782
0.039452
0.050940
0.208997
0.038490
0.195958
0.015811
0.158187
0.045443
0.018650
0.041965
0.016015
0.016910
0.052520
0.048915
0.051996
0.048096
0.107638
0.019241
0.075286
0.028139
0.036076
0.047639
0.062613
0.043043
0.036339
0.216409
0.093036
0.244655
0.018223
0.180030
0.039894
0.012972
0.087617
0.074603
0.209220
0.172762
0.115840
0.128128
0.111809
0.222667
0.038450
0.040171
0.031316
0.101153
0.087773
0.075747
0.020838
0.043404
0.098937
0.274519
0.111315
0.032689
0.026933
0.021071
0.066168
0.246479
0.093669
0.043409
0.660564
0.090698
0.035501
0.036296
0.046464
0.221902
0.068114
0.031718
0.152676
0.013308
0.035912
0.048267
0.403282
0.009916
0.098602
0.067007
0.060126
0.027315
0.068845
0.037029
0.201385
0.025232
0.020528
0.081810
0.063448
0.189786
0.086366
0.033810
0.071670
0.293730
0.051652
0.086377
0.038056
0.022056
0.105674
0.038929
0.015509
0.037178
0.091955
0.071904
0.049094
0.049653
0.156073
0.019979
0.079990
0.027618
0.060143
0.022724
0.028188
0.146805
0.058597
0.057749
0.073152
0.094163
0.027464
0.097515
0.056086
0.022293
0.063253
0.102608
0.031827
0.112708
0.062091
0.054172
0.078906
0.045895
0.114358
0.022256
0.040273
0.021383
0.100383
0.047626
0.071718
0.016543
0.023089
0.050984
0.107245
0.032758
0.050864
0.495154
0.266173
0.051425
0.060431
0.044642
0.016870
0.028694
0.152748
0.084528
0.045467
0.055826
0.010168
0.085535
0.013786
0.004492
0.066159
0.035827
0.060502
0.072984
0.037904
0.065616
0.059427
0.060060
0.082589
0.088368
0.092746
0.065691
0.166627
0.017718
0.084938
0.027653
0.017430
0.040722
0.010338
0.124547
0.049192
0.017843
0.085791
0.029987
0.202660
0.043290
0.143079
0.046394
0.076822
0.122228
0.147614
0.024941
0.050983
0.131371
0.056360
0.015827
0.081587
0.019370
0.061324
0.063969
0.127825
0.049688
0.029233
0.167896
0.037481
0.023222
0.045446
0.024667
0.040401
0.110142
0.050273
0.075631
0.051764
0.128609
0.040116
0.069382
0.069351
0.058886
0.014100
0.011509
0.043369
0.017784
0.100766
0.092137
0.059403
0.238931
0.071308
0.107805
0.033485
0.033573
0.024581
0.025768
0.358281
0.006989
0.046771
0.161119
0.015546
0.057837
0.055547
0.042353
0.044545
0.089626
0.055616
0.092841
0.266708
0.052280
0.103518
0.054777
0.039571
0.070753
0.039158
0.158311
0.024365
0.013493
0.044249
0.011314
0.023385
0.024345
0.022841
0.029612
0.024513
0.144050
0.036048
0.048900
0.047871
0.262969
0.066475
0.084913
0.078534
0.143506
0.061475
0.011887
0.106457
0.167287
0.090705
0.004042
0.017242
0.121968
0.106867
0.046467
0.019638
0.513736
0.029190
0.081397
0.045662
0.089734
0.069849
0.028261
0.033980
0.038416
0.078362
0.018350
0.092048
0.021777
0.028006
0.023740
0.055429
0.020510
0.049474
0.085474
0.076117
0.109016
0.064664
0.055959
0.030160
0.024435
0.055566
0.150458
0.086867
0.033627
0.125352
0.033220
0.048187
0.065387
0.014458
0.057703
0.058936
0.058034
0.036494
0.119606
0.046179
0.043238
0.030965
0.029687
0.064044
0.045286
0.273614
0.086152
0.026562
0.049671
0.038720
0.074592
0.022817
0.016171
0.131495
0.031577
0.058066
0.023756
0.030304
0.205225
0.104783
0.050654
0.021536
0.007518
0.072658
0.103718
0.055488
0.308109
0.115505
0.250077
0.022413
0.050518
0.101347
0.014946
0.026341
0.072228
0.398268
0.042245
0.024749
0.016608
0.045952
0.065754
0.025757
0.012133
0.011457
0.213003
0.155511
0.141776
0.037611
0.037101
0.393233
0.070996
0.129254
0.034448
0.060232
0.144708
0.116086
0.026198
0.058054
0.111702
0.035996
0.031325
0.191305
0.076768
0.140389
0.046195
0.214589
0.031646
0.070605
0.041778
0.343038
0.060982
0.012714
0.133859
0.091708
0.093483
0.019432
0.090967
0.058799
0.065274
0.080109
0.017323
0.071774
0.033761
0.011213
0.058721
0.025999
0.030391
0.009131
0.040280
0.011258
0.044782
0.072140
0.030738
0.049231
0.025149
0.118512
0.025086
0.094368
0.016507
0.174489
0.030689
0.018775
0.070015
0.059009
0.071109
0.018938
0.054488
0.033978
0.085648
0.037263
0.026466
0.093831
0.017944
0.111123
0.073679
0.037161
0.048587
0.061776
0.044671
0.060230
0.083918
0.023169
0.029783
0.022746
0.022348
0.015893
0.012087
0.061758
0.281718
0.076516
0.091351
0.190757
0.090422
0.058089
0.102474
0.104899
0.077144
0.097964
0.028044
0.071874
0.192439
0.082541
0.042313
0.014240
0.273694
0.035080
0.084624
0.063574
0.019511
0.031644
0.073337
0.035916
0.028809
0.024908
0.096408
0.050226
0.073418
0.021807
0.120084
0.059373
0.200331
0.021487
0.021886
0.020268
0.049218
0.052448
0.019272
0.028991
0.039124
0.094869
0.083716
0.006044
0.031336
0.028077
0.165885
0.046914
0.057798
0.024544
0.047816
0.017759
0.063898
0.029310
0.100711
0.612479
0.053273
0.137259
0.022414
0.116849
0.021880
0.029853
0.030026
0.124218
0.044431
0.159568
0.048264
0.049745
0.034439
0.061651
0.142331
0.047637
0.034572
0.009448
0.051748
0.058355
0.031266
0.055362
0.039137
0.017382
0.034034
0.132438
0.048632
0.195393
0.020922
0.108772
0.072692
0.067498
0.027489
0.011229
0.033128
0.040553
0.110374
0.109690
0.202909
0.022136
0.058255
0.049955
0.013500
0.043867
0.161200
0.022904
0.061445
0.056714
0.052849
0.114625
0.067608
0.041947
0.124775
0.045906
0.026727
0.124269
0.028573
0.287510
0.020722
0.015709
0.051171
0.016110
0.362892
0.033038
0.022545
0.031432
0.037938
0.291731
0.160950
0.017309
0.093092
0.172423
0.120092
0.026918
0.026300
0.187664
0.212884
0.063863
0.030447
0.048477
0.058120
0.067410
0.028098
0.037713
0.060524
0.104804
0.012593
0.052652
0.029989
0.029988
0.183540
0.047903
0.039870
0.024908
0.011842
0.088175
0.064545
0.030360
0.051164
0.019696
0.074357
0.087517
0.067613
0.086785
0.008017
0.045338
0.041042
0.123557
0.120511
0.039854
0.152720
0.028324
0.032720
0.019321
0.031045
0.021803
0.037014
0.310632
0.031276
0.095527
0.070747
0.049167
0.016652
0.070438
0.060398
0.188153
0.048363
0.031774
0.056571
0.035692
0.023117
0.071815
0.120306
0.071716
0.021316
0.096064
0.039822
0.141855
0.074741
0.077521
0.040444
0.073038
0.067901
0.042564
0.057028
0.045090
0.041830
0.083420
0.103082
0.028672
0.020231
0.045840
0.097371
0.009537
0.074732
0.055831
0.013935
0.038336
0.170739
0.028783
0.018084
0.433845
0.092802
0.025277
0.035513
0.025719
0.111537
0.104088
0.057988
0.048395
0.041712
0.020982
0.060315
0.080771
0.048656
0.050861
0.125806
0.050382
0.048413
0.116904
0.122789
0.048164
0.046489
0.023526
0.132890
0.042958
0.071402
0.019233
0.055495
0.017640
0.166226
0.349630
0.099293
0.095483
0.046077
0.096825
0.049847
0.206938
0.064484
0.033515
0.025779
0.039170
0.150731
0.195121
0.019700
0.138973
0.038739
0.050510
0.014445
0.026315
0.032166
0.107779
0.109135
0.013463
0.101974
0.035610
0.065790
0.051222
0.037900
0.067455
0.027702
0.051768
0.047989
0.031823
0.045939
0.041812
0.091975
0.026292
0.132166
0.079467
0.064566
0.139880
0.098930
0.053292
0.028457
0.050420
0.111892
0.336534
0.088264
0.121374
0.026459
0.081825
0.086921
0.162420
0.039410
0.009719
0.072595
0.065504
0.088026
0.037746
0.049321
0.030330
0.010229
0.016881
0.018913
0.022824
0.007917
0.025350
0.059613
0.028797
0.055885
0.026022
0.065769
0.015830
0.145973
0.039510
0.022474
0.063735
0.058739
0.021766
0.130380
0.060895
0.036074
0.042862
0.117436
0.024332
0.344824
0.043898
0.035566
0.018681
0.031591
0.044242
0.031476
0.008537
0.044235
0.018201
0.034015
0.056869
0.083134
0.014713
0.141660
0.013966
0.022042
0.023414
0.025297
0.087330
0.064213
0.020501
0.019362
0.064277
0.060934
0.031180
0.033666
0.306207
0.054926
0.032863
0.030181
0.008209
0.075882
0.046654
0.027224
0.024353
0.074917
0.080926
0.089035
0.038755
0.028949
0.051717
0.034089
0.025056
0.154087
0.075477
0.019325
0.061779
0.049471
0.011989
0.028341
0.116620
0.031557
0.022864
0.032974
0.066482
0.045270
0.018433
0.080758
0.023402
0.036519
0.073504
0.141555
0.061722
0.149481
0.018711
0.015634
0.057878
0.045061
0.017762
0.032473
0.080495
0.117266
0.038359
0.013485
0.027675
0.055677
0.169412
0.031749
0.020066
0.066351
0.028555
0.039075
0.149568
0.068729
0.087986
0.101332
0.020599
0.051673
0.033894
0.037324
0.069267
0.068822
0.181996
0.057859
0.040718
0.036547
0.077900
0.049402
0.018589
0.268093
0.097692
0.185005
0.098585
0.032896
0.038967
0.061443
0.033119
0.037757
0.024005
0.156124
0.070460
0.026048
0.039213
0.063377
0.162311
0.019543
0.159515
0.058898
0.067330
0.046956
0.048390
0.020743
0.056378
0.079777
0.026590
0.056564
0.007628
0.007953
0.140228
0.052559
0.024139
0.015066
0.018490
0.151690
0.031974
0.046314
0.099250
0.117727
0.181426
0.045305
0.044155
0.057424
0.079080
0.019357
0.218315
0.031967
0.023478
0.021714
0.075266
0.012541
0.051485
0.032951
0.029324
0.210287
0.030623
0.036356
0.025732
0.079400
0.062049
0.112005
0.013103
0.036337
0.055026
0.362659
0.059092
0.028936
0.037907
0.034168
0.057035
0.063745
0.067113
0.035393
0.044287
0.013095
0.035057
0.068314
0.026087
0.145210
0.014965
0.062036
0.066041
0.027195
0.043020
0.237372
0.037183
0.092598
0.137654
0.043714
0.216282
0.030259
0.049044
0.051731
0.070834
0.057926
0.017771
0.087271
0.147458
0.027633
0.018367
0.041824
0.024505
0.063622
0.042917
0.061196
0.046579
0.012351
0.010720
0.162378
0.055587
0.079902
0.030111
0.063306
0.047094
0.033014
0.083185
0.023108
0.011953
0.033323
0.164233
0.084478
0.091541
0.011088
0.049558
0.018110
0.058841
0.062478
0.041362
0.034739
0.027111
0.034548
0.058410
0.034675
0.020825
0.110515
0.044885
0.287620
0.027817
0.032222
0.056166
0.059534
0.043756
0.014418
0.235000
0.056355
0.028397
0.133944
0.095088
0.152956
0.066841
0.080442
0.059552
0.046920
0.025001
0.240129
0.007977
0.069471
0.033542
0.004862
0.013457
0.071758
0.181630
0.093421
0.055387
0.032957
0.047463
0.015138
0.046703
0.009927
0.032669
0.046489
0.094795
0.055220
0.042972
0.023404
0.025789
0.051443
0.044305
0.024247
0.019435
0.059139
0.261174
0.211194
0.067263
0.046896
0.042737
0.277568
0.069193
0.066446
0.053934
0.028403
0.043446
0.048369
0.081724
0.025338
0.041454
0.075576
0.059743
0.030031
0.015855
0.103207
0.033595
0.155550
0.067150
0.078340
0.099163
0.062674
0.084346
0.016056
0.039426
0.068754
0.100081
0.029910
0.016183
0.064564
0.120044
0.042807
0.110757
0.071501
0.022645
0.017030
0.065961
0.062371
0.106433
0.034767
0.031691
0.026402
0.050603
0.180789
0.053249
0.022886
0.119285
0.125063
0.035301
0.060636
0.019256
0.033014
0.067641
0.036159
0.057580
0.079867
0.060124
0.116255
0.021195
0.153316
0.005251
0.021781
0.025205
0.022812
0.089199
0.042649
0.052704
0.039497
0.262780
0.104530
0.050671
0.060223
0.058495
0.046926
0.033165
0.053299
0.284000
0.229241
0.152071
0.018225
0.013022
0.050054
0.073829
0.045349
0.060619
0.025074
0.058159
0.092828
0.087670
0.081687
0.111239
0.073311
0.020088
0.031769
0.034326
0.071979
0.008798
0.018190
0.025962
0.031561
0.057179
0.009985
0.224681
0.019306
0.046531
0.020643
0.187135
0.076044
0.051418
0.025537
0.064605
0.139448
0.035510
0.048261
0.023905
0.036334
0.151772
0.060209
0.011142
0.009119
0.070465
0.023674
0.045118
0.048857
0.026217
0.151397
0.034205
0.033080
0.020752
0.036136
0.042451
0.097772
0.053860
0.018189
0.061796
0.053921
0.076599
0.024938
0.105878
0.034202
0.018529
0.049807
0.012211
0.083424
0.087463
0.045404
0.038200
0.039227
0.021671
0.031568
0.104700
0.006910
0.072053
0.072787
0.069234
0.057532
0.114594
0.050107
0.092685
0.064086
0.105873
0.020394
0.277053
0.075635
0.032661
0.028728
0.131024
0.305835
0.063033
0.145577
0.027106
0.046915
0.075086
0.016572
0.061500
