90
2.175541
4
91
40
10
1
5047
0.398873
0.401108
0.996805
0.152968
-0.574971
-0.941329
0.180886
-0.159085
-0.027641
0.926001
-0.108290
-0.123351
0.849978
0.178577
0.000003
0.533636
0.385200
-0.454356
-0.322482
-0.005160
0.163807
0.386626
0.995013
0.019053
0.396674
0.148565
0.104721
-0.647957
0.026365
0.810907
-1.000000
-0.116223
0.030864
0.213385
-0.053701
0.337121
-0.475876
-0.012748
-0.008858
-0.187155
-0.502162
0.817298
0.011089
-0.124248
-0.168975
-0.341460
0.023754
-0.321115
0.213245
-0.972305
-0.481718
-0.840449
-0.026191
-0.157574
-0.229764
-0.041595
-0.868611
0.784581
0.385499
0.043504
0.671165
-0.668876
0.197694
0.417683
-0.592228
0.066017
-0.501517
-0.246902
-0.717913
0.280614
-0.494701
-0.439175
-0.545117
-0.074796
0.089515
0.047358
0.706393
0.387486
0.602260
-0.995524
-0.275372
0.702335
0.665226
0.449767
-0.836996
-0.271910
0.373936
-0.631369
0.562790
-0.767527
-0.068172
-0.773353
0.182276
-0.250006
-0.173231
0.075681
-0.109484
0.311181
-0.282883
-0.247011
0.319726
-0.160620
-0.396393
0.207078
-0.535369
0.747678
0.580807
0.558369
-0.776667
0.183273
0.000789
-0.500211
0.195568
-0.588694
-0.306939
0.003666
0.672387
0.079861
-0.290725
-0.785420
-0.050351
0.351267
0.474369
-0.045437
0.332708
0.130855
0.381716
-0.793554
0.563545
0.281087
0.463179
-0.757321
-0.595654
-0.201045
-0.494570
0.584399
0.764600
0.093050
0.497785
0.537935
-0.767107
0.073294
-0.423159
0.360958
-0.855693
0.877335
0.171080
-0.700770
-0.307399
0.464710
-0.083622
-0.797272
0.243631
-0.358361
0.732065
-0.059698
-0.429926
0.801259
0.859858
-0.377683
0.083431
-0.818485
0.120804
0.308772
0.227597
-0.047762
-0.764492
-0.972950
-0.125801
0.137484
1.000000
-0.104750
0.014029
-0.208901
0.494927
1.000000
-0.598560
0.173809
0.642994
-0.397627
-0.660340
0.005120
-0.259816
-0.243446
-0.608768
-0.662108
0.445809
0.240170
-0.931894
0.143413
-0.259202
0.147468
0.483254
0.579521
-0.476934
0.203039
0.613729
-0.134950
0.366235
0.405312
-0.363166
-0.422118
-0.034687
-0.384920
0.259635
0.991207
-0.046544
-0.348961
0.107277
0.406783
-0.266928
-0.407130
-0.660087
0.843189
-0.688157
0.593550
0.375521
0.061947
0.162336
1.000000
0.641649
0.554805
0.051504
-0.139669
-0.056080
0.049164
-0.205787
-0.717720
-0.099092
0.064500
0.686790
0.752110
-1.000000
0.032934
0.614760
0.016287
0.108469
-0.305187
0.505920
0.209889
-0.510989
0.767827
-0.798531
0.149924
-0.205090
0.434188
-0.717220
-0.298125
-0.394677
0.131337
0.902020
0.466435
0.675141
-0.288325
-1.000000
0.344728
-0.446831
-0.307966
0.148349
0.658952
0.378988
-0.371037
-0.091787
-0.137196
-0.395187
0.079082
1.000000
0.027088
0.813886
-0.047958
0.649737
-0.998057
0.021116
-0.194285
0.641669
0.042289
0.455232
0.633434
0.769914
-0.493894
0.342373
-0.551260
-0.465302
-0.399121
0.598603
0.770079
-0.425496
0.652590
0.474118
-0.063687
0.194177
-0.170763
1.000000
0.371146
-0.788745
0.226590
0.013590
0.213488
0.213713
-0.548454
0.128433
-0.348597
-0.388184
0.405998
-0.279848
-0.145036
1.000000
-0.173898
0.086036
0.458445
-0.076721
0.429864
0.588808
-0.334479
0.556625
-0.796911
0.801940
-0.086389
0.179274
0.135193
-0.292146
-0.060686
0.083010
-0.326048
-0.204625
-0.084678
-0.585952
-0.082270
-0.284386
-0.302325
0.349003
-0.113039
0.060733
0.106230
0.355666
-0.113145
0.496108
-0.601347
-0.243392
-0.469187
-0.987257
-0.242555
-0.242520
0.101833
-1.000000
0.640718
0.041966
-1.000000
-0.176098
0.731042
0.076192
0.879738
-0.211561
0.585476
0.391627
-0.075758
0.765444
0.043813
0.820488
-0.354982
0.295108
0.323340
-0.019331
-0.444860
0.977870
0.660917
-0.641171
0.210620
0.129453
-0.519647
-0.846041
-0.431366
0.181403
-0.112095
-0.441371
-0.264884
0.043745
0.223791
0.225543
-0.954931
0.555996
-0.320883
-0.015313
0.338737
0.029599
0.665897
0.528897
-0.139338
0.022885
-0.651182
0.419615
-0.466656
-0.950549
-0.272164
-0.210228
0.743577
-0.120006
-1.000000
-1.000000
0.203954
0.272998
0.061399
-0.731872
-0.365703
-0.072736
-0.518207
-0.859242
0.630629
0.478376
0.337079
-0.337771
0.690209
0.318452
0.379440
0.087469
0.107529
0.886200
0.044502
0.043861
0.489895
0.210376
-0.559821
-0.670454
-0.093987
0.733647
0.287448
0.226342
0.367922
-0.021159
-0.295340
-0.971667
0.137798
-0.621484
0.778628
0.547726
0.231630
-0.047293
0.988217
-0.407159
0.667453
1.000000
-0.072187
-0.242624
-0.753305
0.019115
-0.320038
-0.500130
0.038624
-0.605905
-0.440247
-0.716044
-0.277559
-0.978786
-0.220177
-0.177646
-0.284291
0.044475
-0.028195
-0.923882
0.100605
0.932830
-0.479533
-0.210012
0.879538
-0.773416
0.808991
-0.075826
0.615831
-0.066481
-0.029574
0.962004
-0.949876
-0.072711
0.896945
0.681282
0.275935
-0.693988
-0.059274
-0.599730
0.519038
-0.111890
-0.167570
-0.078873
0.336584
0.066803
0.489785
0.520651
1.000000
-1.000000
-0.606547
-0.516228
-0.004570
-0.056147
0.304817
0.052450
-0.225524
0.738466
-0.858577
-0.783449
0.174504
0.138925
-0.422455
-0.965031
0.902008
0.668382
0.509287
0.820008
0.541172
0.157598
-0.500903
0.066397
-0.002256
0.262164
-0.518356
0.193209
0.143310
0.365959
0.003980
0.070673
-0.464097
-0.313170
-0.040148
0.212901
-0.330473
0.079048
0.188226
-0.871170
-0.469634
0.650402
0.252034
-0.231187
0.246862
0.122741
-0.190588
-0.283530
0.082894
0.129164
0.477904
-0.115249
0.093248
0.084994
0.869639
-0.574266
0.257511
-0.373585
0.654051
0.034128
0.041761
-1.000000
0.500616
0.891467
0.624892
-0.309507
0.036872
-0.212099
-0.036063
0.976757
-0.324451
0.995997
0.753258
0.129113
0.958508
-0.170456
0.823356
-0.182206
0.287728
0.153436
0.845768
-0.014660
-0.308045
-0.308602
-0.462296
0.184140
0.130942
1.000000
-0.175311
0.782801
-0.212336
-0.868782
0.553499
-0.282015
-0.115030
0.269801
0.838606
-0.472658
-0.217973
0.036067
-0.432591
-0.658634
-0.149938
-0.003968
-0.179311
-0.277113
-0.293315
0.068090
0.926602
-0.911903
-0.205494
-0.413881
-0.431807
-0.552704
-0.418523
-0.373197
0.811603
-0.174354
0.204199
0.324406
-1.000000
-0.357774
0.761772
0.267481
0.101084
-0.802602
0.722988
-0.930799
0.026491
-0.290184
-0.382568
-0.919591
0.176576
-0.827759
0.676479
-1.000000
0.343744
0.523321
-0.447186
0.276775
0.807948
-0.049431
1.000000
-0.284972
0.068705
-0.277770
-0.050697
-0.208238
-0.048316
-0.947495
0.215954
-0.051470
0.374847
0.113029
-0.136162
-0.207211
0.585190
-0.477687
-0.401673
-0.163051
0.222308
0.080497
-0.929526
0.151117
-0.270491
-0.330236
-0.549625
-0.271082
0.440231
-1.000000
-1.000000
0.100118
-0.110590
1.000000
0.130589
0.183563
-0.022610
-0.491898
0.958798
-0.862011
0.178948
-0.082874
-0.196202
0.290753
0.059434
-0.299173
0.075079
-0.583800
-0.027945
-0.626872
0.699396
0.280508
0.033436
0.318087
-0.621591
-0.012135
-0.457916
-0.690561
0.124266
0.512676
0.609916
-0.101927
0.462336
0.240322
-1.000000
-0.154014
0.195157
0.396966
-0.647133
0.454999
-0.129837
-0.567328
0.950501
-0.616135
0.352475
0.522529
-0.396250
0.056224
0.158934
-0.169219
0.578505
0.382926
-0.386512
0.237279
0.026774
0.550356
0.109312
-0.071467
-0.795295
-0.587255
-0.153423
-1.000000
-0.548879
-0.702135
0.030164
-0.037313
0.639368
-0.515271
-1.000000
-0.044476
0.020343
-0.130110
-0.001611
0.622334
-0.237152
0.068725
-0.410914
0.428095
0.511266
-0.088843
0.303104
-0.162414
-0.540827
-0.801221
-0.848276
-0.491421
-0.328083
0.867719
0.162945
0.915406
0.185847
-0.738538
-0.480014
0.119034
1.000000
0.312240
-0.796845
0.923304
-0.391977
-0.501755
0.807030
-0.918844
0.180148
-0.157045
-0.058397
0.305619
-0.451978
1.000000
-0.117204
-0.858454
0.704352
0.000940
-0.136728
0.348013
0.118697
0.000785
-0.089589
0.000495
0.562344
0.095792
0.239598
0.557377
0.110279
-0.624258
-0.115534
0.473797
-0.106603
0.470812
-0.526738
0.352105
0.275508
-0.048261
-0.305320
0.212382
-0.303212
0.386569
0.405100
-0.373232
-0.422535
-0.136845
0.192316
-0.653686
-0.098903
-0.087722
0.588307
0.379458
0.155451
0.341907
0.123749
-0.694401
0.258672
0.059349
-0.325581
0.311561
0.410723
0.040130
0.021678
0.273289
0.288084
0.051589
-0.080111
-0.114508
-0.140159
-0.637758
0.441681
0.598127
-0.195366
1.000000
-0.607443
0.211805
-0.056441
0.141579
-0.376535
0.282833
-0.833504
0.039251
-0.634342
0.116100
-0.964241
0.220519
0.092330
0.102177
-0.146630
0.795350
0.631116
0.392445
-0.787369
-0.207499
0.481922
0.473884
-0.183318
-0.842189
0.364561
-1.000000
-0.765733
-0.213417
0.015394
0.183016
0.689000
0.678699
0.382455
0.400667
-0.431900
-0.039618
-0.080221
-0.054509
-0.617466
-0.185404
-0.169531
0.296579
0.008904
-0.186268
0.556714
0.100432
-0.273999
-0.032828
-0.438205
0.199490
0.117460
-0.705697
-0.691411
0.693680
0.405840
-0.842215
-0.171329
-0.182512
-0.488398
0.968750
0.086398
-0.777336
-0.122516
-0.314983
0.233775
0.208416
-0.619847
0.032619
-0.186910
0.917450
-0.775101
0.565930
-0.131389
-0.292359
-0.567069
0.146206
0.681354
0.376378
-0.158769
-0.035766
0.539288
-0.654719
0.647445
0.444742
-0.621407
0.353972
-0.410742
0.681689
-0.833513
-0.175085
1.000000
-0.364372
0.075905
-0.727557
-0.200753
-0.204947
-0.016187
0.415105
-1.000000
0.793588
0.203113
1.000000
-0.466232
0.170566
0.637860
-0.499069
0.035752
0.349075
0.241923
-0.836631
0.158597
0.061683
0.427891
-0.123456
-0.730633
-0.288913
-0.547568
0.062501
0.226369
-0.261194
-0.488512
0.175110
0.851552
0.048738
-0.404550
-0.709063
0.010822
-0.078058
0.006520
0.094558
-0.205609
0.681010
-0.419454
-0.353982
0.164912
0.109630
0.710102
-0.620675
-0.705501
0.326845
-0.639913
0.211630
0.407969
0.609566
-0.253059
-0.181692
-0.147919
-1.000000
-0.912936
0.482982
-0.161052
0.269367
0.158802
0.273015
-0.323486
0.296353
0.295075
0.487724
0.816238
0.391939
0.533238
-1.000000
-0.275743
0.237094
0.512443
0.687981
-0.051199
-0.710238
0.296788
-0.015273
0.293244
0.139775
-0.992387
-0.653590
-0.940670
-0.177488
0.199188
0.977295
0.226773
0.742102
-0.282540
-0.884213
-0.371092
-0.236383
-0.253374
-0.058005
-0.200200
0.719987
1.000000
-0.421656
-0.239459
-0.423569
-0.359035
-0.179242
-0.291435
0.372224
0.341199
-0.169933
0.018691
0.913579
0.054533
-0.294879
0.188965
0.097135
0.894290
0.334999
0.454733
-0.300521
-0.935545
0.108995
-0.303776
0.854809
0.104562
-1.000000
-0.167484
-0.602782
-0.245922
-0.096934
-0.392710
-0.277264
0.155641
-0.264455
0.601806
0.807897
-0.651525
-0.411219
0.253752
-0.073846
0.061167
0.352301
0.294689
0.342767
0.865412
0.155857
-0.311253
-0.537148
1.000000
0.558255
0.290160
1.000000
-0.082488
-0.195795
0.244488
-0.060180
0.473672
-0.324372
-0.089178
0.755765
-1.000000
-0.784786
0.600419
-0.348722
-0.753758
0.736986
0.622057
0.478031
-0.229114
-0.223985
-0.594568
-0.466225
0.020175
0.594390
0.128537
0.003317
-0.961476
0.491123
-0.112395
-0.053006
-0.329973
0.894254
0.321134
-0.464958
-0.431964
-0.159266
0.754637
0.000676
-0.162171
-0.200235
-0.019492
0.222963
-0.899351
0.768078
-0.415149
0.682746
0.114536
0.566983
-0.756491
-0.688115
0.420238
-0.665788
-0.887761
-0.394776
0.028568
0.843715
-0.101619
1.000000
-0.677426
-0.658272
-0.197688
0.359527
-0.224693
-0.088776
0.206102
-0.072558
-0.235516
-0.002976
-0.687336
-0.466347
-0.574733
-0.056906
0.150206
-0.238493
0.006747
0.303405
0.653929
-0.172418
0.763723
-0.317467
-0.343692
-0.218581
0.329666
0.974069
0.705184
-0.039782
-0.103020
0.342869
0.518500
0.369411
-0.746409
-0.594969
0.349418
0.695605
0.230825
-0.081422
0.376169
0.023517
0.571630
0.443913
-0.054484
-0.930137
-0.808129
0.172547
0.918893
0.312618
-0.579341
-0.154614
-1.000000
-0.091565
0.051542
-0.229522
0.284844
-0.298476
-0.071792
0.335020
0.100894
-0.485099
-0.856639
-0.219437
0.570597
0.086649
-0.570032
-0.205048
1.000000
-0.162165
0.150812
0.294197
0.509457
-0.059215
-0.105678
-0.876025
0.888594
-0.130620
0.275846
0.231677
0.118850
-0.061329
-0.110141
1.000000
0.104660
0.574225
-0.004058
-0.637280
-0.199497
0.282146
0.301899
-0.366146
0.477634
-0.093916
-0.180736
-0.618436
-0.217991
-0.181386
-0.405741
0.222273
-0.190238
-0.201719
-0.364173
-0.045448
0.544997
-0.073851
0.577011
-0.573885
-0.118281
0.581605
-0.101900
-0.066588
0.029192
0.016231
-0.839876
0.357616
-0.212784
0.081235
-0.107174
0.020577
-0.440087
-0.347123
0.155379
-0.331532
-0.153589
0.093276
0.856027
-0.443595
-0.506757
-0.619899
0.627359
0.474390
0.957718
0.191022
0.840112
0.938207
-0.080911
0.201141
0.245198
-0.039275
-0.778092
-0.357879
0.448020
-0.226751
-0.365841
-0.590797
0.256082
-0.506092
-0.658348
0.625459
-1.000000
-0.021096
-0.403495
0.561928
-0.832644
0.514585
0.806717
-0.196517
-0.640358
-0.116501
-0.363485
-0.471678
0.559954
-1.000000
-0.413702
-0.272935
0.319630
-0.303561
-0.046587
-0.881642
-0.013116
-0.060155
0.559386
-0.028825
0.254194
-0.092077
0.285192
-0.579099
0.060444
0.426489
0.958336
1.000000
-0.468266
0.792395
-0.099908
0.218062
-0.671851
-0.464567
-1.000000
-0.046186
-0.439475
0.471360
0.055417
-0.995559
0.029288
0.014301
0.530108
-0.048717
-0.210910
-0.660858
-0.209475
-0.260299
0.082919
-0.088242
0.279367
0.109568
-0.792379
0.813327
-0.047508
-0.327760
0.179670
-0.543324
-0.138213
-0.718894
0.712445
0.153758
0.333162
0.309064
-0.304013
0.492292
-0.759353
-1.000000
0.081175
0.616490
0.480304
-0.071048
0.079198
-0.630876
-0.389690
1.000000
0.723292
0.321865
0.175004
-0.146757
0.833481
0.100712
-0.489683
-0.163532
0.345915
-0.015765
0.367512
-0.348056
-0.796824
-0.976732
0.308661
0.318359
1.000000
-0.550051
-0.064819
0.354613
0.081160
-0.024558
-0.564757
1.000000
-0.329256
-0.318773
0.294135
-1.000000
0.386255
-0.176945
-0.470421
0.338117
0.075833
-0.217324
-0.479760
0.059491
-0.606941
-0.784334
0.542729
-0.370865
0.087375
-0.230011
-0.343652
0.553789
-0.285977
0.581620
-0.760997
0.428591
0.826752
0.409235
-0.399178
-0.408371
0.702533
-0.035415
0.169825
-0.895681
-0.527744
0.916246
0.185313
0.533720
0.658427
-0.270237
0.378063
-0.262791
0.483758
0.487334
0.774513
-0.220474
-0.365118
0.674934
-0.857062
0.404603
-0.923479
0.155271
-0.071797
0.434628
0.474659
-0.391450
-0.833006
-0.990939
-0.892381
0.158659
0.778166
-0.329942
-0.191378
0.041095
0.658834
0.177963
0.048886
-0.304667
0.166947
-0.185691
-0.221309
0.969929
-0.588039
-0.548271
-0.069279
-0.021065
0.843936
0.134600
-0.919541
0.037482
0.191458
0.011603
0.482280
0.595364
0.931903
0.170655
-0.373279
-0.564457
0.722696
-0.318699
0.261532
0.280357
-0.372236
0.247481
0.069863
-0.166791
-0.052987
-0.492652
0.270129
-0.295650
0.030750
0.036490
0.219017
0.585078
0.396126
0.062126
-0.193251
-0.819512
-0.016188
0.075890
0.515645
-0.038318
-0.027662
0.656914
-0.222734
0.339343
-0.168600
-0.273911
0.144666
-0.566443
-0.655479
-0.059957
0.158891
0.238261
-0.410241
0.202511
-0.327232
0.215707
0.119729
-1.000000
-0.567072
-0.372942
0.342771
-0.684356
-0.574777
-0.125188
-0.389694
-0.387358
-0.000702
0.783497
-0.036307
-0.696664
-0.556818
0.615614
-1.000000
0.793620
0.951490
0.483437
0.716702
0.409620
-0.261019
-0.822663
-0.377318
-0.190145
0.254181
0.537197
-0.062353
0.813395
0.329521
-0.022463
0.007990
0.947416
-0.818045
0.041769
-0.521871
0.294691
-0.798086
0.489459
-0.610949
-0.354127
-0.366443
0.888562
-0.437578
0.153858
-0.133112
-0.346164
-0.907846
0.804668
-0.521241
-0.705809
-0.104297
-0.293527
0.084224
-0.782481
0.204562
-0.614244
0.869156
-0.018201
-0.432496
-0.460243
0.476868
0.058248
0.430968
0.394885
-0.426807
-0.235902
0.071763
-0.076328
-0.607165
-0.227813
0.953907
-0.130626
-0.268376
0.050873
0.613405
0.209409
0.256040
0.014444
-0.184750
0.412151
0.199619
0.075272
0.479931
0.163315
0.928200
0.780397
-0.130268
-0.203909
0.258439
0.030890
-0.124164
-0.497821
0.676164
0.463442
0.435099
0.070145
0.026213
-0.780345
-0.367957
-0.800896
0.014778
0.682148
-0.400886
-0.748425
0.153343
0.153228
-1.000000
0.501897
-0.191528
0.624578
-0.634564
1.000000
-0.282314
-0.519103
-0.254837
0.396929
-0.275347
-0.190085
-0.112302
-0.188233
0.240640
0.899949
-0.396250
-0.312588
-0.029624
0.309557
0.045480
-0.704957
0.081814
-0.369385
0.054409
-0.578020
0.090174
-0.327172
-0.023992
0.175112
-0.079986
-1.000000
0.927314
0.402881
-0.229595
0.078777
-1.000000
0.311410
0.238964
0.883708
-0.327199
-0.110279
0.111852
0.074807
-0.934374
-0.144522
-0.169629
0.646366
0.575868
-0.567433
-0.525187
-0.324158
-0.121758
0.731024
0.246192
-0.071370
0.196579
-0.864635
0.289525
0.329421
0.559503
0.331848
0.797913
0.517089
0.512712
0.237138
0.413844
-0.213984
-0.206201
-0.346471
0.651276
0.345487
0.507796
0.307882
0.227835
0.014840
-0.567778
0.187915
0.618547
-0.217903
-0.978989
0.110714
0.512986
0.124398
-0.776470
0.331513
-0.572989
0.425616
0.561308
0.481439
-0.073251
-0.286677
-0.271402
-0.085540
0.379587
0.483022
-0.585233
0.758658
-0.101646
-0.270450
1.000000
-0.076285
-0.275608
-0.698389
0.288033
0.847989
-0.473582
0.659393
0.228389
-0.187840
0.236605
0.410964
-0.138564
0.130335
0.960593
-0.002365
-0.153923
0.052732
-0.832095
0.085057
-0.083445
-0.306601
-0.515851
-0.079874
-0.422551
-0.176029
0.017810
-0.510727
0.075490
-0.438368
-0.443866
-0.106625
0.102467
-0.017305
-0.664405
-0.454765
0.783186
0.916757
0.906222
-1.000000
-0.449641
-0.016873
-0.421855
-0.146801
1.000000
-0.041574
-0.824908
-0.389815
-1.000000
-0.401230
-0.154377
-0.733957
0.525668
-0.443736
-0.207295
-0.167154
-0.845361
0.283182
0.396172
-0.064221
0.116562
0.073214
-0.881389
0.958938
0.173997
0.279814
-0.534477
0.329472
0.343372
0.224914
0.616550
-0.945199
0.433352
0.950339
0.442167
0.333438
0.300767
-0.400799
0.002604
0.570881
0.065518
-0.372571
-0.109962
0.997577
-0.603157
0.565004
0.340959
-0.113648
0.151919
0.037055
1.000000
0.423635
0.563739
-0.296371
-0.794674
-0.045938
-0.860446
1.000000
-0.095174
0.685846
-0.057203
0.092021
0.171576
-0.473387
0.037560
1.000000
0.994700
-0.351973
0.058940
-0.020860
0.107775
-0.170683
-0.220429
-0.101029
-0.023434
-0.576120
0.691792
-0.173716
-0.642101
-0.447329
-0.639892
0.169806
0.042053
-0.331328
-0.002913
0.297533
0.547407
0.128486
-0.362452
-0.827031
0.149652
-0.327954
-1.000000
0.017081
-0.896556
-0.338454
-0.128958
0.362380
-0.747517
0.654669
-0.209070
-0.711997
-0.597234
-0.330604
-0.724648
0.350146
-0.439160
-0.289004
0.990776
0.479704
-0.123265
0.234530
-0.268924
-0.167183
0.562912
-0.330521
-0.936391
0.791153
0.003579
-0.323128
0.529537
-0.605594
0.171091
0.423131
-0.176899
0.466360
0.480043
0.041376
-0.215692
-0.024111
-0.827384
-1.000000
0.477570
-0.100256
-0.069303
-0.509762
0.906961
0.433003
-0.648508
-0.099640
0.642734
1.000000
0.085684
-0.490845
-0.379634
-0.696458
-0.621282
0.822934
0.241388
-0.333739
-0.335036
-0.102707
-0.534530
-0.881143
0.070615
-0.784334
0.236628
-0.257578
-0.228532
0.974376
-0.217936
-0.073050
0.052335
-0.489472
-0.293855
0.115639
-0.166742
0.172089
0.034888
-0.887421
0.705067
0.388870
-0.080941
-0.044491
-0.540828
0.307171
-0.916091
-0.124694
0.131871
-0.012253
0.387735
1.000000
-0.184797
0.445366
0.544067
1.000000
0.188747
-0.340676
0.213019
0.136349
0.598597
-0.944939
0.371452
-0.378678
-0.483169
-0.391552
0.365022
0.130278
0.317190
-0.014505
0.485771
-0.580926
0.803128
-1.000000
0.251413
0.981978
-0.539065
0.019700
0.196644
0.248951
0.675233
0.677927
0.866735
-0.126364
0.313366
-0.888833
-0.085087
-0.207193
-0.079640
0.137243
0.217863
0.260635
-0.624252
-0.096926
-0.165449
0.085797
-0.747387
-0.325097
0.125492
-0.135891
-0.363962
0.629775
0.215586
-0.104733
-0.018507
-0.574435
-0.252410
0.256316
-0.715028
0.215448
0.123498
-0.733160
-0.425596
0.260807
-0.989839
-0.306047
0.374501
0.581848
0.275228
-0.463749
0.359568
-0.126931
-0.451231
-0.050098
-0.919037
-0.753535
0.280395
0.098592
0.403158
0.407400
0.448575
0.128237
0.199119
0.509888
-0.146207
0.048203
0.311111
0.364996
1.000000
0.463248
-0.118994
0.767870
0.498779
-0.293902
0.123071
0.748911
-0.933041
0.118209
-0.027927
0.170815
0.417950
-0.031432
-0.396272
0.473086
0.014322
-0.159218
-0.168482
-0.244899
-0.263367
0.903840
0.127439
0.263695
-0.517941
0.458098
-0.092186
0.236972
-0.367532
-0.602324
-0.054913
0.401513
0.051567
0.140077
-0.884265
0.204782
-0.918929
-0.187468
0.082665
-0.897333
-0.658464
0.282324
-0.415262
-0.609402
-0.469296
0.630698
-0.457074
-0.254263
-0.575853
0.251204
-0.106320
0.691176
0.269671
-0.222729
-0.524171
0.359516
0.654993
-0.978190
0.749830
-0.172612
0.402936
-0.381196
0.276322
1.000000
-0.177308
0.261813
0.238884
0.224125
0.718946
0.455863
0.831476
-0.503847
-0.164143
-0.444439
-0.287248
-0.423018
-0.286984
0.302376
-0.014270
-0.040786
-0.939958
-0.342392
0.086737
-0.808529
0.247118
0.868900
-0.101693
0.888313
0.221548
0.107254
0.932958
0.839128
0.924425
0.094736
-0.120039
0.011928
-0.900530
0.360451
0.168694
-0.374044
0.101075
-1.000000
-0.317510
0.637169
-0.845900
-0.084736
-0.848715
0.441878
-0.665324
-0.907788
-0.022417
-0.537657
0.121046
0.033434
0.037385
0.191151
0.072514
0.083877
0.703165
-0.593800
0.952008
0.231191
0.202805
0.177822
-0.211333
0.667240
0.752226
-0.219997
0.463492
-0.492677
-0.039464
0.153330
-0.585508
0.711091
0.045336
0.293719
-0.190923
-0.325219
-0.872674
-0.011834
0.240286
0.115799
-0.190720
0.320513
-0.403133
-0.915959
0.024127
0.601955
-0.449959
0.128167
0.446075
0.011529
-0.550342
-0.386282
0.559544
0.460519
-0.773738
0.239265
-0.366789
0.294351
-0.167489
-0.038236
-0.015970
-0.102140
-0.139635
-0.612578
-0.120775
0.234044
0.991072
-0.499390
-0.568611
-0.523818
0.037819
-0.300520
-0.621962
0.371786
-0.423838
0.052232
0.878736
-0.234352
0.381638
0.058541
0.138491
-1.000000
-0.099424
0.502409
-0.330853
0.315548
0.031424
-0.821196
0.872115
0.925656
-0.050401
-0.569771
0.247880
-1.000000
-0.376334
-0.970388
-0.457513
-0.272084
0.850502
-0.119146
0.282139
0.426651
-0.187540
-0.233331
-0.574284
-0.067984
0.394374
-0.146354
0.251166
-0.045245
-0.453951
0.591765
0.963167
0.160517
0.515643
0.289506
0.135848
0.079632
-0.350916
-0.818183
0.050323
-0.389280
0.130541
0.538203
-0.094763
0.657210
0.067967
-0.200680
0.644586
0.745638
0.309614
0.081877
0.572399
-0.672587
0.249504
0.433099
0.514127
-0.267006
0.345104
0.380387
0.536338
-0.022451
-0.568885
-0.623812
0.005832
-0.445375
1.000000
-0.182665
-0.258898
-0.734586
0.150481
0.103298
0.432501
0.102292
-0.492188
-0.442736
-0.446771
0.691200
-0.981554
-1.000000
0.310072
0.621852
-0.075562
-0.139941
0.164417
0.045878
-0.875440
-0.682850
0.137504
-0.722629
0.088610
0.182190
-0.062877
-0.531350
-0.380926
-0.757587
0.300941
-0.124751
-0.072805
-0.742450
0.433534
0.127876
-0.833989
-0.129794
-0.229854
-0.059050
-0.481790
0.046607
0.682882
-0.699015
-0.840919
-0.371210
-0.167410
0.888465
-0.263375
-0.083758
0.755144
-0.028358
-0.851890
-1.000000
-0.733156
-0.231068
-0.692687
-0.178878
0.208010
-0.585025
-0.181426
-0.341727
-0.606975
-0.404068
-0.172163
0.270961
-0.075405
0.409433
-0.998815
0.878277
0.657366
0.245281
0.324152
-0.787858
-0.244772
-0.036130
-0.215611
-0.229847
-0.332599
-0.107876
-0.712506
0.559014
0.515826
0.522457
-0.441574
-1.000000
0.285556
0.243860
-0.570256
0.154373
-0.494630
0.189622
0.131647
-0.205192
-0.073257
0.815560
0.878674
0.276276
0.422452
0.212878
0.477373
-0.581747
0.385253
-0.068709
0.103108
-0.559874
-0.725947
0.649095
-0.243403
-0.052953
-0.219664
0.138063
-0.484197
-0.887678
0.694096
-0.137267
-0.048278
-0.198649
0.286572
-0.807543
-0.390156
0.169930
0.522807
0.618161
-0.928675
-0.623056
-0.435259
-0.275566
-0.510908
-0.146930
-0.269817
-0.199583
0.291493
0.646557
-0.275405
0.160161
-0.093399
0.880794
0.026830
-0.638367
0.054451
-0.957148
0.428234
-0.005144
-0.278991
-0.042753
-1.000000
0.255870
-0.182672
0.485731
1.000000
-0.954297
0.029770
0.421968
0.066313
-0.441683
0.418506
0.787911
0.055394
0.579322
-0.425676
-0.645211
-0.477747
0.568472
0.155515
-0.283881
-0.443002
-0.516516
-0.275335
0.021984
0.462528
0.421131
0.023953
-0.273759
0.008442
-0.647552
0.222139
0.093803
-0.002219
0.253585
-0.042231
-0.922933
-0.168760
-0.328180
-0.034145
-0.239190
0.239410
0.075496
0.073197
-0.120576
-0.751870
-0.432541
0.352720
-0.204847
0.176037
0.214244
0.194230
-0.757613
0.664742
0.007022
-0.013827
-0.553055
0.248935
0.011528
-0.191079
0.666182
0.313830
-0.326692
0.625697
0.191396
-0.352335
0.005362
-0.129535
-0.365019
-0.368842
-0.715067
0.253552
-0.483573
0.209155
-0.715447
0.509203
0.075863
0.111868
0.277405
0.502136
-0.211138
-0.301835
-0.902492
-0.269085
-0.671806
0.161306
-0.848841
-0.778263
0.600892
0.299139
-0.245205
0.839105
-0.486503
0.043168
1.000000
0.540793
-0.713572
0.611515
0.204924
-0.915005
0.556858
-0.331756
0.598997
0.292979
0.500911
-0.147835
0.216647
0.027991
-0.221988
-0.837898
-0.041498
0.435813
-0.079797
-0.908177
0.082217
-1.000000
0.177896
-0.471390
0.398431
-0.890561
1.000000
-0.128109
-0.512035
0.662272
0.829119
-0.630281
-0.468681
1.000000
-0.039572
-0.071871
0.939656
-0.127634
-0.143004
0.273595
0.093810
-0.646775
-0.953825
0.190435
-0.615181
0.333096
0.966942
0.254231
0.166212
0.624070
-0.446197
0.622691
-0.888912
0.244008
-0.188133
0.808013
-0.508380
0.093294
-0.283603
-0.576395
-0.323959
-0.492090
0.477396
0.255229
1.000000
0.488961
0.485255
-0.061121
0.589191
-0.077146
0.160805
0.075149
0.052758
-1.000000
0.489799
-0.021567
0.756708
0.211623
0.488529
0.394015
0.397464
-0.242810
0.449894
-0.971974
-0.010977
-0.887408
-0.616869
-0.880046
-0.247770
-0.382955
0.814276
0.916927
0.624714
0.899553
0.964575
-0.061865
-0.799605
0.455673
0.074915
-0.372775
0.874226
-0.008168
-0.028984
0.397193
0.032759
-0.323518
0.694320
0.120066
1.000000
1.000000
0.047961
0.787106
-0.575486
0.267688
0.185977
1.000000
0.063317
0.274822
-0.414857
0.196976
-0.956476
-0.519162
-0.542236
-0.350034
-0.472043
-0.785660
-0.471102
-0.135281
0.160549
0.098594
-0.564539
-0.299260
-0.207299
-0.225811
-0.216524
-0.284955
0.286790
0.255940
-0.547205
-0.311568
-0.710343
0.115032
-0.444076
0.094164
-1.000000
0.218638
-0.494724
0.429060
0.652357
0.039889
-0.003678
-0.480855
0.331525
0.552797
-0.034126
0.284723
-0.339000
-0.691378
-0.013521
0.028478
-0.217357
0.870193
0.278272
0.634241
0.155549
0.025289
-0.027195
0.088333
-0.552356
0.885334
-0.132630
-0.248844
-0.166425
0.127175
-0.162862
-0.493590
0.309438
-0.268815
0.179548
0.165133
-0.289695
0.922291
0.591787
-0.193708
-0.674399
0.359116
-0.248430
-0.292369
-0.193525
0.168551
0.187469
-0.029777
-0.128408
0.029207
0.399772
0.029227
-0.261636
0.590788
-0.833189
0.000889
0.066658
-0.476264
-0.169238
-0.622751
0.319048
-0.367077
0.944333
0.342552
0.097637
1.000000
0.019382
0.641957
-0.269014
0.134066
0.891645
0.255216
0.250584
0.053130
0.970295
-0.212345
0.485601
0.197395
0.303519
0.045458
-0.687026
-0.668821
0.136726
-0.201658
0.111951
0.640380
-0.537635
0.442468
0.295789
0.892306
0.021852
-0.226769
0.774403
0.382066
-0.352759
-0.166910
-0.532335
-0.756687
0.318006
0.114151
-0.110474
-0.330050
0.202364
-0.048309
0.198774
-0.527634
0.813522
0.061051
-0.082537
0.991227
0.003353
-0.563911
0.027245
0.453950
0.694117
-0.435146
1.000000
0.543550
0.199259
-0.347738
-0.788870
0.177765
-0.258344
-1.000000
-0.229192
-0.503566
0.977954
0.014644
-0.080785
-0.057782
-0.354927
-0.838622
0.245271
0.666943
0.166948
0.386361
-0.692579
0.262783
0.739513
0.529035
-0.098938
-0.371856
-0.223705
-0.252129
-0.341743
0.027057
-1.000000
-0.362206
-0.117318
0.087291
-0.347349
-0.072337
-1.000000
-0.567426
0.120801
-0.844324
0.055050
-0.738459
0.645263
0.182593
-0.149621
-0.225525
-0.450419
-0.048088
0.131454
-0.365810
-0.463220
-0.605820
-0.773018
-0.301449
-0.233367
-0.373760
0.017150
-0.684418
0.406490
0.239818
0.162968
-0.003734
-0.079570
0.213771
0.162790
0.056498
-0.399680
-0.572833
0.147581
-0.314198
-0.449130
0.093541
-0.260535
-0.501663
-0.604712
-0.527945
-0.070517
-0.277830
-0.029372
0.823429
-0.377581
-0.341735
-0.220100
-0.600943
0.365025
0.256508
0.754307
0.303288
-0.997255
-0.911648
0.173599
-0.148684
-0.020298
0.852411
0.825549
-0.638205
0.702910
0.102918
-0.161436
-0.111563
-0.616441
0.293858
0.201245
-0.708825
0.590606
0.414366
-0.001280
0.094570
0.130925
0.878876
0.059995
-0.442486
-0.620008
-0.288581
-0.515931
-1.000000
0.894480
0.104372
1.000000
-0.467747
0.442571
-0.068948
0.453833
-1.000000
1.000000
-0.297607
-0.326796
-0.483421
-0.822372
0.115870
-0.914115
0.196556
0.608010
0.511501
-0.634263
0.853947
0.189526
-0.111980
0.376243
0.621288
0.528921
0.164232
0.293032
-0.799154
0.172408
0.646782
0.190228
0.626621
0.843103
0.332942
0.000210
0.123857
0.664649
0.142245
-0.725337
0.040059
-0.268075
-0.023030
0.332796
-0.038548
-0.744626
0.202112
-0.124490
0.530300
0.395206
-0.631767
-0.618714
0.973995
-0.102930
1.000000
0.617895
0.979740
0.286625
-0.953934
-0.249822
-0.927292
0.094347
0.462782
0.070126
-0.324433
0.096581
-0.647456
-0.335333
-0.185699
-0.260574
0.819423
-0.522420
0.006575
0.255986
0.211109
0.650818
0.356467
0.806727
-0.316482
-0.180390
-0.984370
1.000000
0.120080
0.250474
0.344688
0.981705
-0.138352
0.022053
0.589156
0.910350
-0.254060
-0.021172
0.539207
-0.298804
-0.281449
0.449016
-0.023706
0.189896
-0.157738
0.300834
0.857506
-0.661671
-0.533876
0.242599
0.432374
-1.000000
0.818144
-0.968220
-0.465984
-0.327142
-0.080008
0.170804
0.310492
0.541079
0.078180
0.228454
-0.593433
-0.207864
-0.420293
-0.136079
-0.069717
-0.046484
-0.408942
0.007726
0.036891
0.305309
0.193777
-0.072607
0.359487
-0.143965
-0.008227
-0.248664
-0.867466
0.815937
-0.509747
-0.100638
0.771466
-0.134745
0.194813
0.180948
0.011235
0.377683
0.890710
0.797825
0.621542
0.311883
0.689351
0.105086
-1.000000
0.465769
0.315862
0.001797
0.903324
-0.433879
-0.494397
0.114929
0.541037
-0.053891
-0.430816
0.275600
-0.339941
0.018442
-0.594712
0.080882
0.448496
0.198425
0.568893
0.786271
-0.461670
-0.037545
0.987590
0.033896
-0.185717
0.347850
-0.247553
0.169889
-0.150562
-0.171916
0.313495
-0.430668
-0.817119
-0.629578
0.153710
0.483219
0.999630
0.400850
-0.175234
-0.777484
-0.067518
-0.046489
0.284994
0.240004
-0.557498
-0.194832
-1.000000
0.797193
0.311502
0.079702
0.269557
0.401254
-1.000000
0.082287
0.222704
0.717613
0.310697
-0.393089
-0.367252
0.011682
-0.423089
0.274064
-0.554754
-1.000000
0.834580
0.928686
0.205775
-0.173480
0.478602
0.049995
0.579296
0.581523
-0.466313
0.542448
-0.233432
-0.478886
0.256905
-0.208094
-0.544681
0.990433
-0.701866
0.555391
0.019568
0.074561
0.142066
-0.118589
0.210147
1.000000
0.878909
-0.096370
-0.118809
0.076242
0.360977
0.547814
0.138870
-0.540807
-0.107642
-0.116922
-0.090695
1.000000
0.939722
-0.132852
-0.003212
0.191872
0.176733
0.461936
-0.530756
0.215358
0.266383
-0.918583
0.032792
-0.178821
-0.044583
0.126754
0.444180
-0.391432
-0.948298
0.179692
0.694338
0.620540
0.978520
0.042282
-0.035497
-0.296884
0.399436
0.272068
0.528596
0.137613
0.251584
-0.325065
0.639050
0.131104
-0.735605
-0.679534
-0.266696
-0.413663
-0.028186
-0.404441
-0.577315
-0.276355
-0.144851
-0.067242
-0.365353
0.023347
0.369615
0.270188
0.644353
-0.598573
-0.151707
-0.404058
-0.067331
-0.174126
-0.528192
-0.034454
0.172089
-0.229627
0.064168
0.051736
-0.282550
0.721548
0.183174
-0.266588
-0.777667
-0.384282
-0.669541
-0.118668
-0.709533
-0.497363
-0.634547
-0.254276
0.075844
-0.464630
0.225762
-0.779537
0.493310
0.486089
0.112455
0.213653
-0.010824
0.007173
-0.868273
-0.166043
-0.047854
-0.246234
0.461577
0.264778
-0.820976
-0.463478
0.158244
0.453695
-0.596151
0.508954
0.246507
-0.468152
0.269389
-0.011827
0.507405
-0.131453
-0.153436
0.274165
0.664210
-0.122084
-0.035004
0.853433
-1.000000
0.173096
-0.268948
-0.609004
0.124186
0.403779
-0.859503
-0.171858
0.053321
-0.359627
0.035500
-0.885842
0.055418
0.327426
-0.544840
-0.050149
0.388326
-0.897938
-0.804162
0.401322
0.475900
-0.070230
0.001578
0.895574
0.868949
-0.358775
-0.055082
-0.411461
-0.164246
0.335896
0.174820
-1.000000
0.091351
0.130185
0.453338
0.030681
-0.652574
0.241780
-0.420013
0.512169
0.730629
0.627321
-0.432857
0.830624
-0.060185
-0.687558
0.196522
-0.630579
0.043112
0.352485
-0.946204
0.129751
0.010311
-0.304053
0.538084
0.717705
0.451760
0.274533
0.132522
-0.161813
0.254612
0.169585
0.344856
-0.343281
0.797952
0.020297
-0.783565
-0.595833
-0.292760
0.271140
-0.295038
0.997626
0.468078
-0.503907
-0.320440
-1.000000
-0.103008
0.905966
-0.365470
0.268536
0.400935
0.360193
-0.066866
-0.400023
0.023895
0.188033
-0.194190
0.129020
0.221967
-0.202693
0.722849
-0.141313
0.477996
0.416348
0.802768
0.405819
-0.470769
-0.025236
-0.660494
0.440329
-0.310138
0.768602
-0.060065
0.348196
-0.544048
0.159321
-0.178335
0.303611
-0.035601
-0.897059
-0.235115
-0.474261
-0.927151
-0.260390
0.708492
-0.446346
-0.796666
0.009433
-0.418993
0.028118
0.845287
0.842688
0.077930
-0.553598
0.343130
0.504907
0.088115
-0.974156
0.530906
0.166126
0.028609
0.104693
0.089336
0.912166
-0.504336
0.412087
0.184342
-0.286058
0.301348
0.201135
0.838632
-0.003221
0.111553
-0.466321
0.102564
-0.697179
-0.973125
-0.087997
0.299978
-0.296176
-0.336698
0.857239
-0.328463
-0.856784
-0.777828
-0.610834
0.379932
0.143511
0.053290
0.004225
-0.876017
-0.288907
-0.114760
0.366221
0.009290
0.039733
-0.409554
0.296978
0.570287
-0.330736
-0.329923
1.000000
0.253294
0.113937
-0.233491
-0.027423
0.765407
0.321082
-0.274843
-0.926205
0.581876
1.000000
0.618799
-0.217271
-0.011497
-0.367196
-0.614717
-0.627565
0.148796
-0.435098
1.000000
-0.095792
0.177031
-0.293295
1.000000
-0.808975
0.220861
-0.198737
-0.337415
0.604907
-0.130550
0.428848
-0.350813
-0.324750
-0.782167
-0.029700
-0.337629
0.100411
-0.247111
-0.966483
0.445858
-0.812798
-0.592936
-0.270302
0.357408
-0.164557
-0.071940
0.313405
-0.788195
-0.213205
-0.314724
0.122780
-0.688363
0.679730
1.000000
0.144071
0.419594
0.314944
0.490143
0.460603
0.516905
-0.002018
-0.067167
-0.209486
-0.036196
-0.681142
0.148825
0.773772
0.219998
-0.254171
-0.509531
0.175979
0.693341
0.321346
-0.700673
-0.363087
0.017053
-0.107669
0.043730
0.131413
0.437757
-0.374610
-0.539353
-0.483483
0.160453
0.199079
-0.223118
-0.373969
-0.499132
0.553333
-0.314062
-0.220620
-0.292497
0.017778
-0.224860
-0.343927
1.000000
-0.523726
-0.393154
0.201660
-0.008725
-0.031555
-0.025303
0.335749
-0.267318
0.267335
-0.207775
0.557892
0.461036
0.842879
0.985776
0.227640
0.208464
-0.554756
0.413039
-0.812012
-0.900872
0.340400
-0.796462
-0.584295
0.533111
-0.123516
-0.478384
1.000000
0.470668
0.374647
0.275752
-0.716435
-0.607493
-0.255334
0.388459
-0.179701
0.295421
-0.462820
-0.401827
0.525903
-0.019621
-0.131156
-0.893034
0.615857
0.440517
0.390436
0.114587
-0.062764
-0.727487
-0.192230
0.395910
-0.306192
-0.097423
-0.406494
0.458299
1.000000
-0.043653
0.459155
-0.020830
-0.338399
0.132494
0.089248
0.551125
0.473873
-0.101932
0.605007
-0.134641
-0.924995
-0.029150
-0.314034
-0.775119
-0.056391
-0.547556
-0.143392
0.490009
0.333355
-0.455156
-0.377870
0.211535
0.579018
0.360111
-0.356729
0.190605
0.625434
0.063492
-0.249968
0.391113
0.189914
-0.677564
-0.357869
-0.235301
0.820917
-0.007036
0.170799
-0.538699
-0.081341
-0.256462
-0.396071
0.130452
-0.288545
0.095211
0.430636
0.265914
1.000000
0.418395
0.469450
0.039782
0.745783
0.438388
-0.223253
0.074620
-0.238024
0.408972
-0.113181
0.294015
-0.384269
-0.118227
0.389217
0.280295
0.097465
0.917021
-0.403631
-0.111216
-0.034952
0.726220
-0.230077
0.414252
-0.858888
-0.162337
0.604733
-0.210533
0.084709
0.873658
-0.420618
-0.927116
-0.280221
-0.861908
-0.146337
-1.000000
-0.432681
0.040474
-0.269459
0.100024
-0.350972
-0.002216
-0.474155
-0.005458
-0.624524
-0.514628
-0.803748
-0.135334
-0.416690
-0.074394
-0.240239
0.210377
0.368885
0.281836
-0.034231
0.249709
-0.498846
-0.183404
-0.139163
-0.314085
0.769275
0.305070
0.599661
-0.453422
-0.402799
-0.321093
-0.065112
0.507349
0.286277
0.634138
0.749166
-0.005466
0.895373
-0.026654
-0.811924
0.862566
-0.387187
0.336782
-0.553342
-0.413067
0.729181
0.257289
0.296470
0.562240
-0.375227
0.302005
0.014094
-0.201755
0.756499
0.317658
-0.638118
0.165883
-0.469453
-0.562812
0.294882
0.411054
-0.904107
0.477970
-0.207976
0.084865
-0.154115
-0.018976
-0.049630
0.010448
-0.353200
0.343085
-0.378934
0.054477
-0.077579
-0.048620
-0.061658
-0.331472
0.523049
0.377245
0.136151
0.241640
-0.149013
-0.249808
-0.546542
-0.424886
0.196891
0.043906
0.204610
-0.021455
0.019581
-0.071841
0.328479
-0.667056
1.000000
-0.130054
-0.529661
-0.353108
0.240168
0.241920
-0.210664
-1.000000
0.087781
0.682308
-0.322529
-0.582578
0.529213
-0.117618
0.026603
0.191703
-0.652959
0.420378
0.705480
-0.407357
-0.782119
-0.272413
-0.249979
0.431189
1.000000
-0.140784
0.636975
-0.229870
-0.023465
-1.000000
0.803041
-0.626890
0.136867
-0.975937
0.091694
0.053045
-0.622249
-0.772748
-0.252983
0.220164
-0.260717
-0.112270
-0.736333
0.045280
-0.239629
0.453736
0.530332
0.269763
-0.120882
-0.530350
-0.398356
-0.261489
-0.722488
0.154907
-0.027385
0.117871
-0.919588
-0.996299
-0.437272
0.002015
0.084197
0.379253
0.765150
-0.620546
-0.171459
0.569984
0.182691
0.659208
-0.060470
0.080186
0.581042
0.520859
-0.162041
-0.430345
-0.982632
0.024715
-0.196437
0.612187
0.421193
-0.244052
-0.176166
-0.486326
0.169731
-0.887467
-0.015420
-0.506651
0.268555
-0.204311
-0.513839
0.379420
-0.737574
-0.224450
-0.066022
-0.259926
-0.533028
0.713719
-0.858490
-0.433476
0.189112
-0.051064
-0.125415
0.200114
0.070308
-0.201262
1.000000
0.187903
-0.995351
-0.145760
-0.496336
-0.185514
-0.808995
-0.226322
-0.095623
1.000000
-0.140460
-0.962736
-0.541736
-0.461897
-0.735677
-0.207698
0.033401
-0.587138
-1.000000
0.578674
0.243873
0.580472
1.000000
-0.779078
-0.008725
-0.000096
0.091793
-0.545417
-0.594446
-0.003340
0.420816
0.082204
-0.981304
1.000000
-0.714201
0.362155
-0.374833
-0.195579
-0.722304
0.101355
-0.473929
-0.779920
-0.181261
-0.480209
-0.309389
-0.066157
-0.204461
-1.000000
-0.521680
0.216781
0.916618
0.455037
0.037016
0.278769
0.965994
0.290253
0.434345
0.308913
0.196750
0.439475
0.325305
-0.217371
0.204214
-0.783551
0.176289
-0.829785
-0.490786
0.836506
0.564463
0.311077
-0.808113
-0.408116
-0.191605
-1.000000
0.076465
-0.482931
0.069419
0.063537
0.034085
0.539481
-0.756868
0.601540
-0.963612
0.068660
-0.040335
0.342152
-0.013264
0.026941
0.016337
-0.917045
0.170403
-0.118042
-0.501524
0.985192
0.054956
0.080156
-0.283909
-0.287985
-0.495309
0.774081
0.537706
-0.707177
-0.069849
0.062634
0.000232
-0.410364
0.342304
-0.533568
0.051354
-0.406422
-0.151389
0.394681
0.508220
-0.525497
-0.719619
-0.469149
0.181351
0.115683
-0.903563
0.230871
-0.336765
-0.646966
-0.283982
0.362206
0.840654
-0.177431
-0.085023
-0.208550
-0.881629
-1.000000
0.423323
0.273548
0.126851
0.949923
0.007362
0.390289
0.354398
-0.009585
-0.650562
0.965982
0.034736
-0.391089
-0.095369
0.601410
-0.251626
0.047192
-0.098418
-0.090964
1.000000
-0.327403
0.696708
0.245824
0.076173
0.064240
-0.087812
0.265063
-0.608215
-0.363205
0.298499
0.438097
0.158851
-0.855583
0.299739
-0.092450
-0.754540
0.472423
-0.328425
-0.298086
0.087901
-0.640396
1.000000
0.037098
0.077337
0.579646
-0.870453
0.030969
-0.956218
-0.425913
0.272147
0.247290
0.402746
0.284706
0.356376
-0.955238
0.028206
0.557912
0.120613
0.492374
0.207956
0.328451
0.198165
-0.816580
0.804892
0.395605
0.206797
0.490012
-0.097535
0.220500
0.947546
0.582138
0.435773
-0.873336
-0.084598
-0.662384
0.461389
0.049406
-0.212372
0.458242
0.364498
-0.381655
-0.177059
-0.103242
-0.010723
0.044506
0.243018
0.739555
-0.142945
-0.237273
0.322847
-0.552924
-0.525606
0.251787
-0.552803
0.412327
0.253288
1.000000
-0.724767
-0.992142
0.590303
-0.233694
0.496045
0.289428
0.417390
-0.149370
0.144225
0.041480
-0.034169
1.000000
-0.222851
-0.920379
-0.738228
-0.631804
-0.668469
0.411024
-0.746138
1.000000
0.323924
0.026448
1.000000
-0.351920
0.262755
-0.187605
-0.266681
0.169285
-0.418099
0.198154
-0.065267
-0.444717
0.034101
0.652238
-0.136936
-0.655395
0.867195
-0.727719
-0.119350
-0.049956
0.023836
-0.082977
-0.612720
0.427180
-0.422005
0.051857
-0.248618
-0.135194
-0.059197
0.286198
-0.987537
-0.980322
-0.680480
-0.854019
0.104741
0.088892
-0.324564
0.605692
-0.178838
-0.588660
-0.096098
-0.283382
0.309298
0.942602
0.143061
-0.853065
0.800818
0.108570
-0.026884
-0.778317
-0.596552
-0.192727
0.800063
-0.389761
0.336208
0.905426
0.499516
-0.308491
-0.191548
-0.097129
-0.051701
0.990987
0.671939
-0.005873
-0.092588
-0.457575
0.043656
0.093990
-0.116583
0.497199
-1.000000
0.714852
-0.233487
0.108328
-0.343154
-0.601728
-0.699465
-0.914873
-0.305095
0.864824
-0.437595
0.255999
0.628225
-0.533377
-0.436624
0.143279
0.242019
0.007866
-0.423839
0.108573
0.374371
-0.119618
0.393911
0.184058
-0.568799
-1.000000
-0.195336
0.422569
0.512182
-0.417145
-0.722772
-0.466056
-0.623981
0.093312
-0.112811
-0.267066
-0.328925
-0.129105
0.117730
0.241478
0.227197
0.336225
0.036749
0.750504
-0.074373
0.051321
0.074502
-0.145982
0.229144
-0.684264
0.697341
-0.569462
0.063544
0.994604
-0.619448
0.956787
0.139535
-0.430275
0.482150
-0.704650
0.466319
0.166689
0.323143
-0.221626
0.435012
-0.712279
0.411388
0.101474
-0.189130
-0.377988
-0.134571
0.207151
0.410784
0.637881
0.673242
0.428797
0.981134
0.443937
-0.504749
-0.676796
0.981420
0.055947
0.360142
0.573985
0.029346
0.073846
0.006195
-0.133647
0.529005
-0.025078
0.575049
0.291247
-0.340169
-0.058596
-0.843731
0.287423
-0.611939
-0.224575
0.087382
0.913182
-0.274208
0.104052
-0.063124
0.350673
0.063026
-0.132927
0.311590
-0.276169
0.988930
-0.713295
-0.375499
-0.164788
-1.000000
-0.601498
0.669029
0.429944
-0.619788
0.952538
-0.265692
0.223108
0.326623
-0.895518
-0.442043
0.258895
0.191433
0.473263
-0.244120
-0.871575
-0.114988
-0.102499
-0.609093
0.556692
0.526424
-0.355938
0.065787
0.443744
0.272051
0.197388
-0.329756
0.070423
0.173018
-0.926857
-0.048266
0.315805
0.323499
0.262784
-0.164811
0.345975
-1.000000
0.510215
-0.237970
-1.000000
-0.174738
0.445916
-0.017575
1.000000
0.897782
-0.424642
-0.499366
-0.653532
0.109134
-0.929509
0.576360
0.306097
1.000000
0.073968
-0.113229
-0.647411
0.839401
-0.338039
-0.149697
0.487154
0.249310
-0.278976
1.000000
-0.493118
-0.262027
0.580353
0.415389
0.363470
0.467745
0.459060
0.112089
0.307785
0.993781
-0.052201
0.131208
-0.293939
-0.311039
0.821205
0.097743
0.310333
-0.650524
-0.238603
0.281382
0.374835
0.760792
-0.294049
-0.160875
-0.171202
-0.230332
0.081722
0.414734
-0.369502
0.025473
0.719286
0.877319
-0.399013
-0.777987
-1.000000
0.406052
0.612535
-0.622903
0.096197
-0.891054
-0.680709
-0.340726
-0.973192
0.343284
0.516043
1.000000
0.104162
-0.816229
0.311755
-0.040298
0.173458
-0.340162
-0.132609
-0.051900
-0.062481
0.352512
-0.045900
-0.379599
-0.832766
0.626668
0.614383
-0.070952
0.170128
-0.314093
0.065450
-0.683764
0.189057
0.120047
-0.313987
0.298488
-0.695230
-0.041341
0.162347
0.426633
-0.006916
0.565546
-0.380771
-0.857629
0.309246
0.238699
0.539369
-0.535057
-0.072556
-0.423990
-0.151389
-0.855082
-0.615120
-0.576630
-0.352915
-0.024503
0.244867
0.553343
0.620969
-0.440744
0.329368
-0.026798
0.412029
-0.078034
0.053957
0.058239
0.459364
0.357162
-0.627400
-0.280110
-0.276384
0.416635
-0.218167
-0.881987
0.434422
-0.687147
0.400736
0.939693
0.149047
0.672675
0.463768
-0.827389
0.097990
0.008020
0.400606
-0.284093
-0.091696
0.733087
0.575884
0.121419
0.515334
1.000000
0.814847
0.505438
-0.064164
0.317505
0.097311
-0.645294
0.296487
0.231935
0.697755
0.076857
0.108200
0.161900
0.268695
-0.383312
-0.527510
-0.320539
-0.181470
0.670784
-0.135237
0.371489
0.259107
0.500758
0.520111
0.075461
-0.319711
-0.334339
-0.008348
0.150482
-0.027038
-0.477500
-0.503021
-0.019331
-0.208209
0.538004
-0.141981
0.291651
0.176575
-0.045278
-0.292235
0.872157
-0.179689
0.328683
0.021986
-0.379809
-0.084498
-0.117267
-0.493311
0.008093
0.083049
0.548255
0.989457
-0.165511
-0.332953
0.120695
-0.145833
0.631174
0.091337
0.459285
-0.789625
-0.198312
0.342376
0.610214
1.000000
-0.505756
-0.887249
0.952270
0.613846
-0.436299
-0.206056
-0.177568
-0.515179
-0.384492
0.003031
-0.681281
-0.289630
-1.000000
0.103719
0.245954
0.977427
-0.311025
0.579924
0.615495
0.353951
-0.060984
-0.048773
-0.124907
-0.026097
-0.177904
-0.214129
0.597317
-0.470159
0.150355
-0.916535
-0.368018
-0.034938
-0.463175
0.595159
-0.962462
-0.701005
0.494686
-1.000000
-0.686149
0.755625
0.588502
0.836536
0.356673
0.439555
0.962953
-0.384786
-0.334157
-0.371263
0.251509
-0.734983
-0.232903
-0.664087
-0.086518
0.297502
-0.251238
-0.445816
0.235520
-0.580446
-0.216520
0.455035
-0.877153
-0.062835
0.182485
-0.068892
-0.178094
-0.720467
0.299738
0.286798
0.438866
0.173528
-0.590126
-0.522241
0.437194
-0.317867
0.615975
0.732657
0.010394
1.000000
-0.132653
0.153323
-0.561361
0.398293
0.326805
0.170718
-0.118074
0.940871
-0.209876
-0.434888
0.139848
0.236914
-0.195503
0.709171
-0.182991
-0.031984
0.402373
-0.166876
-0.174766
0.216580
0.893512
-0.357728
-1.000000
0.123042
0.406893
-0.180541
0.158868
-0.910820
-0.158048
-0.046431
-0.515092
-0.631601
-0.305816
-0.935850
0.915647
0.262164
-0.229429
-0.243140
-0.085100
0.008909
-0.205287
0.674444
-0.163341
-0.456422
-0.442025
0.502943
-0.121339
0.888481
-0.015573
0.180780
-0.361627
-0.020304
-0.090318
-0.750289
-0.011845
0.133096
-0.257958
0.716289
-0.024397
0.057857
0.500761
-0.545062
-0.191553
0.967813
-0.100618
-0.085883
-0.000206
-0.243689
-0.361114
0.609787
0.147568
-0.785786
0.259688
0.472405
-0.061243
0.194164
-0.425133
0.313090
0.727955
0.709974
0.697118
-0.506143
-0.559027
0.077523
0.024565
0.291572
0.875401
0.178067
0.146864
0.245019
0.579966
0.449669
0.888856
-0.372016
0.320301
0.306319
0.780870
0.690145
0.425532
1.000000
-0.668506
-0.141696
0.207272
-0.005061
-0.111851
0.143637
-0.076604
-0.368712
-0.098455
1.000000
0.443953
0.120051
0.101486
0.622515
0.370432
0.229417
0.689630
0.613146
0.421400
0.239877
0.171609
0.093661
-0.185741
-1.000000
0.053946
0.640614
0.373696
-0.154065
0.269117
0.222825
0.410633
-0.017848
-0.254088
0.814457
-0.002309
-0.195927
0.030284
0.688023
0.770134
-0.123482
-0.151433
-0.102058
-0.119907
0.116045
-0.857454
-0.097519
-0.242382
-0.291476
0.000358
-0.179570
-0.065849
-0.084078
0.590223
-0.575552
-0.167057
0.222576
0.445149
1.000000
-0.776997
0.210810
-0.767426
-0.263063
-0.035011
0.157895
-0.500374
0.232931
-0.422547
-0.677280
0.726731
0.479652
-0.078752
0.025281
0.467509
-0.345260
0.052110
-0.531929
0.139564
-0.274008
-0.110225
-0.163718
0.520022
0.746076
0.241977
1.000000
-0.307934
0.298541
-0.255826
-0.450001
1.000000
0.233962
0.133941
-0.104418
-0.211509
0.666429
-0.651379
-0.769400
0.129466
-0.214415
0.004203
0.436658
-0.340453
0.038329
0.229605
-0.588265
0.684967
-0.487751
-0.004127
0.097319
-0.764529
0.276587
-0.020193
-0.353174
0.125686
0.793809
-0.290962
0.105754
0.339523
-0.135887
-0.018585
1.000000
-0.512498
-0.250863
1.000000
-0.245071
-0.148919
0.662379
0.375782
-0.098541
-0.293716
-0.372522
0.409779
-0.435530
-0.249362
-0.055724
0.208097
-0.219779
-0.204008
0.342807
0.706211
-0.116106
-0.364963
-0.355464
-0.338627
0.427489
-0.153557
0.184031
-0.658893
-0.130964
-0.947053
0.311370
-0.954476
0.091175
-0.448218
0.490442
0.365508
-0.030387
-0.078203
-0.099711
-0.194162
-0.226461
-0.367465
0.693740
0.187351
0.367373
-0.272152
0.246740
-0.588592
-0.032223
-0.104145
-0.405884
0.552558
-0.511291
0.167583
0.333088
0.025723
0.848564
0.384885
-0.620026
-0.170381
-0.437501
-0.752385
0.635910
0.660843
-0.695430
0.791808
-0.500949
0.941169
0.504580
-0.778117
-0.041392
0.818099
-0.523845
-0.828028
0.775950
-0.488687
-0.074774
-0.003129
-0.149307
0.351985
0.116397
-0.734140
0.001654
-0.238408
0.194474
0.151795
-0.509919
-0.701334
-0.122209
0.672924
-0.174964
-0.299773
-0.103357
-0.261845
-0.507486
0.825662
-0.439746
-0.691413
-0.330742
0.563125
0.021355
-0.068669
-0.514188
-0.967042
-0.017737
-0.681327
-0.433162
0.513971
-0.629787
-0.192316
-0.090230
-0.581101
-0.112141
0.415568
0.409812
0.368873
-0.452725
-0.315617
-0.388125
-0.540245
0.113631
0.276144
-0.222923
0.178377
0.276639
-0.289219
-0.326982
-0.019205
0.339858
-0.978976
-0.180724
-0.891818
-0.324373
-0.951671
-0.392118
0.264774
0.708433
1.000000
0.985662
-0.143158
-0.785067
-0.342485
-0.985616
-0.725283
0.062148
-0.253849
-0.153675
0.992771
0.502026
0.726421
0.121706
-0.759555
0.600778
-0.107449
0.329648
-0.667988
0.611677
0.428759
0.159326
-0.177797
0.948040
0.060581
-0.160824
-0.270380
-0.263044
0.844716
-0.474948
0.560136
-0.902428
-0.138216
0.135064
-0.868565
0.351197
-0.240520
0.074752
-0.335949
0.061080
-0.525799
0.081322
0.455472
-0.572954
0.187408
-0.150092
0.260561
0.349052
0.102494
0.082302
0.244554
0.230532
-0.198331
0.852681
0.755048
-0.399545
0.220768
-0.769202
0.229731
-0.240525
-0.209839
0.534609
0.107234
-0.410799
0.341213
-0.097990
-0.464719
-0.253110
-0.223391
-0.243160
-0.051949
-0.309127
-0.464164
0.262249
0.421971
-1.000000
-0.293849
0.315476
-0.694373
0.005919
0.631479
0.932590
0.129208
0.239844
0.864377
0.099936
-0.910585
0.006361
-0.034685
-0.233107
0.437664
-0.357904
0.581510
0.352865
0.012112
-0.254350
-0.468881
0.129485
0.699854
0.082226
0.427663
-0.468107
-1.000000
0.074828
0.055148
0.143342
0.074379
0.095544
0.043375
0.201484
0.012852
0.046263
0.093616
0.012407
0.015056
0.028239
0.021966
0.005943
0.033951
0.022064
0.065624
0.022473
0.069591
0.034086
0.016475
0.036811
0.057050
0.032092
0.035390
0.028729
0.073078
0.183209
0.137187
0.204255
0.028459
0.032369
0.028763
0.015375
0.048692
0.009021
0.021355
0.069417
0.054671
0.047726
0.091392
0.038213
0.049386
0.055283
0.018219
0.050316
0.026766
0.013305
0.089379
0.025521
0.131740
0.030940
0.012303
0.107321
0.021469
0.090051
0.029870
0.023435
0.025984
0.168312
0.092674
0.086214
0.072457
0.082231
0.033940
0.437623
0.023558
0.079121
0.084481
0.078348
0.043660
0.126713
0.090069
0.105829
0.017197
0.048191
0.077816
0.097681
0.134556
0.029417
0.057736
0.095097
0.009290
0.020343
0.086364
0.046548
0.106649
0.117766
0.039614
0.130585
0.034527
0.017769
0.015849
0.041526
0.107900
0.015917
0.074139
0.056185
0.114458
0.024095
0.072028
0.018721
0.041870
0.027904
0.119518
0.034658
0.144853
0.042498
0.012961
0.027184
0.045034
0.112299
0.061085
0.028782
0.159115
0.058962
0.007773
0.063219
0.109658
0.032209
0.017933
0.039160
0.044324
0.048226
0.025093
0.053111
0.154688
0.025482
0.054198
0.027170
0.044528
0.031267
0.093509
0.018851
0.034480
0.028873
0.029113
0.070580
0.020826
0.210492
0.014520
0.040715
0.022384
0.110057
0.140237
0.112362
0.058487
0.036346
0.031364
0.070878
0.141098
0.071435
0.088368
0.123776
0.058246
0.046443
0.033276
0.076239
0.014191
0.092812
0.080689
0.039218
0.070648
0.063872
0.080859
0.069086
0.027112
0.010202
0.036299
0.234784
0.025248
0.014396
0.069996
0.041990
0.348231
0.074972
0.039721
0.031263
0.048583
0.099794
0.034484
0.014438
0.171819
0.061385
0.019265
0.056079
0.357235
0.093313
0.016906
0.107639
0.019594
0.034311
0.072936
0.018951
0.090598
0.056874
0.008920
0.335606
0.067044
0.025371
0.066441
0.014955
0.031533
0.052792
0.125973
0.052775
0.057796
0.009207
0.106031
0.037006
0.133736
0.010214
0.086777
0.021898
0.014465
0.033686
0.058078
0.040161
0.113628
0.056274
0.035740
0.051162
0.032395
0.365600
0.238910
0.145670
0.071476
0.025896
0.051521
0.022926
0.094823
0.082291
0.019337
0.077875
0.069125
0.081266
0.076844
0.088680
0.020655
0.027973
0.034185
0.063685
0.070305
0.199220
0.103321
0.080825
0.040406
0.086322
0.035581
0.135947
0.038386
0.091168
0.052629
0.098700
0.290294
0.063252
0.037854
0.091738
0.036385
0.029005
0.086911
0.038723
0.039024
0.064988
0.006668
0.031155
0.074895
0.068086
0.084003
0.216862
0.108451
0.019308
0.042575
0.034517
0.011470
0.037309
0.079919
0.149755
0.020537
0.019744
0.104724
0.111394
0.029138
0.021465
0.088237
0.172704
0.072669
0.047690
0.060013
0.019689
0.021926
0.186703
0.033614
0.031306
0.032942
0.024812
0.057044
0.078032
0.091921
0.092405
0.024821
0.068459
0.068796
0.033964
0.061819
0.346189
0.096811
0.330005
0.090856
0.011972
0.097764
0.134816
0.021872
0.025826
0.114480
0.151513
0.129468
0.006099
0.023554
0.129370
0.013696
0.108742
0.038404
0.026353
0.017320
0.345319
0.039261
0.056218
0.239759
0.016025
0.032496
0.012651
0.022103
0.010196
0.077113
0.021242
0.025679
0.077572
0.094243
0.060992
0.040133
0.112051
0.114294
0.175408
0.029155
0.045863
0.328860
0.161240
0.126455
0.038103
0.259369
0.024278
0.045279
0.048989
0.024665
0.036258
0.019632
0.054620
0.062264
0.033707
0.010864
0.056661
0.226491
0.089890
0.153340
0.068174
0.081306
0.023286
0.242408
0.111078
0.061938
0.052930
0.004971
0.082800
0.075351
0.063319
0.053751
0.068725
0.058534
0.058655
0.068595
0.047066
0.006561
0.011318
0.087822
0.014965
0.080842
0.128594
0.093260
0.357492
0.448781
0.063097
0.163828
0.019678
0.057449
0.083044
0.255317
0.042898
0.017491
0.053914
0.056146
0.108702
0.057533
0.019886
0.137241
0.094586
0.056735
0.019391
0.047679
0.012494
0.063290
0.029756
0.037804
0.050095
0.017378
0.037901
0.086283
0.064672
0.016110
0.007216
0.044858
0.027344
0.068033
0.083521
0.027227
0.077053
0.062014
0.024574
0.020792
0.080167
0.106357
0.218747
0.162608
0.054748
0.017149
0.045836
0.071748
0.065845
0.051780
0.085839
0.010181
0.074646
0.044599
0.011858
0.464899
0.077211
0.022578
0.056691
0.058448
0.073256
0.016700
0.068775
0.036978
0.020046
0.047153
0.065652
0.020285
0.029611
0.068649
0.028808
0.018591
0.051226
0.046728
0.024934
0.036756
0.210691
0.032836
0.048558
0.075167
0.064079
0.076884
0.022862
0.086147
0.039905
0.012902
0.073688
0.027872
0.047753
0.037947
0.055605
0.079767
0.013975
0.025571
0.018471
0.022586
0.070087
0.581279
0.105064
0.127403
0.053960
0.070957
0.026530
0.035532
0.036188
0.023535
0.034310
1.415584
0.019361
0.223628
0.016976
0.091173
0.039779
0.117834
0.070979
0.011909
0.043833
0.139105
0.044524
0.056144
0.016669
0.062981
0.040446
0.047921
0.026557
0.282740
0.082739
0.014439
0.139458
0.024719
0.041378
0.084888
0.063944
0.091075
0.046611
0.012720
0.122553
0.026829
0.013614
0.023152
0.058186
0.073747
0.175066
0.069408
0.055339
0.025212
0.023024
0.019019
0.056341
0.132924
0.029915
0.198581
0.432348
0.055223
0.030649
0.022746
0.035819
0.042697
0.081253
0.091955
0.068350
0.081245
0.054434
0.016409
0.017597
0.021253
0.125734
0.097864
0.144473
0.098099
0.034565
0.067241
0.041466
0.059866
0.011035
0.058160
0.074312
0.086119
0.022720
0.040075
0.125294
0.111970
0.059986
0.048774
0.167976
0.037910
0.139395
0.018135
0.063588
0.044135
0.024947
0.015289
0.089000
0.032446
0.061929
0.035742
0.052568
0.009694
0.013868
0.008036
0.036823
0.022656
0.050926
0.062270
0.046106
0.045480
0.125846
0.014272
0.045723
0.061037
0.035804
0.022161
0.060920
0.024167
0.009777
0.054660
0.057042
0.216894
0.060196
0.058028
0.130497
0.017725
0.026725
0.091798
0.036915
0.037594
0.037483
0.118234
0.126113
0.007320
0.078530
0.023631
0.075958
0.146920
0.015896
0.031933
0.061808
0.046978
0.082660
0.084925
0.018935
0.112961
0.052624
0.033104
0.022852
0.039448
0.051481
0.065582
0.048125
0.050955
0.022360
0.034593
0.035815
0.025714
0.091043
0.054541
0.019903
0.119962
0.047943
0.084116
0.036021
0.009712
0.028262
0.056380
0.041127
0.032244
0.107148
0.124338
0.012363
0.066413
0.067258
0.084127
0.024935
0.053158
0.069873
0.140765
0.041325
0.059927
0.038761
0.027433
0.081633
0.098339
0.145286
0.113199
0.032576
0.033017
0.032272
0.053074
0.141304
0.065735
0.018511
0.070414
0.150262
0.012299
0.076579
0.124650
0.074225
0.147161
0.016061
0.042947
0.048927
0.176822
0.082857
0.107030
0.104662
0.090202
0.085980
0.030228
0.041969
0.106173
0.018344
0.076134
0.142704
0.160958
0.048617
0.007567
0.020625
0.042816
0.017521
0.040918
0.005867
0.090497
0.063155
0.225398
0.049982
0.070383
0.083879
0.028359
0.032884
0.119478
0.036823
0.045379
0.034507
0.065214
0.157046
0.049702
0.034040
0.055553
0.041237
0.053884
0.066936
0.022102
0.010818
0.039779
0.099683
0.049475
0.026497
0.012325
0.039364
0.062480
0.024411
0.116772
0.019842
0.060926
0.031759
0.030574
0.065976
0.071294
0.025935
0.016321
0.024994
0.162644
0.044597
0.052199
0.050036
0.053271
0.018103
0.052853
0.052255
0.016835
0.016993
0.094117
0.057397
0.108754
0.171147
0.056287
0.271935
0.080394
0.026363
0.055765
0.151039
0.104492
0.068231
0.031207
0.021341
0.098945
0.053132
0.011362
0.269524
0.046390
0.080659
0.132792
0.011708
0.052621
0.028319
0.077377
0.031837
0.006738
0.045674
0.019085
0.086383
0.104061
0.130909
0.024082
0.050990
0.058449
0.099048
0.054202
0.054238
0.056064
0.080072
0.054081
0.040040
0.096184
0.131283
0.036768
0.274461
0.059291
0.056056
0.054841
0.087568
0.035467
0.022332
0.065870
0.048258
0.099677
0.046369
0.032521
0.052684
0.047041
0.027175
0.041899
0.064570
0.068492
0.127318
0.041260
0.031154
0.062264
0.140715
0.109544
0.043345
0.049541
0.040011
0.181791
0.009113
0.171140
0.049605
0.064537
0.008589
0.057977
0.130160
0.095183
0.049205
0.118871
0.043049
0.053916
0.062044
0.091450
0.127873
0.024854
0.091105
0.155793
0.064454
0.063061
0.061272
0.047492
0.043809
0.017859
0.018209
0.171085
0.015058
0.055343
0.080000
0.074390
0.178585
0.044629
0.040084
0.045783
0.064682
0.069192
0.139031
0.035455
0.053146
0.061122
0.045863
0.094441
0.024132
0.034682
0.111362
0.048308
0.042920
0.046101
0.024553
0.054078
0.028385
0.018724
0.121734
0.041809
0.059405
0.020970
0.030424
0.102849
0.061105
0.005396
0.031946
0.035353
0.064167
0.018589
0.033183
0.146981
0.025928
0.028223
0.006603
0.052638
0.017564
0.080151
0.103355
0.212489
0.015076
0.046352
0.127798
0.065752
0.081534
0.209194
0.040829
0.218937
0.024628
0.030531
0.071730
0.036767
0.060197
0.028964
0.010573
0.107246
0.078421
0.018500
0.146419
0.057366
0.021291
0.024832
0.054577
0.192151
0.051933
0.043576
0.081258
0.032025
0.094224
0.116665
0.066617
0.124441
0.064539
0.004781
0.017930
0.133687
0.026175
0.019670
0.028303
0.055038
0.023368
0.053270
0.094805
0.034912
0.064752
0.009487
0.060811
0.041632
0.075498
0.048657
0.192545
0.039663
0.116098
0.047203
0.024837
0.074140
0.073391
0.037607
0.148093
0.181979
0.031933
0.068842
0.053399
0.016256
0.037928
0.066361
0.051898
0.021539
0.102864
0.020734
0.046807
0.016393
0.014453
0.048961
0.037325
0.076439
0.070637
0.064336
0.318214
0.047234
0.039687
0.034521
0.149913
0.030933
0.076408
0.067900
0.059890
0.082456
0.082399
0.093232
0.038521
0.085505
0.025209
0.008368
0.195248
0.032899
0.052736
0.102250
0.039808
0.035707
0.204087
0.044066
0.006379
0.017586
0.064440
0.079974
0.010056
0.057983
0.036232
0.027230
0.026503
0.020424
0.029576
0.045666
0.073547
0.033213
0.068312
0.038200
0.025029
0.067740
0.108069
0.151763
0.060146
0.028432
0.017436
0.028202
0.070072
0.050909
0.049858
0.028761
0.105060
0.036586
0.080684
0.114569
0.021496
0.059397
0.033382
0.058572
0.016145
0.045088
0.078971
0.026284
0.074641
0.016842
0.022436
0.016761
0.036521
0.012080
0.022358
0.049317
0.090989
0.038911
0.025720
0.097076
0.075469
0.115629
0.286134
0.029366
0.050529
0.016848
0.021188
0.037056
0.105913
0.067466
0.045798
0.072122
0.136025
0.084146
0.026656
0.132385
0.115948
0.051329
0.048346
0.062314
0.055847
0.066532
0.173969
0.220250
0.077208
0.062340
0.018843
0.057415
0.020639
0.109032
0.030458
0.030939
0.051347
0.186734
0.010015
0.024453
0.018271
0.119890
0.111100
0.017519
0.080834
0.022047
0.034040
0.127432
0.128795
0.072440
0.062211
0.014650
0.017723
0.008735
0.020114
0.098133
0.033486
0.096991
0.058336
0.084142
0.099492
0.077503
0.094262
0.119818
0.049230
0.056276
0.021647
0.028570
0.020007
0.061338
0.060777
0.134023
0.118519
0.029785
0.050187
0.011135
0.035042
0.024266
0.062942
0.051830
0.030924
0.029872
0.035249
0.031944
0.012458
0.041549
0.036988
0.038652
0.017465
0.085705
0.042455
0.176343
0.038975
0.059812
0.128968
0.138376
0.295704
0.069331
0.064188
0.072364
0.033313
0.129171
0.015937
0.095847
0.142562
0.080666
0.090644
0.061967
0.076604
0.027832
0.079513
0.352174
0.107340
0.153488
0.155875
0.033546
0.022879
0.007560
0.033451
0.058941
0.068818
0.013929
0.072807
0.050625
0.011513
0.173575
0.019841
0.079247
0.034613
0.148412
0.013938
0.132186
0.038823
0.088289
0.017725
0.056600
0.039020
0.029487
0.026532
0.037674
0.090149
0.019701
0.012675
0.052131
0.087095
0.039793
0.023208
0.029155
0.023534
0.044976
0.200391
0.023019
0.018269
0.128623
0.115113
0.011685
0.030506
0.056235
0.032497
0.055638
0.139277
0.073139
0.021701
0.103122
0.021780
0.105994
0.156063
0.109729
0.010454
0.049296
0.032052
0.090059
0.014598
0.102669
0.130285
0.114388
0.075114
0.162456
0.055049
0.023972
0.094945
0.140701
0.091639
0.047736
0.334801
0.152954
0.037155
0.055782
0.059434
0.262862
0.039163
0.096584
0.035188
0.055069
0.006995
0.033990
0.061140
0.045855
0.032156
0.021484
0.046704
0.116067
0.029067
0.034959
0.127460
0.061559
0.043993
0.042823
0.032431
0.016509
0.023356
0.380118
0.040526
0.033587
0.306477
0.050413
0.046080
0.062480
0.027443
0.084602
0.142767
0.030617
0.026193
0.034802
0.244817
0.075031
0.067789
0.092771
0.037641
0.045287
0.103122
0.039824
0.040271
0.094288
0.058594
0.063226
0.055897
0.029444
0.025528
0.064312
0.043491
0.089782
0.141140
0.055399
0.059341
0.027046
0.018466
0.107407
0.052285
0.157967
0.063930
0.030420
0.037091
0.048864
0.065964
0.028528
0.025245
0.087986
0.100303
0.040277
0.164887
0.038940
0.118222
0.092948
0.037865
0.065559
0.162326
0.095083
0.100386
0.014147
0.019570
0.048324
0.022174
0.032540
0.107626
0.032004
0.043654
0.049669
0.049696
0.092314
0.054614
0.167563
0.072877
0.030489
0.070116
0.254368
0.064411
0.058539
0.187367
0.035616
0.063674
0.049565
0.013993
0.046786
0.014354
0.060982
0.023980
0.028314
0.055643
0.051199
0.080836
0.022717
0.008473
0.168277
0.016475
0.037064
0.019292
0.044663
0.005349
0.015106
0.029208
0.306440
0.027209
0.046530
0.063419
0.068325
0.014500
0.097786
0.266132
0.038859
0.017709
0.138392
0.020379
0.121205
0.023875
0.088195
0.013829
0.016707
0.057946
0.033832
0.067588
0.072650
0.111247
0.040489
0.028419
0.039457
0.081963
0.044605
0.041520
0.094627
0.054716
0.026609
0.024444
0.075162
0.027443
0.022846
0.024169
0.032528
0.086394
0.041239
0.081213
0.052784
0.095297
0.181639
0.065905
0.117731
0.079693
0.070378
0.096249
0.152642
0.181503
0.143590
0.033183
0.089503
0.060135
0.064247
0.040444
0.011658
0.054109
0.037397
0.078937
0.097908
0.139530
0.038913
0.057258
0.009837
0.021619
0.195435
0.184339
0.054609
0.048440
0.086114
0.018612
0.044058
0.106266
0.026897
0.064778
0.041255
0.078110
0.129654
0.173830
0.111311
0.022378
0.090608
0.019957
0.010838
0.090771
0.121491
0.039678
0.003629
0.015104
0.139788
0.029821
0.006809
0.079517
0.032423
0.032873
0.013811
0.072235
0.019112
0.020916
0.022813
0.031518
0.039039
0.029387
0.007275
0.045667
0.079180
0.107160
0.139331
0.063939
0.018544
0.020315
0.012205
0.110651
0.015654
0.037208
0.076736
0.147010
0.010681
0.039238
0.040067
0.014183
0.076749
0.026276
0.027263
0.060465
0.026610
0.168468
0.040874
0.022248
0.071727
0.052436
0.113833
0.039064
0.036328
0.250799
0.021351
0.033419
0.049460
0.035025
0.043454
0.036025
0.041711
0.063485
0.042750
0.109712
0.103944
0.050148
0.060113
0.084456
0.075519
0.107406
0.088001
0.069212
0.115506
0.012696
0.018694
0.029357
0.055595
0.030342
0.025273
0.079000
0.030810
0.036319
0.101637
0.019142
0.058745
0.057489
0.082076
0.112805
0.024994
0.049836
0.146297
0.059098
0.096322
0.007879
0.025050
0.030896
0.037561
0.067537
0.036766
0.038157
0.086546
0.014012
0.103928
0.029939
0.090617
0.071531
0.060673
0.048421
0.029907
0.089032
0.023365
0.119199
0.014616
0.025186
0.017655
0.077175
0.598999
0.036646
0.075651
0.027579
0.042430
0.042052
0.066369
0.019373
0.057233
0.019771
0.125459
0.012021
0.049833
0.160719
0.032164
0.035673
0.070705
0.046205
0.383759
0.036887
0.045619
0.036887
0.020958
0.048034
0.022401
0.139174
0.009421
0.041984
0.078464
0.031871
0.018420
0.020018
0.062791
0.094346
0.133603
0.096863
0.064350
0.046316
0.098663
0.011216
0.114621
0.088053
0.164877
0.070683
0.067137
0.091284
0.013770
0.098153
0.143489
0.065022
0.211482
0.019177
0.014575
0.011662
0.104768
0.056595
0.021497
0.057906
0.024892
0.059256
0.100909
0.074152
0.039912
0.100093
0.078061
0.029693
0.113497
0.007640
0.013565
0.149419
0.078498
0.068618
0.152960
0.177797
0.020041
0.025610
0.363920
0.043321
0.034195
0.162418
0.023728
0.025383
0.021286
0.063952
0.339691
0.053246
0.042461
0.041168
0.033287
0.097228
0.066460
0.126717
0.035371
0.018559
0.029578
0.049456
0.021832
0.141481
0.049447
0.087746
0.117226
0.197506
0.078080
0.044442
0.045641
0.058058
0.057151
0.026784
0.058103
0.016332
0.052777
0.060197
0.029466
0.063848
0.028346
0.086680
0.107903
0.020739
0.033756
0.009176
0.167940
0.044650
0.039468
0.074437
0.059175
0.099545
0.038470
0.104809
0.174637
0.072812
0.030649
0.038481
0.012795
0.124542
0.039635
0.166269
0.038620
0.118921
0.006736
0.006721
0.067849
0.012886
0.045905
0.035965
0.073130
0.077770
0.028738
0.055753
0.054014
0.027206
0.013839
0.050323
0.046164
0.094087
0.059715
0.022465
0.052583
0.039291
0.053491
0.069553
0.024823
0.165886
0.099154
0.012157
0.067712
0.109820
0.018948
0.042402
0.012585
0.121067
0.095553
0.044448
0.111665
0.032967
0.038220
0.108919
0.165255
0.023136
0.107993
0.072329
0.049572
0.017780
0.051807
0.096141
0.129898
0.016823
0.143423
0.016750
0.123387
0.038463
0.216728
0.116658
0.069353
0.038022
0.046873
0.023162
0.045089
0.062055
0.021276
0.035750
0.008796
0.053993
0.084558
0.118975
0.102298
0.027262
0.013933
0.081672
0.111875
0.127135
0.056410
0.096073
0.024963
0.098034
0.070569
0.140044
0.034463
0.031957
0.065762
0.047661
0.043877
0.021154
0.054113
0.159584
0.076627
0.038061
0.078402
0.069136
0.078308
0.050154
0.219058
0.047915
0.194193
0.039624
0.161222
0.060363
0.073790
0.086794
0.159165
0.048003
0.072717
0.011092
0.014002
0.047048
0.015432
0.169814
0.021867
0.090293
0.071646
0.014170
0.027566
0.065892
0.072034
0.067752
0.058345
0.087578
0.066306
0.024337
0.053912
0.083352
0.100027
0.092776
0.022649
0.101504
0.140867
0.016140
0.022013
0.053884
0.024351
0.060731
0.018169
0.027629
0.074585
0.157801
0.258972
0.072330
0.030438
0.043231
0.087053
0.087558
0.044467
0.057812
0.036279
0.034424
0.095450
0.003932
0.042562
0.020183
0.108169
0.023459
0.098637
0.020686
0.045649
0.019692
0.093117
0.030374
0.080795
0.035506
0.027553
0.031916
0.062026
0.033353
0.018701
0.015055
0.012129
0.119004
0.166068
0.103797
0.067781
0.018944
0.125589
0.060863
0.014011
0.056643
0.102797
0.038431
0.177818
0.029124
0.062782
0.024716
0.047104
0.187081
0.025907
0.066259
0.105063
0.101271
0.100068
0.037799
0.027924
0.074405
0.026480
0.092971
0.116105
0.201130
0.041922
0.020933
0.011165
0.048421
0.022231
0.040217
0.056396
0.089346
0.130834
0.031006
0.071405
0.043197
0.045894
0.061351
0.031430
0.058217
0.068184
0.223637
0.028042
0.042519
0.067698
0.013563
0.053341
0.134475
0.086748
0.055543
0.038006
0.238368
0.101347
0.022816
0.068631
0.037141
0.028498
0.069022
0.140691
0.021833
0.014111
0.054209
0.044764
0.057140
0.031662
0.040570
0.026364
0.069761
0.063426
0.058131
0.053508
0.019586
0.043943
0.091163
0.024224
0.049732
0.008019
0.254088
0.019641
0.082495
0.072227
0.027492
0.039017
0.041164
0.040299
0.074636
0.051523
0.038054
0.051856
0.085949
0.043095
0.108627
0.019735
0.056582
0.028957
0.027578
0.055004
0.022588
0.066751
0.052371
0.009018
0.121647
0.013343
0.043973
0.006204
0.058320
0.016809
0.057545
0.083509
0.007790
0.068721
0.080581
0.065846
0.004510
0.020085
0.036811
0.023188
0.234779
0.013301
0.064485
0.009022
0.177716
0.082771
0.057856
0.071359
0.051457
0.057188
0.101258
0.117680
0.087543
0.042390
0.018953
0.031989
0.055624
0.181275
0.020120
0.070108
0.030683
0.056144
0.127273
0.054999
0.055962
0.076030
0.043746
0.191071
0.187209
0.063691
0.043588
0.025607
0.049583
0.045442
0.018634
0.068019
0.128155
0.002989
0.020552
0.033166
0.060263
0.039824
0.064754
0.008314
0.039980
0.088137
0.127208
0.123975
0.045934
0.016836
0.083803
0.213025
0.033249
0.110667
0.031190
0.083892
0.110059
0.162045
0.021341
0.052144
0.091224
0.018275
0.024054
0.474641
0.035193
0.061274
0.105155
0.033451
0.078935
0.060464
0.047864
0.061033
0.081162
0.059838
0.092312
0.039216
0.052396
0.110360
0.115236
0.091421
0.045802
0.038071
0.081339
0.036755
0.245145
0.046401
0.052624
0.062418
0.026104
0.039948
0.107856
0.143686
0.129099
0.088283
0.068033
0.036134
0.032915
0.047265
0.056860
0.189324
0.011145
0.033156
0.027447
0.032175
0.033451
0.005367
0.047383
0.076991
0.027589
0.029139
0.039694
0.147387
0.048943
0.131068
0.064446
0.039954
0.008381
0.073508
0.128148
0.045051
0.347446
0.034583
0.054638
0.015986
0.083968
0.065421
0.039310
0.053888
0.021069
0.045950
0.071198
0.030743
0.029360
0.073377
0.007570
0.025930
0.007005
0.034584
0.013921
0.104699
0.011583
0.047017
0.059322
0.017042
0.019427
0.017165
0.019986
0.039585
0.081054
0.113031
0.106267
0.005868
0.011897
0.021858
0.052896
0.030176
0.074076
0.016495
0.095271
0.085596
0.064392
0.011545
0.031712
0.052721
0.029152
0.064729
0.062594
0.025208
0.020442
0.113483
0.028870
0.070204
0.034951
0.047388
0.010813
0.492135
0.059632
0.044132
0.019516
0.025895
0.112617
0.056886
0.039301
0.048880
0.049273
0.091896
0.145466
0.017792
0.147054
0.096560
0.072344
0.035620
0.059584
0.027306
0.130626
0.041112
0.016351
0.024896
0.048061
0.155764
0.022809
0.157007
0.051695
0.070078
0.097915
0.042952
0.138971
0.039394
0.112958
0.034786
0.111792
0.076635
0.163469
0.033315
0.030164
0.011934
0.165563
0.042032
0.027017
0.049443
0.082348
0.019173
0.031376
0.161358
0.033379
0.075330
0.069920
0.042172
0.031504
0.104065
0.020696
0.127998
0.036443
0.056659
0.027549
0.155895
0.242908
0.032758
0.031256
0.056236
0.088106
0.070966
0.013291
0.021778
0.125975
0.028555
0.130520
0.034330
0.073361
0.072425
0.079435
0.048931
0.091340
0.022626
0.027160
0.009823
0.083760
0.103226
0.024205
0.068671
0.028806
0.026279
0.024721
0.238009
0.098636
0.012474
0.114943
0.041285
0.035909
0.066651
0.086755
0.044330
0.039509
0.027638
0.042331
0.032311
0.019057
0.083750
0.039795
0.025122
0.008991
0.068719
0.331269
0.026812
0.099520
0.024699
0.025124
0.124206
0.038295
0.083323
0.040893
0.058643
0.276423
0.058090
0.039059
0.084555
0.136892
0.035457
0.071028
0.047425
0.085682
0.018271
0.106341
0.036957
0.034755
0.127442
0.062568
0.024092
0.027301
0.015419
0.028627
0.047621
0.050559
0.146474
0.045563
0.085467
0.092076
0.014671
0.008284
0.167941
0.025935
0.112759
0.078236
0.033674
0.043512
0.035923
0.090571
0.072047
0.044257
0.042476
0.046833
0.411627
0.058627
0.155756
0.019941
0.021111
0.043421
0.045470
0.064687
0.051123
0.025463
0.028878
0.256733
0.044141
0.075873
0.017817
0.024858
0.076708
0.006904
0.051770
0.098411
0.056346
0.067170
0.053945
0.093376
0.090829
0.054292
0.015648
0.043511
0.063540
0.084548
0.011658
0.084063
0.022646
0.090873
0.077950
0.069303
0.034544
0.052112
0.020690
0.077434
0.108872
0.054497
0.183015
0.040273
0.091769
0.043305
0.039005
0.042939
0.027195
0.029032
0.006372
0.073760
0.099077
0.098960
0.045337
0.023589
0.081462
0.046283
0.056588
0.017185
0.055864
0.111457
0.040756
0.185630
0.045301
0.050603
0.012000
0.223640
0.047877
0.021631
0.030795
0.068926
0.022044
0.070657
0.024331
0.105173
0.030164
0.041668
0.063784
0.052675
0.027376
0.047756
0.121619
0.066794
0.438634
0.034895
0.054206
0.057006
0.170371
0.059515
0.047975
0.101416
0.035210
0.131644
0.017487
0.099520
0.029424
0.127610
0.021221
0.132645
0.069070
0.060771
0.052178
0.026082
0.014500
0.080129
0.008177
0.004724
0.227216
0.050831
0.037710
0.019027
0.018748
0.014199
0.048145
0.072395
0.026175
0.068313
0.012832
0.183357
0.060041
0.138678
0.031152
0.098326
0.020997
0.034560
0.207000
0.075444
0.106175
0.096242
0.007381
0.096557
0.103725
0.039524
0.310038
0.107936
0.361835
0.010792
0.012769
0.028159
0.090015
0.047461
0.008868
0.053834
0.508208
0.014730
0.049707
0.005254
0.032863
0.037175
0.204860
0.090219
0.158898
0.016326
0.035777
0.086914
0.049181
0.066936
0.120836
0.017264
0.039337
0.020072
0.068154
0.092352
0.178391
0.343499
0.035057
0.025080
0.025484
0.036196
0.059869
0.188129
0.085837
0.031552
0.031518
0.025888
0.050538
0.152557
0.087731
0.045433
0.139532
0.057240
0.120413
0.094759
0.150619
0.134096
0.129188
0.129122
0.068686
0.037608
0.023537
0.080872
0.036119
0.028163
0.084634
0.053745
0.164575
0.009876
0.088246
0.081216
0.051817
0.059552
0.196796
0.056111
0.084035
0.041831
0.137275
0.068835
0.054480
0.096645
0.166465
0.074141
0.064631
0.127564
0.037445
0.007782
0.010776
0.026983
0.017786
0.150792
0.028411
0.073286
0.068609
0.042634
0.022593
0.043606
0.057012
0.049278
0.029763
0.152457
0.207286
0.014585
0.074124
0.017144
0.070211
0.075078
0.025968
0.028252
0.030959
0.026559
0.053247
0.042182
0.051165
0.050078
0.021778
0.073543
0.136701
0.029875
0.020587
0.103175
0.164717
0.015897
0.025249
0.179533
0.025204
0.036307
0.081933
0.004479
0.020766
0.024354
0.081502
0.040755
0.047206
0.036107
0.280306
0.028419
0.026722
0.170799
0.053419
0.064686
0.049578
0.185564
0.028926
0.061684
0.059888
0.026533
0.040228
0.069073
0.044420
0.006567
0.175522
0.034907
0.088990
0.071323
0.025958
0.047091
0.071746
0.051684
0.085102
0.090973
0.074377
0.042880
0.388186
0.039043
0.034256
0.285127
0.036062
0.068357
0.047972
0.182807
0.023774
0.028063
0.037977
0.099402
0.024910
0.045688
0.091179
0.093775
0.076846
0.086426
0.029555
0.034663
0.035781
0.089324
0.040976
0.241430
0.056670
0.073841
0.020763
0.042528
0.029187
0.064369
0.010331
0.090849
0.042342
0.095136
0.129311
0.039962
0.059524
0.057564
0.071656
0.023330
0.021698
0.071865
0.049852
0.101369
0.071883
0.023049
0.069817
0.043756
0.037689
0.076792
0.161580
0.020332
0.131533
0.082304
0.112363
0.028559
0.204287
0.023585
0.071680
0.088846
0.067575
0.025478
0.098816
0.030017
0.101848
0.028211
0.079654
0.172295
0.068880
0.061175
0.030051
0.026755
0.044673
0.018431
0.036249
0.041279
0.041740
0.051670
0.021759
0.082971
0.042953
0.074901
0.053232
0.030894
0.056146
0.028663
0.109166
0.025731
0.037908
0.045348
0.011002
0.080349
0.037504
0.028672
0.090463
0.011111
0.199416
0.060357
0.052034
0.067427
0.059057
0.030466
0.076850
0.168314
0.040978
0.071347
0.141094
0.028932
0.171081
0.210245
0.029201
0.091655
0.073177
0.054869
0.051824
0.073947
0.016964
0.032162
0.083666
0.056522
0.031120
0.086684
0.022858
0.040899
0.043344
0.016504
0.075373
0.047989
0.016346
0.335380
0.063264
0.026226
0.073192
0.017804
0.179595
0.085690
0.141299
0.024917
0.077097
0.088971
0.044099
0.058945
0.159328
0.079527
0.034781
0.055345
0.033519
0.015449
0.036381
0.072395
0.081027
0.041357
0.081453
0.106838
0.154916
0.072895
0.038945
0.025197
0.012481
0.045165
0.038793
0.090599
0.087425
0.113549
0.146148
0.226648
0.180553
0.127656
0.070108
0.038657
0.118347
0.017259
0.024860
0.139380
0.047836
0.233610
0.048542
0.025259
0.009553
0.187600
0.033644
0.162123
0.018041
0.033859
0.135870
0.052105
0.121738
0.026406
0.032283
0.047149
0.131043
0.033959
0.032070
0.174829
0.113838
0.016884
0.019763
0.241221
0.024726
0.071201
0.091364
0.033872
0.089794
0.023202
0.088809
0.043584
0.161315
0.037146
0.015222
0.027541
0.053223
0.020132
0.088782
0.079658
0.044440
0.062735
0.018366
0.061327
0.156546
0.061241
0.057603
0.059269
0.166522
0.049070
0.054795
0.120919
0.035105
0.036559
0.055167
0.026150
0.042296
0.033949
0.056921
0.082861
0.030080
0.337873
0.033648
0.136314
0.135864
0.025349
0.056877
0.158282
0.032737
0.065698
0.104454
0.037733
0.037791
0.024847
0.104415
0.027958
0.034979
0.087759
0.016841
0.014337
0.065696
0.198456
0.019442
0.062307
0.026672
0.035216
0.182255
0.011667
0.020054
0.103535
0.038455
0.189243
0.010557
0.293166
0.086541
0.113529
0.393193
0.023554
0.205500
0.035595
0.073134
0.107315
0.105933
0.052004
0.041503
0.058717
0.068001
0.027754
0.016043
0.016591
0.089317
0.035669
0.041353
0.081611
0.043257
0.019706
0.421586
0.027727
0.051033
0.149287
0.184894
0.036575
0.064122
0.083277
0.050621
0.093217
0.051256
0.080504
0.075631
0.155889
0.049811
0.049588
0.014559
0.069863
0.054879
0.015804
0.147305
0.046807
0.096369
0.017321
0.065649
0.136481
0.041356
0.008672
0.122254
0.017229
0.027315
0.020774
0.034872
0.013139
0.129394
0.034107
0.295907
0.022148
0.009901
0.012306
0.040380
0.102982
0.020100
0.183738
0.062465
0.104235
0.064045
0.043769
0.026727
0.013256
0.054542
0.128804
0.095275
0.089258
0.058490
0.277826
0.029852
0.013664
0.026569
0.113396
0.058100
0.103958
0.053136
0.016240
0.056567
0.030821
0.060843
0.155382
0.077336
0.025267
0.106218
0.048867
0.008065
0.065680
0.066349
0.143739
0.055695
0.133065
0.013947
0.052582
0.076555
0.016760
0.025612
0.045289
0.030241
0.032717
0.097043
0.093253
0.035921
0.015672
0.011266
0.040130
0.093268
0.045362
0.045007
0.034342
0.018195
0.053323
0.025611
0.016018
0.045692
0.035420
0.031408
0.051273
0.150849
0.034397
0.027268
0.042983
0.046498
0.046111
0.103914
0.052902
0.029563
0.032848
0.151752
0.074222
0.347647
0.062853
0.080961
0.043310
0.184813
0.052689
0.104966
0.059478
0.020312
0.059111
0.022717
0.017236
0.047421
0.019549
0.011281
0.017982
0.102052
0.007690
0.040344
0.076688
0.044509
0.030541
0.028595
0.014650
0.100611
0.078938
0.043968
0.036526
0.008082
0.074900
0.066360
0.025665
0.343958
0.117148
0.044791
0.032672
0.018327
0.078141
0.040366
0.017324
0.429412
0.190303
0.107583
0.044649
0.059367
0.087754
0.020206
0.052691
0.192481
0.054478
0.024892
0.113524
0.149387
0.067890
0.076873
0.027485
0.125018
0.033944
0.059900
0.027161
0.149854
0.123543
0.039438
0.041330
0.070685
0.237353
0.113350
0.040145
0.058841
0.066070
0.008911
0.050027
0.096849
0.013629
0.078714
0.066836
0.083242
0.117942
0.019572
0.011209
0.044459
0.172463
0.047282
0.045177
0.055323
0.012553
0.068124
0.027017
0.023248
0.320830
0.099783
0.014886
0.037801
0.048628
0.007303
0.034614
0.011786
0.069960
0.017838
0.131613
0.015925
0.115880
0.058938
0.039235
0.049375
0.013889
0.060905
0.058642
0.029245
0.027176
0.028538
0.025887
0.069265
0.104712
0.033132
0.063992
0.142970
0.015757
0.159859
0.015774
0.077165
0.029631
0.219966
0.006501
0.026998
0.079030
0.036775
0.088489
0.127092
0.036037
0.027813
0.023385
0.049030
0.086554
0.033194
0.067755
0.055323
0.044387
0.019698
0.064169
0.094471
0.038986
0.012567
0.021283
0.038575
0.175441
0.034237
0.078133
0.092474
0.031128
0.024040
0.043298
0.011444
0.104704
0.051160
0.072717
0.020952
0.057129
0.028127
0.106954
0.017336
0.128018
0.006848
0.022814
0.025922
0.059902
0.036752
0.015235
0.092035
0.079769
0.107852
0.295197
0.015478
0.040687
0.166455
0.096281
0.014111
0.057436
0.007721
0.062780
0.056183
0.035161
0.073500
0.038528
0.029715
0.029051
0.034059
0.015039
0.085205
0.391293
0.120469
0.105601
0.062904
0.032136
0.031002
0.116811
0.054564
0.091868
0.017630
0.125651
0.026156
0.030065
0.091568
0.034600
0.041613
0.047419
0.056626
0.069293
0.093904
0.097880
0.043924
0.093613
0.132238
0.093485
0.075233
0.023549
0.078958
0.049379
0.040738
0.052234
0.070556
0.021296
0.009695
0.064712
0.065964
0.084998
0.068404
0.031793
0.022442
0.076086
0.042105
0.061230
0.028779
0.044329
0.169196
0.047070
0.013946
0.020915
0.081775
0.094119
0.050643
0.106690
0.199145
0.051301
0.046687
0.089499
0.044048
0.033102
0.019626
0.040840
0.018382
0.091726
0.070536
0.302951
0.069857
0.010364
0.029423
0.064576
0.032050
0.027409
0.243408
0.164987
0.047171
0.031614
0.021997
0.015967
0.032781
0.080960
0.033053
0.014816
0.056206
0.020238
0.016110
0.090624
0.021892
0.185437
0.021298
0.363196
0.053124
0.013691
0.026067
0.169237
0.014823
0.057139
0.049286
0.023784
0.041911
0.194374
0.062323
0.062380
0.022490
0.045178
0.123770
0.053362
0.041406
0.051278
0.033742
0.078585
0.143265
0.023837
0.076516
0.053971
0.076485
0.077169
0.028835
0.028173
0.223355
0.145062
0.032259
0.030303
0.106555
0.096029
0.019600
0.019598
0.013062
0.063290
0.044407
0.111378
0.040623
0.020028
0.041004
0.060017
0.074574
0.032606
0.087030
0.012780
0.148327
0.068236
0.013646
0.054730
0.065114
0.034382
0.161701
0.032757
0.044832
0.099774
0.069295
0.106683
0.021677
0.108081
0.038569
0.103810
0.074705
0.039895
0.046189
0.012868
0.047421
0.044897
0.022799
0.032024
0.047714
0.046223
0.029825
0.036617
0.013927
0.034762
0.144629
0.064655
0.069341
0.070811
0.124766
0.096064
0.229198
0.063009
0.032195
0.195599
0.169015
0.023240
0.048379
0.076543
0.037060
0.025825
0.133082
0.060006
0.071415
0.124120
0.106250
0.130130
0.038300
0.032949
0.025747
0.047339
0.078974
0.049040
0.024621
0.045033
0.059221
0.114692
0.146786
0.021493
0.071355
0.060470
0.071996
0.084211
0.041324
0.056184
0.116663
0.031903
0.034896
0.050911
0.031923
0.103542
0.039245
0.061653
0.013876
0.102855
0.071011
0.026633
0.086798
0.036150
0.017765
0.047462
0.071722
0.012437
0.023575
0.029630
0.140324
0.181556
0.257959
0.012027
0.016083
0.029981
0.166347
0.081288
0.050158
0.024183
0.089708
0.009248
0.212046
0.149891
0.782865
0.066936
0.037393
0.072711
0.073898
0.080618
0.058719
0.067207
0.046202
0.030060
0.043380
0.245610
0.146505
0.115018
0.035102
0.065384
0.068530
0.040297
0.116989
0.027009
0.040434
0.124909
0.074806
0.022015
0.038544
0.013603
0.051380
0.043684
0.081263
0.017056
0.020980
0.107193
0.047888
0.117283
0.032356
0.090446
0.132833
0.016864
0.057080
0.029285
0.035469
0.094575
0.056569
0.036731
0.053877
0.050743
0.046615
0.020424
0.033040
0.026549
0.012796
0.041593
0.032858
0.075220
0.008511
0.065247
0.044843
0.019920
0.010210
0.066845
0.042106
0.084047
0.067217
0.023157
0.142740
0.116636
0.076807
0.046187
0.048468
0.222809
0.085789
0.030504
0.150581
0.060185
0.051976
0.073618
0.108311
0.042143
0.047586
0.185747
0.044529
0.007954
0.054324
0.060883
0.071685
0.045183
0.100739
0.023489
0.007294
0.029944
0.111806
0.022975
0.037953
0.036487
0.012887
0.044400
0.044857
0.184867
0.038040
0.019171
0.020872
0.045896
0.018683
0.042985
0.018049
0.027435
0.035708
0.026920
0.035125
0.057498
0.038309
0.029524
0.037579
0.071854
0.028066
0.070771
0.034006
0.059762
0.039004
0.117540
0.067448
0.115461
0.283202
0.018043
0.100398
0.094663
0.032763
0.034470
0.034877
0.020679
0.058694
0.031520
0.113015
0.035848
0.093507
0.015376
0.020678
0.039111
0.049337
0.029808
0.026557
0.018305
0.048119
0.310645
0.055599
0.078023
0.027565
0.071127
0.072251
0.108658
0.031267
0.037315
0.034846
0.086084
0.081640
0.083349
0.142236
0.066158
0.051815
0.034540
0.027508
0.047490
0.075778
0.031115
0.068487
0.034240
0.107612
0.056461
0.099181
0.030794
0.067728
0.062192
0.041178
0.030885
0.062773
0.138533
0.022737
0.037504
0.116660
0.035981
0.148104
0.015170
0.026317
0.043877
0.009239
0.085275
0.026301
0.040847
0.017384
0.049387
0.092788
0.057125
0.013494
0.020614
0.137921
0.065994
0.068619
0.092636
0.084908
0.027987
0.055869
0.029750
0.027424
0.061119
0.074237
0.087254
0.072850
0.032823
0.040715
0.090557
0.023333
0.037696
0.056315
0.014620
0.147022
0.046248
0.055027
0.059050
0.012643
0.225606
0.081723
0.148364
0.021093
0.140182
0.054616
0.047378
0.028977
0.124922
0.048323
0.024404
0.039315
0.053243
0.046365
0.043510
0.061923
0.095693
0.098304
0.047318
0.092717
0.045960
0.145414
0.009295
0.165505
0.018020
0.037797
0.255830
0.047009
0.080796
0.042311
0.034694
0.205655
0.046069
0.069157
0.045532
0.033267
0.054284
0.063264
0.056019
0.114586
0.033366
0.027813
0.052036
0.041824
0.128532
0.014959
0.028264
0.018438
0.018471
0.053618
0.066007
0.012213
0.119027
0.131281
0.082954
0.115158
0.030506
0.030145
0.016701
0.020219
0.027846
0.098609
0.096077
0.061025
0.024599
0.020415
0.042488
0.034610
0.033404
0.007851
0.009722
0.056151
0.029048
0.030598
0.026770
0.028589
0.029085
0.054029
0.427563
0.051879
0.034766
0.046520
0.034043
0.053416
0.042350
0.610892
0.022360
0.095813
0.051721
0.138732
0.067822
0.076581
0.015568
0.039771
0.050845
0.118218
0.060299
0.058432
0.037236
0.046106
0.057678
0.042619
0.107333
0.050613
0.084553
0.014404
0.113832
0.059635
0.074952
0.105985
0.062973
0.098914
0.022366
0.026644
0.058801
0.148685
0.093340
0.055173
0.210250
0.243983
0.059100
0.082937
0.048234
0.069299
0.078273
0.040146
0.162689
0.222907
0.069825
0.092035
0.112192
0.075555
0.033179
0.142540
0.009321
0.026539
0.042218
0.093699
0.041867
0.058219
0.017600
0.090033
0.039579
0.051819
0.182556
0.039731
0.196605
0.017029
0.168100
0.045232
0.019943
0.046909
0.015942
0.016131
0.049673
0.043612
0.052678
0.048829
0.105042
0.022352
0.072319
0.026385
0.036592
0.047338
0.068438
0.048190
0.036519
0.214160
0.093879
0.255722
0.018578
0.213627
0.033933
0.013724
0.090850
0.076012
0.229657
0.178400
0.113694
0.130779
0.117897
0.209825
0.035809
0.040771
0.032639
0.109458
0.096611
0.078611
0.022409
0.038200
0.102641
0.248651
0.111405
0.033929
0.031384
0.020261
0.051548
0.231044
0.082509
0.040469
0.684946
0.090153
0.033927
0.035982
0.047277
0.234606
0.072462
0.031433
0.154129
0.014541
0.036843
0.060713
0.433478
0.009172
0.106024
0.058746
0.057432
0.026114
0.068925
0.039288
0.207423
0.021969
0.022047
0.087354
0.060275
0.190266
0.086824
0.035811
0.071536
0.271632
0.049214
0.083767
0.040346
0.020431
0.101284
0.039197
0.017078
0.036491
0.090281
0.075743
0.052576
0.050053
0.181719
0.019339
0.103762
0.026008
0.059506
0.022447
0.029146
0.152089
0.059552
0.044242
0.059310
0.087475
0.024800
0.099335
0.052465
0.021909
0.065962
0.109241
0.030410
0.101297
0.070103
0.057050
0.082114
0.049880
0.096045
0.023655
0.043687
0.020423
0.105749
0.048799
0.068936
0.017058
0.021933
0.054962
0.101347
0.034228
0.052216
0.572065
0.232227
0.054248
0.054034
0.046889
0.018940
0.032597
0.156863
0.071073
0.049102
0.054823
0.010061
0.078522
0.014522
0.005345
0.073303
0.033612
0.060936
0.078280
0.041686
0.060544
0.055639
0.056710
0.085674
0.080282
0.109965
0.069332
0.162623
0.018305
0.091106
0.024874
0.017676
0.034763
0.010464
0.128632
0.046490
0.020016
0.093321
0.031035
0.229715
0.048726
0.127742
0.042177
0.070390
0.125371
0.148619
0.029496
0.053751
0.137373
0.059279
0.015218
0.082294
0.019068
0.065051
0.061316
0.132189
0.052276
0.028525
0.193627
0.039390
0.021423
0.037854
0.020730
0.040078
0.108441
0.049133
0.078053
0.054571
0.126680
0.036893
0.068441
0.087672
0.055384
0.012834
0.012479
0.048001
0.017624
0.103119
0.094275
0.058126
0.209032
0.073817
0.107155
0.035336
0.036523
0.021256
0.028322
0.307186
0.007764
0.050000
0.170667
0.018733
0.052983
0.050895
0.038936
0.038781
0.085143
0.057465
0.111265
0.263945
0.057931
0.110972
0.053656
0.036334
0.072624
0.036541
0.179625
0.024626
0.013376
0.037612
0.011779
0.023259
0.027195
0.023669
0.030462
0.022145
0.148905
0.040174
0.047459
0.050781
0.264402
0.064088
0.080679
0.070305
0.125628
0.064380
0.011427
0.108650
0.151367
0.103666
0.004010
0.015896
0.144114
0.100259
0.042943
0.018427
0.522637
0.032027
0.090703
0.049280
0.090197
0.067331
0.032577
0.035640
0.039294
0.087208
0.019067
0.093600
0.024892
0.030262
0.023376
0.055255
0.019687
0.047366
0.077455
0.069327
0.090492
0.061015
0.054470
0.032937
0.021157
0.063857
0.152545
0.088351
0.031705
0.121316
0.035032
0.042227
0.066565
0.014754
0.055711
0.058814
0.053907
0.037163
0.132395
0.047292
0.044128
0.032462
0.030079
0.052965
0.050743
0.301464
0.080280
0.027226
0.058040
0.042917
0.065064
0.021556
0.015388
0.106099
0.035839
0.050345
0.027510
0.028245
0.217812
0.097624
0.044511
0.019459
0.006683
0.073557
0.119835
0.055652
0.323965
0.108152
0.261051
0.022206
0.050272
0.102898
0.016338
0.026083
0.066081
0.384927
0.041433
0.024416
0.016942
0.043194
0.051871
0.025507
0.012099
0.012261
0.229746
0.169476
0.156039
0.039343
0.035925
0.388887
0.075879
0.137891
0.034855
0.068760
0.122939
0.099286
0.029215
0.059903
0.102616
0.034432
0.030925
0.194286
0.068975
0.136187
0.038631
0.225403
0.025738
0.075299
0.039308
0.389221
0.061935
0.011785
0.142505
0.093796
0.087102
0.016962
0.091147
0.061691
0.070230
0.074463
0.017938
0.086180
0.035253
0.012233
0.055435
0.022578
0.032939
0.010358
0.031849
0.011747
0.044629
0.083918
0.027855
0.049876
0.022015
0.130905
0.027322
0.088756
0.014434
0.176391
0.027557
0.017450
0.070711
0.056591
0.066378
0.019377
0.053549
0.038361
0.094594
0.034502
0.027524
0.101327
0.018398
0.114205
0.075929
0.034726
0.050425
0.060279
0.050775
0.062927
0.078927
0.023153
0.031990
0.019003
0.022371
0.014819
0.013869
0.052583
0.281166
0.099425
0.090538
0.199624
0.076126
0.060313
0.095846
0.109831
0.078482
0.090836
0.024516
0.076955
0.194668
0.076511
0.047877
0.015211
0.298678
0.034445
0.087057
0.057438
0.020644
0.031418
0.070771
0.034143
0.027663
0.024683
0.107179
0.060259
0.066416
0.024340
0.120438
0.061981
0.175233
0.023649
0.018274
0.018037
0.046525
0.046240
0.020469
0.031775
0.039519
0.098589
0.086471
0.005437
0.031023
0.027066
0.191138
0.054865
0.050855
0.025987
0.052515
0.016834
0.064986
0.028502
0.096144
0.552600
0.053067
0.147681
0.021529
0.116833
0.023323
0.029788
0.033625
0.122857
0.045141
0.170604
0.045662
0.057988
0.041975
0.076830
0.146927
0.052099
0.032288
0.010747
0.053220
0.061509
0.031874
0.051409
0.040185
0.016432
0.034811
0.113138
0.050452
0.203671
0.021961
0.107596
0.067645
0.068302
0.025273
0.012842
0.033233
0.035455
0.130211
0.097454
0.192348
0.020489
0.055754
0.046304
0.013325
0.047324
0.128369
0.024487
0.065247
0.056798
0.044741
0.122756
0.065407
0.040333
0.109788
0.046161
0.032223
0.126380
0.025762
0.249264
0.024082
0.020542
0.056911
0.018836
0.394102
0.036662
0.022758
0.031275
0.037445
0.300509
0.146588
0.016824
0.098259
0.182982
0.119119
0.025532
0.029267
0.182554
0.244627
0.067901
0.030758
0.049516
0.058259
0.066683
0.030271
0.038221
0.058043
0.096800
0.013442
0.045373
0.036775
0.028725
0.194106
0.045058
0.038504
0.023507
0.012414
0.082639
0.054811
0.029909
0.053003
0.016904
0.073238
0.087088
0.073754
0.088219
0.007762
0.054922
0.039700
0.128460
0.119242
0.037984
0.171049
0.026002
0.034049
0.021152
0.030456
0.023051
0.038199
0.320222
0.028119
0.101282
0.071036
0.046311
0.016517
0.083244
0.064816
0.200922
0.045468
0.027499
0.055941
0.040351
0.019994
0.074219
0.120857
0.072435
0.022935
0.100282
0.041507
0.144684
0.080806
0.078918
0.040011
0.071910
0.070543
0.040318
0.054676
0.047813
0.048698
0.084283
0.093531
0.033362
0.019518
0.047003
0.098374
0.011508
0.072299
0.056220
0.014340
0.038279
0.185182
0.028515
0.017945
0.470691
0.085951
0.026569
0.040060
0.025978
0.109501
0.113550
0.054099
0.048980
0.040665
0.021889
0.057542
0.081933
0.051221
0.046506
0.124350
0.049044
0.052277
0.127021
0.115919
0.053937
0.041881
0.020157
0.150796
0.041481
0.074365
0.021526
0.047031
0.016998
0.169566
0.317177
0.098054
0.096896
0.041259
0.092785
0.049488
0.203508
0.060131
0.032558
0.028654
0.035826
0.164558
0.175347
0.017644
0.140786
0.035006
0.054891
0.013468
0.027398
0.030701
0.104598
0.105515
0.015868
0.098260
0.039912
0.064182
0.050551
0.039291
0.058234
0.029099
0.053725
0.055218
0.029666
0.046620
0.044104
0.088895
0.026469
0.135672
0.081286
0.067463
0.151517
0.101224
0.050723
0.034018
0.052244
0.113555
0.336478
0.084160
0.108261
0.025125
0.063809
0.074339
0.154585
0.034966
0.010222
0.082034
0.069025
0.076299
0.041029
0.050309
0.028124
0.010087
0.016276
0.020155
0.023627
0.007859
0.020797
0.065620
0.025441
0.060999
0.021707
0.066933
0.013668
0.133296
0.045336
0.021811
0.061091
0.060709
0.019248
0.138589
0.057622
0.036141
0.050767
0.128251
0.023912
0.297610
0.036759
0.035353
0.019856
0.034181
0.040044
0.033598
0.007671
0.043259
0.018218
0.035430
0.055573
0.078429
0.014433
0.156303
0.013802
0.023465
0.023813
0.023572
0.090837
0.066790
0.021108
0.018421
0.063944
0.069046
0.029438
0.036996
0.304276
0.057126
0.033792
0.030122
0.007902
0.064646
0.050010
0.025777
0.027562
0.072558
0.080757
0.114369
0.041409
0.028748
0.045634
0.032724
0.023320
0.133402
0.077700
0.019221
0.061841
0.046181
0.013000
0.024487
0.116944
0.027834
0.019592
0.033779
0.067829
0.046249
0.018427
0.081559
0.025747
0.041013
0.078017
0.138348
0.054637
0.133277
0.019543
0.012943
0.050457
0.043712
0.018100
0.031657
0.090499
0.139517
0.036719
0.012937
0.022384
0.054436
0.145761
0.027226
0.020221
0.064077
0.026229
0.041929
0.155014
0.063393
0.091663
0.094216
0.023426
0.049353
0.031800
0.039366
0.064892
0.064739
0.169461
0.058160
0.038520
0.033373
0.073288
0.045423
0.017438
0.237773
0.099174
0.153218
0.102131
0.038919
0.041911
0.059343
0.031168
0.035619
0.025715
0.164097
0.074304
0.027021
0.042796
0.064474
0.140407
0.017608
0.176803
0.055574
0.064485
0.040729
0.050149
0.020858
0.071193
0.071512
0.024528
0.060182
0.008321
0.008377
0.132606
0.053119
0.022857
0.014457
0.018930
0.157467
0.034386
0.043850
0.098070
0.118015
0.183196
0.048064
0.045843
0.057270
0.080241
0.016127
0.206678
0.034881
0.027844
0.020531
0.084129
0.013569
0.058234
0.033279
0.026596
0.184549
0.028043
0.031360
0.027249
0.088081
0.056945
0.120890
0.011733
0.039006
0.053038
0.365464
0.072900
0.029746
0.038572
0.034331
0.058392
0.065535
0.072310
0.035684
0.046174
0.015007
0.033587
0.065335
0.029187
0.149493
0.014061
0.055237
0.063699
0.024169
0.046965
0.219406
0.036346
0.096568
0.135254
0.041318
0.221202
0.028166
0.050927
0.046116
0.068492
0.061104
0.016249
0.086630
0.135250
0.026064
0.019272
0.037373
0.023225
0.060869
0.044165
0.055767
0.057239
0.011659
0.011136
0.138711
0.068342
0.084583
0.034248
0.057198
0.051092
0.031829
0.077888
0.023395
0.011737
0.030960
0.138116
0.081644
0.085747
0.011917
0.050107
0.017761
0.061082
0.070888
0.047981
0.031697
0.028526
0.035645
0.057987
0.037464
0.018954
0.112292
0.049255
0.299821
0.030235
0.036872
0.060766
0.063429
0.044896
0.014150
0.213611
0.050805
0.028854
0.123957
0.103558
0.160160
0.065477
0.083965
0.054406
0.049444
0.023065
0.286915
0.008028
0.065140
0.038156
0.004827
0.013179
0.081677
0.169199
0.086325
0.055905
0.030302
0.050017
0.014546
0.043341
0.009867
0.033140
0.049147
0.090398
0.059543
0.045637
0.022306
0.027647
0.047682
0.046013
0.028890
0.020027
0.048283
0.243684
0.219107
0.052766
0.039725
0.047164
0.346226
0.060412
0.061641
0.052176
0.025707
0.044591
0.047716
0.087901
0.028600
0.038554
0.068657
0.059711
0.030407
0.016380
0.109684
0.038518
0.145568
0.070606
0.078042
0.121416
0.073621
0.087949
0.015487
0.041519
0.069231
0.096435
0.026687
0.014906
0.063872
0.126128
0.044724
0.124461
0.081802
0.023552
0.016279
0.058099
0.059201
0.101074
0.035597
0.032034
0.024948
0.053623
0.172123
0.051758
0.023758
0.118618
0.122683
0.036055
0.052899
0.018660
0.034127
0.069460
0.036984
0.061148
0.074930
0.061001
0.122155
0.019917
0.138921
0.005353
0.019980
0.024910
0.025791
0.087231
0.042915
0.053068
0.037380
0.237301
0.108877
0.044755
0.063301
0.058548
0.044387
0.032162
0.052045
0.295415
0.222138
0.152420
0.017964
0.012168
0.049043
0.072717
0.045871
0.064033
0.023494
0.064495
0.099165
0.086163
0.084422
0.111585
0.072235
0.022644
0.031315
0.037395
0.069190
0.008642
0.019300
0.025675
0.030987
0.058865
0.011390
0.203966
0.020768
0.040624
0.021257
0.196201
0.073834
0.054065
0.021713
0.065479
0.171714
0.033965
0.047953
0.026500
0.036145
0.164351
0.059330
0.011463
0.008944
0.071816
0.024635
0.043758
0.055300
0.026655
0.173735
0.031771
0.026426
0.019820
0.040305
0.041803
0.095878
0.055696
0.019164
0.056805
0.049211
0.074453
0.022941
0.112352
0.033431
0.018475
0.044358
0.013154
0.074253
0.095179
0.047865
0.035533
0.033834
0.019671
0.032050
0.101510
0.006738
0.083169
0.083041
0.079820
0.053579
0.121241
0.048483
0.083134
0.061219
0.108502
0.018811
0.250816
0.072434
0.037961
0.027442
0.143927
0.289454
0.079548
0.167667
0.027072
0.041903
0.078302
0.014902
0.067290
