88
2.458674
4
91
40
10
1
5047
0.110722
0.616559
0.875630
0.434162
-0.304444
-0.891909
0.257051
-0.128371
-0.027666
0.934634
-0.116648
-0.103994
0.787173
0.166655
0.020274
0.428328
0.364123
-0.535029
-0.298060
0.269506
0.189035
0.372912
0.991969
0.109142
0.536182
0.144102
0.105767
-0.978795
-0.570487
0.406255
-0.891009
-0.213342
0.107485
0.374978
0.008411
0.510806
-0.494726
0.045178
0.005555
0.100561
-0.466755
0.673465
0.087669
-0.043410
-0.244690
-0.337068
0.169514
-0.305868
0.235108
-1.000000
-0.493693
-0.972902
-0.082161
-0.187113
-0.135864
-0.105875
-0.802423
0.768206
0.356462
-0.017204
0.628923
-0.829574
0.012189
0.562950
-0.369343
0.035651
1.000000
-0.383631
-0.442268
0.823494
-0.498097
-0.231627
-0.236015
-0.092203
0.113620
0.004674
0.715900
0.597046
0.504458
-0.589026
-0.341326
0.686407
0.410653
0.439366
-0.904139
0.089467
0.610090
-0.994341
0.503737
-0.673800
0.458050
-0.694732
0.180651
-0.306894
-0.012639
0.423883
-0.062887
0.384287
-0.374377
-0.600683
0.367163
-0.478483
-0.411324
0.356577
-0.397033
0.678688
0.579910
0.799758
-0.615526
0.270354
0.106056
-0.574581
0.482495
-0.521239
-0.221945
-0.073240
0.491928
0.081568
-0.205980
-0.664295
-0.125946
0.361357
0.665478
-0.123061
0.322287
0.155196
0.277676
-0.879026
0.622426
0.371966
0.690997
-0.988263
-0.526729
-0.016243
-0.428223
0.395606
0.767039
0.013756
0.117411
0.514292
-0.502825
0.128838
-0.450265
0.335012
-1.000000
0.693850
-0.251771
-0.616223
-0.295901
0.437717
0.392910
-0.415093
0.592449
-0.459492
0.618797
-0.001318
-0.360340
0.770982
0.789608
-0.355184
0.340163
-0.806127
0.136147
0.368482
-0.027805
0.064872
-0.544640
-0.969976
-0.147777
0.005382
0.481444
-0.172085
0.059198
-0.573715
0.447087
-0.209675
-0.777097
0.145230
0.525819
-0.321081
-0.488681
-0.142646
-0.293565
-0.036996
-0.693152
-0.734576
0.324288
-0.964034
-0.852745
0.219145
-0.252950
0.226644
0.444124
0.610766
-0.504706
0.296805
0.269743
-0.129153
0.842679
0.091544
-0.326762
-0.361831
-0.038542
-0.459950
0.083325
0.911737
-0.175253
-0.630807
0.135857
-0.124062
-0.062974
-1.000000
-0.639551
0.962047
-0.608297
0.646332
0.335384
0.152099
0.157252
0.881284
0.827308
0.576341
-0.044063
-0.026467
-0.583091
0.856376
-0.083304
-0.574995
-0.001729
0.031486
0.757177
0.317296
-0.947725
0.051846
0.486305
-0.166824
0.240176
-0.324348
1.000000
0.194426
-0.488312
0.854249
-0.398393
0.480567
-0.250394
0.574515
-0.491236
-0.293895
-0.151639
0.357811
0.505394
0.580054
0.722195
0.004650
-0.888897
-0.129077
-0.409756
-0.311350
-0.137480
0.599035
0.360296
-0.340515
-0.099757
-0.243064
-0.328785
0.078797
1.000000
-0.016702
0.808001
-0.006997
0.754665
-0.759953
-0.031521
-0.142021
0.516140
0.029363
0.405023
0.581214
0.503011
-0.415272
0.290294
-0.042957
-0.235986
-0.349106
0.469936
0.938069
0.255591
1.000000
0.535802
0.213100
0.177556
-0.201890
0.655100
0.474105
-0.675514
0.284054
0.084916
0.085781
-0.141919
-0.117807
0.224777
-0.373988
-0.238918
0.190659
-0.156888
-0.340720
0.797860
0.066899
0.309994
0.376832
-0.073693
0.650721
0.806421
-0.312412
0.657944
-0.723591
0.619118
-0.204537
0.166602
0.125660
-0.352975
-0.031641
-0.017492
-0.213952
-0.066679
-0.102293
-0.994478
-0.043546
-0.041496
-1.000000
0.251408
-0.221152
0.035321
0.119988
0.424071
0.018734
0.497524
-0.520515
-0.292638
-0.694663
-0.805411
-0.410324
-0.829567
0.219408
-0.729685
0.581889
0.012031
-1.000000
-0.488310
1.000000
-0.110616
-0.392864
-0.222555
0.626883
0.180521
-0.228755
0.810371
0.138591
0.905488
-0.379780
0.352188
0.320708
0.283604
-0.137155
0.679732
0.400737
-0.432419
0.459296
0.067055
-0.986568
-0.949788
-0.267194
0.267663
-0.089168
-0.184556
-0.348219
0.038950
0.118901
0.377972
-0.957337
0.490309
-0.104583
0.048381
0.381535
-0.005298
0.742015
0.546886
-0.354631
-0.193980
-0.598286
0.120093
-0.678682
-0.971750
0.392798
-0.112644
0.902644
-0.055343
-0.700339
-0.881062
0.279759
0.472988
0.213014
-0.911404
-0.232325
-0.058931
-0.330621
-0.955938
0.778859
0.464725
0.173246
-0.355789
0.657723
0.302636
0.444618
0.276898
0.186241
0.936497
0.073714
0.047932
0.467407
0.176005
-0.626024
-0.627690
0.318293
0.561101
0.179483
0.090224
0.281376
0.005741
-0.291636
-0.954914
-0.179948
-0.035589
-0.131632
0.555386
0.244339
-0.048072
0.794610
-0.275429
0.534040
0.897700
-0.008006
0.166782
-0.902760
0.040570
-0.498042
0.103376
-0.068559
-0.460556
-0.399970
-0.996725
-0.303436
-0.712484
-0.274976
-0.201723
-0.196382
-0.020197
-0.116343
-0.817423
0.079792
0.781055
-0.560564
-0.335978
1.000000
-0.748008
0.705580
0.555033
0.562322
-0.161022
0.071432
0.991651
-1.000000
-0.064401
0.847841
0.909051
0.312164
-0.771052
-0.169024
-0.711437
0.456463
-0.056863
-0.182502
-0.076694
0.256557
0.102114
0.465448
0.719138
0.776957
-0.980544
-0.570532
-0.553804
0.137611
0.071033
0.162639
-0.048594
-0.196633
0.585223
0.017514
-0.781633
0.257243
0.108325
-0.015447
-0.846610
0.899953
0.713277
0.542066
0.708842
0.185228
-0.009703
-0.424290
0.052868
0.391357
0.258930
-0.676798
0.337206
-1.000000
0.552765
0.025170
-0.172058
-0.373230
-0.546027
-0.001067
0.375666
-0.147283
0.151053
0.143712
-0.857916
-0.425872
0.665508
0.163181
-0.250601
0.184180
0.122521
-0.546221
-0.087272
0.032828
0.112714
0.473870
-0.171723
-0.150266
0.101526
1.000000
-0.429038
0.332169
-0.347118
0.638481
-0.053882
0.018417
-0.910692
0.044101
0.691638
0.346479
-0.356970
0.054499
-0.268982
0.090455
0.297783
-0.265987
1.000000
0.785941
0.054080
0.915485
-0.246684
0.751860
-0.166995
0.462767
-0.040202
0.874181
0.055705
-0.243984
0.315338
-0.403172
0.215950
0.163245
1.000000
-0.279006
0.545921
-0.243372
-1.000000
0.481551
-0.246256
-0.057234
0.212059
0.812420
-0.408661
-0.113389
0.100554
-0.417143
-0.636578
-0.180081
-0.147794
-0.225453
-0.335900
-0.382775
0.012642
0.860710
-0.797977
-0.154530
-0.507331
-0.479955
-0.571718
-0.409382
-0.650995
1.000000
-0.134391
0.469089
-0.010307
-0.890040
-0.378837
0.908340
0.824824
0.115848
-0.734746
0.884195
-0.964219
0.002024
-0.275354
-0.793952
-0.981635
0.218839
-0.917317
0.698505
-0.625543
0.746906
0.516358
-0.492167
0.436944
0.757871
-0.274054
0.770879
-0.289858
0.315862
-0.270151
-0.079468
-0.126617
-0.287393
-0.868686
0.171263
0.152609
0.265287
0.178907
0.007478
-0.210886
0.478122
-0.200700
-0.155632
-0.155392
0.131462
0.197867
-1.000000
0.094077
-0.310468
-0.337628
-0.496098
-0.190570
0.399051
-0.567195
-0.624814
0.124109
-0.040127
0.829092
-0.131541
0.114251
0.079085
-0.327250
0.774248
-0.796912
0.055682
-0.035207
-0.104061
0.030813
-0.214837
0.200387
0.274640
-0.656641
0.164496
-0.562980
0.774888
0.133477
-0.054365
0.312282
-0.727557
0.360521
-0.484458
-0.507962
-0.079106
0.687641
0.210793
-0.027416
0.143324
0.345950
-0.787043
0.359110
0.595242
0.502946
-0.719101
0.400054
-0.265818
-0.530713
0.785315
-0.672276
0.677140
0.445923
0.528543
0.079685
0.125793
-0.178037
0.661277
0.365592
-0.543902
0.212240
-0.261183
0.284820
0.746751
-0.030387
-0.764239
-0.347612
-0.218195
-0.994892
-0.382603
-0.750377
0.047031
0.081053
0.789933
-0.511373
-0.907016
-0.013349
0.045374
-0.046920
-0.167688
0.794590
-0.242664
0.053931
-0.332923
0.461046
0.426538
-0.152291
0.271696
-0.113433
-0.430847
-0.843657
-1.000000
-0.520525
-0.189961
0.923578
0.216395
1.000000
0.358854
-0.799377
-0.431115
0.004273
0.023292
0.209155
-0.724794
0.941399
-0.326795
-0.615504
1.000000
-0.763484
0.053077
-0.163615
0.108231
0.250425
-0.105437
0.671689
-0.256522
-1.000000
0.591600
-0.057371
-0.512116
0.782677
-0.025909
-0.405995
-0.018371
0.111114
0.576859
0.273161
0.242686
-0.832233
0.178239
-0.613664
0.053925
0.426291
-0.252130
0.428378
-0.534134
0.306285
0.300519
-0.084832
-0.217526
0.271521
0.196943
1.000000
0.347809
-0.283518
-0.468125
-0.229024
0.407355
-0.669690
-0.196978
-0.040789
0.511062
0.249787
-0.553349
-0.330328
0.203455
-0.651462
0.340083
-0.021590
-0.699302
0.528436
0.397366
-0.024462
-0.139481
0.088574
0.325366
-0.054269
-0.016206
-0.023084
-0.268709
-0.884068
0.357540
0.574994
-0.313240
0.510270
-0.634143
0.328022
-0.059517
-0.095404
-0.602914
0.452176
-0.909603
-0.094135
-0.976928
0.123841
-0.713296
0.106312
0.072503
0.103020
0.123059
0.578924
0.621331
0.303003
-0.521769
-0.353619
0.506042
0.487697
-0.050200
-0.798424
0.211495
-0.876934
-0.072779
-0.258357
-0.171684
0.262817
0.697087
0.705510
0.438636
0.370575
-0.738751
-0.027285
0.276421
0.316050
-0.612026
-0.617952
-0.079540
0.448276
-0.038843
-0.370530
0.761096
0.182546
-0.087283
0.090978
-0.427699
0.223358
-0.165956
-0.561308
-0.813591
0.293940
0.703723
-0.906630
0.130996
-0.246456
-0.350405
0.812584
-0.006173
-1.000000
-0.056631
-0.330246
0.232018
0.206474
-0.678625
-0.037373
-0.185384
0.883086
-0.637451
0.427872
-0.108612
-0.243723
-0.115518
0.194911
0.798757
0.379710
-0.258806
-0.005955
0.893631
-0.423158
0.315539
0.557000
-0.563551
0.067817
-0.243119
0.488380
-0.652421
-0.163994
1.000000
-0.430302
0.028379
-0.862593
-0.240206
-0.208379
0.090045
0.443460
-0.599071
0.850073
0.233752
1.000000
-0.414453
0.266597
0.514996
-0.396157
0.193923
0.276879
0.188720
-0.519063
0.186345
0.472158
0.192090
-0.311683
-0.884197
-0.379227
-0.539091
0.092199
0.269812
-0.370504
-0.504797
0.164974
0.587790
0.098795
-0.649073
-0.813363
0.115385
-0.005246
-0.006321
-0.166976
-0.280486
0.446021
-0.420436
-0.360825
0.176608
0.371322
0.748365
-0.560387
-0.485614
0.329670
-0.772724
0.002968
0.649019
0.726744
-0.504104
-0.182683
-0.141958
-0.915732
-1.000000
0.337633
-0.150719
0.115041
0.147308
0.322054
-0.359090
0.364395
0.170738
0.326767
0.563507
0.418318
0.615256
-0.538762
-0.163578
0.264946
0.607778
0.269539
-0.147020
-0.623997
0.161385
-0.099091
0.304740
0.190858
-0.899942
-0.669416
-0.580119
-0.118925
0.188533
0.862278
0.196914
0.628511
-0.131545
-0.937007
-0.221041
-0.163472
-0.390000
-0.073365
-0.249236
0.792999
1.000000
-0.359057
-0.196738
-0.530164
-0.332314
-0.228851
-0.271836
0.205260
0.337215
-0.342389
0.001171
1.000000
-0.042011
-0.208872
0.185898
0.147514
0.294822
0.438474
0.354437
-0.354801
-0.834628
0.134667
-0.301984
0.642509
0.164921
-0.996243
-0.367084
-1.000000
-0.697909
-0.164252
-0.212722
-0.258799
0.167782
-0.219361
0.577836
0.676791
-0.698887
-0.531280
0.282553
-0.180926
0.111877
0.334185
0.293181
0.412136
0.814004
0.117147
-0.429040
-0.559779
0.811213
0.970691
0.165373
0.683577
-0.102234
-0.356728
0.219040
-0.038530
0.367895
-0.884566
-0.401016
0.563420
-0.984469
-0.736945
0.660141
-0.370444
-0.658520
0.782815
0.304061
0.328554
-0.338586
-0.156033
-0.421662
-0.326127
-0.344623
0.830144
0.583441
0.038286
-0.880328
0.539083
-0.372645
-0.019922
-0.458940
0.958269
-0.411316
-0.479445
-0.531944
-0.175366
0.804962
-0.542473
-0.096913
-0.052523
-0.034915
0.351749
-0.931012
0.759946
-0.365731
0.605129
0.088521
0.578331
-0.719706
-0.652688
0.423419
-0.539356
-0.863469
-0.210613
0.233651
1.000000
0.003254
1.000000
-0.907693
-0.748294
-0.242919
0.355828
-0.293546
-0.141619
-0.153593
-0.354970
0.092786
0.318339
-0.624873
-0.340242
-0.561900
-0.178662
0.028181
-0.450936
-0.318097
0.231106
0.787320
-0.112571
0.734317
-0.320956
-0.477776
-0.299226
0.439059
0.954659
0.303542
0.046643
0.377504
0.486954
0.418483
0.090099
-0.994165
-0.566111
0.265624
0.997944
0.397388
-0.089652
0.802709
0.125948
0.454046
0.237573
-0.304007
-0.822885
-0.850313
0.003031
0.819406
0.414566
0.098961
0.190438
-0.460933
-0.852559
0.080377
-0.236309
0.280439
-0.263732
0.020676
-0.119286
0.073146
-0.373851
-0.982097
-0.226802
0.605000
0.040738
-0.620519
-0.281439
0.534488
-0.163591
-0.105827
0.250276
0.515251
-0.064957
-0.001450
-0.783530
0.837533
-0.072902
0.157562
0.351568
0.091248
-0.060265
-0.152791
0.955203
0.324237
0.564969
0.010661
-0.640569
-0.364351
0.442863
0.286215
-0.332323
0.511424
-0.689461
-0.215894
-0.471250
-0.436092
-0.265709
-0.271013
-0.319610
-0.103401
-0.198715
-0.255676
-0.091914
0.188748
-0.156897
0.736220
-0.547955
0.043909
0.465402
0.223997
-0.057696
-0.204217
0.283700
-0.950896
0.096184
-0.693096
-0.078990
-0.053629
-0.201163
-0.288958
-0.072030
0.132280
-0.172915
-0.202847
0.016595
0.512971
-0.426468
-0.722943
-0.693332
0.735239
0.481518
0.760241
0.184762
0.761327
0.617300
0.029719
0.179735
0.270600
-0.067221
-0.536135
-0.410900
0.443937
0.311487
-0.217788
-0.371794
0.467439
-0.567476
-0.678701
0.558686
-1.000000
-0.240952
-0.319462
0.766280
-1.000000
0.647365
0.852778
-0.224599
-0.631867
-0.172225
-0.468511
-0.381278
0.640222
-0.088894
-0.691214
-0.154606
-0.501117
-0.384014
-0.246258
-0.472497
0.105165
-0.013745
0.425690
0.019663
0.491622
-0.138082
0.363911
-0.603907
-0.138235
0.327069
0.516142
0.490506
-0.234872
0.780063
-0.084290
0.243059
-0.862842
-0.473071
-0.504507
-0.016128
-0.503895
0.338039
0.029427
-0.903883
0.001216
0.028543
0.560125
0.430237
-0.098156
0.087681
-0.231519
-0.078604
0.051270
-0.038187
0.550863
-0.224028
-0.894804
0.987069
-0.098244
-0.402029
0.304385
-0.553470
-0.032971
-0.871931
0.726948
0.083793
0.565999
0.139109
-0.292110
0.805793
0.090711
-0.867271
-0.014045
0.344542
0.891474
-0.419355
0.211069
-0.362938
-0.461010
1.000000
0.685748
0.310981
0.349540
-0.158134
0.750137
0.111966
-0.485453
-0.167011
0.284433
-0.158972
0.330593
-0.339830
-0.255713
-0.975133
0.255085
0.332683
1.000000
-0.555384
-0.006694
0.269612
0.622220
-0.071598
-0.567907
0.839353
-0.231608
-0.377065
0.320820
-0.819065
0.378840
-0.168538
-0.606191
0.320010
0.296702
-0.064147
-0.412363
0.116450
-0.602321
-1.000000
0.557743
-0.323016
0.016170
-0.163847
-0.273135
0.496010
-0.297916
0.816341
-0.788116
0.380886
0.647650
0.092748
-0.441588
-0.414370
0.544813
-0.002531
0.100224
-0.929433
-0.508670
0.758979
0.144630
0.366269
0.694909
-0.314211
-0.100854
-0.234307
0.725477
0.938343
0.668314
-0.116822
-0.248320
0.106543
-0.519477
0.313934
-0.664105
0.026582
-0.124675
0.468796
0.496613
-0.352033
-0.983033
-0.910840
-0.900929
0.299051
0.664054
-0.233599
-0.177856
0.155549
0.434536
0.752096
0.129538
-0.365256
0.009189
-0.048668
-0.173314
1.000000
-0.613036
-0.644850
0.034041
-0.010510
0.192070
0.094422
-0.735702
-0.060362
0.022621
0.009738
0.463674
0.487071
0.722692
0.083169
-0.357277
-0.522304
0.578523
-0.479280
0.217981
0.496297
-0.535507
0.498982
0.089073
0.075764
-0.000982
-0.515387
0.281963
-0.284007
-0.071341
-0.088145
0.168470
0.633530
0.578372
0.293710
-0.036593
-0.413895
-0.027574
0.087855
0.565240
0.278856
-0.023911
0.722450
-0.303164
-0.032986
-0.103607
-0.265285
0.270790
-0.569718
-0.887248
-0.084530
0.038124
0.112042
-0.393971
0.102167
-0.341635
0.154702
-0.032396
-0.786875
-0.604095
-0.387975
0.274355
-0.928612
-0.473086
-0.037066
-0.300607
-0.507274
-0.171563
0.824095
-0.113700
-0.889878
-0.687126
0.390482
-1.000000
0.653180
0.993893
0.570441
0.505953
0.308511
-0.500277
-0.663437
-0.405035
-0.213271
0.168591
0.406675
-0.002019
0.757218
0.340811
-0.001227
0.172537
0.990096
-1.000000
-0.040577
-0.733904
0.130098
-0.812350
0.363539
-0.496920
-0.475490
-0.386012
0.988296
-0.328167
0.124831
-0.244234
-0.207368
-0.976452
0.727622
-0.650882
-0.959115
-0.142786
-0.298351
0.069916
-0.782949
0.168746
-0.471736
0.886969
0.044357
-0.309570
-0.272963
0.352882
0.400911
0.399885
0.475017
-0.583228
-0.292376
0.727619
0.000774
-0.565443
-0.294515
0.982681
-0.075694
-0.209495
0.007537
0.489088
0.181073
-0.206981
-0.042885
-0.049039
0.052848
0.218725
-0.019042
0.173224
0.250152
0.329993
0.829375
-0.094499
-0.166594
0.169737
-0.179345
-0.119481
-0.965793
0.671065
0.158845
0.103272
0.091974
0.090544
-0.804307
-0.236401
-0.477123
-0.490813
0.238062
-0.466310
-0.619067
0.318787
0.196606
-0.888606
0.584431
-0.275309
0.472126
-0.742281
0.859573
-0.318066
-0.240130
-0.312576
0.193804
0.385049
-0.199571
-0.143726
-0.212480
0.376798
0.604187
-0.416453
-0.433892
-0.072360
0.248727
0.370082
-0.501988
0.103470
-0.841780
-0.072675
-0.545457
-0.008458
-0.354570
-0.048657
-0.554744
0.166684
-0.944515
0.888921
0.251864
-0.293952
0.192086
-1.000000
0.414518
0.132352
0.935002
-0.269233
-0.235099
0.096967
0.199270
-0.849259
0.075311
-0.092266
0.906127
0.616994
-0.558909
-0.408668
-0.881243
0.102775
0.677292
0.356668
-0.110857
0.261341
-0.577497
0.344847
0.708969
0.088279
-0.166333
0.820449
0.411353
0.364396
0.483427
0.258078
-0.243502
-0.143441
-0.347375
0.639037
0.219102
0.464316
0.447072
0.258249
-0.361082
-0.118780
0.198562
0.592832
-0.219607
-0.977074
-0.099810
0.498147
0.006991
-0.852871
0.171540
-0.570756
0.175407
0.911193
0.876090
0.078371
-0.366762
-0.247461
-0.074472
0.600760
0.863972
-0.472159
0.601500
-0.087202
-0.264449
0.886310
-0.068469
-0.085444
-0.821020
0.295555
0.903824
-0.461226
0.682579
0.280096
-0.062775
0.209873
0.462286
-0.118403
0.051058
1.000000
-0.043351
0.078254
0.130608
-0.865744
-0.096185
0.105834
-0.560295
-0.183673
-0.095124
-0.318862
-0.743709
0.015961
-0.404062
0.101776
-0.125822
-0.399784
-0.021948
-0.447546
-0.085901
-0.564389
-0.771585
0.050080
0.993825
0.922229
-0.863089
-0.459821
-0.021469
-0.219956
-0.385111
0.354909
-0.026508
-1.000000
-0.384406
-0.683349
-0.249266
-0.125832
-0.226682
0.289241
-0.366470
-0.272793
-0.030648
-0.759354
0.197223
0.475730
0.005651
0.125520
0.000513
-0.986665
0.972576
0.176369
0.249200
-0.591002
0.169367
0.584765
0.282864
0.696900
-1.000000
0.296010
0.892270
0.758036
-0.239036
0.227343
-0.401273
0.121433
0.686632
0.468494
-0.329322
-0.546568
0.950592
-0.305080
0.473531
0.554320
-0.245412
-0.062318
-0.073515
0.758529
0.356317
1.000000
-0.386077
-0.747073
-0.030536
-1.000000
0.646188
0.130739
0.745103
-0.180694
0.113294
0.212419
-0.481951
-0.011172
0.657751
0.999014
-0.851722
0.107147
0.033378
0.074745
0.001656
-0.083013
0.075190
0.154292
-0.743164
0.534738
-0.240951
-0.654751
-0.127655
-0.777879
0.145128
0.080141
-0.402014
0.427065
0.290055
0.562701
0.245731
-0.353171
-0.669829
0.129337
-0.237955
-1.000000
-0.011578
-0.606086
-0.187047
-0.011225
0.292762
-0.670150
0.872442
-0.316262
-0.557769
-0.729549
-0.347888
-0.314208
0.336005
-0.440447
-0.406305
0.481348
0.476081
-0.011181
0.184861
-0.114703
-0.179064
0.704393
-0.360124
-0.674520
0.888117
0.077105
-0.285049
0.462579
-0.440045
0.181080
0.371672
-0.175995
0.701615
1.000000
-0.049687
-0.486984
-0.077838
-0.657668
-0.807062
0.464047
-0.065694
0.015628
-0.564575
0.590335
0.401393
-0.701014
-0.238730
0.823392
0.880808
0.091232
-0.073694
-0.384953
-0.811389
-0.530858
0.734668
0.291766
-0.141982
-0.417407
-0.263149
-0.669393
-1.000000
0.207922
-0.654370
0.265742
-0.298644
-0.324794
0.944357
-0.289878
-0.036163
0.380522
-0.589540
-0.190642
0.365081
0.008204
0.420069
0.033871
-1.000000
0.503839
0.558863
-0.139087
-0.193875
-0.673449
0.290557
-0.904588
0.661946
0.082705
0.155685
0.318789
1.000000
0.108007
0.395204
0.552036
0.815571
0.175155
-0.413352
0.376044
-0.019913
0.564910
-0.848386
0.179537
-0.348385
-0.476329
-0.357274
0.310136
0.198872
0.431670
-0.064636
0.675980
-0.528550
0.912949
-1.000000
0.314034
0.968799
-0.527751
0.181440
0.131490
-0.176726
1.000000
0.760888
0.972721
0.054873
0.370978
-1.000000
-0.094801
-0.276349
-0.128276
0.077261
0.241950
0.301956
-0.600582
-0.071384
0.056183
0.131247
-0.764409
-0.287730
0.203042
0.167350
-0.394462
0.492291
0.207922
-0.222107
0.006147
-0.372814
-0.286592
0.309643
-0.847229
0.201158
-0.280479
-0.924407
-0.321060
0.285528
-0.999237
-0.409005
0.366910
1.000000
0.306982
-0.362727
0.362640
0.289628
-0.548477
0.231032
-0.461732
-0.792278
0.060187
0.391870
0.439244
0.133950
0.292342
0.162762
0.187105
0.386836
-0.457823
-0.010531
0.224933
0.456900
1.000000
0.667111
0.120598
0.528861
0.205184
-0.253878
-0.576491
0.396100
-0.863028
0.254175
0.025872
0.323898
0.475991
-0.092081
-0.404823
0.482153
0.024095
-0.108371
-0.071519
-0.145565
-0.260300
1.000000
0.103257
0.200353
-0.361555
0.207613
-0.050147
0.320345
-0.375018
-0.585481
0.951357
0.299389
0.399462
0.127229
-0.875805
0.801207
-0.992084
-0.069115
0.183728
-0.750095
-0.472450
0.357461
0.023444
-0.663929
-0.400881
0.217164
-0.385372
-0.065835
-0.830200
0.267419
-0.134094
0.789302
0.193942
-0.129926
-0.450367
0.342169
0.434692
-0.848549
0.850242
-0.212651
0.448353
-0.511200
0.151001
0.122263
-0.086976
0.359310
0.586119
0.136359
0.888566
-0.112453
0.881989
-0.646189
-0.020397
-0.350158
-0.299187
-0.533717
-0.274183
0.341223
0.753254
0.032093
-0.955238
-0.332373
0.117784
-0.756352
0.259323
0.717395
0.453225
0.809142
0.084860
0.185075
1.000000
0.725431
0.596743
-0.138201
-0.065294
0.006980
-0.880046
0.466974
0.158882
0.108032
0.070777
-0.791096
-0.355706
0.627633
-0.931565
0.011154
-0.991012
0.449560
-0.582307
-1.000000
0.078044
-0.442904
0.236022
0.041118
0.033097
0.172837
-0.007597
0.120304
0.615853
-0.665606
0.848527
0.319299
0.237117
0.159254
-0.254628
0.661608
0.504556
0.074250
0.001190
-1.000000
-0.047171
0.094221
-0.610047
0.667111
0.029309
0.872469
-0.281688
-0.871572
-0.485117
0.167264
0.282837
0.087611
-0.354080
0.059550
-0.040518
-0.939766
0.083906
0.573407
-0.280287
0.243259
0.201830
-0.092318
-0.204256
-0.382117
0.322157
0.455181
-0.733300
0.267032
-0.380977
0.475923
-0.261353
-0.010892
-0.039660
0.092044
-0.153265
-0.575489
-0.071655
0.121293
0.677901
-0.530133
-0.654912
-0.590896
-0.055557
-0.492450
-0.618037
0.345219
-0.397416
0.153639
-0.375858
-0.142881
0.988025
0.406966
-0.059585
-0.959261
-0.043354
0.377560
-0.364532
0.651743
0.019493
-0.334040
0.997638
1.000000
-0.014581
-0.544038
0.217361
-1.000000
-0.205791
-0.937877
-0.633418
-0.297296
0.920282
-0.192256
0.761955
0.516328
-0.336447
0.157388
-0.324628
0.001819
0.149057
-0.172742
-0.146016
0.043080
-0.421226
0.623475
0.598009
-0.268710
0.444376
0.188749
0.306563
-0.185481
-0.559454
-0.766681
0.075013
-0.130867
0.103364
0.866651
0.051221
0.387562
0.449674
-0.338198
0.362530
0.515056
0.494172
-0.003874
0.579736
-0.816880
0.317843
0.395991
0.360488
-0.126767
0.296387
0.244473
0.920107
0.473013
-0.611903
-0.818028
-0.196119
-0.427942
1.000000
-0.115524
-0.226592
-0.750244
0.209336
-0.124238
0.400856
0.115392
-0.181211
-0.345533
-0.443840
0.677763
-1.000000
-0.082971
0.075333
0.568384
-0.098883
-0.178405
0.175525
-0.021283
-0.554947
-0.578667
0.122058
-1.000000
0.133018
0.304025
0.168399
-0.832680
-0.168212
-0.658511
0.211352
-0.114944
-0.132917
-0.787724
0.287341
0.031542
-0.656532
-0.499398
-0.221621
-0.029769
-0.583201
0.070645
0.732664
-0.716531
-0.709536
-0.129574
-0.084316
0.634438
-0.279686
-0.104808
0.312980
-0.047781
-1.000000
-0.503243
-0.857213
-0.174288
-0.377895
-0.020261
0.172470
-0.340286
-0.089695
-0.418564
1.000000
-0.384767
0.250747
0.166470
-0.106911
0.576362
-0.824657
1.000000
0.676999
0.334882
0.387877
-0.267990
-0.057900
0.148333
-0.218471
-0.296401
-0.481175
-0.103244
-0.862634
0.306384
0.468153
0.391509
-0.451730
-0.820286
0.276125
0.271169
-0.592097
0.042271
-0.193398
0.604246
0.119712
-0.068433
-0.115003
0.786490
0.928884
0.574123
0.445744
-0.002579
0.482799
-0.432115
0.656806
0.024275
-0.129526
-0.483968
-0.791155
0.426607
-0.163168
0.057651
-0.320654
0.077077
-0.470635
-0.621329
0.668736
0.372588
-0.115152
-0.185899
0.293742
-0.870066
-0.294125
0.174351
0.258540
0.503272
-0.890528
0.625530
-0.679513
-0.248557
-0.541636
0.505450
-0.530607
-0.165478
0.440592
0.583654
-0.208675
0.187257
-0.061746
0.744813
0.038962
-0.546453
-0.075161
-0.972288
0.284059
0.160618
0.025972
-0.033128
-1.000000
0.362504
-0.062942
0.504477
1.000000
-0.976455
-0.022609
0.619551
-0.038270
-0.236001
0.391249
0.758553
-0.076166
0.123277
-0.355564
-1.000000
-0.288976
0.800407
0.004194
-0.368837
-0.470575
-0.608814
-0.280987
-0.009797
-0.436082
0.440401
-0.005803
-0.254340
-0.145192
-0.667737
0.430049
0.225182
-0.037373
0.035894
-0.030314
-1.000000
0.140515
-0.818359
0.131011
-0.168347
0.347952
0.138560
0.069927
-0.163119
-0.184942
-0.227955
0.303371
-0.300786
0.140388
0.249863
0.388038
-0.800489
0.881748
0.030567
-0.067460
-0.428655
0.312820
0.209798
-0.238417
0.534992
0.882452
-0.305411
0.681319
0.197389
-0.216701
0.078422
0.034794
-0.432311
-0.943899
-0.707288
0.369883
-0.363447
0.037554
-0.555992
0.679772
0.032523
0.252443
0.266371
0.353603
-0.059027
0.052199
-0.949323
-0.150266
-0.659079
0.034577
-0.771878
-0.917679
0.809579
0.540794
-0.163592
0.862869
-0.500141
-0.068305
1.000000
0.468210
-0.608673
0.687259
0.227866
-0.380987
0.536305
-0.364188
0.689607
0.032848
-0.110003
-0.374352
0.091349
0.085905
-0.394842
-0.812777
-0.150189
0.643014
-0.052378
-1.000000
0.076210
-0.925796
0.591727
-0.101687
0.228490
-0.780175
0.984041
0.029831
-0.804076
0.936483
1.000000
-0.834522
-0.915764
1.000000
-0.073101
-0.220410
1.000000
-0.190565
-0.158211
0.290731
0.236324
-0.691867
-0.883073
0.094966
-0.462321
0.543880
0.975549
0.192396
0.029253
0.794275
-0.172743
0.563689
-0.533255
-0.117436
-0.076456
0.660652
-0.438514
-0.111698
0.097961
-0.577826
-0.411267
-0.476134
0.544147
0.405948
0.971495
0.567742
0.665455
-0.014266
0.232570
-0.821259
0.135953
0.063911
0.337716
-0.530927
0.516701
-0.048890
0.946231
0.083081
0.527630
0.380244
0.375986
-0.288583
0.395751
-0.929235
-0.108565
-1.000000
-0.669496
0.116868
-0.244304
-0.358993
0.889815
1.000000
0.773207
0.860731
0.815305
0.007415
-0.484638
0.324853
0.147697
-0.430817
0.872203
-0.130262
-0.039147
0.087197
0.061173
-0.300028
0.745936
0.161819
0.936358
0.837922
-0.018946
0.983271
-1.000000
0.129850
0.226998
0.468291
-0.041602
0.310598
-0.737045
0.239378
-0.871103
-0.725406
-0.317397
-0.264470
-0.459884
-0.788757
-0.898323
0.017854
0.280936
0.109355
-0.137968
-0.500847
-0.541007
-0.333357
-0.263107
-0.330776
0.249870
0.243261
-0.113743
-0.117303
-0.866396
-0.063674
-0.240862
0.102833
-1.000000
0.244851
-0.702136
0.476473
0.244450
0.229269
0.042823
-0.576950
0.483431
0.275529
-0.005087
0.197459
-0.220454
-0.719239
0.007329
0.189440
-0.161860
1.000000
0.235158
0.733406
0.078087
-0.144283
-0.071203
-0.232755
-0.952614
0.946811
-0.138925
-1.000000
-0.144201
0.218060
0.016524
-0.402718
0.426523
-0.021198
0.165200
0.063008
-0.340857
1.000000
0.795869
-0.330073
-0.836944
0.316949
-0.104725
0.018980
-0.146243
0.051900
0.202387
-0.131040
-0.411154
0.054032
0.207175
0.037915
-0.073450
0.530092
-0.930695
0.250608
0.068988
-0.115692
-0.125500
-0.483844
0.578640
-0.430136
0.935811
0.428538
0.023731
0.522482
0.012232
0.119705
-0.388650
0.414801
0.955487
0.470696
0.389024
0.387336
0.345883
-0.521832
0.233907
-0.264464
0.265649
-0.553045
-0.986999
-0.652890
0.447267
-0.223438
0.115858
0.595141
-0.838139
0.418769
0.420831
0.741347
0.002291
-0.167401
0.578431
0.474350
-0.310472
-0.156252
-0.408222
-0.955405
0.452983
0.134278
-0.910980
-0.530429
0.174288
-0.031141
0.188463
1.000000
0.580709
0.140354
0.007734
0.795297
0.214221
-0.598103
-0.129612
0.030289
0.799569
-0.351413
0.767496
0.836642
0.103657
-0.371250
-1.000000
0.244287
-0.394849
-0.740300
-0.342701
-1.000000
0.600136
0.128629
-0.083206
-0.048333
-0.389569
-0.778879
-0.000429
0.856591
-0.284316
0.398995
-1.000000
0.097358
0.796631
0.508926
-0.067932
-0.792270
-0.183276
-0.146429
-0.191271
-0.141550
-0.848618
-0.242549
-0.107766
0.085431
-0.520418
0.106486
-0.864217
-0.584521
0.250702
-0.694318
-0.083050
-0.825031
0.547834
0.157689
-0.131558
0.225318
-0.359350
0.036886
-0.288582
-0.367400
-0.422021
-0.586173
0.367708
-0.282137
-0.022497
0.020595
0.034364
-0.647650
0.270817
0.473969
0.259591
0.080053
-0.114383
0.199422
0.109892
-0.045559
-0.344227
-0.503405
0.107424
-0.225628
-0.677437
0.170658
-0.081582
-0.144649
-0.595872
-0.475554
-0.358055
-0.528389
-0.196260
0.691945
-0.457482
-0.298217
-0.075485
-0.829815
0.445482
0.197029
0.661521
0.395529
-0.740614
-0.940867
1.000000
-0.064205
0.213331
1.000000
0.891035
-0.559032
0.498162
0.144234
-0.206554
-0.481947
-0.686997
0.448012
0.179373
-0.664920
0.724751
0.357264
0.147976
0.051728
0.128940
0.880877
0.045140
-0.456356
-0.651911
-0.261339
-0.488380
-0.435946
0.895476
0.023737
0.514984
-0.401782
0.074129
-0.095186
0.895246
-1.000000
0.923122
0.352500
-0.326569
-0.479646
-0.658293
0.066525
-1.000000
0.336589
0.408289
0.093174
-0.730166
0.836115
0.252510
-0.074985
0.384699
0.183513
0.691093
0.010659
0.610762
-0.927581
0.095698
0.846907
0.042454
0.652047
0.776684
0.618671
-0.026084
0.059155
0.297045
0.139268
-0.030480
0.030332
-0.218595
0.166505
1.000000
-0.049399
-0.658063
0.128552
-0.285112
0.472073
0.382933
-0.399483
-0.599819
0.586141
-0.046741
1.000000
1.000000
0.982415
0.270618
-0.605302
-0.216371
-0.918844
-0.008083
0.456982
0.122652
-0.002785
0.209561
-0.856163
-0.295399
-0.123568
-0.301569
0.861302
-0.591717
0.002230
-0.392461
-0.028619
0.256297
0.605568
0.869494
-0.268152
-0.228999
-0.886337
0.929246
-0.478484
0.030733
0.209464
1.000000
-0.041926
0.102210
0.628544
0.721826
-0.509688
0.208294
0.409209
-0.252529
-0.643481
0.366660
-0.128718
0.058988
-0.195879
0.387293
1.000000
-0.705060
-0.529851
0.498860
0.450800
-0.980472
0.679305
-0.947093
-0.449322
-0.469380
-0.406398
0.146718
0.363221
0.283720
0.048528
0.249910
-0.451268
-0.341134
-0.421782
-0.122802
-0.059660
-0.018483
-0.272923
0.034680
0.226736
0.344184
0.207991
0.058947
0.354757
-0.160555
0.207006
-0.262754
-0.868571
0.486830
-0.366301
-0.224473
0.707875
0.060839
0.221156
0.171299
-0.093817
0.392591
0.699311
1.000000
-0.081092
0.130057
1.000000
0.612441
-1.000000
0.257259
-0.072094
-0.211587
0.740308
-0.597979
-0.513130
0.015474
0.533047
-0.081702
-0.298396
0.281746
-0.348685
-0.013533
-0.601630
0.043047
0.440155
-0.387685
0.436429
0.923897
-0.529011
0.059356
0.911219
0.208541
-0.591904
0.481122
-0.240348
0.228242
-0.100268
-0.206404
0.195762
-0.502427
-0.801366
-0.706006
0.181746
0.577059
0.819202
0.476773
-0.119451
-0.506840
0.477981
-0.115924
0.218468
-0.029110
-0.464661
-0.248486
-1.000000
0.909217
0.230233
-0.506802
0.596052
0.063747
-1.000000
0.110742
0.248106
0.761202
0.123516
-0.405321
-0.420869
-0.088008
-0.319788
0.429629
-0.502880
-0.727353
0.109028
0.931504
0.010057
-0.360857
0.475207
0.089137
0.627829
0.563191
-0.221633
0.368058
-0.626201
-0.380676
0.280395
-0.250214
-0.345577
0.497841
-0.686793
0.359689
0.117531
0.049803
-0.134961
-0.093030
0.417218
0.403724
1.000000
-0.046443
-0.160973
0.097664
0.365340
0.563311
0.083073
-0.371043
-0.133762
-0.448485
-0.168552
0.680441
0.840645
-0.184448
0.128711
0.215395
0.029941
0.479383
-0.581033
0.097641
0.196891
-1.000000
0.212922
-0.001104
-0.060944
-0.111504
0.355239
-0.365347
-0.408632
0.176842
0.878234
0.561745
-0.065447
0.049284
-0.076508
-0.106541
0.487180
0.534158
0.956972
0.026258
0.343829
-0.290708
0.725196
-0.104924
-0.761458
-0.467805
-0.306113
-0.326585
-0.025783
-0.517027
-0.450212
-0.302419
-0.070183
-0.011967
-0.446243
-0.260020
0.438367
0.475711
0.813051
-0.580184
-0.067753
-0.292174
-0.086704
0.204668
-0.454530
0.090656
-0.028782
-0.207539
0.062372
0.249817
-0.353054
0.518583
0.203927
-0.150576
-0.821529
-0.417232
-0.597438
-0.119104
-0.849043
-0.341550
-0.531954
0.228347
0.153136
-0.451061
0.359413
-0.765370
0.486292
0.522495
0.097466
0.148200
0.065147
-0.002801
-0.954427
-0.264744
-0.176405
-0.171406
0.548668
0.233723
-0.570638
-0.208224
0.183930
0.209308
-0.529837
0.612935
0.290291
-0.484349
0.443104
0.136672
0.524642
-0.088117
-0.188585
0.336697
0.394087
-0.058303
-0.021819
0.899365
-0.992698
0.266127
-0.728491
-0.608340
0.028267
0.411610
-0.103252
-0.473599
-0.092435
-0.411597
0.075454
-0.653680
0.064841
0.335510
-0.297333
-0.020012
0.343955
-0.385785
-0.949809
0.344489
0.401101
-0.026496
-0.104266
0.736515
0.709240
-0.251481
-0.179427
-0.405007
-0.507405
0.402688
0.203995
-0.872223
0.107210
-0.023726
0.322358
-0.373959
-1.000000
-0.051569
-0.516527
0.593619
0.910275
0.489770
-0.467240
0.770879
-0.057278
-0.518699
0.089750
-0.984184
-0.101434
0.410560
-0.792229
0.073359
-0.031138
-0.355572
-0.162467
0.892241
0.466092
0.107896
0.071636
-0.104938
0.210375
-0.073597
0.321906
-0.377172
0.785652
-0.009706
-0.787786
-0.904579
-0.322341
0.588113
-0.322578
1.000000
0.366453
-0.459283
-0.299325
-1.000000
-0.119202
0.752320
-0.526890
0.102403
0.430311
-0.057734
-0.251863
-0.346053
0.051500
0.304693
-0.368621
0.086830
0.300065
-0.315947
0.646590
-0.206304
0.256761
0.258653
0.898798
0.439976
-0.103319
-0.200831
-0.700328
0.374783
-0.893312
0.442947
-0.072666
0.181724
-0.419400
0.227548
-0.217293
0.439436
0.019001
-0.740107
-0.015049
-0.410732
-0.962533
-0.379046
0.545406
-0.298414
-0.696044
0.009593
-0.304940
0.028553
0.865389
0.757955
0.074886
-0.330906
0.471752
0.623390
-0.333841
-1.000000
0.583329
0.267061
0.323817
0.387289
0.086119
0.790671
-0.403820
0.651992
0.008677
-0.281880
0.431399
0.207456
0.927860
-0.020949
0.126097
-0.366891
0.151118
-0.640860
-0.904237
-0.067548
0.306326
-0.293595
0.056946
1.000000
-0.439056
-0.820610
-0.453288
-0.305874
0.586698
-0.154785
0.028349
-0.110602
-0.850457
-0.302212
0.041542
0.274798
0.078101
-0.009223
-0.503031
0.251628
0.354909
-0.484425
-0.517500
0.570830
0.283566
0.263648
-0.269222
0.070246
0.510032
0.247298
-0.258501
-0.962314
0.550031
0.667358
0.437178
-0.180739
0.080133
-0.344049
-0.588278
-0.593420
0.264800
-0.472479
0.911969
-0.176679
0.295072
-0.321563
0.971045
-0.953016
0.032568
-0.032272
-0.383026
0.402043
-0.086413
0.485841
-0.700538
-0.489387
-0.664174
-0.009339
-0.155252
0.121200
-0.173629
-0.910377
0.391558
0.035572
-1.000000
-0.318605
0.355110
-0.284759
-0.695852
0.629081
-0.950838
-0.221147
-0.542062
0.118293
-0.661796
0.708811
0.870323
-0.023010
0.480526
0.536723
0.578521
0.424956
0.648641
0.172303
-0.112462
-0.210248
-0.250087
0.348878
0.692130
0.660485
0.339352
-0.037546
-0.700774
0.218601
0.942724
0.294756
-0.760134
-0.260348
-0.264981
0.032177
-0.109616
0.129434
0.483596
-0.243933
-0.352858
-0.464208
0.119880
0.162589
-0.191019
-0.141709
-0.650832
0.563409
-0.107052
-0.160994
-0.337772
-0.106635
-0.144681
-0.545035
0.939485
-0.445476
-0.456502
0.267845
-0.163825
-0.040613
0.061405
0.452443
-0.271469
0.457074
-0.190182
0.562955
0.452216
1.000000
0.996439
0.236196
0.192101
-0.472302
0.582198
-0.170607
-0.870762
0.323721
-1.000000
-0.947613
0.726585
-0.230804
-0.605580
0.401942
0.358133
0.363163
0.011637
-0.484197
-0.458049
-0.298235
0.416271
-0.127084
0.190455
-0.633155
-0.473466
0.495165
0.100010
-0.309424
-0.778439
0.466870
0.634012
0.411966
0.131651
-0.167953
-0.237839
-0.076168
0.109512
-0.237742
-0.058027
-0.314091
0.493202
0.305888
-0.036902
0.394352
0.028507
-0.384845
0.077904
0.182477
0.541103
0.533392
-0.059020
0.700424
-0.151254
-1.000000
-0.111197
-0.357430
-0.704879
-0.197886
-0.586900
-0.331342
0.627867
0.406037
-0.584340
-0.157396
0.454589
0.347722
0.514160
-0.399334
0.523601
0.860637
-0.109725
-0.188799
0.426172
0.153805
-0.755393
-0.496393
0.243922
0.770933
-0.356757
0.176321
-0.452669
-0.020439
-0.205463
-0.389341
0.133725
-0.245873
0.135027
-0.696930
0.228836
0.927522
0.489186
0.327972
-0.142041
0.953004
0.495598
-0.196899
0.022520
-0.074620
0.553719
-0.304897
0.420012
-0.580963
-0.171355
0.450938
0.277375
0.090239
0.702663
-0.462448
0.059119
-0.002510
0.856241
-0.305845
0.238755
-0.946291
0.187199
0.573670
-0.292522
0.088112
0.996289
-0.646077
-0.836880
-0.298859
-0.405768
-0.134736
-0.777871
-0.421997
0.151618
-0.338309
0.091398
-0.418570
0.054555
-0.530294
-0.042282
-0.572931
-0.429805
-0.766467
-0.089504
-0.406831
-0.092150
-0.359097
-0.200458
0.195446
0.185449
-0.076804
0.005248
-0.638390
-0.140490
-0.368133
-0.504180
0.969729
0.575798
0.456151
-0.400348
-0.355238
-0.376390
-0.210217
0.276546
0.275462
0.679297
1.000000
0.115489
0.920886
-0.066101
0.138122
0.599127
-0.393022
0.364740
-0.648964
-0.361282
0.810288
0.111567
0.426469
0.407245
-0.352598
0.233550
-0.221500
-0.100538
0.830953
0.010648
-0.806943
0.303588
-0.492206
-0.776284
0.369354
0.334945
-0.920924
0.211405
-0.203612
-0.087434
-0.702355
0.127342
-0.182536
0.069947
-0.291108
0.497257
-0.394767
0.250129
0.186459
-0.008339
-0.129598
-0.541117
0.486979
0.087455
0.149456
0.176955
-0.216585
-0.343921
-0.571845
-0.377463
0.353343
-0.001603
0.162635
0.288129
0.331288
-0.112528
0.497989
-0.518040
1.000000
0.304213
-0.519612
-0.425791
0.180250
0.207317
-0.226650
-0.875984
-0.155533
0.578452
-0.281821
-0.565475
0.613397
-0.307141
-0.103260
0.200667
-0.612686
0.405095
0.553102
-0.403477
-0.803707
-0.189102
-0.270220
0.493894
0.714840
-0.125807
0.568094
-0.197924
-0.085386
-0.917480
0.675938
-0.448917
0.184394
-0.809732
0.033636
0.339427
-0.895672
-0.839429
-0.320194
0.153400
-0.072687
-0.177999
-0.781222
0.115983
-0.188141
0.379985
0.457950
0.223491
-0.486364
-0.445551
-0.165260
-0.321335
-0.942819
0.550338
0.058678
0.168019
-0.881487
-0.690068
-0.437886
-0.122195
0.037715
0.563335
0.380330
-0.711836
1.000000
0.220087
0.073541
0.870312
0.030228
0.239299
0.331529
0.565121
-0.383112
-0.505760
-0.864335
-0.027976
-0.366727
0.803961
0.345649
-0.165305
-0.150858
-0.556348
0.186934
-0.737276
0.057545
-0.309372
0.153690
-0.191363
-0.310588
0.403601
-0.539336
-0.022048
0.954667
-0.277534
-0.795021
0.650136
-0.871161
-0.376825
0.280618
-0.051580
-0.392327
0.094604
0.065252
-0.096660
0.897705
0.250936
-0.916507
-0.067948
-0.385200
-0.128848
-0.700744
-0.153770
-0.121421
0.407855
0.179499
-0.834512
-0.494612
-0.194055
-0.955367
-0.210761
0.003435
-1.000000
-1.000000
1.000000
-0.022167
0.558408
0.887082
-1.000000
-0.029993
-0.295407
0.027730
-0.242385
-0.273791
0.012727
0.480952
0.043805
-0.981389
0.694831
-0.269090
0.445919
-0.373921
-0.170039
-0.719412
0.030715
-0.119279
-0.724089
0.251349
-0.546071
-0.397965
-0.056423
-0.184701
-0.218750
-0.375283
0.410667
0.204294
0.500455
-0.017290
0.159989
-0.729026
0.292022
0.758131
0.088788
0.175864
0.355742
0.368663
-0.087757
-0.673235
-0.756210
0.265940
-0.626726
-0.824073
0.853157
0.843273
0.260596
-0.917212
0.795682
-0.271006
-0.727077
0.127665
-0.373057
-0.353970
0.088809
0.084670
0.598683
-0.619060
0.641461
-0.844686
-0.026086
0.696089
0.309420
-0.073198
-0.041166
0.162688
-0.815914
0.093332
-0.645212
-0.750194
0.620479
-0.163305
0.165008
-0.083637
0.316397
-0.591565
0.716881
0.556984
-0.507062
-0.041004
0.105945
-0.162660
-0.426513
0.325480
-0.428198
-0.291652
-0.506034
0.006153
0.430327
0.345798
-0.675305
-0.870730
-0.474522
0.205798
0.144409
-0.500452
0.309118
-0.917574
-0.438680
-0.203718
0.422559
0.861402
-0.218695
-0.024450
-0.241822
-0.220214
-0.775832
0.454634
0.289212
0.122597
0.901942
0.013280
0.417213
0.171385
-0.026093
-0.827521
0.744976
-0.067265
-0.627661
-0.231553
0.486382
-0.124187
0.157632
-0.152498
-0.102083
0.976251
-0.242209
0.066045
0.359193
0.073495
0.066800
-0.073153
-0.397604
-0.570585
-0.279730
0.172084
0.374532
0.267543
-0.680546
0.503028
-0.045316
-0.634362
0.346223
-0.505692
-0.239151
0.011176
-0.666954
0.770295
-0.050856
0.363521
0.575435
-0.757129
0.160427
-0.541525
-0.330764
0.227805
0.374288
0.344790
0.243081
0.098772
-0.906262
0.232053
0.434280
0.166556
0.569721
0.247179
0.485643
0.119310
-0.383723
0.530865
0.223438
0.182946
0.507811
-0.041044
0.307398
0.533784
0.418045
0.334782
-0.483375
-0.096359
-0.143975
0.325400
-0.152652
-0.258231
0.522569
-0.007615
-0.369645
0.045217
0.749578
0.017370
0.275481
0.089934
0.577518
-0.342605
-0.332518
0.383522
-0.606303
-1.000000
0.105876
-0.575719
0.325407
0.080020
0.779234
-0.774392
-1.000000
0.407591
-0.251253
0.664933
0.309947
0.456945
-0.142872
0.215284
0.243849
0.085498
0.809793
0.003409
-0.871312
-0.604254
-1.000000
-0.432919
0.363364
-0.728516
0.210293
0.235057
0.065169
0.711617
0.062614
0.321369
-0.185236
-0.237410
0.316332
-0.847224
0.240933
-0.021444
-0.294961
0.004275
0.476124
-0.092709
-0.516217
0.993528
-0.687153
-0.117049
0.004741
0.139601
-0.072443
-0.889306
0.402009
-0.428761
0.045131
-0.363400
-0.134817
0.162253
0.119324
-0.831284
-0.998483
-0.930614
-0.481263
0.166039
0.104675
-0.324089
0.570358
0.097983
-0.610276
-0.210605
-0.249972
0.480524
0.474619
0.116785
-0.873518
0.626783
0.420006
0.061287
-0.794682
-0.879558
-0.169882
0.806387
-0.244262
0.769268
0.900894
0.281686
-0.178870
-0.391456
0.312112
-0.186192
0.878097
0.632182
0.030681
-0.179866
-0.499073
0.076834
0.006180
-0.110906
1.000000
-0.995963
0.701110
-0.203658
0.120760
-0.305172
-0.180186
-0.497430
-0.405889
-0.338549
0.967582
-0.403548
0.318098
0.788061
-0.446001
-0.278735
0.345268
-0.394879
0.095401
-0.522191
0.056799
0.320344
0.094477
0.413778
0.201531
-0.556880
-0.824134
-0.125989
0.308799
0.488149
-0.445116
-1.000000
-0.324608
-0.513427
0.050637
0.007246
-0.194042
-0.770879
-0.025430
-0.003843
0.389567
0.103310
0.278699
0.084757
0.817212
-0.319380
0.009016
0.571602
-0.190275
0.294166
-0.600622
0.277060
-0.513379
0.043402
0.810270
-0.966866
0.961227
0.168310
-0.390870
0.570388
-0.549485
0.510652
0.212537
0.433006
-0.185443
0.424618
-0.739159
0.406843
0.036928
-0.169663
-0.359504
-0.152137
0.363172
0.250326
0.500732
0.650490
0.505836
0.662481
0.337627
-0.581282
-0.731696
0.874017
-0.123492
0.283926
0.269485
-0.031487
0.041491
-0.134174
-0.056117
0.552127
-0.189374
0.577106
0.143632
-0.603638
-0.061376
-0.920991
0.292002
-0.570598
-0.061703
-0.025917
0.794292
-0.352028
0.114096
-0.104061
0.369444
0.137337
-0.107511
0.247077
-0.250139
0.717118
-0.996831
-0.195499
0.162856
-0.877015
-0.557824
0.730081
0.546406
-0.650995
1.000000
0.197944
0.221820
0.304549
-0.970729
-0.403760
0.384653
0.150249
0.161700
-0.244397
-0.681874
0.024407
-0.087296
-0.613161
0.368284
0.639843
-0.427422
-0.017883
0.300297
0.298668
0.235540
-0.229415
-0.034970
0.178584
-0.181393
-0.027447
0.373914
0.442963
0.336640
-0.160864
0.483997
-0.891401
0.556021
0.048037
-0.550204
-0.172450
0.420978
-0.046385
0.937500
0.873818
-0.613404
-0.430727
-0.895940
0.096765
-0.904091
0.641855
0.695078
0.787837
-0.023149
-0.602055
-0.690740
0.937968
-0.416610
-0.095311
0.426238
-0.221172
-0.248139
0.481608
-0.645828
-0.161203
0.482586
0.544861
-0.519574
0.360235
0.394182
0.113542
0.167458
0.884962
-0.050695
0.101025
-0.218419
-0.287329
0.830600
0.750524
0.290786
-0.334117
-0.297935
0.181811
0.089727
0.483556
-0.377132
-0.133190
0.023055
-0.199440
0.273154
0.241697
-0.774568
-0.027836
0.653901
0.728455
-0.486072
-0.735860
-0.734371
0.457911
0.374309
-0.512864
0.139265
-0.368446
-0.663677
-0.205971
-0.957348
0.227906
0.485819
0.912799
0.150262
-0.958486
0.323786
-0.065424
-0.033408
-0.388806
1.000000
-0.055125
-0.058058
0.344564
0.114006
-0.666998
-1.000000
0.552525
0.865404
-0.366973
0.222799
-0.240864
0.138785
-0.957956
1.000000
0.177284
-0.427514
0.446015
-0.525866
0.015325
0.200010
0.370297
-0.102634
0.472982
-0.405080
-0.618287
0.431429
0.242010
-0.105411
-0.194779
-0.235784
-0.396406
-0.175583
-1.000000
-0.949240
-0.524628
-0.506401
-0.126102
-0.117978
0.198479
0.704014
-0.529133
0.380894
0.170569
0.258033
-0.004723
0.090945
0.013726
0.845504
0.311102
-0.687732
-0.308374
-0.307834
0.366203
-0.226669
-0.126018
0.610295
-0.275885
0.410297
0.849771
0.162254
0.769286
0.449413
-0.907894
0.173872
0.076628
0.093587
-0.470238
-0.071303
1.000000
0.854692
-0.141557
0.409302
0.987613
0.718225
0.224693
-0.065522
0.149579
-0.013570
-0.833806
0.026613
-0.147849
0.690224
-0.021041
0.242837
-0.082412
0.602157
-0.562608
-0.468409
-0.120061
-0.100223
0.650067
-0.002858
0.621346
0.319425
0.509245
0.853178
0.096204
-0.217104
1.000000
0.791871
0.098414
-0.065163
-0.302864
-0.553074
0.336991
-0.050493
0.405027
0.000471
0.205380
0.097378
-0.402769
-0.152044
0.755587
0.117262
0.302213
-0.078257
-0.019397
0.309075
-0.169214
-0.469207
0.029175
0.317000
0.609228
0.903749
-0.165741
-0.481527
0.042740
0.848685
0.609807
-0.104540
1.000000
-0.750849
-0.360745
0.406524
-0.012306
0.772054
-0.672479
-0.976869
0.782214
-0.116162
0.132812
-0.284949
-0.520980
-0.647036
-0.479583
0.024830
-0.665960
-0.198971
-1.000000
0.359721
0.292299
0.597421
-0.078918
0.608531
0.582460
0.466519
-0.254544
-0.024574
0.039619
-0.293981
-0.166646
-0.174921
0.645946
-0.848351
0.198577
-0.843419
-0.344288
0.122813
-0.864719
0.429490
-0.886405
-0.763540
0.614147
-0.733308
-1.000000
0.592887
-0.040683
0.896426
0.134145
0.424101
1.000000
-0.398192
-0.390111
-0.100297
0.005425
-0.825336
-0.210250
-0.817901
-0.078122
0.350581
-0.249389
-0.480232
0.253367
-0.638992
-0.090475
0.317733
-0.822573
-0.142004
0.094247
-0.160845
-0.202960
-0.824601
0.287978
0.243093
0.295567
0.164604
-0.526021
-0.531603
0.838913
-0.229244
0.613055
1.000000
0.014331
0.143431
-0.302302
0.075813
-0.570286
0.341811
0.241868
0.164285
-0.104087
1.000000
-0.149027
-0.535875
0.128897
0.332644
-0.067243
0.185698
-0.164427
-0.046539
0.460925
-0.145704
-0.076871
0.181401
0.939905
-0.312010
-0.998886
0.258030
0.331895
-0.065397
-0.458569
-0.974634
-0.369601
-0.139379
-0.544081
-0.527475
-0.250560
-0.864309
1.000000
0.287553
-0.042659
-0.176768
-0.035278
-0.021348
-0.367840
0.612653
-0.228320
-0.542191
-0.147743
0.548713
-0.367604
0.804688
-0.022323
0.134724
-0.557631
-0.187694
-0.105636
-0.543267
-0.089609
0.073102
-0.323063
0.917828
-0.018375
-0.042640
0.296138
-0.232616
-0.133295
1.000000
-0.074106
-0.077376
0.074672
-0.038619
-0.320791
0.614099
0.447999
-1.000000
0.186813
0.524295
-0.047279
0.506121
-0.690091
0.374806
0.694955
0.814533
0.616349
-0.232143
-0.835111
0.202779
0.154421
0.285762
0.907452
0.436150
0.123613
0.228891
0.300447
0.748777
0.894565
-0.134598
0.444348
0.407985
0.730642
0.848227
0.423237
0.703597
-0.882020
-0.207906
-0.011308
0.109373
-0.278644
0.413402
-0.091821
-0.380644
-0.146670
0.727596
-0.020803
0.219269
0.335816
0.714752
0.237480
0.100468
0.677520
0.726647
-0.029685
0.095087
0.062210
0.038428
0.016899
-0.723898
0.056074
0.900639
0.348406
-0.196636
-0.426369
0.232051
0.474684
-0.047328
-0.313130
0.998905
-0.141770
-0.044998
0.021683
0.827876
0.732182
-0.077027
-0.049022
0.012823
-0.047470
0.067353
-0.937381
-0.197092
-0.292975
-0.364113
-0.031090
-0.221973
-0.062866
0.003030
0.573839
-0.165122
-0.251237
0.250027
0.324349
0.991269
-0.535497
0.137721
-0.797641
-0.299424
-0.374997
0.763202
-0.189837
0.079415
-0.441482
-0.568198
0.855835
0.649358
0.329333
0.158187
0.350513
-0.322457
0.010767
-0.627847
-0.003261
-0.106510
-0.119519
-0.048975
0.330367
0.722485
0.262470
0.546066
-0.505369
0.809755
-0.130650
-0.335869
0.347176
0.296919
0.438949
0.000056
-0.401430
0.964780
-0.628627
-0.763715
0.319536
-0.257234
0.048982
0.484005
-0.277614
0.329920
0.571786
-0.402208
1.000000
-0.461913
0.001744
0.142656
-1.000000
0.052046
-0.080247
-0.535602
-0.078532
0.815792
-0.441907
0.142716
0.290999
-0.026653
0.429921
1.000000
-0.872768
-0.284681
1.000000
-0.162850
-0.097646
0.976588
0.385025
-0.002822
-0.240780
-0.326962
0.596568
-0.447209
-0.327169
-0.674705
0.250209
-0.842194
-0.132162
0.382466
0.479080
0.118330
-0.311447
-0.344804
-1.000000
-0.028832
-0.165535
-0.028820
-0.976588
-0.092958
-0.850963
0.255472
-0.623636
0.054559
-0.370514
0.535987
0.334220
-0.187832
-0.136861
-0.091617
-0.224564
-0.065717
-1.000000
0.941216
0.119842
0.310247
-0.352445
0.275799
-0.650344
-0.005337
-0.073916
-0.035476
0.407183
-0.882181
0.074809
0.347381
0.031354
0.794876
0.384370
-0.509847
-0.160991
-0.360865
-0.400926
-0.365052
0.582573
-0.608174
0.507227
-0.556721
0.876058
0.353411
-0.970322
0.033750
0.866610
-0.486008
-0.804529
0.667134
-0.376335
0.055181
-0.162211
-0.027006
0.274145
-0.122257
-0.525616
0.628134
-0.233183
0.249685
-0.117726
-0.429330
-0.849933
-0.145114
0.791359
0.001696
0.026774
-0.195291
-0.199850
-0.591277
0.217079
-0.293301
-0.753336
-0.202491
0.422587
-0.002543
-0.005161
-0.618419
-0.609828
0.019525
-0.714111
-0.576722
0.478011
-0.295768
-0.124606
0.008302
-0.638067
-0.096872
0.485055
0.172347
0.343010
-0.531983
-0.261371
-0.391962
-0.299928
0.159220
0.484367
-0.501167
0.063448
0.042066
-0.293651
-0.329958
0.051695
0.444358
-0.741037
-0.352454
-0.707641
-0.471447
0.110450
0.171542
0.216578
0.649286
1.000000
0.872110
-0.190706
-0.812367
0.473275
-0.956538
-0.369155
0.050370
-0.228822
-0.312698
0.470056
0.534289
0.613721
0.063349
-0.949387
0.789115
-0.289276
0.299100
-0.924520
0.519110
0.437478
0.187480
-0.357334
0.980711
0.049724
-0.239077
-0.349185
-0.229882
1.000000
-0.444990
0.190791
-0.873136
0.087327
0.083415
-0.545332
0.364229
-0.078764
-0.056652
-0.323419
0.066874
-0.302572
0.112687
0.486229
-0.670044
0.269587
-0.117955
0.253761
0.351230
-0.243649
0.068703
0.108075
0.101352
-0.144678
0.982559
0.824740
-0.430836
0.189948
-0.780985
0.161710
-0.589000
-0.329012
0.631211
-0.076562
-0.718329
0.437385
-0.062338
0.225882
-0.282143
-0.236805
-0.123530
-0.068885
-0.546331
-0.440258
0.308702
0.453321
-0.949265
-0.220268
0.304950
-0.402310
-0.007258
1.000000
1.000000
-0.106698
0.436927
0.712638
0.270757
-0.715856
0.322090
0.005624
-0.199750
0.564236
-0.349630
0.638458
0.492671
-0.178972
-0.616557
-0.521331
0.185027
0.755013
0.011038
0.259404
-0.463424
-0.909275
0.073506
0.054689
0.133363
0.092654
0.101727
0.059736
0.158162
0.011055
0.034518
0.102041
0.011995
0.017554
0.030539
0.019778
0.006861
0.036055
0.021135
0.074406
0.036885
0.072364
0.039558
0.027988
0.050532
0.042831
0.025848
0.026035
0.030615
0.075586
0.156179
0.101743
0.148990
0.043709
0.015460
0.038959
0.014786
0.059356
0.008889
0.028418
0.036141
0.066950
0.057044
0.062947
0.027291
0.053390
0.057634
0.016714
0.058879
0.030631
0.013737
0.080234
0.017743
0.154081
0.029438
0.009674
0.100465
0.020399
0.071424
0.039812
0.015720
0.019139
0.167784
0.073619
0.149921
0.100412
0.080681
0.022073
0.488731
0.023328
0.092112
0.095866
0.116437
0.043954
0.094899
0.054042
0.078710
0.014090
0.036588
0.056659
0.075980
0.120303
0.033953
0.047652
0.139034
0.017879
0.027941
0.080990
0.055758
0.124447
0.106340
0.044269
0.105915
0.037942
0.022064
0.017933
0.044060
0.082858
0.016197
0.071195
0.049236
0.120564
0.028288
0.121719
0.014548
0.049651
0.033972
0.091303
0.054021
0.131873
0.049012
0.012244
0.019045
0.042166
0.125080
0.066210
0.024262
0.201913
0.070747
0.005764
0.057867
0.082578
0.027880
0.025167
0.032009
0.038308
0.049191
0.030848
0.060534
0.153334
0.025090
0.045874
0.034377
0.057275
0.029132
0.079311
0.020618
0.043401
0.016234
0.025748
0.070554
0.017852
0.159741
0.021238
0.032197
0.020241
0.088918
0.122150
0.112455
0.071500
0.049617
0.030112
0.085904
0.097375
0.068666
0.084701
0.096523
0.048456
0.056834
0.035404
0.079643
0.017693
0.098012
0.083538
0.027089
0.068480
0.064862
0.077857
0.054454
0.038927
0.012287
0.032765
0.298957
0.024582
0.010541
0.079964
0.038568
0.345857
0.044088
0.035793
0.027843
0.040170
0.082989
0.038590
0.015298
0.138162
0.066836
0.019613
0.065331
0.459848
0.100685
0.020820
0.056712
0.015997
0.042587
0.070001
0.019638
0.109856
0.071315
0.006041
0.315506
0.104363
0.025054
0.051917
0.019935
0.036553
0.049425
0.114224
0.051837
0.077770
0.012111
0.106031
0.031868
0.096437
0.016819
0.115615
0.036719
0.014073
0.026903
0.050484
0.035825
0.104235
0.062676
0.044959
0.044475
0.024507
0.314654
0.380619
0.144541
0.060691
0.023891
0.061941
0.018279
0.087489
0.090699
0.024538
0.074923
0.083402
0.065698
0.038534
0.093290
0.022157
0.037697
0.031241
0.057494
0.082480
0.191660
0.130292
0.050832
0.046458
0.075500
0.033668
0.121347
0.046426
0.056384
0.036818
0.079284
0.318959
0.044954
0.032146
0.067540
0.028267
0.032908
0.070477
0.034117
0.046688
0.077047
0.004093
0.035456
0.072574
0.065787
0.062591
0.222387
0.104993
0.018301
0.038921
0.032949
0.015597
0.060123
0.085304
0.158392
0.016300
0.016786
0.074918
0.126190
0.029574
0.032362
0.111098
0.135301
0.071348
0.054018
0.081816
0.015253
0.022807
0.279105
0.045888
0.030935
0.036139
0.029637
0.047569
0.071038
0.056956
0.126426
0.014945
0.085342
0.073337
0.034410
0.073140
0.334580
0.097509
0.270638
0.067207
0.017271
0.127886
0.109043
0.017338
0.031389
0.099443
0.191242
0.124452
0.007845
0.038646
0.102278
0.012981
0.123430
0.043719
0.028965
0.025337
0.306692
0.035762
0.063031
0.184158
0.022775
0.032961
0.009008
0.027069
0.010808
0.077521
0.028660
0.028586
0.073323
0.095083
0.057159
0.039641
0.164418
0.111444
0.099137
0.034064
0.050615
0.180436
0.114034
0.109834
0.047905
0.287237
0.022262
0.053972
0.058395
0.028538
0.040249
0.017616
0.061353
0.042190
0.022460
0.011496
0.068927
0.171370
0.118989
0.161475
0.117718
0.076761
0.024908
0.152052
0.157053
0.087366
0.038969
0.005727
0.081697
0.101008
0.082330
0.048450
0.066912
0.070998
0.041301
0.043719
0.048557
0.010110
0.011029
0.083331
0.023161
0.099981
0.093824
0.100838
0.378959
0.575166
0.057108
0.112394
0.028991
0.070614
0.049055
0.240875
0.036607
0.013481
0.047482
0.041224
0.092875
0.055747
0.026441
0.121855
0.096962
0.060879
0.028365
0.057567
0.014389
0.054086
0.031144
0.029736
0.035061
0.018372
0.034074
0.074335
0.044708
0.020678
0.008078
0.053714
0.035434
0.075406
0.066106
0.027614
0.060399
0.060373
0.034395
0.025062
0.082520
0.132278
0.162286
0.166562
0.062089
0.013141
0.040084
0.059981
0.069554
0.066896
0.113791
0.009097
0.065983
0.043844
0.011375
0.424338
0.085399
0.020634
0.051516
0.065361
0.078249
0.017445
0.042469
0.037238
0.027486
0.039140
0.082677
0.028473
0.026219
0.067747
0.026416
0.022348
0.048528
0.044271
0.030999
0.032806
0.199889
0.016740
0.047386
0.070070
0.100425
0.075229
0.019700
0.071936
0.043154
0.015968
0.073191
0.026976
0.031151
0.035255
0.064518
0.074221
0.019884
0.026733
0.014172
0.032886
0.080158
0.327341
0.094363
0.127691
0.072155
0.088208
0.039604
0.031684
0.032934
0.037438
0.054499
1.004629
0.027356
0.184517
0.019312
0.081246
0.060219
0.093060
0.063943
0.013204
0.055546
0.096033
0.052323
0.064040
0.021611
0.057636
0.046940
0.041812
0.031485
0.158161
0.077693
0.011661
0.151156
0.029296
0.041642
0.043664
0.038844
0.075843
0.056455
0.012329
0.133655
0.041141
0.012659
0.027540
0.043586
0.040831
0.197175
0.081926
0.046731
0.024751
0.024432
0.012553
0.052977
0.090550
0.018174
0.220491
0.389555
0.060059
0.030028
0.019646
0.029787
0.030722
0.124774
0.074592
0.044171
0.094518
0.040372
0.014390
0.025259
0.030746
0.103592
0.123412
0.095361
0.133705
0.030913
0.061743
0.023343
0.043124
0.009470
0.054164
0.068146
0.058117
0.016636
0.039537
0.126523
0.077139
0.062584
0.051219
0.100839
0.051230
0.101930
0.015059
0.060101
0.026386
0.028746
0.012805
0.063590
0.027704
0.055397
0.053308
0.046939
0.013769
0.010201
0.008419
0.031018
0.026041
0.056330
0.062009
0.053898
0.050320
0.119184
0.015608
0.054117
0.063647
0.056160
0.020573
0.080859
0.029609
0.009983
0.040084
0.057285
0.209357
0.061637
0.072045
0.157403
0.018543
0.033052
0.076630
0.042997
0.037362
0.037881
0.097634
0.091869
0.011138
0.071274
0.026942
0.087948
0.137166
0.013178
0.041618
0.047054
0.049691
0.083291
0.087922
0.016758
0.122829
0.056699
0.032665
0.020008
0.030270
0.048734
0.057341
0.045199
0.035388
0.018009
0.036053
0.029021
0.024163
0.110039
0.047506
0.015130
0.063662
0.061950
0.101910
0.030388
0.008621
0.028321
0.049892
0.035024
0.042215
0.089136
0.110737
0.012849
0.056908
0.075124
0.073705
0.023030
0.044384
0.051948
0.159570
0.045021
0.084916
0.037635
0.033343
0.068611
0.047850
0.146220
0.129935
0.033621
0.030997
0.031102
0.052653
0.131532
0.059132
0.019355
0.042892
0.114832
0.009947
0.087743
0.101689
0.065692
0.139768
0.015245
0.035520
0.053613
0.170296
0.066970
0.097863
0.064870
0.064758
0.138684
0.027393
0.046208
0.073020
0.019869
0.087860
0.114763
0.176150
0.046508
0.007187
0.016907
0.042765
0.015768
0.033238
0.006509
0.095342
0.082572
0.331194
0.029335
0.081417
0.068006
0.028835
0.042520
0.139784
0.030575
0.055815
0.026209
0.060078
0.135878
0.059080
0.026924
0.042722
0.033444
0.036679
0.082375
0.018529
0.012401
0.040448
0.056182
0.038378
0.027099
0.008058
0.043204
0.047981
0.024619
0.122951
0.027826
0.053894
0.052533
0.033626
0.076955
0.076834
0.018881
0.020794
0.024785
0.149329
0.066326
0.040711
0.049983
0.059009
0.019506
0.063070
0.048476
0.024722
0.021146
0.066854
0.058505
0.079733
0.143596
0.067180
0.303488
0.056041
0.018687
0.061248
0.180044
0.083315
0.067962
0.031736
0.022259
0.095071
0.058133
0.014498
0.215248
0.042910
0.078401
0.135121
0.016023
0.052879
0.033693
0.105623
0.033099
0.008936
0.050197
0.024831
0.085477
0.121771
0.115220
0.028222
0.049888
0.038364
0.085154
0.065099
0.048287
0.050913
0.080288
0.045754
0.037895
0.118424
0.126524
0.035938
0.197013
0.060560
0.057382
0.058034
0.109350
0.048845
0.022827
0.059282
0.048715
0.065551
0.054780
0.025948
0.044178
0.056628
0.038948
0.037840
0.046786
0.091141
0.129162
0.076206
0.024514
0.064933
0.134085
0.121291
0.032954
0.076743
0.044370
0.109025
0.011670
0.121106
0.065311
0.045357
0.007792
0.083980
0.118574
0.116255
0.052907
0.089941
0.062162
0.053403
0.044356
0.078463
0.060265
0.020171
0.068741
0.134347
0.061565
0.064608
0.057997
0.055086
0.034773
0.018008
0.020620
0.301147
0.014601
0.083412
0.098939
0.080370
0.200923
0.041557
0.049107
0.050780
0.089926
0.063482
0.118968
0.034216
0.043647
0.055192
0.036372
0.058010
0.028737
0.035854
0.105955
0.067955
0.036419
0.039849
0.024731
0.048191
0.021482
0.022825
0.117651
0.045036
0.056240
0.017678
0.036272
0.086423
0.053627
0.006727
0.036220
0.046243
0.070300
0.022008
0.043906
0.159974
0.024259
0.035123
0.012410
0.050113
0.013486
0.069307
0.090898
0.212031
0.016929
0.031222
0.098698
0.040696
0.065047
0.247336
0.069350
0.249384
0.035063
0.032238
0.060296
0.028061
0.062239
0.028144
0.012183
0.177548
0.081452
0.016793
0.243074
0.053750
0.019110
0.031582
0.055016
0.213055
0.048871
0.031103
0.076863
0.029908
0.088900
0.090986
0.055412
0.137011
0.068501
0.005668
0.016825
0.130063
0.022037
0.019587
0.036042
0.051777
0.014054
0.049461
0.077885
0.030717
0.067540
0.013321
0.063074
0.041923
0.102521
0.041950
0.180910
0.026060
0.112943
0.033479
0.030244
0.099488
0.052538
0.028197
0.143726
0.246293
0.030982
0.080797
0.075916
0.016115
0.034706
0.106405
0.033454
0.023066
0.095177
0.034668
0.061071
0.017385
0.014736
0.037775
0.044083
0.080636
0.060202
0.080080
0.320738
0.045839
0.031466
0.041291
0.127259
0.031238
0.093642
0.087866
0.053730
0.065708
0.064958
0.117242
0.038347
0.129596
0.023755
0.008602
0.130435
0.034468
0.039102
0.098863
0.067962
0.033884
0.139028
0.068315
0.007408
0.024936
0.070509
0.071070
0.011492
0.053208
0.029042
0.025420
0.026190
0.019104
0.024471
0.041348
0.078160
0.034604
0.065290
0.043252
0.023333
0.048158
0.083120
0.151627
0.054314
0.025739
0.021807
0.025762
0.082277
0.048195
0.065421
0.039904
0.141444
0.031858
0.098268
0.113458
0.013578
0.039661
0.042161
0.059569
0.026645
0.050581
0.052020
0.045091
0.062922
0.021749
0.032512
0.016022
0.035460
0.015579
0.020498
0.043047
0.060667
0.046308
0.028246
0.146454
0.080012
0.092887
0.239347
0.032575
0.064722
0.018636
0.019021
0.023250
0.099514
0.058606
0.039558
0.074495
0.138626
0.106625
0.021595
0.136586
0.073125
0.041403
0.044314
0.042901
0.066061
0.058868
0.136068
0.190080
0.057578
0.083058
0.015629
0.060689
0.024539
0.120062
0.034275
0.023516
0.077123
0.233162
0.009889
0.028945
0.023265
0.085997
0.074128
0.025843
0.095946
0.017886
0.026484
0.080281
0.118370
0.109691
0.053986
0.019235
0.025273
0.012770
0.033901
0.113224
0.040993
0.080555
0.042982
0.096032
0.092384
0.123210
0.096346
0.107690
0.044950
0.042421
0.014053
0.031530
0.015685
0.077780
0.077356
0.125522
0.130315
0.034859
0.045383
0.010911
0.035879
0.031310
0.077236
0.058413
0.029421
0.039856
0.034297
0.028846
0.014220
0.065325
0.040307
0.034181
0.018624
0.083672
0.044964
0.140218
0.037452
0.059744
0.116300
0.132876
0.144141
0.103801
0.074431
0.069173
0.032371
0.099891
0.013316
0.118061
0.116666
0.062711
0.098293
0.083536
0.051808
0.023447
0.083057
0.375273
0.093047
0.237377
0.192587
0.035932
0.016596
0.007445
0.022895
0.087364
0.094354
0.016880
0.064390
0.034250
0.012316
0.137918
0.019857
0.114316
0.039592
0.107353
0.014950
0.077915
0.049093
0.119560
0.017195
0.036483
0.045581
0.031491
0.023959
0.029575
0.108679
0.019052
0.009626
0.062775
0.113244
0.026615
0.021022
0.029276
0.015777
0.049973
0.139464
0.024848
0.014442
0.109216
0.129954
0.012825
0.027010
0.050585
0.028109
0.073033
0.102057
0.098518
0.027471
0.136615
0.027068
0.092373
0.214938
0.130248
0.009076
0.038271
0.028673
0.125010
0.011485
0.074176
0.142848
0.086072
0.078746
0.128892
0.065145
0.021938
0.060036
0.123347
0.085148
0.061604
0.255782
0.105229
0.029687
0.067694
0.043757
0.161308
0.057602
0.113654
0.038655
0.079850
0.008759
0.044378
0.071959
0.040588
0.050120
0.021849
0.049113
0.081886
0.029305
0.043436
0.125258
0.079976
0.064713
0.044911
0.023224
0.014194
0.028838
0.381266
0.053250
0.035395
0.217928
0.061221
0.038168
0.060287
0.033842
0.092296
0.080561
0.046722
0.034028
0.035948
0.155849
0.095356
0.058692
0.122265
0.032867
0.039486
0.092166
0.024636
0.059380
0.052194
0.067539
0.066097
0.046461
0.028670
0.021566
0.062611
0.037360
0.090402
0.131657
0.051939
0.056908
0.037599
0.036804
0.130813
0.048786
0.102038
0.078834
0.029475
0.032138
0.040642
0.081418
0.031339
0.021814
0.077165
0.078014
0.025594
0.171187
0.027300
0.079845
0.059222
0.044929
0.061529
0.206654
0.064538
0.090488
0.021373
0.023123
0.043902
0.020724
0.019407
0.103083
0.037931
0.034357
0.033550
0.035390
0.073026
0.056300
0.162473
0.093026
0.022199
0.055180
0.213901
0.067780
0.068389
0.165096
0.039967
0.070929
0.044107
0.009319
0.042167
0.015958
0.050396
0.021472
0.033566
0.082861
0.041434
0.073663
0.026491
0.012437
0.142483
0.021862
0.057562
0.025990
0.054169
0.004991
0.018105
0.028522
0.290464
0.037832
0.049578
0.068873
0.076872
0.023426
0.115560
0.265152
0.043740
0.017619
0.105809
0.026644
0.121321
0.027887
0.093910
0.018470
0.016759
0.083885
0.032721
0.062916
0.094106
0.129331
0.043421
0.027461
0.034493
0.083003
0.039345
0.052541
0.079891
0.052871
0.024815
0.023628
0.094962
0.029850
0.024864
0.037829
0.023924
0.084127
0.043631
0.102490
0.082413
0.069572
0.191150
0.046663
0.142507
0.069273
0.074675
0.086880
0.113074
0.168451
0.100296
0.034149
0.121018
0.059136
0.044242
0.051180
0.016315
0.055319
0.038361
0.116034
0.082342
0.128769
0.044883
0.054666
0.008664
0.020062
0.147181
0.172130
0.051755
0.057191
0.059028
0.016175
0.052425
0.106519
0.014746
0.050091
0.041776
0.059371
0.124118
0.147104
0.147034
0.023952
0.075720
0.017476
0.012454
0.070514
0.108767
0.040068
0.004529
0.014173
0.146473
0.032966
0.009583
0.059342
0.052669
0.030353
0.011629
0.057925
0.016390
0.015050
0.019632
0.032567
0.041679
0.033446
0.006242
0.035281
0.055521
0.091885
0.176806
0.055361
0.016640
0.019039
0.013726
0.092953
0.014463
0.056454
0.095670
0.171106
0.016085
0.032476
0.049704
0.016854
0.062717
0.025680
0.017124
0.053810
0.028073
0.129180
0.047453
0.027329
0.072348
0.056220
0.111548
0.047786
0.023491
0.190756
0.023432
0.035946
0.044804
0.032014
0.067017
0.027762
0.050705
0.075898
0.051638
0.198937
0.125605
0.046331
0.052850
0.109144
0.055601
0.129284
0.071582
0.064904
0.120264
0.013813
0.022866
0.026526
0.054427
0.034469
0.058558
0.110205
0.027374
0.043909
0.167931
0.021088
0.077276
0.038023
0.072584
0.117312
0.027035
0.052394
0.137552
0.056741
0.098841
0.008068
0.031495
0.022383
0.030077
0.061696
0.034479
0.053936
0.056948
0.013416
0.081561
0.021623
0.095460
0.051685
0.049114
0.064047
0.028397
0.091854
0.045343
0.117104
0.014846
0.025283
0.025359
0.046045
0.622842
0.029939
0.082180
0.026427
0.039389
0.038418
0.040817
0.021864
0.034297
0.015450
0.126789
0.007088
0.037260
0.136117
0.040606
0.034827
0.070494
0.041294
0.364642
0.058765
0.059101
0.051701
0.036154
0.054711
0.017932
0.106666
0.008874
0.041924
0.116145
0.036668
0.018323
0.028072
0.050251
0.073665
0.151613
0.069534
0.058395
0.038648
0.107289
0.012060
0.137837
0.071030
0.187570
0.082588
0.109088
0.132526
0.012621
0.087414
0.156438
0.056161
0.252171
0.016474
0.015446
0.007920
0.057091
0.078979
0.016025
0.048407
0.031738
0.042581
0.085614
0.059927
0.028966
0.090004
0.060004
0.026042
0.093291
0.009041
0.012585
0.112258
0.067026
0.080155
0.138930
0.187733
0.016731
0.028235
0.319237
0.034353
0.041074
0.144669
0.025029
0.021060
0.026488
0.069622
0.382241
0.058390
0.042251
0.049072
0.029841
0.080789
0.104169
0.152833
0.043811
0.024899
0.017825
0.060053
0.016448
0.137910
0.044556
0.079131
0.151655
0.245433
0.064325
0.056099
0.057853
0.082266
0.059969
0.032080
0.041221
0.022744
0.034087
0.043416
0.032887
0.040253
0.026869
0.077147
0.080056
0.024538
0.024934
0.009499
0.160773
0.053438
0.039542
0.073439
0.053188
0.112177
0.042429
0.093564
0.135038
0.106166
0.031576
0.033308
0.012333
0.148578
0.062920
0.166929
0.028494
0.149753
0.007942
0.007606
0.057571
0.009829
0.036901
0.037508
0.074258
0.064187
0.038937
0.049700
0.053958
0.022498
0.015336
0.034030
0.040112
0.106558
0.060416
0.028421
0.051403
0.036799
0.056329
0.074435
0.051345
0.200808
0.095440
0.014133
0.071053
0.115338
0.016528
0.049244
0.019572
0.085547
0.063914
0.049025
0.145461
0.034312
0.046969
0.101572
0.153662
0.018463
0.099871
0.069337
0.064540
0.015659
0.070285
0.049900
0.187444
0.012432
0.160471
0.032587
0.093800
0.025529
0.175616
0.143460
0.064912
0.043304
0.048314
0.021680
0.085578
0.047825
0.029149
0.027529
0.007281
0.045852
0.063680
0.094734
0.117244
0.032981
0.010550
0.074722
0.137214
0.115771
0.073760
0.076945
0.033783
0.077667
0.090980
0.100072
0.022418
0.035759
0.062868
0.058896
0.054105
0.019380
0.061838
0.154185
0.055857
0.024513
0.094909
0.056672
0.048893
0.039058
0.167853
0.035801
0.195054
0.057827
0.090750
0.069620
0.103430
0.124282
0.197402
0.049571
0.079962
0.011423
0.021371
0.045519
0.018099
0.142527
0.017436
0.107672
0.104068
0.015058
0.029632
0.070333
0.053542
0.045832
0.049603
0.074907
0.073688
0.027575
0.067946
0.083207
0.074632
0.064245
0.026182
0.101405
0.157771
0.019601
0.015840
0.036708
0.023540
0.064688
0.016130
0.026632
0.114688
0.125201
0.220629
0.058372
0.020841
0.044390
0.059001
0.108126
0.042706
0.061379
0.036159
0.051037
0.077287
0.007545
0.077664
0.022657
0.076506
0.022696
0.109754
0.018178
0.041671
0.015338
0.097330
0.025187
0.073003
0.035305
0.020374
0.029522
0.045537
0.038957
0.023233
0.013361
0.017248
0.123292
0.133483
0.103951
0.044797
0.013778
0.079098
0.069573
0.020704
0.065279
0.087042
0.033864
0.149459
0.028073
0.070698
0.023574
0.042156
0.214233
0.031777
0.070549
0.127115
0.109644
0.084096
0.043331
0.018847
0.066591
0.027037
0.052616
0.217956
0.209753
0.029026
0.026433
0.013442
0.035378
0.029207
0.039563
0.042915
0.071824
0.120174
0.025000
0.054707
0.052947
0.056217
0.079874
0.025617
0.061996
0.104896
0.153216
0.036711
0.033004
0.074651
0.013122
0.062664
0.079915
0.092959
0.046495
0.048584
0.135236
0.086697
0.027497
0.069315
0.049052
0.036686
0.063683
0.143722
0.026498
0.009214
0.062360
0.046201
0.071983
0.033846
0.039482
0.023980
0.069736
0.096190
0.067451
0.061901
0.029296
0.043384
0.098541
0.030632
0.049595
0.008163
0.205569
0.027467
0.125158
0.067273
0.029367
0.039641
0.039212
0.021601
0.054142
0.056383
0.052955
0.060108
0.076824
0.044004
0.073701
0.016378
0.044864
0.026443
0.026507
0.044044
0.015375
0.047984
0.060873
0.010596
0.097649
0.014122
0.045151
0.006633
0.063620
0.017185
0.076516
0.077602
0.009641
0.090820
0.094044
0.070289
0.005783
0.019830
0.042952
0.026611
0.189014
0.017309
0.046742
0.013878
0.206580
0.065436
0.048917
0.093186
0.070636
0.073377
0.088670
0.140557
0.085210
0.038170
0.033212
0.046431
0.038874
0.137967
0.021880
0.071405
0.037764
0.065793
0.114000
0.071755
0.079391
0.069323
0.041361
0.192547
0.156203
0.071445
0.041589
0.026823
0.061220
0.043346
0.016566
0.053227
0.094972
0.003259
0.022051
0.040846
0.082855
0.036287
0.091144
0.011436
0.035789
0.100579
0.076625
0.176666
0.046125
0.011868
0.083689
0.208349
0.032176
0.101884
0.034963
0.059674
0.085296
0.158685
0.023467
0.066986
0.083864
0.025699
0.021958
0.555957
0.038689
0.035666
0.099077
0.027846
0.101669
0.067044
0.058615
0.039944
0.087110
0.047705
0.103292
0.027919
0.055912
0.075555
0.116790
0.066141
0.026903
0.030445
0.070215
0.059665
0.265064
0.039525
0.041280
0.060077
0.019598
0.038614
0.081838
0.134367
0.133631
0.053256
0.044629
0.049812
0.034116
0.039593
0.044734
0.287222
0.011158
0.035848
0.025652
0.034596
0.042029
0.004941
0.054575
0.089861
0.030164
0.038677
0.029064
0.123908
0.044659
0.089669
0.045456
0.032740
0.007129
0.055783
0.097033
0.070277
0.229829
0.038108
0.051094
0.014989
0.060565
0.052541
0.038259
0.057326
0.023264
0.053766
0.081557
0.056223
0.040224
0.067385
0.009375
0.029666
0.005565
0.025627
0.014557
0.122887
0.013553
0.049304
0.067027
0.014893
0.025278
0.018491
0.018773
0.062837
0.079633
0.132646
0.115480
0.006305
0.014065
0.020399
0.063363
0.023529
0.123476
0.016179
0.132516
0.105491
0.051737
0.010851
0.025338
0.038097
0.028314
0.082405
0.075371
0.031344
0.019228
0.129139
0.026534
0.058233
0.044723
0.061322
0.017466
0.442579
0.061670
0.051315
0.020144
0.025658
0.154491
0.043060
0.040156
0.030199
0.060900
0.087798
0.123468
0.023468
0.166795
0.103711
0.063988
0.034664
0.044668
0.039247
0.112470
0.041334
0.016921
0.036805
0.063589
0.126422
0.014772
0.204455
0.077008
0.064535
0.121381
0.036707
0.106195
0.025729
0.090067
0.034618
0.136421
0.065562
0.125102
0.019484
0.023269
0.010287
0.182024
0.033931
0.033711
0.060041
0.076902
0.024753
0.036952
0.167021
0.027776
0.065401
0.059707
0.043967
0.020905
0.069179
0.017843
0.087039
0.033092
0.048404
0.021070
0.143437
0.226756
0.032618
0.043139
0.034606
0.079463
0.066526
0.017190
0.019312
0.117813
0.023725
0.111368
0.036418
0.070299
0.056260
0.063076
0.073814
0.083340
0.025289
0.043427
0.010198
0.067983
0.105758
0.019905
0.058921
0.028718
0.021937
0.027349
0.184558
0.095701
0.019304
0.094944
0.028270
0.045235
0.071632
0.162271
0.056494
0.058431
0.021699
0.045233
0.027223
0.019862
0.078319
0.031828
0.030607
0.006341
0.100813
0.228878
0.036408
0.079437
0.025909
0.034868
0.100276
0.035570
0.059122
0.042573
0.057706
0.359021
0.064391
0.038665
0.063004
0.106111
0.038170
0.076707
0.043860
0.090516
0.028122
0.110603
0.057525
0.046040
0.139952
0.064697
0.019496
0.030933
0.015981
0.022755
0.047860
0.066619
0.143904
0.052875
0.078941
0.088766
0.021400
0.011303
0.145191
0.029311
0.092391
0.106991
0.032221
0.049011
0.039940
0.085759
0.086606
0.049729
0.031812
0.079688
0.258523
0.051045
0.222539
0.021348
0.016800
0.033175
0.039929
0.051280
0.049571
0.021924
0.031683
0.233227
0.075482
0.049343
0.015224
0.021167
0.076561
0.005881
0.054451
0.093203
0.049220
0.070324
0.049759
0.077680
0.071407
0.058049
0.019285
0.047680
0.053994
0.076171
0.010810
0.092203
0.032400
0.063504
0.093590
0.071872
0.045973
0.073551
0.027654
0.070014
0.077032
0.064986
0.137024
0.046282
0.068704
0.037754
0.033718
0.042683
0.022049
0.021525
0.006107
0.078483
0.079157
0.067712
0.053596
0.019855
0.066151
0.047730
0.082178
0.013952
0.069125
0.101324
0.040955
0.188790
0.037944
0.049632
0.013330
0.224793
0.048654
0.022576
0.026764
0.087175
0.021706
0.073775
0.022108
0.119441
0.040125
0.044401
0.064460
0.066258
0.029166
0.060445
0.129123
0.054023
0.517862
0.043987
0.072232
0.063041
0.230394
0.054509
0.034691
0.094927
0.048203
0.111648
0.021002
0.119595
0.033523
0.165567
0.027984
0.128782
0.062612
0.054093
0.039428
0.017497
0.013369
0.077853
0.013174
0.004361
0.227791
0.028119
0.058848
0.013943
0.029204
0.013959
0.050372
0.077732
0.019772
0.124122
0.016789
0.137390
0.038833
0.150887
0.046445
0.112093
0.013516
0.026071
0.196125
0.075034
0.087083
0.089529
0.007437
0.104106
0.078151
0.050896
0.295153
0.151501
0.367210
0.009658
0.015130
0.026502
0.099134
0.043662
0.009397
0.040286
0.369020
0.014914
0.044664
0.004233
0.045848
0.064752
0.203601
0.105534
0.289672
0.014618
0.034125
0.086258
0.038567
0.064669
0.088978
0.025608
0.035565
0.019205
0.059230
0.108878
0.226644
0.197193
0.040548
0.029705
0.025699
0.043511
0.054253
0.156901
0.095497
0.035806
0.046669
0.025983
0.047108
0.169179
0.105908
0.049477
0.164734
0.046969
0.098431
0.063744
0.137207
0.141793
0.128788
0.091385
0.053470
0.044989
0.025503
0.061281
0.048826
0.026001
0.093299
0.066875
0.202611
0.012663
0.090860
0.095974
0.050225
0.067819
0.179697
0.036782
0.096958
0.052435
0.127519
0.064798
0.069514
0.111107
0.156408
0.063758
0.059519
0.094586
0.041501
0.007103
0.012514
0.041250
0.018295
0.161956
0.030751
0.070848
0.049344
0.035874
0.024167
0.028268
0.060107
0.044377
0.020460
0.119927
0.173711
0.015630
0.086370
0.016910
0.047390
0.083654
0.035410
0.032867
0.024940
0.025720
0.056262
0.036252
0.048405
0.049919
0.022349
0.105868
0.142891
0.026217
0.017603
0.094205
0.263609
0.019212
0.026698
0.183855
0.018146
0.058890
0.076113
0.007303
0.026823
0.022065
0.115942
0.044633
0.048596
0.039202
0.249565
0.022465
0.028069
0.231862
0.050767
0.061701
0.064283
0.136525
0.031084
0.060877
0.055455
0.012537
0.034739
0.087468
0.035519
0.007297
0.211083
0.022642
0.125138
0.053981
0.023051
0.057152
0.065574
0.046106
0.098670
0.087791
0.086764
0.044935
0.352297
0.036747
0.023074
0.222010
0.030767
0.086698
0.050681
0.256824
0.027393
0.025316
0.049715
0.106977
0.027019
0.051693
0.081531
0.128780
0.068208
0.081791
0.022722
0.036051
0.021203
0.074771
0.035115
0.312290
0.039990
0.070706
0.047534
0.043782
0.032886
0.074262
0.014468
0.111187
0.052130
0.113116
0.142926
0.024901
0.032681
0.058547
0.059541
0.025923
0.026291
0.067825
0.060839
0.128802
0.047546
0.030575
0.093250
0.031649
0.033400
0.078706
0.205863
0.028621
0.115151
0.073365
0.144837
0.038097
0.186890
0.025149
0.049884
0.086385
0.087395
0.028402
0.082051
0.029048
0.090553
0.021334
0.086365
0.192138
0.055332
0.054758
0.030343
0.025598
0.045554
0.016321
0.042748
0.042227
0.032909
0.039264
0.024569
0.088993
0.047713
0.056052
0.046996
0.027592
0.047061
0.020583
0.096632
0.020614
0.042558
0.047921
0.018207
0.081238
0.035092
0.034944
0.060115
0.011816
0.237085
0.060525
0.056719
0.072879
0.093331
0.036663
0.064594
0.150808
0.031702
0.044503
0.175987
0.028857
0.150391
0.182206
0.024329
0.070508
0.090540
0.038526
0.059647
0.062382
0.018261
0.040973
0.085708
0.034476
0.045119
0.073598
0.020636
0.047325
0.044161
0.015316
0.098858
0.050148
0.016930
0.223170
0.068378
0.030393
0.082608
0.018116
0.261101
0.084088
0.105292
0.023594
0.064317
0.092418
0.045220
0.068918
0.114972
0.093973
0.028367
0.069603
0.037742
0.024302
0.036260
0.107433
0.104706
0.032166
0.118925
0.084171
0.203610
0.121547
0.039221
0.027423
0.013561
0.037245
0.023741
0.116202
0.078763
0.077706
0.197569
0.400357
0.140411
0.110771
0.090857
0.039838
0.120813
0.013741
0.019488
0.141987
0.039501
0.263799
0.056323
0.023429
0.013414
0.157476
0.047040
0.146286
0.017653
0.044155
0.242888
0.054156
0.092310
0.037138
0.029389
0.059965
0.133987
0.034520
0.020978
0.094961
0.086431
0.021508
0.019196
0.280762
0.028573
0.048577
0.082780
0.034532
0.085198
0.017588
0.095033
0.058378
0.158816
0.048683
0.015542
0.026679
0.032955
0.024554
0.086695
0.095700
0.048810
0.071677
0.025545
0.053080
0.193239
0.064288
0.065942
0.050738
0.134127
0.059462
0.035096
0.116010
0.025203
0.032241
0.043644
0.031169
0.055701
0.035961
0.046533
0.094821
0.037442
0.338649
0.037506
0.105656
0.207944
0.033340
0.037449
0.143731
0.035162
0.062189
0.141234
0.059390
0.046975
0.023693
0.109706
0.035582
0.029252
0.058444
0.026037
0.010897
0.055167
0.234003
0.025029
0.086255
0.029751
0.029964
0.138335
0.014152
0.026105
0.094676
0.040917
0.193121
0.012684
0.273933
0.111354
0.139612
0.420494
0.020106
0.277296
0.032908
0.081759
0.079464
0.088760
0.073588
0.054555
0.087173
0.058234
0.028906
0.024158
0.015594
0.062520
0.042988
0.032277
0.088958
0.035789
0.019527
0.408693
0.026123
0.059158
0.121892
0.191111
0.042410
0.041072
0.075220
0.045479
0.077599
0.051550
0.076253
0.061706
0.092287
0.079763
0.067496
0.018381
0.085607
0.046655
0.016274
0.158753
0.066622
0.111922
0.017688
0.060519
0.146890
0.037184
0.008745
0.144248
0.022872
0.036978
0.018876
0.029575
0.010429
0.113012
0.052481
0.173438
0.031433
0.013943
0.013449
0.064129
0.102604
0.019167
0.236852
0.037128
0.088565
0.054677
0.066834
0.023800
0.013957
0.051531
0.170982
0.101242
0.103605
0.049088
0.412419
0.034031
0.014138
0.025213
0.072005
0.081959
0.088648
0.049804
0.020633
0.050640
0.034368
0.114036
0.116637
0.091173
0.034233
0.107715
0.055420
0.009410
0.074370
0.058700
0.184107
0.062872
0.121037
0.013006
0.041487
0.053710
0.019003
0.030062
0.064825
0.034862
0.030722
0.099271
0.085838
0.029885
0.009965
0.014461
0.041268
0.085623
0.035783
0.059212
0.045107
0.029742
0.061276
0.029097
0.016099
0.071677
0.033550
0.018800
0.087204
0.150869
0.030136
0.038432
0.034349
0.046629
0.039598
0.107592
0.050732
0.044856
0.036395
0.120824
0.097550
0.405370
0.059567
0.065040
0.035660
0.219167
0.049374
0.099827
0.086612
0.019840
0.056309
0.019084
0.025424
0.053112
0.029034
0.009814
0.023774
0.138869
0.007324
0.034132
0.082465
0.037583
0.025881
0.030254
0.016341
0.093564
0.098618
0.065257
0.032593
0.010637
0.066776
0.043629
0.022555
0.357718
0.082618
0.064527
0.031402
0.031763
0.091068
0.044677
0.022667
0.453678
0.118701
0.153034
0.051720
0.057281
0.112253
0.024099
0.044771
0.139852
0.050563
0.021900
0.140442
0.142255
0.062939
0.054442
0.027343
0.192704
0.050051
0.091952
0.025561
0.123937
0.085548
0.045113
0.045447
0.057226
0.192812
0.096761
0.042575
0.069192
0.038035
0.009807
0.043683
0.094281
0.016575
0.061326
0.051217
0.110818
0.091811
0.023437
0.007403
0.041907
0.198310
0.044011
0.045753
0.046103
0.023654
0.055935
0.031843
0.028283
0.248350
0.172617
0.015757
0.030427
0.047772
0.007211
0.036332
0.010564
0.082564
0.020987
0.126580
0.020885
0.138705
0.045090
0.033867
0.054858
0.017183
0.050621
0.056260
0.041988
0.036821
0.029862
0.014279
0.074626
0.108105
0.033636
0.052554
0.147924
0.017652
0.195194
0.011340
0.073816
0.038663
0.195908
0.007864
0.018584
0.050458
0.049885
0.058554
0.171007
0.019769
0.026786
0.023659
0.055355
0.072793
0.036382
0.056869
0.040600
0.040123
0.021910
0.071156
0.070990
0.050204
0.013473
0.024864
0.038294
0.167835
0.032141
0.091091
0.126407
0.035367
0.018412
0.053223
0.012502
0.107621
0.042386
0.064804
0.021917
0.035508
0.036755
0.093059
0.019176
0.123685
0.007265
0.025078
0.018287
0.057926
0.052466
0.020604
0.125086
0.078578
0.112654
0.261847
0.013515
0.040446
0.154518
0.091500
0.017438
0.066846
0.009854
0.066196
0.038480
0.035755
0.093728
0.033728
0.020991
0.030137
0.026536
0.012870
0.095332
0.218109
0.141236
0.075488
0.054196
0.028211
0.024473
0.123954
0.043246
0.079723
0.018639
0.095559
0.024758
0.028474
0.071918
0.041886
0.035599
0.047810
0.055530
0.059872
0.091024
0.090123
0.034259
0.098643
0.145884
0.109134
0.057290
0.025336
0.104494
0.038002
0.050878
0.058387
0.079049
0.016238
0.009873
0.070503
0.076521
0.077742
0.081633
0.027378
0.020678
0.088603
0.047993
0.082863
0.030464
0.032312
0.116288
0.040770
0.022838
0.031942
0.091509
0.097067
0.031641
0.114645
0.192472
0.050248
0.034391
0.066050
0.048096
0.044240
0.023186
0.030950
0.017376
0.091345
0.071418
0.338268
0.060666
0.007806
0.036150
0.085684
0.040636
0.026152
0.269287
0.162900
0.030075
0.023430
0.026550
0.020121
0.033344
0.070531
0.033063
0.015145
0.060671
0.021008
0.017436
0.078563
0.015926
0.155148
0.020127
0.390074
0.045855
0.015061
0.029545
0.164647
0.018245
0.063781
0.042394
0.023557
0.035202
0.150141
0.075188
0.039436
0.020504
0.029104
0.121317
0.052882
0.059666
0.035641
0.043848
0.062136
0.112176
0.022380
0.103066
0.068676
0.071499
0.057907
0.031976
0.023206
0.224664
0.093861
0.049433
0.020262
0.125037
0.080052
0.015932
0.024366
0.010159
0.044067
0.031999
0.065045
0.047296
0.018888
0.031734
0.060690
0.072159
0.036778
0.120191
0.018933
0.202054
0.071260
0.012377
0.066155
0.075631
0.042298
0.157806
0.033499
0.042603
0.120118
0.075410
0.091896
0.022656
0.130229
0.034532
0.088370
0.050094
0.044690
0.058050
0.016911
0.065528
0.052671
0.021414
0.027095
0.037317
0.051008
0.042716
0.040033
0.011873
0.048602
0.105658
0.125307
0.076220
0.070536
0.140715
0.110112
0.189406
0.048015
0.020082
0.284347
0.180143
0.025711
0.033393
0.066108
0.028937
0.023352
0.186578
0.057043
0.086196
0.118891
0.089256
0.173188
0.035446
0.029716
0.030818
0.072490
0.104853
0.042846
0.031397
0.042854
0.045914
0.107272
0.130344
0.024752
0.048139
0.074602
0.090208
0.092251
0.052992
0.059884
0.140860
0.029739
0.038086
0.043610
0.019353
0.107621
0.041568
0.067919
0.014444
0.093079
0.049013
0.037139
0.078569
0.039176
0.030275
0.037718
0.055060
0.015343
0.021888
0.035731
0.137421
0.193051
0.255944
0.012923
0.016072
0.030952
0.179022
0.075255
0.050584
0.029830
0.159170
0.011232
0.218681
0.239538
0.732161
0.054507
0.036486
0.057872
0.056842
0.065357
0.068636
0.075673
0.044523
0.028010
0.052479
0.269664
0.193851
0.162005
0.031780
0.056325
0.052405
0.054111
0.131760
0.026595
0.039403
0.084254
0.075296
0.023777
0.041510
0.013590
0.060975
0.030809
0.056239
0.020990
0.018890
0.083511
0.035220
0.133319
0.029282
0.068017
0.093244
0.021720
0.044281
0.035213
0.030491
0.121550
0.051426
0.039139
0.059459
0.043496
0.054922
0.017327
0.030852
0.035833
0.018038
0.047940
0.043398
0.060512
0.004270
0.072608
0.039323
0.018928
0.013653
0.067086
0.060917
0.087505
0.094484
0.021297
0.147405
0.124087
0.068791
0.040897
0.058997
0.203188
0.048785
0.024228
0.096658
0.062566
0.031781
0.097948
0.107527
0.039318
0.049447
0.140161
0.046201
0.007205
0.051665
0.053874
0.124447
0.047970
0.070642
0.026512
0.007377
0.041740
0.091714
0.026335
0.052348
0.025716
0.015759
0.040718
0.046098
0.196102
0.035073
0.015967
0.020900
0.046103
0.023092
0.032093
0.022613
0.030905
0.034560
0.044598
0.051932
0.057524
0.041191
0.026514
0.047662
0.081077
0.029868
0.084501
0.037832
0.056895
0.041278
0.161838
0.092486
0.090053
0.268849
0.011566
0.082874
0.087028
0.045096
0.048521
0.020182
0.022106
0.096207
0.026767
0.102044
0.023652
0.063025
0.022381
0.034202
0.037078
0.054132
0.040507
0.028813
0.014446
0.047524
0.280329
0.059778
0.061408
0.033511
0.076694
0.066349
0.094426
0.023413
0.043795
0.039159
0.118539
0.085943
0.068219
0.124761
0.061986
0.071564
0.028360
0.037074
0.034855
0.066542
0.034519
0.048647
0.029868
0.087410
0.082528
0.096365
0.038860
0.047635
0.054063
0.044140
0.042522
0.069152
0.154670
0.028513
0.051145
0.139690
0.038369
0.088785
0.010701
0.024098
0.041869
0.006729
0.073207
0.041874
0.047773
0.018927
0.029057
0.086860
0.049957
0.011943
0.025233
0.163039
0.058807
0.099508
0.063065
0.072557
0.025089
0.048642
0.044445
0.026896
0.096982
0.063472
0.061772
0.066030
0.036407
0.054808
0.093147
0.014994
0.032111
0.048551
0.013978
0.089053
0.062567
0.063566
0.051542
0.015492
0.283510
0.082270
0.171848
0.028961
0.106717
0.056340
0.051098
0.037147
0.072425
0.035397
0.019147
0.043555
0.066766
0.044167
0.044641
0.055995
0.063251
0.126203
0.053466
0.073067
0.038922
0.155676
0.007876
0.169280
0.017609
0.043062
0.199405
0.048910
0.092666
0.030921
0.034392
0.255932
0.053492
0.066779
0.036294
0.029561
0.044006
0.110545
0.053066
0.108890
0.031081
0.027526
0.046236
0.047455
0.098183
0.012558
0.028140
0.018949
0.016205
0.057675
0.058190
0.019415
0.129499
0.114705
0.081116
0.085533
0.025819
0.039726
0.015248
0.017111
0.035756
0.072696
0.152779
0.079849
0.025479
0.024590
0.053598
0.043813
0.039644
0.004342
0.011301
0.058377
0.020176
0.045989
0.036628
0.029603
0.030317
0.043556
0.369019
0.057939
0.030125
0.033049
0.034510
0.068854
0.042593
0.712454
0.019092
0.068465
0.051590
0.151830
0.056791
0.054996
0.017708
0.025813
0.057298
0.115750
0.061553
0.044173
0.042728
0.043789
0.045651
0.035918
0.119309
0.044095
0.070079
0.018999
0.112927
0.067275
0.078967
0.075832
0.045606
0.114992
0.033085
0.037171
0.064737
0.134469
0.100189
0.073513
0.242668
0.321698
0.070628
0.072417
0.047134
0.061590
0.077859
0.036665
0.200182
0.221527
0.058765
0.069922
0.109687
0.073084
0.024572
0.115271
0.007534
0.024887
0.042279
0.088158
0.039128
0.059609
0.012112
0.113307
0.045924
0.061311
0.244777
0.046011
0.137514
0.018376
0.202720
0.067628
0.020804
0.024786
0.024363
0.019140
0.040130
0.030376
0.049410
0.038322
0.118236
0.017686
0.067355
0.026002
0.044036
0.040428
0.063783
0.040561
0.041386
0.266226
0.060026
0.260833
0.035901
0.126662
0.078028
0.013391
0.097208
0.151079
0.219831
0.183036
0.142495
0.130729
0.099949
0.168327
0.030363
0.038284
0.020877
0.080894
0.093602
0.087020
0.021591
0.034867
0.095849
0.194080
0.146759
0.026535
0.023356
0.021395
0.089777
0.181668
0.056625
0.051582
0.441001
0.056758
0.023624
0.037135
0.040093
0.195464
0.054362
0.038091
0.191976
0.009724
0.047830
0.040215
0.330705
0.010744
0.099333
0.048460
0.051554
0.022380
0.075131
0.050383
0.198035
0.015861
0.018614
0.090428
0.054116
0.125149
0.054466
0.028473
0.076670
0.190239
0.059724
0.064971
0.060015
0.026739
0.071837
0.029596
0.016654
0.053102
0.087872
0.087106
0.058335
0.061538
0.183822
0.018725
0.069288
0.032201
0.062001
0.034604
0.035801
0.118478
0.098690
0.065979
0.063055
0.091285
0.021632
0.111345
0.062423
0.021774
0.081209
0.125601
0.025969
0.086437
0.081449
0.056884
0.083550
0.045215
0.085629
0.022705
0.031656
0.021691
0.077485
0.082110
0.085587
0.015387
0.025926
0.068723
0.124904
0.030524
0.080033
0.435162
0.218257
0.064372
0.056059
0.035709
0.015563
0.029572
0.200992
0.068233
0.046371
0.042916
0.011216
0.097656
0.013905
0.004014
0.070665
0.029304
0.049549
0.075903
0.038580
0.048538
0.046757
0.075962
0.061456
0.075089
0.082525
0.060476
0.190026
0.019785
0.089610
0.022515
0.018157
0.035037
0.010337
0.126091
0.037472
0.021018
0.090655
0.032262
0.159606
0.038456
0.144180
0.039709
0.089439
0.145654
0.141643
0.031430
0.045816
0.100777
0.066711
0.012441
0.065615
0.018764
0.057492
0.072435
0.136385
0.032896
0.020094
0.183712
0.039104
0.031937
0.041792
0.030016
0.047247
0.092791
0.070646
0.053468
0.053763
0.067579
0.046251
0.089157
0.079627
0.058568
0.013426
0.015715
0.041247
0.019550
0.090405
0.077351
0.061207
0.195092
0.108007
0.109419
0.035289
0.038010
0.031960
0.027403
0.326160
0.007125
0.048944
0.193811
0.018666
0.044319
0.048857
0.054975
0.041076
0.091987
0.058425
0.102640
0.201821
0.060023
0.090013
0.054758
0.039765
0.063890
0.056320
0.160813
0.024526
0.014184
0.046228
0.010002
0.019547
0.029605
0.022950
0.025160
0.018507
0.087067
0.043052
0.091396
0.060543
0.297861
0.073466
0.087606
0.123542
0.135032
0.082427
0.018533
0.127924
0.179659
0.071841
0.004825
0.009964
0.144044
0.117549
0.043616
0.016342
0.448456
0.016679
0.086826
0.037057
0.107330
0.096141
0.043765
0.048133
0.046203
0.052460
0.011574
0.117517
0.028853
0.026900
0.021676
0.064027
0.014791
0.068756
0.073283
0.069978
0.076452
0.084691
0.055053
0.054355
0.026886
0.047304
0.173921
0.108878
0.034341
0.138339
0.022399
0.060353
0.059614
0.018602
0.057504
0.065340
0.059895
0.027889
0.132439
0.054092
0.051003
0.028975
0.025353
0.075496
0.069610
0.223975
0.072860
0.030446
0.056067
0.026162
0.090564
0.024144
0.016799
0.122102
0.032004
0.047036
0.020080
0.044240
0.197659
0.096901
0.036009
0.012774
0.007139
0.083853
0.109196
0.048977
0.261940
0.172742
0.212067
0.023379
0.064271
0.094245
0.013437
0.024510
0.062757
0.256375
0.047242
0.024071
0.014568
0.042890
0.071916
0.029894
0.009450
0.012931
0.190066
0.154627
0.136486
0.046999
0.035432
0.425225
0.056646
0.140100
0.037674
0.057281
0.106050
0.123198
0.035156
0.042310
0.165404
0.033243
0.028385
0.194103
0.077434
0.153725
0.049140
0.249596
0.038220
0.062524
0.044899
0.276511
0.050617
0.015884
0.139692
0.105935
0.100451
0.021830
0.107614
0.075456
0.095103
0.093105
0.016197
0.047709
0.028093
0.012102
0.071572
0.035744
0.023317
0.010655
0.031410
0.010436
0.047879
0.069723
0.038722
0.037713
0.022770
0.121454
0.031200
0.106298
0.024091
0.179366
0.036598
0.019837
0.066451
0.060689
0.081282
0.019800
0.037266
0.031567
0.108654
0.032498
0.019922
0.112024
0.016077
0.081870
0.097884
0.029634
0.027477
0.066682
0.046353
0.056033
0.079944
0.028053
0.038889
0.019243
0.019343
0.026748
0.012032
0.058356
0.263911
0.074398
0.109694
0.167586
0.080553
0.067775
0.057271
0.070181
0.083542
0.095822
0.023852
0.069791
0.177738
0.081691
0.039155
0.014424
0.255325
0.048430
0.094333
0.119579
0.022083
0.039059
0.077348
0.028061
0.045373
0.033085
0.068484
0.046284
0.062472
0.019242
0.084491
0.049449
0.204745
0.015629
0.027292
0.021593
0.038065
0.049259
0.027144
0.031525
0.031715
0.083681
0.094856
0.008312
0.030359
0.027134
0.106980
0.058047
0.056656
0.021411
0.057311
0.017480
0.040221
0.035734
0.095411
0.440285
0.059636
0.146880
0.022903
0.202001
0.031653
0.036154
0.026029
0.153700
0.039351
0.204267
0.036766
0.035429
0.036683
0.063779
0.164396
0.041384
0.028488
0.013052
0.042951
0.082266
0.037294
0.055040
0.044715
0.014105
0.034132
0.197442
0.043652
0.264430
0.020277
0.106386
0.081236
0.060584
0.029758
0.009705
0.037689
0.035298
0.092183
0.100110
0.221980
0.023277
0.052235
0.053298
0.019104
0.053822
0.188177
0.032482
0.065427
0.043108
0.053682
0.083726
0.059551
0.045056
0.160219
0.031501
0.019338
0.104536
0.042980
0.248843
0.025121
0.018160
0.060324
0.014122
0.319598
0.028852
0.029930
0.031892
0.048761
0.295209
0.156053
0.027429
0.064684
0.129223
0.087444
0.032007
0.021456
0.162315
0.268553
0.050928
0.036313
0.055731
0.053735
0.061167
0.025824
0.033898
0.068261
0.102821
0.012944
0.078754
0.029493
0.027608
0.128014
0.041206
0.039838
0.027335
0.009198
0.094382
0.110532
0.035873
0.061071
0.019962
0.049831
0.108672
0.079284
0.086888
0.009888
0.042406
0.037027
0.096786
0.092045
0.036377
0.143979
0.023272
0.036585
0.021768
0.033699
0.020463
0.057297
0.295654
0.036703
0.128277
0.070028
0.055808
0.015179
0.057000
0.069895
0.128513
0.065341
0.027182
0.065563
0.042583
0.021088
0.069915
0.110226
0.078526
0.019588
0.111075
0.036475
0.114440
0.062800
0.082278
0.049264
0.083369
0.062535
0.052149
0.043877
0.044778
0.049902
0.057016
0.084684
0.024839
0.021524
0.042251
0.057367
0.010709
0.072541
0.061726
0.017953
0.043652
0.111542
0.034711
0.019334
0.358906
0.121843
0.020573
0.030514
0.031740
0.072331
0.106249
0.043901
0.048318
0.042489
0.022921
0.035566
0.114765
0.068280
0.051286
0.115164
0.033828
0.039116
0.176075
0.090040
0.053967
0.035552
0.032763
0.130480
0.048619
0.064942
0.014376
0.076102
0.015276
0.188524
0.445717
0.111459
0.112752
0.054229
0.086930
0.063638
0.199780
0.056162
0.027769
0.033532
0.052196
0.212002
0.178264
0.025051
0.088055
0.053223
0.053334
0.019075
0.027035
0.035295
0.094455
0.089274
0.010743
0.151768
0.038528
0.052526
0.054692
0.037117
0.060690
0.020514
0.049896
0.055401
0.031575
0.046577
0.037779
0.070123
0.028659
0.120142
0.117411
0.058127
0.095207
0.082325
0.057363
0.022577
0.049660
0.104082
0.255143
0.115938
0.116316
0.018064
0.080363
0.106578
0.140078
0.037215
0.011555
0.085124
0.088356
0.086378
0.042362
0.056717
0.017671
0.014276
0.010582
0.016355
0.016748
0.012533
0.022640
0.056880
0.031034
0.042569
0.029386
0.070918
0.016638
0.154470
0.036943
0.047085
0.045769
0.090923
0.034876
0.128114
0.086094
0.025204
0.029020
0.142473
0.024255
0.462012
0.074604
0.038900
0.026716
0.043059
0.057393
0.021028
0.007548
0.042543
0.021945
0.033235
0.058525
0.058271
0.017145
0.125747
0.012930
0.020461
0.032941
0.018505
0.075589
0.065677
0.020527
0.029414
0.082719
0.045850
0.029325
0.057528
0.372599
0.064052
0.026652
0.034401
0.007909
0.105735
0.049585
0.028326
0.034713
0.074554
0.062381
0.071461
0.041628
0.029041
0.048688
0.045801
0.023731
0.169564
0.061091
0.016273
0.047610
0.055181
0.009088
0.025305
0.076911
0.027497
0.027526
0.046735
0.052176
0.035000
0.017794
0.084039
0.026173
0.045105
0.070449
0.134863
0.040839
0.141030
0.017510
0.014103
0.072051
0.049367
0.019021
0.039722
0.081499
0.135115
0.039966
0.010840
0.043080
0.053358
0.191812
0.025875
0.017092
0.064247
0.025318
0.033980
0.135626
0.075553
0.078593
0.105162
0.027764
0.046291
0.042555
0.036758
0.103649
0.083091
0.225018
0.067887
0.034130
0.021325
0.122790
0.050024
0.016712
0.224708
0.092539
0.184221
0.125650
0.036589
0.043718
0.048007
0.021584
0.038227
0.030118
0.125186
0.082607
0.019510
0.049095
0.068108
0.178532
0.033999
0.217458
0.083643
0.052812
0.063198
0.059124
0.017055
0.055638
0.102317
0.031001
0.050950
0.007003
0.011269
0.113263
0.040056
0.025620
0.011665
0.027852
0.136318
0.030085
0.050365
0.110312
0.116488
0.185136
0.048036
0.039501
0.054250
0.065814
0.015419
0.217428
0.040915
0.025681
0.029699
0.083721
0.017303
0.048274
0.023098
0.030419
0.131954
0.049743
0.028947
0.032206
0.070064
0.060306
0.118458
0.012577
0.038386
0.098715
0.290606
0.039087
0.043066
0.044402
0.043072
0.047832
0.072864
0.087404
0.053569
0.035726
0.014497
0.035458
0.052854
0.023028
0.130319
0.018449
0.054215
0.089074
0.036778
0.044429
0.259960
0.049898
0.131283
0.177218
0.059675
0.166248
0.026189
0.056240
0.053927
0.071087
0.074499
0.015859
0.074916
0.158213
0.033227
0.026485
0.044508
0.021169
0.053896
0.047524
0.043173
0.062254
0.010700
0.014675
0.130380
0.057627
0.074276
0.030494
0.096511
0.044564
0.035211
0.096196
0.019367
0.011807
0.042058
0.121905
0.080058
0.103822
0.006438
0.047641
0.021310
0.060300
0.066625
0.049841
0.033585
0.036628
0.037347
0.057165
0.036475
0.025203
0.134243
0.038439
0.303846
0.028399
0.027269
0.036983
0.062702
0.048561
0.016113
0.183078
0.086020
0.024056
0.099565
0.100421
0.152575
0.062179
0.099041
0.071636
0.042121
0.023934
0.196387
0.010550
0.065422
0.033174
0.004547
0.024842
0.080945
0.196453
0.091892
0.068990
0.030524
0.051789
0.015059
0.053429
0.012420
0.039984
0.059254
0.082190
0.044190
0.027836
0.029122
0.030245
0.051170
0.049431
0.016345
0.026695
0.077747
0.156064
0.268369
0.070366
0.038660
0.052548
0.259465
0.084490
0.078070
0.055663
0.030322
0.056909
0.061350
0.085086
0.026465
0.032443
0.051463
0.057208
0.043836
0.021556
0.074403
0.039161
0.155387
0.080546
0.071973
0.064740
0.075498
0.075967
0.015186
0.038636
0.088777
0.060728
0.024662
0.015412
0.063605
0.076173
0.044487
0.087337
0.124275
0.033380
0.019382
0.073810
0.080706
0.105568
0.030991
0.025277
0.036193
0.042315
0.169825
0.060156
0.026141
0.099772
0.106186
0.036278
0.082916
0.018642
0.030671
0.078149
0.040719
0.049083
0.077608
0.074634
0.149726
0.022170
0.181126
0.007376
0.032363
0.028318
0.024769
0.078194
0.069557
0.043813
0.043141
0.360781
0.149420
0.050671
0.073568
0.055019
0.051061
0.025289
0.036372
0.371868
0.320322
0.139022
0.024026
0.010873
0.038150
0.048271
0.051686
0.058578
0.020876
0.045649
0.093975
0.124277
0.063832
0.090853
0.070922
0.019015
0.034469
0.046264
0.084834
0.009396
0.019252
0.019270
0.023816
0.067264
0.018831
0.182637
0.020810
0.060469
0.025795
0.288874
0.067903
0.068947
0.034118
0.074491
0.172656
0.051423
0.039957
0.024036
0.034280
0.099084
0.052008
0.012929
0.015912
0.060263
0.022873
0.045747
0.057051
0.023020
0.095605
0.038230
0.024375
0.015229
0.031678
0.051423
0.117373
0.059407
0.013678
0.083466
0.056469
0.068553
0.034941
0.125052
0.051313
0.011470
0.070062
0.014963
0.088385
0.077938
0.049285
0.036613
0.040588
0.024478
0.047702
0.079442
0.008172
0.079778
0.088038
0.090634
0.068067
0.081149
0.050579
0.079134
0.060815
0.113523
0.021297
0.202550
0.064250
0.032776
0.022098
0.190361
0.365274
0.044445
0.125329
0.029849
0.045245
0.070167
0.017510
0.065555
