88
2.298316
4
91
40
10
1
5047
-0.037927
0.631003
0.743361
0.271852
-0.613781
-1.000000
-0.130524
-0.165752
-0.109470
0.614047
-0.126132
-0.117296
0.768795
0.233488
-0.007662
0.547124
0.398565
-0.544933
-0.257174
0.285301
0.130836
0.347142
1.000000
0.102063
0.470278
0.250383
0.151492
-0.817582
-0.419640
0.603732
-0.890758
-0.094697
0.102971
0.330875
0.003945
0.503768
-0.485738
0.030948
-0.007146
0.056518
-0.403435
0.700031
0.112772
-0.261426
-0.411286
-0.376787
0.074222
-0.287984
0.260902
-1.000000
-0.504020
-1.000000
-0.062806
-0.170431
-0.048518
-0.081247
-0.833559
0.793494
0.300987
-0.011262
0.811617
-0.960444
-0.054190
0.345026
-0.236225
0.107277
-0.958518
-0.381709
-0.683311
0.694419
-0.258010
-0.166478
-0.244270
-0.102066
-0.183602
-0.011545
0.626598
0.528650
0.738738
-0.711435
-0.238688
0.710662
0.463818
0.425015
-0.883770
-0.010420
0.478226
-1.000000
0.625778
-0.773178
0.477054
-0.755399
0.173857
-0.303445
-0.011358
0.349224
-0.059757
0.216763
-0.216500
-0.598201
0.300240
-0.464414
-0.410185
0.391122
-0.470016
0.554819
0.287225
0.626464
-0.716619
0.282919
0.090839
-0.636580
0.589237
-0.671182
-0.161019
-0.181004
0.493051
0.070541
-0.242192
-0.639643
-0.145681
0.354375
0.524605
-0.068625
0.438280
0.173784
0.154418
-0.750239
0.559975
0.473410
0.675037
-0.887069
-0.576047
-0.115343
-0.468497
0.492623
0.749287
0.024199
0.271992
0.549649
-0.429740
0.053983
-0.452198
0.266195
-1.000000
0.522023
-0.376379
-0.765960
-0.167595
0.427868
0.016000
-0.627759
0.373603
-0.243933
0.789410
0.008613
-0.598420
0.660850
0.927697
-0.364236
0.351495
-0.484667
0.162877
0.454342
0.126701
0.211950
-0.692926
-0.934723
-0.134747
-0.026829
0.720386
-0.112469
0.048906
-0.413226
0.536900
0.313157
-0.598044
0.057723
0.611003
-0.510270
-0.728807
-0.171097
-0.265347
0.120210
-0.668043
-0.716483
0.333422
-0.708121
-0.963417
0.250951
-0.183631
0.182152
0.400528
0.513975
-0.469700
0.298328
0.434850
-0.139974
0.832519
0.007734
-0.326871
-0.400696
-0.025843
-0.436852
0.031824
0.804635
-0.150317
-0.804388
0.116039
0.201008
-0.108719
-0.671335
-0.644201
0.749861
-0.542275
0.639087
0.431376
0.047821
0.200688
0.985523
0.868300
0.415452
0.005197
0.085441
-0.161130
1.000000
0.161759
-0.541656
-0.084044
-0.223379
0.711674
0.140838
-1.000000
0.036256
0.689163
-0.160638
0.136035
-0.312441
0.869710
0.213455
-0.485249
0.798085
-0.470933
0.307510
-0.262698
0.652901
-0.552913
-0.364396
-0.406744
0.357702
0.384963
0.492939
0.750508
-0.141964
-0.934238
0.119309
-0.536291
-0.298768
0.008838
0.704960
0.442621
-0.274365
-0.126333
-0.199606
-0.255575
0.078999
0.942766
-0.273656
0.694672
-0.157122
0.679872
-0.400741
0.001171
-0.182035
0.499382
0.062895
0.425415
0.585821
0.537359
-0.435507
0.297218
0.060857
-0.101917
-0.459044
0.438071
0.529555
0.333695
0.745800
0.488056
0.230007
0.169350
-0.258318
0.541242
0.418420
-0.691736
0.359556
0.067207
0.108283
-0.289846
-0.110707
0.419412
-0.362960
0.289113
0.290397
-0.133401
-0.314860
1.000000
-0.113876
0.395738
0.278147
-0.014860
0.356184
0.894449
-0.361782
0.484584
-0.917023
0.333704
-0.251858
0.168392
0.230786
-0.310379
-0.026659
0.030299
-0.406656
-0.019581
-0.128080
-0.798177
0.042483
-0.253294
-0.773996
0.249558
-0.172040
0.034295
0.085019
0.423275
-0.017311
0.494812
-0.569599
-0.334547
-0.809016
-0.803520
-0.419651
-0.473432
0.142171
-0.260324
0.644202
-0.031642
-0.821978
-0.209285
0.933327
0.012100
0.380050
-0.239650
0.489500
0.206256
-0.191063
0.703095
0.151714
0.746380
-0.367328
0.352594
0.333370
0.186328
-0.686360
0.803300
0.127008
-0.366756
0.213953
0.148597
-0.970514
-0.651852
-0.061236
0.130674
-0.100126
-0.531189
-0.617654
0.005035
0.244864
0.524486
-1.000000
0.329748
-0.070848
0.113360
0.362113
0.013773
0.662444
0.512578
-0.410939
-0.179955
-0.810077
-0.262083
0.267952
-1.000000
0.217310
-0.146238
0.900931
0.149988
-1.000000
-0.845384
0.272826
0.495085
0.142877
-0.952295
-0.379984
-0.101808
-0.410682
-1.000000
0.599226
0.439174
0.183423
-0.371869
0.626238
0.326628
0.327675
0.231847
0.148093
0.949175
-0.143831
0.053010
0.442719
0.190417
-0.634446
-0.722720
-0.027053
0.736521
0.309879
-0.018574
0.245515
-0.107507
-0.253040
-0.868176
0.227876
-0.206235
0.133180
0.839212
0.259909
0.054953
0.875959
-0.293836
0.764004
0.880482
0.009679
0.462523
-0.896075
0.055237
-0.030356
-0.227898
-0.053078
-0.452951
-0.446261
-0.946836
-0.350920
-0.705687
-0.244755
-0.135440
-0.239030
-0.140050
-0.073484
-0.770545
0.215689
0.774609
-0.463010
-0.303502
0.896714
-0.803616
0.728324
0.080188
0.586713
0.002374
0.024683
1.000000
-1.000000
-0.052940
0.522442
0.940844
0.284863
-0.745901
-0.222540
-0.774569
0.485730
-0.224331
-0.228464
-0.108969
0.202190
0.085461
0.529297
0.632177
1.000000
-0.976226
-0.401082
-0.723656
-0.066371
0.004495
0.222148
-0.148358
-0.193802
0.736470
-1.000000
-0.789969
0.435397
0.148526
-0.438674
-0.773796
0.620930
0.895378
0.557130
0.789578
0.288278
0.035468
-0.495489
0.066589
0.220678
0.341926
-0.480137
0.275260
-0.737508
0.257132
-0.000727
0.147584
-0.388038
-0.561540
0.043877
0.447025
-0.060406
-0.013010
0.156400
-1.000000
-0.434083
0.660495
0.166690
-0.345346
0.114230
0.025823
-0.428199
-0.119571
0.000329
0.115385
0.449027
-0.173273
0.019436
0.016511
1.000000
-0.678145
0.431006
-0.341238
0.600905
-0.055035
0.119471
-1.000000
0.120863
0.713149
0.512756
-0.225851
-0.012154
-0.293403
-0.074259
0.366495
-0.218560
1.000000
0.776883
-0.012624
0.935682
-0.360526
0.956557
-0.131906
0.417252
-0.092978
0.879660
-0.021262
-0.371203
-0.013895
-0.303108
0.429264
0.089206
0.955785
-0.305716
0.490771
-0.159618
-0.938806
0.546212
-0.281737
-0.076889
0.356770
0.732243
-0.558160
-0.187147
0.117743
-0.384729
-0.665577
-0.171307
0.040932
-0.175600
-0.399544
-0.392379
0.081132
0.941682
-0.784363
-0.112222
-0.497466
-0.487121
-0.411507
-0.447131
-0.667848
0.907372
-0.144243
0.477292
-0.076667
-0.945298
-0.226931
1.000000
0.951617
0.111835
-0.755190
0.813709
-0.899062
-0.055716
-0.282682
-0.695371
-0.861155
0.198598
-0.951023
0.655224
-0.732415
0.199559
0.470808
-0.370725
0.391623
0.784606
-0.103392
0.744862
-0.325381
0.348993
-0.222599
-0.023736
-0.116781
-0.362757
-0.903275
0.239799
0.192424
0.329621
0.199308
-0.025504
-0.223055
0.517414
-0.195662
-0.032596
-0.138787
0.283981
0.192049
-0.700786
0.040975
-0.305546
-0.317665
-0.468637
-0.307806
0.387785
-0.701111
-0.516483
0.118146
0.185343
0.728672
-0.308386
0.135012
-0.102885
-0.300769
0.497009
-0.752133
0.261614
0.064820
-0.285324
0.020742
-0.016708
0.364851
0.456098
-0.544971
0.061834
-0.597882
0.805413
0.389730
-0.063278
0.315507
-0.813223
0.173087
-0.438730
-0.777036
0.038923
0.672469
0.223942
-0.043848
0.110637
0.251525
-0.594167
0.377716
0.322370
0.657701
-0.586241
0.564939
-0.281974
-0.554692
0.686608
-0.631411
0.844886
0.171312
0.687331
0.180730
0.113942
-0.201002
0.710833
0.389582
-0.481138
0.224625
-0.090954
0.489827
0.819888
-0.119016
-0.834421
-0.119933
-0.287604
-0.957137
-0.277702
-0.765704
0.226047
0.093961
0.615547
-0.846500
-1.000000
0.021525
0.031354
-0.015608
-0.198384
0.656182
-0.221986
0.089891
-0.283873
0.416373
0.506912
-0.096173
0.250145
0.019225
-0.331385
-0.826886
-1.000000
-0.431471
-0.108162
0.843222
0.195611
0.951933
0.131917
-0.750029
-0.486359
0.021924
0.308906
0.144985
-0.917572
0.937758
-0.544048
-0.567667
0.986371
-0.815738
0.066287
-0.168441
0.048852
0.501476
-0.067667
0.887557
-0.213015
-1.000000
0.676359
-0.051886
-0.599984
0.298070
0.090520
-0.426313
-0.055783
0.043336
0.735682
0.209624
0.234024
-0.532611
0.300375
-0.520003
0.169690
0.480493
-0.103622
0.412709
-0.483966
0.381211
0.254812
-0.098472
-0.226981
0.612127
-0.197600
0.581142
0.325525
-0.354598
-0.291171
0.015331
0.120289
-0.894722
-0.371020
-0.150570
0.483267
0.263157
-0.357973
-0.479111
0.219670
-0.553064
0.459899
0.024949
-0.585164
0.254886
0.474246
0.099775
0.007690
0.006652
0.279848
-0.106269
-0.032570
-0.056068
-0.169559
-0.780351
0.248398
0.634249
-0.470481
0.781889
-0.439499
0.229966
-0.107509
-0.283621
-0.485678
0.380969
-1.000000
0.094460
-0.758877
0.133209
-0.465463
0.209952
0.052335
0.125417
0.262157
0.648827
0.823095
0.224530
-0.454836
-0.432082
0.555365
0.552954
0.113827
-0.758044
0.267232
-0.983319
-0.205787
-0.207936
0.038895
0.466757
0.583906
0.695499
0.400303
0.355940
-0.256143
-0.008272
-0.047884
0.240839
-0.315994
-0.651265
-0.004650
0.316988
-0.075081
-0.184704
0.363872
0.120174
-0.205687
-0.045369
-0.513331
0.131746
-0.130889
-0.728506
-0.745726
0.531126
0.471177
-0.969460
0.143550
-0.248747
-0.246151
0.890093
0.034455
-0.999173
-0.079249
-0.241280
0.300587
0.137328
-0.888736
-0.018930
-0.182929
0.860642
-0.662238
0.325421
-0.135765
-0.293270
-0.535133
0.174939
0.753369
0.394703
-0.272813
-0.009780
0.965097
-0.267901
0.471469
0.485037
-0.602090
0.028686
-0.223230
0.575427
-0.333566
-0.199711
0.504905
-0.421855
0.073272
-0.596177
-0.241853
-0.112081
0.022303
0.405328
-0.874871
0.944123
0.272341
1.000000
-0.369922
0.203549
0.579367
-0.401371
0.023469
0.195054
0.205466
-0.435278
0.236316
0.362854
0.210591
-0.177373
-1.000000
-0.177537
-0.563820
0.081583
0.251730
-0.265365
-0.525498
0.163832
0.610651
0.114877
-0.496588
-0.877705
0.079170
0.044328
-0.009276
-0.026593
-0.251069
0.219161
-0.511914
-0.106396
0.258662
0.102385
0.815624
-0.603682
-0.722625
0.312356
-0.803344
0.126465
0.640278
0.682994
-0.258741
-0.190386
-0.173817
-0.981210
-1.000000
0.334935
-0.184441
0.172831
0.141580
0.278250
-0.362731
0.317877
0.149051
0.350650
0.523387
0.393838
0.453179
-0.008272
-0.375322
0.435975
0.552210
0.211601
-0.145290
-0.474772
0.362441
-0.097440
0.148824
0.300651
-1.000000
-0.602991
-0.496801
-0.140759
0.191085
0.835672
0.261747
0.615765
-0.439819
-0.924942
-0.187885
0.254633
-0.495522
-0.082711
-0.259702
0.779448
0.966437
-0.386370
-0.062433
-0.558738
-0.394030
-0.221406
-0.295986
0.321628
0.419539
-0.321220
-0.029398
0.992487
0.033559
-0.134297
0.136673
0.454622
0.684815
0.506068
0.388854
-0.296833
-0.839822
-0.096322
-0.216636
0.893808
0.108712
-0.973629
-0.347719
-1.000000
-0.464330
-0.127713
-0.117407
-0.233351
0.215180
-0.276540
0.518867
0.627062
-0.715928
-0.594333
0.306053
-0.066882
0.128164
0.452688
0.277885
0.388921
0.862275
0.083051
-0.333930
-0.544597
0.735466
0.838278
-0.060932
0.944716
-0.161257
-0.271760
0.220382
-0.069813
0.428919
-0.702926
-0.271089
0.598159
-1.000000
-0.812929
0.690376
-0.392799
-0.412248
0.813126
0.396390
0.132759
-0.225824
-0.104044
-0.472841
-0.343497
0.103357
0.763695
0.505154
0.020378
-0.805473
0.538651
-0.493138
0.005302
-0.410130
1.000000
0.070957
-0.525995
-0.466173
-0.135843
0.816251
-0.479397
-0.044155
-0.254339
-0.010428
0.316647
-0.681943
0.711012
-0.295416
0.589708
0.153053
0.485032
-0.680759
-0.593978
0.432131
-0.601029
-1.000000
-0.318249
0.082861
0.933868
0.107947
0.740583
-0.725177
-0.624662
-0.202670
0.354412
-0.263748
-0.156677
0.055277
-0.062483
-0.009593
0.413585
-0.509540
-0.296009
-0.547938
-0.169799
0.022485
-0.383951
-0.192389
0.264565
0.709798
-0.062097
0.724108
-0.294738
-0.431024
-0.224960
0.451488
0.941819
0.424308
0.068066
0.681943
0.423712
0.366766
0.458295
-1.000000
-0.400025
0.308298
1.000000
0.584408
-0.147028
0.761117
0.101582
0.712369
0.475594
-0.245785
-0.650589
-0.847410
0.150589
0.848648
0.397179
0.088682
0.086820
-0.316132
-0.800772
0.159341
-0.225721
0.267027
-0.275160
-0.042978
0.242839
0.031311
-0.166881
-0.995665
-0.196418
0.549472
0.115906
-1.000000
-0.305251
0.872153
-0.147640
0.042452
0.252730
0.723103
-0.111729
-0.031580
-0.822114
0.883097
-0.133800
0.187593
0.376345
0.115216
-0.059616
-0.088379
0.964663
0.454986
0.501089
-0.000835
-0.634840
-0.275068
0.231566
0.323315
-0.299258
0.432508
-0.730679
-0.181348
-0.465985
-0.394376
-0.244223
-0.040273
-0.145167
-0.157184
-0.237166
-0.632549
0.003132
0.286516
-0.087584
0.787473
-0.558149
-0.068076
0.483383
0.284646
0.000001
-0.031826
0.147956
-0.928064
0.215873
-0.029264
0.069407
-0.010425
-0.062252
-0.460433
-0.411062
0.139648
-0.987772
-0.321244
0.085072
0.725013
-0.336913
-1.000000
-0.594410
0.764656
0.490677
0.935327
0.186210
0.796618
0.611606
-0.081807
0.060046
0.269985
0.072687
-0.375603
-0.287521
0.583464
0.159740
-0.283679
-0.367609
0.466015
-0.682757
-0.662201
0.557164
-1.000000
-0.253089
-0.360890
0.870976
-0.979658
0.627728
0.881781
-0.244897
-0.743618
-0.475714
-0.457624
-0.492026
0.563256
-0.198962
-0.403631
-0.181267
-0.340393
-0.381238
-0.201093
-0.081871
0.107888
0.100672
0.458609
-0.045047
0.473005
-0.171164
0.308558
-0.547623
-0.044176
0.367180
0.734239
0.774824
-0.368163
0.964091
-0.003882
0.186380
-0.455203
-0.271456
-0.704476
-0.181537
-0.507847
0.311331
0.082386
-0.903601
0.188175
0.098041
0.436496
0.274654
-0.189546
-0.048647
-0.252242
-0.031256
-0.019838
-0.154683
0.227515
-0.348294
-0.857653
0.748410
-0.057373
-0.317715
0.393730
-0.556436
-0.048610
-0.607116
0.766636
0.054072
0.415388
0.316263
-0.232254
0.683183
-0.599739
-1.000000
0.065749
0.453868
0.957763
-0.358462
0.056919
-0.018164
-0.486726
0.897452
0.951071
0.331117
0.337716
-0.114973
0.742335
0.093258
-0.495165
-0.219172
0.160355
-0.186181
0.398386
-0.337149
-0.353071
-0.966906
0.301707
0.390167
0.934467
-0.540963
-0.018940
0.240502
0.222296
-0.069389
-0.485106
1.000000
-0.099141
-0.320234
0.067302
-0.630135
0.513199
-0.152158
-0.219175
0.261741
0.492570
-0.089658
-0.314624
0.074345
-0.621016
-1.000000
0.603989
-0.379809
-0.180847
-0.082623
-0.356320
0.553267
-0.273161
0.706980
-0.766731
0.236543
0.644307
0.267859
-0.454873
-0.382977
0.461627
0.022901
0.070000
-0.920310
-0.532436
0.540676
0.075863
0.557339
0.701402
-0.343307
0.453878
-0.281488
0.859898
0.786572
0.364621
-0.206599
0.130468
0.529370
-0.524378
0.322627
-0.482824
0.106248
-0.128333
0.280228
0.516146
-0.581770
-0.993129
-0.690596
-0.857740
0.182733
0.854415
-0.178708
-0.191767
0.108707
0.225945
0.607028
0.064692
-0.448991
-0.042644
-0.099671
-0.019679
1.000000
-0.596430
-0.654831
-0.009759
-0.123326
0.706022
0.015194
-0.893307
-0.003765
0.303049
0.019984
0.480435
0.566503
0.689243
0.092993
-0.351255
-0.527352
0.282658
-0.486069
0.223780
0.375237
-0.519811
0.546113
0.119951
-0.104134
0.005491
-0.458209
0.265441
-0.258443
-0.083672
-0.091970
0.205723
0.693700
0.424462
-0.042210
0.125017
-0.356003
-0.106964
0.091008
0.553841
0.418213
-0.002937
0.790722
-0.371269
-0.068060
-0.129749
-0.189312
0.258152
-0.631644
-0.774066
-0.095336
0.057868
0.140892
-0.472476
-0.085304
-0.313680
0.113393
0.159055
-0.916475
-0.439658
-0.401022
0.290342
-0.680003
-0.411093
-0.137519
-0.319479
-0.437107
-0.134837
0.786097
-0.122365
-0.725513
-0.549134
0.914374
-0.923922
0.636004
0.880894
0.673023
0.703693
0.341240
-0.330606
-0.676817
-0.479614
-0.197608
0.164091
0.545829
-0.040709
0.858784
0.353755
0.209549
0.211219
0.960068
-0.928916
-0.019658
-0.583089
0.189750
-0.814610
0.421839
-0.522379
-0.497324
-0.539798
0.834267
-0.314183
0.110653
-0.243716
-0.321583
-0.925114
0.993496
-0.713094
-0.799008
-0.103815
-0.288305
-0.029725
-0.750908
0.432594
-0.464556
0.751262
0.107626
-0.376845
-0.182478
0.336863
0.311429
0.370721
0.417967
-0.506307
-0.326723
0.639473
-0.041308
-0.704363
-0.262116
1.000000
-0.108987
-0.301569
-0.012935
0.424993
0.147875
-0.237188
-0.033591
-0.017902
0.620170
0.126837
0.022500
0.308980
0.276989
-0.098143
0.726737
0.027433
-0.146517
0.337297
-0.031731
-0.105908
-1.000000
0.650814
0.316285
0.573556
0.026840
0.078378
-0.829583
-0.306069
-0.511690
-0.316802
0.126815
-0.128051
-0.509645
0.190994
0.223053
-0.881870
0.581391
-0.577188
0.695899
-0.487725
0.717385
-0.312554
-0.538401
0.188603
0.359938
1.000000
-0.192570
-0.139145
-0.207166
0.357815
0.850375
-0.424679
-0.410739
-0.045017
0.250358
0.111935
-0.527960
0.136972
-0.777552
0.027054
-0.555893
0.017115
-0.340312
-0.056083
-0.186883
0.053805
-0.932119
0.451873
-0.095893
-0.271430
0.142274
-1.000000
0.382114
0.096084
1.000000
-0.281784
-0.150653
0.035743
0.242236
-0.891685
-0.102512
-0.057920
0.865963
0.659163
-0.778487
-0.555140
-0.719444
0.017327
0.772021
0.344189
-0.109653
0.230519
-0.866149
0.308093
0.624047
-0.020952
0.314021
0.851282
0.499302
0.500926
0.486588
0.064267
-0.221941
-0.198253
-0.347236
0.661043
0.286104
0.406472
0.553890
0.271476
-0.419888
0.041845
0.197357
0.574881
-0.187134
-1.000000
-0.098861
0.484251
0.235029
-0.767705
0.208054
-0.499544
0.335180
0.894286
0.633925
-0.059793
-0.281499
-0.254848
-0.021439
0.667877
0.932231
-0.411165
0.677072
-0.078889
-0.268368
0.816157
-0.087102
-0.192511
-0.856871
0.247029
0.917516
-0.416762
0.720847
0.136399
-0.006554
0.170673
0.384761
-0.154252
0.133795
0.898947
-0.043722
-0.027287
0.160660
-0.793129
-0.275872
0.063831
-0.352975
-0.211828
-0.104336
-0.302657
-0.189187
0.017755
-0.412573
0.103139
-0.110093
-0.339773
-0.039257
-0.174181
-0.055482
-0.585640
-0.864916
0.658754
1.000000
0.680312
-1.000000
-0.249105
-0.009458
-0.246008
-0.298317
0.776769
-0.038497
-0.899316
-0.406559
-0.981126
-0.281287
-0.182521
-0.603648
0.275784
-0.518407
-0.381120
-0.086949
-0.532299
0.197273
0.389412
-0.089882
0.122527
-0.122872
-0.861045
0.876526
0.419611
0.175900
-0.577860
0.188267
0.526130
0.411330
0.630315
-0.663987
0.293671
0.948977
0.700966
-0.121129
0.192026
-0.436850
-0.040354
1.000000
0.344869
-0.402639
-0.556876
0.838579
-0.274213
0.439622
0.879672
-0.004306
0.081160
-0.048918
0.885638
0.511720
0.794599
-0.513423
-0.710403
-0.136842
-0.979579
0.715169
0.007630
0.723962
-0.184250
0.130822
0.152854
-0.661323
0.021258
0.822917
1.000000
-0.573892
-0.219857
0.011254
0.071580
-0.026170
-0.177220
-0.026342
0.171740
-0.627083
0.588698
-0.203060
-0.705592
-0.207225
-0.959170
0.168204
0.035684
-0.448685
0.471079
0.317520
0.574703
0.195195
-0.328581
-0.869155
0.134328
-0.287411
-0.942425
0.227847
-0.790846
-0.310126
0.000259
0.285000
-0.543031
0.624899
-0.271637
-0.654355
-0.787116
-0.506535
-0.502764
0.351176
-0.550036
-0.411180
0.461056
0.463045
0.329368
0.229274
-0.255923
-0.118539
0.897916
-0.357267
-0.676747
0.961068
0.008254
-0.294281
0.334380
-0.427936
0.149162
0.369816
-0.155085
0.185921
1.000000
-0.299272
-0.590908
-0.075487
-1.000000
-0.641332
0.474697
0.063837
-0.050255
-0.566377
1.000000
0.425974
-0.779617
-0.238667
0.642850
0.806558
-0.016411
0.007063
-0.357208
-0.716970
-0.340094
0.711518
0.252884
-0.109062
-0.335247
-0.284484
-0.990752
-1.000000
0.062865
-0.742246
0.259896
-0.312008
-0.335070
1.000000
-0.284907
-0.133744
0.191307
-0.521068
-0.146896
0.191882
-0.281756
0.314820
0.062300
-0.962706
0.366229
0.836196
-0.124956
-0.214386
-0.439119
0.316238
-0.823864
0.475624
0.204352
0.158631
0.517414
0.901653
0.343683
0.432296
0.443701
0.847617
0.221310
-0.412194
-0.112110
0.046373
0.550634
-0.981474
0.328643
-0.397195
-0.506630
-0.465536
0.369393
0.019126
0.278914
-0.181000
0.666875
-0.526643
0.910898
-1.000000
0.268368
0.854990
-0.559036
0.329331
0.212466
0.377436
0.678964
0.753901
0.956020
0.128013
0.392994
-0.829323
-0.027997
-0.188105
-0.214842
0.012404
0.203956
0.222195
-0.619434
-0.132922
0.021904
0.099899
-0.757876
-0.331373
0.240023
-0.131534
-0.401897
0.739667
0.211777
-0.134505
-0.011361
-0.483892
-0.259181
0.340147
-0.835389
0.208623
-0.257173
-0.791587
-0.149083
0.274621
-1.000000
-0.353602
0.332141
0.926623
0.341057
-0.291943
0.366800
0.545758
-0.667788
0.356754
-0.683438
-0.665099
0.158158
0.115490
0.176909
0.176118
0.240241
0.146439
0.205540
0.390997
-0.678659
0.001095
0.244285
0.375556
1.000000
0.882406
0.072389
0.541742
0.413752
-0.188046
-0.412349
0.467199
-0.586149
0.063413
-0.052744
0.404365
0.386456
-0.116568
-0.422002
0.293308
0.023246
-0.147586
-0.053748
-0.316833
-0.109826
0.927738
0.098648
0.255940
-0.438206
0.321383
-0.070423
0.442715
-0.359052
-0.640315
0.445429
0.290227
0.544021
0.147007
-0.835548
0.919371
-0.818830
-0.115659
0.181431
-0.301595
-0.496424
0.296218
-0.996046
-0.636639
-0.295186
0.362089
-0.308217
-0.274141
-0.762792
0.408474
-0.080035
0.855727
0.203549
-0.144595
-0.455138
0.351260
0.510015
-0.710843
0.809668
-0.286221
0.487006
-0.573842
0.341157
1.000000
-0.109173
0.426892
0.489563
0.247041
0.781919
0.158042
0.919611
-0.396123
-0.276122
-0.288304
-0.327206
-0.454576
-0.266513
0.454373
1.000000
-0.033123
-0.838077
-0.291799
0.131717
-0.749408
0.258106
0.631043
0.288999
0.834919
0.028009
0.166601
0.312384
0.822132
0.712541
-0.297625
-0.150721
-0.005759
-0.966926
0.378803
0.410748
0.110953
0.183225
-0.716078
-0.382416
0.654311
-0.964743
-0.025682
-0.829025
0.509743
-0.583757
-0.946510
0.044316
-0.519005
0.092556
0.050436
-0.061998
0.192048
-0.048355
0.133225
0.187679
-0.642391
0.867393
0.460848
0.215476
0.180542
-0.274586
0.649075
0.476719
-0.041315
0.064111
-1.000000
-0.037589
0.099118
-0.563676
0.799217
0.068210
0.686710
-0.301710
-0.207575
-0.918571
0.204783
0.276001
0.021146
-0.394555
0.157604
-0.078949
-1.000000
0.061020
0.592846
-0.817676
0.216224
0.207536
-0.018699
-0.420214
-0.413731
0.618369
0.519592
-0.720849
0.217820
-0.389403
0.562108
-0.248725
-0.076591
-0.025194
-0.060566
0.072942
-0.312386
-0.093613
0.034219
0.939998
-0.527156
-0.659565
-0.434875
-0.075467
-0.516756
-0.543821
0.375861
-0.466982
-0.004374
-0.117270
-0.102708
0.633237
0.237902
0.171909
-0.884791
-0.039818
0.516698
-0.294323
0.583289
0.095639
-0.455853
0.852416
1.000000
-0.105603
-0.547800
0.213878
-0.317765
-0.265818
-0.935826
-0.545673
-0.227591
0.824593
-0.162929
0.970814
0.358780
-0.154455
-0.044064
-0.477910
0.040427
0.103721
-0.194807
0.052422
0.031313
-0.443797
0.645520
0.560604
-0.347083
0.523948
0.315611
0.278904
-0.109225
-0.408191
-0.827195
0.103649
-0.339066
0.129500
0.933920
-0.070975
0.565436
0.573063
-0.264748
0.110871
0.516577
0.486062
0.025790
0.603361
-0.745309
-0.067219
0.394327
0.479883
-0.195323
0.322109
0.238024
0.911252
0.362972
-0.621096
-0.984539
-0.179038
-0.406543
0.892768
0.431565
-0.290849
-0.648995
0.133453
-0.139736
0.352621
0.153968
-0.079701
-0.293164
-0.426620
0.682060
-0.620016
-0.950164
0.179112
0.608545
-0.134484
-0.150272
-0.106121
0.025373
-0.511130
-0.636392
0.101987
-1.000000
0.173333
0.285030
-0.039799
-1.000000
-0.160883
-0.564255
0.274365
-0.324044
-0.112345
-1.000000
0.301510
-0.040382
-0.588154
-0.398296
-0.218655
-0.119456
-0.512393
0.075419
0.774910
-0.725530
-0.377639
-0.209604
-0.054867
0.758522
-0.231523
-0.097909
0.488254
-0.076977
-0.595958
-0.674485
-0.852658
-0.217850
-0.491269
-0.094408
0.419775
-0.605664
-0.073256
-0.701198
0.349328
-0.353921
0.584798
0.272257
-0.174578
0.585032
-0.864558
0.945578
0.575555
0.299846
0.320229
-0.087060
-0.113121
0.167200
-0.187529
-0.274522
-0.525062
-0.093427
-0.764693
0.358626
0.452060
0.380973
-0.406185
-0.936842
0.311232
0.258427
-0.586273
0.099283
-0.408147
0.796199
0.138089
0.093812
-0.070208
0.809796
0.986668
0.651751
0.586186
0.060204
0.449746
-0.481875
0.563016
-0.071790
0.072625
-0.462212
-0.749738
0.371303
-0.174891
-0.000699
-0.300646
0.142940
-0.448711
-0.675307
0.716285
0.374425
-0.032476
-0.184863
0.291769
-0.799232
-0.578430
0.177595
0.429612
0.418104
-0.908106
0.806495
-0.661103
-0.262893
-0.529142
1.000000
-0.425278
-0.259830
0.412997
0.486098
-0.289439
0.144985
-0.019901
0.786861
-0.048476
-0.528857
-0.120624
-0.900806
0.414448
-0.035504
0.036612
0.137963
-0.590867
0.274788
0.088762
0.281290
0.899236
-0.888230
-0.078294
0.396262
-0.101802
-0.284279
0.439532
0.415133
-0.080148
0.036726
-0.422446
-0.768882
-0.434051
0.770626
-0.023322
-0.355433
-0.488194
-0.505376
-0.262889
-0.008656
-0.443537
0.519831
0.095913
-0.280822
-0.027918
-0.662577
0.444001
0.308417
-0.097623
0.168087
-0.014592
-1.000000
0.006087
-0.516582
0.211791
0.032595
0.287717
0.080893
-0.097089
-0.173965
-0.464735
-0.351065
0.334125
-0.350384
0.047938
0.277970
0.269477
-1.000000
1.000000
0.018425
-0.087131
-0.517862
0.169003
0.136363
-0.233850
0.527100
0.138598
-0.358448
0.606919
0.192530
-0.357236
0.300957
0.491441
-0.151889
-1.000000
-0.674375
0.266461
-0.370770
0.106660
-0.656531
0.821212
0.033661
0.165405
0.280931
0.238700
0.144597
-0.321461
-0.972146
-0.138665
-0.657324
0.031979
-0.708670
-0.947358
1.000000
0.455891
-0.131804
0.871443
-0.463817
-0.095489
1.000000
0.523603
-0.659361
0.653278
0.328925
-0.427666
0.559844
-0.199538
1.000000
0.040770
-0.257015
-0.468686
0.035013
0.069525
-0.354542
-0.743949
-0.130948
0.437206
-0.058183
-1.000000
0.049164
-1.000000
0.584751
-0.122957
0.200683
-0.327154
1.000000
-0.100347
-0.855865
0.621539
0.990206
-0.647589
-0.925178
1.000000
-0.035487
-0.142847
0.937076
-0.180131
-0.165867
0.306117
0.132367
-0.710769
-0.918125
0.120764
-0.509274
0.454616
1.000000
0.155445
-0.041513
0.588344
-0.108462
0.536813
-0.343387
0.308888
-0.071434
0.517364
-0.396668
-0.046312
-0.015708
-0.592927
-0.337917
-0.539016
0.552930
0.290394
0.950365
0.473873
0.459155
-0.052390
0.574793
-0.067498
0.151851
0.068892
0.274798
-0.897205
0.468230
-0.072344
1.000000
0.148941
0.582301
0.312647
0.371275
-0.168013
0.431795
-1.000000
-0.115573
-1.000000
-0.677400
-0.294432
-0.221140
-0.369744
1.000000
0.968107
0.778084
0.957598
0.829126
0.017517
-0.392009
0.180417
0.125703
-0.472817
0.637595
-0.155836
-0.074027
0.495344
0.055423
-0.161565
0.931299
0.050545
0.871519
0.815985
0.085573
0.656574
-0.952772
-0.013280
0.048178
1.000000
-0.004195
0.238054
-0.991741
0.215361
-0.696900
-0.741613
-0.394453
-0.327783
-0.537768
-0.780380
-0.614855
0.040046
0.082742
-0.013718
-0.227062
-0.530129
-0.376044
-0.203381
-0.264344
-0.339491
0.305813
0.153963
-0.885077
-0.055048
-0.884409
0.078749
-0.056599
0.067651
-0.782159
0.238187
-0.496905
0.580420
0.074296
0.301804
0.028839
-0.522581
0.671590
0.432493
-0.019578
0.288383
-0.414024
-0.771384
0.071427
0.030244
-0.259774
0.942141
0.222607
0.683692
-0.095342
-0.090850
-0.046669
0.300276
-0.303867
0.710563
-0.134407
-0.620024
-0.160727
0.186619
-0.089444
-0.455572
0.391776
-0.215419
0.201396
0.018571
-0.359740
1.000000
1.000000
-0.137786
-0.984764
0.333751
-0.191235
-0.176462
-0.125955
0.039163
0.247850
-0.105290
-0.382379
-0.056314
0.270003
0.130106
0.003365
0.549483
-0.997311
0.066040
0.082961
-0.531780
-0.073423
-0.649959
0.265452
-0.365359
1.000000
0.375325
0.086703
0.424591
0.070095
0.504753
-0.297139
0.269800
0.938686
0.489957
0.496056
0.333884
0.336403
-0.452324
0.110958
-0.738464
0.232742
-0.865421
-0.501983
-0.590889
0.544228
-0.359141
0.227941
0.587441
-0.868416
0.386709
0.305072
0.742710
-0.036596
-0.142658
0.505930
0.449332
-0.315122
-0.155214
-0.446762
-1.000000
0.494082
0.104698
-0.435391
-0.382884
0.268265
-0.091543
0.149358
0.128073
1.000000
0.078748
0.074804
0.765561
0.051659
-0.601314
-0.155833
0.380445
0.873972
-0.369185
0.830403
0.674616
0.136933
-0.320157
-0.971238
-0.020461
-0.311543
-1.000000
-0.413158
-1.000000
0.675998
0.089147
-0.109035
-0.010079
-0.311192
-0.758935
0.070125
0.826147
-0.151222
0.041006
0.138803
0.383698
0.717238
0.344441
-0.015669
-0.840513
-0.176998
-0.175418
-0.218285
-0.056663
-0.627267
-0.373680
-0.081771
0.060550
-0.463853
0.074478
-1.000000
-0.560286
0.102184
-0.672957
0.086995
-0.885899
0.518755
0.130365
-0.173544
0.109571
-0.378460
0.062253
-0.086824
-0.113035
-0.484422
-0.591419
-0.261094
-0.343410
-0.064366
-0.361756
0.063434
-0.163350
0.343042
0.443941
0.356339
0.605318
0.022842
0.218257
0.130808
-0.085683
-0.320201
-0.384045
-0.080939
-0.395456
-0.558510
0.180932
-0.016830
-0.361601
-0.506924
-0.281687
-0.269418
-0.399016
-0.111781
0.503642
-0.730313
-0.296478
-0.164406
-0.793073
0.393643
0.204339
0.667697
0.289318
-0.974427
-0.962055
0.598791
-0.161650
0.000742
1.000000
0.823511
-0.513856
-0.032321
0.224490
-0.240672
-0.477045
-0.712271
0.369562
0.209117
-0.817381
0.622415
0.225857
-0.050107
0.092286
0.159093
0.949480
0.831665
-0.434804
-0.603035
-0.231681
-0.424741
-0.040544
0.919622
0.049434
0.694845
-0.476433
-0.610920
-0.094566
-0.071774
-1.000000
1.000000
-0.510492
-0.352485
-0.560736
-0.693568
0.241436
-0.942986
0.141947
0.077188
0.207796
-0.465668
0.634022
0.258041
-0.062190
0.384988
0.119688
0.476126
-0.003382
0.613363
-1.000000
0.110112
0.955827
0.018530
0.689210
0.747606
0.293635
-0.094072
-0.022453
0.575039
0.329293
-0.384574
-0.024577
-0.280665
0.072331
0.947454
-0.091050
-0.703228
0.147455
-0.238150
0.528986
0.370730
-0.620896
-0.671872
0.841083
-0.033964
0.972847
0.848194
0.954960
0.292265
-0.493235
-0.269879
-0.965763
0.087747
0.426012
0.129223
-0.148451
0.174029
-0.397120
-0.223384
-0.096109
-0.284331
0.709519
-0.657683
-0.059811
-0.408578
-0.038443
0.138899
0.650362
0.862363
-0.294633
-0.175677
-0.753480
1.000000
-0.353907
0.075841
0.110380
0.989421
-0.098102
0.096205
0.647830
0.719428
-0.452131
0.177602
0.373429
-0.294828
-0.461237
0.308174
0.191509
0.306606
-0.561541
0.350467
0.999765
-0.705257
-0.543198
0.373084
0.349883
-0.526450
0.787857
-0.782681
-0.434293
-0.444225
-0.253079
0.186907
0.310497
0.470114
0.106791
0.360350
-0.486471
-0.375913
-0.499407
-0.152774
-0.070909
-0.035543
0.011196
-0.037971
0.251451
0.300130
0.185743
0.005494
0.294194
-0.084252
-0.006613
-0.175760
-0.870976
0.667391
-0.415591
-0.144599
0.713738
0.052053
0.301836
0.061033
0.224934
0.402529
0.619919
0.934752
0.121003
0.037415
0.695746
0.526767
-1.000000
0.280131
0.629447
-0.150001
0.895329
-0.772908
-0.480198
0.162447
0.554365
-0.030328
-0.215044
0.317440
-0.355318
-0.023244
-0.294594
0.068426
0.277452
-0.399547
0.624809
0.910256
-0.548739
0.032370
0.811513
0.064198
-0.570495
0.528709
-0.227665
0.373901
-0.213084
-0.219144
0.268023
-0.511207
-0.763331
-0.581889
0.080772
0.494339
1.000000
0.466708
0.008304
-0.141362
0.710660
-0.011002
0.319404
0.033638
-0.504178
-0.304314
-1.000000
0.831329
0.223102
-0.550674
0.412693
0.638987
-0.850549
0.096147
-0.072922
0.757719
0.518346
-0.397028
0.039339
-0.149221
-0.319924
0.420964
-0.505799
-0.740910
0.450712
0.915169
0.275352
-0.311426
0.479082
0.080484
0.615455
0.520896
-0.116743
0.359755
-0.505777
-0.395065
0.241813
-0.251545
-0.180328
0.427132
-0.775618
0.378061
0.018009
0.069533
-0.233871
-0.071017
0.269315
0.606076
0.458313
-0.083901
-0.038458
0.268206
0.370813
0.509943
0.080646
-0.472621
-0.129642
-0.408528
-0.105568
0.916557
0.921065
-0.175882
0.102622
0.182080
0.012409
0.514387
-0.511638
0.211758
0.153632
-1.000000
0.241090
-0.380827
0.036536
-0.007925
0.720413
-0.389711
-0.863425
0.178067
0.758014
0.563094
0.458712
0.040790
-0.041660
-0.097480
0.509721
0.493434
0.847008
0.056794
0.274873
-0.121514
0.768036
0.022234
-0.741460
-0.469237
-0.272366
-0.278471
-0.100947
-0.458981
-0.480828
-0.219280
-0.106333
0.017220
-0.522110
-0.595822
0.475094
0.290047
0.717224
-0.505621
-0.120539
-0.166483
-0.076196
0.003513
-0.438508
0.206743
-0.042202
-0.216446
0.049158
0.377795
-0.347788
0.859719
0.201598
-0.182327
-0.771818
-0.323260
-0.775453
-0.129256
-1.000000
-0.478833
-0.539684
-0.197257
0.157182
-0.608341
0.513303
-0.788901
0.524879
0.587265
0.094279
0.219970
0.078406
0.022579
-0.805921
-0.230864
-0.149584
-0.179580
0.593593
0.246121
-0.470212
0.453043
0.406023
0.071222
-0.579405
0.606984
0.252016
-0.421668
0.347772
-0.041119
0.508542
-0.325889
-0.244322
0.332341
0.738593
-0.118685
-0.093970
0.935465
-0.948894
0.301847
-0.725475
-0.866551
-0.000876
0.594099
0.081052
-0.261550
-0.110729
-0.396562
0.104314
-0.785358
-0.039669
0.340595
-0.526975
-0.041933
0.364818
-0.648524
-0.941254
0.418277
0.387610
-0.119509
-0.038591
1.000000
0.712303
-0.102163
-0.254054
-0.416268
0.011119
0.475257
0.247236
-0.814743
0.409103
-0.219465
0.338773
-0.201047
-0.955943
-0.040363
-0.404921
0.448952
0.721368
0.555937
-0.448321
0.825101
-0.060713
-0.570231
0.147806
-1.000000
-0.019429
0.390480
-0.667379
0.346261
0.009625
-0.396075
0.334274
0.597172
0.360491
0.103244
0.066162
-0.159996
0.111134
0.079780
0.276530
-0.398224
0.932763
0.016746
-0.748436
-0.956471
-0.284546
0.249363
-0.291994
1.000000
0.356884
-0.443102
-0.227254
-1.000000
-0.118635
0.754906
-0.469770
0.059933
0.329828
0.161247
-0.280427
-0.445905
0.076573
0.296069
0.094174
0.147019
0.171912
-0.344542
0.709920
-0.274786
0.262039
0.340432
0.784201
0.471428
-0.242724
-0.045865
-0.727299
0.384680
-1.000000
0.282269
-0.109452
0.218378
-0.414999
0.233636
-0.231544
0.388036
0.039618
-0.735488
-0.038466
-0.661351
-0.981246
-0.393755
0.656737
-0.350088
-0.544430
0.091246
-0.624802
0.036832
0.888032
0.655331
0.071685
-0.366612
0.406325
0.512943
-0.100085
-0.995268
0.693028
0.093108
0.393631
0.062649
0.102719
0.680550
-0.445424
0.518175
0.090036
-0.171870
0.492852
0.213491
0.820809
-0.056889
0.059853
-0.411451
0.382341
-0.549013
-0.810016
-0.108709
0.293785
-0.316468
0.135639
0.790670
-0.356080
-0.952509
-0.256740
-0.183277
0.146509
-0.243315
0.081011
0.389680
-0.653348
-0.350294
-0.019707
0.091019
0.107820
0.053907
-0.331887
0.045120
0.340815
-0.293250
-0.381289
0.561322
0.378327
0.237197
-0.385386
-0.081206
0.575782
0.273364
-0.226520
-0.835109
0.532501
0.357497
0.680860
-0.185619
-0.032959
-0.269737
-0.717492
-0.617764
0.197074
-0.563770
0.635232
-0.145934
0.338634
-0.343260
0.954345
-0.954000
0.078025
-0.199952
-0.408168
0.242068
-0.063105
0.421932
-0.590766
-0.430039
-0.727055
-0.051395
-0.345346
0.177524
-0.162928
-0.935864
0.528087
-0.579591
0.163789
-0.322272
0.328502
-0.312359
-0.461766
0.406285
-0.939588
-0.257147
-0.599616
0.076300
0.530045
0.800420
0.599039
-0.084064
0.430911
0.660131
0.547815
0.402137
0.248348
0.061784
-0.217169
-0.302740
-0.173421
-0.110603
0.642676
1.000000
0.394670
-0.088222
-0.624142
0.169606
0.953715
0.300098
-0.706642
-0.648169
-0.109681
0.012586
-0.027162
0.118914
0.508879
-0.285071
-0.450019
-0.467080
0.093300
0.256034
-0.194384
-0.031372
-0.458185
0.637554
-0.468811
-0.188639
-0.467154
-0.106992
-0.128629
-0.428216
0.968232
-0.483088
-0.323328
0.162246
-0.228894
-0.055931
0.107770
0.434238
-0.331588
0.424494
-0.173172
0.462304
0.463696
1.000000
0.991617
0.302544
0.228936
-0.511089
0.558378
-0.737940
-0.541845
0.287962
-0.936619
-0.832526
0.536091
-0.401394
-0.607029
0.349261
0.385869
0.315173
-0.160668
-0.425700
-0.548181
-0.899007
0.049315
-0.104954
-0.063993
-0.684822
-0.418089
0.519103
0.079337
-0.427418
-0.834148
0.461541
0.503858
0.414539
0.108600
-0.221555
-0.179559
-0.128298
0.211743
-0.255991
-0.073958
-0.290214
0.522571
0.021808
0.028103
0.388922
-0.012635
-0.412113
0.106316
0.143652
0.530054
0.560909
-0.116485
0.773901
-0.070120
-0.997328
-0.114615
-0.431413
-0.802624
-0.072487
-0.599773
-0.296697
0.564786
0.508195
-0.640829
-0.431360
0.366162
0.485324
1.000000
-0.439974
0.372328
0.593730
-0.161484
-0.279122
0.375428
0.149143
-0.795321
-0.454216
-0.052699
0.760661
-0.216180
0.205307
-0.434234
-0.039449
-0.223684
-0.240955
0.102774
-0.208722
0.190031
-0.115639
0.123481
0.944423
0.510139
0.398812
0.097582
0.534830
0.518958
-0.168047
0.003548
-0.080305
0.383741
-0.199152
0.151945
-0.574155
-0.257222
0.434548
0.300837
0.218877
0.653869
-0.413286
0.075866
0.036098
0.579299
-0.514011
0.285280
-0.903006
0.034051
0.703327
-0.285693
0.037023
0.634286
-0.580686
-0.828831
-0.306302
-0.507456
-0.100251
-0.991650
-0.438008
0.170517
-0.382787
0.080456
-0.751226
0.021670
-0.594693
-0.087359
-0.531621
-0.403960
-0.812412
-0.115766
-0.339067
-0.388207
-0.270830
-0.234814
0.277696
0.160561
0.035336
0.123059
-0.500857
-0.141490
-0.132581
-0.265036
0.788284
0.416970
0.490872
-0.211661
-0.305022
-0.353602
-0.215731
0.283586
0.316612
0.435187
0.947806
0.219382
0.908673
-0.018679
-0.435380
0.828283
-0.790464
0.354932
-0.574111
-0.353223
0.717170
0.136736
0.146383
0.367945
-0.395659
0.212404
-0.225650
-0.332556
0.632730
0.128776
-0.839521
-0.038260
-0.522743
-0.557221
0.405901
0.185013
-0.899836
0.201986
-0.219769
-0.024172
-0.367673
0.163719
0.220969
0.122462
-0.281786
0.919817
-0.406185
0.195164
0.167554
0.016380
-0.041009
-0.885536
0.464449
0.034380
0.115606
0.168166
-0.327775
-0.554420
-0.263559
-0.433357
0.275711
0.004835
0.096928
0.334764
0.306326
-0.076210
0.447445
-0.917574
0.976179
0.040442
-0.517180
-0.348744
0.239900
0.230829
-0.138645
-0.987362
-0.415077
0.643920
-0.186842
-0.572064
0.410860
-0.257810
-0.073615
0.191262
-0.582669
0.514415
0.614366
-0.377667
-0.766991
-0.139036
-0.277347
0.524457
-0.139711
-0.084874
0.553245
-0.113551
0.036972
-0.632289
0.713919
-1.000000
0.255276
-0.991491
0.122139
0.606878
-0.779613
-0.859169
-0.329753
0.177643
0.186949
-0.167042
-0.757327
0.069913
-0.282284
0.363062
0.408735
0.201051
-0.059395
-0.465944
-0.427893
-0.311477
-1.000000
0.500474
0.025220
0.370263
-0.967303
-0.682887
-0.436940
-0.127792
0.098863
0.469645
0.605952
-0.574997
-0.113029
0.807061
0.107029
0.829064
0.023572
0.160190
0.139335
0.700403
-0.257554
-0.939625
-0.971707
-0.064166
0.102261
0.638477
0.417279
-0.010690
-0.163662
-0.522727
0.266617
-0.864763
-0.048079
-0.170413
0.195512
-0.121716
-0.300563
0.406415
0.091752
0.112692
0.882122
-0.191974
-0.696629
0.720621
-0.819417
-0.351240
0.256106
-0.016499
-0.377972
0.248476
0.193981
-0.104932
0.812915
0.214448
-0.933421
-0.142461
-0.507464
-0.139915
-0.654374
-0.172118
-0.095416
0.165605
-0.022998
-0.143961
-0.505177
-0.672343
-0.879274
-0.224582
-0.015521
-0.897609
-0.755656
0.919169
0.122995
0.737847
0.901417
-0.783912
-0.047358
-0.161007
0.021536
-0.451947
-0.353350
-0.109739
0.452267
0.039719
-0.804088
0.984434
-0.203679
0.528166
-0.370496
-0.165272
-0.620659
-0.021588
-0.104485
-0.674523
0.988916
-0.694788
-0.450218
-0.164782
-0.242835
-0.276058
-0.488071
0.237039
0.303857
0.487759
0.027421
0.184709
0.032166
0.308993
1.000000
0.055440
0.408819
0.346989
0.428303
-0.014588
-0.547619
-0.730393
0.289385
-0.479357
-0.419945
0.489092
0.720902
0.287935
-0.920818
0.692277
-0.367597
-0.777084
0.082864
-0.406790
-0.238305
0.061408
0.122289
0.709946
-0.931979
0.772238
-0.844504
-0.163291
0.636229
0.308354
0.121856
-0.010611
0.017735
-0.808363
0.153929
-0.974316
-0.518407
0.766843
-0.143790
0.097435
-0.176232
0.232219
-0.598288
0.768518
0.461957
-1.000000
0.016589
0.133955
-0.310009
-0.339459
0.539384
-0.444801
-0.203999
-0.421963
-0.074367
0.466376
0.751539
-0.344713
-1.000000
-0.520687
0.266135
0.071610
-0.947736
0.349447
-0.916279
-0.293555
0.358405
0.588065
0.866857
-0.124550
-0.043766
-0.244100
-0.103607
-0.839538
0.404285
0.310207
0.109410
0.630445
-0.012668
0.418000
0.187404
-0.027931
-0.784123
0.932913
0.125694
-0.690572
-0.349520
0.748536
0.091211
0.163250
-0.131915
-0.046872
0.951346
-0.265205
0.339977
0.384649
0.113535
0.019967
-0.045852
-0.198845
-0.601735
-0.388308
-0.019765
0.383004
0.264200
-0.769601
0.212452
0.011022
-0.812056
0.057634
-0.681562
-0.181744
0.281908
-0.509591
0.848605
-0.036861
0.575877
0.582867
-0.694458
0.184498
-0.679846
-0.374412
0.269848
-0.270559
0.363671
0.291407
0.198678
-0.964486
-0.050111
0.073866
0.316301
0.403204
0.303405
0.370712
0.299627
-0.475280
0.723922
0.264077
0.182468
0.544213
0.045003
0.345940
0.588802
0.410914
0.073107
-0.661885
0.073506
-0.561944
0.370437
0.022503
-0.282654
0.461567
-0.646764
-0.368696
0.019841
0.822394
0.020376
0.281145
0.191448
0.667020
-0.459736
0.112260
0.326839
-0.654816
-0.972646
0.040921
-0.576154
0.170008
0.074823
0.472740
-0.688057
-0.961188
0.449736
-0.278526
0.637194
0.310292
0.447107
-0.051400
0.211553
0.219786
0.010371
0.717585
-0.008021
-0.995387
-0.720983
-0.474847
-0.549820
0.402035
-0.898875
0.264250
0.467505
0.081350
0.884031
-0.095460
0.097032
-0.210837
-0.233958
0.679864
-0.552194
0.263105
-0.075051
-0.370089
0.035733
0.559980
-0.176942
-0.528707
0.984881
-0.764501
-0.144479
0.115077
-0.041025
-0.106059
-0.736969
0.483400
-0.364505
-0.010606
-0.104044
-0.122224
0.133295
0.086390
-0.877283
-1.000000
-0.702809
-0.609068
0.032114
0.076036
-0.237848
1.000000
-0.220593
-0.549236
-0.198778
-0.271101
0.419621
0.352568
0.059183
-0.894361
0.771894
0.630621
0.091081
-0.692172
-1.000000
-0.121582
0.808972
-0.312460
0.672591
0.759778
0.999715
-0.305414
-0.419053
0.164363
-0.102306
1.000000
0.601989
0.098959
-0.213716
-0.534808
0.010775
0.031808
-0.098350
0.828605
-0.977061
0.650038
-0.179022
0.122858
-0.394147
-0.084344
-0.569002
-0.363101
-0.297637
0.228491
-0.442668
0.164505
1.000000
-0.404694
-0.382856
0.358025
-0.705676
0.097473
-0.490056
0.113666
0.350659
-0.065519
0.385580
0.216808
-0.590308
-0.419851
-0.272436
0.173320
0.539956
-0.337650
-0.556105
-0.449620
-0.869155
0.130346
-0.250467
-0.329577
-0.598082
0.011255
-0.017856
0.074359
0.039293
0.224970
0.562170
0.954470
-0.460867
-0.048628
0.661779
-0.127708
0.392398
-0.718961
0.301030
-0.578421
0.051371
0.793651
-1.000000
0.909498
0.193548
-0.294403
0.496957
-0.476910
0.643271
0.225710
0.362203
-0.187566
0.406949
-0.851679
0.364728
-0.019899
-0.175829
-0.244501
-0.158364
0.227953
0.182507
0.515462
0.649454
0.433318
0.480718
0.270694
-0.509684
-0.611503
0.629315
-0.081209
0.289644
0.577112
-0.004337
0.040103
-0.125744
-0.088933
0.558947
-0.088595
0.601020
0.117460
-0.530233
-0.095264
-0.892515
0.224608
-0.539279
-0.118960
-0.055310
0.792722
-0.306961
0.058903
-0.166240
0.398908
0.057545
-0.076231
0.299604
-0.269403
0.587006
-0.836507
-0.387585
0.079448
-1.000000
-0.376072
0.731813
0.718759
-0.556111
0.951493
0.220684
0.248109
0.214936
-0.996126
-0.371533
0.239161
0.198612
-1.000000
-0.250641
-0.815992
0.442438
-0.140639
-0.678025
0.491188
0.608614
-0.412350
-0.079934
0.186354
0.253077
0.327904
-0.262600
-0.041962
0.258127
-0.636659
-0.032228
0.363904
0.393511
0.272810
-0.050792
0.467375
-0.841718
0.563414
0.017773
-0.851385
-0.168294
0.511235
-0.028163
0.980071
1.000000
-0.732539
-0.460500
-1.000000
0.080273
-1.000000
0.668777
0.620598
0.136007
0.152822
-0.292033
-0.721115
1.000000
-0.419546
-0.036018
0.368706
-0.206013
-0.427716
0.478745
-0.672132
-0.214149
0.463238
0.339370
0.250150
0.394975
0.393632
0.086505
0.239693
0.894538
0.062963
0.248802
-0.277767
-0.301995
0.929945
0.131978
0.307519
-0.234400
-0.257139
-0.119453
0.157259
0.815976
-0.317143
-0.152785
-0.080783
-0.094884
0.184374
0.242331
-1.000000
-0.042868
0.781449
0.719162
-0.470677
-0.713802
-0.828910
0.507870
0.378297
-0.586068
0.121450
-0.522381
-0.810849
-0.096487
-0.994886
0.271592
0.513030
0.973516
0.107634
-0.992079
0.370153
-0.073257
-0.015740
-0.373587
0.440840
-0.113755
-0.115904
0.357634
0.092655
-0.520828
-1.000000
0.545888
0.791783
-0.552780
0.331893
-0.194837
0.066665
-1.000000
0.544662
0.275400
-0.399676
0.216035
-0.514934
-0.001099
0.277558
0.355977
-0.040520
0.536872
-0.397632
-0.648449
0.342974
0.145869
0.545968
-0.266970
-0.181314
-0.422481
-0.186346
-1.000000
-0.676424
-0.473561
-0.460192
-0.136820
-0.040567
0.334044
0.736184
-0.612473
0.358138
0.107645
0.189760
-0.026762
0.258360
0.028051
0.839393
0.307959
-0.796786
-0.325254
-0.348179
0.356293
-0.153844
0.263973
0.614962
-0.289896
0.405639
0.744277
0.147979
0.652070
0.243801
-0.951773
0.161036
0.105338
0.329043
-0.374465
-0.055047
0.972393
0.507912
0.145803
0.411483
1.000000
0.664788
0.406482
-0.078403
0.148493
-0.099833
-0.738618
0.003392
-0.067924
0.663332
0.158811
0.160136
-0.140283
0.346767
-0.502605
-0.550340
-0.091796
-0.189766
0.665326
0.084193
0.639014
0.312417
0.336405
1.000000
0.066368
-0.232980
-0.351098
0.942155
0.122241
0.068015
-0.424224
-0.486274
0.176288
0.034957
0.401473
-0.046550
0.150946
0.092647
-0.514896
-0.220790
0.722629
0.351376
0.323679
-0.038714
-0.311454
0.024523
-0.109546
-0.461691
0.009350
0.034226
0.544208
0.882892
-0.138690
-0.432958
0.088753
1.000000
0.402902
-0.086573
0.964472
-0.899821
-0.496006
0.475854
0.384289
0.846271
-0.492483
-0.992518
0.937409
-0.422071
-0.173905
-0.332270
-0.742084
-0.653432
-0.368325
0.046244
-0.651953
-0.210362
-0.887201
0.311523
0.246783
0.440494
-0.189138
0.671669
0.518413
0.416707
-0.469438
0.000036
0.047403
-0.246973
-0.184088
-0.015323
0.600518
-0.510710
0.277454
-0.981692
-0.409287
0.131308
-0.666857
0.641927
-0.876921
-0.825183
0.567827
-1.000000
-0.479452
0.587651
0.333079
0.867594
0.185273
0.395005
0.661729
-0.425938
-0.404448
-0.270151
0.058578
-1.000000
-0.272500
-0.607232
-0.109425
0.309279
-0.269016
-0.468736
0.183163
-0.629629
-0.081645
0.361705
-0.989620
-0.227645
0.157031
-0.143466
-0.177821
-0.659430
0.330541
0.231028
0.229090
0.182526
-0.592042
-0.820632
0.691650
-0.232184
0.542762
0.902400
-0.002118
0.007404
-0.092178
0.146315
-0.571288
0.390882
0.330711
0.133763
-0.108938
1.000000
-0.123594
-0.543678
0.227200
0.295926
-0.106872
0.540337
-0.219575
-0.059096
0.467450
-0.125036
-0.104317
0.253406
0.911276
-0.384226
-1.000000
0.235051
0.314967
-0.094992
0.265978
-0.868183
-0.310905
-0.093843
-0.528269
-0.785094
-0.170614
-0.917716
0.863989
0.316268
-0.021306
-0.266433
0.043562
-0.029708
-0.299363
0.515733
-0.213963
-0.596052
-0.219799
0.562589
-0.261891
0.860066
-0.020743
0.087732
-0.954023
-0.120113
-0.116226
-0.701394
0.150351
0.127262
-0.319419
0.633810
0.012353
-0.136549
0.366232
-0.607428
-0.147202
0.905967
-0.071731
-0.079274
0.172430
-0.128946
-0.361396
0.652122
0.484104
-0.845841
0.158263
0.466284
0.101126
0.495933
-0.291134
0.394073
0.710173
0.855648
0.631891
-0.138071
-0.520638
0.155188
0.239266
0.147865
0.945779
0.394114
0.144020
0.223210
0.438462
0.482128
1.000000
-0.006187
0.448136
0.469728
0.974605
0.921078
0.407499
1.000000
-0.570965
-0.161673
-0.013710
0.101058
-0.177844
0.266491
-0.056994
-0.230515
-0.177712
0.629759
0.060061
0.217183
0.191588
0.858237
0.197133
0.208141
0.865439
0.643579
0.113777
0.030242
-0.078758
0.051025
-0.083083
-1.000000
0.056939
0.732610
0.364195
-0.181673
-0.299656
0.218439
0.474653
-0.024138
-0.237432
0.886280
-0.254085
0.081414
0.221745
0.946055
-0.098094
-0.126183
-0.099452
-0.183126
0.045710
0.016152
-0.664859
-0.162540
-0.281320
-0.401002
0.045717
-0.182935
0.009557
0.051204
0.577787
-0.322865
-0.268663
0.298094
0.345739
0.910336
-0.675025
0.236541
-0.781692
-0.408776
0.081816
0.788432
-0.164188
0.128283
-0.475088
-0.828592
0.707132
0.497479
0.345791
0.065967
0.365896
-0.367808
-0.016239
-0.673315
-0.060402
-0.386184
-0.094915
-0.046741
0.306225
0.651279
0.235560
0.246804
-0.357093
0.755838
0.722886
-0.385645
0.657614
0.185124
0.460649
-0.006139
-0.397460
0.841972
-0.620611
-0.678397
0.014366
-0.170974
0.047617
0.514778
-0.273100
0.143410
0.500800
-0.499974
0.654759
-0.498520
0.003502
0.476026
-0.837096
0.057870
-0.082204
-0.457520
0.177437
0.845587
-0.594977
0.173595
0.332362
0.026980
0.509219
0.889005
-0.697764
-0.265333
1.000000
-0.209472
0.025411
0.945669
0.486586
-0.056263
-0.214243
-0.348869
0.627635
-0.480222
-0.334700
-0.845997
0.187156
-0.233484
-0.226858
0.405917
0.508226
0.037844
-0.332425
-0.355695
-1.000000
0.150936
-0.171310
0.314559
-0.775079
-0.514370
-0.874713
0.446430
-0.553993
0.040284
-0.369420
0.686161
0.353097
-0.203017
-0.077014
-0.096835
-0.138303
-0.239539
-0.988979
0.984466
0.153128
0.340586
-0.129636
0.287925
-0.553821
-0.008062
-0.178648
-0.206450
0.516148
-1.000000
0.009713
0.320351
0.147565
0.797167
0.283720
-0.549976
-0.174468
-0.318050
-0.188195
0.062764
0.848275
-0.490357
0.616796
-1.000000
0.908923
0.375299
-0.839885
-0.003706
0.800336
-0.502959
-0.923044
0.769021
-0.528427
-0.010448
-0.233623
-0.044673
0.310463
-0.046801
-0.473912
0.226729
-0.153408
0.396447
0.086993
-0.319121
-0.910241
-0.202576
0.651505
-0.162724
0.142557
-0.224461
-0.251954
-0.325318
0.361699
-0.299632
-0.827518
-0.179350
0.457259
0.042257
-0.188847
-0.334110
-0.694422
-0.011468
-0.722175
-0.547957
0.401329
-0.375828
-0.224951
-0.154630
-0.397241
-0.438131
0.505365
-0.073488
0.372815
-0.503142
-0.222672
-0.332921
-0.454030
0.123656
0.447136
-0.755395
0.139696
-0.108145
-0.282122
-0.366853
0.033181
0.474024
-1.000000
-0.213665
-0.598531
-0.499708
-0.503082
0.274418
0.285650
0.577713
1.000000
0.825620
-0.227870
-0.796452
-0.303169
-0.436040
-0.649595
0.026311
-0.247606
-0.193139
0.444270
0.683332
0.679544
0.052351
-0.912357
0.816885
-0.128691
0.055116
-0.702905
0.779434
0.412154
0.160708
-0.193658
0.804431
0.068402
-0.284717
-0.334359
-0.270119
0.902446
-0.464494
0.895266
-0.929131
0.049133
-0.015283
0.139675
0.421157
-0.259953
0.010387
-0.406026
0.338885
-0.346646
0.149598
0.468245
-0.802299
0.510299
-0.192183
0.248307
0.314589
-0.107022
0.144641
0.154454
0.267787
-0.132500
0.839680
0.636725
-0.437557
0.156063
-0.764141
0.228332
-0.447084
-0.357003
0.636819
-0.059475
-0.732844
0.421561
-0.030859
0.233246
-0.155005
-0.258412
-0.244059
-0.054631
-0.687685
-0.550279
0.378940
0.446397
-1.000000
-0.279657
0.282501
-0.224864
-0.001736
1.000000
0.812016
0.166565
0.363563
0.563239
0.215535
-0.615893
0.219592
-0.101372
-0.237546
1.000000
-0.507954
0.686892
0.416804
-0.716179
-0.828773
-0.602328
0.079982
0.748820
0.067919
0.251462
-0.484836
-0.967937
0.083199
0.050530
0.126758
0.084620
0.124683
0.052306
0.181695
0.010424
0.045279
0.118022
0.009865
0.017116
0.033958
0.018965
0.009381
0.037527
0.020307
0.070465
0.028347
0.095031
0.034188
0.025571
0.043857
0.047220
0.031235
0.032082
0.028138
0.072506
0.176061
0.092580
0.137030
0.037531
0.019826
0.039291
0.014122
0.069063
0.008873
0.031080
0.044219
0.047895
0.057859
0.062535
0.033053
0.057906
0.054750
0.018284
0.045550
0.029495
0.011010
0.075094
0.018567
0.157202
0.041315
0.009425
0.107376
0.022638
0.059880
0.041763
0.017704
0.023030
0.136519
0.072500
0.104326
0.082894
0.080928
0.019392
0.377054
0.022362
0.086981
0.099693
0.098065
0.037612
0.090975
0.075286
0.104139
0.015700
0.042256
0.054404
0.072929
0.124260
0.038823
0.056381
0.136316
0.010806
0.024908
0.084049
0.053085
0.118144
0.114971
0.052248
0.094203
0.043268
0.019123
0.017987
0.045983
0.079322
0.017891
0.060109
0.051250
0.098188
0.020391
0.125395
0.013377
0.041616
0.025220
0.152191
0.059450
0.128371
0.048487
0.010455
0.023326
0.033554
0.121080
0.040799
0.021751
0.194270
0.076805
0.005811
0.067579
0.110104
0.028011
0.022265
0.039369
0.040359
0.058711
0.025842
0.085110
0.171569
0.019026
0.052673
0.033435
0.060269
0.032044
0.069540
0.019320
0.033508
0.017294
0.021705
0.079352
0.017580
0.165871
0.019667
0.040707
0.021541
0.085050
0.116854
0.107419
0.067605
0.048921
0.032237
0.079416
0.081898
0.082693
0.066598
0.123807
0.048131
0.048690
0.038481
0.080145
0.014661
0.081640
0.081110
0.027709
0.067234
0.066412
0.075726
0.047410
0.039868
0.010698
0.045373
0.257149
0.028409
0.011153
0.081327
0.051796
0.331645
0.048605
0.023018
0.033156
0.041237
0.099483
0.045011
0.016671
0.205031
0.071211
0.024859
0.063754
0.487060
0.105228
0.024347
0.068091
0.018334
0.048250
0.062113
0.018334
0.109900
0.060019
0.006262
0.234639
0.084927
0.023482
0.052882
0.018264
0.048532
0.061945
0.117476
0.048678
0.080139
0.010603
0.143569
0.033826
0.091923
0.011319
0.113971
0.038681
0.011586
0.032341
0.050835
0.024944
0.121920
0.057291
0.042511
0.044531
0.023794
0.489662
0.332952
0.136722
0.064414
0.026707
0.076663
0.021878
0.077457
0.094783
0.014469
0.066128
0.103706
0.057697
0.046145
0.101517
0.020109
0.033807
0.036240
0.059285
0.081355
0.199372
0.147287
0.067102
0.039569
0.071750
0.036834
0.146209
0.046121
0.061432
0.053676
0.076435
0.229499
0.040375
0.038328
0.083929
0.030810
0.033876
0.076924
0.040053
0.041413
0.080201
0.004401
0.033009
0.061615
0.067512
0.056863
0.198545
0.097611
0.018410
0.041672
0.041030
0.012492
0.047762
0.071171
0.151059
0.015985
0.017980
0.091743
0.124781
0.029069
0.034458
0.097602
0.127862
0.068723
0.056231
0.079738
0.017573
0.025957
0.282273
0.031470
0.032106
0.049344
0.027095
0.046726
0.069292
0.084823
0.139752
0.021580
0.082624
0.086307
0.034126
0.060979
0.366070
0.083666
0.259142
0.074582
0.014975
0.107259
0.116075
0.019928
0.038539
0.135264
0.238640
0.111058
0.008204
0.038375
0.103161
0.013137
0.128746
0.036210
0.032242
0.021562
0.242232
0.039991
0.085930
0.228830
0.021054
0.041583
0.009376
0.033319
0.010516
0.067909
0.027977
0.035106
0.062914
0.096586
0.065792
0.041386
0.170440
0.103048
0.126595
0.025840
0.044172
0.178853
0.119365
0.106153
0.041358
0.288507
0.019778
0.056227
0.067537
0.031384
0.036606
0.018434
0.063445
0.039384
0.023302
0.011508
0.047013
0.136410
0.109281
0.166990
0.107008
0.074901
0.028045
0.156986
0.137984
0.085940
0.045000
0.005180
0.102191
0.097955
0.064252
0.056085
0.061022
0.046554
0.046497
0.045869
0.042239
0.008835
0.014140
0.066002
0.022425
0.088313
0.098693
0.120439
0.301400
0.538286
0.060241
0.119923
0.024657
0.072229
0.062442
0.242235
0.032371
0.015242
0.049177
0.027873
0.074577
0.065442
0.022930
0.128736
0.091589
0.085305
0.025989
0.055726
0.015554
0.063869
0.026547
0.027685
0.033321
0.014191
0.034441
0.079803
0.053824
0.016562
0.007668
0.044709
0.044119
0.098362
0.087260
0.030423
0.060396
0.054351
0.034040
0.026551
0.068925
0.130374
0.173321
0.168643
0.076390
0.012254
0.038292
0.068419
0.074890
0.077365
0.088850
0.011339
0.068086
0.052630
0.011792
0.541469
0.066483
0.022684
0.055938
0.059646
0.056897
0.015928
0.041698
0.036308
0.027828
0.036433
0.095589
0.023809
0.024260
0.060444
0.029211
0.023931
0.052160
0.045307
0.025087
0.033728
0.154980
0.023264
0.039399
0.056578
0.101128
0.061274
0.021272
0.087522
0.048727
0.017283
0.078058
0.025953
0.031982
0.031646
0.046283
0.065569
0.017129
0.032443
0.016946
0.039306
0.081058
0.377296
0.121969
0.121587
0.048992
0.076531
0.030851
0.034855
0.036939
0.030598
0.053132
0.783463
0.031963
0.180047
0.019446
0.097534
0.052706
0.085126
0.054337
0.012907
0.045072
0.107586
0.060843
0.054325
0.018297
0.087800
0.051105
0.053201
0.032965
0.208251
0.087371
0.012447
0.155361
0.026062
0.044138
0.038288
0.034951
0.068980
0.063660
0.010665
0.084581
0.031563
0.011846
0.024580
0.045258
0.039046
0.216823
0.071889
0.045182
0.022090
0.026950
0.013670
0.044735
0.080074
0.018485
0.203568
0.258246
0.068018
0.032770
0.018325
0.028161
0.037483
0.111156
0.081246
0.053515
0.114018
0.047696
0.018227
0.017844
0.027946
0.108975
0.117787
0.099153
0.135861
0.029107
0.074615
0.031906
0.042174
0.010260
0.049567
0.082042
0.057795
0.015048
0.042352
0.116589
0.073485
0.067826
0.040435
0.127910
0.049727
0.105583
0.016689
0.062210
0.025251
0.041724
0.015167
0.063643
0.024838
0.068591
0.050539
0.044261
0.016783
0.011639
0.009831
0.033543
0.030643
0.056884
0.053022
0.062790
0.046927
0.111207
0.020003
0.062624
0.065692
0.041951
0.016196
0.069784
0.025534
0.013869
0.038736
0.070281
0.194857
0.070600
0.064398
0.198551
0.023401
0.034601
0.080270
0.044520
0.045832
0.047288
0.090770
0.091505
0.011750
0.073918
0.021321
0.083613
0.110901
0.010393
0.033854
0.041509
0.043356
0.111909
0.100878
0.020177
0.109287
0.052635
0.025725
0.018772
0.032718
0.046372
0.055503
0.043792
0.033768
0.022589
0.032515
0.027478
0.029108
0.092935
0.045967
0.015748
0.077291
0.058606
0.098466
0.028001
0.007726
0.022850
0.049606
0.039728
0.032612
0.073041
0.106216
0.012843
0.052859
0.067656
0.064962
0.024164
0.050892
0.068912
0.187774
0.046923
0.081738
0.029573
0.031419
0.068289
0.062412
0.152298
0.114894
0.036148
0.041143
0.029649
0.044995
0.132370
0.069495
0.021906
0.053361
0.121399
0.014114
0.101756
0.096287
0.076600
0.140341
0.017156
0.040882
0.040447
0.217116
0.084715
0.074734
0.063277
0.064522
0.129113
0.032001
0.039006
0.078671
0.018980
0.084569
0.122295
0.183661
0.047661
0.010849
0.018072
0.052313
0.014392
0.040848
0.006202
0.100818
0.090753
0.310737
0.027962
0.085225
0.078671
0.029294
0.038917
0.120405
0.028464
0.056287
0.024861
0.062927
0.152512
0.050790
0.025640
0.047449
0.030203
0.057498
0.092832
0.019985
0.008946
0.041389
0.056205
0.037644
0.031763
0.010470
0.043825
0.055328
0.024513
0.172673
0.032176
0.058057
0.039886
0.025543
0.099165
0.073422
0.028211
0.018807
0.027971
0.116927
0.055207
0.044208
0.059467
0.064194
0.019803
0.059443
0.053292
0.020937
0.021982
0.078981
0.053897
0.101849
0.132235
0.061942
0.261718
0.077874
0.018825
0.071888
0.159789
0.109144
0.069392
0.036911
0.022253
0.072600
0.054923
0.012867
0.230644
0.041937
0.081180
0.125352
0.013294
0.054568
0.027337
0.090883
0.037569
0.007180
0.053842
0.022232
0.071789
0.125220
0.092205
0.029587
0.050244
0.037814
0.107212
0.079867
0.054234
0.047864
0.081925
0.038373
0.039558
0.115491
0.151949
0.037985
0.203174
0.061442
0.064592
0.052155
0.121256
0.044127
0.020636
0.050220
0.046813
0.072324
0.044812
0.023556
0.054438
0.057362
0.041551
0.041502
0.045968
0.087069
0.162830
0.073160
0.024210
0.060929
0.135454
0.112389
0.037000
0.065661
0.048914
0.115986
0.008793
0.144096
0.078456
0.048200
0.007471
0.076990
0.117024
0.101558
0.061860
0.100517
0.043352
0.047486
0.043476
0.068407
0.066529
0.020129
0.103138
0.149751
0.058579
0.073554
0.052155
0.067121
0.031530
0.018021
0.024649
0.251264
0.012991
0.093311
0.075099
0.068935
0.174075
0.041290
0.041838
0.047225
0.058394
0.068487
0.136324
0.035179
0.040349
0.053213
0.031141
0.064364
0.032994
0.035518
0.084944
0.054910
0.041464
0.050813
0.030374
0.063270
0.027375
0.019817
0.139463
0.044267
0.045730
0.016689
0.036546
0.094105
0.061202
0.005309
0.044739
0.049479
0.070721
0.022501
0.036488
0.150439
0.023798
0.049206
0.008531
0.066117
0.012293
0.065330
0.109632
0.166116
0.027740
0.039449
0.107833
0.048598
0.069619
0.244944
0.054423
0.265425
0.032654
0.042339
0.051201
0.032558
0.052772
0.035919
0.012991
0.138615
0.078148
0.022480
0.190747
0.055054
0.020709
0.031240
0.038697
0.187589
0.051260
0.029987
0.066666
0.032269
0.088533
0.078235
0.059439
0.131539
0.067758
0.003745
0.017698
0.119669
0.025981
0.026079
0.034420
0.056394
0.013983
0.044189
0.078745
0.028130
0.071639
0.010099
0.075498
0.050289
0.110516
0.048939
0.160759
0.024651
0.105769
0.035715
0.033444
0.087613
0.046887
0.034515
0.159326
0.244519
0.030299
0.069625
0.067552
0.020889
0.037323
0.087093
0.038690
0.019672
0.090668
0.033243
0.052816
0.021265
0.020933
0.054726
0.036612
0.074306
0.082948
0.072962
0.337583
0.049525
0.055456
0.040937
0.091394
0.043227
0.078629
0.079668
0.046006
0.063308
0.072809
0.118427
0.037996
0.132320
0.024551
0.009455
0.121565
0.027735
0.042513
0.105489
0.068631
0.036931
0.118591
0.051923
0.008747
0.024442
0.063423
0.076318
0.010685
0.053914
0.021448
0.028174
0.028510
0.019754
0.025480
0.047523
0.071388
0.039402
0.050885
0.040146
0.025602
0.067011
0.091027
0.155972
0.055327
0.022064
0.024794
0.033061
0.080805
0.058799
0.077357
0.042240
0.126714
0.030594
0.118813
0.170643
0.019104
0.040698
0.045355
0.059290
0.023819
0.041633
0.056809
0.044696
0.050646
0.016799
0.033237
0.019030
0.031855
0.017842
0.017290
0.036732
0.072744
0.050251
0.035738
0.136573
0.066064
0.096402
0.231149
0.032755
0.057907
0.016496
0.020053
0.023354
0.093052
0.052030
0.038788
0.091612
0.170251
0.120236
0.019136
0.107475
0.093122
0.053317
0.044172
0.039934
0.066716
0.089112
0.114321
0.185904
0.075310
0.076872
0.018373
0.060560
0.026549
0.100465
0.031004
0.024406
0.077569
0.188781
0.016103
0.031942
0.018021
0.091914
0.070905
0.019344
0.068163
0.024008
0.024451
0.085820
0.129544
0.073636
0.043910
0.017081
0.029397
0.012896
0.025818
0.142139
0.037859
0.097747
0.055914
0.104315
0.068946
0.098485
0.117479
0.090869
0.049912
0.042102
0.016124
0.039262
0.016772
0.075762
0.073274
0.148285
0.111953
0.043154
0.065424
0.015172
0.035107
0.023839
0.058553
0.067011
0.030443
0.041929
0.037700
0.026017
0.010518
0.054582
0.054092
0.032786
0.026313
0.086627
0.049489
0.145385
0.048989
0.040636
0.145952
0.127724
0.165116
0.090912
0.068188
0.066988
0.032034
0.113827
0.021729
0.094565
0.115258
0.057013
0.143717
0.077892
0.060271
0.020089
0.087645
0.329985
0.077411
0.267922
0.168262
0.034524
0.018514
0.006959
0.035606
0.085116
0.092455
0.016652
0.070917
0.039010
0.016440
0.141057
0.018724
0.131038
0.037291
0.121244
0.012233
0.099492
0.050843
0.148719
0.013910
0.033385
0.047785
0.026365
0.029821
0.025852
0.064576
0.019890
0.008297
0.046639
0.124482
0.030361
0.023864
0.033119
0.015718
0.047993
0.160659
0.027579
0.017382
0.118415
0.095240
0.013246
0.031399
0.046102
0.027037
0.073953
0.111533
0.093420
0.021495
0.144711
0.024925
0.088812
0.206623
0.145500
0.010269
0.050541
0.037086
0.118269
0.014691
0.071296
0.144197
0.126462
0.060262
0.157547
0.052307
0.021796
0.063132
0.161444
0.074132
0.061549
0.231423
0.095033
0.034052
0.059782
0.048271
0.142795
0.051737
0.126375
0.028108
0.080438
0.009088
0.036553
0.065624
0.033151
0.053540
0.021108
0.056623
0.088337
0.033947
0.039017
0.135199
0.089637
0.068669
0.049667
0.022465
0.012737
0.019231
0.362770
0.040545
0.031131
0.200532
0.062718
0.046984
0.066826
0.034846
0.098160
0.123940
0.055710
0.034578
0.034378
0.137454
0.093910
0.073435
0.111853
0.031060
0.030018
0.136107
0.020236
0.070671
0.050029
0.059916
0.065263
0.053056
0.022902
0.025318
0.054472
0.044169
0.082002
0.145311
0.056416
0.045705
0.036585
0.024013
0.146406
0.046151
0.151330
0.084516
0.023870
0.032155
0.047816
0.087397
0.031681
0.024191
0.080429
0.093336
0.028742
0.180496
0.031083
0.086941
0.060024
0.041754
0.060015
0.172049
0.067355
0.082142
0.015357
0.023434
0.063723
0.026040
0.021520
0.113632
0.026408
0.030810
0.030434
0.053811
0.060842
0.054444
0.207185
0.086695
0.036273
0.062668
0.249361
0.064550
0.041020
0.208771
0.035004
0.069408
0.063051
0.010297
0.042301
0.014136
0.067647
0.022654
0.032555
0.072293
0.055353
0.075109
0.029443
0.010214
0.169140
0.021991
0.059958
0.022552
0.054862
0.005832
0.020115
0.028114
0.296042
0.035767
0.051740
0.070758
0.069621
0.023191
0.118651
0.197261
0.039303
0.018243
0.124706
0.020591
0.107004
0.026191
0.086035
0.018536
0.016106
0.085395
0.031420
0.057372
0.092264
0.118196
0.045702
0.028882
0.038182
0.066120
0.033209
0.065900
0.065232
0.055385
0.026295
0.031645
0.079528
0.031105
0.024882
0.042149
0.033318
0.105211
0.032193
0.080694
0.081863
0.076579
0.200406
0.050679
0.152908
0.082641
0.089423
0.075495
0.114964
0.170845
0.108710
0.035084
0.142566
0.091488
0.035029
0.058581
0.016587
0.049149
0.032956
0.105458
0.097109
0.141481
0.057925
0.059876
0.008992
0.020545
0.160486
0.226810
0.052167
0.069671
0.075186
0.015788
0.050188
0.101376
0.015024
0.075109
0.031033
0.077226
0.090606
0.154713
0.136514
0.022084
0.069258
0.015687
0.011513
0.068005
0.106313
0.038407
0.004363
0.016625
0.161098
0.028612
0.009487
0.088060
0.032819
0.037079
0.012634
0.083080
0.016021
0.020941
0.023376
0.034386
0.037112
0.041674
0.007142
0.037186
0.051049
0.117479
0.177453
0.075478
0.015345
0.022450
0.015291
0.102628
0.014736
0.054114
0.079867
0.138622
0.011225
0.038977
0.042893
0.018095
0.066282
0.033204
0.031763
0.056695
0.033216
0.125918
0.034104
0.028284
0.088355
0.050934
0.128612
0.047818
0.028307
0.214882
0.023843
0.034937
0.047478
0.020864
0.061851
0.025851
0.083753
0.072229
0.041697
0.195622
0.074418
0.050956
0.055900
0.111361
0.057008
0.134739
0.092085
0.048997
0.102594
0.016123
0.023094
0.036505
0.067399
0.028571
0.048810
0.104646
0.030610
0.034555
0.154538
0.020893
0.088818
0.061100
0.079517
0.084030
0.019315
0.051686
0.140755
0.053700
0.127423
0.008713
0.033447
0.023768
0.028427
0.081487
0.044902
0.043975
0.056530
0.014997
0.086623
0.024543
0.091195
0.056289
0.049219
0.052619
0.039011
0.092335
0.034660
0.116502
0.013809
0.024803
0.019511
0.068472
0.547217
0.029762
0.073730
0.028541
0.044306
0.028514
0.040962
0.025741
0.041486
0.013713
0.151454
0.011349
0.046857
0.137571
0.044504
0.040968
0.096982
0.040807
0.417769
0.057545
0.054971
0.058245
0.038712
0.049577
0.019281
0.121948
0.006709
0.037995
0.113886
0.038642
0.018177
0.026687
0.059672
0.113272
0.158383
0.070685
0.066560
0.034308
0.111413
0.014479
0.098122
0.075260
0.164631
0.073360
0.077065
0.179674
0.011687
0.122271
0.131693
0.057671
0.227063
0.019816
0.016801
0.008795
0.069695
0.071324
0.017450
0.055384
0.025520
0.046878
0.080619
0.060504
0.032561
0.097895
0.057021
0.016596
0.071111
0.008513
0.011235
0.138255
0.064356
0.099802
0.134762
0.168731
0.020776
0.028449
0.397235
0.032107
0.043394
0.127026
0.024758
0.022829
0.023298
0.063807
0.341651
0.060136
0.060486
0.043218
0.029887
0.094176
0.100822
0.131006
0.047176
0.020503
0.023349
0.058322
0.023230
0.168229
0.045447
0.073177
0.107364
0.283348
0.057927
0.039473
0.051154
0.073572
0.072933
0.031072
0.037207
0.018648
0.035298
0.072682
0.031354
0.054781
0.037024
0.057548
0.091999
0.022946
0.027713
0.009253
0.180170
0.049358
0.048903
0.063633
0.058015
0.107666
0.029681
0.074442
0.136187
0.093157
0.029616
0.033699
0.013226
0.162497
0.045518
0.135974
0.031737
0.131483
0.009182
0.005289
0.057382
0.011928
0.032787
0.032235
0.065226
0.066500
0.029910
0.058810
0.061219
0.021916
0.015558
0.036637
0.042847
0.081505
0.058533
0.028211
0.051214
0.043307
0.042359
0.074007
0.045832
0.162109
0.075212
0.013761
0.069741
0.088325
0.015629
0.057714
0.016401
0.083901
0.058401
0.035285
0.104695
0.038579
0.054301
0.117217
0.160574
0.024885
0.114074
0.060815
0.058753
0.015322
0.067640
0.067245
0.173107
0.011991
0.182326
0.026655
0.090728
0.029085
0.167960
0.150539
0.074640
0.046345
0.048294
0.017582
0.084164
0.060120
0.019056
0.039137
0.007759
0.045670
0.064987
0.095670
0.094044
0.036418
0.012411
0.063959
0.125374
0.122528
0.058787
0.084522
0.029514
0.086591
0.072323
0.131888
0.028980
0.037993
0.065109
0.084073
0.055757
0.016407
0.071091
0.130761
0.063509
0.028534
0.100327
0.050914
0.053654
0.046615
0.174696
0.040776
0.259000
0.058719
0.120320
0.069006
0.101545
0.136885
0.138450
0.050324
0.100452
0.009291
0.018885
0.045105
0.018643
0.155979
0.021093
0.083795
0.090325
0.014951
0.025688
0.064490
0.062721
0.046168
0.049273
0.090908
0.071856
0.019829
0.049084
0.071180
0.072254
0.065334
0.028251
0.077836
0.175145
0.021563
0.013878
0.042944
0.024392
0.060080
0.017275
0.031967
0.098986
0.111264
0.256337
0.068509
0.025327
0.033207
0.070238
0.118656
0.047078
0.052922
0.037696
0.038461
0.076253
0.006199
0.068772
0.019619
0.082374
0.018962
0.124625
0.017895
0.047767
0.019828
0.106282
0.026542
0.057211
0.037078
0.027299
0.031286
0.050385
0.037181
0.029542
0.013219
0.019008
0.124253
0.103159
0.103218
0.054889
0.012705
0.101198
0.065867
0.017088
0.071502
0.074195
0.032639
0.163318
0.033096
0.056935
0.026461
0.044290
0.208823
0.037163
0.060965
0.099846
0.087618
0.100431
0.043470
0.021421
0.069151
0.027852
0.069782
0.162370
0.304937
0.031851
0.026086
0.009125
0.042719
0.026518
0.037968
0.035491
0.058979
0.099392
0.024756
0.068569
0.060246
0.078761
0.062984
0.036382
0.098324
0.098128
0.165882
0.033483
0.029907
0.077558
0.013568
0.051734
0.087481
0.079525
0.044385
0.041096
0.150657
0.100722
0.041415
0.076400
0.039937
0.035800
0.059013
0.143683
0.026389
0.009214
0.042494
0.050212
0.062126
0.039461
0.038004
0.040315
0.057576
0.108882
0.058797
0.061098
0.030031
0.047070
0.104017
0.022477
0.044276
0.010395
0.208316
0.031406
0.090899
0.076146
0.026279
0.042777
0.043256
0.030492
0.081876
0.043591
0.050670
0.059135
0.071855
0.050832
0.078346
0.014035
0.045187
0.023884
0.027647
0.042780
0.016363
0.053126
0.075682
0.009970
0.092057
0.014152
0.040819
0.006521
0.058325
0.017162
0.064328
0.099290
0.008662
0.088123
0.089281
0.074881
0.004741
0.020664
0.037203
0.028039
0.179042
0.019150
0.052495
0.011877
0.211111
0.070793
0.038574
0.101784
0.081907
0.052532
0.081194
0.126693
0.086059
0.041275
0.027905
0.047968
0.031516
0.182264
0.017364
0.096778
0.031259
0.052881
0.115629
0.102905
0.058055
0.072965
0.037597
0.192419
0.186367
0.078771
0.036516
0.030524
0.065949
0.050058
0.025915
0.069462
0.115132
0.003485
0.020742
0.058572
0.081543
0.040222
0.091780
0.010068
0.035522
0.098044
0.133185
0.210643
0.056011
0.013318
0.084091
0.199388
0.030985
0.112622
0.032898
0.053757
0.095301
0.146495
0.024395
0.051539
0.089880
0.023837
0.021112
0.498093
0.041864
0.035364
0.093475
0.027017
0.076387
0.060212
0.054620
0.048354
0.084583
0.055639
0.090765
0.034985
0.065839
0.100178
0.102172
0.072896
0.032800
0.030777
0.057849
0.060251
0.255110
0.033358
0.044380
0.074611
0.025748
0.041591
0.079186
0.177304
0.116294
0.065814
0.048429
0.045150
0.029864
0.043141
0.041676
0.224087
0.010687
0.035120
0.023537
0.031026
0.029513
0.006683
0.046680
0.068871
0.027927
0.043344
0.033050
0.128320
0.036249
0.089989
0.040585
0.027184
0.007875
0.067544
0.087054
0.066182
0.277446
0.040559
0.053923
0.010199
0.070683
0.057120
0.041398
0.056038
0.020965
0.047246
0.069931
0.045403
0.040940
0.052129
0.008929
0.029818
0.005748
0.032748
0.014519
0.103312
0.013768
0.054945
0.072440
0.012570
0.025661
0.016361
0.016701
0.066469
0.073420
0.092247
0.136826
0.005355
0.012863
0.024216
0.083669
0.025682
0.097435
0.014297
0.157039
0.107884
0.048795
0.011075
0.021257
0.036114
0.028432
0.073624
0.056572
0.030507
0.021534
0.116789
0.030994
0.053864
0.032926
0.047066
0.017915
0.459578
0.054538
0.049035
0.019581
0.033777
0.160203
0.054584
0.047964
0.034185
0.066668
0.105696
0.120058
0.015748
0.148648
0.124807
0.075894
0.030471
0.048432
0.042437
0.102900
0.048221
0.017790
0.042617
0.058800
0.112689
0.017797
0.197607
0.087159
0.064733
0.127537
0.036462
0.126282
0.022096
0.101872
0.043883
0.153866
0.068695
0.155972
0.021238
0.031105
0.010978
0.183014
0.033564
0.031470
0.063826
0.082056
0.021771
0.037812
0.246432
0.030342
0.056060
0.050673
0.042055
0.035835
0.071018
0.017653
0.106272
0.040307
0.051253
0.028357
0.150671
0.208746
0.021201
0.039240
0.040184
0.060550
0.080250
0.018111
0.023796
0.122093
0.024705
0.118260
0.035787
0.083169
0.077810
0.068312
0.069957
0.082950
0.030345
0.041355
0.012538
0.088673
0.087304
0.018863
0.043720
0.026230
0.022405
0.021295
0.242111
0.086295
0.017170
0.121883
0.024968
0.043365
0.070258
0.142797
0.044603
0.058937
0.026985
0.035503
0.027929
0.019645
0.084947
0.033782
0.026650
0.009065
0.105702
0.300364
0.032239
0.062277
0.022064
0.029257
0.083284
0.030077
0.058661
0.046720
0.047767
0.406927
0.046370
0.035235
0.077468
0.145761
0.034956
0.069815
0.040410
0.085027
0.029598
0.109945
0.055819
0.039497
0.125146
0.065747
0.018152
0.030322
0.014493
0.026140
0.041111
0.057808
0.126406
0.052350
0.082222
0.128512
0.019415
0.009302
0.147853
0.033594
0.090552
0.095266
0.029505
0.042006
0.026595
0.103250
0.095846
0.055843
0.033162
0.064202
0.285503
0.056695
0.193319
0.026640
0.018266
0.027509
0.042741
0.044802
0.049190
0.019068
0.033412
0.255424
0.067440
0.045997
0.013879
0.024341
0.066999
0.007056
0.050737
0.091294
0.051939
0.060683
0.047456
0.068381
0.085916
0.064592
0.016309
0.040575
0.053234
0.093074
0.009538
0.119556
0.029320
0.060944
0.093478
0.092129
0.042129
0.073279
0.024686
0.072964
0.090370
0.062582
0.138882
0.036698
0.061575
0.042865
0.031546
0.038526
0.019427
0.026796
0.006567
0.057843
0.090979
0.083636
0.046393
0.021000
0.057529
0.041667
0.061604
0.016837
0.073503
0.121522
0.051224
0.183116
0.036784
0.042000
0.014037
0.135826
0.037139
0.019298
0.028663
0.082339
0.017953
0.069217
0.033494
0.102051
0.031957
0.049393
0.072614
0.060944
0.030405
0.050442
0.152176
0.063271
0.471647
0.047439
0.071322
0.047578
0.197261
0.062800
0.056009
0.096780
0.033914
0.102754
0.021571
0.119947
0.027177
0.181978
0.034940
0.107810
0.056938
0.045445
0.031271
0.026254
0.017103
0.074384
0.012731
0.004266
0.199595
0.031668
0.045405
0.011631
0.021460
0.015986
0.054628
0.091212
0.022885
0.108789
0.014353
0.136203
0.039360
0.151746
0.046263
0.104403
0.014167
0.028857
0.203743
0.080064
0.106741
0.125227
0.006218
0.105460
0.061982
0.039793
0.193870
0.128611
0.352347
0.011655
0.018707
0.028479
0.111270
0.031943
0.011726
0.035859
0.355296
0.014962
0.059311
0.004398
0.044742
0.066124
0.271758
0.118665
0.212739
0.021017
0.031522
0.093583
0.045376
0.053830
0.082931
0.024221
0.032470
0.021864
0.075780
0.125156
0.164280
0.200224
0.035409
0.028637
0.022002
0.051314
0.068140
0.138172
0.103018
0.034116
0.043554
0.031214
0.042530
0.152299
0.084258
0.047913
0.223543
0.050423
0.100989
0.084588
0.110114
0.132678
0.159719
0.080750
0.055630
0.049414
0.027788
0.055324
0.051607
0.029569
0.074606
0.047567
0.195180
0.014370
0.071299
0.086382
0.056304
0.047349
0.244657
0.038455
0.077598
0.057091
0.107172
0.054228
0.046923
0.124054
0.175813
0.059975
0.058021
0.103365
0.037606
0.006977
0.012449
0.026892
0.021207
0.121351
0.023510
0.067155
0.046345
0.038195
0.025246
0.023130
0.053770
0.050502
0.019154
0.149731
0.165564
0.016073
0.079685
0.014552
0.055037
0.089603
0.032904
0.053234
0.028502
0.022347
0.063670
0.035425
0.044372
0.050938
0.023842
0.103835
0.116610
0.022672
0.018926
0.102439
0.198212
0.014450
0.025748
0.200176
0.017799
0.044866
0.080988
0.006966
0.028424
0.020118
0.105201
0.044335
0.048181
0.039584
0.281629
0.019328
0.027504
0.248538
0.050978
0.054571
0.058971
0.133983
0.030726
0.048465
0.085321
0.016365
0.030448
0.071597
0.034417
0.009182
0.182295
0.020575
0.130958
0.095608
0.027690
0.054922
0.067089
0.046334
0.067862
0.112985
0.106207
0.031443
0.308948
0.043893
0.035296
0.216641
0.027499
0.094788
0.056633
0.189059
0.022834
0.023905
0.057210
0.097484
0.029078
0.070559
0.089012
0.138197
0.059252
0.079932
0.025510
0.042869
0.028854
0.077313
0.039301
0.292544
0.038899
0.071037
0.045974
0.038975
0.027209
0.068702
0.009449
0.086318
0.056245
0.108387
0.114769
0.029793
0.044290
0.045434
0.060149
0.023240
0.027301
0.052286
0.053662
0.112866
0.063714
0.028490
0.064606
0.025320
0.031521
0.079086
0.188278
0.025753
0.106764
0.083770
0.127871
0.035109
0.172577
0.026399
0.060908
0.062721
0.081827
0.027538
0.087467
0.027470
0.091451
0.022634
0.077427
0.193860
0.052071
0.052818
0.024123
0.021932
0.044695
0.017624
0.033542
0.028727
0.036113
0.041921
0.025237
0.070439
0.059661
0.061446
0.054801
0.036245
0.040366
0.021985
0.103474
0.027853
0.045801
0.048400
0.019869
0.077580
0.036235
0.033921
0.072214
0.011349
0.222327
0.050631
0.046293
0.061209
0.104793
0.037400
0.065900
0.140487
0.033379
0.043488
0.144224
0.024558
0.129355
0.176421
0.029822
0.072361
0.086562
0.039415
0.055644
0.050939
0.020128
0.038634
0.077860
0.046483
0.043655
0.095338
0.027155
0.033109
0.045702
0.015656
0.082170
0.046684
0.014209
0.219645
0.052138
0.033745
0.074964
0.020277
0.216918
0.087963
0.108476
0.026530
0.067783
0.086209
0.043998
0.065009
0.129364
0.062439
0.032195
0.067842
0.042771
0.018293
0.036452
0.127560
0.114572
0.032990
0.102695
0.083858
0.194636
0.074844
0.029103
0.029120
0.014431
0.056582
0.024288
0.123398
0.073377
0.079812
0.169972
0.351348
0.108829
0.109158
0.091637
0.040924
0.101001
0.016737
0.027009
0.137915
0.030653
0.255211
0.048412
0.019520
0.009870
0.196464
0.046202
0.215767
0.017135
0.049517
0.198898
0.052380
0.125987
0.042589
0.027452
0.044170
0.120679
0.024523
0.018401
0.135546
0.089759
0.017257
0.015806
0.278783
0.032030
0.049434
0.096637
0.038226
0.101432
0.024620
0.078721
0.049548
0.133276
0.039461
0.014242
0.022457
0.038158
0.019780
0.077331
0.098750
0.055415
0.051655
0.023266
0.056255
0.128701
0.076041
0.068937
0.055264
0.104101
0.056079
0.037434
0.118467
0.021891
0.034037
0.067258
0.022238
0.044679
0.050150
0.052708
0.065101
0.035164
0.317887
0.034292
0.093554
0.188480
0.029450
0.039597
0.168879
0.031656
0.066090
0.114075
0.071042
0.049096
0.023655
0.105850
0.030738
0.036458
0.066027
0.019814
0.013888
0.055547
0.249633
0.019092
0.069273
0.033220
0.026817
0.143081
0.013752
0.020618
0.069979
0.048380
0.206558
0.010916
0.244259
0.091876
0.124540
0.473020
0.023870
0.261756
0.025017
0.060648
0.113965
0.083462
0.076141
0.043613
0.091140
0.084358
0.027928
0.020797
0.016276
0.060826
0.045068
0.028982
0.082940
0.048490
0.021686
0.335180
0.029475
0.047216
0.121108
0.226669
0.039926
0.050117
0.066805
0.053750
0.080339
0.054186
0.074122
0.068089
0.120922
0.066933
0.059286
0.017272
0.075001
0.041795
0.020205
0.171560
0.054596
0.125766
0.017209
0.059765
0.143133
0.046819
0.006820
0.163496
0.030126
0.039624
0.018442
0.033142
0.013153
0.127936
0.051114
0.200979
0.039670
0.016799
0.010635
0.043971
0.086974
0.016651
0.192277
0.036261
0.098256
0.061171
0.063787
0.034484
0.016477
0.063976
0.148860
0.079618
0.108100
0.047705
0.271300
0.039494
0.015090
0.021724
0.074345
0.065575
0.103662
0.048161
0.018226
0.040034
0.038521
0.101595
0.155460
0.073258
0.025148
0.105749
0.051825
0.007412
0.061690
0.054362
0.185499
0.059699
0.106495
0.009213
0.032818
0.059280
0.016610
0.029797
0.056664
0.036460
0.036802
0.105838
0.077555
0.032353
0.011741
0.012080
0.048241
0.092200
0.031924
0.054522
0.035130
0.022638
0.068737
0.028947
0.014159
0.072657
0.039353
0.019330
0.085118
0.141338
0.028387
0.031728
0.039657
0.034241
0.040694
0.096163
0.055440
0.044096
0.036412
0.122006
0.079106
0.392533
0.065720
0.076319
0.044090
0.191687
0.037019
0.107451
0.071231
0.021548
0.052981
0.021205
0.026064
0.077774
0.028798
0.010154
0.019278
0.147210
0.008786
0.049465
0.064110
0.046901
0.021578
0.035946
0.013476
0.115722
0.099092
0.067637
0.036745
0.007307
0.077768
0.043033
0.022176
0.303706
0.089842
0.062154
0.025477
0.028979
0.073149
0.042668
0.016988
0.378926
0.164362
0.137919
0.056680
0.050935
0.099135
0.021824
0.043223
0.154186
0.049575
0.025379
0.101945
0.152621
0.084468
0.068699
0.023055
0.147146
0.037567
0.074648
0.030978
0.117768
0.089410
0.045082
0.049658
0.078453
0.176373
0.100704
0.040015
0.068439
0.043596
0.009386
0.036973
0.079568
0.014549
0.063998
0.049991
0.134950
0.101942
0.032336
0.006112
0.052037
0.182114
0.036628
0.036022
0.046091
0.017260
0.056883
0.025038
0.041748
0.258517
0.167453
0.015249
0.029554
0.054690
0.007790
0.032484
0.010475
0.075391
0.021933
0.135083
0.020927
0.126644
0.046255
0.031679
0.058979
0.018289
0.044200
0.056003
0.028501
0.034406
0.035307
0.017436
0.062740
0.102646
0.033648
0.055666
0.133734
0.012037
0.160271
0.011328
0.094163
0.029127
0.195831
0.008299
0.023427
0.059360
0.039246
0.052688
0.159871
0.025803
0.024143
0.028990
0.049767
0.062882
0.045401
0.058504
0.041948
0.040184
0.017742
0.070008
0.074561
0.042993
0.013567
0.019334
0.039839
0.114035
0.028650
0.090573
0.097541
0.036082
0.019621
0.047819
0.010539
0.102862
0.042401
0.074752
0.020169
0.038675
0.037110
0.071470
0.018025
0.112628
0.008250
0.027239
0.018351
0.068562
0.045677
0.016794
0.111833
0.085112
0.123291
0.220603
0.013764
0.046192
0.117091
0.074209
0.015258
0.059943
0.008871
0.068468
0.041868
0.041134
0.075995
0.027626
0.024373
0.029259
0.024936
0.015061
0.099233
0.239767
0.186475
0.075864
0.040201
0.030718
0.030443
0.134636
0.050508
0.070550
0.019462
0.138503
0.026408
0.024657
0.095846
0.026507
0.031127
0.054092
0.063481
0.070789
0.087589
0.090636
0.032081
0.103853
0.132938
0.080240
0.062179
0.022567
0.090232
0.041451
0.041043
0.060180
0.073131
0.020547
0.008073
0.055034
0.091734
0.060214
0.069747
0.029631
0.024388
0.125137
0.047845
0.073904
0.034450
0.033048
0.141330
0.040981
0.026369
0.025243
0.086995
0.081669
0.029604
0.083053
0.246712
0.048663
0.032157
0.053651
0.058891
0.033221
0.020160
0.033408
0.020371
0.080181
0.083918
0.289229
0.068146
0.010404
0.029540
0.089922
0.039317
0.024950
0.198967
0.179457
0.033307
0.021618
0.024988
0.024369
0.034011
0.068799
0.028005
0.014630
0.069493
0.021819
0.010953
0.058027
0.016655
0.206196
0.023005
0.372965
0.041140
0.013735
0.025029
0.204916
0.016455
0.070175
0.049086
0.023609
0.029338
0.154624
0.108693
0.040844
0.025120
0.030163
0.133538
0.054776
0.043101
0.036609
0.049116
0.070635
0.103135
0.026761
0.117590
0.066406
0.060742
0.083134
0.039075
0.022222
0.182436
0.090111
0.029839
0.025950
0.106415
0.101224
0.017666
0.021762
0.010079
0.048844
0.040057
0.073895
0.044003
0.020093
0.036717
0.044499
0.077905
0.030205
0.129764
0.019080
0.181407
0.079004
0.011268
0.063608
0.062837
0.042910
0.220980
0.035101
0.045289
0.082545
0.105974
0.090871
0.025468
0.124701
0.049587
0.062776
0.041600
0.047118
0.052727
0.018853
0.057115
0.055588
0.024128
0.029437
0.031928
0.047698
0.047335
0.044074
0.011594
0.045188
0.108462
0.133197
0.087159
0.070631
0.122170
0.094777
0.183199
0.061001
0.024742
0.245863
0.157997
0.026694
0.036104
0.072226
0.033979
0.025453
0.149215
0.053867
0.070820
0.146094
0.091967
0.174965
0.032846
0.026870
0.030594
0.071039
0.090246
0.040906
0.029337
0.037384
0.044796
0.103532
0.175625
0.024533
0.054458
0.066166
0.082523
0.089248
0.054024
0.054197
0.103039
0.025319
0.034948
0.051588
0.023900
0.091326
0.045077
0.077949
0.014144
0.082489
0.038251
0.027547
0.062333
0.037668
0.024311
0.042697
0.064491
0.013395
0.021502
0.027615
0.140502
0.196599
0.264030
0.010539
0.015164
0.030251
0.205200
0.086270
0.041936
0.028515
0.137622
0.011556
0.317057
0.156570
0.600019
0.047095
0.029243
0.060128
0.069269
0.055036
0.063063
0.066612
0.047427
0.023706
0.050502
0.284667
0.187927
0.168068
0.036260
0.070431
0.072771
0.040975
0.110016
0.029789
0.032370
0.085070
0.058004
0.026257
0.046280
0.010401
0.060115
0.027610
0.059971
0.022395
0.020929
0.106584
0.031572
0.167933
0.040738
0.074632
0.070336
0.020266
0.055442
0.037740
0.028378
0.113070
0.058597
0.038449
0.074812
0.040834
0.048450
0.014339
0.038442
0.026522
0.020958
0.035975
0.046082
0.055494
0.004489
0.060764
0.037552
0.019333
0.010756
0.064641
0.065653
0.120162
0.082433
0.017174
0.184950
0.095291
0.061482
0.049317
0.061091
0.136991
0.063806
0.031552
0.129858
0.061786
0.036636
0.079136
0.085947
0.037594
0.037342
0.131691
0.038298
0.008813
0.061063
0.060526
0.112503
0.045993
0.073701
0.023528
0.006156
0.031777
0.083370
0.032896
0.039673
0.035692
0.016474
0.035449
0.044361
0.199897
0.041138
0.016089
0.024350
0.050605
0.027298
0.032357
0.026696
0.031201
0.032899
0.040327
0.039253
0.080217
0.046803
0.030019
0.052569
0.105070
0.026778
0.079546
0.036005
0.059517
0.038421
0.174575
0.084473
0.083985
0.282113
0.014900
0.080126
0.111033
0.051452
0.041704
0.023607
0.019895
0.082903
0.029876
0.119792
0.026991
0.070882
0.024317
0.035364
0.032823
0.045087
0.039233
0.032906
0.016281
0.051945
0.285856
0.053396
0.064040
0.028835
0.072175
0.069845
0.100790
0.017749
0.050990
0.045794
0.134444
0.076950
0.072187
0.133287
0.049839
0.074456
0.028207
0.026225
0.038692
0.065001
0.032109
0.079684
0.035950
0.084086
0.072920
0.104147
0.037308
0.056074
0.075689
0.045500
0.038940
0.069641
0.154141
0.024213
0.041833
0.113330
0.039558
0.093720
0.013856
0.023745
0.032038
0.006815
0.088748
0.037077
0.040485
0.019799
0.024403
0.074985
0.067245
0.016917
0.022923
0.122697
0.063644
0.083741
0.064951
0.075432
0.023203
0.057966
0.035570
0.025777
0.085326
0.076784
0.074688
0.079256
0.037668
0.072510
0.095252
0.020518
0.036829
0.041400
0.011440
0.090600
0.060662
0.051386
0.054378
0.016413
0.341222
0.089811
0.244612
0.024337
0.104629
0.048434
0.041950
0.032183
0.097556
0.035597
0.023933
0.041049
0.074661
0.051894
0.045755
0.047809
0.079824
0.124522
0.049310
0.066118
0.051824
0.138280
0.008594
0.146511
0.022769
0.037469
0.176314
0.046581
0.079376
0.029614
0.036406
0.213466
0.064601
0.064977
0.035929
0.032368
0.044947
0.104167
0.044474
0.097138
0.028814
0.029369
0.041228
0.050104
0.079389
0.010282
0.026440
0.020200
0.018275
0.053766
0.061031
0.019284
0.090380
0.134380
0.094283
0.107157
0.033436
0.043424
0.018244
0.021011
0.032880
0.060526
0.118672
0.072677
0.022776
0.021762
0.040938
0.047149
0.042116
0.005314
0.012685
0.048816
0.027249
0.043036
0.036594
0.031269
0.025303
0.046603
0.406068
0.068462
0.026917
0.030026
0.038856
0.055873
0.038397
0.754596
0.015186
0.059418
0.047726
0.179194
0.072970
0.052805
0.020709
0.035359
0.049353
0.135134
0.067592
0.057987
0.031541
0.040705
0.048548
0.046179
0.184490
0.053081
0.081374
0.016487
0.121536
0.077350
0.057059
0.063332
0.050557
0.119206
0.028894
0.029743
0.067255
0.147014
0.098925
0.066911
0.154370
0.280226
0.068886
0.071329
0.044005
0.069344
0.072840
0.038420
0.163593
0.244176
0.066274
0.080521
0.132217
0.083622
0.024069
0.142058
0.008921
0.029093
0.031214
0.074084
0.049312
0.053718
0.013106
0.115996
0.049228
0.051831
0.221367
0.048449
0.151107
0.013189
0.133964
0.063737
0.021758
0.033207
0.021425
0.022288
0.052826
0.031746
0.051710
0.032611
0.099529
0.019986
0.073770
0.025394
0.035075
0.040665
0.072140
0.051968
0.038160
0.247191
0.059063
0.295221
0.027271
0.160562
0.066152
0.014792
0.108033
0.098453
0.228755
0.184090
0.125894
0.119139
0.104537
0.208482
0.030830
0.044000
0.022921
0.084894
0.079350
0.099926
0.022555
0.031112
0.095998
0.203185
0.133321
0.033841
0.029799
0.031110
0.098297
0.200870
0.072633
0.052984
0.444251
0.058914
0.027450
0.030973
0.043959
0.250148
0.053891
0.035287
0.234927
0.012356
0.048437
0.053060
0.347283
0.011049
0.087964
0.054909
0.047612
0.021244
0.067373
0.037802
0.215190
0.022307
0.024855
0.104918
0.047096
0.112486
0.058491
0.028657
0.052140
0.150169
0.043992
0.087889
0.046707
0.028177
0.074567
0.032150
0.023928
0.053632
0.086761
0.076499
0.066814
0.054542
0.171615
0.018542
0.061338
0.034234
0.068610
0.038036
0.031333
0.107586
0.105141
0.049304
0.058676
0.123132
0.027401
0.097524
0.077192
0.020175
0.073353
0.144945
0.027049
0.115156
0.060644
0.041896
0.115119
0.045162
0.082118
0.021068
0.034800
0.018551
0.081899
0.091530
0.086577
0.017782
0.035422
0.060888
0.141292
0.033000
0.079572
0.552601
0.259585
0.042155
0.043229
0.039810
0.017841
0.032243
0.170778
0.078430
0.038623
0.044289
0.011095
0.075436
0.016271
0.004517
0.067863
0.029809
0.047949
0.097611
0.043424
0.071017
0.060144
0.082867
0.055206
0.084616
0.094378
0.054287
0.179243
0.019024
0.083166
0.023180
0.016105
0.031400
0.015289
0.110105
0.043489
0.022403
0.098326
0.034086
0.138799
0.029771
0.153491
0.051942
0.088491
0.110291
0.129425
0.018742
0.039251
0.103522
0.071459
0.012547
0.088291
0.018968
0.060474
0.081707
0.138349
0.032433
0.017329
0.213535
0.037475
0.027415
0.046622
0.022793
0.046901
0.102510
0.061210
0.061132
0.054110
0.093072
0.060863
0.083339
0.073670
0.054582
0.013391
0.014754
0.046118
0.017803
0.086465
0.090022
0.064021
0.187684
0.091782
0.107801
0.031442
0.038905
0.029316
0.021601
0.334205
0.006535
0.039194
0.261945
0.021193
0.048327
0.052023
0.044768
0.041485
0.104454
0.053036
0.103100
0.227119
0.062931
0.086844
0.045062
0.038854
0.067797
0.056838
0.145446
0.028083
0.013998
0.043850
0.012176
0.030984
0.025703
0.021464
0.032589
0.018374
0.087361
0.038237
0.085882
0.062452
0.366229
0.088385
0.067783
0.096791
0.135329
0.083013
0.016422
0.131493
0.190288
0.090313
0.004321
0.010315
0.131021
0.109588
0.047224
0.018192
0.410800
0.018651
0.099098
0.040895
0.095461
0.096557
0.042936
0.035491
0.044811
0.063474
0.012464
0.098487
0.028825
0.026562
0.021876
0.069221
0.019052
0.057337
0.114518
0.065581
0.080452
0.094061
0.060915
0.040886
0.035642
0.046205
0.189155
0.082393
0.043793
0.124593
0.023835
0.065673
0.061323
0.022163
0.034682
0.076488
0.077482
0.026560
0.134759
0.062184
0.040906
0.031998
0.027534
0.071386
0.056172
0.252962
0.079049
0.027892
0.065078
0.025240
0.095093
0.022445
0.015596
0.114044
0.036238
0.059322
0.020721
0.030164
0.174060
0.087727
0.031468
0.016753
0.006478
0.086379
0.093225
0.042713
0.280466
0.136715
0.237243
0.021874
0.073655
0.137414
0.010395
0.025129
0.064128
0.292349
0.044746
0.039703
0.013223
0.054906
0.067090
0.033205
0.011010
0.013669
0.196101
0.188111
0.164194
0.047753
0.040260
0.375836
0.071157
0.129183
0.032776
0.057547
0.115426
0.167233
0.032799
0.047163
0.139387
0.031721
0.027547
0.161970
0.071491
0.152370
0.060614
0.170332
0.051227
0.061340
0.045285
0.334472
0.053997
0.016452
0.151477
0.093902
0.097561
0.023995
0.099078
0.060014
0.069091
0.103021
0.018792
0.074583
0.035851
0.012629
0.054982
0.036431
0.031152
0.010502
0.039665
0.013968
0.048835
0.079239
0.039686
0.044962
0.015223
0.135833
0.036353
0.117791
0.026258
0.151803
0.025536
0.017502
0.049660
0.058506
0.075550
0.021770
0.040518
0.028889
0.102356
0.032170
0.024162
0.106794
0.020802
0.086196
0.090241
0.033609
0.026161
0.052705
0.040561
0.049342
0.075026
0.025442
0.047782
0.014469
0.019244
0.023532
0.015128
0.062408
0.206775
0.073872
0.121107
0.138861
0.082161
0.072272
0.093545
0.069271
0.093365
0.107332
0.028619
0.059254
0.158959
0.080089
0.039865
0.011263
0.288317
0.050777
0.089210
0.087766
0.016397
0.030728
0.080403
0.027600
0.035815
0.033537
0.074016
0.040880
0.083613
0.021772
0.096628
0.053152
0.163971
0.016058
0.029820
0.017957
0.049865
0.052661
0.020917
0.044379
0.040831
0.068885
0.102139
0.007462
0.026252
0.025747
0.103585
0.051721
0.064229
0.022401
0.066767
0.019226
0.062934
0.031211
0.095686
0.443011
0.058484
0.124900
0.020755
0.133984
0.025386
0.032024
0.029215
0.135948
0.051383
0.193732
0.035662
0.044789
0.035261
0.060737
0.185201
0.036379
0.027324
0.014674
0.044705
0.070801
0.030975
0.052811
0.046244
0.017572
0.036829
0.195543
0.055333
0.204934
0.027304
0.085719
0.090530
0.062801
0.032782
0.009035
0.039852
0.035693
0.073530
0.092770
0.158335
0.021095
0.055230
0.045478
0.019188
0.054482
0.195807
0.031758
0.059071
0.044274
0.043629
0.103292
0.052242
0.048291
0.190902
0.033411
0.018759
0.083208
0.037687
0.226504
0.023927
0.018531
0.058920
0.013899
0.287925
0.026204
0.028096
0.020480
0.040869
0.282170
0.175170
0.027781
0.098268
0.126215
0.115321
0.030370
0.024492
0.184378
0.230579
0.055875
0.035854
0.050223
0.050144
0.065713
0.027486
0.040457
0.054572
0.094041
0.010908
0.062548
0.033063
0.021683
0.112238
0.050325
0.037476
0.025003
0.013705
0.091769
0.108814
0.038539
0.047492
0.022121
0.057423
0.098708
0.068636
0.098623
0.010382
0.049083
0.037407
0.095593
0.119231
0.031152
0.160815
0.023025
0.030948
0.020089
0.032540
0.019724
0.060719
0.336557
0.042326
0.114250
0.070218
0.068902
0.018330
0.056381
0.083038
0.177873
0.075540
0.027801
0.077476
0.047937
0.027803
0.065189
0.120274
0.074202
0.017923
0.099191
0.038359
0.122188
0.072154
0.091746
0.037488
0.084069
0.048385
0.057529
0.044572
0.046207
0.037374
0.077500
0.101147
0.028410
0.025564
0.051016
0.055832
0.012928
0.068487
0.061954
0.019290
0.037809
0.107297
0.029016
0.026896
0.413891
0.094488
0.023876
0.027897
0.034811
0.058576
0.082410
0.040033
0.048739
0.046011
0.018174
0.047743
0.120449
0.046581
0.063267
0.116177
0.035422
0.036831
0.139363
0.104113
0.062162
0.032127
0.032306
0.127954
0.041704
0.056072
0.014369
0.061194
0.015458
0.172670
0.367558
0.115675
0.116688
0.053568
0.072121
0.047953
0.188547
0.058248
0.030898
0.025024
0.051897
0.162723
0.175714
0.028519
0.104019
0.054791
0.045524
0.014990
0.031862
0.033785
0.097290
0.099026
0.008618
0.110269
0.045630
0.044602
0.046164
0.028864
0.054253
0.021239
0.051072
0.045588
0.025532
0.053335
0.037881
0.071918
0.026674
0.094395
0.096541
0.065677
0.091108
0.094157
0.047552
0.020547
0.047288
0.108640
0.283511
0.090996
0.113087
0.017246
0.070856
0.111345
0.120119
0.051265
0.011401
0.095053
0.075890
0.074493
0.050982
0.052288
0.019926
0.011520
0.009317
0.020895
0.019431
0.008146
0.022083
0.056118
0.037820
0.045904
0.035082
0.072768
0.021349
0.174675
0.040018
0.039462
0.047960
0.075515
0.028611
0.147337
0.073506
0.026772
0.026825
0.125799
0.027067
0.456588
0.064115
0.045764
0.023938
0.029784
0.052230
0.019963
0.007189
0.044593
0.020447
0.029201
0.058325
0.077649
0.016609
0.119449
0.014059
0.023864
0.029791
0.013608
0.068332
0.052222
0.027330
0.024537
0.068299
0.043849
0.029625
0.042975
0.298785
0.068582
0.026170
0.042386
0.008253
0.100441
0.037034
0.030741
0.035373
0.063847
0.066959
0.084903
0.040987
0.022437
0.046397
0.042706
0.029132
0.156296
0.054517
0.012915
0.051687
0.048787
0.011759
0.032990
0.068071
0.024119
0.019865
0.036792
0.061599
0.044182
0.016759
0.070497
0.023221
0.044226
0.077192
0.139613
0.053267
0.168374
0.018077
0.013576
0.068807
0.061583
0.019052
0.030204
0.069046
0.120329
0.038854
0.011517
0.037971
0.054551
0.181100
0.020752
0.016640
0.069613
0.026777
0.032185
0.169205
0.066490
0.058667
0.090552
0.022927
0.058614
0.036519
0.035702
0.096966
0.094294
0.210772
0.076663
0.032601
0.026155
0.124364
0.050752
0.014365
0.207151
0.096764
0.192371
0.120710
0.027516
0.046507
0.060071
0.029360
0.040568
0.025007
0.128023
0.071822
0.021568
0.053292
0.069638
0.140245
0.030960
0.224204
0.092332
0.054499
0.062553
0.056960
0.018729
0.054813
0.075236
0.033140
0.043188
0.007416
0.008584
0.123104
0.044234
0.025454
0.009458
0.027858
0.126156
0.048751
0.049296
0.091982
0.099519
0.161344
0.047052
0.034994
0.052694
0.079525
0.015382
0.189567
0.042657
0.030570
0.035408
0.070396
0.015436
0.052352
0.025007
0.033770
0.132080
0.036048
0.028969
0.027435
0.078440
0.056919
0.080910
0.013085
0.035118
0.084406
0.285865
0.039145
0.039415
0.039193
0.046418
0.051129
0.060581
0.070252
0.054816
0.040230
0.014704
0.039616
0.059133
0.031433
0.135223
0.020156
0.049659
0.076608
0.035852
0.040351
0.237409
0.048340
0.135195
0.195811
0.058842
0.153295
0.028175
0.048125
0.052931
0.061628
0.060794
0.015881
0.075278
0.140713
0.030726
0.019164
0.042576
0.019767
0.061556
0.054850
0.044824
0.054652
0.013614
0.014410
0.152209
0.052160
0.073883
0.033025
0.092768
0.047248
0.038525
0.118294
0.018374
0.013439
0.046163
0.126176
0.067456
0.089227
0.007115
0.048029
0.019268
0.070253
0.076645
0.043129
0.027355
0.034969
0.043987
0.060117
0.034498
0.028251
0.130704
0.043818
0.329848
0.026769
0.034449
0.047243
0.069067
0.046880
0.015412
0.226555
0.068854
0.024288
0.107884
0.088519
0.175721
0.049094
0.103569
0.058236
0.048426
0.020908
0.250760
0.010295
0.065178
0.035878
0.005124
0.021959
0.071546
0.199342
0.094174
0.069888
0.030673
0.043978
0.015403
0.044035
0.012513
0.028889
0.067874
0.070242
0.051029
0.039073
0.029146
0.025591
0.037141
0.042901
0.016944
0.026016
0.076496
0.186459
0.222033
0.079133
0.039692
0.041938
0.282831
0.063824
0.062234
0.054647
0.033388
0.052548
0.076721
0.083422
0.032069
0.047547
0.047340
0.087275
0.045975
0.015491
0.070506
0.045515
0.150709
0.052960
0.073327
0.072879
0.073381
0.076687
0.017272
0.034472
0.088744
0.077835
0.035407
0.014571
0.062983
0.078204
0.027597
0.076743
0.088404
0.041560
0.020670
0.084272
0.063492
0.114718
0.029249
0.031646
0.029853
0.034443
0.167261
0.056770
0.027242
0.139328
0.105395
0.032100
0.083575
0.016332
0.029531
0.091630
0.037201
0.045903
0.076423
0.068575
0.132483
0.019546
0.180298
0.006361
0.032127
0.030617
0.026918
0.080257
0.066538
0.044387
0.058928
0.392462
0.128393
0.054804
0.063910
0.049769
0.052952
0.027093
0.053243
0.317857
0.297400
0.107044
0.024658
0.009447
0.048457
0.050936
0.054623
0.066538
0.024958
0.054099
0.129147
0.117686
0.066307
0.101967
0.082520
0.021721
0.036121
0.036605
0.086251
0.008611
0.017685
0.021609
0.029546
0.060564
0.014336
0.178661
0.018111
0.052896
0.031397
0.255492
0.076784
0.068157
0.029810
0.075180
0.142187
0.049943
0.043557
0.021739
0.039046
0.110981
0.048506
0.013535
0.014269
0.087108
0.025918
0.032951
0.072180
0.021514
0.105560
0.033057
0.026587
0.014348
0.035658
0.048482
0.103635
0.070089
0.017144
0.080023
0.046946
0.078593
0.034735
0.150213
0.042923
0.013838
0.061373
0.014373
0.072171
0.068970
0.057881
0.041000
0.043781
0.021520
0.035504
0.088831
0.007879
0.081456
0.073844
0.081802
0.068624
0.096390
0.042781
0.062651
0.053257
0.112000
0.021301
0.197394
0.063282
0.047752
0.023809
0.170473
0.335299
0.043973
0.178893
0.026100
0.052745
0.056685
0.021117
0.065122
