2607
1.695127
4
91
40
10
1
5047
-0.776849
-0.689791
-0.116279
-0.165748
-0.912971
0.892495
0.760839
0.187368
1.000000
0.883108
-0.076504
-0.597768
0.208330
0.290571
-0.309595
0.659341
-0.866707
0.205128
-0.706018
-0.669233
0.513040
0.512378
0.825327
0.920013
0.591590
-0.861681
0.287202
0.171088
-0.456116
0.943002
-0.167845
0.803842
0.298189
0.844563
0.379475
0.299021
0.880173
-0.223530
-0.365298
-0.794202
0.120350
0.040142
0.712816
0.553990
-0.959006
0.623890
-0.840955
-0.676426
0.599781
-0.261721
-0.261373
-0.697252
-0.857355
0.256953
0.282908
-0.880001
0.676260
0.081370
-0.888520
-0.449807
-0.726880
0.882129
0.740486
-0.953900
0.210864
0.619211
0.618147
1.000000
-0.840910
0.067073
-0.285537
0.604732
-0.819042
-0.856132
0.015996
0.815962
0.628206
-0.848673
-0.949108
-0.232549
0.300433
-0.102068
-0.006028
-0.382144
0.797103
-0.457848
-0.582406
-0.744319
0.890229
-0.504872
-0.714385
0.609820
-0.977092
0.599205
-0.676465
0.731276
0.113250
-0.569381
-0.925449
0.106945
0.472463
0.031993
-0.652067
-0.042882
-0.770875
-0.425379
0.096829
-0.628692
0.800590
-0.092445
-1.000000
-0.734143
-0.672394
-0.982501
0.438239
-0.328570
-0.631551
1.000000
0.946716
-0.806213
-0.975262
-0.580076
-0.919966
0.929686
0.001082
0.603474
-0.627435
-0.063118
0.059664
-0.824297
-0.209166
0.022066
-0.209909
0.168255
-0.453038
-0.152835
0.129029
1.000000
0.107638
-0.818123
1.000000
0.565175
0.913966
0.379054
0.317573
0.168630
0.175324
-0.971417
0.351346
0.495831
0.314375
0.481567
-0.610338
0.235511
0.639622
-0.540689
-0.807664
-0.835940
1.000000
0.547328
-0.736773
0.084456
-0.647223
0.760513
0.107912
-0.932946
-0.581331
-0.035445
0.710032
0.018629
-0.021817
-0.988349
-0.190411
0.620857
-0.306831
-0.496023
0.644661
-0.249489
-0.257090
-0.830592
-0.573972
-1.000000
0.685033
0.755621
0.380367
0.959557
0.013065
0.575963
0.895680
-0.840999
0.981823
0.822264
0.625163
-0.718515
-0.657704
-0.073839
-0.144179
0.543787
-0.624887
-0.758048
-0.344019
-0.109756
-0.190655
0.988368
1.000000
0.145193
-0.504628
-0.528847
0.856567
-0.674957
-0.369497
-0.650946
0.348544
-0.729630
0.597616
-0.951058
-0.062496
-0.569185
-0.869114
-0.355246
0.638238
-0.265002
-1.000000
-0.376275
0.787469
-0.355934
-0.214825
0.934357
-0.067985
-0.043064
0.989173
0.657387
0.600616
-0.918859
-0.831104
0.860434
-0.323418
-0.406411
0.900138
-0.860451
-0.224549
-0.696692
-0.285609
0.905557
0.443214
0.277173
-0.828283
-0.880814
0.747273
0.078515
0.092791
0.802517
0.344210
-0.932741
0.775356
0.544917
0.212015
0.202781
-0.208239
0.153295
-0.553769
-0.025958
-0.247698
0.308542
-0.990970
0.530916
0.214753
-0.947819
-0.914157
0.666073
-0.544348
-0.836369
0.778901
0.485431
-0.980132
0.407653
0.547515
0.196002
-0.400666
-0.282477
0.934632
0.261466
0.374672
-0.874270
-0.618129
0.506393
0.066079
0.668794
0.535841
0.071105
0.202037
-0.553271
-0.791086
0.679765
0.236028
-0.225329
-0.909305
1.000000
-1.000000
0.417347
0.764736
0.267644
0.627168
-0.630637
0.638264
-0.209925
-0.303547
0.555890
0.136499
-0.052123
-0.763862
0.104558
-0.082756
0.902075
0.699551
0.647982
0.522163
0.868453
0.559311
0.640682
-0.009106
0.727857
0.794202
1.000000
0.253832
0.101576
0.027104
0.576347
0.959669
-0.460263
0.183777
-0.782004
0.823709
-1.000000
-0.887091
-0.440103
0.760593
0.164363
-0.536451
-0.284589
0.202698
-0.647464
1.000000
-0.122633
0.506903
-0.552804
0.899952
-0.582928
-0.546547
0.199555
0.617406
-0.215806
-0.710689
0.412009
0.031112
-0.453152
0.801559
-0.081878
-0.078810
0.552358
-0.502208
0.255597
0.691440
0.855749
-0.563500
0.434606
0.715005
-0.812226
-0.304818
0.298294
-0.788226
0.272015
-0.130278
-0.204398
0.506126
0.780982
0.685771
-0.072777
0.564807
-0.482262
0.718592
0.472923
-0.864643
0.733439
-0.740426
0.398401
-0.293923
-0.675873
0.322799
0.101770
0.170788
-0.905373
0.853329
0.645704
-0.365615
-0.902989
0.198856
-0.190359
0.350546
-0.685717
0.201176
0.836911
0.818512
0.117410
-0.655887
0.457607
-0.369333
-0.669263
-0.351022
0.998858
-0.594863
-0.902564
-0.531916
0.670766
0.416140
-0.174214
-0.599213
0.371107
0.386004
-0.342233
-0.079423
0.965253
0.796045
-0.814597
0.628061
0.149352
0.741746
0.721575
-0.810995
-0.304252
0.257558
0.402034
-0.928190
0.157443
0.117428
0.707646
0.513033
0.465997
0.311924
-0.124801
-0.582665
-0.012528
-0.573751
0.918081
-0.418331
-0.155585
0.051790
-0.138096
-0.775600
0.164871
-0.948375
0.972742
0.114743
-0.167840
-0.978614
0.346973
-0.591441
0.446535
0.621085
0.471424
-0.705278
-0.180353
-0.355875
-0.591453
-0.096031
0.883937
-0.080650
-0.512447
0.972306
0.638400
-0.036659
0.722910
-0.794864
0.961181
-0.075637
0.369696
0.125897
-0.714064
0.457777
-0.090084
0.404529
0.381225
0.299483
0.076494
-0.550243
-0.983496
0.871570
0.380333
-0.109046
-0.411645
0.538899
0.021479
-0.325768
-0.272873
-0.326870
0.119254
0.697448
-0.055768
0.060870
0.237329
0.850796
0.555286
-0.136367
0.527439
0.642835
-0.042442
0.621735
-0.965704
-0.105251
-0.402396
-0.272146
-0.117884
0.694707
0.956250
-0.475551
-0.377292
0.832931
-0.879461
0.820613
0.775724
0.453456
-0.736220
0.041190
-0.745251
-0.916327
-0.590641
-0.243134
-0.153296
0.224384
-0.764908
-0.402827
0.420436
-0.452996
0.616888
-0.012588
0.662049
-1.000000
0.596334
-0.839580
-0.783613
0.243323
0.916720
0.786035
-0.972058
0.631394
-0.902182
-0.450009
-0.266719
-0.146450
-0.052391
0.590734
0.623848
-0.735977
-0.912736
-0.240642
-0.736358
-0.736982
0.818460
0.389777
-0.430916
-0.481179
0.253401
-0.167275
0.788550
-0.767676
-0.621674
0.079828
0.072704
0.380616
0.742132
-0.240986
-0.284059
0.959704
-0.242479
0.062490
-0.121109
-0.171627
-0.304422
-0.138827
-0.803952
-0.203240
-0.169436
0.714839
-0.785978
-0.091553
0.029658
0.311524
-0.358040
0.854936
0.259119
1.000000
0.327968
-0.700719
-0.094267
0.315743
-0.901635
0.547663
0.518950
0.474517
0.943207
0.213976
-0.143578
0.773544
0.357978
-0.551086
0.990472
-0.380666
0.262062
-0.416185
0.586160
0.784597
0.230020
-0.559507
0.604243
-0.137649
0.390938
-0.002656
0.817505
0.395231
-0.538907
0.513535
1.000000
0.179276
-0.176568
-0.309564
-0.471464
-0.885810
-0.385262
0.035490
0.291695
-0.412915
1.000000
0.670119
-0.032024
-0.463492
-0.728316
0.170956
-0.451209
0.942029
-0.225049
1.000000
-0.170657
0.644717
1.000000
0.738461
0.738150
-0.017108
-0.921933
0.650941
-0.733993
-0.300753
0.636281
0.008645
-0.692860
0.851034
-0.827421
-0.427868
-0.455289
0.828376
-0.527333
0.577379
0.434099
1.000000
0.502935
-0.570593
0.931023
0.392420
-0.120838
0.321833
-0.470545
-0.790626
-0.751876
-0.062603
-0.971935
0.944743
0.608234
-0.319580
0.632851
0.580663
-0.691007
-0.285470
0.510720
-0.026086
0.435868
-0.407035
0.025757
-0.742493
0.553928
-0.505392
-0.132446
0.978954
0.262665
0.612057
-0.330199
-0.170219
-0.965696
-0.942144
0.821498
-0.318670
-0.978545
0.128453
-0.427611
0.558044
0.790429
-0.976330
0.501788
-0.403559
-0.272905
0.634695
0.880199
0.964963
0.743256
-0.450151
0.435862
-0.261673
0.109255
-0.513767
0.007186
0.085997
-0.945982
0.541189
0.181346
-0.458083
0.749427
-0.890541
0.277665
-0.491382
-0.578701
0.383521
-0.639511
0.854846
-0.676556
-0.785050
-0.808069
0.506110
0.465867
0.186114
0.253667
-0.789475
-0.563085
0.621749
0.000840
-0.015808
-0.796365
0.660084
-0.996130
-0.719405
0.601894
0.001995
-0.242121
-0.850758
-0.537174
-1.000000
0.706111
-0.064782
-0.892510
-0.486046
-0.373403
-0.932921
-0.245413
0.452120
0.305265
-0.363675
-0.932412
0.327513
0.901896
0.221885
-0.729781
-0.469549
-0.788798
-0.125466
-0.178119
-0.840520
-0.597055
0.235188
-0.212521
-0.336899
-0.582329
-0.748827
-0.637541
-0.901470
-0.887334
-0.219509
0.182530
-0.811322
0.482870
-0.836933
0.355204
-0.152880
0.419104
-0.206745
-0.956110
-0.372991
0.067987
-0.912504
0.147404
-0.407997
-0.501559
0.751019
-0.131227
0.272326
-0.002458
0.092945
-0.388885
-0.824443
-0.886237
-0.581798
-0.972129
0.133742
1.000000
1.000000
0.743628
0.095447
0.998658
-0.984320
-0.020927
-0.536237
-0.637612
0.418811
0.879007
0.462538
-0.714184
-0.883995
-0.504447
-0.769605
0.826298
-0.328608
-0.092189
-0.144896
0.094067
-0.619820
-0.673874
-0.333909
-0.410562
-0.814664
-0.049076
-0.537617
0.820227
-0.424514
-0.181377
0.179722
-0.688619
-0.672239
0.622155
-0.354284
-0.527151
0.238047
0.887211
0.854137
-0.439141
-0.756561
-0.352798
0.355703
0.900184
0.218104
-0.550476
0.903277
-0.152753
0.637293
0.718040
0.539282
0.093939
0.053313
0.983665
-0.363496
-0.263292
0.493206
-0.055889
-0.447292
-0.732089
0.786110
-0.067610
-0.054322
0.582333
-0.970215
0.318339
1.000000
-0.758339
-0.531777
-0.174873
0.447105
-0.787293
0.708985
-0.276139
-0.476087
0.763998
-0.057108
-0.291855
0.057860
0.396950
-0.944687
-0.877346
0.645655
0.347914
0.932921
0.328946
-0.655564
0.794181
-0.024174
0.318349
0.475259
-0.866269
-0.369921
-0.813194
0.401442
0.943527
0.233563
0.001797
-0.751971
0.515661
-0.051618
0.306740
0.535713
-0.489553
0.092173
0.902174
-0.910367
0.372046
0.320858
0.861309
0.309229
0.509462
-0.058415
-0.697382
0.465236
-0.131130
0.904580
-0.264104
-0.546037
0.834911
-0.402826
0.049350
0.348774
0.056877
0.618417
0.520060
0.375067
0.478427
-0.815535
0.127909
-0.261218
0.947266
0.845707
0.123735
-0.228544
0.871506
-0.032590
-0.304761
-0.540682
0.733157
0.813009
-0.610225
0.860944
-0.044707
-0.375513
-0.274686
-0.660794
0.678800
-0.396787
-0.997917
0.690415
-0.893623
0.717012
-0.413361
-0.531209
-0.430438
0.334383
0.121138
0.265319
0.725103
0.042773
-0.236305
-0.409908
0.476410
-0.929037
-0.525032
-0.723889
-0.758062
0.498172
0.432658
0.796369
-0.690899
0.353071
0.976884
-0.404541
0.466123
-0.827521
-0.625465
0.626098
-0.651060
0.436151
1.000000
0.951514
0.979870
-0.397560
0.933862
-0.723744
-0.771199
-0.029374
0.958856
0.434612
-0.855845
0.839253
-0.121720
-0.649839
0.243878
-0.603895
-0.611078
-0.141382
-0.072550
0.727903
0.066355
-0.497910
-0.574804
-0.165284
-1.000000
-0.548484
0.569120
-0.959821
-0.142975
0.231918
-0.856219
-0.039733
-1.000000
-0.631558
-0.110549
0.051627
-0.747426
0.983087
0.943674
0.028933
-0.267094
0.083469
-0.138375
0.996602
0.506668
-0.677470
-0.193804
0.198840
-0.531604
-0.916343
-0.652500
0.440501
-0.010869
0.775902
0.137277
-0.370423
0.037823
0.819003
0.107946
0.462839
0.292820
-0.299919
-0.443514
0.354207
-0.601599
-0.811584
-0.867382
-0.381974
-0.052479
-0.373872
0.519903
-0.591357
0.042662
0.140137
0.368193
-0.897909
-0.268340
-0.859396
-1.000000
-0.320243
-0.891203
0.580016
-1.000000
0.976475
0.734631
0.701367
-0.016893
-0.105034
-0.911485
-0.115791
-0.678564
-0.223718
0.098720
0.205400
-1.000000
-0.100537
-0.426583
0.411449
0.261587
0.658722
0.823883
0.586311
0.067525
-0.286119
-0.422315
-0.720917
0.440048
-0.649685
0.987274
-0.160415
-0.072987
0.065245
-0.770924
-0.227168
0.014098
0.276583
0.622791
0.405718
0.772372
-0.913900
0.686024
0.272935
-0.515556
-0.948287
-0.268231
0.520456
-0.244678
-0.068559
-0.409756
-0.242925
-0.711766
-0.362532
0.431241
0.793060
0.538364
0.907548
-0.417026
-0.702335
-0.909796
-0.233719
-0.506727
0.649518
-0.282720
0.732057
-0.631447
0.681228
0.309736
-0.306839
-0.284576
0.344567
0.547384
-0.974066
-0.375874
0.188773
-0.980651
0.306728
-0.682613
0.366885
0.091866
0.731913
-0.072687
0.425482
0.828907
0.914250
-0.102342
0.885561
-0.108072
0.324304
0.286601
0.223935
0.323105
0.895056
0.179428
-0.779139
0.744034
0.422754
0.728237
-0.052785
-0.880754
-0.785512
0.254494
0.627033
-0.103109
0.594222
-0.465262
-0.226682
-0.633361
0.187374
0.730053
-0.828340
0.468846
0.922878
-0.940394
-0.791429
-0.893849
0.316930
-0.245348
0.737817
0.618406
-0.416950
-0.052071
0.469141
0.069233
-0.529045
-0.770870
0.121076
0.688343
0.540107
0.521987
-0.377349
-0.332683
-1.000000
-0.359169
0.035422
0.608813
-0.115883
-0.609479
-0.807918
0.056238
0.874592
-0.107435
-0.136374
0.397860
0.526981
1.000000
0.771484
0.778464
-0.475890
0.402534
-0.473483
0.290756
-0.274197
-0.355585
-0.647892
0.166404
0.419678
0.505335
-0.766252
0.290250
0.892165
0.976359
0.191679
-0.744352
-0.480455
-0.039015
-0.098515
-0.544908
0.961033
-0.237348
0.107285
-0.349851
0.650273
0.544975
-0.639521
0.876770
0.018358
0.187348
-0.936828
0.961763
0.822480
0.349943
0.596032
0.469257
-0.354101
-0.024073
0.384662
1.000000
-1.000000
-0.629697
0.982899
0.783786
0.937103
-0.375458
-0.530202
0.519752
0.972747
0.796609
0.906301
0.725004
0.764976
-0.441822
0.453385
0.142375
0.868922
0.410713
0.726232
0.748118
0.105071
0.889838
-0.753096
-0.865307
0.932356
0.468946
-0.497742
-0.964251
-0.986377
0.479292
-0.066300
0.253153
0.814073
0.527483
0.153153
0.676021
-0.857246
-0.039682
0.834903
0.759495
-0.638661
0.425535
-0.940321
0.787998
-0.439048
-0.377071
-0.912572
0.367883
-1.000000
-0.244502
0.575974
-0.515238
0.504876
1.000000
-0.149886
-0.326160
0.046390
0.295145
-0.342892
-0.156070
-0.667436
-0.136061
-0.051035
0.487309
-0.339491
-0.149940
0.224355
0.496897
0.706580
0.648624
-1.000000
-0.219856
-0.764972
-0.887628
0.385437
-0.560323
0.560941
0.890650
0.113522
0.625003
0.136018
0.853192
0.727696
-0.568339
0.082303
-0.274537
-0.095458
0.015285
-0.305580
0.914839
0.631714
-0.550005
-0.617822
-0.946319
1.000000
0.578616
-0.121425
0.658537
-0.186500
0.333786
0.251571
0.520135
-0.821625
-0.654838
0.420910
-0.246857
-0.559232
0.481701
-0.994851
1.000000
-0.032388
0.100663
0.462924
-1.000000
0.802758
0.340059
-0.500934
-0.168471
-0.699730
0.190257
-0.830730
0.004613
-0.730215
0.106306
-0.106577
-0.856976
0.061546
0.410296
-0.129057
-0.299075
0.092980
-0.516821
0.655571
0.003430
0.056435
0.884258
-0.906572
0.195034
0.148049
-0.308103
0.398157
-0.713931
-0.384498
-0.819677
-0.233929
0.685441
0.143266
0.428797
0.256375
-0.938464
-0.670398
0.611043
0.807964
0.611894
0.051753
-0.987845
0.493269
0.388375
0.743052
0.408539
-0.100359
0.615427
0.566996
-0.300955
0.693486
0.638073
0.623205
-0.308245
-0.354224
-0.316898
0.616391
-0.974328
-0.397248
-0.160315
0.967618
-0.119309
0.802163
0.665079
0.970109
0.328765
-0.315858
0.384945
0.100942
-0.198677
0.994007
-0.012265
-0.156555
0.596874
-0.095579
0.332493
0.012227
0.149516
1.000000
0.485988
0.308839
-0.971584
1.000000
-0.301437
0.372822
0.866465
-0.044952
-0.366315
0.502529
0.405371
0.560927
0.814554
-0.108300
-0.566418
0.190907
1.000000
-0.831495
0.090904
-0.780977
-0.834381
-0.338409
0.173161
0.825506
-0.432947
0.757103
-0.971104
0.888968
0.650901
0.267450
0.733941
0.361580
1.000000
0.970065
-0.258548
0.559854
-0.248011
-0.869404
-0.723341
-0.088268
0.696711
0.019287
-0.739014
0.475750
-0.455391
-0.767753
0.623163
0.301915
-0.066492
-0.786992
-0.743683
-0.247451
0.707262
0.374467
0.510600
-0.644626
-0.732319
-1.000000
0.697154
0.001410
-0.094263
1.000000
-0.299297
0.220070
-0.916892
-0.843680
0.477255
-0.545065
0.435351
-0.843072
-0.208418
-0.705900
0.519054
-0.622868
-0.870917
0.655606
-0.001719
-0.555280
-0.848859
0.233192
0.534417
-0.890382
0.534921
0.937672
-0.098805
-0.971261
0.993806
0.261913
-0.587435
-0.547494
0.235157
-0.996267
-0.463506
-0.131059
-0.833864
0.448625
-0.137508
0.807919
0.322176
0.378485
-0.764112
0.042601
0.850410
-1.000000
0.112991
0.534861
-0.145554
0.512945
-1.000000
0.162730
-0.663047
0.330956
-0.305914
0.433284
0.696092
-0.419733
-0.061409
0.430617
0.860682
-0.863506
0.369674
0.795317
-0.938569
0.993168
-0.505947
-0.562619
0.975403
0.414705
0.707857
-0.042023
0.970244
0.691327
0.798065
-0.390160
-0.130172
-0.069469
1.000000
-0.578021
0.038889
-0.856909
-0.063148
-0.163917
0.092108
-0.345858
-0.919751
0.315156
-0.470798
0.947784
-0.086708
-0.860372
-0.048315
-0.443581
0.011241
-0.435012
-0.700674
-0.228333
-0.415353
-0.753645
-0.317343
-0.393827
0.914346
0.945836
-0.567884
-0.550059
-0.817895
0.542532
0.313923
0.413163
0.043126
-0.910181
-0.304456
-0.881956
-0.982902
0.430555
0.695469
-0.783967
0.458309
0.798510
-0.404141
0.451359
0.087468
-0.886467
-0.722761
0.216678
0.823690
-0.280511
-0.704099
0.762000
1.000000
-1.000000
-0.865903
-0.568699
-0.261694
-0.390965
0.646275
0.883526
0.197490
-0.822412
0.202110
-0.219768
-0.720822
0.990184
-0.826144
0.246855
-0.238627
-0.248164
-0.627779
-0.494525
-0.037583
-0.712776
0.004361
0.509122
0.528953
-0.906806
0.914244
0.731201
-0.293760
0.200219
-0.666901
-0.580003
0.925234
-0.071570
0.579052
-0.617478
-0.786190
0.764354
0.754392
-0.135338
0.327890
-0.631937
0.739862
0.400686
0.284983
0.156750
-0.935479
0.754598
-1.000000
-0.803643
-0.694562
1.000000
0.291372
0.083904
0.967620
-0.359463
0.733417
0.039942
-0.571247
0.584990
-0.421251
-0.771711
0.767594
0.483266
0.737533
0.910619
-0.282885
0.746397
-0.143261
0.723036
0.491256
0.125907
-0.736017
-0.732144
0.899114
-0.846280
-0.965898
0.995500
0.901816
-0.405960
-0.958172
-0.391756
-0.259321
-0.034990
0.686328
0.949509
-0.378305
-1.000000
0.189204
0.229194
0.123797
0.233529
0.270967
-0.056855
-0.005817
-0.081572
0.660992
0.696855
0.942313
0.954367
-0.705644
-0.688069
0.893252
-0.410517
-0.958553
-0.851733
-0.825669
0.548612
0.686764
0.931848
-0.875871
-0.788959
-0.631948
0.695259
0.963504
-0.806991
0.917550
0.116914
0.807747
-0.840977
0.036592
0.892930
-0.434297
-0.128989
0.884090
-0.586803
-1.000000
0.989903
-0.648622
-0.570108
0.762870
0.853754
0.839758
0.739376
0.733459
0.754056
-0.407593
-0.392243
0.987943
-0.957051
-0.676149
0.964787
0.367528
0.760372
0.196791
-0.062185
0.037776
-0.424857
0.724489
0.080076
-0.745553
0.450554
-0.843896
0.968630
-1.000000
0.688961
0.786969
0.931098
0.829851
0.455025
0.133103
0.614331
-0.150580
0.755607
0.122147
-0.197266
0.619149
0.936351
-0.426231
0.569412
-0.489956
-1.000000
-0.906789
0.478543
-0.003033
0.419882
0.974743
0.617024
-0.953661
-0.979973
-0.769047
-0.645675
-0.839661
0.025127
-0.281212
0.374063
-0.030880
0.468914
-0.488166
-0.637874
-0.531303
0.348193
-0.166177
-0.284288
0.200039
-0.965072
-0.004588
-0.400398
0.713649
0.671928
0.666812
-0.996844
-0.792038
-0.826196
-0.844437
0.441670
-0.585969
-0.797859
-0.141481
-0.396752
-0.410386
0.345684
-0.590283
-0.414887
-0.638613
-0.008845
-0.681299
-0.556631
-0.198293
-0.320828
0.619700
0.937280
-0.014337
0.860834
0.885744
0.577455
-0.546299
0.185598
-0.779778
0.086399
0.370830
-0.687722
-0.396961
-0.043630
0.701711
-0.020809
-0.959906
0.365479
0.574286
-0.708766
0.419982
-0.161150
0.823469
-0.894168
0.210921
0.508112
0.670439
-0.056704
-0.894456
-0.282270
0.595000
-0.266956
0.342494
0.032884
-0.462730
-0.668277
0.517911
0.831311
1.000000
-0.647847
-0.331846
0.209502
0.588019
-0.439678
-0.132219
-0.448347
0.748082
0.692028
0.625428
0.316809
0.275887
0.377970
0.864851
-0.630984
0.899205
-0.958592
0.559734
-0.050486
-1.000000
-0.912743
0.045749
0.267153
-0.782563
1.000000
-0.134943
-0.860819
-0.505535
-0.786241
0.012142
-0.202940
-0.939910
-0.083982
0.538134
0.602269
-0.043746
0.319447
-0.939807
0.517160
0.574786
-0.866630
0.739939
1.000000
0.004402
-0.961227
0.623636
-0.425421
-0.774803
0.061919
0.701435
0.189584
-0.713275
0.797549
-1.000000
0.344783
0.484151
-0.527239
0.391157
0.294613
-0.960827
0.095848
-0.032716
-0.594672
-0.290822
-0.585838
-0.797993
-0.738439
0.911129
-0.102365
0.404564
-0.316429
-0.135127
-0.374625
-1.000000
0.590461
-0.977426
-0.756593
-0.081831
-0.930714
0.805500
0.952996
0.439826
0.323106
-0.143319
0.519016
-0.489868
-0.644802
0.877666
-0.403364
-0.112396
0.236435
-0.549391
0.234787
-0.044076
0.935978
-0.964656
0.172781
0.971697
-0.429311
0.614650
0.256299
0.346356
0.507002
0.009970
1.000000
1.000000
-0.784518
0.790053
0.666406
0.856245
-0.588090
-0.587064
0.258469
0.122330
-0.748778
-0.092122
-0.107495
0.759796
-0.705283
-0.774512
0.088454
0.730633
-0.519560
0.015797
0.701843
-0.554136
0.049362
-0.302069
-0.280249
-0.030981
0.075738
0.156846
-0.003047
-0.267286
0.982498
0.921223
0.758164
0.431596
-1.000000
0.458021
0.286177
-0.112130
0.668968
-0.022728
0.517056
-0.079037
0.781622
-0.240972
-0.613339
0.956848
-0.132593
-0.931408
0.392611
0.417164
0.314677
0.417870
0.344208
0.397018
0.765653
-0.200819
0.029952
0.544056
-0.465688
-0.653294
0.525195
-0.767658
-0.562770
-0.736430
0.994850
-0.536889
0.553767
0.331427
0.963091
0.009519
0.810524
-0.693321
-0.433070
1.000000
0.781837
0.897007
-0.776256
0.753534
0.289136
-0.066695
0.043897
-0.185502
-0.438760
-0.586526
0.078789
-0.425672
0.960560
0.023453
0.166239
-0.759677
0.543062
0.350431
0.822434
0.396397
0.279260
-0.468071
-0.459344
-0.225313
-0.795229
-1.000000
-0.789460
-0.392573
0.685256
0.499856
0.969682
0.061055
-0.886031
0.977851
-0.632622
0.532311
1.000000
0.257951
-0.896659
-0.403512
0.359810
0.708794
-1.000000
0.084012
0.769818
0.060199
0.614228
0.833779
0.523037
-0.695321
0.994978
0.085302
-0.286002
-0.146698
-0.993555
0.902164
0.161420
-1.000000
0.789321
0.243596
-0.172036
0.831505
0.945226
-0.314053
-0.154937
0.215797
0.708927
0.784209
-0.039513
0.595304
-0.313220
-0.541592
1.000000
0.170906
0.909029
0.609684
0.855303
0.210226
0.203685
0.614937
-0.045044
0.034662
-0.422931
0.794039
0.704133
0.505987
0.148819
-0.787521
0.962270
-0.984110
0.730428
-0.930069
0.904647
-0.147573
0.069499
-0.063116
-1.000000
0.658742
-0.677872
-0.490104
-0.536869
0.263431
-0.740644
-0.176315
0.640444
-0.826088
-0.415365
0.311833
0.969385
0.083291
0.584223
-0.559780
0.645830
0.125037
-0.340758
-0.739137
0.522308
0.623755
0.371841
-0.654667
0.612002
0.292529
0.050283
-0.517347
-0.373541
0.877208
0.335948
-0.244313
-0.963540
-0.386173
0.674167
0.214990
-0.388506
0.956145
-0.026864
0.813391
0.309092
-0.970297
0.374882
0.548901
-0.041534
0.533238
0.892821
0.890484
-0.147954
0.913705
-0.586733
0.381492
-0.478707
-0.997245
-0.044797
-0.129629
-0.303510
-0.596857
-0.987134
-0.352454
-0.402042
0.006367
0.172321
0.136073
-0.516047
0.532142
-0.070353
-0.109037
-0.911598
0.525519
-0.177030
-0.914635
-0.550759
-0.290709
-0.098055
-0.940863
-0.352571
0.951738
0.267851
-0.449247
0.327516
0.957848
-0.503332
0.375003
-0.063777
0.705363
0.921539
0.985547
-0.655556
0.964172
-0.519346
-0.572314
0.731623
0.923716
-0.558442
0.066719
0.681758
-0.876025
0.125460
-0.936311
0.902493
0.489433
0.091968
0.645152
-0.532967
-0.291841
-0.859046
0.118169
0.197198
-0.534352
0.135226
0.757352
0.385046
-0.147889
0.123616
-0.747469
-0.442607
-0.655399
-0.190385
0.995834
-0.910129
0.457533
0.445603
0.698584
0.207307
-0.664521
0.387429
0.223993
-0.514726
0.291772
0.961121
-0.905384
0.962646
-0.163923
-0.139979
0.027486
0.918683
0.761584
-0.994162
0.029989
0.431987
0.913936
0.686232
-1.000000
0.949940
-0.482888
0.175242
-0.463943
-0.904987
0.489385
0.248575
-0.472335
-0.828046
-0.268741
-0.110188
-0.566877
-0.985169
0.639962
0.134529
0.523761
0.136321
0.763539
1.000000
0.028760
0.042951
-0.278509
-0.965315
0.023769
-0.643019
0.430466
-0.228666
-0.402177
-0.183793
-0.932185
0.794597
-0.327998
0.694416
0.936219
-0.464972
0.744188
0.217085
-0.271100
-0.535908
0.552470
-0.354526
-0.845637
-0.579044
0.194153
-0.440059
0.599701
0.158933
0.141176
0.606253
-0.357438
0.861470
-0.666921
0.314317
-0.886192
0.662465
-0.977278
0.857606
-0.111306
-0.741983
-0.844158
0.006325
0.168953
0.762885
0.269975
0.413256
-0.968870
-0.495487
-0.478730
-0.422112
0.043693
-0.625101
0.288153
0.873801
-0.533217
-0.007222
-0.855222
0.501998
0.249135
0.823468
0.029794
-0.058470
-0.874841
-0.276265
0.875708
-0.665746
-0.476997
-0.218930
0.378243
-0.328469
0.732330
-1.000000
0.711450
-0.142566
0.677524
0.740239
0.748566
0.168877
1.000000
-0.811795
0.959277
0.630725
0.973698
-0.643524
0.463098
-0.636877
-0.026670
0.124374
-1.000000
-0.659612
-0.711832
0.660723
-0.064216
0.258010
0.193212
-0.919499
-0.645100
0.984758
-1.000000
0.735554
0.501866
0.489224
0.234361
-0.167842
0.506881
0.959199
-0.526822
0.711846
0.079906
-0.724936
-0.715750
-0.074573
-0.257783
0.860208
0.038874
0.570163
0.503922
0.448427
-0.009171
0.725637
-0.862726
0.372289
0.534632
-0.015313
-0.426275
0.120189
-0.624301
0.800608
0.866940
-0.486822
-1.000000
-0.648975
0.492473
-0.963728
0.246691
-0.660909
0.259881
0.488190
0.942608
-0.737359
-0.136603
0.965971
-0.203956
1.000000
0.791417
-0.864382
-0.049493
0.274485
0.487803
-0.165075
0.188673
-0.978463
0.154279
0.252053
-0.854929
-0.955418
-0.704532
-0.323745
0.749408
-0.537075
-0.229406
0.093643
0.810760
-0.402761
1.000000
0.964286
0.193396
-0.403960
0.299391
-0.776207
-0.045402
-0.651795
0.568920
0.014779
-0.847644
-0.785210
0.232414
-0.809749
0.518908
0.405688
-0.063095
-0.689362
0.751593
0.270130
0.994182
0.986532
0.652705
0.541111
0.442241
-0.069184
-0.519818
0.741913
0.378642
-0.047695
0.252938
0.974118
-0.748815
0.973052
-0.069566
-0.447552
-0.567426
0.321378
-0.195189
0.316064
0.449205
-0.967011
0.203537
0.391253
0.316071
-0.136179
-0.948011
-0.974527
0.366794
0.261068
-0.603027
0.707245
0.532683
-0.310930
0.011249
0.670407
-0.368681
0.847001
-0.223461
-0.726555
-0.367256
-0.517962
0.923837
0.271390
-0.751203
0.426369
0.003487
-0.138994
-0.104508
0.080758
-0.194464
-0.334720
0.813504
-0.474278
0.753054
-0.027332
-0.534367
-0.020165
0.206975
0.273129
-0.575680
0.657760
0.606988
0.084661
-0.497786
-0.409012
0.917941
0.790375
0.637725
0.648123
-0.318974
0.586894
-0.358129
0.514700
0.835846
-0.097886
0.314295
0.937955
0.994599
0.744862
0.375292
0.405780
-0.745367
-0.252907
0.198282
0.657967
0.362727
0.948757
-0.069618
0.240010
-0.673795
0.980651
0.320537
0.372032
0.472654
-0.055428
0.140993
0.590161
0.136809
-0.941500
-0.480864
-0.735183
0.165113
-0.873627
0.348005
0.890184
1.000000
0.459240
0.463345
-0.194207
-0.517273
-0.569254
0.798510
-0.455143
0.139139
-0.538011
-0.703574
-0.302040
-0.236821
-0.380363
-0.103165
0.436637
0.367168
-0.911038
0.984974
0.621899
-0.256964
0.036868
0.453162
0.310281
-0.853808
0.253085
0.077395
-0.033141
-0.399716
0.182361
-0.430355
0.897293
0.071927
0.193378
-0.530713
-0.385381
-0.729490
0.902124
-0.155829
-0.062958
0.121604
0.127362
0.870362
-0.299392
0.129971
0.123849
-0.988489
0.042818
-0.500520
-0.409323
0.324658
0.757516
-0.610058
0.936845
0.867306
0.561794
0.366079
0.989129
0.773208
-0.591733
0.898225
-0.336195
-0.760664
0.985574
-1.000000
0.284749
0.360772
0.639369
0.340341
-0.417309
1.000000
-0.249620
0.613904
0.468583
-0.663278
0.120060
0.177972
-0.960238
-0.757233
-0.649243
0.820586
0.214636
-0.362380
-1.000000
0.697493
0.408512
-0.502898
-0.367812
-1.000000
-0.481374
0.103224
-0.115278
-0.554871
0.622227
-0.997762
-0.554659
0.861318
-0.981510
1.000000
-0.208037
0.611849
0.463888
0.943158
-0.956226
0.695177
0.229176
0.681928
0.444300
0.779156
-0.544550
-0.761201
-0.612166
-0.137043
0.759122
0.117413
-0.346795
-1.000000
-0.066118
-0.717641
-0.749763
0.906543
-0.230914
-0.960258
0.344318
0.358945
-0.151985
0.867898
0.350418
-0.988297
-0.168390
0.021228
-0.746629
-0.202589
0.357234
-0.564900
-0.178789
0.165250
-0.790188
0.595141
-0.676344
-0.141988
0.416351
-0.879082
0.220552
-0.495225
-0.992301
0.906162
0.565594
-0.350373
0.861156
0.978626
-0.360304
-0.968539
-0.034407
-1.000000
0.189002
0.419874
-0.245402
0.361791
-0.187257
0.538126
-0.603608
0.168250
-0.026578
-0.765749
-0.892854
0.086421
-0.433203
0.456961
0.940884
-0.452260
0.506028
-0.887618
0.794876
0.799255
-0.060051
-0.028769
-0.624762
0.101920
0.151873
-0.352252
-0.698728
-0.505789
0.393858
0.980950
0.946639
0.473826
-0.373997
0.604829
-0.670798
-0.788684
-0.793257
0.085188
-0.464850
-0.378523
0.794495
0.904676
0.982567
0.185116
-0.489921
0.956352
0.245138
-0.591505
0.659525
0.548391
-0.335317
-0.836019
-0.867663
-0.032784
-0.531312
0.525252
0.414102
-0.935026
0.667173
0.387610
-0.114091
0.921216
0.323458
-0.964948
0.678522
-0.983285
0.176163
0.003897
0.607285
0.142889
0.222446
0.668841
0.109751
-0.343187
-0.797295
-0.964188
-0.873849
-0.038039
0.226476
1.000000
-0.498228
-0.310937
0.756349
0.209951
-0.289815
-0.976570
-0.840506
0.888472
-0.034734
-0.121203
-0.605262
0.278666
0.361606
-0.961877
-0.749091
-0.299995
-0.287367
-0.893644
-0.815728
0.637453
1.000000
0.454306
-0.845049
-0.817900
-0.263531
-0.537949
0.928232
-0.022238
0.331072
0.251081
0.561033
0.862713
0.059244
-0.020832
-0.358380
-0.923484
1.000000
0.961917
-0.512520
-0.807022
-0.761448
-0.549439
-0.320263
-0.785679
0.695826
0.668251
-1.000000
0.280080
0.936044
0.838740
0.176973
0.479016
-0.236590
0.989428
-0.430205
-0.789098
-0.737326
0.075543
1.000000
0.193760
0.762579
-0.764453
0.142964
-0.565434
0.497182
0.159843
0.718705
0.318049
0.389402
0.676495
-0.543236
0.452556
-0.022489
-0.648548
-0.048718
-0.341200
-0.857341
0.110968
0.413224
-0.196972
0.711596
0.431625
-0.896655
-0.572640
0.264359
-0.367190
-0.690974
-0.283782
0.123306
0.767668
0.648510
-0.494850
-0.191364
-0.200126
-0.781053
-0.278831
-0.353384
0.654312
-0.501250
0.045534
0.059811
-0.559909
-0.113377
0.150827
0.782281
-0.452102
-0.760984
0.816194
0.138186
-0.696061
-0.322597
-0.059559
0.559898
0.377804
0.709967
-0.727781
-0.634903
-0.696112
-0.332571
-0.402812
-0.116994
0.177561
-0.200859
-0.158200
-0.904788
-0.489964
1.000000
-0.915263
0.233934
0.234264
0.671701
0.177799
-0.695234
-1.000000
0.578983
0.951105
-0.455213
-0.900276
0.098712
-0.582254
-0.054014
-0.603520
0.719445
0.799659
0.465969
-0.250099
0.344088
0.280189
-0.872026
-0.929766
0.063744
-0.813217
0.265502
-0.632271
-0.331761
-0.254500
-0.026056
-0.450880
-0.603731
0.474873
0.005023
-0.732435
-0.546589
-0.148396
-0.134870
-0.686085
-0.284460
0.156529
-0.567349
-0.176696
-0.441825
-0.717125
0.850042
0.767198
0.805168
0.459369
-0.340643
-0.595655
-0.114043
0.217673
0.758842
0.088831
-0.835020
0.442273
-0.329994
-0.234406
0.588427
-0.358768
-0.276071
-0.661807
-0.817764
0.917613
0.585191
-0.086642
-0.412895
0.985318
-0.580090
-0.612911
-0.500680
0.574333
0.139499
0.887292
-0.553029
0.480958
-0.612908
0.550906
-0.585327
-0.974366
-1.000000
0.488619
0.457998
0.649411
-0.043877
-0.413372
-0.965133
1.000000
-0.755914
-0.677576
-0.261158
-0.226733
0.662756
0.783171
0.363548
-0.523031
0.750922
-0.757988
0.508667
-0.726992
-0.367424
0.481586
0.473051
0.208396
-0.355111
0.490040
0.266566
0.467073
-0.427530
-0.117085
-0.167031
0.391270
-0.696511
-0.606646
0.561450
0.013368
-0.586028
0.748367
0.967425
0.813236
-0.385337
-0.664726
-0.085259
0.739659
-0.184936
0.768261
-0.973429
-0.135797
0.434435
-0.172612
-0.582546
0.510064
0.900407
0.383950
0.551972
0.357197
-0.225721
0.436917
-0.450389
-0.477957
-0.026322
-0.968606
-0.031706
0.637884
0.366565
-0.719644
0.565481
-0.167445
0.510241
0.722035
-1.000000
0.304243
-1.000000
-0.295513
0.273329
-0.986658
-0.730203
0.995326
-0.751091
0.103859
-0.039517
-0.502026
0.455562
-0.336925
-0.498425
0.884203
0.238073
-0.307989
-0.669417
-0.734085
0.619838
-0.122915
-0.024953
0.101269
0.349828
-0.349110
-0.199636
0.014236
0.391249
0.325620
-0.285646
-0.230453
-0.277320
0.751759
-0.933564
-0.038097
0.701757
-0.605522
-0.165870
-0.862847
0.672220
0.007053
-0.932647
-0.972442
0.443255
0.823519
0.875435
0.721734
-0.188689
-0.485955
0.216947
0.438667
0.317190
-0.090309
-0.411735
0.722154
0.064830
-0.033733
0.117377
-0.796567
-0.401833
0.486378
0.463309
0.973985
-0.119338
-0.260347
-0.811547
-0.981278
-0.830027
0.829226
-0.179269
-0.171536
-0.312631
0.987454
0.524386
0.982067
-0.037334
0.607824
-0.356694
-0.797235
0.953436
-0.657142
-0.855534
-0.270618
-0.827848
-0.708367
0.994991
-0.459577
-0.483923
0.227809
-0.054031
0.311772
0.461291
0.012672
0.006131
-0.904984
0.272518
-0.764073
0.505016
-0.858104
0.255429
0.026620
0.834512
0.698440
-0.791088
0.872363
0.678212
0.740932
-0.045093
-0.830051
0.788606
0.171622
0.426914
-0.292120
-0.495894
-0.932514
0.063100
-0.594971
-0.672974
-0.554243
-0.324278
-0.482798
-0.095751
0.666921
-0.855396
0.877627
-1.000000
-0.093790
-0.506983
0.731357
0.050444
-0.484257
-0.551019
0.028238
0.473104
-0.283503
-0.969286
-0.851658
0.626602
0.618989
-0.645219
-0.265214
0.449751
-0.109203
0.285503
-0.723461
0.390565
-0.092932
-0.091913
0.562265
-0.750339
0.108468
-0.245909
-0.688077
0.991248
0.883081
-0.723579
0.137029
-0.516456
-0.157669
-1.000000
0.719891
-0.081234
-0.714316
-0.269755
0.964316
-0.138559
0.587294
0.940575
-0.103376
-0.253229
0.911494
-0.946806
-0.381579
0.257186
-0.300200
0.449318
0.498845
-1.000000
0.365143
0.172757
0.036911
-0.142762
-0.072415
-0.462125
0.423342
0.530893
0.506506
-0.427559
0.718588
-0.415750
-0.532817
0.060555
0.261160
0.153163
0.396959
0.261022
0.863479
0.040255
0.796329
0.477144
0.475116
-0.598319
-0.262718
0.450560
0.404816
-0.482806
-0.642813
0.028790
-0.086030
-0.733576
0.075655
0.390564
-0.376494
0.567576
0.109662
-0.126202
-0.905974
-0.706879
-0.865302
0.639508
-0.530496
-0.752079
0.673445
0.421055
-0.188685
0.362650
0.687896
0.182480
-0.329267
-0.931885
1.000000
0.845447
0.592272
-0.699211
1.000000
0.439757
0.638163
0.200418
0.041392
-0.659469
-1.000000
-0.761019
-0.945715
-0.484401
0.260565
-0.457004
0.819378
-0.581934
-0.795841
0.977430
0.809922
0.269308
-0.697694
0.443457
0.357233
0.799643
-0.479284
0.762420
-0.555763
0.706058
0.596153
-0.435941
0.462536
-1.000000
0.281629
-0.502736
0.194829
0.079147
-0.019468
-0.311215
0.190598
-0.265723
0.684131
0.072445
-0.053862
0.188678
-0.764547
0.194794
-0.300442
-0.472993
0.073687
-0.003063
-0.820015
0.465977
-0.950916
-0.764372
0.546596
0.855550
0.490798
0.441089
0.143394
0.534005
0.674373
-0.907827
0.536273
0.148854
-0.733196
-0.988947
-0.852807
0.674515
0.371679
0.730091
-0.849056
0.684875
0.722581
0.952554
-0.274762
0.350115
-0.158047
-0.145466
-0.004559
0.121349
-0.425880
-0.174069
-0.739834
0.824671
-0.758269
0.340898
0.507165
-0.356986
-0.143071
0.179811
-0.314141
-0.047764
0.835787
-0.541192
0.013704
0.078376
0.287352
-0.229685
-0.288515
-0.372922
-0.145582
0.128258
-0.536068
-0.971007
0.108479
-0.231417
-0.928371
0.550994
-0.331526
-0.914973
-0.223745
-0.623912
-0.251685
0.066072
-0.215067
-0.037951
0.999130
0.224962
0.469922
0.921384
0.419866
0.079876
-0.527935
-0.107602
0.619585
-1.000000
0.718848
-0.983841
0.355556
-0.449120
0.896152
0.548534
0.444615
-0.789713
0.502953
-0.707650
0.117407
-0.731732
0.016395
-0.606680
-0.239797
-0.392441
-0.431567
0.720265
-0.115312
0.518683
0.783673
0.935805
0.445518
-0.965960
-0.258691
-0.144208
-0.846899
-0.027417
0.190908
0.323554
0.135468
0.028259
0.077959
-0.619858
0.330731
-0.884275
0.687683
-0.999457
0.745312
-0.954352
0.498906
-0.340279
0.202973
-0.996233
-0.710526
0.327807
0.055347
0.763936
-0.605623
0.889759
0.258731
0.318088
-0.475943
0.640154
-0.083921
-0.043068
0.702447
0.440066
1.000000
0.172800
-0.302716
-0.711436
0.679290
0.953797
-0.969027
-0.587709
0.500847
-0.189480
0.432482
0.360945
-0.349983
-0.458182
0.285600
0.043040
0.707629
-0.184880
-0.579336
0.315905
0.678952
0.951737
0.678717
0.188830
-0.294399
0.903930
0.565268
-0.022955
0.332048
0.997391
0.356148
0.232932
0.599611
-0.543935
0.419351
0.304931
0.708195
-0.193012
0.020188
-0.412611
-0.914907
-0.325990
-0.212134
0.499551
-0.477026
-0.882702
0.136627
-0.067874
-1.000000
0.677549
-0.818598
0.366497
0.331849
-0.063473
-0.791861
-0.225559
-0.840088
0.778341
0.697511
-0.025368
-0.384251
-0.851638
0.663019
-0.411506
0.945756
-0.625941
-0.098508
-0.999375
-0.290675
-0.502911
0.998921
0.995884
-0.920502
-0.209310
-0.571180
0.429938
0.353880
0.580718
0.169607
0.625066
-0.712207
-0.098950
-0.541082
-1.000000
-0.203248
-0.361078
-0.744569
0.971605
1.000000
-0.773569
0.038992
0.976207
0.832804
1.000000
0.956109
-0.437564
0.035748
-0.401802
-0.138158
0.491485
0.716098
0.284717
0.917344
-0.497972
-0.812468
-0.004201
0.931003
-0.003043
0.594057
-0.756735
0.217023
0.112365
0.175314
-0.381965
0.864758
1.000000
-0.760125
-0.297670
-0.527141
0.332912
-0.274506
-0.562126
0.934016
-0.777871
-0.798719
-0.843134
0.705717
-0.812329
-0.563559
0.242151
-0.971842
0.462807
-0.955632
-0.125949
-0.009252
0.219175
-0.650653
-0.077712
0.862272
-0.630832
0.460383
-0.608081
-0.069938
0.010295
-0.508943
0.784220
-0.738199
0.286981
-1.000000
0.336578
-0.509673
-0.777556
0.706596
-0.012039
-0.888255
0.154104
0.087947
-0.301081
0.952393
-1.000000
0.035841
-0.300673
0.243881
-0.294874
0.270622
-0.835038
0.567459
-0.158062
0.080831
0.260412
0.649534
0.132308
0.789359
0.291473
-0.506368
0.529547
0.991044
-0.175842
0.398375
-0.800485
0.351691
-0.237061
0.790390
-0.081866
0.479318
1.000000
-0.306668
0.674139
0.312290
0.272271
-0.940137
0.997489
0.756322
-0.887349
-0.362777
-1.000000
0.028839
0.285396
0.409884
0.240280
0.161981
-0.040242
-0.168498
-0.983549
0.037721
0.383092
-0.297536
-0.556000
-1.000000
0.857581
-0.971128
-0.576896
-0.739458
0.643062
-0.743355
0.352383
-0.822451
0.938453
0.871689
1.000000
-0.533693
-0.071102
0.647816
-0.590671
0.401167
0.211202
-0.600627
0.352527
0.306434
0.833540
-0.735767
0.541861
-0.394051
0.793261
-0.154106
-0.323455
0.986160
-0.712547
-0.579868
-0.425827
-0.402199
0.939360
0.950437
0.452525
0.708169
0.042693
-0.704186
-0.546096
-0.525890
-0.920567
-0.130533
0.625493
-0.052549
0.156922
0.067599
-0.961362
-0.111204
-0.109159
1.000000
0.437867
0.663964
0.578264
-0.991160
-0.682183
0.715995
0.639521
1.000000
-0.229756
-0.100252
-1.000000
-0.394280
-0.118701
-0.252757
0.739578
-0.995187
-0.959477
-0.072295
0.290428
-0.362098
-0.436443
-0.084748
-0.059827
0.299402
-0.535698
-0.341306
0.707615
0.740872
-0.254705
-1.000000
-0.410967
-0.692948
0.711748
-0.790746
0.737615
-0.917565
-0.723119
-0.465260
0.990516
-0.452442
-0.731866
0.085810
0.959509
-0.779019
0.236651
0.065896
0.123391
0.790017
0.255415
-0.546075
0.562145
-0.812406
-0.270388
-0.510311
0.786159
0.865741
0.547066
0.081660
-0.890626
-0.865753
0.074914
-0.098117
0.439448
-0.226618
-0.235488
-0.020741
0.957131
0.628404
0.300533
-0.843971
-0.788389
0.086633
0.824037
0.304998
-0.162474
-0.259671
0.169300
0.706808
0.645606
-0.331104
-0.738000
-0.574998
-0.988345
-0.332161
-0.276469
0.682280
-0.026165
-0.975425
-0.666587
0.965003
-0.328494
0.357407
-0.137373
0.662741
-0.495401
0.058470
0.621058
-1.000000
0.509337
0.584205
0.657073
0.940913
0.498218
-0.954665
0.079659
0.259143
0.910403
0.261297
0.487337
-0.983832
-0.359514
-0.970898
-0.477834
0.941194
0.856554
-0.021334
-0.275652
-0.011797
0.599433
0.566977
0.375344
0.989131
-0.872118
-0.196456
-0.792756
0.641639
0.312995
0.847646
0.483665
-0.808148
0.907295
-0.228505
0.705548
-0.766903
0.617813
-0.316714
-0.177126
0.109607
0.701906
-0.109267
0.899661
-0.939340
0.682530
-0.891729
-0.490271
0.302021
-0.791701
-0.911601
-0.915819
-0.968079
0.133478
1.000000
0.868592
0.688149
0.711010
0.519136
-0.050180
0.080905
-0.844453
0.339826
0.075262
-0.861755
-0.929185
0.439416
-0.666074
0.622499
0.142364
-0.381420
0.304981
0.602798
0.075580
0.598266
0.587343
-0.220745
-0.943813
0.620556
0.256862
-0.961330
-0.111085
0.803184
-0.700875
-0.337237
-0.109302
-0.723787
0.592059
0.845829
0.526920
-0.867405
0.494860
-0.421183
-0.082904
-0.541154
-0.419184
-0.372686
-0.509047
-0.529165
0.961804
-0.740975
-0.759428
-0.372613
-0.069104
0.782669
0.850497
-0.268360
-0.184335
0.485909
0.910669
0.076295
-0.173975
0.450040
0.212295
-0.337640
0.037923
0.421657
-0.746494
0.653669
-0.961701
0.769584
0.725373
0.147856
-0.874708
-0.688187
0.806494
0.658192
-0.380041
0.775121
0.516353
0.709095
-0.982359
-0.302014
-0.886315
0.550275
-0.001782
-0.884190
0.367814
0.491824
0.108238
-0.045755
-0.107292
-0.853305
-0.405917
-0.040763
-0.852532
0.787966
0.052345
-0.942356
-0.952400
-0.255680
0.191138
0.592573
-0.100821
-0.698517
-0.870221
0.597910
0.871918
-0.751446
-0.265957
-0.185594
0.745341
-0.735333
-0.302872
-1.000000
0.252020
-0.351727
0.485986
-0.081625
0.392790
-0.151782
-0.701319
-0.214700
-0.688379
0.290171
0.361661
0.508870
0.325103
0.291798
0.211126
-0.062895
-0.306657
0.368392
-0.905938
-0.713660
-0.757011
0.313688
-0.364873
-0.563264
0.071090
0.411560
-0.183880
0.355699
-0.063870
0.000472
-0.621055
-1.000000
0.787321
-0.378339
0.301595
0.822675
-0.498989
0.299772
-0.703999
-0.717976
0.661546
-0.186041
0.127577
0.067537
0.602759
1.000000
0.371747
-1.000000
-0.858380
0.412853
-0.462698
0.301311
-0.973683
-0.355832
-0.447166
-0.188857
-0.184508
-0.988580
0.772514
0.241390
0.731049
-0.139630
0.649568
0.468162
0.249273
-1.000000
-0.902376
0.877903
0.519547
0.666123
-0.950428
1.000000
-0.538917
0.059091
-0.447109
-0.169546
0.235177
0.780321
-0.256194
0.436153
-0.187757
0.896149
0.215371
0.088893
0.536572
-0.733150
0.891191
0.538593
1.000000
0.534253
-0.164863
-0.736613
-0.779588
0.816170
0.209990
0.061837
0.082354
-0.413767
0.751169
-0.242253
0.289670
-0.671166
-0.912556
0.672575
-0.178098
-0.257658
-0.411081
-0.338580
1.000000
0.508788
0.121539
-0.047531
-0.363561
0.981320
1.000000
0.274156
0.214658
-0.231254
0.950422
-0.196685
0.450449
-0.501632
0.671502
0.205535
0.131096
0.538429
0.937668
-0.433681
-0.130276
0.146784
-0.451178
0.033433
-0.447648
-0.233829
-0.166239
0.860473
-0.169022
-0.240212
-0.978757
0.390136
-0.019473
-0.732900
-0.335180
-0.308749
-0.855764
0.487050
-0.436235
0.631698
0.473868
0.116299
-0.424024
0.256979
-0.301123
-0.055699
1.000000
-0.699257
-0.988199
-0.918483
0.373227
0.618593
-0.385508
0.631034
-0.122841
0.162458
-0.700476
0.152903
-0.694710
0.031329
-0.494675
-0.349856
-0.803812
0.556530
0.680990
0.962038
-0.585144
0.018250
0.401694
-0.099169
-0.336485
0.766962
-0.199370
-0.037572
-0.108752
-0.148220
-0.017501
0.940181
-0.915645
-0.388659
0.611660
0.394794
-0.826598
0.931118
-0.526510
-0.236904
-0.612490
0.199902
0.328268
-0.618450
-0.975929
0.672064
-0.215795
0.489705
0.091068
-0.283062
0.934256
0.547830
0.648500
-0.744356
0.679603
0.310957
-0.778719
1.000000
0.907074
0.007500
0.097300
-0.732657
-1.000000
0.881381
-0.581711
-0.249298
0.657185
0.468330
0.081917
-0.915151
-0.150490
0.117462
0.365599
0.185389
-0.395586
-0.890415
-0.895555
0.552547
-0.949216
-0.298522
0.707171
0.839287
1.000000
-0.699997
-0.679112
-0.591143
-0.389084
0.524995
0.366195
-0.094032
0.754000
-0.641781
0.240494
0.510055
0.937746
1.000000
-0.395392
0.250087
0.618366
0.958697
-0.969399
-0.779264
0.724752
0.303725
0.048209
0.169299
-0.529391
0.006653
-0.304589
0.632374
0.459875
0.610927
-0.000207
0.493099
0.009039
0.826207
0.300222
0.401313
-0.689302
-0.372918
-0.082169
-0.200625
-0.342510
0.753798
-0.696670
-0.015288
-0.618910
-0.858148
-1.000000
0.977801
-0.232221
0.785495
-0.487667
0.248490
-0.288412
-0.513733
-0.135572
0.078044
-0.782828
-0.247562
0.115252
-0.326423
0.884847
0.187619
0.260525
0.690137
-0.823855
-0.020272
0.180360
-0.025462
-0.776672
0.125534
0.330470
-0.592426
-0.685576
0.798762
0.104440
-0.190158
0.086542
-0.557124
0.165748
0.066990
0.934794
-0.433534
-0.857260
-0.024880
-0.445137
0.672100
-0.002453
-0.798247
0.710483
-1.000000
0.952986
0.766774
-0.330402
-0.203092
-0.466233
-0.227335
0.473726
-0.526806
1.000000
0.534272
-0.937469
-0.049854
-0.224043
0.544853
-0.390157
0.325523
0.403154
0.934532
-0.238956
-0.478426
0.749859
-0.768319
-0.920474
-0.018751
-0.509012
0.899793
-0.192024
-0.511049
-0.847007
-0.140115
0.417876
0.103866
0.729135
0.235665
0.190127
0.051984
-0.835814
0.707961
-0.866337
-0.095351
0.723785
-0.233063
-0.772498
-0.889379
-0.281791
-0.990871
-0.462204
-0.052298
0.677794
-0.634678
0.223020
-0.697955
-0.458497
0.650787
-0.534731
0.453288
0.278329
-0.585082
-0.052341
-0.524085
0.907585
0.562546
0.666507
-0.112817
-1.000000
0.337725
-0.445062
-0.850842
-0.977537
0.387912
-0.706589
0.909880
1.000000
-0.145744
-0.828126
0.192417
0.495924
0.381763
-0.340116
0.308665
0.513565
-0.982465
0.678588
0.849024
-0.426336
-0.288322
0.424947
-0.921348
-0.956607
0.241966
0.578948
0.094472
-0.124592
0.311938
0.347092
-0.806076
0.729257
0.464545
1.000000
0.457940
0.198328
-0.735160
-0.689442
0.082508
-0.796762
-0.174735
-0.601480
-0.941709
-0.875267
-0.597532
0.691480
-0.433418
0.267393
-0.431538
-0.430155
0.243089
0.775559
-0.893614
-0.806822
0.445751
-1.000000
0.345803
-0.154704
0.800501
-1.000000
0.570646
-0.515092
0.990626
0.584627
0.085817
-0.655050
0.414224
-0.019646
0.435723
0.443521
-0.080350
-0.499684
-0.166225
0.176580
0.505055
0.537435
0.594944
-0.729210
0.195137
0.649439
0.132716
-0.058162
0.067838
-0.703522
0.263641
-0.655186
-0.426154
0.024018
0.756403
-0.008334
-0.698852
0.082655
0.288792
-0.368597
-0.480934
0.619240
-0.588686
-0.459368
-0.321231
0.817279
0.415038
-0.139944
0.162561
0.175459
0.449788
-0.789126
0.165660
-0.606424
0.045528
-0.223123
0.975041
-0.524969
0.570834
-0.573398
-0.255387
-0.667064
0.655695
-0.348116
-1.000000
0.792031
-0.825726
-1.000000
-0.910307
-0.206713
-0.122113
-0.775666
0.498473
0.028744
0.741682
0.196029
0.938277
0.727299
0.037666
0.633673
-0.975299
0.214675
-0.636482
0.454248
-0.764766
-0.437098
-1.000000
0.812177
-0.344110
0.925354
-0.806451
-0.472690
-0.504408
-0.412563
0.274090
0.335222
0.910396
-0.745697
0.859562
-0.452171
0.146623
-0.538761
-0.611532
0.278299
0.998538
0.382040
0.479906
-0.060994
-0.411304
-0.670751
-0.783053
-0.250674
-0.087051
-0.451497
0.736212
-0.388245
-1.000000
0.599105
-0.091170
0.739964
-0.623849
-0.304220
0.863490
-0.064221
0.424485
0.648874
-0.151848
0.721268
0.743591
0.481059
0.530995
0.931619
-0.539813
0.799308
-0.992588
-0.458677
-0.387842
-0.327463
0.199920
-0.586605
0.474138
0.855005
0.454103
-0.853017
-0.974556
-0.043773
0.510690
0.965344
-1.000000
0.563746
0.078162
0.662289
0.852667
-0.841685
0.036497
0.121755
-0.146364
0.673992
-0.956887
0.697663
0.496298
-0.347614
0.472495
-0.600456
0.311442
0.521897
0.290555
-0.917551
0.195932
-0.391342
0.810087
0.374462
-1.000000
0.372811
0.520257
-0.888707
-0.341636
-0.356772
0.599453
-0.191816
0.011082
0.108370
0.686295
0.844166
0.733933
-0.776077
0.943694
0.252961
0.236352
-0.121135
0.306565
-0.363963
0.629631
-1.000000
0.687499
0.313094
-0.254372
0.839690
0.780338
0.818202
0.343712
-0.331436
-0.046207
-0.594441
0.653262
-0.577589
0.871539
0.567455
-0.725697
-0.719241
-0.061221
0.770912
-0.854878
0.464339
0.691742
0.702475
0.217799
-0.220154
-0.906158
0.411081
-0.227710
1.000000
-0.195263
-0.811369
0.115595
0.329353
0.466047
-1.000000
-0.005887
-0.401834
-0.852354
-0.807621
-0.090155
-1.000000
0.111329
-0.345757
0.944853
0.161857
0.079019
0.178056
-0.629382
-0.875765
-0.150265
0.182920
0.562601
-0.873194
0.245539
0.582827
0.579644
-0.606259
0.107241
0.197951
-1.000000
0.198909
0.262358
0.761640
-0.950522
-0.002336
0.869766
0.698529
-0.330827
0.465740
0.996268
0.037175
-0.903052
0.467510
0.185350
-0.139603
0.040910
0.404631
-0.981063
-0.845436
0.332320
-0.855500
-0.920861
-0.230838
1.000000
-0.251624
0.298208
-0.008079
-0.919086
-0.672474
-0.132285
0.003234
0.516635
-0.277568
-0.630384
0.158936
-1.000000
-0.947553
-0.696664
0.136681
-0.415491
1.000000
-0.836020
0.964283
-0.948185
0.882820
0.202812
0.448933
0.573999
-0.786359
0.436087
0.988131
-0.224952
0.108393
-0.235484
-0.895631
0.719348
0.096926
0.575809
0.842635
-0.532085
-0.605745
-0.630350
0.954453
0.506392
-0.150514
-0.223465
0.044571
0.473490
-0.981444
-0.395214
0.515939
0.510494
0.741763
0.216376
0.550382
0.535880
-0.056166
-0.794267
-0.715647
0.406395
-0.522960
-0.605125
0.963642
0.419476
0.717733
0.099116
0.851999
-0.532585
0.373945
0.568750
0.053300
0.882537
-0.883954
-0.719722
-0.184481
0.003088
0.464625
-0.634429
-0.490721
0.775245
0.447194
0.025301
-0.797993
-0.298448
0.459637
-0.675502
-1.000000
-0.928564
-0.283130
0.470049
0.897936
0.870135
0.846054
0.357400
-0.954390
-0.966277
-0.667526
0.334558
-0.915949
0.380659
0.293545
-0.102420
0.500977
0.451936
-0.892506
-0.290816
-0.884199
0.825471
0.867138
0.944534
-0.066643
-1.000000
0.072908
-0.547741
-0.511370
-0.208645
0.052346
0.526657
0.381592
-0.544773
-0.254027
0.314242
-0.103344
0.980749
-0.373409
-0.572518
0.463021
-0.739741
0.245249
-0.198973
0.202594
-0.822950
0.314171
0.157782
-0.108002
-0.389678
-0.527185
-0.008628
-0.244509
-0.965201
0.113208
0.434053
-0.186649
-1.000000
-0.462878
-0.005754
-0.356193
-0.483519
-0.592525
-0.946576
-0.135609
0.230883
0.238935
-1.000000
-0.464132
0.975447
0.799679
0.787560
0.603947
-0.821062
-0.355729
-0.877030
-0.800968
-0.129480
0.692836
-0.359435
-0.617588
-0.400518
-0.773329
0.889070
-0.332652
0.708643
0.198383
-0.837544
-0.640330
-0.458940
0.477387
-0.139163
-0.699328
0.725155
0.477166
0.818832
0.323018
-0.353173
0.639437
0.354068
-0.278407
-0.194206
-0.897954
0.681293
-0.474553
0.703741
0.121448
0.645987
-1.000000
-0.880836
-0.635065
0.932772
-0.025715
0.458781
-0.947280
-0.334339
-0.102084
-0.192209
-0.550755
0.955698
0.089674
-0.192167
0.295552
-0.479202
-0.447472
-1.000000
-0.613199
-0.167951
0.951565
0.794298
0.409262
0.445665
-0.743082
-0.206993
-0.629388
0.028190
0.464376
0.723855
0.385938
0.163662
0.168700
0.219453
1.000000
-0.317179
0.839012
0.993054
-0.145487
0.802674
0.735011
-0.693212
0.758100
0.347784
0.229520
0.989131
0.422241
-0.664880
-0.018706
0.135167
0.132761
0.046269
0.083476
-0.006692
0.092401
-0.051994
-0.106515
0.238198
0.343846
0.035877
0.000432
0.076612
0.077257
0.010125
0.271688
0.231060
0.000024
0.061136
0.031058
0.005073
0.028230
0.027682
0.002025
0.156574
0.006054
0.011737
0.053334
0.000039
0.093088
0.000002
0.000017
0.129827
0.000156
0.639276
0.001358
0.000480
0.001714
0.094826
0.736204
0.222595
0.015513
0.000563
0.000075
0.344740
0.286679
0.000648
0.000504
0.212709
0.041151
0.112976
0.156840
0.000011
0.057615
0.789025
0.095991
0.186016
0.000856
0.124151
0.000233
0.005493
0.001382
0.040094
0.009234
0.000778
0.002636
0.005539
0.017797
0.043393
0.003255
0.017628
0.055796
0.000220
0.014522
0.292195
0.029492
0.048791
0.017725
0.008249
0.003910
0.549037
0.021932
0.005786
0.042448
0.014902
0.127548
0.070956
0.004651
0.000761
0.060569
0.000522
0.116912
0.005129
0.113646
0.016108
0.156705
0.041360
0.000444
0.000756
0.000120
0.000328
0.046543
0.000481
0.000021
0.044385
0.001551
0.000368
0.007450
0.003104
0.098180
0.001950
0.000046
0.000026
0.049438
0.018377
0.015351
0.170034
0.000344
0.015589
0.007437
0.343987
0.003055
0.747240
0.006841
0.279414
0.000678
0.126494
0.661835
0.000202
0.001682
0.005402
0.014483
0.033997
0.000080
0.000229
0.007270
0.040938
0.072742
0.048855
0.048858
0.000542
0.004956
0.000625
0.013850
0.560135
0.020502
0.042009
0.384027
0.146960
0.017484
0.874872
0.006683
0.025681
0.105465
0.000002
0.028750
0.017556
0.026789
0.250611
0.146832
0.003644
0.000144
0.015594
0.000208
0.039736
0.013249
0.000684
0.507487
0.062476
0.138212
0.010951
0.033916
0.000290
0.005440
0.081879
0.003644
0.025265
0.001194
0.000961
0.004604
0.010124
0.000059
0.047810
0.071241
0.001433
0.083785
0.006532
0.027354
0.072492
0.009507
0.199020
0.050620
0.000049
0.039440
0.000898
0.001853
0.001994
0.000658
0.000185
0.017421
0.157415
0.001236
0.030656
0.007167
0.000042
0.000153
0.154382
0.000194
0.001325
0.033159
0.037214
0.003745
0.043127
0.007636
0.287317
0.094018
0.044744
0.001535
0.000116
0.139869
0.001157
0.000086
0.006210
0.008846
0.145486
0.006305
0.000211
0.000423
0.000036
0.000577
0.001899
0.000142
0.188170
0.008467
0.009975
0.024284
0.000238
0.006406
0.000725
0.011113
0.009783
0.204199
0.009303
0.144785
0.025399
0.017466
0.051835
0.000059
0.001709
0.117136
0.253820
0.000253
0.000291
0.000663
0.005948
0.010701
0.000047
0.009938
0.007472
0.003304
0.001092
0.002290
0.043115
0.000788
0.001046
0.209501
0.000268
0.000461
0.000092
0.166916
0.036106
0.094721
0.001410
0.221510
0.007342
0.000067
0.118529
0.002630
0.013287
0.026898
0.003320
0.001756
0.038799
0.001691
0.000303
0.033580
0.042956
0.123777
0.000017
0.000377
0.025958
0.069127
0.044558
0.007548
0.013758
0.005818
0.426500
0.002561
0.086090
0.212839
0.132674
0.030135
0.000509
0.038157
0.198387
0.002030
0.000050
0.035832
0.223574
0.001364
0.178408
0.001084
0.039221
0.000150
0.033337
0.004072
0.076074
0.000158
0.414939
0.060098
0.007871
0.002664
0.445137
0.015437
0.001634
0.000353
0.000083
0.167907
0.092627
0.000826
0.010214
0.012835
0.036885
0.269306
0.002938
0.106907
0.152824
0.226284
0.014012
0.029084
0.000481
0.158537
0.000087
0.334137
0.015051
0.052591
0.000118
0.000405
0.291237
0.166117
0.053241
0.069032
0.052385
0.011179
0.002845
0.007894
0.002776
0.004474
0.003548
0.148098
0.000757
0.002542
0.016002
0.007326
0.000938
0.019356
0.178578
0.034773
0.000002
0.000718
0.075375
0.051943
0.030894
0.000848
0.003835
0.022335
0.008010
0.001210
0.075174
0.005752
0.053819
0.000079
0.000038
0.129084
0.001969
0.336838
0.000307
0.003770
0.001569
0.000039
0.000888
0.000319
0.071087
0.000069
0.034778
0.226093
0.000618
0.001010
0.000016
0.032091
0.000697
0.039841
0.133337
0.043386
0.000353
0.001348
0.028881
0.000490
0.004901
0.009059
0.008771
0.020428
0.000866
0.446629
0.000109
0.284347
0.007716
0.000081
0.006970
0.166828
0.000030
0.001534
0.001512
0.114653
0.000053
0.095736
0.000928
0.000014
0.005207
0.001828
0.166653
0.130999
0.000002
0.001618
0.038004
0.002203
0.006749
0.098467
0.001283
0.048744
0.000012
0.010322
0.000003
0.000008
0.101626
0.032808
0.028306
0.000063
0.070877
0.013351
0.001498
0.004612
0.014697
0.003322
0.001252
0.000009
0.007009
0.010845
0.002263
0.078188
0.154793
0.062456
0.486515
0.000085
0.000052
0.011396
0.001354
0.035813
0.000218
0.261691
0.024284
0.008806
0.000530
0.000002
0.001724
0.000433
0.004200
0.022394
0.000506
0.000014
0.003163
0.011255
0.024773
0.000892
0.018125
0.000057
0.001949
0.055331
0.001002
0.012671
0.086773
0.417060
0.000178
0.217719
0.000257
0.000004
0.000493
0.074041
0.000004
0.018101
0.005452
0.000527
0.213404
0.154599
0.000064
0.250999
0.004073
0.002910
0.006460
0.010688
0.048852
0.256455
0.042830
0.008135
0.000002
0.000080
0.050449
0.000603
0.000031
0.064117
0.019333
0.005999
0.000093
0.094060
0.000010
0.000604
0.010437
0.000448
0.157415
0.163788
0.328804
0.015773
0.000288
0.000006
0.003933
0.000002
0.015949
0.012825
0.000010
0.043562
0.015214
0.006019
0.024604
0.000388
0.000044
0.000049
0.144927
0.118458
0.000258
0.000067
0.040669
0.001689
0.011020
0.000238
0.048447
0.000449
0.048361
0.558320
0.017368
0.000642
0.008279
0.011723
0.325040
0.000031
0.000003
0.000250
0.003685
0.000936
0.000149
0.005286
0.001778
0.049810
0.006041
0.238474
0.089416
0.143268
0.015175
0.040508
0.207011
0.143153
0.020735
0.001054
0.003571
0.005778
0.013524
0.005208
0.000177
0.188042
0.012249
0.000608
0.080012
0.040427
0.040764
0.000035
0.015063
0.046901
0.001597
0.107185
0.005031
0.006797
0.004397
0.006544
0.326223
0.000026
0.068443
0.008030
0.099923
0.038529
0.018814
0.003349
0.042569
0.058825
0.000536
0.018702
0.008107
0.004830
0.000608
0.000071
0.028452
0.000053
0.240839
0.043196
0.018542
0.158157
0.000014
0.000149
0.003363
0.009811
0.025370
0.111398
0.087138
0.230649
0.000150
0.000041
0.000175
0.005979
0.030016
0.004854
0.034986
0.087968
0.001401
0.771514
0.019312
0.004965
0.113008
0.078734
0.003784
0.002126
0.004647
0.007894
0.119590
0.107975
0.033559
0.036780
0.002265
0.152757
0.017690
0.000085
0.004754
0.000058
0.030249
0.107590
0.039855
0.157665
0.000174
0.284064
0.005227
0.000620
0.117694
0.135382
0.002526
0.122044
0.215128
0.017729
0.000383
0.014952
0.037468
0.042072
0.058248
0.000048
0.000028
0.014425
0.002612
0.124914
0.033739
0.010740
0.004920
0.042745
0.060756
0.000046
0.000037
0.000249
0.460604
0.055767
0.000194
0.187680
0.000173
0.008092
0.000552
0.076860
0.010976
0.015267
0.082470
0.165640
0.051540
0.131783
0.001132
0.209297
0.092030
0.010372
0.000616
0.023224
0.027297
0.193110
0.001796
0.484905
0.050155
0.004830
0.011269
0.001444
0.000082
0.007290
0.000812
0.002346
0.000936
0.002535
0.000077
0.014719
0.000003
0.003869
0.000126
0.000002
0.000257
0.001883
0.027123
0.032434
0.002619
0.000652
0.000215
0.168008
0.005887
0.355553
0.026970
0.020053
0.007451
0.098616
0.000113
0.001599
0.125150
0.028855
0.022212
0.017849
0.002991
0.000406
0.000897
0.005393
0.000410
0.010967
0.000149
0.006244
0.047352
0.239545
0.138374
0.009149
0.000002
0.009648
0.002325
0.000296
0.007288
0.152222
0.011408
0.001015
0.005710
0.006053
0.002548
0.000028
0.005718
0.015766
0.012894
0.067914
0.016634
0.038372
0.000002
0.034843
0.004487
0.000474
0.017410
0.018819
0.000185
0.025851
0.005336
0.197821
0.080067
0.002321
0.000236
0.004350
0.000046
0.000010
0.104237
0.151527
0.003656
0.000891
0.000398
0.028214
0.000157
0.404680
0.067016
0.207081
0.000662
0.085595
0.023056
0.000238
0.000091
0.033814
0.005144
0.040169
0.000599
0.004187
0.000387
0.392965
0.584001
0.022334
0.000774
0.001547
0.186999
0.000167
0.000704
0.009946
0.000874
0.000266
0.022263
0.182107
0.066499
0.071698
0.027225
0.004245
0.013080
0.003941
0.013835
0.001764
0.022541
0.052070
0.074345
0.029692
0.036398
0.058425
0.000465
0.135635
0.096016
0.020267
0.000609
0.001817
0.000764
0.071134
0.047207
0.057865
0.010778
0.001995
0.167253
0.000842
0.310520
0.009003
0.005103
0.193277
0.090321
0.000011
0.000106
0.044515
0.001515
0.000919
0.002585
0.003423
0.000054
0.043403
0.000692
0.251616
0.004181
0.000003
0.232462
0.006827
0.001468
0.019360
0.000703
0.010297
0.024032
0.003473
0.111936
0.000458
0.008741
0.015007
0.000026
0.000397
0.384616
0.003556
0.017652
0.000328
0.007392
0.111354
0.035480
0.001818
0.027650
0.023344
0.031339
0.006343
0.018730
0.042773
0.337461
0.068067
0.004839
0.000022
0.000144
0.037056
0.014076
0.060931
0.083332
0.023634
0.000816
0.215005
0.062888
0.000268
0.044357
0.024107
0.055069
0.071975
0.350223
0.001387
0.000002
0.000568
0.112654
0.013195
0.041847
0.000127
0.002554
0.446244
0.004240
0.008784
0.082807
0.391523
0.000085
0.001293
0.000002
0.000174
0.000002
0.105494
0.000116
0.001303
0.013249
0.001872
0.000914
0.028268
0.022751
0.002860
0.006558
0.004537
0.002429
0.000656
0.105378
0.000095
0.070701
0.000269
0.117971
0.006361
0.002981
0.017342
0.437232
0.000023
0.015793
0.002790
0.366289
0.003158
0.002878
0.034333
0.000121
0.216179
0.004119
0.063827
0.058971
0.015422
0.024346
0.039903
0.005417
0.040068
0.000076
0.053249
0.598851
0.037764
0.017225
0.065641
0.315358
0.051398
0.000127
0.003553
0.464730
0.129669
0.000235
0.005853
0.008939
0.008602
0.116216
0.001220
0.000075
0.396086
0.004279
0.036504
0.005271
0.023825
0.007890
0.012716
0.099225
0.005303
0.000041
0.031315
0.001098
0.177654
0.000014
0.021874
0.003801
0.057452
0.001200
0.415091
0.043726
0.000016
0.000042
0.006396
0.000159
0.122699
0.037229
0.017714
0.033353
0.034015
0.000940
0.000580
0.002752
0.309046
0.083107
0.008380
0.000315
0.000010
0.000660
0.070908
0.000005
0.003815
0.085577
0.108119
0.000002
0.000576
0.025940
0.230205
0.047371
0.000741
0.012404
0.005647
0.214529
0.169754
0.001248
0.011098
0.084313
0.015306
0.002528
0.000006
0.088553
0.024132
0.021224
0.003020
0.201889
0.025668
0.000763
0.063460
0.003375
0.014153
0.066665
0.097604
0.018374
0.000288
0.000663
0.000117
0.019424
0.025396
0.000047
0.033473
0.000528
0.000009
0.057428
0.052142
0.000002
0.014119
0.014493
0.020511
0.016958
0.000686
0.004149
0.008908
0.005248
0.003012
0.023446
0.776933
0.045861
0.095012
0.009529
0.020851
0.015157
0.000557
0.386249
0.001164
0.030629
0.015627
0.070147
0.057584
0.014761
0.020402
0.010259
0.049626
0.040287
0.001322
0.006252
0.001388
0.026261
0.000017
0.087877
0.039890
0.000004
0.002239
0.000194
0.007223
0.189782
0.116032
0.000068
0.117673
0.009581
0.310248
0.284517
0.000002
0.045918
0.026325
0.008654
0.586463
0.002108
0.092440
0.127058
0.001565
0.014515
0.390890
0.149026
0.628943
0.014450
0.000077
0.011950
0.003957
0.006692
0.033339
0.000002
0.003048
0.034443
0.063007
0.000390
0.007254
0.000383
0.134695
0.002889
0.021564
0.015358
0.000388
0.006922
0.000975
0.012504
0.014757
0.073956
0.000580
0.021271
0.000800
0.014932
0.190004
0.005479
0.014722
0.000002
0.015612
0.000192
0.002422
0.018628
0.000003
0.144244
0.150015
0.020245
0.000054
0.002250
0.002072
0.002228
0.006173
0.001067
0.000825
0.001037
0.006387
0.002164
0.012070
0.005130
0.000208
0.150690
0.000156
0.001117
0.002579
0.003054
0.002223
0.221533
0.000028
0.162391
0.000013
0.001107
0.177113
0.137718
0.004516
0.183480
0.058580
0.049998
0.000004
0.000001
0.000003
0.026294
0.000615
0.049408
0.093680
0.001164
0.003198
0.053969
0.003240
0.009775
0.312332
0.003924
0.045163
0.003690
0.000943
0.057859
0.007859
0.001184
0.131563
0.002562
0.017136
0.054693
0.016033
0.000209
0.000393
0.012579
0.039978
0.000084
0.031164
0.107188
0.069420
0.043226
0.000878
0.066577
0.001397
0.027085
0.000159
0.110083
0.026152
0.198318
0.178412
0.000002
0.000623
0.241758
0.015727
0.001562
0.000361
0.005217
0.195214
0.001867
0.002443
0.069081
0.447907
0.040874
0.036886
0.005273
0.021386
0.206406
0.010592
0.001495
0.005218
0.064992
0.013789
0.011920
0.000532
0.272176
0.002492
0.000054
0.009796
0.011197
0.018374
0.000758
0.021823
0.059615
0.011690
0.000312
0.000035
0.014060
0.004803
0.000556
0.026056
0.024652
0.207507
0.045132
0.000172
0.000535
0.050000
0.329326
0.057891
0.074194
0.056258
0.001247
0.093999
0.001702
0.001327
0.000584
0.044465
0.065821
0.000014
0.082575
0.049402
0.040705
0.000644
0.006686
0.304611
0.034530
0.302490
0.000002
0.021706
0.710507
0.055542
0.002692
0.013992
0.036212
0.019857
0.000563
0.163961
0.149328
0.002907
0.000002
0.000698
0.006397
0.077576
0.300131
0.851863
0.001008
0.066130
0.001342
0.000443
0.000448
0.138754
0.114320
0.015428
0.000113
0.143314
0.186352
0.000127
0.000096
0.171182
0.000003
0.028071
0.007937
0.008169
0.014726
0.004615
0.002297
0.003944
0.655030
0.126113
0.245867
0.000014
0.372601
0.008172
0.097369
0.000934
0.045019
0.003275
0.071020
0.039482
0.011329
0.006027
0.026525
0.912473
0.009079
0.001827
0.000107
0.330883
0.071290
0.014546
0.005390
0.000787
0.001080
0.000532
0.003985
0.076734
0.006084
0.011223
0.061527
0.000184
0.003630
0.042993
0.000682
0.001963
0.016955
0.001712
0.014450
0.000877
0.000154
0.000735
0.033762
0.153873
0.009806
0.018220
0.043231
0.023986
0.005662
0.080407
0.001794
0.003769
0.010461
0.001265
0.007601
0.039562
0.019134
0.048648
0.014810
0.014556
0.001672
0.024492
0.007599
0.001584
0.000012
0.084532
0.027118
0.000688
0.007965
0.001744
0.000010
0.013515
0.010990
0.010564
0.000002
0.005459
0.115178
0.184693
0.002846
0.000016
0.001834
0.004742
0.038890
0.457105
0.012230
0.001061
0.026308
0.126969
0.001928
0.060962
0.000257
0.076935
0.043591
0.000032
0.000224
0.008144
0.198453
0.002019
0.714637
0.013563
0.005343
0.006435
0.385014
0.000313
0.049966
0.009400
0.000003
0.141089
0.001183
0.000275
0.064201
0.126093
0.080446
0.019586
0.001870
0.056453
0.013919
0.135553
0.022264
0.277539
0.058953
0.006914
0.014884
0.400804
0.000003
0.197092
0.058404
0.039424
0.000750
0.000245
0.050801
0.051656
0.001041
0.000018
0.005774
0.001425
0.000003
0.009720
0.001968
0.022861
0.003381
0.000194
0.026214
0.120186
0.035659
0.010777
0.004908
0.020842
0.061107
0.059902
0.032383
0.002121
0.170807
0.012469
0.040816
0.000958
0.554727
0.061538
0.132641
0.119835
0.312984
0.001375
0.001160
0.025921
0.103290
0.050618
0.027129
0.000219
0.007874
0.239928
0.231756
0.070873
0.000244
0.000394
0.122940
0.009020
0.000195
0.001906
0.000055
0.005287
0.191856
0.000015
0.053666
0.007945
0.057163
0.000784
0.001550
0.003678
0.003043
0.000012
0.052460
0.006465
0.001116
0.000350
0.570028
0.003338
0.071336
0.081416
0.066810
0.055213
0.005908
0.260552
0.233541
0.000014
0.053816
0.279706
0.091119
0.190171
0.000195
0.010938
0.000333
0.452226
0.050867
0.000142
0.018794
0.000053
0.011197
0.000002
0.002701
0.047537
0.005841
0.001261
0.083978
0.008586
0.005801
0.001572
0.174229
0.024404
0.504327
0.000793
0.001910
0.000858
0.002435
0.000002
0.000789
0.147620
0.019068
0.010910
0.018300
0.475942
0.001593
0.026762
0.001362
0.278829
0.000856
0.054099
0.004512
0.007709
0.004003
0.026635
0.016352
0.035545
0.014579
0.000884
0.001673
0.146245
0.000055
0.001550
0.005532
0.000033
0.000542
0.038804
0.009271
0.004021
0.083828
0.269528
0.023114
0.000445
0.007663
0.002469
0.000010
0.000624
0.030886
0.001172
0.000019
0.000936
0.028443
0.000367
0.004136
0.066872
0.000017
0.171558
0.000007
0.005104
0.000493
0.000090
0.002288
0.414587
0.034979
0.081956
0.000487
0.000002
0.013805
0.020482
0.029877
0.001002
0.013797
0.012691
0.000006
0.011391
0.017318
0.008531
0.011469
0.000196
0.000324
0.000118
0.106233
0.000039
0.056278
0.077982
0.013454
0.000240
0.067079
0.001581
0.001182
0.002240
0.001186
0.031282
0.029872
0.006285
0.211215
0.000183
0.009641
0.000529
0.016875
0.041436
0.000803
0.124990
0.000030
0.020588
0.000247
0.000079
0.000189
0.102247
0.004650
0.295824
0.000129
0.004363
0.750976
0.017794
0.000012
0.002683
0.023017
0.091124
0.000670
0.060792
0.074874
0.001683
0.001167
0.001108
0.001188
0.003109
0.046619
0.018581
0.732843
0.053292
0.003191
0.142878
0.057861
0.006112
0.091513
0.006415
0.000274
0.017830
0.067015
0.024442
0.000004
0.002821
0.011547
0.028523
0.001186
0.080213
0.000502
0.010216
0.059075
0.000015
0.024098
0.013788
0.008178
0.000009
0.000023
0.207839
0.008381
0.000887
0.000138
0.008175
0.011024
0.003613
0.426288
0.000027
0.000897
0.130898
0.008832
0.068084
0.017140
0.000420
0.067396
0.000751
0.016712
0.000368
0.091545
0.005470
0.005992
0.030412
0.002371
0.137897
0.003997
0.001272
0.004371
0.005417
0.009118
0.112199
0.000025
0.490313
0.081810
0.049655
0.036527
0.000297
0.066060
0.012443
0.163283
0.033819
0.000052
0.009044
0.103188
0.013989
0.000522
0.003001
0.018138
0.001294
0.012873
0.000006
0.013497
0.000006
0.010310
0.292097
0.403593
0.057017
0.038122
0.001968
0.000040
0.349136
0.000728
0.045088
0.000003
0.065442
0.007858
0.008785
0.253459
0.000014
0.000059
0.013995
0.000465
0.213906
0.008814
0.003205
0.004485
0.000304
0.138180
0.000027
0.060614
0.010556
0.043761
0.002798
0.020042
0.006191
0.000165
0.006998
0.032337
0.009143
0.000543
0.002936
0.000983
0.036357
0.000096
0.001380
0.063247
0.015393
0.059578
0.068444
0.002350
0.003909
0.082799
0.761927
0.008740
0.016020
0.000188
0.014638
0.000013
0.001700
0.000028
0.009803
0.005419
0.000262
0.000779
0.000039
0.125276
0.009671
0.000976
0.000356
0.007009
0.033616
0.001074
0.017464
0.015573
0.001427
0.007709
0.023430
0.038942
0.007242
0.004686
0.000627
0.006129
0.055084
0.009541
0.019852
0.000311
0.000598
0.153661
0.001216
0.001763
0.089259
0.021842
0.000007
0.028068
0.014316
0.000062
0.049991
0.008562
0.046455
0.019483
0.054725
0.012528
0.001975
0.004592
0.003324
0.000034
0.000017
0.070801
0.006452
0.030695
0.036956
0.706530
0.000098
0.004645
0.583600
0.001277
0.000012
0.006340
0.019583
0.002290
0.038157
0.010465
0.000697
0.028514
0.010817
0.090572
0.002891
0.002180
0.002290
0.158308
0.004864
0.011310
0.068460
0.098335
0.487582
0.006487
0.031813
0.001976
0.000885
0.032297
0.001901
0.000289
0.013973
0.014805
0.011342
0.000957
0.016506
0.001183
0.008012
0.000618
0.000005
0.003189
0.000040
0.001719
0.000818
0.006685
0.003149
0.685492
0.000105
0.022657
0.013754
0.016427
0.066960
0.012421
0.001895
0.003867
0.002170
0.000855
0.162700
0.000127
0.045595
0.008656
0.030632
0.000748
0.162086
0.002527
0.499111
0.050314
0.010640
0.000219
0.481145
0.000095
0.000059
0.039873
0.007091
0.000027
0.000019
0.000033
0.190861
0.434900
0.012773
0.077027
0.000306
0.019845
0.053952
0.003583
0.032568
0.001756
0.010768
0.222980
0.000047
0.393574
0.082044
0.010637
0.001475
0.000741
0.128174
0.011829
0.039478
0.003782
0.000002
0.083156
0.000078
0.238537
0.005221
0.000109
0.000143
0.007981
0.051644
0.142490
0.220347
0.278809
0.005708
0.033394
0.003822
0.001530
0.000036
0.152082
0.000106
0.001018
0.003062
0.000288
0.004742
0.024423
0.001826
0.033573
0.003176
0.000220
0.000042
0.000100
0.001620
0.200519
0.001196
0.034602
0.001453
0.231995
0.000801
0.000027
0.003891
0.041758
0.134454
0.084972
0.000271
0.217555
0.003354
0.046884
0.000322
0.024415
0.036447
0.008919
0.037006
0.006902
0.075983
0.299303
0.001944
0.008167
0.002769
0.003772
0.033096
0.000328
0.096912
0.006552
0.040717
0.045761
0.047541
0.007280
0.058303
0.003580
0.438692
0.023350
0.008056
0.005491
0.005525
0.001653
0.008976
0.031366
0.000002
0.004356
0.044294
0.004436
0.000071
0.031080
0.029475
0.006254
0.024621
0.069260
0.103847
0.003012
0.223032
0.006219
0.021251
0.001191
0.001569
0.036421
0.000002
0.001105
0.000531
0.006634
0.105420
0.553115
0.000675
0.000368
0.000870
0.065055
0.033777
0.000179
0.005241
0.037089
0.021433
0.041414
0.003807
0.075345
0.005376
0.109839
0.057266
0.111869
0.102864
0.000112
0.002753
0.095749
0.000478
0.008958
0.000016
0.000515
0.089679
0.058793
0.049063
0.268798
0.002269
0.063424
0.015186
0.124390
0.283003
0.000620
0.000007
0.020934
0.017096
0.132000
0.008270
0.042898
0.078253
0.002009
0.000024
0.012897
0.009166
0.006537
0.018095
0.000073
0.003355
0.003363
0.248838
0.006427
0.229024
0.011076
0.003917
0.445588
0.134862
0.007854
0.021747
0.074157
0.961030
0.003356
0.413129
0.077263
0.008114
0.000030
0.001260
0.132695
0.038375
0.000117
0.344068
0.000051
0.039035
0.029282
0.000046
0.001363
0.096680
0.029361
0.017988
0.562033
0.014718
0.023932
0.068227
0.016634
0.018825
0.014851
0.000019
0.002741
0.256923
0.001650
0.086753
0.084726
0.000380
0.101787
0.032742
0.381193
0.007080
0.007861
0.048266
0.018782
0.005918
0.000105
0.001779
0.015081
0.029751
0.206678
0.005310
0.001099
0.114820
0.104575
0.029940
0.000071
0.108619
0.012411
0.000002
0.077072
0.028304
0.003251
0.064088
0.034563
0.027841
0.000072
0.006427
0.000156
0.233158
0.778508
0.061242
0.082686
0.619966
0.060141
0.007276
0.017658
0.000291
0.000726
0.030880
0.085817
0.000093
0.232465
0.000749
0.006965
0.002783
0.127850
0.287180
0.000002
0.146393
0.002487
0.622692
0.003517
0.022506
0.000738
0.029269
0.012673
0.072554
0.022829
0.000379
0.063791
0.039222
0.008246
0.006857
0.002852
0.001692
0.000433
0.027726
0.004428
0.001146
0.032188
0.000240
0.099400
0.029199
0.006630
0.009441
0.013484
0.085019
0.012493
0.021324
0.014951
0.000007
0.015291
0.090211
0.001537
0.007095
0.000142
0.019367
0.012541
0.000131
0.026095
0.564721
0.038805
0.005390
0.139066
0.028704
0.002818
0.002535
0.111280
0.013388
0.016133
0.139583
0.000007
0.047165
0.000224
0.343033
0.001287
0.082566
0.124992
0.063397
0.003325
0.092230
0.036462
0.015686
0.000114
0.001117
0.008979
0.000955
0.000001
0.140129
0.311758
0.004328
0.024717
0.000378
0.045556
0.013112
0.000770
0.036163
0.000015
0.001313
0.013394
0.000017
0.000788
0.018944
0.009127
0.004622
0.165575
0.000562
0.000051
0.400142
0.054015
0.011433
0.023299
0.430539
0.000021
0.035950
0.376304
0.000002
0.003334
0.003774
0.019848
0.048917
0.000509
0.001922
0.000224
0.005372
0.016333
0.041425
0.009420
0.041645
0.000127
0.267979
0.220923
0.017473
0.064537
0.156225
0.003570
0.000280
0.000714
0.000993
0.004843
0.206369
0.008468
0.005022
0.007007
0.000123
0.006272
0.093242
0.033473
0.026904
0.000751
0.049630
0.023761
0.061107
0.017438
0.011144
0.070357
0.000304
0.191084
0.027215
0.070332
0.001050
0.030314
0.018652
0.162970
0.001248
0.000162
0.099958
0.002263
0.062397
0.013730
0.004966
0.345092
0.012435
0.000592
0.000035
0.158738
0.021167
0.002805
0.357857
0.117878
0.005664
0.080932
0.003849
0.061201
0.007085
0.249657
0.062147
0.638149
0.000161
0.000619
0.002920
0.011890
0.003178
0.000965
0.270920
0.103234
0.000814
0.094581
0.003274
0.000057
0.233680
0.389339
0.000002
0.474956
0.283608
0.002962
0.671511
0.008094
0.012883
0.082132
0.013059
0.000459
0.045944
0.006042
0.698275
0.398459
0.000025
0.002375
0.234175
0.015140
0.011476
0.091034
0.271216
0.021560
0.000016
0.027630
0.049043
0.007818
0.000377
0.000323
0.005166
0.000015
0.004565
0.003990
0.001511
0.000424
0.008893
0.130706
0.000194
0.279424
0.179553
0.000265
0.020629
0.031994
0.487524
0.000003
0.695261
0.001843
0.023814
0.006454
0.000594
0.025566
0.008243
0.312208
0.286270
0.000408
0.050977
0.000017
0.017108
0.144211
0.002718
0.002089
0.295533
0.000200
0.000183
0.098069
0.000032
0.000246
0.075660
0.212056
0.018125
0.001004
0.034813
0.429396
0.001172
0.004877
0.146087
0.008688
0.100597
0.288119
0.279679
0.004064
0.000203
0.000378
0.005269
0.171002
0.054402
0.015560
0.051956
0.000087
0.014211
0.061619
0.001089
0.000259
0.002031
0.031291
0.141250
0.021221
0.445176
0.007666
0.000043
0.000597
0.046435
0.217316
0.015914
0.009217
0.000007
0.018496
0.002776
0.101622
0.091948
0.029834
0.000003
0.001597
0.000855
0.059826
0.000563
0.119473
0.015726
0.017231
0.034946
0.064623
0.157660
0.000115
0.008357
0.099484
0.054440
0.020839
0.014178
0.000007
0.001670
0.000241
0.053199
0.001553
0.000166
0.000673
0.002146
0.030642
0.003837
0.000059
0.000314
0.000006
0.000051
0.000664
0.002626
0.072364
0.000063
0.005312
0.206701
0.152649
0.000047
0.000056
0.014627
0.007732
0.005786
0.011066
0.004475
0.145555
0.010383
0.272639
0.008619
0.002893
0.000212
0.005274
0.000021
0.075543
0.039970
0.003006
0.007261
0.000369
0.022223
0.018562
0.032372
0.021200
0.081994
0.009217
0.001857
0.000161
0.038211
0.011951
0.025822
0.002091
0.054743
0.094751
0.007720
0.010701
0.167207
0.007744
0.152129
0.000443
0.000391
0.321858
0.002313
0.001397
0.411455
0.001861
0.006210
0.000444
0.014258
0.330898
0.068448
0.003121
0.033245
0.043388
0.000965
0.000133
0.219722
0.058383
0.019626
0.000013
0.002107
0.064795
0.026477
0.002334
0.086052
0.053828
0.000785
0.017907
0.011690
0.000012
0.178123
0.043094
0.000008
0.002511
0.002791
0.000921
0.001794
0.006151
0.002185
0.004276
0.000494
0.050654
0.204248
0.005962
0.000157
0.024151
0.002111
0.047666
0.004768
0.105802
0.055558
0.115530
0.022373
0.302967
0.000046
0.000024
0.000023
0.022684
0.063080
0.006464
0.073549
0.038475
0.015720
0.050915
0.052693
0.001166
0.011966
0.263373
0.027876
0.000021
0.000245
0.018293
0.010655
0.072106
0.000167
0.060778
0.005283
0.024847
0.000150
0.005246
0.204002
0.418257
0.041787
0.000051
0.005031
0.010663
0.228026
0.000019
0.087533
0.002321
0.008100
0.020418
0.038556
0.038774
0.000829
0.013940
0.057802
0.012139
0.000904
0.034413
0.000130
0.049443
0.011523
0.226509
0.477305
0.013027
0.000012
0.178271
0.015316
0.001793
0.010171
0.267764
0.008495
0.001339
0.318516
0.052307
0.023635
0.000563
0.216947
0.011279
0.209782
0.008220
0.085861
0.002007
0.227586
0.025480
0.015595
0.075509
0.003791
0.094244
0.003006
0.000010
0.220526
0.079472
0.056720
0.007466
0.010165
0.000358
0.333494
0.018446
0.233621
0.038776
0.000036
0.000118
0.002346
0.001132
0.001836
0.028657
0.002634
0.006304
0.000126
0.104849
0.000613
0.147368
0.000015
0.000008
0.071297
0.001390
0.006871
0.274411
0.084695
0.498029
0.002274
0.002571
0.002069
0.017600
0.048225
0.031193
0.003014
0.415726
0.325779
0.305397
0.002638
0.000104
0.016134
0.000009
0.060248
0.000027
0.017316
0.000026
0.050862
0.051355
0.000007
0.153023
0.002251
0.001346
0.208530
0.000075
0.029022
0.000242
0.000047
0.007364
0.102888
0.008195
0.000031
0.003534
0.004595
0.039104
0.068020
0.000726
0.002977
0.493050
0.089923
0.113303
0.016838
0.000304
0.014015
0.028057
0.015972
0.083362
0.005680
0.001801
0.004176
0.007455
0.037376
0.000834
0.000146
0.020158
0.000101
0.008623
0.004042
0.020934
0.048442
0.000566
0.003978
0.100950
0.005635
0.000004
0.000294
0.180395
0.000408
0.000005
0.029296
0.016306
0.000471
0.056484
0.013756
0.000928
0.006393
0.165016
0.000464
0.210345
0.016190
0.005034
0.008397
0.009022
0.067039
0.058070
0.003405
0.000755
0.041717
0.521835
0.046313
0.006355
0.000003
0.000184
0.064124
0.000013
0.035601
0.002720
0.083808
0.066284
0.007282
0.007847
0.000115
0.006835
0.023640
0.007796
0.000593
0.182332
0.014309
0.089982
0.091484
0.001022
0.086470
0.000084
0.100472
0.002137
0.000104
0.173471
0.008284
0.001461
0.001259
0.000014
0.067449
0.309609
0.006578
0.050937
0.001074
0.513590
0.000185
0.055900
0.000007
0.013747
0.913012
0.088032
0.004339
0.204311
0.171704
0.000509
0.016838
0.094278
0.045991
0.003686
0.000554
0.000027
0.008400
0.000640
0.055101
0.280003
0.000087
0.000115
0.030534
0.000998
0.673942
0.114683
0.160549
0.036023
0.004748
0.000405
0.007507
0.089670
0.085538
0.000002
0.071571
0.133346
0.005498
0.003320
0.020625
0.157188
0.006777
0.000090
0.007007
0.000319
0.020465
0.044253
0.004807
0.032010
0.000003
0.002003
0.002083
0.001631
0.000154
0.002421
0.000184
0.120463
0.063036
0.196345
0.003624
0.035374
0.039837
0.005868
0.001858
0.006012
0.001842
0.000062
0.054918
0.000824
0.008279
0.239988
0.002779
0.000305
0.009595
0.006673
0.000010
0.066185
0.023878
0.014000
0.073936
0.000149
0.051182
0.005692
0.000115
0.325696
0.000092
0.008410
0.000851
0.364814
0.000417
0.213009
0.000786
0.004854
0.001982
0.278076
0.131542
0.002225
0.000432
0.011356
0.102101
0.000011
0.002547
0.002726
0.005894
0.023648
0.065891
0.011074
0.059890
0.004273
0.067559
0.289782
0.005462
0.310866
0.001273
0.040076
0.000135
0.000099
0.293012
0.157464
0.000002
0.037947
0.166045
0.000944
0.020367
0.000022
0.116498
0.001993
0.013426
0.000004
0.033575
0.000006
0.000082
0.000084
0.107257
0.000436
0.100344
0.027323
0.000291
0.000300
0.015989
0.000026
0.320853
0.016440
0.124725
0.000031
0.000189
0.017896
0.000032
0.133467
0.020746
0.002952
0.000024
0.348731
0.297848
0.145193
0.001450
0.005471
0.011894
0.054522
0.008470
0.018442
0.016731
0.046889
0.008416
0.009858
0.019549
0.022232
0.000049
0.020721
0.000414
0.266370
0.001942
0.076071
0.000074
0.000002
0.064800
0.000074
0.009635
0.012322
0.506636
0.010466
0.007603
0.001343
0.118445
0.035410
0.006384
0.002542
0.000052
0.001865
0.068392
0.057710
0.010683
0.000353
0.125887
0.020113
0.001336
0.000774
0.035796
0.002509
0.006488
0.000290
0.007496
0.012806
0.001475
0.005963
0.335431
0.003229
0.004177
0.313167
0.001216
0.000126
0.003751
0.018169
0.203097
0.000971
0.079374
0.006179
0.000166
0.000061
0.000423
0.135361
0.024365
0.009862
0.115237
0.025786
0.036811
0.005171
0.000891
0.005080
0.061218
0.066443
0.291814
0.000138
0.000098
0.308843
0.000645
0.000049
0.032261
0.114748
0.177913
0.093782
0.042577
0.931470
0.248957
0.178395
0.063626
0.000019
0.083224
0.414035
0.005573
0.000037
0.000101
0.001044
0.035660
0.025628
0.160795
0.032442
0.060941
0.003380
0.002646
0.026549
0.001632
0.185047
0.057706
0.187870
0.010016
0.000253
0.058922
0.000001
0.380626
0.026486
0.000098
0.001458
0.000790
0.067337
0.006590
0.024070
0.008488
0.064583
0.045733
0.027239
0.026742
0.082847
0.001242
0.027820
0.000070
0.031963
0.010851
0.000016
0.123017
0.001895
0.016501
0.000167
0.307249
0.000082
0.000233
0.001818
0.011958
0.025394
0.010665
0.020564
0.067463
0.001817
0.000532
0.008448
0.011403
0.000142
0.055950
0.013145
0.020733
0.000094
0.014088
0.035133
0.102013
0.257117
0.037851
0.000367
0.001544
0.043345
0.017830
0.000176
0.000963
0.001287
0.000053
0.271951
0.061152
0.007913
0.000112
0.000931
0.000002
0.032622
0.002067
0.011116
0.044757
0.006093
0.000126
0.002315
0.000007
0.004893
0.000105
0.011924
0.000010
0.000077
0.004264
0.005003
0.213719
0.000344
0.004438
0.000107
0.048677
0.001416
0.013116
0.005534
0.013990
0.000882
0.014946
0.042426
0.004506
0.189909
0.038703
0.007885
0.006413
0.000198
0.000001
0.000002
0.000011
0.315156
0.017113
0.004068
0.134176
0.003411
0.000295
0.000030
0.005010
0.042849
0.000769
0.000166
0.002909
0.000004
0.004198
0.006322
0.000170
0.025948
0.005652
0.001777
0.187819
0.017263
0.000344
0.060715
0.001587
0.001302
0.000839
0.075918
0.000002
0.000551
0.036538
0.028766
0.000002
0.005612
0.008338
0.259865
0.024179
0.025570
0.008007
0.028534
0.503012
0.302756
0.002644
0.096602
0.014943
0.000073
0.020679
0.001576
0.022701
0.020845
0.012407
0.053993
0.005933
0.567303
0.008638
0.056164
0.016139
0.003220
0.091178
0.001079
0.013116
0.028418
0.004232
0.079443
0.158229
0.344638
0.000003
0.031074
0.032011
0.150785
0.117224
0.000159
0.001517
0.050728
0.006237
0.000103
0.085829
0.000002
0.000554
0.018750
0.005991
0.021762
0.000005
0.188023
0.010466
0.002342
0.030595
0.040507
0.102006
0.000797
0.001037
0.005688
0.001042
0.050099
0.000013
0.005721
0.200213
0.013082
0.022510
0.198521
0.004025
0.004313
0.011321
0.008304
0.043155
0.000892
0.216700
0.000711
0.001067
0.006137
0.843508
0.000211
0.066957
0.000328
0.164505
0.004614
0.327028
0.027723
0.023154
0.001515
0.000291
0.004090
0.024868
0.030807
0.009768
0.000860
0.000031
0.000009
0.026160
0.027666
0.106040
0.000221
0.004811
0.035432
0.101263
0.021313
0.027339
0.044163
0.010288
0.034711
0.007146
0.338340
0.460720
0.419377
0.013879
0.066469
0.038459
0.000047
0.004338
0.001894
0.017998
0.313797
0.170651
0.002921
0.000032
0.000002
0.079884
0.188176
0.000718
0.000003
0.002236
0.080255
0.182617
0.079007
0.000692
0.022568
0.113825
0.005863
0.010091
0.000376
0.020658
0.064834
0.000003
0.000038
0.023829
0.000308
0.001886
0.000205
0.011298
0.034204
0.000056
0.025576
0.004278
0.002941
0.035914
0.017237
0.000081
0.000315
0.013758
0.000013
0.000142
0.016963
0.001878
0.206570
0.172528
0.013872
0.512263
0.009330
0.004159
0.008052
0.041337
0.033434
0.037891
0.003529
0.071104
0.000330
0.032931
0.000049
0.000522
0.002360
0.000525
0.049092
0.076503
0.006677
0.124449
0.000135
0.125108
0.000042
0.002811
0.013131
0.000956
0.000133
0.587545
0.011067
0.015969
0.011070
0.041422
0.024119
0.000180
0.003700
0.003074
0.005654
0.103485
0.617774
0.058439
0.022000
0.014518
0.000958
0.057638
0.006546
0.000033
0.000193
0.086473
0.254718
0.000121
0.120708
0.048758
0.066380
0.290813
0.001458
0.189867
0.012682
0.380796
0.004866
0.048919
0.201868
0.105662
0.528526
0.075602
0.041593
0.043912
0.041398
0.024074
0.017617
0.005032
0.006347
0.024368
0.002394
0.003057
0.002629
0.000267
0.000548
0.042378
0.066613
0.029696
0.000139
0.300631
0.000592
0.101905
0.006128
0.000681
0.141101
0.000006
0.000008
0.026580
0.041607
0.012548
0.000169
0.000025
0.018859
0.000441
0.001857
0.377580
0.009927
0.041905
0.095832
0.077961
0.004828
0.000351
0.000020
0.011984
0.029039
0.037599
0.033178
0.054784
0.001355
0.000002
0.295798
0.000744
0.020240
0.238013
0.005136
0.003962
0.004928
0.015472
0.000146
0.734251
0.000002
0.009056
0.000845
0.053724
0.248635
0.000006
0.018916
0.002238
0.017321
0.010369
0.006282
0.002884
0.067808
0.159323
0.079000
0.126785
0.016993
0.116520
0.117607
0.085804
0.001480
0.014022
0.002472
0.016723
0.043345
0.121385
0.144115
0.002240
0.002058
0.006770
0.002878
0.000110
0.287956
0.374348
0.048106
0.081963
0.002018
0.002099
0.019013
0.000119
0.000184
0.000007
0.003414
0.039005
0.001864
0.002435
0.145823
0.005109
0.192381
0.000127
0.002566
0.017830
0.025034
0.008830
0.000097
0.014812
0.051145
0.016353
0.044172
0.400233
0.117574
0.000241
0.004757
0.434284
0.031850
0.183396
0.000289
0.111659
0.262237
0.006981
0.002044
0.026617
0.309673
0.062555
0.000931
0.002679
0.012861
0.022996
0.000002
0.000011
0.000346
0.069982
0.001954
0.000860
0.201078
0.269150
0.003837
0.099492
0.051090
0.000013
0.001954
0.000192
0.000999
0.004609
0.029299
0.074564
0.047005
0.004491
0.015031
0.000011
0.022254
0.012410
0.000010
0.140648
0.183772
0.029246
0.002209
0.000987
0.079415
0.035963
0.003998
0.144756
0.001247
0.002200
0.004718
0.000005
0.000551
0.001339
0.007614
0.001022
0.165415
0.051799
0.004656
0.268499
0.006703
0.001077
0.000002
0.001368
0.014512
0.097627
0.006569
0.047106
0.143424
0.006779
0.057049
0.009031
0.003301
0.000659
0.119041
0.001857
0.013916
0.167035
0.004984
0.053715
0.021981
0.068105
0.044466
0.000091
0.020620
0.038304
0.375689
0.000002
0.000010
0.008202
0.021384
0.055831
0.016372
0.000506
0.017661
0.156432
0.037729
0.286608
0.017649
0.200343
0.021670
0.010504
0.000441
0.001138
0.000148
0.049192
0.003413
0.005273
0.001266
0.030427
0.033804
0.082838
0.029090
0.006552
0.021084
0.070031
0.048941
0.006460
0.007525
0.420079
0.023297
0.026813
0.000223
0.028649
0.000047
0.148145
0.084520
0.024510
0.000655
0.122199
0.100012
0.000926
0.000866
0.000228
0.007351
0.079111
0.084168
0.135508
0.000309
0.019512
0.000633
0.009611
0.006981
0.009010
0.005467
0.005499
0.301483
0.593307
0.009413
0.003891
0.000288
0.013677
0.001056
0.082147
0.460458
0.038345
0.026568
0.000813
0.017398
0.008609
0.005943
0.229751
0.613908
0.093008
0.005145
0.000317
0.000597
0.004276
0.016746
0.629619
0.000172
0.085050
0.144900
0.000462
0.001367
0.055546
0.006667
0.080405
0.006765
0.131855
0.284214
0.004699
0.001500
0.000124
0.319619
0.000120
0.008450
0.000090
0.033312
0.001246
0.064447
0.002714
0.000330
0.001664
0.954873
0.048043
0.002185
0.166180
0.005836
0.173846
0.000806
0.075839
0.000331
0.365853
0.000431
0.008654
0.037055
0.008720
0.009855
0.000321
0.002106
0.001359
0.008960
0.056427
0.014729
0.233454
0.051169
0.001889
0.000213
0.037553
0.000215
0.022599
0.000246
0.025251
0.022493
0.007524
0.320930
0.009451
0.084309
0.000006
0.000478
0.392811
0.000061
0.000648
0.434163
0.021232
0.025625
0.176988
0.000424
0.105512
0.001500
0.000300
0.029453
0.000003
0.047524
0.036156
0.613737
0.000081
0.032526
0.001366
0.048564
0.031194
0.220296
0.001059
0.000604
0.048790
0.007626
0.037116
0.086961
0.000004
0.004574
0.014071
0.000189
0.015823
0.002031
0.001521
0.000572
0.365359
0.046174
0.043602
0.000012
0.016176
0.011881
0.140384
0.145816
0.008064
0.094793
0.007991
0.131695
0.017702
0.030709
0.000014
0.000513
0.089273
0.191224
0.004610
0.030185
0.135483
0.000607
0.002731
0.027181
0.091677
0.000160
0.109559
0.000265
0.026275
0.029571
0.005167
0.000266
0.000096
0.020274
0.000863
0.005648
0.036622
0.000131
0.011215
0.156161
0.152522
0.022064
0.000002
0.012863
0.000416
0.005400
0.000242
0.001544
0.002655
0.135785
0.025483
0.025988
0.012340
0.077620
0.901551
0.457921
0.021472
0.000002
0.001662
0.145120
0.109954
0.001064
0.000064
0.003774
0.141803
0.001532
0.000002
0.000593
0.000302
0.004625
0.000500
0.000720
0.006839
0.644317
0.034418
0.010388
0.000033
0.009192
0.039928
0.034918
0.000794
0.025314
0.450040
0.303660
0.004532
0.017080
0.032927
0.000051
0.003995
0.016087
0.013266
0.109241
0.000003
0.162939
0.128306
0.014302
0.000827
0.000446
0.005766
0.006476
0.002930
0.018037
0.070799
0.000497
0.042231
0.003694
0.045876
0.014944
0.025485
0.062308
0.000122
0.151076
0.001133
0.001854
0.009949
0.000036
0.004618
0.001451
0.020527
0.007531
0.001237
0.000620
0.024972
0.035944
0.001167
0.008921
0.006840
0.000335
0.161112
0.069123
0.001188
0.002373
0.007555
0.009178
0.044217
0.013140
0.094605
0.007585
0.003181
0.000898
0.005990
0.023828
0.336937
0.002589
0.136557
0.051356
0.004988
0.000022
0.046527
0.004605
0.000024
0.010476
0.000172
0.025335
0.088983
0.046100
0.000746
0.108623
0.030537
0.602534
0.014658
0.019690
0.018647
0.104650
0.320392
0.011954
0.071503
0.002656
0.023799
0.105815
0.010998
0.001063
0.051792
0.046252
0.019059
0.012282
0.004935
0.001814
0.004169
0.167564
0.124279
0.043775
0.114288
0.080025
0.052856
0.000032
0.059618
0.005270
0.101126
0.000040
0.277388
0.056578
0.000074
0.000002
0.043460
0.002170
0.309475
0.002490
0.189329
0.019647
0.006970
0.002774
0.026470
0.006168
0.028295
0.000402
0.323939
0.013705
0.218265
0.014306
0.144949
0.009714
0.035236
0.000809
0.014385
0.062072
0.108232
0.018720
0.000557
0.106106
0.011651
0.143526
0.008429
0.182822
0.000004
0.331302
0.001074
0.000069
0.051449
0.022869
0.362313
0.398064
0.000894
0.257249
0.031479
0.112390
0.300909
0.002527
0.015074
0.277207
0.025156
0.059314
0.123758
0.247895
0.713334
0.040634
0.001843
0.000036
0.007025
0.042288
0.000263
0.005036
0.004985
0.004227
0.072645
0.000004
0.000004
0.002058
0.000527
0.025166
0.000061
0.000053
0.153801
0.130508
0.000109
0.002556
0.003149
0.002276
0.049028
0.002855
0.196008
0.164469
0.026794
0.249276
0.000382
0.006042
0.124388
0.003886
0.000003
0.308310
0.044199
0.077846
0.000589
0.055638
0.004462
0.000158
0.000073
0.009744
0.001683
0.000008
0.017411
0.060019
0.052690
0.000014
0.004924
0.001170
0.042930
0.021985
0.094877
0.024909
0.012639
0.208696
0.014805
0.024591
0.053366
0.080872
0.006851
0.000078
0.282124
0.002776
0.005893
0.032938
0.700321
0.036964
0.005842
0.000055
0.000008
0.000245
0.054844
0.124836
0.028116
0.104857
0.011648
0.066390
0.000297
0.027637
0.054510
0.000966
0.037361
0.043386
0.000150
0.265235
0.004504
0.000004
0.120728
0.197552
0.036974
0.011396
0.060797
0.009664
0.008437
0.001773
0.000461
0.063874
0.000551
0.015611
0.045943
0.000003
0.000251
0.147296
0.008541
0.001351
0.000581
0.001811
0.049111
0.007800
0.000016
0.001437
0.044291
0.000789
0.011288
0.029184
0.002143
0.000262
0.089875
0.005684
0.139309
0.645407
0.108343
0.050214
0.021149
0.024501
0.005965
0.008620
0.002466
0.019166
0.198629
0.421340
0.000005
0.000375
0.213483
0.100126
0.005154
0.008836
0.009742
0.000147
0.009826
0.280294
0.058518
0.007092
0.001235
0.000549
0.022884
0.017521
0.000024
0.078589
0.001196
0.134823
0.336074
0.066480
0.006191
0.608884
0.037081
0.000496
0.009591
0.000299
0.000092
0.081163
0.009879
0.000029
0.000946
0.002797
0.003021
0.017862
0.120188
0.033189
0.007226
0.014221
0.003301
0.000990
0.102903
0.013588
0.000600
0.000208
0.010622
0.089552
0.001304
0.005523
0.206435
0.033060
0.054315
0.001633
0.005962
0.000133
0.036352
0.033475
0.000659
0.000074
0.047011
0.000368
0.083668
0.015836
0.000626
0.000096
0.000023
0.041951
0.005424
0.555843
0.003665
0.388496
0.000578
0.000333
0.014397
0.000061
0.189608
0.000148
0.005283
0.005060
0.000341
0.053328
0.001580
0.001898
0.070270
0.023253
0.488668
0.288313
0.019257
0.093188
0.101670
0.000098
0.001608
0.019617
0.017214
0.000010
0.152032
0.005131
0.000355
0.000449
0.250133
0.043181
0.001586
0.068711
0.000032
0.019782
0.141524
0.008464
0.029328
0.113830
0.007129
0.056553
0.110959
0.001038
0.002815
0.000011
0.000699
0.035423
0.000432
0.008236
0.000118
0.856425
0.023211
0.065075
0.047185
0.002169
0.013936
0.002557
0.008173
0.277997
0.185801
0.000532
0.001206
0.024160
0.010074
0.007540
0.030906
0.016728
0.000114
0.042405
0.032097
0.056624
0.005668
0.078195
0.196990
0.024287
0.003459
0.012365
0.029282
0.015392
0.001230
0.000094
0.026625
0.000035
0.314361
0.047238
0.000053
0.006292
0.007899
0.001034
0.009514
0.048841
0.000125
0.006411
0.001988
0.007853
0.001447
0.035151
0.001348
0.016076
0.018073
0.018722
0.125916
0.045790
0.138761
0.118849
0.002986
0.436153
0.002955
0.043911
0.006007
0.440108
0.021316
0.011207
0.007999
0.265266
0.000475
0.001596
0.000665
0.000009
0.285163
0.029173
0.006512
0.000654
0.046595
0.062384
0.056348
0.001271
0.013236
0.014453
0.000235
0.004525
0.000042
0.005953
0.000128
0.002741
0.005756
0.001702
0.012452
0.340817
0.000404
0.599616
0.002896
0.005769
0.000102
0.045012
0.018613
0.002126
0.015517
0.326493
0.032256
0.057240
0.000045
0.009885
0.020911
0.088932
0.000239
0.032495
0.000319
0.093429
0.007955
0.001386
0.000860
0.029847
0.137830
0.000540
0.092982
0.530813
0.025135
0.008926
0.054027
0.080915
0.000003
0.007594
0.130681
0.126859
0.002980
0.107699
0.013923
0.012558
0.000092
0.056775
0.132978
0.101974
0.049602
0.026974
0.000886
0.000694
0.253502
0.024084
0.001525
0.003369
0.000073
0.024692
0.017237
0.003411
0.078535
0.000164
0.096530
0.020102
0.001104
0.021745
0.121869
0.000464
0.117915
0.028080
0.148630
0.000002
0.025165
0.033648
0.000142
0.013834
0.006162
0.001266
0.000002
0.064229
0.000751
0.000174
0.012573
0.003104
0.091321
0.105071
0.078513
0.027059
0.000075
0.075818
0.013591
0.001550
0.002136
0.263171
0.054791
0.018809
0.002529
0.000002
0.036669
0.186812
0.002907
0.028442
0.006199
0.003013
0.002474
0.045579
0.036925
0.000071
0.000006
0.015214
0.019277
0.016986
0.382319
0.000133
0.045331
0.799494
0.147539
0.005047
0.006343
0.115762
0.026259
0.029006
0.021201
0.020555
0.005691
0.034734
0.001094
0.005787
0.001194
0.006569
0.106379
0.012646
0.002223
0.004549
0.003273
0.000028
0.042502
0.109144
0.004786
0.018711
0.000888
0.055496
0.280863
0.000462
0.254686
0.005164
0.262608
0.000009
0.126634
0.001220
0.021902
0.001838
0.025908
0.000027
0.007960
0.001600
0.053751
0.000129
0.033435
0.000009
0.000488
0.111790
0.001677
0.000197
0.000148
0.150083
0.002322
0.042629
0.017646
0.032419
0.308838
0.006590
0.000196
0.101987
0.300351
0.005271
0.052684
0.000002
0.010881
0.058344
0.008673
0.013809
0.006693
0.047826
0.017624
0.000091
0.064633
0.135449
0.015946
0.002025
0.032100
0.057272
0.000002
0.006573
0.006012
0.111481
0.020374
0.076672
0.206009
0.007973
0.145796
0.000670
0.071609
0.204568
0.002661
0.000099
0.000207
0.000112
0.000201
0.029228
0.020653
0.104094
0.000098
0.715206
0.008501
0.150349
0.024233
0.004285
0.353707
0.068099
0.002781
0.022172
0.001998
0.016813
0.128344
0.002683
0.000061
0.083632
0.034062
0.000019
0.010918
0.013715
0.002510
0.002281
0.065348
0.007452
0.071049
0.382264
0.000196
0.000244
0.131158
0.004793
0.440221
0.000123
0.101762
0.040805
0.092696
0.247927
0.049991
0.000402
0.000010
0.375737
0.054371
0.032312
0.029682
0.000101
0.000226
0.010229
0.002972
0.433276
0.000061
0.091759
0.025040
0.060004
0.088144
0.018238
0.000167
0.073316
0.000473
0.002363
0.470909
0.144445
0.020300
0.540143
0.000002
0.017899
0.010152
0.024358
0.122062
0.000908
0.013195
0.005075
0.004176
0.000002
0.012001
0.007998
0.000328
0.041590
0.000346
0.000002
0.035442
0.017425
0.017407
0.102399
0.120472
0.000994
0.288407
0.001315
0.000811
0.323386
0.029717
0.070773
0.886888
0.181133
0.007362
0.000120
0.010104
0.038149
0.064131
0.033206
0.010288
0.000523
0.001856
0.118086
0.862895
0.001708
0.011572
0.001245
0.332170
0.359808
0.032922
0.004932
0.000092
0.000422
0.003678
0.000154
0.000015
0.015931
0.025413
0.074431
0.000361
0.005495
0.004408
0.000242
0.296446
0.250237
0.002402
0.001181
0.012739
0.057681
0.005430
0.005991
0.002060
0.014997
0.000092
0.007487
0.001977
0.308229
0.000331
0.000709
0.280551
0.001464
0.001664
0.097163
0.000274
0.007188
0.002852
0.030579
0.000812
0.000914
0.049911
0.001493
0.082313
0.015452
0.000978
0.004445
0.089614
0.001961
0.024382
0.001954
0.100003
0.325953
0.074868
0.001551
0.034290
0.009870
0.002973
0.023969
0.000008
0.202226
0.012439
0.011424
0.000321
0.000102
0.041202
0.474131
0.061280
0.000538
0.009972
0.024045
0.009795
0.004670
0.027573
0.039694
0.003680
0.379113
0.019275
0.008026
0.000074
0.034281
0.021986
0.022892
0.000031
0.002553
0.058474
0.043433
0.000049
0.112563
0.063519
0.000095
0.367239
0.002849
0.001077
0.029076
0.003684
0.094936
0.001443
0.008122
0.000030
0.000229
0.026273
0.000836
0.035823
0.012919
0.001116
0.004138
0.012179
0.004221
0.015508
0.130990
0.100266
0.001624
0.055570
0.009260
0.000339
0.000002
0.004233
0.060842
0.020488
0.074622
0.003482
0.000148
0.567163
0.037192
0.023904
0.003079
0.022152
0.428270
0.037033
0.013933
0.061652
0.001054
0.355399
0.044936
0.010130
0.000660
0.004210
0.050636
0.002951
0.072177
0.041239
0.083312
0.072659
0.017193
0.000100
0.000162
0.000216
0.008451
0.007434
0.013781
0.005577
0.040806
0.008071
0.000260
0.007188
0.000039
0.017081
0.299879
0.073635
0.009461
0.012936
0.082554
0.005632
0.056808
0.010170
0.088113
0.013675
0.145384
0.000078
0.163940
0.026955
0.000323
0.032124
0.115946
0.000987
0.032646
0.000046
0.057623
0.000818
0.000217
0.024952
0.095808
0.003449
0.000095
0.006626
0.000915
0.004355
0.006332
0.047831
0.008867
0.081068
0.336691
0.000034
0.001844
0.000004
0.000135
0.375765
0.138767
0.015277
0.000007
0.000391
0.245072
0.067499
0.001066
0.052853
0.002344
0.000018
0.150586
0.072356
0.251682
0.081471
0.072939
0.060914
0.064249
0.046235
0.090624
0.002875
0.208991
0.115521
0.006290
0.000893
0.019474
0.002196
0.015540
0.004112
0.062158
0.001409
0.000315
0.023806
0.003079
0.000505
0.028747
