261
1.859626
4
91
40
10
1
5047
-0.546497
0.904428
-0.048547
0.701203
1.000000
-0.648468
0.480996
-0.001845
-0.595689
1.000000
-0.183011
0.809506
0.672068
0.826521
0.014644
0.503651
-0.134667
0.913970
-0.939349
0.407350
0.455506
-0.142191
0.635822
-0.804924
0.163317
-0.768394
0.512569
-0.381107
0.866562
0.211510
0.206366
-0.186882
0.172966
-0.921174
-0.022920
-0.689442
-0.540655
-0.016814
-0.740652
0.400954
-0.174726
0.015613
0.055078
0.079502
0.228732
-0.191212
-0.607896
-0.100444
0.312935
0.060643
-0.685647
-0.668962
-0.201583
0.088440
0.868907
0.055617
-1.000000
0.891514
0.458091
-0.012075
0.149917
0.791413
0.460105
0.386900
0.315470
1.000000
0.724266
-0.370283
0.012729
0.168728
0.217359
-0.562892
-0.665458
0.210159
0.345920
-0.008001
0.549091
0.417381
-0.762171
-0.261119
-0.481544
0.398917
-0.611155
0.436990
-0.290723
-0.719271
0.918553
-0.183214
-0.311962
-0.973511
-0.363259
-1.000000
0.177243
-0.621977
0.430042
0.049064
0.151478
-0.970850
0.161664
0.106263
0.119615
-1.000000
-0.469961
0.482552
-0.678003
-0.346155
0.376974
0.304687
0.353401
0.423722
0.558184
-0.131411
0.142370
0.437760
-0.025540
0.918808
-1.000000
0.065965
-0.305525
-1.000000
-0.501952
-0.771643
0.931057
-1.000000
0.047421
0.037042
-0.460068
-0.302535
0.870339
0.709852
-0.206588
-0.356416
-0.938915
0.353652
0.595264
-0.782058
0.673592
0.102113
-0.390955
0.434063
0.937892
0.981446
-0.727150
0.265621
1.000000
0.171641
0.059297
-0.397144
-0.573315
0.945105
-0.392652
-0.606092
-0.043261
0.250019
0.858003
-0.249212
0.342622
0.598732
0.997091
-0.472378
-0.756970
0.413659
0.807887
-0.307679
0.984594
1.000000
0.850705
-0.793202
-0.115458
0.463414
0.444830
0.039967
-0.003113
0.780378
1.000000
1.000000
-0.516387
-0.537141
0.704185
0.113593
-0.320793
-0.105825
-0.524571
-0.348184
-0.095591
-0.943984
0.720030
1.000000
-0.730661
0.950151
-0.528493
0.444999
0.013588
0.944278
-0.329108
0.818091
1.000000
-0.190638
1.000000
0.831211
0.027576
-0.730166
0.119782
-0.399470
-0.154155
0.548598
-0.118832
-0.800763
0.267067
-0.022915
0.312644
-0.482621
-0.705916
-0.578991
-0.748252
0.581402
0.393703
0.907173
0.737858
0.893494
0.682963
0.004373
0.124313
-0.201830
1.000000
0.308940
0.265640
-0.441775
-0.246820
-0.862691
0.191807
0.257997
-0.541193
0.121416
-0.763903
-0.090846
0.752108
-0.719473
0.851814
-0.223600
-0.668444
0.903258
1.000000
1.000000
-0.894539
-0.634521
-0.225428
-0.138139
-0.342170
0.374465
1.000000
0.580176
0.064391
0.819774
0.696614
0.523047
0.403207
-0.820487
0.852022
0.431289
0.917379
0.420355
0.411484
-0.115999
0.339558
0.061242
-0.489282
-0.068195
-0.779365
0.751722
0.185107
-0.579284
-0.213235
-0.737488
0.875760
0.135079
0.437086
0.757706
0.949428
0.189868
0.231618
-0.297503
0.905752
-0.384133
-0.692318
-1.000000
-0.872964
0.915388
0.617229
-0.027699
-0.015787
-0.123755
0.956978
0.920937
-0.406018
0.844728
-0.888403
0.483975
-0.560578
0.747968
0.769132
-0.745556
-0.394403
-0.066297
-0.551567
0.507604
-0.271921
-0.290445
0.864800
-0.662125
-0.029512
-0.995104
0.279889
-0.420218
-0.315570
-0.971619
-0.212249
-0.912298
0.116974
0.581174
0.003661
-0.549945
0.900831
0.260018
0.515169
-0.173223
0.588291
0.776537
-1.000000
-0.175494
-0.990950
-0.076598
0.105097
0.352862
0.362202
0.044974
0.397805
-0.534886
-1.000000
-0.663305
-0.874409
0.759303
0.201673
0.461479
-0.312188
1.000000
0.120020
-0.605755
0.816483
-0.764145
0.249298
-0.178354
-0.270338
0.716984
-0.886988
0.507415
0.419229
-0.213006
0.599642
0.893975
0.332187
0.234377
-0.918599
0.990150
-0.981390
-0.920634
-0.919177
0.801244
0.244420
-1.000000
-0.614302
-0.250640
0.069626
-0.037194
-1.000000
-0.917022
-0.613580
-0.057336
1.000000
-0.631442
-0.043388
0.527199
0.364654
0.303494
-0.208005
0.955517
0.809244
-0.244870
-0.855585
0.041603
-1.000000
-0.981372
0.979080
0.763034
-0.489789
-0.048134
0.800896
1.000000
-0.972233
-0.630504
1.000000
-0.974898
-0.219990
-1.000000
-0.519816
0.650443
-1.000000
-0.622005
0.324010
-0.866304
-0.381464
0.442289
-0.297535
0.559412
0.704296
-0.169744
0.700841
-0.477785
0.410281
0.834536
0.125054
-0.399782
-0.190359
-0.444310
0.960291
0.140803
-0.072783
-0.533510
0.147303
-0.893201
-0.035334
0.816606
-0.066657
-0.364886
0.924355
0.520216
0.246703
0.723174
0.282006
0.668155
1.000000
0.896891
0.858604
-0.592803
-0.048522
0.119395
-0.733712
-0.105258
-0.525365
1.000000
-1.000000
-0.537624
-0.899571
0.621429
-0.348606
-0.262325
-0.599970
-0.061992
-0.982824
0.787391
0.911760
-0.195171
1.000000
0.010147
-0.635877
0.787280
-0.812717
0.205453
-0.815802
0.603312
-0.929629
-1.000000
-0.461239
0.598821
0.523465
0.076244
-1.000000
-0.156998
0.001510
1.000000
1.000000
0.853417
-0.460389
0.811865
0.158442
0.477923
1.000000
-0.048471
-0.515924
-0.732395
-0.240025
-0.303852
0.103469
0.117753
-0.962933
-0.475109
-0.098049
0.611225
-0.929957
-0.156740
-0.141793
-0.923978
0.328695
0.595631
0.179244
0.535785
-0.075048
-0.681440
0.416165
-0.224120
0.107578
-0.831463
0.171704
0.112164
0.581723
-0.416379
-0.011991
0.603706
-0.724026
-0.183579
-0.868339
0.645698
0.643881
0.694855
-1.000000
0.174755
-0.203342
-0.545878
0.674256
-0.656564
-0.808305
0.002682
0.617934
-0.613736
-0.412921
-0.605227
-0.853557
0.730514
-0.782672
0.356522
-0.153112
0.150888
0.313933
0.717639
-0.161323
0.619535
0.598127
0.050318
0.354703
0.826958
-0.842351
-0.530548
-0.040250
0.150315
-1.000000
-0.416611
0.455639
-0.555190
0.053739
0.925694
-0.505097
0.800186
-0.174165
0.399311
-0.118531
0.484430
0.734218
-0.238426
0.111852
0.056151
-0.231749
0.182870
0.955961
0.783982
-0.223740
-0.274647
-0.901192
-0.263053
0.556624
0.324974
-0.354815
-0.253370
0.181305
-0.205795
0.148424
-0.205983
0.634424
-0.326299
-1.000000
-0.293996
0.267120
0.164907
0.570411
0.232670
-0.592919
0.208739
0.631221
-0.481139
-0.754186
-0.677317
0.411236
0.625202
0.668288
0.683931
0.153423
0.206830
0.975372
-0.539418
-0.188834
0.991540
-0.498014
0.150243
-0.641351
-0.344448
-1.000000
0.206648
-0.976321
-0.522418
0.284381
0.030893
-1.000000
0.522148
0.988831
0.198798
0.399637
-0.459712
0.184940
1.000000
-0.524363
0.979511
-0.363478
0.738003
-0.352284
0.363442
-0.268941
-0.854058
-0.394391
0.319985
0.492079
0.178259
0.695471
-0.064244
0.427017
0.805680
0.533041
0.129019
-0.033880
-0.619983
0.986838
0.063603
0.233170
-0.471296
0.206180
-0.811427
-0.474855
0.619453
-0.149752
-0.643828
0.223793
-0.546574
1.000000
-1.000000
0.060753
-0.214809
-0.127576
-0.454566
-0.924228
0.310325
0.132227
-0.322669
0.152269
-0.564638
-0.176850
-0.101362
-0.921600
-0.018039
-0.287867
-0.095183
-0.502303
0.058866
0.929799
0.298432
0.079221
-0.364502
-0.634154
0.698398
0.557990
-0.985268
0.116058
-0.080081
0.250631
0.820139
0.420102
0.284744
1.000000
-0.658059
0.462282
-0.500364
-1.000000
0.654164
-0.369742
-0.790485
1.000000
-0.781801
0.751191
0.106094
-0.554785
0.550319
0.485793
-0.891172
0.205558
1.000000
0.912900
-0.043274
-0.197807
-0.573360
-0.707804
-0.787183
-0.574728
-0.856815
-0.791106
0.040892
0.683238
0.115595
0.103037
-1.000000
-0.434218
-0.413931
0.506430
-0.031088
0.653575
-0.519724
0.609969
0.987483
-0.722579
-0.321675
-0.435828
0.294137
0.033171
-0.466243
-0.852985
0.758991
1.000000
-0.164692
0.564067
0.714359
0.041379
0.845369
-0.824150
-0.337829
-0.687118
0.751865
0.212265
-0.908638
0.156930
0.857084
-0.602035
-0.139292
-0.252671
-0.289426
-0.171154
0.595954
0.735582
-0.827920
-0.135918
-0.780950
-0.923998
-0.200035
-0.299829
0.691920
-1.000000
0.140156
-0.586494
0.310914
0.263025
-0.500972
0.514980
-0.134202
0.317699
0.014127
-0.203402
-0.071109
0.437168
-0.454901
0.890486
0.015480
0.120034
0.443618
-0.773099
-0.645124
0.752773
-0.371975
0.848540
0.118589
0.807392
-0.138053
-0.995400
0.354311
-0.150460
0.081923
0.581517
0.821240
0.375604
0.270437
-0.703234
0.375139
-0.161642
0.495153
-0.009083
-1.000000
-0.149762
0.510808
0.350904
0.662086
0.679641
0.526672
-0.310474
-0.184737
-0.819508
-0.358233
-0.211252
0.034252
0.699616
-0.650373
0.416552
0.633531
-0.013893
-0.296882
-0.694800
0.064098
-0.588527
-1.000000
0.167964
-0.357821
0.167141
0.202150
0.387706
-0.071913
-0.060352
-1.000000
-0.289567
1.000000
-0.254497
-0.849638
-0.497823
0.592595
0.767214
-0.207729
-0.478257
-0.086146
0.822263
0.027462
-0.186059
-0.525118
-0.036254
0.309213
-0.180274
0.767217
0.881174
-0.406670
0.044643
1.000000
0.634818
-0.134375
-0.944727
-0.354904
0.322151
-1.000000
-0.235368
-1.000000
0.962765
-0.218529
0.072366
-0.649298
0.401468
0.498431
-0.711225
-0.602366
0.067655
0.867817
-0.618807
-0.068568
0.026263
-0.832203
0.506314
-0.067573
-0.586494
0.666057
-0.836934
0.317832
-0.097413
-0.181283
0.479436
-0.088131
0.720740
-0.245756
-0.852235
-0.005896
-0.455204
0.800666
0.419977
0.911493
0.188120
-0.093048
0.014946
0.479847
-0.337534
-0.323029
0.027442
-0.589513
-0.139422
0.179802
0.327684
1.000000
-0.849762
-0.910927
-0.344685
0.321632
-0.555805
-0.330792
0.206817
0.223957
0.547080
-0.602592
0.071018
0.200440
0.154181
0.900106
0.736232
0.269454
-0.083899
0.245668
0.887213
0.416093
-0.880213
0.201188
-0.426771
0.699120
0.310582
0.158999
-0.260910
-0.516273
0.222964
-0.896399
-0.514330
-0.884487
-0.219638
0.730880
0.100507
-0.862016
-0.360367
-0.958413
-0.063280
-0.384938
-0.393021
-0.215937
-0.351445
0.391585
-0.601309
0.897539
-0.466312
0.524999
0.131978
-0.733785
0.127276
-0.684836
-0.890526
-1.000000
0.193681
-0.390744
-0.420045
0.304962
-0.994909
0.083072
0.093265
-0.099487
0.419486
-0.161651
0.289869
-0.650758
0.831012
0.322161
0.235522
0.445613
0.802014
1.000000
-0.368748
0.117255
0.366399
0.392930
-0.367234
-0.068324
-0.209367
0.095087
-0.246119
-0.460128
-0.155438
0.038019
0.382170
-0.192966
-0.185316
0.658773
0.624200
0.006139
0.792795
0.939911
-0.602441
-0.174548
-0.635361
0.049531
-0.090946
-0.122644
-0.877408
0.156198
-0.016167
0.536826
0.674088
-0.429097
0.852165
-0.129746
0.102550
-0.456833
-1.000000
-0.578100
0.511877
-0.299600
-0.598387
0.105863
-0.628002
-0.291293
-0.020699
0.900198
0.245409
-0.826435
0.331730
-0.631824
-0.404392
-0.264490
0.852004
-0.288774
-0.793040
-0.031197
-0.159742
-0.110456
0.459366
-0.469848
-0.166956
0.562400
0.943876
0.512927
0.959137
-0.056132
0.008488
0.032885
0.318488
0.248155
0.691944
0.822536
-0.057781
0.736503
-0.405396
-0.599246
0.287692
-0.020303
0.782724
-0.564626
1.000000
0.317602
0.050716
0.554229
-0.812346
-0.551392
0.719388
-0.850080
-0.198801
1.000000
-0.406447
0.182592
0.734648
-0.507558
0.132393
0.594498
0.373944
0.295552
0.706679
-0.110058
-0.198135
0.595251
-0.277694
-0.628018
0.959288
-0.508186
-0.020414
-0.562132
0.257509
-0.593269
-0.488031
-0.245540
0.014135
0.313771
-0.528124
0.500744
0.479739
0.507366
-1.000000
-0.885836
0.744959
-0.445626
-0.663493
0.028321
0.178476
-0.757773
-0.628048
0.090837
-0.821279
0.115928
0.520405
-0.811189
-0.031421
-1.000000
1.000000
1.000000
-0.355854
-0.736776
0.705862
-0.886278
-0.038237
-0.113453
0.170377
0.497413
-0.243686
-0.703387
-0.708561
-0.547382
-0.056449
-0.238468
-0.332063
0.528279
-0.138900
0.680212
0.107230
0.447629
-0.089358
-0.583501
-0.828720
0.369732
0.596577
0.320836
0.982951
-1.000000
0.818596
-0.447877
0.815681
-0.052393
1.000000
-0.869051
-0.169254
-0.360344
-0.105707
0.325670
0.369555
1.000000
-1.000000
-0.995516
-0.042847
-0.891377
-0.214329
0.865614
-0.624061
0.987085
-0.896664
0.146541
-0.970549
0.005280
-0.307268
-0.115212
0.065765
-0.287428
0.768745
-0.145819
0.182261
-1.000000
-0.185122
0.582768
-0.071469
-0.624857
-0.025528
-0.273280
-0.522726
-0.160942
-0.069994
0.801089
-0.036725
-0.044610
-0.204365
0.890596
0.076401
0.287132
0.212619
-0.183885
0.010238
-0.279973
0.130619
-0.402212
1.000000
0.153636
-0.171001
-0.611621
0.884678
0.547331
-0.492558
1.000000
-1.000000
-0.217896
-0.731802
-0.555663
-0.520630
0.081114
-0.879608
-0.257845
-0.220723
-0.123294
-0.318226
-1.000000
1.000000
0.491180
-0.702177
-0.369815
0.962135
-0.204170
0.087813
0.522139
0.115372
0.836940
-1.000000
-1.000000
0.892196
-0.289465
-0.632907
0.312354
-0.244934
-0.807634
0.264247
-0.123336
0.880277
0.583224
-0.508696
1.000000
0.175620
-0.353235
-0.020094
0.196719
0.391782
0.814100
0.839396
-0.201412
0.416222
0.809750
0.903083
-1.000000
0.502603
0.757833
-0.361724
-0.891933
0.720051
0.585429
-0.832309
-0.717420
0.165227
0.156261
-0.871052
-0.607840
-0.278136
-0.915323
0.534834
0.864956
-0.370411
0.497343
-0.710803
-1.000000
-0.182733
0.739472
-0.161525
-0.647107
0.005489
-0.073008
-0.175852
-0.470247
0.431837
0.271324
0.155224
-0.835809
-0.348617
0.952362
1.000000
-0.246418
0.517875
-0.153360
0.566321
-0.485437
1.000000
0.160552
0.232004
-0.295104
0.510487
-0.004889
-0.976476
0.385227
-0.140447
-0.455195
0.268116
-0.209401
0.973213
0.187859
-0.094603
0.291344
0.077114
-0.156402
-0.883076
0.453670
-0.997373
-0.631160
0.367713
1.000000
0.017041
0.225623
0.476252
0.097337
-0.281795
0.395073
-0.934516
-0.272159
0.501667
0.746615
0.400852
0.348668
-0.374892
0.125022
-0.014747
-0.413245
0.269873
-0.307157
-0.274476
0.385177
-1.000000
0.083399
0.421731
-0.730428
0.491797
-0.061881
0.358112
-0.911368
-0.213802
0.415394
-0.491353
-0.814184
-0.618965
0.971345
1.000000
-0.029770
-0.168270
-0.750602
-0.512411
0.019448
-0.007121
0.780645
-0.625765
-0.522031
0.168610
-1.000000
-0.583560
-0.558217
-0.050766
0.934981
-0.265523
1.000000
0.323729
-0.267910
0.745537
0.767425
-0.093038
1.000000
-0.019866
-0.476875
-0.344484
-0.137483
0.471082
0.843056
-0.409139
0.896848
-0.610740
-0.781237
0.463678
0.006649
0.015839
-0.737674
-0.918036
0.651307
0.132381
-0.478446
0.025904
-0.102755
1.000000
0.299149
-0.992496
-0.717453
0.167586
-0.172688
0.355658
0.537994
0.183714
0.453497
-0.959076
0.048739
0.070002
0.393102
-1.000000
-0.518881
0.690873
-0.520245
-0.004850
-0.932672
0.337981
0.339169
0.611628
-0.073729
0.027168
-0.974393
0.219516
-0.487906
1.000000
-0.125369
0.809569
-0.145196
0.100796
-0.779217
0.234508
0.016024
-0.253001
-0.283612
-0.060145
-0.375009
0.178859
-1.000000
0.695292
0.045655
-0.768600
-0.373195
0.604413
-1.000000
0.002516
0.639238
-0.053965
0.424051
-0.838412
0.849494
-0.919595
-0.388271
-0.739542
-0.326730
-0.680681
0.231445
-0.209875
-0.793070
-0.313293
-0.149897
0.903107
-0.142405
-0.593729
0.186429
-0.235347
0.620619
0.405682
0.171662
0.575632
0.824940
-0.074884
0.843858
-0.332301
0.291667
0.075708
0.337508
0.928865
-0.042179
-1.000000
-0.147695
-0.201296
-0.301555
-0.201152
0.404064
-0.448072
-0.521521
0.146834
0.464965
-0.039967
-0.196838
0.391681
-0.294830
0.386806
0.384656
0.959985
0.892516
-0.337336
0.590621
-0.410741
-0.352421
-0.153334
-0.894800
0.040242
0.835600
-0.333765
0.571888
-0.719950
0.113459
-0.676720
-0.561415
0.533894
0.966968
0.590656
0.225260
0.776908
-0.329824
0.243747
0.537309
0.313074
-0.066162
0.190472
1.000000
0.557553
-0.295680
-0.698391
-0.228720
0.036782
0.545203
0.389311
-1.000000
0.913970
-0.713666
-0.700385
-0.161531
-0.921340
0.188491
0.305803
-0.301535
0.122964
-0.896678
0.113660
-0.969521
0.746000
-0.073392
-0.959704
-0.270524
0.035475
0.274998
-0.750128
0.773152
-0.539277
0.941820
-0.605086
-0.061502
0.684541
0.947580
-0.831511
-0.189042
0.586511
-0.842896
-0.342174
-1.000000
0.372541
1.000000
-0.147347
0.781194
0.335502
-0.760991
0.767897
0.823976
-0.374207
-0.867582
0.330844
-0.118672
0.539687
-0.212400
-0.438020
0.857442
0.139528
1.000000
-1.000000
0.756835
-0.261407
0.625337
0.932484
-0.108718
0.968484
0.579744
0.168580
1.000000
0.285572
0.038287
-0.892332
-0.374978
-0.095177
-0.393605
0.779168
-0.315790
-0.398942
0.439855
0.297501
-1.000000
0.906458
1.000000
0.745085
0.426291
0.593587
-0.310543
0.032976
-0.158394
0.404546
-0.135531
0.484355
-0.236612
-0.470496
-0.609024
-0.393181
-0.177899
-0.739312
-0.277821
0.544613
0.057862
-0.083209
0.719588
-1.000000
0.815472
0.309651
0.569315
-0.142681
-0.017959
1.000000
0.196769
1.000000
0.643551
-0.686581
-0.152229
0.190308
-0.628572
0.315434
0.212506
0.898423
-0.260383
-0.629636
-0.380518
0.513761
-1.000000
0.626459
0.034684
0.194993
0.535245
-1.000000
0.703800
0.683733
0.322672
1.000000
0.289324
0.990834
-0.116922
-0.408341
-1.000000
-0.588403
-0.885465
-0.836504
-0.679172
0.225323
0.415047
0.246630
0.076640
-0.404787
-0.835756
-0.272524
0.935956
0.327294
-0.350782
0.209641
0.645359
-0.721072
0.124668
-0.337490
0.854573
-0.289387
0.141608
0.054626
-0.123662
-0.331700
0.048477
0.685647
-0.839096
0.829035
0.049845
0.867583
0.592224
0.508180
-0.272078
0.043044
0.787969
0.681154
-0.170042
-0.349078
-0.109451
-0.299880
0.880896
0.102931
-0.584774
-0.588628
0.358464
-0.195964
-0.454814
0.732119
0.445817
0.113275
0.269092
0.882813
-1.000000
0.056737
0.575942
-0.260530
-0.190215
0.426966
-0.724243
-0.764749
0.036235
0.541831
0.704857
-0.148248
0.779686
-0.708112
0.123464
0.359477
0.233091
0.535716
-0.583498
0.250648
-1.000000
-0.188637
0.090965
-0.891891
0.732784
0.941295
0.089693
-0.965144
-0.974924
0.410336
-0.389008
-0.725978
1.000000
-0.401551
-0.805139
0.329920
-0.895949
-0.698530
-0.254237
0.625036
0.333646
-0.613504
-0.247093
0.661599
-0.643062
0.709394
-0.206832
0.827925
0.085020
-0.256319
-0.708428
0.992946
0.235236
0.099962
-0.151582
-0.249679
-0.314118
0.751370
0.316507
-0.414021
-1.000000
-1.000000
0.709120
-0.753485
-0.136348
-0.878465
-0.819119
0.662583
0.021025
-0.370196
0.252778
-1.000000
-1.000000
-1.000000
-0.103249
0.833232
-0.329997
-0.512986
-0.465844
0.553194
-0.673049
-0.273132
0.473326
-0.324131
-0.778199
0.211373
-1.000000
1.000000
-1.000000
0.094446
0.490646
0.524608
0.905350
0.531747
0.010276
-0.284140
-0.340958
0.700739
-0.314121
0.766467
0.183899
0.281420
0.842926
-0.117535
0.843744
-0.367809
0.271513
0.881735
-0.750992
-0.328597
0.335565
-0.102672
1.000000
0.336049
0.800724
0.446564
-0.381623
0.010033
0.331710
-0.667838
-0.871432
0.180704
-0.383590
0.147442
0.101060
0.245379
-0.600890
-0.725703
0.632120
0.050905
-0.655663
0.663885
0.074734
0.339572
-0.346505
-0.517505
1.000000
0.434861
0.353888
-0.141957
0.137666
0.285461
-0.362873
-0.371782
-0.924147
0.537950
0.191170
-0.227486
0.446231
-0.671537
0.350355
0.205306
-0.537251
0.344173
0.153313
-0.764891
0.733663
0.014661
0.795361
-1.000000
0.114090
-0.491935
0.236966
-0.836363
0.294308
0.545346
-0.954463
-0.352957
0.411782
-0.604201
-0.367978
0.165133
0.808478
0.366246
0.553248
0.731007
0.315812
-0.677459
-0.789451
-0.410603
-0.120320
0.448734
0.200093
0.749188
0.094291
1.000000
-0.013237
0.995840
0.141966
-1.000000
-1.000000
0.800261
0.785745
0.510830
-0.860190
-0.719640
0.050935
0.946324
-0.928969
0.181211
0.180448
-0.465162
0.932144
0.252731
-0.393736
0.306929
0.203433
-0.378487
0.617487
-0.968022
0.046634
0.055461
0.027617
0.737398
-0.810257
0.144903
-1.000000
-0.403780
0.499753
-0.592528
0.839508
-0.431843
-0.461065
-0.288031
-0.740639
-0.405149
0.037781
-0.155442
1.000000
0.247587
0.958778
0.035052
0.155241
0.424805
-0.616994
-0.138363
0.104555
0.299352
-0.734002
-0.466066
0.713593
0.096704
-0.325548
-0.715534
0.395888
-0.081341
0.890871
0.716219
0.467856
0.591002
-0.561648
0.474094
0.393951
0.015623
-0.907175
-0.030351
0.423745
0.412861
-0.248125
0.298276
0.185987
-0.213167
-0.440324
-0.475824
-0.351678
-0.380044
0.658264
0.223912
0.588069
-0.531918
-0.243603
0.251608
-0.867384
-0.178124
0.971942
0.593034
0.468884
1.000000
0.534601
-0.530625
-0.535032
0.008469
0.570351
-0.669752
0.537462
-0.645722
-0.195363
-0.763001
0.706475
0.028728
0.559878
0.108905
0.941562
-0.429664
0.793257
0.401789
0.726725
0.747903
-0.813179
-0.368293
0.324654
0.045480
-0.002765
0.806267
-0.884563
-0.547445
-0.179001
-0.155173
0.481463
-0.037424
-0.019506
0.971800
-0.177473
-0.098147
0.584492
-0.364622
0.236372
-0.219957
0.178263
0.567004
-0.684257
-0.917017
0.723817
0.148282
0.267140
-0.072351
0.413769
0.749085
-1.000000
0.014635
-0.756792
0.676802
0.934652
0.118093
0.164264
0.443539
-0.582526
0.501595
0.902871
-1.000000
-0.177765
-0.412272
0.317293
-0.411945
0.144978
-0.947249
-0.130378
0.152980
-0.710789
0.249393
-0.611199
0.665408
-0.813579
-1.000000
0.737774
-0.091930
0.640020
0.171457
0.738557
-0.171489
-0.314801
0.359702
0.689393
0.401914
0.014955
-0.216375
0.466618
0.431116
-0.343545
-0.022515
-0.679839
-0.196771
0.698691
-0.447504
-0.318721
-0.229892
-0.566784
0.153540
0.110900
-0.591580
0.277874
0.665083
-0.145587
0.704303
-0.161418
-0.788060
0.664059
0.994442
-0.202536
0.808959
0.915420
-0.110196
-1.000000
-0.129203
-0.591648
-0.843505
0.476013
0.108612
-0.260180
-0.514493
0.170727
-0.420791
-0.846095
0.396713
-0.690634
-0.424545
0.361657
-0.609318
0.045572
-0.026685
-0.134110
0.342105
0.027123
0.041164
0.546801
-0.329735
0.045649
0.195700
0.279894
-0.195858
-0.345043
0.784778
0.115128
-0.214372
0.252909
-0.848041
-0.059640
0.228286
-0.544682
-0.858752
0.814410
0.233352
-0.534015
-0.571994
0.084503
-0.532127
0.383121
0.811016
-0.503683
0.484544
-0.810804
-0.963989
-0.132725
0.489913
1.000000
0.028769
1.000000
-0.164561
-0.935313
-0.471577
-1.000000
-0.579854
-0.929426
0.155172
-0.338643
-0.675260
-0.575961
0.867108
-0.619593
0.058685
-0.907329
-0.436538
0.683173
0.452444
0.664335
-0.528483
-0.617495
-0.961108
-0.238157
-0.446047
-1.000000
0.113675
-0.011782
0.110850
-0.195552
-0.029874
-0.398743
0.668158
0.308103
0.697277
-0.125211
0.346829
-0.689527
0.394367
-0.367566
-0.969380
0.761944
0.380035
-0.946969
-0.886798
0.254566
0.301392
0.490511
-0.886492
-0.110874
-0.892958
0.972125
0.201945
-1.000000
0.069060
-0.362434
-0.055164
0.058466
0.535478
0.145433
-0.410012
-0.072726
0.788479
-1.000000
0.876984
-1.000000
-0.128797
0.417744
-0.070634
1.000000
-0.140654
-0.467611
-0.970086
-0.445364
0.253492
0.700532
0.647545
0.934923
-0.495845
-0.880615
-0.773859
-0.195610
0.392922
0.177649
1.000000
0.424827
0.386113
1.000000
0.371562
0.897447
0.229169
0.774470
-0.191823
1.000000
0.224707
-0.325399
1.000000
0.401257
-0.262445
-0.245346
-0.074787
0.433091
-0.782670
0.219171
-0.438565
0.690839
-0.269482
0.455895
-0.662752
-0.512018
0.806860
-1.000000
-0.106345
-0.636292
0.455963
-0.147731
-0.028605
-0.569434
-0.073087
-1.000000
-0.554302
-0.083860
1.000000
0.202627
-0.093271
0.299595
-0.624218
-0.849568
-0.246884
-0.479304
0.512575
-0.079902
-0.659072
0.522370
0.779461
0.434378
0.318441
-0.643220
-0.034061
-0.416113
0.247222
-0.592536
0.597257
1.000000
0.090245
0.474969
0.966473
-0.312422
-0.289023
-0.824611
-0.466732
0.042506
-0.175655
-0.398924
0.544648
-0.245224
0.519706
-1.000000
0.300910
0.373641
0.406794
-0.822141
0.495573
-1.000000
-0.218006
-0.496439
0.655003
-0.580585
0.040090
0.661901
-0.146950
-0.549951
-0.285838
-0.182294
-0.868942
0.014693
-0.100659
-0.885512
-0.185208
-0.748500
-0.883287
0.785837
-0.580237
0.419079
-0.739309
0.316038
0.787321
-0.737339
-1.000000
0.627833
0.918076
0.143259
0.016150
-0.427010
-0.567092
0.778226
0.986415
0.545929
-0.653374
0.489548
-0.723706
-0.569419
-0.395497
0.086063
-0.827053
-0.463660
0.990088
-0.257336
0.165355
-0.233247
-0.025897
-0.648865
0.468948
0.683622
0.792918
-0.283714
0.115133
0.408879
-0.265641
-0.819083
0.371593
0.193412
-0.946090
-0.396427
0.032478
-0.327870
-1.000000
-0.465723
-0.629158
-0.604384
-0.354032
1.000000
-0.328713
-0.434489
0.287535
0.004965
0.803210
0.621682
-0.742158
0.327575
-0.879422
-0.919403
0.308118
0.370069
1.000000
-0.342998
0.151986
-0.107237
0.706567
0.889647
-0.908199
0.015371
0.440526
-0.127196
-0.077935
0.032142
0.800551
-0.046280
1.000000
1.000000
-0.036399
0.052489
0.400962
0.114920
-0.513168
-0.600068
-0.619159
-0.326385
-0.002546
-0.914862
0.215270
0.131815
-0.215351
-0.556009
0.135534
0.695402
0.072091
0.316157
0.152249
0.124712
1.000000
-0.844095
0.549451
0.067333
-0.519779
0.349435
0.009660
-1.000000
-0.382385
-0.543762
-0.068641
0.407511
0.300823
1.000000
0.398299
-0.121788
0.953835
-0.666418
0.125345
-0.202555
-0.527155
0.049396
-1.000000
-0.322433
-0.108828
0.484509
-0.115219
-0.595129
0.039825
-0.164576
0.017140
0.891638
-0.909981
-0.307417
-0.720954
0.921271
-0.319953
0.101868
-0.048519
0.180347
-0.289742
0.169555
0.723450
0.256841
-0.980698
0.837476
0.859691
0.877506
-0.814930
0.068433
-0.331175
-0.371525
-0.564667
-0.920988
-0.068415
0.079963
-0.739533
-0.212737
-0.371476
0.950425
-0.688682
-0.227200
0.701588
-0.558032
-0.687347
0.937044
0.063616
-0.043295
0.813877
0.199241
-0.512738
-0.364677
-0.098358
-0.921942
0.008181
-0.157964
-0.479324
-0.103635
0.261743
-0.939221
0.592700
-0.899914
0.678831
0.347708
0.639281
-0.927998
-0.562876
0.302696
0.673492
-0.539634
-0.587957
-0.186066
1.000000
-0.466315
0.496683
-0.454086
-0.128172
0.283709
-0.370122
-0.564949
-1.000000
-0.211141
0.841984
-0.115250
0.482833
-0.038486
1.000000
0.642287
0.154872
0.997118
0.397304
-1.000000
-0.100235
-1.000000
-0.509167
-0.295741
0.109436
-0.816733
-0.769380
0.171834
0.245141
0.242363
0.536501
0.258546
-0.593326
0.137275
1.000000
0.392256
-0.541102
-0.682567
0.068074
0.583954
0.531286
-0.323614
-0.208046
-0.015467
-0.458383
-0.048157
0.402064
-0.782770
0.644868
-0.406490
-0.048520
-0.979852
-0.503330
0.302083
-0.654290
-0.894439
0.044028
0.670464
0.002789
0.532679
1.000000
-0.273215
-0.052581
-0.217070
0.197778
-0.368061
0.368375
-0.380758
-0.054658
0.696311
-0.656796
-0.173314
-0.169115
0.415041
0.533591
0.416847
-0.387858
-1.000000
-0.755173
-0.136713
-0.305547
-0.376881
0.659443
0.397275
0.180717
0.191312
0.808441
-0.452699
0.310857
-0.868413
-0.464124
0.057182
-0.433527
-0.858745
-0.485245
-0.530689
-0.515063
-1.000000
-0.397693
0.867397
-1.000000
-0.457926
0.515673
-0.744089
0.694265
-0.307747
-0.720728
-0.419493
0.449161
-1.000000
0.794627
0.007850
-0.054481
0.359888
0.653876
-0.872519
0.282670
-0.836598
0.701568
-0.760052
-0.032874
0.397234
-0.982351
-0.957681
-0.951533
0.273682
-0.197570
-0.843823
0.302455
0.679971
0.758396
-0.760042
0.062423
1.000000
-0.086747
-0.724550
-0.188066
-0.122761
-0.078386
0.251800
-0.847007
-0.319764
-0.265579
0.876195
-0.131172
-0.332390
-1.000000
0.710002
0.890372
-0.595716
0.723550
-0.160000
-0.304961
0.767609
-0.510010
0.436542
-0.179480
0.429737
-0.928587
0.404284
-0.755368
-0.364011
0.746475
0.962433
-0.901008
0.451326
-0.369099
-0.742866
0.378455
-0.259707
-0.920794
-0.530594
0.469467
0.211478
-0.806254
0.321201
0.100011
1.000000
0.770555
0.127112
0.344283
0.740844
0.735850
-0.560086
0.709771
0.713204
0.427774
-0.173048
0.015888
-0.203271
-0.744724
-0.257755
0.816884
-0.071799
0.151495
0.784355
-0.417827
0.541178
0.719102
0.389890
0.829910
-0.663541
-0.935220
0.191238
-0.321638
0.260867
-0.461808
-0.410385
0.474059
0.121795
0.110827
-0.567900
0.111514
-0.039738
-0.013451
-0.181601
0.872614
0.956451
0.503722
0.962012
-0.356333
-0.492533
0.216026
0.117921
0.341917
0.012313
1.000000
0.880736
0.459944
0.332229
-0.964132
0.933100
0.053953
1.000000
-0.395434
-0.731567
0.589024
-1.000000
-0.268473
0.373989
0.686926
-0.537236
0.250417
0.437533
0.771189
-0.817440
0.836985
0.596633
0.221624
0.997255
-0.335447
-0.029330
0.026545
-0.172576
-0.849994
-0.010516
-0.994788
-0.102201
-0.534615
0.081553
1.000000
0.482189
0.247936
-0.446960
0.245146
-0.769816
0.636142
-0.194772
0.389777
0.204233
-0.768159
-0.881723
-0.356770
-0.150140
-0.631277
0.192487
-0.345755
-0.636890
-0.094859
-0.387546
-1.000000
0.289744
0.140670
-0.092742
0.281407
-0.204252
-0.203376
-1.000000
-0.101926
0.037966
-0.550490
0.315627
-0.431042
0.793111
-0.671806
-0.201694
-0.619087
-0.446692
-0.700297
-0.297497
-0.633591
-0.129479
-0.871181
0.070248
-0.588047
0.058712
-0.941214
-0.372859
0.652226
-0.486096
0.437898
0.147742
1.000000
0.706379
0.725727
-0.898051
0.565043
-0.316141
-0.023304
-0.662561
0.377364
-0.443215
0.880304
0.320003
0.029850
-0.219043
0.504532
0.679828
0.190614
-0.209123
-0.624642
0.069378
-0.254248
-0.266628
0.246805
0.607654
0.549055
-0.628485
0.586414
-0.127540
-0.588064
-0.947719
0.972577
-0.448818
0.502942
-0.374587
-0.405123
-0.010210
-0.368333
0.788530
-0.862279
0.498739
-1.000000
0.951535
-0.324454
0.124831
0.769827
0.491989
0.557711
0.007569
-0.908986
-0.080300
0.681795
-0.823783
0.300142
-0.629534
1.000000
0.041750
0.646702
-0.316544
-0.594959
0.571026
0.128135
0.834604
-0.424679
0.832476
0.002122
0.526458
-0.449224
0.676788
-0.920704
-0.064821
-0.130502
0.644072
-1.000000
-0.637089
-0.068662
0.348819
1.000000
0.547285
0.992211
-0.055920
-0.670745
-0.744740
0.055118
0.672446
-0.314357
0.980379
0.549541
-1.000000
0.459111
-0.310704
0.090076
-0.594147
-0.250849
-0.233197
0.641316
-0.482195
-0.349601
0.098919
-0.746846
0.883250
-0.975937
-0.620565
0.300072
-0.989321
-0.303231
-0.811393
-0.028570
0.139372
-0.128670
0.815930
0.771167
0.353520
0.809282
-0.073159
-0.336030
0.086144
-0.461002
0.349685
0.287319
-0.548230
-0.609716
-0.098770
0.097780
-0.678321
0.391426
-0.416114
-0.103049
0.156975
-0.903085
0.041416
-0.897623
-0.154592
0.062747
-0.973645
0.447666
0.747645
-0.005400
-0.368425
-0.963915
-0.380293
-0.606195
0.436507
0.227536
-0.117313
-0.562624
-0.634658
-0.694835
-0.952151
0.033793
0.229522
-0.813099
0.653868
0.017207
0.591121
-0.925539
-0.032888
-0.580953
0.543848
-0.144530
-0.170527
0.068616
-0.642250
0.669361
0.927164
-0.322787
0.315432
-0.585998
0.488054
-0.572709
-0.425494
0.473832
0.694221
-0.041317
0.652975
0.604152
1.000000
-0.233326
0.189601
0.135724
-0.171586
-0.287828
0.210148
-0.424609
-0.859208
-0.650484
0.463389
-0.053994
0.048004
0.636785
-0.410755
0.337062
-0.770802
0.112582
0.400156
-0.097447
0.303608
0.981831
-0.706162
0.103910
0.681369
-0.101400
0.549665
0.380067
-0.291135
-0.325502
0.384750
-0.213420
-0.747551
0.443156
-1.000000
-0.864271
-0.433250
-0.503616
0.652360
0.836413
0.845180
-0.379836
-0.491460
0.798300
-0.206071
0.566654
-0.793563
-0.518445
0.727747
0.722510
0.740934
-0.245970
-0.787886
-0.852570
-0.745054
-0.959469
0.986163
0.812051
0.211290
-0.971941
0.289285
-0.082772
-0.486542
0.091534
-0.760391
1.000000
0.574388
0.756500
-0.365720
-0.245613
0.474991
0.479239
-1.000000
0.621798
-0.185392
-0.422194
0.978317
0.670039
-0.051563
-0.206512
-0.533354
0.181626
-0.113322
0.179577
0.217110
-0.038357
0.308291
0.348600
0.494496
-1.000000
0.995082
-0.087847
-0.691312
1.000000
0.211731
-0.364733
-0.603966
0.772889
-0.121808
-1.000000
-0.362955
-0.604885
0.843377
-0.335086
0.606548
0.219282
-0.133891
0.576565
-0.073428
0.039900
0.229831
-0.938748
-0.334277
-0.023955
-0.154346
0.302923
-0.087370
-0.412661
0.779417
0.415985
0.366094
0.825053
1.000000
-0.035012
0.040614
-0.945539
0.028352
-0.618652
-0.870303
0.050517
-0.122210
-0.352025
0.693724
-0.716467
-0.977287
-0.972815
-0.673359
1.000000
0.521061
1.000000
0.632169
-0.437976
-0.011341
0.338232
-1.000000
-0.880725
0.691712
0.033084
0.376376
-0.083000
-0.180469
-0.158807
0.019020
0.279432
-0.416692
-0.238009
0.123182
-0.525449
-0.091113
-0.691487
-0.911391
0.870051
0.211527
-0.355848
-0.926757
0.836274
-0.762111
-0.088310
0.085608
-0.862206
0.421901
-0.785160
0.219087
-0.332226
0.792948
-0.021180
0.644955
0.664920
0.110832
0.111809
1.000000
0.268641
-1.000000
-0.366858
-0.091918
-0.687392
0.265217
-0.134616
-0.502188
-0.869131
0.078984
-0.726218
-1.000000
0.111663
0.460319
-0.221277
-0.039676
-0.119913
0.301489
1.000000
-0.293179
-0.001994
0.488315
-0.118812
0.381345
0.641182
-0.293349
0.170239
-0.601894
-0.778505
0.103132
-0.618920
-0.369176
0.319977
0.083172
-0.084118
-0.487045
-0.447849
0.966045
1.000000
-0.878729
-0.812107
0.409977
-0.246310
-0.722770
-0.724641
0.649835
-0.287991
0.184546
-0.431264
0.957740
-0.373659
-0.466551
-0.127750
0.462345
0.852830
-0.667987
-1.000000
-0.733647
-0.309557
0.509040
-0.618763
-1.000000
1.000000
-0.602142
0.308077
0.795808
-0.062674
-0.562009
0.756179
-0.320794
-0.518603
0.323432
0.423268
-0.023316
0.318272
-0.485907
-0.669152
0.389982
0.951219
0.325739
-0.003237
0.848732
0.130376
0.154131
-0.289954
0.363412
0.384822
0.073427
-0.580982
0.844051
0.439913
-0.642526
-0.566554
-0.649158
-0.904516
-0.117049
0.071658
-0.317078
0.379336
-0.074427
0.607026
-0.327253
0.859902
-1.000000
0.457370
-0.529921
0.773976
-0.605513
-0.792860
0.223760
0.119736
0.124962
0.750179
-0.262181
0.176631
-0.924658
-0.659090
-0.046406
0.065051
-0.612074
0.365029
-0.150079
-0.951775
-0.567481
0.003284
-0.080608
0.572291
-0.585836
0.221157
-0.180454
0.780690
0.137682
0.193880
-0.006854
0.077332
-0.246713
-1.000000
-0.201009
-0.437284
-0.135643
-0.656101
0.541709
-0.414908
-0.311747
-0.051893
-0.521456
0.869386
0.088573
-0.983306
-0.106133
0.888302
-0.037576
-0.620068
0.769029
-0.936266
-0.975890
0.461638
0.631891
0.641892
-1.000000
0.653304
-0.957797
-0.606773
0.424244
0.284837
0.707437
0.991925
0.224832
-0.408673
-0.075558
0.771984
-0.642036
0.096023
0.326554
0.233817
-0.390190
0.549666
-0.837524
-0.192010
-0.896869
0.736648
1.000000
-0.222706
0.922933
0.394435
-0.112420
0.273123
-0.811415
0.274396
0.272853
0.938459
-1.000000
0.742789
0.579013
-0.490833
-0.579325
-1.000000
0.405643
1.000000
-0.344469
0.108425
-1.000000
0.323879
-0.435655
0.809244
-0.054031
0.701612
-0.402097
0.003791
-0.016827
-0.874881
0.020560
-0.699717
0.472580
1.000000
0.842213
0.165513
0.304885
-0.662757
0.988863
0.617830
1.000000
0.728416
-0.681596
-0.346938
-0.522084
-0.979851
0.116884
-0.972677
-0.980633
0.305153
-0.218378
-0.779937
-0.468778
-0.755172
0.791207
-0.039909
-0.819082
-0.245460
0.432790
-0.018660
0.119660
0.342783
-0.006760
-0.015553
1.000000
0.366821
-0.788430
1.000000
-1.000000
-0.609438
0.067019
-0.358785
1.000000
0.267093
0.623590
0.581406
0.519332
-0.541777
-0.180154
0.693621
-0.375625
0.178593
0.192002
0.016846
-0.788209
0.839118
0.801347
-0.504468
0.974549
0.230847
-0.559245
0.310286
-0.482119
0.353568
0.279319
0.784574
0.113178
-0.595663
0.205126
-0.538076
0.777992
-0.102869
-0.651463
-0.252765
0.255302
-0.122500
-0.371160
0.740676
0.937428
0.749672
0.518092
-0.893724
0.122929
0.345838
-0.475920
0.310887
-0.573333
0.240371
-0.511678
-0.544662
0.098656
-0.455634
0.540111
0.006648
0.894552
0.108303
0.538450
0.114718
0.089400
0.418250
-0.825854
0.154651
-1.000000
-0.444376
0.729458
0.028307
-0.044756
0.836113
-0.327421
0.089300
0.106028
-0.554556
-0.798138
-0.880730
0.736284
-0.935294
-0.373040
-0.512481
-0.069347
0.395924
-0.859984
-0.829112
0.649380
0.568533
-0.755922
0.512208
0.371243
-0.299214
-0.861333
0.209506
0.379293
-0.182499
-0.024742
-0.376599
0.609971
0.547206
-0.512593
0.592482
0.124941
0.394588
0.474597
-0.741129
1.000000
0.717348
0.627494
0.478244
0.009579
-0.654440
-0.206433
-0.943226
0.231856
-0.271046
-0.863464
-0.474221
0.939291
0.914622
-0.866914
0.201371
0.351208
-0.286403
-0.337815
-0.327460
0.717158
-0.392592
1.000000
-0.962718
0.639812
-0.186690
-0.341431
-0.314740
-0.193966
0.818248
-0.782701
0.431425
-0.541162
0.134671
-1.000000
-0.238374
0.063283
-0.040508
1.000000
-0.869969
0.058300
-1.000000
0.074261
-0.327903
-0.292582
1.000000
0.375017
0.151462
0.596327
0.532466
0.583575
0.855935
0.058183
0.355186
-0.640724
-0.856947
0.453929
-0.279763
0.814308
-0.640209
0.439980
-0.422098
-1.000000
-1.000000
0.852842
-0.192101
-1.000000
0.131886
-0.939314
-0.449460
0.125773
0.346360
-0.898904
0.212096
-0.393267
0.229997
-0.466491
-0.422279
-0.083442
-1.000000
-0.036304
-0.810746
0.237004
-0.138670
0.040121
-0.907076
0.738346
-0.812746
-0.354484
0.401772
-0.984603
-0.936687
0.473953
0.921966
0.088728
-0.234840
0.445297
-1.000000
-0.246356
-0.552698
-0.397036
0.905820
-0.683408
0.734835
-0.942362
1.000000
-0.363639
-0.223755
1.000000
0.026108
0.199311
0.796581
-0.981339
-0.610724
0.282063
-0.117389
0.703802
-0.934760
-0.250601
-0.235260
0.837864
0.837076
1.000000
0.580758
0.196231
-0.186406
0.653075
0.034227
1.000000
0.941482
-0.292810
0.521109
0.141030
-0.589664
-0.408619
0.991368
0.500807
-0.927626
0.592125
-0.144019
-0.192793
0.905161
0.492512
0.892954
0.378132
0.786293
0.929540
0.327386
-0.246551
-0.668038
-0.184449
-0.188811
-0.203054
-0.050948
-1.000000
-0.102208
0.268468
-0.546170
-0.848166
-0.988785
-0.612559
0.967470
0.128716
0.086540
0.334990
0.375956
-0.052383
0.083877
-0.429489
0.563865
1.000000
-0.850167
0.152967
0.324829
0.334386
-0.334778
0.728965
-0.811448
-0.610690
-0.410359
-0.709814
-0.226487
-0.224935
0.968699
0.178917
-0.580587
0.153816
0.376064
0.665840
-0.842106
-0.413145
-0.070508
0.963512
0.290332
0.473552
0.739115
-0.911121
-0.360435
-0.974164
0.162396
1.000000
0.106083
-0.802329
0.973686
0.279910
0.915036
-1.000000
0.019146
0.280443
0.937634
0.569196
-0.194933
0.879160
-0.018362
0.966175
0.389041
-0.973587
-0.660614
0.185571
0.237635
-0.709030
-0.099510
-0.437526
0.089093
-0.578604
0.162432
0.897960
0.172361
-0.276550
-0.673905
1.000000
0.019807
-0.221100
0.028592
0.427438
-0.662966
-0.151843
1.000000
0.406519
-0.891673
-0.393148
0.171408
-0.889426
-0.525469
-0.641098
0.517656
-0.725541
0.496105
0.469835
-0.092525
-0.607533
0.117697
-0.955832
0.030831
0.779784
-0.245697
-0.121361
-0.248775
0.290936
0.821575
-0.699745
0.673227
-0.461213
-0.971760
1.000000
-0.822222
-0.228256
-0.046768
-0.260855
-0.603711
0.066068
1.000000
0.700933
0.049178
-0.100003
0.937144
-0.738487
-0.470092
-0.102287
-0.711067
-0.472260
-0.070237
-0.286758
-0.339879
-0.507960
0.937981
0.864932
-0.697452
-0.264919
-0.481894
-0.597633
0.089836
0.955825
1.000000
0.280272
0.742773
0.578813
0.524963
-0.700792
-0.041084
-0.365098
-0.800969
0.347936
0.928507
0.404752
-1.000000
0.049468
-0.896856
0.379491
-0.293049
-0.466441
-0.867520
1.000000
0.796399
0.747637
0.592196
-0.246334
-0.382288
-0.607226
0.482075
-1.000000
-0.764645
0.886302
-0.575030
0.945920
-0.135945
0.262541
-1.000000
0.064355
-0.039156
-0.256894
-0.870840
0.310104
-0.688840
-0.822456
-1.000000
-0.837084
0.165688
-0.831190
-0.463556
0.486381
0.700333
0.055271
-0.323545
-0.117057
-0.254174
0.378489
-0.134789
-0.119320
0.695096
0.917377
0.458254
0.506340
-0.540536
0.231427
-1.000000
-0.588180
-0.613379
0.396738
0.804783
-0.324934
0.278969
0.403939
0.008705
0.599670
-1.000000
-0.366908
0.429628
1.000000
-0.211792
-0.790764
-1.000000
0.716918
-0.304874
0.865022
0.423211
0.600035
-0.441036
-0.603735
-0.608045
-0.488373
-0.008798
-0.277091
-0.183266
-0.934894
0.987711
-0.214116
0.376763
-0.427421
-0.120727
-0.504802
0.907232
-0.008940
0.619782
0.907466
-1.000000
0.679060
-0.058046
0.074155
-0.302946
-0.212535
1.000000
-0.741057
-0.544496
0.766520
0.157130
-0.758189
-0.402710
0.389733
1.000000
0.128885
-0.596648
0.525309
0.322343
-0.730649
-0.700656
0.419018
-0.377033
0.315112
-0.571599
-0.690288
-0.314634
-0.156136
-0.375534
-0.369734
0.073102
0.782961
0.081208
-0.933361
-0.696714
-0.082591
-0.224313
0.662620
0.438293
-0.409222
-0.127113
0.165117
-1.000000
0.499075
-0.455635
-0.282701
0.160166
-0.430672
0.839201
-0.094357
-0.145454
0.607579
-0.962532
0.819784
0.690394
0.221615
0.246322
0.850544
0.154503
0.377147
-0.315262
-0.504228
-0.232224
0.223170
0.869384
0.226649
-0.077295
0.740091
0.362136
-0.436008
0.958638
0.091116
0.050364
0.518738
-0.231493
-0.180580
0.673217
0.046026
-0.253779
-0.043255
-0.788376
-0.597051
-0.471460
0.016611
-0.513416
0.287259
0.647945
-0.434595
0.337354
-0.086867
0.315352
-0.490939
0.022220
-0.208366
1.000000
-0.844408
0.389885
0.135042
-0.761928
1.000000
-0.111067
0.516009
0.556860
-0.500348
-0.450927
-0.701090
0.504707
-0.670042
0.693274
0.084987
-0.008551
0.151844
0.164933
0.346519
0.090943
-0.980302
-0.401596
-0.635520
0.154884
-1.000000
-0.838094
0.035142
0.896997
0.764826
-0.392104
-0.064684
0.396499
-1.000000
-1.000000
-0.109068
-0.395206
-0.366292
0.621432
-0.788364
-0.068820
0.647817
-0.001606
0.344470
0.149706
-0.633149
0.950842
-0.824799
-0.239181
0.401913
0.525242
0.174186
-0.754434
0.479651
-0.594568
-0.167549
0.746724
-0.430452
-0.095211
0.794221
0.846219
-0.789286
0.892863
1.000000
0.252630
0.294361
-1.000000
1.000000
-0.482281
-0.757379
-1.000000
0.644730
0.883465
0.289927
0.510837
-0.803130
0.442416
0.915300
0.180973
0.654097
-0.203957
-0.105342
0.771098
-0.496117
1.000000
0.134370
0.207203
0.016266
-0.097144
-0.241209
-0.988049
-0.059597
0.604072
-0.361795
0.589522
-0.755420
-0.110428
0.028617
-0.125293
0.842718
0.252693
0.351896
-0.020376
0.056288
-0.015774
-0.350078
-0.119439
0.691400
1.000000
-0.472506
-0.518570
0.082273
0.650753
-0.386555
-0.317469
-0.282618
0.592820
-0.081755
-0.509136
-0.341032
0.690644
-0.227192
0.564726
0.395367
-0.355008
-0.947071
-0.433264
0.376067
0.091445
-0.721846
0.103836
0.099997
0.512789
0.185633
-0.485846
-0.945563
-0.457665
-0.521248
-0.438056
0.509233
-0.117520
0.701492
-0.036745
-0.422622
0.924884
0.009612
0.434646
0.450946
0.321321
-0.887018
-0.785744
0.649237
-0.075697
0.709287
-0.372969
-1.000000
0.180412
-0.105051
0.788099
-0.227948
0.334208
0.066268
-0.998572
-0.200875
0.674486
-0.429767
0.531589
0.471962
-0.259081
0.710381
0.117768
0.712056
0.369144
0.714736
0.216829
0.162973
0.990485
-0.465920
-0.181250
-0.508655
-0.319194
0.040480
-0.186743
-0.033707
1.000000
0.545185
-0.334669
-0.670112
0.520503
0.077471
0.397243
-0.292553
-0.741555
-0.422462
-0.531784
0.791655
-0.275138
-0.695431
-0.258291
-0.919149
0.506429
-0.310023
-0.347483
0.261839
-0.236667
-0.240368
0.047593
-0.236605
0.271630
0.445179
-0.996749
-0.927678
-0.995670
-0.155183
0.422939
-0.102792
-0.624991
0.823183
-0.610997
0.357442
0.776018
0.111412
-0.950103
0.157016
0.175168
-0.733689
-1.000000
-0.405818
0.541758
-0.125087
-0.946471
0.860335
0.214760
-0.301677
-0.671687
0.290610
0.064260
-0.374861
1.000000
0.178661
0.091360
-0.125356
0.313453
0.514843
0.660003
0.240460
0.333063
0.672172
0.043180
0.377732
-0.328543
-1.000000
0.027391
0.263185
0.109896
-0.375258
0.862399
-0.092199
-0.553736
0.261843
0.029450
-0.618790
-0.626810
0.685438
1.000000
0.637609
0.512496
-0.516801
0.921536
-0.669270
-0.052550
-0.005598
0.028412
-0.113801
0.165596
-0.835550
-0.371774
0.785770
-1.000000
-0.601720
0.415656
0.321499
0.078021
0.830470
-0.896176
0.450607
0.280372
-0.663005
0.262904
-0.758502
0.398985
0.832109
0.683964
-0.272957
-1.000000
-0.592044
0.633815
-0.836124
-0.440382
-0.519303
-1.000000
-0.635106
-0.231202
-0.012500
0.328210
-0.015730
-0.040601
-0.619277
-0.938144
-0.187984
0.481583
0.025530
0.515193
0.791512
-0.457112
-0.102513
-0.397040
0.666463
-0.299300
0.740999
-0.202869
-0.736543
-0.854780
-0.144585
-0.067313
-0.165565
-0.425150
0.123480
-0.074577
-0.786051
0.262686
0.747687
-0.536318
0.018013
0.539494
-0.960121
0.218292
0.597156
-0.271027
-0.519989
-1.000000
1.000000
-0.517039
-0.943092
1.000000
0.172182
-0.045735
-0.031913
0.633473
-0.573368
-0.350177
-0.206009
-0.846393
0.536420
0.749968
0.600654
0.439724
0.236467
-0.438738
-0.122095
-0.269022
-0.304351
-0.803348
-0.527394
-0.311265
-0.021762
0.023187
-0.287224
0.160045
0.487917
0.109669
0.948491
-0.927071
-0.401551
-0.773894
-1.000000
0.321782
-0.927947
-0.151587
-0.089689
0.367348
-0.281346
-1.000000
1.000000
-0.677276
-0.570961
0.520252
0.221632
-0.753146
0.130541
-0.023704
0.800114
0.827254
0.388890
-0.425314
-0.749334
-0.303694
0.374262
1.000000
0.780778
0.317723
0.709014
0.161400
-0.549680
-1.000000
1.000000
-0.852669
0.323489
0.823059
0.968900
0.258725
0.441392
-0.993020
0.117655
-0.409404
-0.573772
-0.436331
-0.421176
0.423495
0.854428
0.136608
0.352300
0.996488
1.000000
-0.150400
-0.285714
-0.346974
-0.017713
-0.161134
0.437545
0.883085
-0.024307
0.606253
0.717303
0.493776
0.216566
0.167889
0.040613
-0.588191
0.352230
0.319396
-0.974653
0.526692
0.039083
0.897480
0.688555
0.426008
-0.811636
0.733483
-0.473716
-1.000000
0.079762
-0.132440
-0.173252
-0.088515
0.269169
-1.000000
-0.328186
0.903501
-0.932186
0.635699
-0.266145
-0.387432
0.861397
-0.796279
-0.075307
0.095131
0.174855
0.389528
0.445240
0.654650
0.227984
-0.820151
-0.897075
-0.731560
-0.205806
-0.097243
-0.737064
0.342523
-0.601081
0.105123
0.739406
0.870053
0.335616
-0.622970
-0.191249
-0.060364
-0.657081
-0.198336
-0.502715
0.321568
-0.611036
0.444899
-0.008130
-0.342266
-0.181362
-0.942539
1.000000
-0.250489
-0.399551
0.950492
-0.243501
-0.872660
-0.233389
0.643707
0.930888
-0.219944
-0.831532
0.365345
-0.574871
-0.723225
-0.660969
0.579766
-0.322341
0.031177
-0.482408
0.281810
0.222627
-0.226592
0.012285
0.092629
-0.539902
-0.016621
0.896637
-0.417817
0.739452
0.991733
-0.319229
0.398086
-0.019841
0.495689
0.041724
-0.536496
0.211835
-0.845925
-0.884568
-0.680265
-0.455940
0.536201
1.000000
-0.049804
0.761483
0.210448
-0.770316
-0.419048
0.502406
-0.210942
-0.127696
-0.091268
0.501356
-0.799468
-0.517104
0.901422
0.797618
0.850007
1.000000
-0.287598
-0.144092
0.238415
-0.440434
-0.168504
0.258138
0.964170
-0.546322
0.018781
0.462826
0.395140
-0.028674
-0.690411
-0.342625
-0.398389
-0.687769
-0.559293
-1.000000
-0.274016
-0.566197
1.000000
0.772670
0.520993
0.580759
-0.174603
0.031346
-1.000000
-0.765898
-0.597752
-0.868681
-0.735238
0.549575
-0.900118
0.906360
-0.245212
0.274891
0.523160
-0.751585
-0.111449
-0.816855
-0.292078
0.867582
-0.403138
0.445405
-0.220969
0.065468
0.309285
0.850485
0.008135
1.000000
0.031583
0.719208
0.596146
0.187872
-0.509558
-1.000000
0.100430
-0.195001
-0.291878
0.581081
-0.174231
0.487945
0.556641
0.308385
0.759802
0.750464
0.689637
-0.279085
-0.862829
-0.016576
1.000000
-1.000000
0.705210
0.751838
-0.437904
0.630877
-0.655073
0.762026
-0.628345
0.125005
-0.082587
0.588740
-0.267327
0.731449
0.481378
1.000000
0.559922
1.000000
-0.463879
0.274446
-0.843390
0.825247
-0.085415
-0.696547
-0.171478
0.960034
1.000000
0.026271
-0.270845
0.249023
1.000000
0.178547
-0.471059
-0.253949
-0.492557
-0.688933
0.011491
0.215835
0.803856
-0.051046
-0.056278
0.619424
0.364233
-0.099213
0.850330
0.483675
0.557394
-0.019498
0.553654
0.957124
0.312601
-0.041006
0.512225
-0.288422
-1.000000
-0.188839
-0.600644
0.894245
-1.000000
0.106830
-0.235606
-1.000000
-0.808155
0.278887
0.024405
-0.070654
0.016818
-0.796781
0.745930
0.341051
-0.470459
0.490793
0.364858
1.000000
-0.717991
0.345524
-0.828600
-0.549625
0.442963
0.446940
0.256526
0.691651
-0.354263
-0.831436
0.933473
-0.010797
0.017737
0.768827
0.619575
-0.315821
0.387387
-0.551101
0.010309
1.000000
-0.082346
0.097896
-0.751170
0.764619
-0.299462
-1.000000
0.002121
0.614255
-0.190071
-0.732912
0.206733
-0.136623
0.833287
0.341009
-0.448951
-1.000000
-0.488377
-0.778937
0.601247
0.489469
-0.056186
0.714096
-0.559578
0.187987
0.832039
-0.407817
0.588465
-0.376338
-0.009864
-1.000000
-1.000000
-0.202727
0.159482
0.121499
-0.616886
0.926739
0.175228
0.158262
0.236221
0.370682
-0.130856
0.270931
-0.029308
-0.365158
0.644769
-0.136638
-1.000000
0.807133
0.937590
0.256980
-0.346792
-0.547172
1.000000
0.208401
-0.449507
1.000000
0.557016
-0.986313
0.301410
0.371997
0.507441
0.750953
-0.153525
-0.106558
0.538485
0.497533
-0.130704
-0.074520
-1.000000
-0.095055
-1.000000
0.525570
-0.660103
-0.588075
-0.472534
-0.558551
0.340098
-1.000000
0.235496
0.157802
-0.059913
-0.372590
0.608935
0.246850
-0.516987
0.282747
0.235169
-0.619535
-0.374055
-0.014442
-0.190696
-0.209917
0.146433
-0.422161
-0.073576
0.694669
0.175339
0.919645
-0.265679
-0.121180
0.730776
-0.976601
-0.937911
-0.196839
0.256893
-0.720238
0.101003
0.660111
0.136759
0.629066
-0.141942
-0.744452
-0.837494
-0.825605
-0.629010
0.511870
-0.505452
-0.086436
-0.202127
-0.164458
-0.027331
0.858763
-0.225324
0.216970
0.901363
-0.611180
-0.365035
-1.000000
-0.435063
-0.069718
-0.045046
0.174636
-0.385593
-0.427744
-0.087305
-0.514244
0.832492
0.025146
0.058814
0.233906
1.000000
-0.383122
0.886574
-0.482667
-0.585046
-0.595985
-0.606310
-0.326053
0.317020
-0.437239
-0.578444
-0.398600
1.000000
0.169791
0.869200
0.830098
0.080114
-0.232172
-0.463072
-0.278238
-0.636978
0.735604
0.530245
0.693480
-0.072950
-1.000000
-0.333140
-0.468987
0.662616
0.334352
-0.015174
-0.870328
-0.819119
-0.930458
-0.132774
-0.689944
0.126338
0.369220
0.742614
0.844916
0.057841
-0.150314
0.788466
0.515627
-0.351859
0.045830
-0.093603
-0.502314
0.593617
0.117485
-0.761553
0.730156
-0.963202
-0.258095
0.630372
0.003995
-0.739989
0.399561
-0.548499
0.128820
-0.882711
-1.000000
-0.099978
-0.305952
-0.576163
-0.072128
0.555733
-0.811717
0.386628
-0.933695
-0.017091
0.036135
0.294811
0.742514
-0.708374
-0.110381
-0.075362
0.459493
0.931045
0.386437
0.002984
-0.146818
-0.820801
-0.637837
0.345081
0.360925
0.090923
0.535602
0.090114
0.785152
0.371813
0.555386
-0.983914
-0.614665
0.266928
-0.535890
-0.068786
-0.743762
-0.873785
0.496992
1.000000
-0.446286
-0.529554
0.781978
0.477607
-0.137613
-0.142562
1.000000
-0.015953
0.304949
-0.308815
-0.794595
-0.432354
-0.836895
-0.008967
0.133148
1.000000
-0.026790
0.962337
0.561251
0.384806
0.749808
1.000000
-0.399858
0.010899
1.000000
-0.612122
-0.195259
0.613726
0.553327
0.788718
0.002850
-0.770271
0.702935
-1.000000
-0.229996
0.491621
0.031733
-0.376403
-0.424669
-0.240959
0.229558
0.048110
0.102761
0.013405
1.018405
0.010073
0.209202
0.026779
0.314202
0.365779
0.008698
0.089554
0.010473
0.040490
0.002572
0.025407
0.080032
0.220375
0.048456
0.012976
0.079120
0.007873
0.043628
0.106809
0.019248
0.037567
0.071727
0.030774
0.280210
0.213850
0.373779
0.008955
0.029079
0.123036
0.013349
0.017747
0.003513
0.022616
0.008032
0.053826
0.005351
0.154935
0.057162
0.011322
0.213268
0.009056
0.039540
0.015045
0.004376
0.110725
0.012649
0.059228
0.080956
0.018593
0.148614
0.022153
0.089945
0.498352
0.015096
0.033287
0.112387
0.237791
0.132574
0.113568
0.027424
0.089900
0.043368
0.249790
0.333964
0.011132
0.064420
0.007468
0.008637
0.058087
0.078757
0.009228
0.007262
0.016046
0.342048
0.110249
0.017601
0.013473
0.392024
0.024410
0.031003
0.089965
0.110675
0.233429
0.389482
0.067729
0.148887
0.059393
0.011646
0.046757
0.121593
0.386883
0.001234
0.045743
0.025274
0.243328
0.004119
0.210650
0.003635
0.027762
0.024251
0.038649
0.015833
0.017243
0.340995
0.008966
0.028807
0.019632
0.020027
0.137615
0.002156
0.057888
0.164622
0.008085
0.185999
0.046264
0.012078
0.027853
0.030406
0.053958
0.018159
0.010818
1.948851
0.150963
0.007256
0.011598
0.033271
0.006255
0.016729
0.099666
0.582280
0.167675
0.002609
0.077634
0.077640
0.010976
0.551211
0.053448
0.019855
0.002477
0.347139
0.023621
0.121552
0.322165
0.028362
0.117884
0.137807
0.036656
0.063078
0.044208
0.044195
0.005548
0.137653
0.001856
0.143840
0.006099
0.088668
0.013581
0.024087
0.058831
0.041504
0.017061
0.106210
0.166812
0.006319
0.058924
0.480898
0.015266
0.003058
0.037153
0.093687
0.406922
0.098657
0.011385
0.006950
0.148721
0.234720
0.011023
0.004806
0.033874
0.013577
0.018923
0.072311
3.121008
0.150619
0.010018
0.589811
0.013920
0.093742
0.040195
0.033703
0.042343
0.385887
0.016749
0.369532
0.067746
0.034200
0.062776
0.010662
0.012339
0.031161
0.135751
0.057309
0.060632
0.005917
0.088164
0.022323
1.003020
0.007698
0.521940
0.003831
0.010220
0.049013
0.040394
0.010098
0.030739
0.058985
0.061218
0.048075
0.014430
1.037716
0.927678
0.144352
0.063897
0.150050
0.049448
0.025676
0.140616
0.088037
0.030021
0.027150
0.012182
0.024672
0.020634
0.108778
0.144377
0.018492
0.075666
0.274231
0.280597
0.091953
0.461999
0.051156
0.028992
0.110642
0.016773
0.384109
0.078063
0.054403
0.085128
0.184417
0.080420
0.109747
0.042924
0.135011
0.086072
0.017957
0.039457
0.046120
0.022847
0.024582
0.002307
0.048582
0.016309
0.065653
0.014437
4.267199
0.041437
0.013200
0.029807
0.003108
0.057599
0.030400
0.433745
0.003656
0.046258
0.004325
0.031503
0.129172
0.004733
0.273217
0.251360
0.097246
0.017375
0.013273
0.045799
0.004770
0.080724
0.076173
0.015620
0.034519
0.052579
0.040176
0.006384
0.027409
0.188948
0.693826
0.091467
0.088133
0.026043
0.003851
0.038159
0.058531
0.095939
0.074987
0.142921
0.148264
0.127028
0.117417
0.013581
0.128243
0.101830
0.539188
0.179419
0.056550
0.184791
0.100963
0.083928
0.048753
0.130132
0.331599
0.006738
0.247657
0.413358
0.287505
0.917743
0.071808
0.013220
0.011359
0.019602
0.007348
0.017633
0.006488
0.006138
1.010943
0.019557
0.014268
0.180778
0.242238
0.417640
0.063882
0.045779
0.042570
0.149706
0.371770
0.233723
0.050733
0.124749
0.016627
0.058622
0.058555
0.033289
0.082689
0.033048
0.063746
0.123987
0.001681
0.001812
0.160556
0.154041
0.098038
0.272052
0.046964
0.081420
0.019390
0.878192
0.898547
0.103253
0.007320
0.002266
0.103722
0.039821
0.050954
0.032309
0.015464
0.071795
0.071042
0.105741
0.089369
0.003749
0.010688
0.058365
0.057521
0.082946
0.382324
0.148756
1.664547
0.160973
0.104266
0.720532
0.006400
0.065620
0.043983
0.753906
0.002270
0.036989
0.136665
0.160835
0.114213
0.051220
0.026293
0.071114
0.037632
0.083349
0.313438
0.017096
0.001115
0.260066
0.053397
0.017538
0.136192
0.002175
0.033019
0.070966
0.020309
0.069457
0.001783
0.033902
0.056908
0.461063
0.175807
0.004758
0.257491
0.106021
0.041809
0.034283
0.022934
0.149128
0.374846
0.362545
0.015899
0.010145
0.073420
0.035819
0.083383
0.345179
0.523818
0.192315
0.080379
0.042142
0.060913
0.162117
0.066583
0.078747
0.023356
0.692778
0.038281
0.120214
0.251213
0.026178
0.104915
0.016070
0.054205
0.013904
0.011205
0.132713
0.017910
0.034131
0.766178
0.035681
0.023260
0.032719
0.155431
0.052164
0.171785
0.338599
0.194585
0.124165
0.146619
0.124032
0.030132
0.008338
0.063679
0.018432
0.108774
0.269964
0.057615
0.137034
0.103215
0.047936
0.000773
0.017640
0.263220
0.050456
0.126865
0.316434
0.075033
0.130662
0.024319
0.007787
0.082834
0.007631
0.102785
0.159371
0.032256
0.088402
0.007766
0.049198
0.229564
0.082192
0.047634
0.019758
0.080913
0.118159
0.448488
0.458644
0.009318
1.164576
0.035346
0.018392
0.047405
1.418326
0.029852
0.026904
0.497929
0.008600
0.027755
0.016415
0.063664
0.043789
0.246129
0.007377
0.441144
0.006731
0.006988
0.032284
0.005469
0.012702
1.945845
0.043590
0.044107
0.044382
0.099773
0.009051
0.051683
0.155574
0.013939
0.099034
0.549291
0.040291
0.011391
0.008190
0.153281
0.092771
0.081774
0.342261
0.035420
0.030305
0.010907
0.006879
0.051924
0.090406
0.048944
0.109862
0.046976
0.269532
0.048106
0.018695
0.010477
0.089860
0.006702
0.123804
0.009738
0.070839
0.026986
0.010869
0.031317
0.032198
0.011817
0.266588
0.094024
0.053961
0.243068
0.003001
0.149030
0.049900
0.010824
0.002413
0.034145
0.056496
0.014484
0.059204
0.239944
0.003982
0.022976
0.005577
0.018755
0.861369
0.085765
0.322221
0.052514
0.204312
0.131254
0.019879
0.022098
0.050468
0.058794
0.132861
0.059087
0.092027
0.023528
0.013043
0.036451
0.060385
0.025096
0.065514
0.155041
0.032330
0.006162
0.014134
0.193975
0.199256
0.018710
0.115828
0.154676
0.013931
0.124659
0.039649
0.053103
0.027004
0.004232
0.056662
0.168539
0.061912
0.050908
0.214880
0.003676
0.061052
0.033851
0.102756
0.009916
0.086813
0.041362
0.025174
0.023796
0.017421
0.011820
0.006705
0.019708
0.013469
0.143195
0.008500
0.017006
0.048438
0.051687
0.029657
0.013881
0.007030
0.029465
0.283049
0.008188
0.016980
0.049537
0.179143
0.003641
0.054031
0.124015
1.876767
0.036079
0.058567
0.009111
0.056505
0.010588
0.482045
0.008044
0.005285
0.206627
0.076883
0.248116
0.015785
0.005257
0.036031
0.009866
0.488591
0.124931
0.032073
0.044309
0.267459
0.011610
0.026184
0.590249
0.842762
0.107903
0.023649
0.002450
0.010694
0.124487
0.060985
0.024202
0.344142
0.056838
0.139780
0.224074
0.025937
0.022760
0.048077
0.024228
0.059223
0.070651
0.132752
0.030084
0.003926
0.005787
0.089246
0.004683
0.035810
0.004640
0.658412
0.045661
0.054852
0.015924
0.157566
0.020503
0.488687
0.106910
0.522622
0.038932
0.070965
0.016706
0.122467
0.205865
0.330201
0.001706
0.018432
0.004039
0.157764
0.013654
0.097975
0.017322
0.125481
0.078497
0.093242
0.013645
0.000407
0.046110
0.045822
0.004174
0.050263
0.221101
0.247120
0.165824
0.172863
0.161336
0.070540
0.048105
0.006436
0.050112
0.037731
0.065737
0.005895
0.172817
0.035646
0.018353
0.099153
0.033313
0.027099
0.009073
0.174425
0.143042
0.083246
0.043498
0.048268
0.046154
0.176519
0.010076
0.052796
1.496835
0.500414
0.085868
0.207120
0.007029
0.108941
0.083881
0.026634
0.143002
0.325725
0.067289
0.047417
0.008708
0.017228
0.141118
0.183843
0.004025
0.007004
0.024203
0.037967
0.008636
0.259782
0.177051
0.035987
0.038444
0.013712
0.073612
0.080479
0.154329
0.091472
0.039462
0.009628
0.265225
0.032027
0.210034
0.014988
0.709311
0.069183
0.221413
0.737018
0.202546
0.033697
0.268869
0.086996
0.063582
0.023678
0.002380
0.014590
0.044209
0.243831
0.047509
0.012804
0.014641
0.075894
0.130789
0.066457
0.009315
0.059033
0.166752
0.059098
0.191159
0.286673
0.009159
0.122421
0.001154
0.007711
0.443959
0.019831
0.019601
0.356366
0.097008
0.645959
0.024078
0.031730
0.142915
0.034421
0.080492
0.006369
0.390239
0.030019
0.033701
0.132251
0.089465
0.017453
0.041255
0.021105
0.058444
0.024100
0.059562
0.052737
0.004191
0.303784
0.045555
0.011582
0.092820
0.045811
0.019040
0.070795
0.005835
0.130387
0.018560
0.013548
0.009294
0.016218
0.024114
0.183585
0.013291
0.031442
0.180729
0.351503
0.077797
0.040174
0.035005
0.077297
0.003917
0.008224
0.293412
0.034793
0.186088
0.016656
0.012858
0.460919
0.028830
0.023634
0.022023
0.014493
0.117063
0.045758
0.026226
0.204005
0.058407
0.009530
0.018721
0.024615
0.027666
0.068183
0.013141
0.352756
0.097436
0.024648
0.173039
0.019118
0.029657
1.917731
0.128058
0.147515
0.058566
0.020087
0.006349
0.007850
0.132364
0.015639
0.004760
0.161378
0.030933
0.006399
0.127323
0.058342
0.069869
0.020486
0.034140
0.181875
0.045690
0.007384
0.015808
0.016863
0.398876
0.029355
0.015621
0.504616
0.038305
0.003798
0.009366
0.249180
0.019481
0.067032
0.018044
0.007164
0.005057
0.026450
0.076048
0.115189
0.089709
0.015073
0.210579
0.018979
0.329918
0.083011
0.315877
0.050401
0.052496
0.028985
0.026081
0.069698
0.068662
0.009425
0.218095
1.063751
0.077537
0.157481
0.048385
0.020264
0.034912
0.120230
0.005002
0.042577
0.024778
0.090644
0.138203
0.067197
0.106636
0.235421
0.010941
0.132095
0.028472
0.033326
0.408193
0.034359
0.038883
0.015280
0.138120
0.013906
0.182693
0.057417
0.009375
0.021784
0.105627
0.057145
0.088812
0.037655
0.031684
0.037062
0.018892
0.041419
0.031226
0.006190
0.003921
0.013507
0.046183
0.109098
0.017454
0.044316
0.230165
0.086960
0.013967
0.111531
0.146337
0.050496
0.063760
0.401405
0.007470
0.024930
0.290367
0.015679
0.057660
0.050176
0.046697
0.079208
0.108896
0.162254
0.021128
0.037315
0.016635
0.017570
0.006950
0.865226
0.075203
0.028751
0.122038
0.002142
0.277246
0.044320
0.001917
0.011430
0.007019
0.137671
0.006064
0.094910
0.012834
0.054201
0.060777
0.019120
0.011624
0.014678
0.007008
0.001328
0.011774
0.229675
0.015354
0.094992
0.006171
0.310185
0.144048
0.036528
0.470959
0.020830
0.353177
0.022590
0.002743
0.012621
0.011737
0.010537
0.015904
0.054095
0.019661
0.269172
0.005670
0.070068
0.031194
0.117132
0.062163
0.072431
0.104747
0.040587
0.078276
0.031305
0.009478
0.103319
0.006228
0.083787
0.198052
0.069982
0.022416
0.023672
0.182678
0.768006
0.002018
0.056043
0.015417
0.030504
0.178974
0.062989
0.025336
0.017897
0.140528
1.452637
0.215778
0.026315
0.400717
0.117258
0.034262
0.008090
0.104605
0.256952
0.010982
0.165362
0.132745
0.136930
0.019262
0.681663
0.427458
0.561689
0.008811
0.039209
0.005444
0.042867
0.019623
0.326919
0.050495
0.060191
0.080219
0.044882
0.035062
0.003473
0.046453
0.040114
0.023938
0.047116
0.023662
0.007385
0.022049
0.053480
0.005617
0.022831
0.266085
0.047152
0.022454
0.107132
0.171442
0.652982
0.007485
0.037630
0.017838
0.080827
0.506476
0.105917
0.110486
0.025767
0.089229
0.372710
0.016301
0.086063
0.311304
0.842778
0.031048
0.016178
0.153298
0.013553
0.162042
0.788949
0.107485
0.052986
0.071412
0.011518
0.008351
0.058058
0.002899
0.022668
0.047257
0.065649
0.014191
0.508039
0.006353
0.070834
0.006970
0.073951
0.047793
0.358189
0.045689
0.091367
0.023416
0.019897
0.005729
0.024253
0.071587
0.060677
0.025726
0.016762
0.055851
0.015799
0.007734
0.147657
0.350910
0.019221
0.075626
0.010610
0.012890
0.028809
0.087556
0.013239
0.002831
0.344804
0.132351
0.002928
0.029227
0.054686
0.007624
0.024074
0.174739
0.139482
0.016156
0.429720
0.135866
0.426853
0.174022
0.024979
0.005949
0.071210
0.030046
0.111962
0.006210
0.043755
0.060119
0.028777
0.207276
0.115817
0.017615
0.007673
0.039079
0.168210
0.014971
0.281101
0.345076
0.125395
0.049138
0.027237
0.059428
1.517591
0.013064
0.028793
0.022506
0.229815
0.006047
0.007606
0.012418
0.025385
0.072227
0.058425
0.042291
0.061867
0.255277
0.004580
0.401514
0.010158
0.008898
0.057889
0.087352
0.016075
0.042045
1.726003
0.099328
0.026336
0.380250
0.076320
0.083007
0.039235
0.006487
0.202048
0.142279
0.147475
0.216956
0.057298
0.036418
0.121452
0.108251
0.258576
0.019640
0.020226
0.024358
0.025926
0.049755
0.058829
0.032283
0.027477
0.263595
0.043075
0.015083
0.009834
0.036574
0.332357
0.341597
0.015330
0.113380
0.015673
0.006564
0.092748
0.024657
0.166388
0.161854
0.016051
0.010987
0.005585
0.157115
0.024867
0.037622
0.021470
0.030866
0.035444
0.134955
0.089128
0.015818
0.054090
0.027309
0.041070
0.061168
0.070128
0.040128
0.001875
0.075136
0.078478
0.021990
0.002573
0.201515
0.067220
0.014158
0.010963
0.012104
0.152893
0.088667
0.109743
0.077590
0.074725
0.105101
0.201058
0.082198
0.084515
0.377948
0.011456
0.003664
0.117217
0.002426
0.325717
0.011875
0.068171
0.040728
0.010760
0.016791
0.218621
0.383561
0.111636
0.008237
0.559571
0.016668
0.238613
0.054476
0.025574
0.005275
0.020371
0.021889
1.644594
0.009061
0.049550
0.550822
0.509544
0.010732
0.215948
0.124872
0.099704
0.072432
0.138724
0.008345
0.203439
0.003446
0.040011
0.076220
0.042298
0.136399
0.041251
0.058395
0.064544
0.059782
0.060476
0.029948
0.119664
0.116023
0.022892
0.243324
0.143193
0.006024
0.044019
0.028032
0.390684
0.194021
0.018527
0.012034
0.001677
0.121556
0.024211
0.033013
0.240274
0.073227
0.224476
0.019944
0.160584
0.271179
0.055929
0.461769
1.036591
0.043102
0.028820
0.147586
0.116838
0.045476
0.036978
0.021541
0.109009
0.096364
0.002798
0.077377
0.796461
0.215161
0.103144
0.158582
0.001315
0.020601
0.435229
0.083328
0.025154
0.165848
0.030401
0.026495
0.058021
0.208177
0.066278
0.067146
0.062613
0.064883
0.088628
0.113284
0.301845
0.005009
0.048766
0.016302
0.005434
0.519035
0.048506
0.023152
0.011141
0.051446
0.039431
0.015065
0.023457
0.501278
0.256220
0.093222
0.105560
0.198746
0.001960
0.045309
0.013604
0.018414
0.109387
0.021669
0.050178
0.047491
0.010230
0.064825
0.067400
0.007214
0.017658
0.027389
0.036443
0.334080
0.004669
0.279327
0.077878
0.057319
0.110911
0.021971
0.099218
0.017612
0.008314
0.041190
0.067293
0.010737
0.050004
0.137682
0.096716
0.008811
0.140239
0.309486
0.861176
0.218364
0.037538
0.081706
0.004546
0.024040
0.021001
0.027062
0.085008
0.025624
0.035000
0.107830
0.197517
1.373060
0.054315
0.054607
0.027350
0.088290
0.034031
0.096587
0.038291
0.014754
0.400721
0.053349
0.058206
0.028183
0.042259
0.009038
0.026046
0.054114
0.068303
0.041945
0.037309
0.078509
0.075595
0.047947
0.030902
0.368331
0.026118
0.037602
0.153285
0.003026
0.165645
0.003592
0.098669
0.038598
0.054435
0.059578
0.014977
0.008134
0.079841
0.014751
0.151352
0.061636
0.007212
0.040865
0.030218
0.028881
0.053304
0.231271
0.013232
0.268935
0.017665
0.050406
0.006308
0.017164
5.667097
0.021998
0.034866
0.011651
0.001753
0.014266
0.068803
0.181935
0.031254
0.028346
1.325310
0.015485
0.009568
0.081853
0.037655
0.119630
0.199155
0.044718
0.979129
0.114923
0.128029
0.031781
0.003373
0.009642
0.008057
0.072830
0.009270
0.075414
0.359778
0.750003
0.027065
0.040111
0.024096
0.046018
0.351882
0.053020
0.480192
0.068488
0.044034
0.062750
0.450138
0.017280
0.225634
0.005616
0.094875
0.125372
0.003854
0.091063
0.094937
0.215974
0.537551
0.022713
0.030168
0.015013
0.347857
0.229330
0.009569
0.070953
0.008396
0.072962
0.322945
0.050680
0.070097
1.256065
0.085477
0.244062
0.132695
0.008601
0.006676
0.683828
0.039168
0.163748
0.051234
0.190012
0.012270
0.006169
0.104516
0.043118
0.048325
0.064439
0.025767
0.012198
0.014019
0.038418
0.843006
0.183888
0.034822
0.117279
0.057088
0.243101
0.042273
0.269249
0.027598
0.089137
0.003105
0.133774
0.010712
0.124763
0.153620
0.392492
0.275705
0.049071
0.129523
0.040373
0.021219
0.116296
0.149924
0.020012
0.529378
0.009211
0.035085
0.044393
0.035458
0.045973
0.010695
0.027780
0.068298
0.053109
0.011774
0.009334
0.026324
0.008915
0.007394
0.044668
0.026370
0.116209
0.002641
0.051008
0.093694
0.008325
0.067864
0.066417
0.004545
0.181365
0.003289
0.006503
0.020365
0.149705
0.009560
0.001141
0.024850
0.007679
0.036039
0.035279
0.078055
0.198234
0.018357
0.056406
0.215049
0.010558
0.003582
0.910663
0.090704
0.040951
0.405601
0.044112
0.085971
0.037544
0.135266
0.032366
0.073380
0.415384
0.102999
0.031181
0.020972
0.019441
0.003327
0.149141
0.053583
0.186242
0.133549
0.063321
0.347395
0.023444
0.172372
0.804770
0.618679
0.010423
0.022169
0.030385
0.090271
0.011650
0.012483
0.071636
0.324861
0.083125
0.380546
0.041060
0.126487
0.032496
0.101781
0.130097
0.132675
0.092660
0.014518
0.375797
0.020118
0.020754
0.069867
0.049709
0.005454
0.062603
0.014419
0.005328
0.068026
0.060854
0.042271
0.020404
0.028350
0.051674
0.048028
0.054824
0.191502
0.117638
0.060971
0.061089
0.030153
0.007298
0.061258
0.022303
0.266862
0.008816
0.032810
0.551958
0.266206
0.359837
0.290239
0.035638
0.175104
0.059572
0.005550
0.041594
0.109489
0.018003
0.015012
0.078764
0.188808
0.159871
2.486570
0.072918
0.656413
0.008214
0.027187
0.093177
0.050222
0.185184
0.017568
0.172250
0.023830
0.011166
0.012976
0.062747
0.028686
0.030047
0.070833
0.091746
0.104264
0.010862
0.051058
0.041194
0.114891
0.099979
0.006047
0.025605
2.818443
0.163850
0.013363
0.011839
0.005208
0.051531
0.001716
0.025725
0.073686
0.370557
0.201408
0.014752
0.090762
0.072943
0.059127
1.573796
0.026001
0.097835
0.015438
0.106886
0.303709
0.003165
0.051641
0.013149
0.906014
0.004413
0.257135
0.009692
0.018038
0.057306
0.156852
0.030709
0.032861
0.036822
0.003836
0.005414
0.016135
0.033098
0.086043
0.011523
0.009083
0.374910
0.194795
0.229502
0.142010
0.003046
0.078011
0.161943
0.024302
0.024312
0.041962
0.039865
0.032690
0.006612
0.105337
0.078777
0.020892
0.331588
0.020984
0.202955
0.026938
0.039811
0.417289
0.009119
0.010118
0.575939
0.024607
0.303224
0.081728
0.273409
0.090628
0.105927
0.007212
0.784472
0.006976
0.006304
0.042350
0.139222
0.388257
0.072654
0.025320
0.026032
0.054922
0.093069
0.004980
0.178086
0.230865
0.060341
0.026781
0.104275
0.709361
0.019780
0.032474
0.020254
0.604282
0.003680
0.110436
0.035020
0.163492
0.096372
0.060748
0.017893
0.099461
0.270865
2.007235
0.025590
0.003981
0.053323
0.003539
0.065382
0.135656
0.042748
0.088070
0.186893
0.144928
0.070175
0.040357
0.006952
0.006997
0.322729
0.009264
0.020224
0.009658
0.790067
0.008063
0.097931
0.202018
0.047598
0.032434
0.033700
0.024291
0.017960
0.006162
0.011051
0.020397
0.057219
0.060949
0.156063
0.008742
0.071333
0.010673
0.031253
0.031779
0.020903
0.019918
0.025428
0.045238
0.065219
0.006214
0.015137
0.051441
0.425687
0.010979
0.100282
0.115599
0.001172
0.331343
0.004973
0.073681
0.003626
0.072469
0.055834
0.022367
0.213766
0.028110
0.074954
0.024036
0.343407
0.148734
0.026335
0.202782
0.009410
0.029756
0.011250
0.089161
0.046598
0.023854
0.025202
0.062545
0.032125
0.056623
0.010984
0.127638
0.002290
0.040789
0.105781
0.062734
0.049721
0.334483
0.017104
0.056703
0.112974
0.047468
0.035881
0.001776
0.114756
0.129661
0.004506
0.048054
0.021890
0.014857
0.009656
0.066017
0.078280
0.016392
0.044122
0.010199
0.026134
0.034018
0.309954
0.268351
0.448171
0.046521
0.029269
0.171430
0.105047
0.173544
0.038572
0.013438
0.007190
0.053067
0.009107
0.049828
0.389879
0.008846
0.031490
0.137686
0.003129
0.032819
0.141756
0.179012
0.034142
0.044908
0.038505
0.045202
0.039131
0.065940
0.915143
0.040558
0.034393
0.163891
0.108364
0.007285
0.058919
0.321604
0.186398
0.099427
0.068448
0.139191
0.021905
0.046652
0.028461
0.024538
0.008713
0.675299
0.024789
0.407706
0.026668
0.057442
0.109985
0.023732
0.103402
0.481407
0.011149
0.073346
0.008861
0.013918
0.024349
0.000512
0.012285
0.084909
0.004254
0.147474
0.200783
0.016780
0.018825
0.089638
0.268233
0.220652
0.002939
0.220553
0.145577
0.397867
0.707242
0.034137
0.143152
0.244174
0.223074
0.365236
0.078934
0.254816
0.002630
0.045397
0.248270
0.052070
0.008362
0.250165
0.013869
0.013942
0.013553
0.068689
0.019794
0.201532
0.002606
0.070145
0.019983
0.024048
0.059476
0.001893
0.014123
0.010217
0.017460
0.112202
0.023785
0.002024
0.018912
0.025426
0.894086
0.026142
0.139338
0.021660
0.160707
0.118030
0.038568
0.005002
0.017099
0.034104
0.046370
0.076798
0.073588
0.013950
0.018862
0.012003
0.016166
0.652067
0.011877
0.212063
0.005147
1.511018
0.105924
0.017497
0.016949
0.005762
0.049942
0.135795
0.074509
0.023179
0.399538
0.252427
0.121641
0.031318
0.058183
0.074419
0.024418
0.005666
0.035250
0.196612
0.119826
0.057981
0.054075
0.050379
0.024966
0.034722
0.014558
0.070227
0.004476
0.046370
0.314242
0.068276
0.050953
0.058655
0.036273
0.058017
0.291355
0.042092
0.021054
0.029474
0.003309
0.007392
0.052790
0.083286
0.006130
0.034884
0.020691
0.006823
0.038607
1.776754
0.011174
0.126880
0.161280
0.057630
0.012161
0.283492
0.008570
0.180082
0.100568
0.021656
0.011319
0.441232
0.207616
0.009976
0.040053
0.101051
0.034673
0.023414
0.005963
0.016963
0.287978
0.011156
0.115607
0.111401
0.016691
0.077915
0.044979
0.198102
0.289848
0.270257
0.125997
0.077051
0.036805
0.278461
0.040120
1.006660
0.013823
0.061964
0.050138
0.180422
0.061672
0.021199
1.392149
0.019011
0.035950
0.174165
0.121376
0.228225
0.018339
0.005251
0.013027
0.055984
0.010947
0.060539
0.085181
0.023676
0.002948
0.088208
0.361938
0.057945
0.036729
0.065912
0.039036
0.100761
0.003797
0.046838
0.133834
0.154212
0.396497
0.023719
0.008338
0.080467
0.004289
0.012198
0.197545
0.086233
0.024662
0.006828
0.291782
0.012807
0.006296
0.252943
0.051852
0.015439
0.006133
0.007818
0.011366
0.056428
0.032724
0.232004
0.006122
0.059232
0.137988
0.002635
0.037795
0.142251
0.165976
0.037745
0.201939
0.010290
0.037778
0.018128
0.031589
2.279014
0.023117
0.026805
0.234644
0.381006
0.109496
0.283689
0.007225
0.046402
0.045947
0.022351
0.008553
0.105415
0.007311
0.053979
0.055401
0.013059
0.044514
0.009681
0.004271
0.329467
0.005258
0.009297
0.216948
0.023316
0.033112
0.044336
0.075116
0.078961
0.027969
0.010922
0.142532
0.127726
0.108951
0.007721
0.531170
0.009566
0.258084
0.264326
0.064923
0.158664
0.131814
0.016895
0.052635
0.290655
0.219371
0.413260
0.023550
0.041298
0.049994
0.031523
0.012671
0.011624
0.019504
0.014124
0.235477
0.018463
0.038151
0.308414
0.025618
0.034335
0.028856
0.041376
0.010835
0.010062
0.041119
0.030418
0.258607
0.369774
0.025320
0.021578
0.160876
0.015121
0.042202
0.060235
0.153541
0.039472
0.179135
0.003218
0.131920
0.245697
0.002005
0.151919
0.029630
0.086071
0.017193
0.131693
0.180907
2.030416
0.035455
0.025238
0.114380
0.252744
0.105301
0.019324
0.030695
0.030211
0.417964
0.018108
0.151450
0.006669
0.174463
0.153615
0.201202
0.021799
0.089985
0.001700
0.024255
0.009848
0.031337
0.003565
0.000872
0.171912
0.018071
0.134927
0.010649
0.011408
0.022106
0.095731
0.012668
0.031360
0.043078
0.024699
2.383278
0.117374
0.116497
0.022752
0.025034
0.009348
0.026267
0.113072
0.068435
0.062469
0.055243
0.023183
0.112506
0.226117
0.067788
0.198015
0.339041
0.468106
0.008270
0.012107
0.006999
0.018376
0.160294
0.010492
0.063589
0.281947
0.009377
0.380933
0.023339
0.009218
0.009022
0.225398
0.124554
0.143675
0.007349
0.048679
0.101869
0.025122
0.016333
0.131106
0.029219
0.012781
0.021165
0.042248
0.099088
0.084327
0.129507
0.044139
0.031470
0.013869
0.068383
0.081157
0.564209
0.049730
0.023430
0.078985
0.052397
0.062402
0.075051
0.636967
0.083331
0.139703
0.045219
0.034960
0.353075
0.220010
0.349425
0.243360
0.024144
0.110029
0.143458
0.016017
0.037882
0.022830
0.043889
0.400011
0.143356
0.552368
0.020154
0.063070
0.036751
0.084366
0.108041
0.117391
0.042463
0.146972
0.017638
0.035895
0.028141
0.027517
0.096055
0.196721
0.614913
0.013060
0.288785
0.083637
0.004123
0.001844
0.066773
0.021986
0.057761
0.037419
0.021578
0.128344
0.032386
0.007100
0.080365
0.041846
0.071647
0.085698
0.109587
0.574398
0.003200
0.221860
0.003878
0.289871
0.360869
0.034300
0.216508
0.050063
0.030155
0.064818
0.046412
0.009507
0.023017
0.023723
0.541057
0.260628
0.024587
0.077239
0.019879
0.028614
0.008159
0.010024
0.469102
0.136113
0.128220
0.101025
0.003908
0.115238
0.020408
0.185141
0.024451
0.016229
0.063828
0.403388
0.115009
0.061487
0.037297
0.037943
0.044920
0.091387
1.511910
0.009811
0.012771
0.051407
0.017017
0.021901
0.019241
0.023648
0.001856
0.025204
0.082496
0.239696
0.254031
0.028315
0.080749
0.092409
0.089052
0.662065
0.069136
0.136445
0.048967
0.411653
0.058570
0.036844
0.155189
0.099399
0.290861
0.019254
0.054732
0.036799
0.016692
0.086210
0.354469
0.408144
0.116700
0.067767
0.041488
0.013974
0.596768
0.028798
1.228245
0.005248
0.131481
0.042726
0.068728
0.031266
0.010434
0.122348
0.009211
0.024408
0.289342
0.019283
0.246799
0.375462
0.018665
0.211027
0.002312
0.009882
0.066465
0.016629
0.047970
0.032069
0.023559
0.017802
0.273755
0.039362
0.034097
0.451947
0.021696
0.024731
0.016758
0.113973
0.006621
0.638395
0.071570
0.152914
0.007683
0.063563
0.006482
0.023543
0.098847
0.561210
0.089566
0.064584
0.021542
0.197902
0.069244
0.374655
0.564838
0.184154
0.117526
0.017043
0.007942
0.050307
0.022204
0.013333
0.027897
0.146598
0.029661
0.015099
0.264426
0.013671
0.127372
0.014438
0.020387
0.010132
0.065728
0.064207
0.014739
0.016031
0.078785
0.002115
0.330216
0.017980
0.089943
0.038785
0.003021
0.657464
0.112551
0.037953
0.079144
3.303684
0.009883
0.175951
0.341345
0.099353
0.040188
0.216593
0.001188
0.083306
0.380129
0.114449
0.032156
0.034075
0.009762
0.178205
0.060095
0.002248
0.018163
0.032134
0.506604
0.024671
0.180516
0.063137
0.025628
0.038141
0.005805
0.034322
0.047071
0.011684
0.229606
0.038846
0.008623
0.005941
0.039977
0.265736
0.036066
0.034779
0.019855
0.007053
0.097385
0.118517
0.118567
0.216148
0.029639
0.046392
0.081857
0.060974
0.020172
0.058792
0.084524
0.015629
0.037277
0.695095
0.053321
0.538504
0.019273
0.342933
0.041756
0.009339
0.075943
0.025743
0.047242
0.130662
0.178426
0.125466
0.114235
0.291617
0.248562
0.185847
0.120601
0.085370
0.014563
0.001554
1.216239
0.102703
0.161421
0.025235
0.030948
0.000786
0.516086
0.048886
0.083562
0.030523
0.019423
0.359325
0.374517
0.509722
0.158734
0.016007
0.038541
0.099314
0.057262
0.043469
0.031618
0.128685
0.003653
0.030106
0.081308
0.013570
0.321944
0.037710
0.013927
0.021230
0.013890
0.720881
0.163248
0.219621
0.016504
0.038083
0.082046
0.112338
0.013263
0.045017
0.162620
0.025108
0.059904
0.245869
0.017542
0.299857
0.049689
0.228488
0.045720
0.095002
0.014319
0.311269
0.076255
0.003686
0.106769
0.111751
0.001457
0.006383
0.027424
0.020974
0.054977
0.002680
0.633078
0.168846
0.050268
0.536590
0.032733
0.017097
0.162701
0.034921
0.149370
0.591499
0.196058
0.048030
0.016255
0.045955
0.057490
0.045479
0.059439
0.052015
0.003058
0.055920
0.212862
0.014255
0.484759
0.010686
0.062170
0.035838
0.003021
0.028300
0.737471
0.010949
0.050460
0.002856
0.397259
0.210233
0.298754
0.224737
0.037392
0.207746
0.069315
0.078299
0.173651
0.268348
0.109087
0.189320
0.010740
0.057466
0.124797
0.044256
0.003853
0.072794
0.211070
0.055266
0.111970
0.091594
0.025011
0.635912
0.010425
0.047696
0.202460
0.165347
0.024106
0.078720
0.070379
0.014708
0.332768
0.349430
0.399448
0.123058
0.109267
0.035951
0.099276
0.004513
0.152011
0.031795
0.046338
0.163235
0.028569
0.036514
0.055855
0.082700
0.013718
0.013992
0.015969
0.085338
0.076821
0.010131
0.023712
0.402681
0.038643
0.164487
0.189035
0.056864
0.004487
0.013707
0.014467
0.009140
0.963986
0.163470
0.256083
0.014276
0.073850
0.517228
0.271059
0.162028
0.005404
0.026840
0.309540
0.053477
0.092147
0.402216
0.376759
0.002528
0.024235
0.032014
0.048765
0.189327
0.131132
0.028212
0.048281
0.049364
0.031010
0.037636
0.143641
0.619718
0.097288
0.296625
0.070527
0.032843
0.037691
0.062997
0.417367
0.029830
0.031970
0.002332
0.071625
0.127937
0.028270
0.016668
0.073393
0.017992
0.173915
0.040752
0.090430
0.024043
0.008148
0.032386
0.031201
0.138284
0.031007
0.022691
0.154711
0.044625
0.044654
0.009868
0.103958
0.218277
0.016045
0.081896
0.057778
0.087233
0.030760
0.112818
0.025666
0.158740
0.098818
0.013906
0.068378
0.039619
0.089625
0.047073
0.044757
0.478436
0.233129
0.043998
0.012869
0.073807
0.071868
0.021139
0.028509
0.082874
0.062936
0.030025
0.070483
0.116255
0.034320
0.004991
0.023524
0.031133
0.019365
0.030278
0.013785
0.215367
0.000793
0.036802
0.017605
0.016131
0.036279
0.416429
0.024752
0.030233
0.133487
0.064471
0.004295
0.059329
0.308613
0.051255
0.025986
0.087883
0.048313
0.041080
0.065737
0.758387
0.031653
0.162123
0.101550
0.086742
0.046079
0.016147
0.054498
0.242992
0.013104
0.137022
0.053661
0.150939
0.035005
0.018004
0.050958
0.124560
0.098407
0.167329
0.068629
0.494154
0.299125
0.060490
0.130101
0.454551
0.088323
0.102729
0.012679
0.018043
0.074240
0.000950
0.064755
0.328651
0.005059
0.140796
0.040761
0.047920
0.014652
0.005066
0.033005
0.138359
0.906960
0.027418
0.013657
0.026061
0.008120
0.167649
0.102968
0.010345
1.515083
0.182083
0.006732
0.045142
0.225989
0.007516
0.077615
0.022086
0.116050
0.006311
0.073491
0.014319
0.571249
0.054956
0.007952
0.190327
0.003633
0.053180
0.006952
0.005009
0.024001
0.027029
0.019031
0.108062
0.070756
0.022744
0.072494
0.200408
0.017644
0.784107
0.011621
0.258574
0.085505
3.768516
0.009813
0.006796
0.082671
0.007639
0.266036
0.059397
0.015213
0.058785
0.000948
0.024504
0.019605
0.038851
0.107002
0.016401
0.310264
0.042233
0.060297
0.222126
0.038074
0.170225
0.112595
0.036964
0.036662
0.016870
0.039533
0.065379
0.027231
0.004057
0.133733
0.001959
0.259139
0.026080
0.025945
0.011310
0.066361
0.016204
0.250535
0.047757
0.121416
0.004267
0.002849
0.012306
0.166129
0.149360
0.013985
0.177700
0.024764
0.194849
0.133781
0.009634
0.188010
0.055849
0.102139
0.038032
0.014244
0.020047
0.035572
0.096588
0.031943
0.357853
0.060785
0.006164
0.024899
0.004035
0.091791
0.617175
0.095359
0.043336
0.122692
0.053039
0.146002
0.056595
0.115600
0.018885
0.286931
0.014471
0.298136
0.062250
0.147466
0.095259
0.030443
0.015833
0.010737
0.037826
0.068817
0.058740
0.021375
0.010610
0.203276
0.127889
0.180588
0.085384
0.011147
0.205248
0.052877
0.083257
0.403082
0.089636
0.020964
0.002536
0.303322
0.044001
0.042947
0.107289
0.009133
0.028363
0.219763
0.014206
0.916543
0.602346
0.065167
0.234897
0.102936
0.068486
0.046568
0.286161
0.023756
0.005626
0.201334
0.862060
0.135063
0.058519
0.030000
0.074140
0.031197
0.009720
0.018969
0.010656
0.118091
0.104061
0.187479
0.166802
0.003421
0.007640
0.180882
0.080186
0.081586
0.938972
0.679102
0.089138
0.010100
0.125735
0.021539
0.078082
0.056429
0.062285
0.017966
0.141040
0.030577
0.023160
0.061668
0.020152
0.339707
0.053107
0.139187
0.018453
0.056601
0.012568
0.025098
0.025022
0.124982
0.069617
0.032824
0.061954
0.038103
0.046770
0.044023
0.145113
0.041928
0.095934
0.135443
0.009868
0.038912
0.114333
0.541330
0.105515
0.060867
0.093419
0.051664
0.089217
0.006590
0.018244
0.014440
0.491507
0.049739
0.011019
0.032168
0.060258
0.073054
0.065363
0.001670
0.010438
0.070161
0.153057
0.480225
0.149848
0.067266
0.101572
0.032735
0.411618
0.009864
0.047382
0.011287
0.090989
0.103129
0.006455
0.045276
0.230178
0.043381
0.174062
0.241091
0.039707
0.437408
0.027876
0.029758
0.122958
0.107572
0.082939
0.046521
0.126534
0.084539
0.061751
0.029210
0.027563
0.009363
0.005787
0.002652
0.023958
0.107624
0.008049
0.204616
0.001982
0.059386
0.186675
0.022324
0.082181
0.042949
0.181140
0.404528
0.205582
0.029776
0.038612
0.749421
0.102641
0.055060
0.190214
0.028158
0.017571
0.036627
0.213386
0.244597
0.024410
0.049745
0.112457
0.145949
0.023602
0.040748
0.070209
0.014881
0.434654
0.015134
0.014974
0.236313
0.041529
0.073285
0.087105
0.003693
0.007971
0.069649
0.066091
0.115182
0.004453
0.121292
0.083285
0.022671
0.018441
0.005928
0.013396
0.393558
0.289476
0.076214
0.032499
0.147386
0.029689
0.994316
0.141630
0.443272
0.028832
0.008702
0.012202
0.098017
0.042800
0.045944
0.039521
0.187278
0.048784
0.017088
0.024515
0.075208
0.232122
0.013540
0.040853
0.006930
0.115907
0.015516
0.027351
0.832263
0.343732
0.031929
0.022605
0.047358
0.195674
0.020180
0.010823
0.012149
0.094136
0.025117
0.040306
0.375514
0.969017
0.024713
0.007718
0.124043
0.033333
0.048654
0.114168
0.088750
0.182109
0.167113
0.047020
0.036538
0.044022
0.015589
0.009008
0.069319
0.012361
0.006698
0.018423
0.133259
0.028187
0.495247
0.031547
0.029054
0.027104
0.024028
0.011020
0.191451
0.048826
0.019543
0.008245
0.019421
0.035360
0.040311
0.014406
0.006275
0.103727
0.043416
0.008182
0.078743
0.020230
0.038473
0.011080
0.044479
0.005157
0.016703
0.016333
0.062651
0.131988
0.052111
0.030757
0.003088
0.028552
0.095935
0.020224
0.281432
0.069231
0.227348
0.344880
0.061394
0.125097
0.024949
0.013802
0.143263
0.205511
0.076676
0.088429
0.268989
0.446858
0.002039
0.025495
0.161719
0.289093
0.010474
0.196084
0.018365
0.020268
0.010674
0.045333
0.005810
0.031017
0.078822
0.004583
0.041636
0.044056
0.025207
0.030770
0.001279
0.052287
0.096372
0.046045
0.066643
0.049865
0.108536
0.037351
0.108954
0.058788
0.039354
0.025098
0.037228
0.079165
0.125916
0.096965
0.060313
0.158228
0.021621
0.072118
1.440750
0.052392
0.349634
0.765658
0.008551
0.051696
0.148693
0.091620
0.045363
0.006403
0.056235
0.164784
0.035321
0.022381
0.009848
0.071989
0.003047
0.014254
0.031821
0.256219
0.056784
0.094697
0.042611
0.062823
0.068535
0.033316
0.195145
0.005912
0.361782
0.082002
0.016586
0.007351
0.024889
0.030527
0.159263
0.192122
0.052896
0.110264
0.058678
0.030731
0.064361
0.032280
0.023178
0.210333
0.008796
0.018811
0.058101
0.165730
0.346188
0.062120
0.050853
0.223693
0.137753
0.108565
0.014240
0.048754
0.059136
0.070761
0.039589
0.233413
0.018931
0.113861
0.005601
0.010058
0.051515
0.002558
0.039332
0.003494
0.023234
0.042727
0.029005
0.049996
0.050893
0.004731
0.102067
0.061443
0.023498
0.518721
0.049546
0.032724
0.029409
0.125759
0.292297
0.452097
0.030644
0.006355
0.038760
0.051922
0.020181
0.051232
0.749322
0.001487
0.026407
0.038948
0.071953
0.074005
0.014116
0.047126
0.060245
0.023609
0.083449
0.051548
0.306563
0.062178
0.240785
0.019179
0.026892
0.117915
0.068174
0.009932
0.003365
0.043138
0.024389
0.113997
0.044371
0.032971
0.585513
0.104550
0.047211
0.114375
0.007746
0.117250
0.003751
0.122068
0.036967
0.006871
0.177890
0.069900
0.178088
0.101169
0.051416
0.203697
0.042528
0.138167
0.047138
0.011863
0.025894
0.145162
0.104545
0.638146
0.047484
0.004236
0.056725
0.025574
0.021149
0.004766
0.031439
0.023143
0.021554
0.063906
0.037835
0.005531
0.282804
0.137585
0.013532
0.456952
0.006517
0.116252
0.096704
0.009176
0.036632
0.044357
0.032597
0.011911
0.013240
0.030268
0.118850
0.098785
0.161530
0.030066
0.005565
0.069038
0.012443
0.072999
0.007981
0.073732
0.003973
0.008949
0.093779
0.095331
0.102361
0.079400
0.025705
0.012013
0.082327
1.042691
0.007924
0.408152
0.072074
1.423149
0.164876
0.106475
0.017110
0.073837
0.025541
0.254542
0.440214
0.162862
0.059167
0.020184
0.010916
0.023866
0.036000
0.007006
0.136984
0.014057
0.109339
0.250989
0.010926
0.058261
0.318495
0.026469
0.002914
0.003768
0.086005
0.492582
0.625664
0.095357
0.066455
0.222377
0.078480
0.490642
0.165051
0.305801
0.088894
0.161643
0.043072
0.059565
0.083902
0.111219
0.073853
0.167606
0.014977
0.146934
0.002167
0.108010
0.021593
0.012725
0.070248
0.072100
0.025798
0.057121
0.111583
0.005515
0.228687
0.032737
0.062207
0.004492
0.241301
0.126614
0.056297
0.044555
0.022684
0.012963
0.111305
0.013053
0.226699
0.015078
0.100062
0.040690
0.059672
0.020649
0.040971
0.044307
0.240717
0.036666
0.007044
0.080383
0.021584
0.182153
0.242444
0.049445
0.108213
0.005040
0.088621
0.101730
0.149987
0.148113
1.054910
0.258374
0.003552
0.295541
0.023494
0.023574
0.002210
0.019411
0.470500
0.302811
0.033046
0.060136
0.164721
0.421197
0.385720
0.105231
0.015409
0.037914
0.046810
1.629571
0.105997
0.040303
0.075186
0.275177
0.014829
0.208498
0.007872
0.032691
0.055648
0.172196
0.470138
0.068553
0.201807
0.032077
0.281416
0.022999
0.229599
0.153710
0.108708
0.001052
0.091739
0.014268
0.069027
0.021291
0.006709
0.002341
0.084726
0.056094
0.033771
0.013664
0.038011
0.201150
0.025750
1.932651
0.019823
0.031074
0.041208
0.016253
0.011710
0.030594
0.092976
0.140941
0.024815
0.005833
0.176035
0.054657
0.089185
0.012565
0.064739
0.240177
0.050204
0.035701
0.066025
0.051328
0.024451
0.566501
0.010751
0.110259
0.081440
0.103636
0.269376
0.132894
0.027450
0.088625
0.012603
0.102076
0.048264
0.011843
0.062076
0.062406
0.022974
0.015955
0.113362
0.059261
0.293257
0.009612
0.028567
0.083101
0.141354
0.107113
0.117680
0.070702
0.080877
0.050551
0.093001
0.006904
0.018074
0.011077
0.234337
0.024847
0.052899
0.033042
0.005473
0.071238
0.016802
0.024472
0.095404
0.004338
0.005025
0.037319
0.042296
0.009251
0.023940
0.039067
0.037748
0.039265
0.047523
0.057753
0.074409
0.029728
0.082800
0.209582
0.024151
0.085843
0.017360
0.156910
0.007071
0.119106
0.591381
0.025376
0.411844
0.213312
0.208569
0.019889
0.113406
0.040667
1.128070
0.052607
0.012880
0.318932
0.062801
0.008140
0.170653
0.001532
0.089513
0.287474
0.147122
0.021994
0.054075
0.102399
0.024658
0.009103
0.179544
0.028304
0.005126
0.028443
0.028892
0.008304
0.120076
0.177588
0.011264
0.064268
0.007561
0.019037
0.026107
0.003050
0.021393
0.072024
0.047622
0.075356
0.113110
0.069863
0.532235
0.009292
0.052201
0.004224
0.024249
0.015325
0.048529
0.017100
0.078483
0.158365
0.067987
0.065233
0.020361
0.019288
0.277490
0.043892
0.325856
0.549119
0.887483
0.594289
0.035585
0.061810
0.057974
0.086888
0.029245
0.060762
0.077401
0.011453
0.024543
0.012260
0.029309
0.017788
0.034779
0.076943
0.009241
0.153858
0.055874
0.066147
0.043128
4.392121
0.025230
0.280955
0.141757
0.039894
0.029238
0.009641
0.022049
0.255024
0.200615
0.006358
0.014540
0.104663
0.027464
0.278036
0.179821
0.506184
0.022871
0.080801
0.007788
0.009634
0.023997
0.017384
0.015692
0.012089
0.109984
0.106600
0.137336
0.010191
0.004411
0.007130
0.063378
0.019878
0.015871
0.007061
0.134460
0.018635
0.041103
0.200580
0.004797
0.555206
0.127518
0.655250
0.285607
0.021994
1.495703
0.111498
0.044272
0.002785
0.044828
0.091598
0.082954
0.074952
0.038799
0.049990
0.024212
0.055118
0.003063
0.083439
0.040357
0.087373
0.524435
0.158383
0.021526
0.052791
0.020509
0.023472
0.001951
0.034603
0.171632
0.012107
0.003809
0.024706
0.009508
0.468321
0.119396
0.005233
0.014201
0.000976
0.151157
0.096801
0.177769
0.343124
0.382092
0.243593
0.016984
0.151107
0.201975
0.003274
0.008698
0.050811
0.181389
0.061754
0.020390
0.046971
0.078393
0.023900
0.011126
0.015866
0.009240
0.091839
0.099284
0.127975
0.101551
0.067253
0.121381
0.087886
0.151930
0.012413
0.034243
0.047330
0.222165
0.039933
0.041779
0.027141
0.010206
0.038399
0.175009
0.021688
0.452156
1.019307
0.308548
0.108968
0.018893
0.013704
0.379155
0.070813
0.007246
0.061510
0.085292
0.868289
0.008938
0.351938
0.124442
0.035870
0.054512
0.041720
0.335773
0.148909
0.025272
0.020900
0.019763
0.031437
0.010925
0.116073
0.028024
0.009564
0.024500
0.063355
0.023226
0.010383
0.118193
0.084195
0.087263
0.021325
0.106257
0.007437
0.042690
0.077874
0.044846
0.033033
0.254716
0.022109
0.037984
0.071710
0.045019
0.008632
0.380552
0.014715
0.015519
0.221558
0.045771
0.063210
0.094235
0.088375
0.045386
0.203180
0.028593
0.078552
0.037283
0.042345
0.045247
0.054958
0.239641
0.030081
0.227899
0.074072
0.194137
0.101193
0.086870
0.218077
0.004848
0.008585
0.019556
0.006559
0.012272
0.299800
0.787997
0.012410
0.009075
0.021238
0.181648
0.117944
0.115221
0.001597
0.020504
0.024647
0.042743
0.372877
0.084715
0.031836
0.053541
0.054684
0.113049
0.549475
0.013123
0.304804
0.003238
0.013590
0.015816
0.035677
0.049082
0.006157
0.211871
0.017957
0.198292
0.293870
0.004415
0.019355
0.014478
0.069305
0.033969
0.027614
0.061197
0.047835
0.004409
0.038623
0.087906
0.074333
0.300760
0.048435
0.048296
0.053493
0.191453
0.016592
0.007573
0.036795
0.122299
0.034846
0.022691
0.031608
0.006702
0.140417
0.475333
0.117169
0.015893
0.029462
0.002640
0.188702
0.088666
0.015114
0.105502
0.189985
0.070185
0.151586
0.106691
0.149303
0.048265
0.011581
0.697368
0.059976
0.408924
0.039991
0.014044
0.093732
0.035380
0.023491
0.121399
0.161339
0.005880
0.121231
0.073682
0.007211
0.059041
0.575880
0.037684
0.034682
0.103523
0.209199
0.198514
0.360620
0.340636
0.289926
0.048341
0.044056
0.078136
0.044605
0.067851
0.079136
0.005934
0.039569
0.006378
0.444455
0.007431
0.044550
0.047456
0.331211
0.150978
0.290556
0.007355
0.103359
0.666335
0.036493
0.020214
0.007465
1.732280
1.652191
0.365004
0.003527
0.067384
0.013692
0.034023
0.031497
0.020208
0.115551
0.156938
0.005618
0.131758
0.055030
0.024289
0.063847
0.156138
0.104394
0.005713
0.006902
0.537064
0.421065
0.032380
0.144855
0.034046
0.029800
0.130947
0.003549
0.028610
0.012022
0.015442
0.127867
0.029666
0.086041
0.020022
0.096670
0.007833
0.059211
0.019294
0.026705
0.011866
0.013171
0.308921
0.021263
0.295111
0.357994
0.011275
0.021734
0.167822
0.009665
0.085333
0.112643
0.046453
0.013507
0.031230
0.022564
0.215137
0.178553
0.167019
0.013792
0.025057
0.009607
0.142112
0.105347
0.040385
0.163972
0.115207
0.034701
0.023161
0.066921
0.016250
0.152155
0.048312
0.084363
0.025732
0.003658
0.042179
0.010998
0.009171
0.059166
0.050278
0.021419
0.006577
0.214675
0.002837
0.020044
0.152051
0.542103
0.014118
0.074844
0.080292
0.098903
0.159194
0.064263
0.276673
0.038019
0.004363
0.013808
0.098369
0.029890
0.175806
0.105197
0.063694
0.115095
0.155859
0.026872
0.036816
0.021614
0.143626
0.262952
0.325661
0.024091
0.012583
0.060496
0.021745
0.205748
1.532993
0.200162
0.086375
0.092610
0.147109
0.047189
0.552979
0.032857
0.004450
0.190807
0.109674
0.082440
0.051387
0.090773
0.041768
0.013477
0.018084
0.094997
0.040761
0.069125
0.073497
0.298630
0.004203
0.042037
0.096884
0.010363
0.032231
0.108955
0.007601
0.073153
0.004424
0.024054
0.009960
0.069876
0.010164
0.019253
0.012790
0.069327
0.504204
0.296087
0.036711
0.049082
0.064193
0.020351
0.019509
0.048196
0.694513
0.052391
0.102999
0.039252
0.368011
0.139690
0.189788
0.055097
0.007469
0.029201
0.062838
0.021966
0.009637
0.129251
0.041183
0.007787
0.011053
0.039807
0.008443
0.004199
0.013871
0.011538
0.040761
0.007404
0.011009
0.062664
0.008976
0.162205
0.071407
0.028902
0.143084
0.225697
0.059458
0.284014
0.069798
0.046266
0.010658
0.185079
0.010016
0.073417
0.158191
0.042607
0.001630
0.005480
0.013433
0.027182
0.005869
0.016407
0.053237
0.017233
0.057670
0.030494
0.054752
0.300075
0.045510
0.036226
0.010629
0.051569
0.044550
0.052258
0.003046
0.016416
0.166108
0.024078
0.032125
0.030502
0.613484
0.537396
0.024437
0.023925
0.010516
0.112275
0.033610
0.006851
0.027956
0.255826
0.047967
0.073596
0.063561
0.011216
0.096813
0.022905
0.030027
0.246431
0.137733
0.008584
0.044538
0.009601
0.014883
0.067575
0.138791
0.016578
0.027401
0.007692
0.074857
0.023191
0.007207
0.071721
0.012599
0.043502
0.025572
0.288285
0.043048
0.080202
0.004887
0.034759
0.093709
0.022493
0.018722
0.244854
0.522116
0.254894
0.067283
0.005678
0.043027
0.017593
0.177030
0.113556
0.020132
0.067837
0.027436
0.012106
0.224255
0.035318
0.289562
0.071279
0.051056
0.244915
0.031182
0.033515
0.042016
0.014056
0.070409
0.049634
0.024815
0.008499
0.092569
0.011698
0.003291
1.109818
0.165996
1.833732
0.275982
0.245430
0.021709
0.197046
0.017842
0.027248
0.016766
0.024980
0.052123
0.023421
0.510596
0.009917
1.295261
0.010043
0.890954
0.161374
0.291187
0.093610
0.009506
0.017786
0.048745
0.019005
0.005987
0.101449
0.043611
0.004149
0.273078
0.096348
0.043794
0.000076
0.025450
0.059317
0.005096
0.019983
0.106960
0.007829
0.303611
0.036547
0.056983
0.216341
0.094057
0.002057
0.294237
0.098498
0.020010
0.101126
0.023476
0.022122
0.244718
0.035915
0.004116
0.259012
0.033407
0.036526
0.014901
0.084444
0.014028
0.119890
0.034523
0.153002
0.063988
0.143915
0.021515
0.069247
0.042543
0.033457
0.063985
0.210948
0.053816
0.145231
0.130281
0.009867
0.189217
0.081033
0.002599
0.138853
0.021229
0.105724
0.119517
0.020330
0.042491
1.922065
0.040863
0.042590
0.097286
0.243418
0.042506
0.005711
0.035919
0.032814
0.452594
0.599007
0.105533
0.181925
0.034384
0.100913
0.011502
0.003355
0.018842
0.005338
0.045280
0.055965
0.085394
0.010828
0.003543
0.063156
0.107723
0.558580
0.015901
0.052496
0.022628
0.013104
0.056682
0.004895
0.035252
0.008374
0.032358
0.059987
0.061530
0.004938
0.061525
0.005867
0.231094
0.014800
0.172950
0.010434
0.034212
0.024974
0.350596
0.090962
0.001050
1.004995
0.059699
0.299956
0.074605
0.070969
0.005554
0.031125
0.026777
0.013475
0.117820
0.007191
0.018101
0.025705
0.129406
0.170172
0.055867
0.015481
0.119135
0.089187
0.058789
0.024803
0.007954
0.024488
0.242978
0.032563
0.031518
0.002866
0.073189
0.260891
0.096100
0.088588
0.020621
0.140801
0.013672
0.005092
0.011490
0.030231
0.086167
0.030417
0.038553
0.009087
0.004225
0.016837
0.350387
0.017507
0.116977
0.135149
0.227211
0.415777
0.034059
0.035995
0.010900
0.220430
0.025235
0.079915
0.097710
0.394475
0.272348
0.031675
0.034822
0.016498
0.077598
0.009017
0.032539
0.015298
0.007282
0.103735
0.014672
0.054357
0.115648
0.255580
0.038033
0.104488
0.052885
0.008717
0.063638
0.065034
0.333511
0.039860
0.043175
0.011892
0.059383
0.055391
0.195220
0.348532
0.066554
0.033695
0.069691
0.230206
0.433768
0.065919
0.026247
0.049200
0.015894
0.083791
0.020410
0.033701
0.276610
0.098581
0.009120
0.071195
0.008044
0.015684
0.060176
0.068344
0.006787
0.195208
0.039868
0.338088
0.009898
0.249503
0.003758
0.012519
0.026782
0.055630
0.553147
0.061539
0.026009
0.020018
0.378436
0.086161
0.018243
0.015585
0.006496
0.009855
0.022428
0.050063
0.067590
0.152402
0.112074
0.026930
0.006365
0.007835
0.020679
0.043099
0.072602
0.044059
0.010183
0.153299
0.126239
0.083234
0.093569
0.147790
0.137721
0.005096
0.020764
0.335385
0.023335
0.016447
0.017375
0.001757
0.015217
0.022853
0.052275
0.015581
0.014474
0.007621
0.103264
0.178482
0.029996
0.013222
0.453239
0.207771
0.173185
0.174341
0.023174
0.017374
0.249712
0.134029
0.002752
0.008560
0.042391
0.007244
0.012390
0.022680
0.041703
0.012191
0.112021
0.018867
0.011639
0.026362
0.012939
0.065069
0.074898
0.005619
0.257309
0.009588
0.194423
0.093917
0.332589
0.147865
0.065813
0.454194
0.011252
0.103966
0.289278
0.043484
0.014710
0.038717
0.024998
0.044732
0.103646
0.003325
0.175808
0.082085
0.096759
0.104877
0.343490
0.028881
0.058574
0.143443
0.234236
0.010668
0.190758
0.202182
0.020376
0.083171
0.065343
0.111394
0.075610
0.017556
0.011804
0.522767
0.245070
0.020720
0.061932
