285
1.689147
4
91
40
10
1
5047
-0.449437
0.728652
-0.556921
0.670803
0.431962
-0.987332
1.000000
0.110682
0.145360
-1.000000
-0.216340
0.418539
0.673797
0.672843
-0.007506
0.626929
1.000000
1.000000
-0.864486
0.406134
0.413917
-0.146558
0.961186
-0.805963
0.133383
-0.703429
1.000000
-0.496680
-0.167284
-0.955375
0.253878
-0.139240
-0.057651
-0.205496
-0.173429
-0.921366
-0.567438
-0.181543
-0.612147
0.282435
-0.106964
-0.287011
0.282323
-0.049508
0.750518
-0.200404
-0.524588
0.323271
0.357510
-0.614676
-0.811526
-0.866486
-0.172647
0.066711
0.338124
0.185145
-0.121704
-0.377741
0.478807
0.394706
0.236065
0.282245
0.026437
0.892129
0.236527
0.452638
0.259975
-0.435122
0.339907
0.156503
0.257686
-0.647330
-0.620434
0.458213
0.774962
-0.048763
0.471758
0.468731
-0.922879
-0.726331
-0.675285
0.892077
-1.000000
0.465839
-0.208029
-0.100979
1.000000
0.437464
-0.641741
-0.881246
0.205651
-0.494205
0.170424
-0.329354
0.187828
-0.615455
0.157677
-0.960231
0.330489
-0.219673
0.181693
0.673221
-0.460744
0.293655
-0.941897
-0.310189
0.435239
0.269263
-0.677469
0.445780
0.276843
0.046030
0.085504
-0.197062
-0.032024
0.835893
-0.931099
0.065607
0.196182
-0.556676
-0.315323
-1.000000
0.478047
-0.512764
0.097980
0.101284
-1.000000
-0.663296
0.797552
0.599985
0.182839
-0.294742
-0.747760
0.274617
-1.000000
-0.935383
0.637902
0.518701
-0.525377
0.497787
0.362265
0.700919
-0.833833
0.257502
-0.429890
0.013396
-0.087329
0.232843
-0.974589
0.580281
-0.946134
-0.964844
0.804183
0.330866
0.918552
-0.252666
0.700250
0.628918
0.632462
-0.468497
0.455019
0.223347
0.591714
-0.308269
0.362870
0.836256
0.239095
-0.723180
-0.096546
0.454929
-0.810981
-0.003857
-0.011261
0.927967
-0.807429
-1.000000
-0.624022
-0.574496
0.726293
-0.355757
0.010456
-0.256812
-0.494350
0.337038
-0.160438
-0.864090
0.671375
-1.000000
0.023341
0.492276
1.000000
0.480498
0.170028
0.410738
-0.234207
0.900147
0.323338
-0.131754
-0.828867
0.893243
-0.094953
0.005246
0.202654
-0.389187
-0.280107
0.413116
-0.049810
-0.551230
0.163555
-0.624128
-0.188421
-0.838595
-0.671153
0.437816
-0.687260
0.524160
0.472647
0.943066
0.690708
0.831858
0.999955
-0.299095
0.086706
-0.281723
0.378345
0.856315
-1.000000
-0.719771
-0.670968
-0.619968
0.113975
-0.971035
-0.960185
-0.269276
-0.189067
0.066111
0.628253
-0.650961
0.813828
-0.100362
-0.596354
0.448804
-0.229008
-0.742503
0.407331
-0.257416
-0.653438
-0.264584
1.000000
0.321804
-0.294759
0.875613
-1.000000
0.672311
1.000000
0.991176
-0.179115
-0.528443
0.266917
-0.368334
0.882879
0.458894
0.580940
-0.212155
0.661661
0.041064
-0.439686
0.344682
-1.000000
0.843305
1.000000
-0.730855
-0.175083
-1.000000
0.875445
-0.042731
0.524520
-0.738096
0.975919
0.595671
0.259702
0.175972
0.661564
-0.366086
0.550456
-0.344641
-0.587354
0.790138
0.831915
0.515018
-0.015890
-0.193381
-0.233881
0.914620
-0.467088
0.692352
-0.944367
0.562801
-0.660351
0.143049
-1.000000
-0.481681
0.064773
0.616798
-0.569345
-0.355715
0.794030
-1.000000
0.411496
-0.516142
-1.000000
-1.000000
-0.742693
-0.692799
0.117945
-0.336621
0.360005
-0.306443
0.375495
-0.116198
-0.635346
-0.385303
0.298109
-0.288168
0.315031
-0.205168
-0.235821
1.000000
0.311401
1.000000
-0.314243
-0.058155
0.199859
0.668533
0.252480
0.197902
0.430812
-0.497343
1.000000
-0.722550
-0.921156
0.558429
0.172689
0.862844
-1.000000
0.811619
-0.071124
-0.504367
-0.144861
-1.000000
0.328210
-0.216239
-0.207749
1.000000
-0.213795
0.156572
0.830321
0.081792
1.000000
1.000000
0.354883
0.213488
-0.109445
-1.000000
-0.053700
-0.309709
-0.889089
1.000000
0.136485
-0.016537
1.000000
0.222289
0.130510
-0.031148
0.106237
0.160006
-0.197123
-0.269720
0.962103
-0.704846
0.851551
1.000000
0.704240
0.317240
-0.314939
0.879463
0.720502
0.674846
-0.737096
1.000000
1.000000
0.329823
-0.069364
-1.000000
-0.483692
0.438105
0.510057
0.285344
-0.976890
-0.797850
-0.113805
-0.985302
-0.822513
-0.626336
-0.412859
0.661062
-0.707104
-1.000000
-0.170230
-0.976697
-0.374650
0.227049
-0.438418
0.419195
0.449190
-0.205214
0.639768
-0.081370
0.597539
0.290483
0.119076
-0.420919
0.140754
-1.000000
-0.129562
0.196968
-0.464582
0.969752
0.248429
-0.765929
-0.107548
-0.452728
-0.032922
-1.000000
0.938787
0.510500
-0.034991
0.579180
0.359666
0.127775
-1.000000
0.790747
0.093100
-0.701684
0.679793
0.904213
-0.383462
-0.865054
-0.518459
-1.000000
-0.684795
-0.387666
-0.897495
0.473272
-0.275478
-0.329377
-0.594751
-0.025549
-0.944273
0.382507
0.875448
-0.222667
0.855691
0.078036
-0.734338
1.000000
-0.266695
0.954257
-1.000000
0.047284
1.000000
0.064106
0.373583
0.959491
0.213060
0.133425
-0.939159
-0.147212
-0.479050
-0.950417
0.970708
-0.881041
-0.342243
1.000000
0.156945
0.524279
0.334932
-0.219614
-0.472829
-0.686347
-0.613950
-0.361949
0.584814
0.119981
-0.521966
-0.296621
0.219431
0.871833
-0.873154
-0.338912
-0.138251
-0.380094
0.151455
0.986419
0.137123
0.702139
-0.422978
-0.602521
1.000000
-0.369225
0.147859
-0.394349
0.186846
0.139252
0.862985
1.000000
-0.422223
0.498104
0.111002
0.035849
-0.826590
0.693450
0.805343
0.528444
-0.504583
0.205553
1.000000
-0.789061
0.695287
-0.268608
-0.799932
-0.135336
-1.000000
-0.506600
-0.660559
-0.842528
0.138087
0.851946
-0.775181
-0.088580
-0.189508
-0.155989
-0.839698
0.465777
-0.027852
0.638723
0.801400
0.702940
0.855016
-0.585714
-0.672893
-0.408634
-0.176291
0.105101
-0.792092
0.109477
0.297712
-0.946939
0.086871
-0.324161
-0.626500
0.776058
-0.094648
0.079881
-0.157920
0.490081
0.798055
-0.292510
-0.066947
-0.001595
-0.622734
-0.341459
0.923726
0.162340
-0.675238
-0.908078
0.535179
-0.237304
0.365577
0.329994
-0.296178
-0.255797
0.370858
-0.843616
0.258562
-0.488262
-0.792288
-0.347756
-0.884555
-0.304863
0.457414
0.190798
-0.779260
1.000000
-0.919342
0.521280
0.480917
-0.569647
-0.951026
-0.408402
0.173299
0.493240
0.835146
0.549317
-0.081144
0.276076
0.868479
-0.973604
-0.260063
0.721040
-0.613437
0.130453
-0.609640
-0.222514
-1.000000
0.071514
-0.929687
-0.860782
0.435679
0.105548
-0.964292
0.976326
0.346984
0.940069
0.403346
-0.792310
0.220758
0.600149
-0.294178
-0.056684
-0.305001
1.000000
-0.693000
0.267172
-0.343097
-0.949670
-0.275990
0.569744
0.295258
0.192573
0.553282
-0.027365
0.419125
0.830416
0.785474
0.099251
-0.099218
-0.409121
0.090514
0.147556
0.405931
-0.434773
0.184232
-0.367628
-0.360035
0.607894
-0.259607
0.629112
0.194005
-0.743856
-0.650879
-0.810001
-0.679272
-0.397594
-0.117286
-1.000000
-0.916659
0.949530
0.123806
-0.309831
0.303486
-0.827990
-0.078972
-0.213220
-0.986346
-0.252106
-0.394900
-0.416102
-1.000000
0.062976
0.762384
-0.723211
-0.179011
-0.411349
1.000000
-0.025242
0.411635
-0.847658
0.124917
0.010699
0.150212
0.800446
0.338588
0.779689
0.917578
0.894590
-1.000000
-0.473378
-0.613660
0.584858
-0.245741
-0.688457
0.450344
-0.970093
0.105098
0.094055
-0.539052
0.901140
0.517517
-0.766447
0.182057
-0.323865
0.904764
0.053098
-0.261246
1.000000
-0.525727
-0.243379
-0.558082
-0.665644
-0.866182
0.265963
0.785285
0.784408
-0.508839
0.047514
-0.440280
-0.469635
0.500085
0.924147
1.000000
-0.618054
0.753275
0.960362
-0.195044
-0.077252
-0.442265
0.296322
0.249786
-0.649947
-0.839011
-0.039734
-0.604307
0.805755
-0.140638
0.510713
0.957101
0.936533
-0.730133
-0.320631
-0.890244
0.824587
-0.403212
-0.896966
-0.344492
1.000000
-0.372122
0.904666
-0.415385
-0.005037
-0.154783
0.024190
0.686167
-0.898321
0.133546
-0.703199
-0.739080
0.688427
-0.183265
0.194677
1.000000
0.061835
-0.752433
-1.000000
0.356211
-0.923562
0.501082
-0.120422
0.915476
-1.000000
-0.190481
-0.146656
0.503043
-0.453850
0.173127
0.055744
0.127857
0.405773
-0.288155
-0.328580
0.764037
-0.136468
0.453326
-0.183498
0.441308
-0.225174
-0.732141
-0.701744
0.680391
-0.147716
0.534298
0.890280
1.000000
0.415525
0.708400
0.335110
0.340735
0.351836
-0.460923
0.349033
-0.480545
0.768363
0.148304
0.419322
0.891615
0.541584
-0.334224
-0.147113
-1.000000
-0.132509
-0.160115
0.044741
0.655256
-0.583875
0.748807
-0.193109
0.068371
0.004949
0.179359
-0.480829
-0.001108
0.270086
0.192506
-0.410134
0.165454
0.203101
-0.225364
-0.115751
0.151854
-0.154256
0.006121
-0.275588
-0.461237
-0.947524
0.456403
0.843586
0.874071
-0.228336
0.732131
0.107051
0.954938
-0.301069
-0.399727
-0.650843
-0.346742
0.196820
0.405162
0.803947
0.503076
0.186728
0.021420
0.134392
1.000000
-0.576535
-0.044633
-0.504941
0.396624
-1.000000
-0.135206
-0.917851
0.941752
-0.199320
-0.038909
-0.813270
0.282869
0.819277
-0.745424
-0.484123
0.021246
-0.316948
-0.646127
0.091781
0.095263
-0.273122
0.501108
-0.011842
-0.246637
0.888405
0.502545
0.313184
-0.012015
1.000000
0.318298
-0.039604
0.670287
-0.012921
-0.270313
-0.070311
-0.041942
0.089087
0.435164
0.913136
0.001572
0.444016
0.250066
0.585378
-0.272025
0.381872
-0.949581
-0.710573
0.352213
0.843677
-0.024703
-0.669443
-0.713109
-1.000000
0.128865
0.448199
-0.631846
-0.295897
-0.509044
0.469276
0.587471
0.648308
0.245115
0.131171
0.300542
0.664477
1.000000
0.525771
-0.334369
-0.036401
0.531395
0.397107
-0.965271
0.212154
-1.000000
0.445930
0.250256
-0.972695
-0.208739
-0.516152
0.280505
-0.692871
-0.527294
-0.912574
-0.263484
0.793705
0.093595
-0.650995
-1.000000
-0.622356
-0.307773
-0.373806
-1.000000
-0.183774
1.000000
-0.085559
0.273782
0.457484
0.060154
0.233481
0.471298
-0.535399
0.168211
-0.647970
-1.000000
-1.000000
0.233823
0.952556
-0.223577
0.293118
-0.628577
-0.169321
0.011107
-0.050872
0.513321
-0.450050
0.065303
-0.445158
0.514803
-0.553052
0.059956
-0.347113
0.769080
0.753439
-0.877211
0.011324
-0.034123
0.280262
0.567566
-0.131432
-0.505234
0.379903
-0.310969
-0.660206
0.462623
-0.380338
1.000000
-0.962928
0.060893
0.474939
0.448289
-0.206334
0.988037
0.919730
-0.527449
-0.216420
-0.392283
-0.927395
0.056328
-0.223558
-0.891519
-0.318585
0.062654
-0.077401
0.717541
-0.302542
-0.149369
1.000000
0.057674
-0.808908
-0.140169
-0.684354
0.362595
-0.638128
-0.044144
0.621750
-0.211573
-0.241623
0.147294
0.813346
0.184555
-0.709466
0.169436
-1.000000
1.000000
-0.279367
-0.116627
-0.274568
-0.553231
0.066234
-0.158284
-0.063115
0.475059
-0.676386
-0.201772
0.788537
0.833037
-0.030248
0.685479
0.030124
0.077069
-0.181369
0.345637
0.242974
0.753849
0.671027
-0.135455
-0.423931
-0.330866
-0.607029
-0.409127
-0.179244
-0.767981
-0.446743
0.303583
0.510727
0.018061
0.536692
-0.862123
-0.555395
0.781123
-0.511381
-0.418367
-0.849857
-0.491705
0.189433
0.762439
0.248924
0.802502
0.847713
0.247357
0.696401
0.826408
-0.554942
-0.148159
-0.010114
-0.333154
-0.454036
0.570972
-0.961224
-0.156843
-0.168929
0.654268
-0.655455
-0.475028
-0.216843
0.085626
0.278010
-0.813382
0.042365
0.138572
0.616924
-1.000000
0.538596
-0.021174
-0.259970
0.364051
-0.632109
0.003049
-0.688295
-0.929533
-0.792822
-0.866995
-0.626925
-0.613258
1.000000
-0.139670
0.686403
1.000000
0.323481
-0.300800
-0.814495
0.732324
-0.934283
-0.099841
1.000000
-0.016240
0.215820
-0.359291
0.209041
-0.471300
-0.571364
0.126423
-0.158008
-0.336894
0.613238
-0.179471
0.625286
0.193071
0.337672
-0.047015
-0.562770
-1.000000
0.066907
0.804942
0.862420
0.303218
-0.466819
0.824060
-0.306258
0.587365
0.335994
-0.308375
-0.118085
0.687729
0.166587
-0.948660
0.736583
0.406198
1.000000
-0.650552
0.246408
-0.945277
-0.792304
-0.545852
0.939099
0.302581
0.756691
-0.403369
-0.142674
-0.353797
0.024398
-0.379357
0.170738
0.097908
-0.351293
0.738578
-0.248306
0.154740
0.741240
-0.296119
0.103113
-0.313069
-0.235292
0.071829
-0.821306
-0.215120
-0.780276
0.267765
0.830450
-0.098163
-0.180525
-1.000000
0.523078
0.258951
0.242732
0.549512
-0.460189
0.037059
0.609241
-0.215145
-0.610870
0.839136
0.149541
-0.384484
-0.469701
0.817004
0.436809
-0.526937
0.413102
-1.000000
-0.212363
-0.805029
-0.790927
-0.563110
-0.280736
-1.000000
-0.860738
-0.543002
0.143853
-1.000000
1.000000
-0.021940
0.367908
-0.680469
-0.843636
0.936613
0.414498
0.084418
0.859193
0.069094
0.781551
-0.017165
-0.739742
0.625946
-0.303440
-0.923902
-0.992128
-0.214882
-0.266854
0.254846
-0.209698
0.735322
0.246121
0.275934
-0.431359
-0.101745
-0.081676
0.017199
0.489061
0.314902
0.832410
0.510995
-0.836133
0.377928
0.761388
0.501233
-0.890535
-0.506858
0.781880
-1.000000
-0.806176
0.706606
0.471231
-0.860707
-0.748515
0.003428
0.384971
0.293215
-0.403162
0.996397
-0.767169
0.780945
1.000000
-0.264046
-0.874151
-0.768398
-0.300390
0.168470
0.086909
-0.245908
-0.228942
-0.353721
1.000000
-0.096412
-0.950405
0.847327
0.373866
0.165871
-0.657833
-0.459018
1.000000
0.807827
-0.453251
0.682397
-0.130027
-0.059835
0.422733
-0.253654
0.244060
1.000000
-0.395430
0.534386
-0.593115
-1.000000
0.315074
-0.011361
-0.474820
0.085525
-0.046600
0.588564
0.242456
-0.103906
0.211531
-0.686542
-0.038227
0.864434
0.640551
-0.940853
-0.182569
0.373007
0.893877
0.292294
-0.117208
0.496005
0.087183
0.139683
0.840636
-0.897490
-0.216173
0.069368
0.459765
0.256612
0.412909
-0.286867
0.563879
0.197259
-0.687282
0.129924
0.260931
-0.153030
0.248090
-0.821783
0.126627
-0.900755
-0.731597
0.503336
-0.500278
0.355096
-0.081223
0.094583
0.941606
0.147395
-0.845061
-0.476127
0.401236
0.121991
0.310960
-0.184252
-0.311501
-0.610181
0.296274
0.196361
0.723797
-0.633161
-0.303334
0.150200
1.000000
-0.589834
-0.491362
-1.000000
-0.387504
-0.202134
-0.016639
0.844791
0.008754
0.790951
-0.744611
-0.186882
-0.720642
-0.109292
-0.351075
-0.279335
-0.291781
-0.587374
0.919095
-0.837155
-0.034218
-0.657598
-0.785586
0.456375
0.082510
0.516441
-0.789297
-0.244549
0.506600
0.103784
-0.022760
-0.126977
1.000000
-0.015700
0.208749
-0.957630
-0.721523
0.440470
-0.147843
-0.218280
-0.510293
0.528825
-0.241886
-0.943234
-0.399386
0.455141
-0.127675
1.000000
-0.283104
0.652373
-0.538211
1.000000
-0.580507
0.022391
0.766999
0.426708
0.420269
0.009320
-0.961182
0.626956
1.000000
1.000000
0.385469
-0.286315
-0.141169
0.141596
1.000000
0.376969
-0.011236
0.647060
-0.341691
-0.238918
0.263465
-0.547964
0.585284
0.149129
-0.264392
-0.847994
-0.525919
1.000000
-1.000000
-0.042743
0.563111
-0.136435
0.393311
-1.000000
-0.048932
-0.909998
-0.421316
-0.501026
0.924116
-0.531617
0.274268
-0.675535
0.925427
0.353033
0.772735
1.000000
-0.108748
-0.680587
-0.028400
-0.285888
0.535586
0.299117
0.212050
-0.102888
0.866949
0.367228
0.943029
-0.394234
0.179637
0.103585
0.176809
-0.135630
-0.051594
-0.522400
-0.073556
-0.789314
-0.150555
0.431695
0.196743
-0.543602
-0.483957
0.599780
0.940895
-0.105579
-0.915734
0.175032
-0.264968
0.370841
0.689493
0.696417
-0.587911
-0.832520
0.340017
-0.845484
-0.332996
-0.275744
-0.936521
-0.275682
0.948033
-0.359863
0.721466
-0.823682
0.669936
-1.000000
-1.000000
0.785708
0.590965
-0.433999
0.310082
0.769471
-0.320768
0.428352
-0.110633
0.570490
0.078138
0.066509
0.409422
0.535693
-0.612891
0.023930
0.148189
-0.208253
0.948300
-0.569239
-0.715135
0.848426
0.020869
-0.640322
-0.665512
-0.638894
-0.069918
0.332306
-0.207910
0.118232
0.053368
0.208243
-0.634939
0.855421
-0.091060
-0.899563
-0.067735
0.014676
-0.611828
-0.694396
0.770299
-0.814188
0.861110
-0.568954
-0.028444
-1.000000
0.910760
0.919126
-0.229877
0.259279
-0.815157
-0.685977
1.000000
0.409500
0.901856
-0.125470
0.775747
0.420089
-0.878484
-0.175524
0.349568
-0.462642
-1.000000
0.367666
-0.110607
0.897116
0.357894
0.414798
-0.214796
0.215978
-0.180316
-0.901230
0.659117
-0.399359
0.609998
0.870973
-0.090694
0.705272
0.510353
0.674048
0.208870
-0.603568
0.349113
-0.967248
-0.543171
0.052202
0.500128
0.427699
-0.098850
-0.093447
0.374096
0.606840
-0.285073
0.922121
0.813728
0.849284
-0.059136
0.420043
-0.337353
-0.533514
-0.566872
-0.068938
-0.031054
0.397896
-0.039495
-0.381844
-0.480236
-0.680719
-0.031186
-0.354784
-0.313683
-0.709490
-0.965628
0.402083
0.767592
-1.000000
0.192958
0.666574
1.000000
-0.091204
-0.055766
-0.663325
-0.143292
0.819999
0.646743
-0.723665
0.174508
0.106052
-0.459013
0.493545
-0.021935
-0.505155
-0.161403
-0.489692
-0.280717
0.439820
1.000000
-0.977872
-0.597763
0.115879
0.690576
-0.043729
0.332695
-0.447278
0.376650
0.697926
0.275232
0.667020
0.038356
-0.035274
-0.814084
1.000000
0.167055
-0.931944
0.281268
0.030091
0.339117
-0.793377
-1.000000
-0.543832
-0.609244
-0.181925
0.975074
0.222319
-0.507566
0.415305
0.643029
-0.889538
0.005747
-0.332645
0.596933
-0.192172
0.322463
0.072038
-0.001542
-0.512604
-0.157388
-0.206805
-0.838881
0.741484
0.085501
0.997415
0.744333
0.235656
-0.255491
-1.000000
0.776376
0.793127
-0.525877
0.521685
-0.039190
-0.300886
0.957115
0.081350
-0.847539
-0.806760
0.190555
0.659689
-0.286347
0.606551
-0.148159
0.113254
0.253863
1.000000
-0.468750
0.311808
1.000000
-0.324332
-0.282167
0.662061
-0.456528
-0.973755
0.973883
-0.159827
0.749772
-0.405210
0.984209
-0.651852
0.179775
0.859628
0.022228
-0.816502
-0.704866
0.437087
1.000000
-0.056603
-0.979870
-0.390006
-0.520932
0.769449
0.052923
-0.944179
-0.892873
0.412490
-0.421646
-0.079706
0.178023
0.020608
0.470380
-0.523798
-0.473773
-0.892862
-0.681729
-0.643361
0.623211
-0.814427
-0.072495
0.027215
-0.573416
0.612791
-0.173963
-0.276147
0.030641
-0.173968
-0.810701
0.997487
-0.001768
0.226827
0.086783
-0.392166
0.172965
0.794294
0.063934
-0.278305
0.507936
0.268237
0.415773
-0.457644
-0.234573
-0.931169
-0.858364
0.353831
-0.682115
-0.383975
0.176780
-0.483912
0.256378
-1.000000
-0.285733
0.376105
0.261737
-0.829903
-0.511086
0.952133
-0.745314
-0.227086
0.398783
-0.818214
0.691380
1.000000
-1.000000
0.564147
0.744549
0.011947
0.289630
-0.044925
0.677309
0.549609
-0.055644
-0.840674
-0.287409
0.707415
-0.319390
0.319909
0.407625
0.236604
0.910454
-0.680850
0.378810
-0.433658
0.120717
0.734155
-0.652137
0.863708
0.321799
-0.125727
1.000000
-0.186585
0.863991
0.356990
-0.374504
-0.202113
0.353619
-0.244955
-0.886480
-0.652956
-0.454427
0.075402
0.638908
-0.165759
-0.274766
1.000000
0.604993
-0.155067
-0.511676
-0.463088
0.783789
0.384435
-1.000000
-0.493540
-0.254876
0.404981
0.590935
-0.041279
0.091072
0.486809
0.223158
-0.401801
-0.908690
0.529239
0.195720
-0.223879
0.433472
-0.603533
0.529191
0.199608
-0.551753
1.000000
-0.583784
0.214245
0.570459
0.009405
1.000000
-0.927516
0.100116
-0.503130
0.195367
-0.798288
0.521598
0.463690
-0.441574
0.833079
0.311242
-1.000000
-0.443415
0.708325
0.151039
0.358431
-0.845735
0.718454
0.214817
1.000000
-0.361946
-0.980350
0.381096
-1.000000
1.000000
0.154805
0.093707
0.671178
-0.042481
0.958831
0.225474
-1.000000
-0.997973
1.000000
0.380947
0.459452
0.422323
0.789810
-0.074983
0.510904
-1.000000
-0.142686
0.065382
-0.755140
0.776809
0.195781
-0.727354
0.539266
1.000000
-0.368292
-0.033422
-0.727715
0.315907
-0.917611
-0.327879
0.736659
-0.461122
0.375135
1.000000
-0.524098
0.503916
-0.398499
0.854252
-0.526197
-0.355832
-0.099661
-0.541884
-1.000000
0.797387
-0.211917
0.902806
0.218072
1.000000
0.318466
0.269838
0.361082
-0.711788
0.943163
0.173248
-0.728566
-0.017160
-0.531642
0.561636
0.121467
-0.300580
-0.806099
0.404921
-0.236700
0.871765
0.754164
0.875861
0.206430
-0.599623
0.139714
0.457676
-0.034972
-0.732829
-0.449799
0.519133
0.354044
-0.581109
0.059761
0.167697
-0.280115
-0.297018
-0.067835
-0.347598
-0.900028
0.155158
0.226892
0.512197
-0.523299
-0.061916
0.255185
-0.750978
-0.259560
0.893870
0.727248
0.184180
0.733780
0.298894
0.042841
-0.601202
-0.073960
0.359831
-0.653496
0.371817
-0.636780
0.601214
-0.693062
0.729234
0.363277
1.000000
0.059684
-0.748669
-0.426391
0.588789
0.414780
1.000000
0.879727
-0.934352
-0.764724
0.979136
-0.068873
-0.222513
0.714689
-0.306354
-0.110697
-0.177819
-0.195639
-0.710108
-0.091169
0.178698
0.660105
-0.197744
-0.033954
1.000000
-0.356662
0.062668
-0.913824
0.134174
0.441224
-0.519475
-1.000000
-0.703070
-0.121545
0.231805
-0.491478
-0.734559
1.000000
-0.311845
0.114794
-0.724106
0.695354
-0.068575
0.204179
0.212720
-0.485896
-0.536944
0.311407
0.110208
-0.985865
-0.254335
-1.000000
-1.000000
-0.334392
-0.387056
-0.538751
-0.646277
0.131735
-0.179926
1.000000
-0.670415
0.780961
-0.708959
0.066548
0.621866
-0.229817
0.713674
0.357541
0.002570
0.561349
0.734239
0.400953
0.753091
0.633234
0.113953
0.031319
0.279764
0.703187
1.000000
0.209821
-0.151101
-0.816904
0.389394
-0.683325
-1.000000
-0.261401
-0.340773
0.151076
0.082705
-0.557375
0.276042
0.529995
0.048459
0.722587
0.474023
0.011204
0.659568
0.816789
0.358040
-0.793587
-0.964326
-0.108157
0.681248
0.927584
-1.000000
0.253703
0.482848
-0.321438
-0.224826
0.355530
0.500611
-0.715580
1.000000
0.396622
-0.623191
0.159028
0.814274
-0.586004
-0.422379
-0.128356
0.026780
0.140029
1.000000
0.137174
-0.273056
-0.285146
-0.007766
0.307973
0.366196
-0.037792
-0.343758
0.866270
0.158199
0.182849
0.989820
-0.986145
-0.059315
-0.079130
-0.263459
1.000000
0.851926
0.632223
-0.933616
0.373382
0.982472
-0.584527
0.397834
0.627669
-0.440711
-0.079992
-0.092433
-0.365490
-0.164778
0.672560
0.899800
-0.012805
1.000000
-0.179599
-0.972235
-0.384744
-1.000000
-0.086803
-0.904769
0.283759
-0.317648
-0.022650
-0.736831
-0.415745
-0.537698
-1.000000
0.880910
0.274457
0.393930
0.779204
0.658254
-0.354391
-0.606901
-0.883155
0.244545
-1.000000
-0.832445
-0.096637
-0.125628
0.368545
-0.188706
-0.040798
-1.000000
0.767945
0.291956
0.823771
-0.612860
0.740790
-0.421677
0.460377
0.532284
-0.625199
0.602196
0.239474
-0.984874
-0.896811
0.229698
0.100113
-0.197787
-0.892107
-0.462753
-0.945550
0.951990
-0.329686
-0.646016
-0.070546
-0.919805
-0.007598
0.262596
0.676562
-0.035954
-0.486392
0.249169
0.865015
-0.996370
0.905053
-0.081085
-0.795999
0.508525
-0.568870
0.366803
0.381830
-0.191064
-0.963972
-0.434483
0.223426
0.690565
0.785065
0.884084
-0.477757
-0.297357
-0.750416
0.177468
1.000000
-0.314205
-0.300961
1.000000
0.225975
0.925441
0.336218
-0.359077
0.223176
0.698185
-0.004279
-0.053139
0.765459
-0.318971
1.000000
0.308688
-0.044839
0.775964
0.596557
0.075434
-0.857314
0.218773
-0.462438
0.864467
-0.132342
0.255636
-0.161918
-0.679480
0.810684
-0.295243
-0.544222
-0.999459
0.470738
-0.414072
-0.427300
-0.497908
-0.109853
-0.827869
-0.536611
0.360288
0.403153
-0.019395
-0.201346
1.000000
-0.624040
-0.781914
0.510369
-0.677537
0.406644
-0.104930
-0.633411
0.459666
0.820076
-0.789387
0.689707
-0.738058
0.034354
-0.429304
0.159684
-0.566630
0.186246
-1.000000
0.094381
0.716221
0.220653
-0.319232
-0.854090
-1.000000
-0.371281
-0.010610
0.451147
-0.341072
0.734269
-0.253360
0.755781
0.136805
0.258340
0.350700
0.320050
0.446602
-0.298808
0.471653
-0.250279
-0.857409
0.696094
-0.574317
-0.009560
0.442713
-0.127905
-0.139038
-0.171289
-0.422146
0.214089
-0.033565
-0.180943
-0.030230
-0.215993
-0.764505
0.177614
1.000000
-0.477666
0.526254
-0.551513
0.640985
0.579859
-0.721357
-0.910400
0.761447
0.602136
0.101496
0.306741
-0.442953
-0.519623
1.000000
0.779217
0.989851
0.244743
0.667677
-0.740234
0.092183
-0.150516
0.797142
-1.000000
-0.388099
0.827568
-0.227232
0.314662
0.071466
-0.028921
-0.614317
-0.446490
0.623792
0.734429
0.763012
-0.147954
0.712734
-0.603050
-0.617812
0.317765
0.365762
-1.000000
-0.470374
-0.289947
0.910841
-0.178282
-0.269132
0.573554
-0.699833
-0.556353
0.096886
-1.000000
-0.208688
-0.317186
-0.012881
-0.917247
-1.000000
-0.734941
0.352647
-0.847744
0.328985
0.111646
0.740068
0.152179
-0.150182
0.336633
-0.524898
0.707633
-1.000000
-0.955359
0.125272
0.242188
-0.161091
1.000000
-0.143426
0.288624
-0.048867
0.307476
1.000000
0.800375
0.010320
-0.732563
0.110593
-0.487501
-0.703977
-0.380873
-0.398684
-0.006976
0.921135
0.306070
0.933862
-0.068824
-0.312418
-0.054471
0.865067
0.111978
-0.052143
-0.528688
-0.275996
-0.093498
-0.686969
0.205415
0.073964
-0.782689
0.374566
-0.099318
-0.295966
-1.000000
-0.373074
0.439189
0.659475
-0.793908
-1.000000
-0.001920
0.612919
0.727478
0.985910
0.108855
-0.037593
-0.523937
-0.103612
0.880341
-0.284851
0.648470
-0.645314
-0.013843
1.000000
-0.101141
-0.147213
0.095202
1.000000
-0.921611
-0.423198
-0.703784
0.883818
-0.815089
0.175302
-0.193814
0.920401
-0.355335
0.136676
0.673014
0.849720
-0.126003
0.705967
0.588934
0.689212
-0.579219
0.026269
-0.597061
-0.281389
-1.000000
-0.823347
-0.108465
0.915553
-1.000000
-0.375058
-0.288332
-0.148003
0.198226
-1.000000
0.473241
-0.349157
0.550137
0.166441
-0.569591
-1.000000
0.751463
-0.494493
-0.599116
-0.333773
-0.538975
-0.865293
0.308727
0.348613
-1.000000
1.000000
0.288748
-0.968053
0.618262
-0.080533
-0.015373
1.000000
0.850567
-0.769567
-0.388398
0.240038
0.734557
-0.622389
-0.776364
0.588125
0.843011
-0.558424
0.828814
-0.608430
-0.174835
0.303149
-0.921694
-0.448951
-0.978733
-0.256275
0.787265
-0.096521
0.537921
-0.081313
0.191270
0.602709
0.103843
0.750385
0.300042
-0.599217
-0.108866
-0.855972
-0.506329
0.949484
-1.000000
-0.926544
0.744303
-0.038264
0.321122
1.000000
0.938441
0.189551
-0.665903
0.317146
-0.296851
-0.957593
-0.539312
0.881040
0.149443
-0.101928
0.572902
-0.261594
1.000000
0.155256
-0.536499
0.326868
0.377897
-0.568167
0.915627
-0.555956
-0.261275
-0.993056
-0.344724
0.294639
-0.796314
0.783355
0.106295
0.692565
-0.288703
0.698485
0.767320
-0.347161
0.038499
-0.070040
0.306183
-0.368970
-0.000123
-0.130118
-0.060424
0.879885
-1.000000
0.897245
0.576385
0.520878
0.280714
-0.116720
-0.912972
-1.000000
-0.839002
0.247517
-0.448598
0.247710
-0.457040
0.297062
-0.563833
-1.000000
0.839215
-0.585354
0.050505
-0.713366
-0.516228
-0.141999
0.616364
-0.996629
-0.717833
-0.843304
-0.459024
-0.990258
0.315401
0.949900
-1.000000
-0.495355
0.382526
-0.639788
-0.147433
-0.272885
-0.695823
-0.629140
0.441208
-0.694434
1.000000
0.008718
-0.510541
-0.155577
0.953895
0.607227
0.294568
-0.786573
0.885077
-0.559003
0.046047
0.430776
-1.000000
-0.965720
0.100114
0.567484
-0.351999
-0.884777
0.249876
0.459327
0.733210
0.079950
0.030940
-0.283238
-0.216055
-0.018457
-0.215365
-1.000000
-0.052228
0.129261
-0.333112
0.856374
0.081400
0.445196
-0.066845
0.982739
-0.806159
-1.000000
0.591082
-0.602402
0.028590
-0.427540
-0.317190
0.727727
-0.479300
0.407993
-0.497306
-1.000000
-0.804722
0.552089
0.461962
-0.324399
0.480254
0.958989
-0.933864
0.363843
0.951120
-0.405588
0.424424
-0.422993
0.719922
-0.519946
-0.493030
0.099310
0.456767
0.448413
0.113555
0.335175
0.914054
0.505521
0.629579
-1.000000
0.889221
-0.168365
-0.651784
-0.364445
-0.294251
0.925275
-0.000101
-0.922169
-0.904344
-0.697027
0.545486
0.119942
0.169980
-0.431399
-0.195799
0.503324
0.680384
0.322262
-0.421630
-0.880519
-0.906187
-0.061282
-0.204238
-0.402458
-0.472451
-0.289989
0.962174
0.165206
-0.441652
-0.526529
0.004184
-0.002455
0.304312
-0.851024
0.784765
0.702588
0.340931
0.954553
0.884179
-0.987361
-0.226575
-0.906108
0.371903
0.101392
0.016156
0.945293
0.445745
-0.132026
-0.502646
0.845530
-0.022652
1.000000
-0.828970
-0.086509
0.731697
-1.000000
-0.288873
0.402681
0.312122
-0.680736
0.146622
0.298635
-0.122809
-0.684744
0.446208
0.587086
-1.000000
-0.679494
-0.351730
-0.428758
0.083424
-0.157359
0.669492
0.584633
0.947643
-0.225430
-0.603037
0.077401
-1.000000
0.183200
0.165838
-0.276777
0.370335
0.944193
0.330253
-1.000000
0.147058
0.172826
-1.000000
-0.910506
-0.523374
0.575127
-0.304327
0.129787
-0.362844
-0.640152
-0.471331
-0.532229
-0.468539
0.436297
0.115060
-0.163758
0.043180
-0.956983
0.199753
0.225653
-0.089595
-0.271913
-0.368864
-0.179267
-0.761917
0.755981
0.600014
-0.273848
-0.371434
-0.625571
-0.728813
0.163374
-0.990569
0.327795
-0.515847
-0.252389
-0.488807
0.107367
-1.000000
-0.373401
-0.089088
-0.311675
0.466336
0.090615
0.996786
0.763018
0.714370
-0.907219
1.000000
0.324471
-0.313857
-0.931155
0.957647
-0.534501
0.787589
0.139703
0.016109
1.000000
-1.000000
0.360854
-0.159265
0.613413
-0.378021
0.823678
-0.784458
-0.275393
0.253930
0.213916
1.000000
-0.586373
0.734614
-0.150912
-0.934677
-0.963354
0.949093
-0.381053
1.000000
-0.301034
-0.382239
-0.000125
1.000000
0.792159
0.715796
0.008005
-0.941522
0.382872
-0.015366
-0.304597
0.344504
1.000000
0.697966
-1.000000
-0.905699
0.475682
-0.856831
-0.950324
0.324063
-0.688717
-0.051638
-0.300614
-0.903328
-0.946977
-0.574626
0.529089
0.152438
0.782730
-0.072350
0.666364
0.040323
0.315756
-0.725315
0.654346
0.907458
1.000000
1.000000
-0.125648
0.852536
-0.846285
-0.131108
0.306961
0.828336
0.891828
0.541546
-0.447973
-0.595087
-0.684551
0.530207
0.848538
-0.378586
0.875701
0.368003
0.048490
0.064292
-0.301083
-0.128916
0.650380
0.040271
-0.559412
-1.000000
-0.462154
-0.344845
0.267354
-0.774206
0.854055
1.000000
-0.639528
-1.000000
-0.838414
-0.545559
-1.000000
-0.334230
-0.098369
-0.162422
0.626364
0.513833
0.285042
1.000000
-1.000000
1.000000
0.050392
-0.068270
0.002710
0.606716
0.940743
-0.966900
0.074547
-0.064950
0.094012
0.802931
-0.358912
-0.421772
-1.000000
0.078945
0.738360
-0.063232
-0.059250
-0.156464
0.444899
0.886461
0.764005
0.065504
-0.337049
-0.663512
-0.647926
-0.627319
0.736450
-0.108247
-0.224941
1.000000
-0.204657
-0.496369
-0.906808
0.000469
0.368586
-0.615219
0.517262
0.084939
0.518682
0.482301
-0.017556
-0.423037
0.555068
-0.558371
0.572942
0.188139
-0.020923
0.034034
0.760594
-0.198756
0.914556
-0.642087
-0.561280
-1.000000
-0.482311
1.000000
0.280592
0.865176
0.897174
0.840479
-0.627941
-0.472653
-0.243324
0.439859
-0.419088
-0.402184
0.161468
-0.278651
-0.270352
-0.938241
0.478329
-0.076853
0.260357
0.786217
-0.420915
0.176914
-0.442809
0.407481
0.410269
-0.043071
0.556384
0.969310
-0.636705
-0.023981
0.683750
-0.403545
-0.167010
0.227443
-0.572641
-0.605978
0.937360
-0.180306
-0.638186
0.714750
0.195944
-0.080592
-1.000000
-0.531993
0.686182
0.276665
-0.058227
-0.397275
0.415152
1.000000
-0.331066
0.518856
-0.795963
-0.448822
0.469105
0.775875
0.625746
-0.579895
0.719263
-1.000000
-0.645070
-0.709329
-0.594879
0.925276
-0.203119
-1.000000
0.985366
0.866754
-0.742354
-0.424568
1.000000
0.293479
0.773750
0.715589
-0.475098
-0.389252
0.485221
0.728981
0.192009
0.613527
-0.344747
-0.634342
0.743512
0.515855
-0.056006
-0.227407
0.473557
1.000000
-0.072771
0.228020
0.208066
-0.084644
-0.960448
0.817856
0.478672
1.000000
0.378492
-0.032018
-0.736627
0.289094
0.252346
-0.286308
-0.779319
0.013228
-0.079895
-0.974444
-0.419285
-0.944554
0.637146
-0.358827
1.000000
0.229937
-0.298939
0.592314
-0.126080
0.068946
0.150322
-0.904315
0.828190
0.201654
0.028973
0.287963
-0.406051
-0.480739
0.222829
0.413953
0.568047
-0.006187
1.000000
0.075279
0.078501
-0.723169
-0.058514
0.258571
-0.247870
-0.168405
-0.973151
-0.348729
0.589376
-0.446509
-0.956435
-0.826099
-0.608912
0.715789
0.469796
0.774061
-0.026173
-0.549947
-0.386967
0.667770
-0.718736
-0.528329
0.516736
0.727566
0.242637
-0.318501
-0.182853
-0.951291
0.029764
-1.000000
-0.677386
-0.457109
0.155116
0.944501
-0.027311
-0.942408
-1.000000
0.331237
0.201185
-0.344899
-0.915806
0.730674
-0.623639
-0.176040
0.306527
-0.759236
-0.177746
-0.878495
0.112499
0.980760
0.834120
-0.963725
0.479558
0.656328
0.222801
-0.235285
0.981892
-0.600375
0.803713
-0.270079
-0.119384
-0.601170
0.304217
0.852947
0.669815
-0.808042
0.357494
0.080186
-0.757582
0.136963
0.196893
-0.538206
-0.196504
-0.488582
0.104899
-0.606974
0.696782
0.243416
-0.706010
-0.170611
0.393844
0.702253
0.049227
0.686738
-0.296234
-0.715489
0.025221
0.076827
0.295173
0.432864
-0.045492
-0.025250
0.381137
-0.783116
0.737690
-1.000000
-0.683240
-0.885104
0.399366
-0.187760
-0.679266
-0.696700
0.915393
-0.344741
0.300502
0.051301
0.753738
-1.000000
0.944276
-0.931984
0.849146
0.738947
0.207409
-0.767482
0.235286
-0.357446
0.451765
-0.177270
-0.072089
0.215729
-1.000000
0.614951
-0.243599
-0.175303
-0.530471
1.000000
-0.415318
-0.275545
-0.034006
1.000000
0.187307
0.320612
-0.544434
-1.000000
0.639336
0.821523
1.000000
-0.111648
0.551254
0.099266
0.282749
-0.284758
-0.017231
0.153274
1.000000
-0.555067
0.913116
0.357080
-0.821280
-0.657385
-0.977150
-1.000000
-0.186329
0.582247
-0.451586
0.064880
0.124964
0.390333
-0.364576
-0.803018
-0.289827
0.084597
-0.576338
0.549415
-0.617688
-0.733083
0.407927
-0.215378
0.175115
0.732025
-0.435020
0.470832
-0.307331
-0.381188
0.829884
-0.095725
-0.512488
0.492673
0.244128
-0.853233
0.089597
-0.017129
0.028845
0.697291
-0.636366
0.532407
-0.371522
-0.072701
0.002594
0.205336
0.055387
-0.230593
0.747108
-0.315944
-0.530264
-0.566816
0.406210
-0.751864
-0.942733
-0.364671
-0.583160
-0.058996
-0.669600
0.914499
0.159980
-1.000000
-0.607758
0.183209
0.562897
-0.664985
0.850496
-1.000000
-0.652905
0.310332
0.286232
0.785928
-0.864637
0.380973
-0.277162
-0.174808
-0.407777
0.368295
0.844037
0.980892
0.236219
-0.424006
0.097173
-0.330084
-0.580273
0.855521
0.299174
0.758998
0.421190
0.889905
-0.941442
-0.231239
-0.976468
0.462469
-0.082039
-0.148157
0.232943
0.128883
-0.247598
0.307954
-0.212156
0.071370
0.071099
1.000000
-0.507949
1.000000
0.705902
-0.456122
-0.352135
-0.008737
0.244810
0.309529
-0.498165
0.168730
0.044996
0.343515
-0.538566
-0.709990
0.079987
-0.069808
-0.518797
0.019965
-0.199012
-0.893438
-0.922882
-0.819157
0.506221
0.872265
0.801911
0.230541
0.174902
-0.643926
0.951533
0.388923
-0.821520
0.171479
-0.935582
0.163204
-0.456699
0.423591
-0.801391
0.291635
-0.806543
0.236893
-0.223683
-0.946491
-0.098666
-0.506606
0.759712
0.123673
-1.000000
-0.099535
0.444255
-0.864195
0.265150
0.334355
0.072363
-0.125556
0.314725
0.295803
-1.000000
-1.000000
-0.759090
-0.813730
0.017056
0.014142
0.845423
0.151714
0.698225
0.630326
-0.105004
-0.630964
0.063330
0.437523
-1.000000
0.222611
0.238732
0.119537
-0.525346
0.778530
0.984958
-0.666655
-0.627783
-0.047263
-0.247491
0.184070
-0.714418
0.309815
0.207551
0.562967
0.054107
-0.598829
0.173138
-0.574966
0.605384
1.000000
-0.838616
-0.568454
0.622407
-0.020585
-0.280948
0.124741
0.905589
0.730935
0.570105
-0.414119
0.199013
0.218805
-0.435189
0.407893
0.112021
0.306026
-0.525604
0.371782
0.009891
-0.106044
0.536262
0.202294
0.870753
0.137799
0.475643
-0.075716
-0.426464
0.305821
-0.764903
0.170833
-0.821747
-0.188210
0.699781
0.055986
-0.273895
-0.177401
0.532399
0.448521
0.217006
-0.787753
-0.854461
-1.000000
-0.869202
0.535845
-0.858580
0.853423
0.411498
0.398677
-0.951094
-0.559122
0.258808
0.556402
-0.989157
0.636587
0.445092
-0.373779
-0.535356
0.247714
-0.004048
-0.512577
-0.084540
0.067195
0.491675
0.693471
-0.379372
0.592049
-0.054926
0.915715
0.297174
-0.958437
0.840113
0.980460
1.000000
0.712155
-0.066699
-0.816441
0.134458
-0.994750
-0.032192
0.821208
-0.580814
-0.174557
0.496565
0.771577
0.004101
-1.000000
-0.283042
-1.000000
-1.000000
-0.333129
0.949293
0.798678
-0.545966
-0.827085
0.639528
0.402353
-0.545933
-0.172402
-0.009885
0.862248
-0.340040
0.422865
-0.442473
0.201439
-1.000000
-0.464194
-1.000000
-0.525360
0.376465
-0.602778
0.293687
-0.173854
0.082986
0.641118
-0.811228
0.831587
0.388393
0.014596
0.692118
-0.447723
-0.080537
0.609635
0.622458
0.508756
-0.742903
-0.238948
0.516270
-0.368452
-0.785382
-0.581966
0.433139
-0.492878
-1.000000
0.401622
0.721836
-0.413991
1.000000
-0.314354
-0.953984
-0.433647
0.828341
0.237533
-0.205765
0.157496
0.972625
0.267895
-0.962325
-0.389045
0.071621
-0.664830
-0.013603
-0.896764
0.231454
-0.113071
0.491498
-0.961331
0.871040
-0.875171
-0.309708
1.000000
-0.352239
-0.978517
1.000000
0.253512
0.429313
-0.195216
-0.796241
-0.090488
-0.929276
0.193364
-0.375665
0.836247
-0.487334
0.848122
-1.000000
-0.767106
-0.378683
-0.034060
1.000000
0.478949
0.727064
0.890964
-0.889073
-0.436172
-0.097837
-0.328266
0.433471
0.545503
-0.045628
-0.472870
0.899242
0.264835
0.099844
0.476062
0.224914
-0.179463
0.440519
0.225000
0.764552
0.921207
-0.270882
0.790839
-0.120479
-0.054319
-0.988964
0.995960
0.794583
-0.973044
-0.830506
-0.666822
-0.076009
-0.504602
1.000000
-0.189858
0.737575
0.623040
0.191601
0.354040
0.873146
-0.761823
-0.172924
-0.230033
0.893612
-0.020468
0.309597
0.438319
0.292157
-1.000000
-0.787387
-0.982713
-0.517981
0.970742
0.024337
0.196495
0.700189
0.795354
-0.005316
0.825282
-0.647818
0.941973
0.875983
-0.863163
0.156434
-0.912885
0.356060
-0.255580
0.923677
-0.625545
-0.617636
-0.411167
-0.651649
-0.541700
0.029734
-0.974321
0.493610
-0.585838
0.987321
0.125317
0.067463
-0.854495
-0.481911
-0.011071
1.000000
-0.942503
-0.192069
1.000000
-0.843657
-0.179617
-0.983453
-0.001429
-1.000000
0.283564
-1.000000
0.677931
1.000000
-0.409238
-0.807516
-0.110613
0.438721
1.000000
-0.252019
0.963561
0.636334
-0.073772
0.751784
0.382404
-0.984783
-0.870347
0.188276
-0.231438
-0.716366
0.464041
-1.000000
0.118289
-0.546274
-0.235049
0.687135
0.163159
-0.201437
-0.922646
-0.006175
-0.370209
-0.588211
0.409518
-0.021750
-0.261346
-0.729089
-0.412604
1.000000
-0.995598
-0.152738
0.088310
-0.519921
-0.823304
-0.332617
0.095175
0.747138
0.675443
-0.443951
-0.060225
-0.886951
0.183074
-0.956195
0.912885
0.948225
-0.139545
-0.644712
0.109784
0.278390
1.000000
-0.555742
-0.113087
-0.479231
-0.640067
-0.801719
-0.882332
-0.349370
0.031922
-0.527137
-0.124606
-0.012750
-0.070824
0.695431
-0.150378
-0.413590
0.648632
-0.688897
-0.343364
-0.357079
0.818561
-0.432904
-0.108888
0.183442
-0.315623
-0.122783
0.884872
0.771618
-0.896796
-0.201280
-0.721348
-0.612352
1.000000
0.941824
-0.725345
-0.587159
0.725547
0.514746
0.393410
-0.764533
-0.074191
-0.003509
0.506928
0.163384
0.543054
-0.174651
-1.000000
-0.047326
-0.444294
-0.442612
-0.365925
-0.508172
-0.750018
0.974957
0.035197
0.746859
-0.744466
0.195671
-0.622856
0.449383
0.614471
-0.861922
0.117531
0.039804
0.956252
0.239895
-0.458375
0.377541
-0.713343
0.373912
0.304090
-0.105308
-1.000000
0.318860
0.806741
-0.603931
-0.313548
-0.896798
0.254035
-0.812210
0.198883
0.954516
0.852806
0.139803
-0.225683
-0.917915
-0.592046
0.556771
0.016533
0.140988
0.784490
0.822376
0.473529
0.858383
-0.773657
0.131814
-1.000000
-0.549535
-0.547465
0.065787
1.000000
-0.354659
-0.084107
0.355790
-0.402841
-0.092059
-0.831125
-0.582426
0.603950
-0.591753
-0.116611
-0.112626
-0.854617
0.361993
0.155544
0.607265
0.321080
0.640798
-0.395617
-1.000000
-0.385149
-0.588586
-0.768116
0.175541
-0.288312
-0.937634
0.382376
0.294185
0.592744
-0.468765
-0.493628
-0.624188
0.899514
-0.607991
0.101796
0.900567
-0.016216
0.562537
0.623249
0.011733
-0.254033
-0.111493
-0.629531
-0.456696
-0.638906
1.000000
0.166373
-0.934168
-0.980851
0.441710
0.088446
0.174082
-0.646756
0.760957
0.651630
-0.668047
-0.718984
0.230543
-0.628478
0.334890
0.296559
-0.597584
-0.770278
0.151509
0.962581
0.148340
0.180619
0.874291
0.024273
0.704241
-0.738062
-0.552149
-0.677626
0.762615
-1.000000
0.765580
0.932031
-0.102636
-0.911869
0.400204
-1.000000
-0.376571
0.112754
-0.596296
0.970135
-0.091739
-0.393075
0.628185
-0.367318
-0.711562
-0.685734
0.169873
0.538656
0.363005
0.121833
0.288298
-0.580710
-0.492896
-0.245679
0.278866
0.889178
0.299664
0.642781
-0.730349
0.323023
-0.445801
0.948026
0.229369
0.254079
0.533569
-0.255403
0.269848
0.742270
0.136237
-1.000000
0.532992
1.000000
-0.725084
0.079127
0.014597
-0.586909
0.749691
0.187890
-0.423240
0.976478
-0.401394
0.653205
-0.580697
0.200901
-0.626665
-0.710699
-0.905384
-0.214871
-1.000000
-1.000000
-1.000000
-0.287634
-1.000000
0.770052
-0.646397
-0.435693
-0.476289
0.489511
-0.790748
0.728445
0.197465
-0.077824
-0.212326
-0.020040
0.081765
-0.026687
0.238205
-0.519382
-0.867433
-0.156434
1.000000
-0.967419
-0.307033
0.515746
0.926074
-0.822762
-0.143492
0.337657
-0.602227
0.434857
-0.176246
-0.451688
-0.805279
0.794436
-0.833960
-0.684989
0.147154
0.125825
0.823085
0.025520
-0.559082
0.868427
-0.530347
-0.133325
0.445986
0.711247
-0.233607
-0.166317
0.526935
-0.540082
-0.204488
0.769495
-0.428044
-0.028699
0.766703
0.864512
-0.863890
0.827308
0.307567
0.267402
1.000000
0.068102
0.040081
-0.495604
-0.252394
-1.000000
0.656871
1.000000
0.247719
0.130562
-0.253470
-0.438881
0.337898
0.264553
0.683293
-0.228764
0.371953
0.787282
-0.748238
0.898964
0.524142
-0.528459
0.027166
-0.107972
-0.638591
-0.895506
0.120653
0.591217
-0.543723
0.181162
-0.742222
-0.077363
-0.076783
-0.130126
0.780785
0.148854
0.409022
0.056208
0.050680
-0.681174
-0.284737
0.140868
-1.000000
-0.583598
0.227493
-0.544883
-0.203734
0.369713
-0.291435
-0.368707
-1.000000
-0.216535
-0.387386
-0.799992
-0.531954
1.000000
-0.394230
1.000000
0.267101
-0.272797
-0.705147
-0.457998
0.346310
-0.009464
-0.686214
0.269163
0.992715
0.378138
0.224751
-0.327774
-1.000000
0.100147
-0.471776
0.332942
0.804281
-0.208538
0.380666
-0.084280
-0.254141
-0.946903
1.000000
0.411514
0.336891
0.272101
-0.735564
-0.751315
0.593182
-0.124489
0.330414
1.000000
-0.023195
0.100797
0.263841
-0.408934
-0.184397
-0.316270
0.275323
0.973003
-0.156399
0.716848
-0.415337
0.501435
0.414161
-0.259915
0.764428
-0.081408
0.790779
0.305552
0.081808
0.412320
0.124714
0.867694
-0.564768
-0.496694
-0.653124
0.068410
0.013426
-0.543134
-0.590000
0.754284
0.442575
-0.743984
-0.765289
0.508406
-0.301741
-0.063890
-0.236223
-1.000000
-0.489891
-0.558771
1.000000
-0.423469
-0.674887
-0.980371
-0.702053
0.505751
-0.044109
-0.425963
0.077015
-0.090877
-0.471265
-0.069434
-0.824905
-0.328939
0.589062
-0.582027
-0.659612
-1.000000
-0.463235
0.879542
0.886867
-0.645285
0.898645
-0.656506
0.403378
0.778066
-0.190387
-0.815891
0.316377
0.196849
-0.778534
-0.660074
-0.507381
-0.458772
-0.110574
-0.926852
0.748916
0.413517
1.000000
-0.436606
0.401029
0.431312
-0.117949
0.594718
-0.757198
0.007632
-0.248907
0.301558
0.414351
0.594996
0.065021
0.461886
0.622084
-0.505281
0.284204
-0.966743
0.840005
-0.009516
0.170585
0.076212
-1.000000
0.939127
-0.404400
-0.535092
0.222863
-0.082206
-0.577065
-0.476536
1.000000
-1.000000
0.531368
0.659105
-0.557510
-1.000000
-0.853751
-0.051462
-0.061454
-0.201019
0.193338
0.832121
-0.696278
-0.345212
0.765693
-0.185739
-0.920281
0.246138
0.280872
0.095825
-1.000000
-0.919266
0.383712
0.077991
-1.000000
-0.894868
-0.581883
0.538739
1.000000
0.964841
-0.135679
1.000000
-0.509814
1.000000
-0.571452
-0.466286
-0.844392
-0.757603
-0.766443
-0.161870
0.438331
0.317820
0.372003
-1.000000
-0.608738
-0.914255
-1.000000
0.604392
0.138612
0.492491
0.934600
0.715369
-1.000000
0.653931
0.910892
0.042483
0.986990
0.337643
-1.000000
0.317641
0.360884
-0.189036
0.049477
-0.377534
0.024058
-0.038660
-0.207868
-0.083045
1.000000
-0.817442
0.454288
0.546790
-1.000000
0.921472
0.931262
-0.418670
-0.576704
1.000000
1.000000
-0.494033
-0.996610
0.476635
0.161182
0.010034
-0.388521
0.531892
-0.692538
0.301086
-0.284040
0.573386
0.756139
0.460184
0.928252
1.000000
-0.437049
-0.461020
-0.120816
-0.412017
-0.344265
-0.844682
-0.952723
-0.824242
-0.115376
0.670271
-0.269499
-0.040625
0.408499
0.217851
0.693347
-1.000000
-0.426999
-0.757765
-0.884867
0.724757
0.708650
-0.301792
-0.318363
0.411280
-0.296750
0.118540
0.988530
-0.669049
0.274956
0.488783
0.307378
-0.024931
0.252528
0.801391
0.899801
0.523629
0.561701
-0.227174
-0.667866
-1.000000
-0.344371
0.208410
0.734710
0.156713
0.753759
-0.474161
-0.336302
-0.521565
0.452574
-0.705691
0.460630
0.777600
0.558810
0.340259
0.211039
-0.425700
1.000000
-0.309145
-0.540958
-0.451475
-0.355337
0.584498
0.816493
0.011039
0.426807
0.974238
-1.000000
-0.174604
-0.354404
0.549711
0.349017
-0.260487
-0.696862
0.719203
0.771611
-0.289759
0.291587
0.936381
0.508246
0.168404
0.028508
0.334641
0.494795
0.385908
1.000000
0.728049
-0.720947
-1.000000
0.760253
0.935291
-0.917315
0.078363
-0.676096
-0.928996
0.065246
-0.270375
-0.134090
-0.358702
0.266964
1.000000
0.326917
-0.302291
0.724935
1.000000
-0.410526
1.000000
0.532115
-0.823848
0.487783
-0.560148
-0.753997
0.567683
0.121228
0.280474
0.108992
-0.767861
-1.000000
-0.736075
0.876909
-0.469532
-0.770624
0.344953
-0.667946
0.769080
0.523958
0.762563
0.169414
-0.818593
0.257965
-0.078313
-0.486372
-0.121481
-0.384682
0.630122
-0.595121
0.403384
0.595955
0.838602
0.285396
-0.829761
-0.026273
-0.428715
-0.573420
0.514419
0.032916
-1.000000
-0.550426
0.136697
0.459074
-0.473798
-0.723744
0.091368
-0.503010
-0.813688
-0.426302
0.496251
-0.355271
-0.082552
-0.621717
0.299026
0.113048
-0.355877
-0.102924
0.153452
-0.587413
0.069026
1.000000
-0.819281
0.598722
1.000000
0.063904
0.529128
0.025901
-0.285112
-0.567755
0.104337
-0.296186
-0.748833
-0.512501
-0.913023
-0.313029
0.552811
0.120992
-0.119597
0.886146
-0.676525
-1.000000
-0.421108
0.525777
-0.487330
-0.240902
-0.146280
0.536441
-0.612261
-0.656440
0.879914
0.232937
0.929986
-0.528235
-0.089136
0.203225
0.270015
0.308427
0.473292
0.947104
0.975813
-0.503641
0.723352
0.092904
0.334865
0.319182
0.225929
0.796818
-0.494962
-0.980736
-0.519708
-0.680817
0.007720
-0.538566
0.966835
0.508847
-0.018489
-0.660416
0.573992
0.052956
0.463205
-0.972165
-0.136741
0.664072
0.037444
0.524082
-0.604002
0.961047
-0.280684
-0.661884
0.153994
-1.000000
0.370863
-0.847478
-0.460490
0.763506
-0.321575
0.051883
-0.265092
-0.290471
0.161618
0.199171
0.061595
0.802242
0.045690
0.190427
-0.360824
0.062485
-0.319863
0.034626
-0.565821
0.542724
-0.315541
0.637950
0.297176
0.511954
0.274205
0.980616
0.921327
0.891694
0.843288
-0.146681
0.555175
-0.042731
0.904127
-1.000000
0.161547
-0.203595
-0.871482
0.478169
-0.427071
0.879194
-0.315851
0.091887
0.183354
0.576330
-0.583734
0.825873
0.482956
0.994380
-0.685661
-1.000000
0.773112
-0.748206
-0.716583
-0.443488
-0.144176
-0.875462
-0.009045
0.890234
0.898750
0.431376
-1.000000
0.299482
1.000000
0.012942
-1.000000
0.777678
-0.375613
-0.779466
0.009125
0.108260
0.495795
-0.121379
0.018477
0.049871
0.504688
-0.083581
0.563890
0.444832
0.554573
-0.019842
0.342613
0.794681
0.267588
0.044217
-0.122679
-0.328790
0.147764
-0.022199
-0.840964
-0.087464
-0.410869
0.104118
-0.964141
0.152027
-0.855898
0.621062
0.108348
-0.062371
-0.926147
-0.745620
0.727585
0.274408
-0.598462
-0.535276
0.569043
0.640702
-0.725503
0.950103
-1.000000
0.831935
-0.693244
0.478208
0.410019
0.969814
0.037060
-0.688782
0.797735
-0.062403
0.319452
-0.458819
0.888781
-0.336297
0.076837
-1.000000
0.021445
0.756354
0.100203
-0.837185
-0.939876
0.730465
-0.046787
-1.000000
0.106266
1.000000
1.000000
-0.853715
0.738111
-0.158849
0.718933
0.396956
-0.470279
-0.710927
0.023240
-0.881674
0.019828
-1.000000
-0.104937
0.800785
-0.444254
0.135791
0.918783
0.179131
-0.297316
-0.245886
-0.030509
-0.163409
-0.901687
1.000000
-0.195184
-0.493394
-0.500361
0.855226
-0.046811
0.093707
0.875063
0.258942
-0.377237
0.129777
-0.287597
-0.158392
0.294842
-0.177587
0.276594
0.763737
-0.585395
0.487986
-0.142030
-0.732694
0.904156
-0.171158
-0.448928
-0.373217
0.951539
-0.985339
0.482891
-0.185560
0.542346
0.516120
-0.179907
0.047657
0.210529
0.479024
-0.125461
0.054518
-1.000000
0.634761
-0.972389
0.394480
0.183641
0.172241
-0.173222
-0.723637
0.238097
-0.992611
0.298456
0.353226
-0.134324
-0.348040
0.542509
0.722803
-0.737281
-0.608506
0.578308
-0.305445
-0.396063
-0.006844
-0.188521
-0.005174
0.506938
-0.632586
-0.519710
0.660637
0.204056
0.891817
1.000000
-0.095110
0.391855
-0.181496
-0.073951
0.094221
0.678332
-0.570334
0.168175
-0.230834
0.405114
0.482186
-0.579707
0.784864
-0.035425
-0.641610
-0.560419
0.529065
-1.000000
-0.313660
-0.120538
-0.147632
0.033674
0.828473
-0.195456
-0.412290
0.572494
-0.567974
-0.064499
-0.147732
-0.120735
-0.040034
-0.551593
0.083005
0.557104
-0.970330
0.059595
-0.466348
0.108524
-0.728189
0.545976
0.710638
0.934529
-0.775426
0.747879
0.632557
-1.000000
-0.213658
-0.732453
-0.237075
0.360489
0.511059
-0.636122
-0.470403
0.401575
-0.579926
0.816340
0.625349
0.085012
-0.125152
-0.273036
-0.680559
-0.666462
-0.849121
0.497179
1.000000
0.049667
0.535187
-0.285242
-0.330274
0.530144
0.180705
-1.000000
-0.789845
-0.965993
-0.836707
-0.446437
-0.303170
0.044875
0.335213
0.743928
0.908154
0.138471
-0.062819
0.425383
-1.000000
-0.458661
1.000000
-0.035783
-0.438863
0.581795
0.152891
0.289883
0.722163
-1.000000
-0.334826
0.481349
-0.922299
0.660564
0.787267
0.731423
0.176313
-1.000000
-1.000000
-0.192778
-0.616435
-0.714615
-0.069465
0.549626
-0.714477
0.020406
-0.947922
0.306255
0.064795
0.324316
-0.407829
-0.679136
-0.268313
-0.147592
0.131206
0.447680
-0.854563
-0.089389
-0.072846
-0.757055
-0.729302
0.349128
0.342456
0.485548
0.518857
0.133326
0.993005
-0.030034
0.621307
-0.282455
-0.603804
0.259920
-0.395297
-0.240982
-0.495690
-0.879149
0.568784
-0.664002
-0.404229
-0.577960
0.425679
-0.867393
-0.267808
-0.413338
-0.456435
-0.102718
0.952494
-1.000000
-1.000000
-0.500763
-0.747699
0.026728
-0.103036
0.520998
-0.018950
0.622666
0.796668
-0.323802
-0.378474
-0.045742
-0.309298
-0.217703
-0.522787
0.298214
-0.253010
-0.692582
0.811351
0.776321
0.031133
-0.857308
0.040051
-0.857857
-0.305883
0.426847
-0.734672
-0.225599
-0.577814
-0.988527
0.329804
0.071195
0.112484
0.010969
0.514124
0.028098
0.871405
0.014387
0.184004
0.402444
0.002891
0.117366
0.003892
0.058167
0.004453
0.037257
0.149003
0.169736
0.018286
0.008346
0.038258
0.006900
0.092926
0.076110
0.028316
0.018860
0.074462
0.040625
0.342756
0.278840
0.238262
0.014164
0.035021
0.045807
0.011479
0.052550
0.008085
0.019814
0.024057
0.041136
0.010794
0.103837
0.036325
0.008939
0.067048
0.006403
0.038032
0.033227
0.006750
0.058282
0.006279
0.066932
0.045872
0.022392
0.149841
0.006564
0.053250
0.271947
0.016363
0.069298
0.091069
0.380094
0.349617
0.174312
0.020930
0.111765
0.062819
0.101857
0.192610
0.007664
0.161415
0.006446
0.021066
0.066385
0.157179
0.022261
0.007224
0.020442
0.509156
0.108656
0.018549
0.034146
0.558795
0.008507
0.014586
0.054540
0.169284
0.236780
0.344685
0.034189
0.109699
0.066133
0.014427
0.027764
0.093891
0.618296
0.001076
0.069383
0.022871
0.063663
0.003379
0.240071
0.008937
0.021049
0.038051
0.080677
0.035206
0.048392
0.272320
0.005068
0.029474
0.054623
0.034198
0.233779
0.001625
0.035860
0.121520
0.018396
0.117750
0.092090
0.019276
0.102630
0.026483
0.070295
0.080292
0.012334
0.991916
0.044081
0.009592
0.022519
0.034368
0.005022
0.041153
0.107806
0.751510
0.121234
0.004705
0.035022
0.034738
0.008068
0.876259
0.075173
0.014264
0.002040
0.231026
0.023019
0.053999
0.580743
0.037894
0.096839
0.368345
0.036625
0.086507
0.031439
0.020017
0.008563
0.150448
0.003681
0.114872
0.008183
0.124982
0.024811
0.040630
0.069035
0.072877
0.016852
0.055863
0.203875
0.003247
0.041168
0.308983
0.008934
0.005230
0.027238
0.208339
0.423367
0.048549
0.006678
0.003095
0.065286
0.167269
0.007827
0.002916
0.145014
0.014407
0.014436
0.023231
5.746034
0.154922
0.035312
0.776830
0.028747
0.040974
0.038015
0.046816
0.029091
0.353572
0.019182
0.239415
0.071157
0.025814
0.052609
0.008268
0.008980
0.015874
0.278717
0.074281
0.213517
0.017528
0.145474
0.104576
0.717590
0.007197
0.558348
0.006174
0.011452
0.047875
0.053659
0.013059
0.017291
0.081102
0.079689
0.035150
0.009794
1.047622
0.247900
0.137400
0.034489
0.153973
0.042860
0.027788
0.046197
0.135157
0.033133
0.044619
0.025308
0.045686
0.017648
0.175062
0.125776
0.009356
0.105171
0.452387
0.343404
0.279863
0.649647
0.066730
0.016442
0.095086
0.015555
0.310027
0.203125
0.079683
0.027689
0.733553
0.173185
0.135795
0.049732
0.064722
0.210167
0.006174
0.067803
0.088286
0.027205
0.044475
0.004981
0.242771
0.049935
0.058049
0.029533
4.493510
0.087894
0.015007
0.074913
0.005048
0.031266
0.027611
0.445876
0.003365
0.021688
0.008107
0.055515
0.258458
0.004387
0.197103
0.444106
0.042320
0.016402
0.015178
0.083326
0.004842
0.058450
0.069110
0.026025
0.234324
0.053067
0.095099
0.003517
0.022036
0.179364
0.777064
0.041763
0.110305
0.050303
0.002714
0.087487
0.150902
0.166489
0.064545
0.085667
0.543062
0.075501
0.300576
0.023420
0.167374
0.054693
0.509187
0.165855
0.072304
0.346189
0.131156
0.110022
0.067954
0.134688
0.125766
0.004824
0.229861
1.442660
0.395870
0.528151
0.043821
0.011175
0.004605
0.016701
0.012606
0.032666
0.009955
0.009113
1.325366
0.014140
0.010803
0.200510
0.297163
0.425410
0.062014
0.015000
0.083690
0.142840
0.200534
0.414733
0.092702
0.212153
0.026827
0.149044
0.025251
0.013232
0.038689
0.019366
0.036178
0.467062
0.000719
0.005608
0.088771
0.272413
0.062225
0.237280
0.027465
0.258438
0.045582
0.737354
1.949066
0.140477
0.015249
0.001924
0.148460
0.063349
0.089438
0.057587
0.027388
0.029008
0.103577
0.062005
0.072351
0.011537
0.011340
0.191016
0.025536
0.182635
0.158693
0.265863
0.928096
0.206778
0.066289
0.262918
0.003410
0.088307
0.175892
0.158445
0.002990
0.077570
0.321126
0.104347
0.478116
0.030731
0.016130
0.069714
0.098231
0.046431
0.309857
0.028512
0.001143
0.226206
0.058613
0.030675
0.059667
0.001679
0.020845
0.044741
0.021085
0.050785
0.003065
0.047849
0.034955
0.855940
0.116099
0.005256
0.475589
0.090808
0.043052
0.030639
0.023433
0.273976
0.355641
0.182231
0.016030
0.007450
0.070900
0.116880
0.039420
0.399808
0.356704
0.094177
0.039464
0.013860
0.223195
0.134404
0.039812
0.123114
0.011868
0.629038
0.021172
0.104138
0.055258
0.047247
0.174663
0.043869
0.014322
0.017610
0.023423
0.094543
0.025901
0.071281
0.479019
0.036351
0.010148
0.038606
0.260118
0.028590
0.508000
0.262442
0.348842
0.076120
0.181768
0.192595
0.023605
0.019827
0.024337
0.007151
0.041089
0.105053
0.051157
0.396202
0.187755
0.082023
0.000755
0.010990
0.152940
0.025694
0.071795
0.204792
0.035714
0.125182
0.011768
0.007677
0.036629
0.017170
0.056088
0.134305
0.028017
0.019617
0.013130
0.059151
0.190659
0.080191
0.016789
0.037082
0.092765
0.113998
0.494872
0.935396
0.008183
1.529661
0.015394
0.014377
0.051606
1.255460
0.015807
0.023407
0.445176
0.030839
0.064300
0.017347
0.040856
0.088468
0.206263
0.009338
0.348419
0.010404
0.005674
0.010312
0.002912
0.006430
3.705938
0.011939
0.163188
0.122481
0.233216
0.007614
0.015634
0.077423
0.021256
0.047371
0.519649
0.024772
0.011971
0.013287
0.179360
0.077646
0.101013
0.195670
0.027503
0.010205
0.010201
0.010974
0.087488
0.073241
0.089130
0.116051
0.053356
0.152724
0.081401
0.025674
0.057332
0.048735
0.004020
0.145308
0.006244
0.104771
0.016064
0.014410
0.019379
0.041260
0.005819
0.480069
0.144118
0.064233
0.096511
0.006684
0.207735
0.014678
0.030257
0.003932
0.042186
0.062351
0.009293
0.157990
0.209355
0.008061
0.046001
0.006741
0.026534
0.592716
0.309609
0.473520
0.034927
0.095922
0.116222
0.011379
0.019032
0.044020
0.013524
0.146979
0.071527
0.088699
0.045377
0.041092
0.023172
0.049064
0.022766
0.049226
0.166559
0.023663
0.011495
0.033133
0.291678
0.154028
0.021288
0.082349
0.074097
0.016471
0.119012
0.045848
0.051414
0.130939
0.017354
0.022129
0.096627
0.050144
0.029046
0.151832
0.003667
0.123254
0.039870
0.040970
0.007322
0.065446
0.058629
0.025354
0.017503
0.018711
0.025192
0.012047
0.031571
0.016326
0.173569
0.004196
0.016582
0.016770
0.475918
0.024415
0.012764
0.012266
0.026503
0.213088
0.013890
0.012878
0.034320
0.082657
0.002499
0.053755
0.271834
0.660936
0.196089
0.105638
0.005883
0.080688
0.003957
0.290776
0.008349
0.005163
0.123313
0.043857
0.163416
0.014662
0.027519
0.034628
0.019053
0.311835
0.207682
0.052184
0.055762
0.175354
0.024197
0.040141
0.351248
0.387030
0.107392
0.009012
0.001751
0.014625
0.101075
0.054778
0.021967
0.115691
0.017902
0.097023
0.850230
0.018798
0.022405
0.020661
0.006901
0.050647
0.092948
0.263627
0.060890
0.002512
0.002955
0.057719
0.006860
0.015147
0.003860
0.354037
0.009465
0.042650
0.009451
0.208641
0.014692
0.553684
0.312039
0.418858
0.017421
0.050456
0.010709
0.159447
0.567848
0.571871
0.000555
0.033597
0.002317
0.659642
0.055950
0.064345
0.020937
0.152141
0.119523
0.083197
0.007775
0.000351
0.058504
0.051570
0.003831
0.073597
0.186158
0.314531
0.111533
0.275112
0.045441
0.055189
0.036120
0.002345
0.034527
0.032464
0.049030
0.003285
0.228763
0.123246
0.014537
0.128601
0.051185
0.039138
0.019216
0.092245
0.159637
0.068253
0.023711
0.041979
0.074447
0.141509
0.019486
0.061853
2.361293
0.095472
0.139328
0.363728
0.023294
0.110688
0.239972
0.012898
0.221670
0.382412
0.029983
0.038827
0.020006
0.021896
0.131794
0.047020
0.004508
0.006650
0.059943
0.036082
0.010948
0.285870
0.083447
0.049324
0.084865
0.004330
0.077213
0.207394
0.194124
0.112532
0.018159
0.013507
0.173084
0.034095
0.266529
0.006383
2.249817
0.041297
0.099614
0.739808
0.088106
0.021097
0.434845
0.042491
0.023241
0.022092
0.001025
0.014528
0.077702
0.229366
0.062703
0.009802
0.014554
0.050650
0.072405
0.047871
0.006919
0.059757
0.156687
0.114521
0.283858
0.377400
0.004499
0.186864
0.002787
0.006395
0.684841
0.022346
0.026465
0.227125
0.096513
0.621934
0.024696
0.111739
0.090725
0.041635
0.058969
0.006349
0.293837
0.047503
0.112934
0.116600
0.076153
0.013425
0.144500
0.012300
0.085572
0.002830
0.057775
0.073376
0.002162
0.224329
0.038461
0.022841
0.047481
0.028620
0.021592
0.096508
0.012140
0.132098
0.025612
0.024254
0.023842
0.020886
0.037137
0.020194
0.023493
0.011573
0.097827
0.148248
0.027748
0.039192
0.030287
0.121800
0.005341
0.012369
0.099616
0.032836
0.253401
0.016964
0.012599
0.881202
0.022328
0.015243
0.011305
0.030517
0.231989
0.020864
0.058270
0.432958
0.023606
0.019911
0.010505
0.052967
0.012214
0.110116
0.014709
0.349734
0.201137
0.050730
0.288131
0.058781
0.031113
1.047472
0.104605
0.394340
0.051233
0.031074
0.016895
0.001330
0.070638
0.065920
0.005203
0.073142
0.022429
0.018006
0.434459
0.059396
0.084622
0.036857
0.027941
0.142806
0.057642
0.004841
0.006965
0.016912
0.576667
0.103230
0.029371
0.593331
0.013774
0.006355
0.011083
0.250739
0.025429
0.069134
0.034873
0.006135
0.001503
0.046737
0.059819
0.139609
0.089704
0.006535
0.254557
0.007805
2.349956
0.064275
0.521272
0.044464
0.065166
0.052744
0.045225
0.024154
0.066542
0.016144
0.206595
3.233333
0.055352
0.231266
0.027895
0.029838
0.032242
0.142355
0.005265
0.021551
0.081415
0.044870
0.061141
0.105971
0.087735
0.214898
0.019109
0.153606
0.131070
0.029038
0.359689
0.034856
0.042599
0.026089
0.109478
0.016294
0.074326
0.029166
0.023818
0.114126
0.119722
0.105975
0.254994
0.047457
0.013374
0.036530
0.012314
0.055341
0.023849
0.007999
0.004608
0.003105
0.056160
0.072392
0.019540
0.045233
0.118877
0.058932
0.013128
0.040820
0.092563
0.072767
0.083088
0.397225
0.010860
0.044683
0.148550
0.006285
0.048505
0.060377
0.040580
0.037385
0.284888
0.332667
0.017003
0.051455
0.023893
0.027699
0.010859
0.795793
0.086141
0.045133
0.236931
0.002850
0.171608
0.079457
0.002726
0.012494
0.006935
0.101676
0.003681
0.105803
0.016038
0.061283
0.051233
0.019024
0.005445
0.014065
0.012263
0.001073
0.011620
0.119047
0.027067
0.172685
0.010997
0.104666
0.139179
0.035715
0.293923
0.043694
0.729909
0.017203
0.002271
0.007580
0.013206
0.004928
0.026588
0.048281
0.032114
0.157228
0.010114
0.053168
0.019568
0.148328
0.108726
0.089316
0.060635
0.037259
0.113766
0.027310
0.008210
0.067958
0.008677
0.105785
0.097216
0.077542
0.018590
0.025802
0.195364
0.763818
0.001317
0.021641
0.012115
0.068204
0.127634
0.034381
0.029387
0.027735
0.351797
1.229628
0.366974
0.045838
0.359464
0.126360
0.055681
0.005644
0.116603
0.059032
0.006205
0.214271
0.201820
0.577368
0.021590
0.369348
0.655662
0.389358
0.009815
0.092118
0.003213
0.032702
0.023831
0.254414
0.052426
0.058532
0.109304
0.059166
0.016909
0.004290
0.039121
0.033967
0.024295
0.035385
0.016450
0.005760
0.046174
0.035342
0.024699
0.026540
0.525537
0.040476
0.055654
0.189704
0.364135
0.665202
0.004347
0.036943
0.026303
0.063117
0.959975
0.288243
0.053947
0.128079
0.171905
0.201334
0.013635
0.088297
0.078131
0.348497
0.054116
0.006614
0.055829
0.012964
0.116431
0.715298
0.088030
0.051391
0.082385
0.012490
0.029320
0.023044
0.009228
0.064744
0.021947
0.104511
0.011147
0.727951
0.006751
0.064780
0.020730
0.086476
0.063228
0.516785
0.042275
0.215930
0.017138
0.028666
0.006497
0.017563
0.116562
0.046303
0.028047
0.014461
0.030974
0.054357
0.009025
0.040471
0.188531
0.030992
0.099149
0.006430
0.019949
0.043440
0.212204
0.015173
0.015490
0.217287
0.111753
0.001564
0.018980
0.088083
0.001599
0.020870
0.346814
0.071584
0.032837
0.346904
0.140116
0.685261
0.125438
0.021634
0.012669
0.077272
0.055519
0.028096
0.003178
0.049715
0.052948
0.017870
0.123274
0.031606
0.042427
0.007916
0.035975
0.125584
0.042895
0.353120
0.148957
0.130352
0.029782
0.076283
0.038656
0.854938
0.043619
0.030232
0.010251
0.300349
0.006506
0.009325
0.015165
0.068293
0.069207
0.042581
0.059062
0.065550
0.219534
0.002019
0.537510
0.006613
0.016226
0.081342
0.055751
0.006172
0.071366
0.280076
0.112127
0.019971
0.433422
0.170510
0.071368
0.046048
0.009160
0.072345
0.229866
0.282292
0.075041
0.121031
0.021876
0.073346
0.146176
0.280262
0.016269
0.031628
0.068163
0.019505
0.081467
0.050862
0.037167
0.013332
0.278722
0.041873
0.021390
0.014924
0.040373
0.406433
0.300131
0.017203
0.070206
0.015426
0.004597
0.040258
0.027441
0.141007
0.083567
0.003059
0.009125
0.015680
0.170701
0.050876
0.019270
0.023359
0.073401
0.016237
0.233781
0.131142
0.017516
0.077462
0.041095
0.046586
0.101828
0.061670
0.060291
0.005454
0.024109
0.031640
0.030499
0.011145
0.084499
0.043406
0.013674
0.016312
0.007421
0.215136
0.115017
0.102812
0.019566
0.097034
0.154143
0.576003
0.100837
0.313596
0.338328
0.021755
0.003217
0.081453
0.002370
0.363271
0.011625
0.069500
0.129604
0.025727
0.028513
0.335566
0.560497
0.208100
0.006174
0.553124
0.011072
0.410283
0.040171
0.038632
0.004624
0.033749
0.015324
2.419037
0.007043
0.043879
0.206999
0.237745
0.023328
0.105652
0.251897
0.051089
0.044813
0.558754
0.023228
0.673819
0.009555
0.051091
0.189697
0.044730
0.086081
0.030995
0.094461
0.141899
0.023523
0.052184
0.026684
0.107197
0.087717
0.026696
0.153462
0.095187
0.008989
0.043443
0.025939
0.550187
0.051797
0.031807
0.002770
0.002409
0.210927
0.023663
0.112553
0.235230
0.124219
0.246091
0.024002
0.086808
0.285991
0.115502
0.579366
0.400581
0.034957
0.027849
0.284662
0.192736
0.030420
0.060697
0.022536
0.157849
0.088571
0.004077
0.158221
0.791906
0.447220
0.159518
0.152974
0.000484
0.020502
0.514723
0.083845
0.051052
0.089632
0.015571
0.038446
0.192864
0.183050
0.072801
0.087349
0.069430
0.069864
0.173700
0.051451
0.648344
0.024658
0.030112
0.005332
0.004605
1.320998
0.073323
0.016047
0.007117
0.058831
0.117720
0.027583
0.041858
0.275018
0.346777
0.070544
0.093701
0.285113
0.002955
0.024578
0.023303
0.019821
0.058956
0.030583
0.017256
0.074112
0.009019
0.240261
0.035234
0.005720
0.017763
0.035529
0.030244
0.124107
0.005951
0.226557
0.063377
0.035328
0.084763
0.078283
0.037735
0.015261
0.002484
0.116825
0.070488
0.015053
0.070612
0.092575
0.309042
0.009617
0.067589
0.124817
1.018571
0.307972
0.022725
0.086319
0.002601
0.023349
0.016396
0.039748
0.184685
0.015701
0.032601
0.113975
0.117217
0.587008
0.123870
0.034755
0.035536
0.169368
0.019979
0.028830
0.021735
0.035785
0.123450
0.026980
0.037792
0.028827
0.044393
0.015597
0.043154
0.095809
0.034035
0.051830
0.035965
0.173211
0.082029
0.059206
0.046822
0.652977
0.064120
0.030488
0.236703
0.002503
0.211301
0.010413
0.112684
0.033671
0.033616
0.069002
0.009781
0.027028
0.064344
0.007448
0.156795
0.078439
0.012014
0.034734
0.035182
0.046164
0.047656
0.612462
0.008153
0.275092
0.024607
0.084901
0.011692
0.050033
4.782907
0.019091
0.018262
0.007323
0.004590
0.008340
0.044905
0.190849
0.044082
0.036993
0.955750
0.036932
0.004989
0.143566
0.060802
0.196013
0.264885
0.025149
1.190219
0.099544
0.116004
0.021125
0.006043
0.010859
0.008936
0.053482
0.008141
0.102159
0.255576
0.597306
0.023275
0.025516
0.029174
0.020127
0.134039
0.058294
0.147170
0.051975
0.049137
0.021444
1.036200
0.047202
0.062916
0.003566
0.079995
0.152640
0.005496
0.068306
0.050585
0.220782
0.395741
0.012279
0.032434
0.010943
0.167533
0.178587
0.015448
0.223021
0.009227
0.096684
0.594455
0.035286
0.067166
1.673018
0.081792
0.285968
0.120478
0.008284
0.008894
0.241316
0.062066
0.358326
0.017056
0.171319
0.023054
0.011566
0.065682
0.022647
0.021459
0.128761
0.013297
0.015183
0.015365
0.056686
1.206612
0.184164
0.069839
0.179810
0.074177
0.373758
0.036329
0.245025
0.011951
0.055115
0.002344
0.065085
0.006193
0.187228
0.119168
0.537544
0.182730
0.082977
0.170764
0.040927
0.018057
0.058645
0.268847
0.013923
0.359401
0.009869
0.014191
0.061322
0.053961
0.036412
0.025866
0.019286
0.108562
0.017159
0.028658
0.013391
0.044923
0.012629
0.016996
0.036408
0.017500
0.094579
0.005007
0.042543
0.268860
0.014583
0.038542
0.095723
0.002963
0.425942
0.002916
0.020862
0.037627
0.042344
0.003273
0.000717
0.006295
0.005388
0.021158
0.037492
0.038060
0.052332
0.009834
0.058751
0.298274
0.006795
0.005033
1.097528
0.059124
0.020339
0.281226
0.038547
0.096976
0.025358
0.060314
0.011035
0.211486
0.376926
0.044887
0.071775
0.080176
0.008589
0.005985
0.191135
0.042107
0.194361
0.045447
0.041722
0.232145
0.023256
0.214524
0.241831
0.366028
0.021388
0.018660
0.085445
0.037901
0.007949
0.010601
0.051873
0.939902
0.051330
0.239703
0.090286
0.112706
0.017058
0.047402
0.186636
0.123490
0.087938
0.038141
0.314337
0.014442
0.015816
0.034522
0.083326
0.003187
0.150368
0.017214
0.001973
0.058030
0.055383
0.014952
0.012569
0.041810
0.046415
0.045963
0.059751
0.171985
0.237090
0.034874
0.111712
0.022181
0.010986
0.047792
0.021433
0.090423
0.007892
0.008314
0.600238
0.252797
0.099244
0.617101
0.046631
0.153672
0.030237
0.006689
0.031462
0.071444
0.043532
0.004865
0.065037
0.130517
0.084658
2.283806
0.036571
0.287960
0.007285
0.013127
0.114075
0.026357
0.172048
0.020114
0.316920
0.038653
0.006138
0.005783
0.055958
0.033227
0.015321
0.047658
0.079719
0.055443
0.010118
0.049897
0.041474
0.131319
0.050243
0.006338
0.012030
1.375421
0.108833
0.010846
0.011547
0.004322
0.036493
0.005577
0.037022
0.050615
0.247149
0.315232
0.012237
0.058871
0.047828
0.110964
1.337378
0.037973
0.155602
0.019128
0.079219
0.129057
0.007489
0.061308
0.006322
0.808128
0.010874
0.136723
0.008863
0.008925
0.032983
0.212650
0.025885
0.029463
0.014529
0.001303
0.012870
0.022975
0.051418
0.094959
0.009066
0.004796
0.713713
0.115583
0.197503
0.147263
0.001472
0.081381
0.122048
0.032381
0.014690
0.053254
0.013962
0.033470
0.006920
0.152817
0.058110
0.009700
0.400192
0.020573
0.207047
0.170059
0.036435
0.337692
0.014934
0.008947
0.243142
0.019982
0.524111
0.069569
0.679304
0.185695
0.079056
0.002742
0.471807
0.007098
0.007665
0.031954
0.222764
0.459237
0.066788
0.103690
0.023548
0.117557
0.144824
0.012275
0.202046
0.438288
0.057596
0.016595
0.066261
0.557939
0.016132
0.020776
0.014906
0.709693
0.002268
0.079768
0.013165
0.273106
0.115029
0.067853
0.030523
0.065360
0.119243
3.060962
0.030460
0.005322
0.071955
0.006336
0.057026
0.063725
0.027790
0.198366
0.089527
0.321457
0.049207
0.031091
0.008597
0.002945
0.280816
0.006394
0.007245
0.020170
0.966372
0.007720
0.129625
0.053593
0.052405
0.097936
0.041040
0.035678
0.017599
0.009044
0.003480
0.054761
0.103347
0.024392
0.139486
0.003523
0.154194
0.007204
0.022849
0.012377
0.034376
0.030697
0.021287
0.040046
0.069740
0.006387
0.017172
0.030394
0.232921
0.003137
0.053460
0.202620
0.002321
0.225221
0.005517
0.033078
0.004672
0.043849
0.024824
0.038065
0.209413
0.037697
0.065035
0.033122
0.873655
0.074688
0.035264
0.223154
0.004566
0.062904
0.014363
0.082412
0.050621
0.012829
0.017245
0.079761
0.055790
0.129911
0.009619
0.091562
0.001489
0.065793
0.093002
0.048144
0.077076
0.225553
0.005819
0.067692
0.160664
0.136230
0.047488
0.001108
0.079304
0.112879
0.006815
0.036583
0.106252
0.005854
0.018387
0.258014
0.053964
0.023046
0.064590
0.013092
0.021495
0.022267
1.174217
0.220835
0.412812
0.020811
0.036003
0.152814
0.163586
0.221064
0.028688
0.018603
0.015843
0.143287
0.005646
0.024012
0.282842
0.004112
0.035491
0.204600
0.005909
0.024149
0.249003
0.266540
0.032744
0.043850
0.051538
0.054292
0.038198
0.076791
0.697733
0.032697
0.014528
0.099503
0.109169
0.018049
0.031341
0.270337
0.035724
0.281179
0.077804
0.163116
0.024765
0.077224
0.042548
0.048074
0.027390
0.376853
0.026067
0.440718
0.031594
0.135076
0.067969
0.070250
0.105832
0.821477
0.015062
0.038840
0.003299
0.011570
0.032429
0.001321
0.008305
0.166795
0.007739
0.161921
0.156871
0.026851
0.022792
0.061369
0.379854
0.191807
0.004719
0.211755
0.263843
0.436745
0.188694
0.009016
0.277124
0.091905
0.165821
0.118698
0.196893
0.299817
0.001996
0.042456
0.429130
0.038698
0.005079
0.147670
0.008342
0.010688
0.012710
0.098439
0.016381
0.086342
0.007391
0.085464
0.057134
0.016724
0.022801
0.000762
0.020699
0.006689
0.010164
0.255820
0.018431
0.002683
0.050439
0.027798
1.079999
0.027198
0.108712
0.036343
0.179772
0.071592
0.021510
0.003517
0.025196
0.012032
0.069884
0.093972
0.036617
0.018352
0.020494
0.005903
0.006673
1.341287
0.005911
0.232467
0.003980
0.574990
0.168527
0.025498
0.011619
0.006132
0.063258
0.038448
0.456289
0.025024
0.785433
0.419903
0.130629
0.060429
0.160497
0.081178
0.029919
0.005334
0.039562
0.259422
0.077123
0.112541
0.041334
0.036253
0.050639
0.035645
0.006827
0.105831
0.009918
0.078237
0.192192
0.073513
0.052804
0.043810
0.020810
0.084751
0.204309
0.033571
0.007036
0.019677
0.002156
0.005908
0.029959
0.038666
0.003837
0.016115
0.030729
0.003662
0.029305
2.431376
0.030084
0.210047
0.169552
0.075395
0.009093
0.244139
0.011317
0.171122
0.079099
0.041034
0.012041
0.120203
0.119304
0.004536
0.021208
0.102219
0.094048
0.029947
0.011417
0.005116
0.493609
0.020534
0.259194
0.107905
0.006442
0.123426
0.046262
0.190749
0.157486
0.082203
0.155928
0.039027
0.033242
0.592185
0.028460
2.833800
0.006059
0.070059
0.061188
0.291521
0.100091
0.011648
0.867074
0.011615
0.075456
0.436818
0.100109
0.170540
0.004039
0.003432
0.011271
0.034974
0.012993
0.076227
0.100399
0.016456
0.001482
0.334897
0.512074
0.018691
0.041197
0.042204
0.121505
0.112103
0.003306
0.023492
0.070103
0.159232
0.507326
0.018062
0.011383
0.106991
0.003684
0.025001
0.551216
0.047392
0.008298
0.005422
0.458180
0.007439
0.004887
0.152714
0.068570
0.010852
0.015028
0.002936
0.048418
0.065720
0.140418
0.426781
0.006130
0.074855
0.091197
0.000654
0.049427
0.073330
0.111322
0.101025
0.158302
0.005665
0.044695
0.004421
0.012991
1.073798
0.023707
0.014137
0.375944
0.431994
0.164344
0.575690
0.006236
0.025435
0.021794
0.013763
0.005052
0.133086
0.010568
0.021297
0.039751
0.028286
0.088253
0.010480
0.015776
0.334853
0.009348
0.020948
0.131009
0.063966
0.054359
0.039331
0.051731
0.119250
0.037923
0.006639
0.169263
0.084725
0.076017
0.006191
0.616097
0.007274
0.114346
0.330615
0.030807
0.165508
0.238610
0.049942
0.027013
0.400306
0.038797
0.389265
0.043962
0.065207
0.073663
0.064656
0.016631
0.025066
0.011286
0.009432
0.459781
0.036869
0.074096
0.236273
0.029242
0.066939
0.038324
0.044390
0.004645
0.015317
0.104605
0.016757
0.147235
0.197718
0.084063
0.038832
0.355227
0.013989
0.047556
0.132458
0.098488
0.065484
0.127300
0.001439
0.119929
0.439485
0.000876
0.285128
0.060132
0.084367
0.013935
0.062108
0.099428
2.032162
0.048841
0.034214
0.128654
0.246556
0.067574
0.014269
0.061413
0.016017
0.182267
0.029560
0.126128
0.005117
0.332398
0.113243
0.067421
0.015446
0.028177
0.003124
0.013417
0.015469
0.018640
0.007626
0.000719
0.298033
0.046291
0.087983
0.019840
0.016989
0.034634
0.053883
0.013189
0.035567
0.040663
0.053829
1.845318
0.044755
0.064447
0.060446
0.024615
0.009118
0.037390
0.073402
0.098350
0.155765
0.067118
0.036246
0.061723
0.812860
0.053159
0.585492
0.142866
0.774924
0.025829
0.008030
0.016011
0.023450
0.320540
0.001771
0.130801
0.393565
0.069514
0.275776
0.064126
0.007068
0.009070
0.339789
0.161913
0.082928
0.005556
0.075065
0.287759
0.018665
0.005299
0.070320
0.027181
0.006260
0.024684
0.048765
0.231237
0.169750
0.084149
0.074339
0.029085
0.050799
0.037121
0.065085
0.313974
0.064803
0.007145
0.069393
0.150484
0.089962
0.082176
0.536743
0.095472
0.063767
0.053205
0.043766
0.101234
0.100596
0.288675
0.253693
0.024469
0.096322
0.153938
0.013816
0.034028
0.017779
0.108236
0.668820
0.073553
0.289594
0.007222
0.016984
0.033055
0.064116
0.143151
0.175148
0.026818
0.127567
0.028926
0.061194
0.015348
0.028033
0.169203
0.173969
0.568882
0.003866
0.161851
0.062214
0.003350
0.003777
0.025279
0.013201
0.062399
0.063004
0.051252
0.207151
0.055540
0.004368
0.115906
0.054493
0.070071
0.085380
0.136394
0.246446
0.004254
0.340851
0.002283
0.183371
0.983334
0.027852
0.119482
0.108998
0.011303
0.269268
0.096567
0.011638
0.011773
0.035923
0.505693
0.181865
0.010077
0.085518
0.027233
0.137746
0.006637
0.008911
0.129645
0.046919
0.137064
0.154620
0.001514
0.086829
0.021597
0.126790
0.021076
0.011316
0.065760
0.423352
0.107957
0.112598
0.024966
0.045572
0.068198
0.050984
0.233799
0.008236
0.012282
0.043190
0.026642
0.006738
0.038755
0.024209
0.001416
0.087488
0.220167
0.207809
0.470429
0.011902
0.035174
0.229007
0.027409
0.410923
0.030771
0.152368
0.031629
0.234524
0.047714
0.010916
0.210344
0.079022
0.296928
0.028835
0.065204
0.016818
0.021709
0.036262
0.193554
0.389585
0.195889
0.134558
0.040095
0.004946
1.367221
0.005379
0.454116
0.006157
0.127273
0.041049
0.087898
0.054298
0.019547
0.056901
0.002779
0.048253
0.188944
0.020453
0.562422
0.210251
0.037715
0.110951
0.001320
0.010937
0.400083
0.029479
0.053538
0.017178
0.008465
0.020597
0.141536
0.029299
0.040453
0.492888
0.035770
0.055397
0.003889
0.048774
0.010267
0.847769
0.033212
0.157622
0.011139
0.071420
0.005093
0.015562
0.158096
0.207939
0.144020
0.092387
0.015308
0.251200
0.095908
3.794855
0.985335
0.131844
0.052976
0.011375
0.008715
0.027390
0.019840
0.017768
0.024668
0.236372
0.045688
0.014486
0.168906
0.016877
0.148547
0.019736
0.026422
0.029760
0.139925
0.078762
0.027326
0.023655
0.265496
0.002414
0.152275
0.012271
0.050189
0.071737
0.000776
0.232920
0.060028
0.085590
0.096584
1.522227
0.013187
0.293312
0.311207
0.182593
0.044299
0.140323
0.003100
0.108839
0.183346
0.158790
0.025190
0.035735
0.014754
0.080573
0.054110
0.003269
0.031670
0.040730
0.097889
0.079991
0.094058
0.052220
0.010347
0.047474
0.006116
0.015019
0.015053
0.011491
0.341536
0.042411
0.018720
0.008404
0.025408
0.240845
0.067384
0.030465
0.013661
0.006171
0.088931
0.068666
0.187968
0.183918
0.021190
0.038418
0.084121
0.025462
0.032895
0.057128
0.055161
0.010106
0.136852
0.373848
0.118166
0.496232
0.006377
0.643835
0.043360
0.004336
0.118415
0.066408
0.102821
0.109727
0.228740
0.097018
0.078819
0.221405
0.908557
0.207000
0.133725
0.082671
0.021322
0.001664
0.575503
0.106115
0.146224
0.035778
0.013204
0.000369
0.441053
0.031811
0.069594
0.053211
0.019447
0.173824
0.354542
0.444253
0.172552
0.041346
0.018929
0.030042
0.049455
0.030244
0.044920
0.108025
0.001883
0.019778
0.061448
0.014350
0.310139
0.032394
0.011059
0.029854
0.016570
0.408671
0.122654
0.106442
0.017054
0.048712
0.125559
0.060513
0.029035
0.029939
0.181134
0.053344
0.107023
0.155788
0.011716
0.278384
0.042247
0.160713
0.031906
0.248531
0.018819
0.125815
0.112192
0.003155
0.039241
0.036473
0.002499
0.016504
0.024452
0.009493
0.265549
0.002348
1.740779
0.229399
0.044823
0.277189
0.052972
0.024311
0.118153
0.034801
0.076356
0.875423
0.430400
0.031722
0.009679
0.084803
0.059064
0.043404
0.050770
0.025180
0.001760
0.037439
0.272610
0.008258
0.481233
0.014508
0.060707
0.059283
0.005176
0.032850
0.932358
0.010693
0.040357
0.002572
0.352594
0.086347
0.590932
0.526142
0.023398
0.369449
0.028392
0.070137
0.128812
0.365405
0.050634
0.128205
0.009627
0.029253
0.127567
0.043695
0.026213
0.144989
0.133455
0.033722
0.147496
0.075513
0.024263
0.554913
0.012411
0.027663
0.137838
0.066418
0.016108
0.089298
0.072259
0.016481
0.355183
0.179136
0.536162
0.113734
0.178250
0.017405
0.048520
0.002278
0.229727
0.018240
0.098466
0.189795
0.040232
0.017002
0.033983
0.194684
0.008987
0.022137
0.029221
0.138938
0.082557
0.009721
0.022512
1.280211
0.046975
0.334942
0.305919
0.062613
0.016464
0.042914
0.031207
0.021091
1.568007
0.221862
0.146345
0.020441
0.061647
0.401057
0.470095
0.127317
0.005464
0.018988
0.207376
0.078710
0.132319
0.255965
0.656468
0.006163
0.040181
0.050827
0.065276
0.084420
0.171586
0.027825
0.019954
0.052329
0.061247
0.022381
0.101265
0.934560
0.074013
0.299034
0.034634
0.016729
0.014235
0.289560
0.541020
0.020362
0.019715
0.005128
0.033711
0.167080
0.013504
0.042428
0.020611
0.022960
0.146024
0.049828
0.045258
0.015968
0.003226
0.053989
0.044833
0.056127
0.091634
0.018560
0.159942
0.039915
0.078398
0.006454
0.051772
0.308728
0.034494
0.072719
0.048786
0.207207
0.045348
0.111052
0.042152
0.100631
0.138279
0.009430
0.046781
0.044959
0.048720
0.043772
0.034093
0.365681
0.473239
0.127067
0.047120
0.082942
0.175277
0.012952
0.034524
0.076982
0.187269
0.011109
0.088286
0.391887
0.019688
0.011472
0.006703
0.056496
0.044957
0.020743
0.024644
0.233959
0.000906
0.013459
0.040236
0.011544
0.042290
0.273439
0.017730
0.019905
0.061286
0.113082
0.001917
0.050261
0.166626
0.163579
0.065460
0.195303
0.099349
0.026562
0.091943
0.745397
0.016645
0.048561
0.135931
0.106444
0.017733
0.013931
0.065196
0.231310
0.012501
0.087579
0.032133
0.147205
0.146767
0.047979
0.112001
0.267902
0.246847
0.070411
0.041120
0.959024
0.095151
0.065524
0.198421
1.422861
0.040188
0.126181
0.014344
0.036293
0.083839
0.001038
0.069058
0.181372
0.008156
0.033688
0.037802
0.053285
0.028794
0.004482
0.019171
0.323594
2.545357
0.018429
0.007966
0.022969
0.005754
0.244873
0.127211
0.028983
0.749456
0.121217
0.005230
0.017227
0.066077
0.013582
0.093406
0.015521
0.344596
0.005580
0.107231
0.004898
0.319979
0.023773
0.009299
0.227964
0.005306
0.021533
0.003656
0.010842
0.022193
0.011545
0.007524
0.148913
0.078341
0.016044
0.071071
0.247524
0.048812
1.079688
0.012097
0.339183
0.065852
4.727183
0.004815
0.004665
0.038317
0.008188
0.154965
0.072713
0.020358
0.203803
0.000743
0.022764
0.060475
0.042690
0.112535
0.032911
0.534399
0.042593
0.056672
0.215098
0.043814
0.305321
0.093797
0.023571
0.029877
0.010882
0.101800
0.032365
0.024515
0.005121
0.190299
0.002518
0.108242
0.028144
0.021491
0.013340
0.210938
0.015139
0.561106
0.027716
0.235825
0.003958
0.004726
0.007486
0.091184
0.071889
0.016013
0.123739
0.021368
0.075345
0.132665
0.020101
0.051606
0.040658
0.057103
0.018726
0.010388
0.007094
0.057913
0.039592
0.122999
0.435485
0.077719
0.016804
0.014191
0.003764
0.039162
0.941424
0.092359
0.016178
0.085642
0.044742
0.153100
0.036618
0.117071
0.013055
0.160257
0.011492
0.328113
0.075104
0.139821
0.128477
0.043391
0.016960
0.006484
0.056305
0.163665
0.088951
0.013282
0.011610
0.482865
0.155549
0.128924
0.097412
0.009006
0.422541
0.076718
0.065587
0.867824
0.084486
0.014005
0.001758
0.116420
0.045581
0.030685
0.039691
0.006262
0.039788
0.082152
0.026439
0.485106
0.712945
0.111672
0.052847
0.131467
0.050338
0.052816
0.093830
0.065298
0.014292
0.245060
0.842051
0.091925
0.088648
0.028512
0.124768
0.016221
0.011333
0.016854
0.021838
0.125623
0.064870
0.258973
0.119863
0.003179
0.011059
0.168198
0.079255
0.155660
0.897409
0.627092
0.038680
0.009791
0.084525
0.015238
0.057190
0.038831
0.124056
0.007705
0.104018
0.019717
0.016960
0.051277
0.060953
1.225939
0.025914
0.067904
0.037690
0.037262
0.008343
0.025978
0.007457
0.208278
0.043304
0.036234
0.078070
0.023094
0.032020
0.061480
0.075963
0.038608
0.046177
0.389998
0.013817
0.025291
0.177818
0.238310
0.067757
0.072633
0.215095
0.060554
0.036546
0.011336
0.046375
0.011117
0.201524
0.033238
0.027113
0.017755
0.059829
0.128120
0.121087
0.001086
0.014420
0.079519
0.143838
0.600531
0.247190
0.092678
0.105014
0.014242
0.409383
0.023050
0.046833
0.006290
0.184769
0.114352
0.010776
0.021277
0.120335
0.082172
0.039062
0.110767
0.051957
0.557899
0.042846
0.027607
0.079574
0.054396
0.119950
0.039712
0.230256
0.074864
0.071180
0.045575
0.026949
0.011855
0.013556
0.004413
0.014191
0.071510
0.012662
0.087161
0.005178
0.050136
0.291737
0.029394
0.045322
0.045877
0.045644
0.475008
0.770602
0.048026
0.055654
0.791007
0.141589
0.108227
0.081285
0.045692
0.064917
0.071339
0.100792
0.254852
0.013548
0.056413
0.055452
0.092728
0.017972
0.144748
0.064097
0.027041
0.350118
0.004306
0.012692
0.280828
0.023499
0.082843
0.097189
0.002312
0.021462
0.107151
0.193171
0.245506
0.005528
0.169643
0.186733
0.034562
0.047187
0.017712
0.009439
0.261659
0.191977
0.103317
0.047694
0.148397
0.020591
0.973772
0.010592
1.070742
0.031079
0.005366
0.011879
0.050486
0.017722
0.026440
0.085113
0.185683
0.054964
0.025413
0.010433
0.225271
0.402615
0.005572
0.055442
0.005737
0.100209
0.049851
0.032935
3.537149
0.342968
0.009821
0.036823
0.028064
0.075575
0.036614
0.004491
0.022677
0.119371
0.009018
0.025468
0.473208
1.181833
0.011622
0.006810
0.051934
0.039882
0.072583
0.104250
0.081981
0.247203
0.083195
0.034380
0.028595
0.050835
0.007804
0.009505
0.098498
0.013995
0.007002
0.033070
0.125498
0.034259
1.075059
0.041645
0.029760
0.027977
0.015969
0.010910
0.122108
0.052345
0.010015
0.005552
0.042822
0.029904
0.029493
0.032151
0.017546
0.032817
0.064581
0.008370
0.032434
0.007615
0.100128
0.015026
0.020880
0.005986
0.049395
0.011350
0.065274
0.132881
0.020002
0.035232
0.003162
0.016114
0.048042
0.023642
0.487432
0.112664
0.150469
0.428831
0.048653
0.202082
0.024171
0.015466
0.161362
0.173265
0.177108
0.099996
0.326601
0.692917
0.001391
0.009362
0.130626
0.576456
0.007683
0.316654
0.020333
0.020052
0.022519
0.036250
0.008468
0.015783
0.060925
0.017181
0.036793
0.083064
0.043228
0.008256
0.001212
0.020272
0.058211
0.047322
0.158165
0.101830
0.024288
0.185069
0.058933
0.093684
0.043270
0.027210
0.029511
0.087984
0.116583
0.236964
0.102109
0.239128
0.013867
0.245337
0.927522
0.066455
0.410312
0.311568
0.030891
0.030605
0.193170
0.228338
0.114471
0.001654
0.048879
0.110344
0.043043
0.022164
0.002918
0.067923
0.002454
0.006585
0.052044
0.153850
0.027576
0.110461
0.041849
0.084810
0.035309
0.061330
0.091594
0.003635
0.438668
0.129195
0.015213
0.012083
0.045700
0.016047
0.287604
0.080928
0.038882
0.180608
0.047946
0.024430
0.267837
0.013568
0.014625
0.112142
0.010022
0.017542
0.068195
0.058235
0.284976
0.035509
0.044112
0.468187
0.285780
0.132338
0.020545
0.052808
0.100306
0.020574
0.064725
0.159962
0.016570
0.229583
0.008666
0.024002
0.062394
0.000829
0.030185
0.010348
0.010913
0.017639
0.063555
0.157763
0.062915
0.004986
0.039873
0.046924
0.019722
0.554365
0.126855
0.087024
0.010058
0.199192
0.175969
0.490390
0.047088
0.008185
0.006119
0.060597
0.040107
0.052417
0.530430
0.000650
0.014278
0.143440
0.043048
0.023970
0.014598
0.036370
0.082388
0.046663
0.073436
0.026092
0.315693
0.085768
0.185485
0.013862
0.063821
0.134083
0.113270
0.007758
0.004908
0.147844
0.050775
0.056065
0.052526
0.034438
0.634860
0.029231
0.082876
0.065531
0.013068
0.079150
0.007641
0.133111
0.051724
0.007758
0.264891
0.062309
0.230606
0.048986
0.040164
1.143566
0.026950
0.060702
0.058574
0.011692
0.047454
0.247909
0.029190
0.239401
0.064379
0.007076
0.057275
0.038672
0.010319
0.009221
0.030477
0.028788
0.021588
0.077567
0.057612
0.016149
0.183159
0.243210
0.034189
0.724176
0.004470
0.017423
0.225049
0.017132
0.043800
0.045413
0.042576
0.022215
0.004666
0.044779
0.111747
0.099721
0.205310
0.027908
0.012090
0.265661
0.055930
0.071652
0.009584
0.040160
0.009754
0.016940
0.085542
0.119166
0.150847
0.188748
0.010932
0.014429
0.028583
3.297777
0.014359
0.636180
0.074888
1.097592
0.110862
0.091920
0.021454
0.077895
0.029195
0.156318
0.928910
0.151678
0.024692
0.044559
0.022492
0.028043
0.062966
0.005164
0.068668
0.017312
0.035258
0.127312
0.010692
0.045970
0.100238
0.037644
0.009815
0.011159
0.081233
0.269386
0.385508
0.099037
0.106203
0.481850
0.069633
0.228277
0.165193
0.131770
0.221359
0.118043
0.046291
0.037576
0.068130
0.078367
0.100805
0.069404
0.015308
0.359395
0.003640
0.087130
0.032057
0.010295
0.128277
0.146118
0.007502
0.119841
0.175612
0.003493
0.734185
0.040748
0.076603
0.003381
0.213439
0.147875
0.094340
0.055365
0.007044
0.019653
0.076645
0.012168
0.105439
0.016452
0.034405
0.031430
0.055757
0.013457
0.058250
0.008198
0.200485
0.023397
0.006204
0.059031
0.048723
0.105870
0.105484
0.051268
0.094277
0.011476
0.124994
0.048306
0.136077
0.067243
0.675935
0.243441
0.002271
0.063339
0.045632
0.017231
0.001428
0.014905
0.294979
0.329109
0.024770
0.050066
0.333837
0.903983
0.185119
0.173219
0.021459
0.022241
0.069163
0.966402
0.074677
0.043049
0.177907
0.231486
0.027632
0.424428
0.048204
0.068192
0.140393
0.085589
0.331696
0.101190
0.174879
0.025039
0.543557
0.026253
0.091257
0.118050
0.142977
0.001054
0.144774
0.050101
0.095936
0.015344
0.003893
0.009089
0.127403
0.084858
0.059228
0.033994
0.034657
0.163767
0.051176
0.741368
0.014001
0.055060
0.018125
0.016419
0.003863
0.036712
0.050275
0.078969
0.008734
0.003228
0.099719
0.046126
0.084021
0.035900
0.015767
0.193006
0.034741
0.043197
0.079769
0.041859
0.078809
0.404905
0.017974
0.042524
0.052130
0.074967
0.136766
0.185608
0.051139
0.068737
0.008991
0.141026
0.034825
0.017036
0.137320
0.071089
0.007305
0.011164
0.086199
0.044014
0.298035
0.004922
0.050177
0.103958
0.032946
0.062057
0.164697
0.019133
0.148968
0.033658
0.182788
0.014570
0.037030
0.009531
0.134012
0.063098
0.025625
0.031752
0.003717
0.078142
0.038057
0.003509
0.117920
0.002071
0.004490
0.029056
0.020531
0.005890
0.034817
0.025803
0.076132
0.051477
0.077996
0.032942
0.038365
0.072292
0.052865
0.263356
0.019734
0.174483
0.023854
0.149047
0.005617
0.180226
0.260959
0.006600
0.255293
0.192865
0.233820
0.011026
0.064348
0.019546
1.740061
0.024339
0.005725
0.649089
0.058184
0.001906
0.215324
0.002546
0.096108
0.218415
0.090231
0.024019
0.038596
0.093122
0.008075
0.012112
0.146724
0.022073
0.002736
0.033529
0.010579
0.004673
0.073476
0.111356
0.009614
0.066219
0.009341
0.020495
0.018104
0.002029
0.013071
0.104044
0.062495
0.088803
0.080975
0.101150
0.661629
0.018481
0.026910
0.003254
0.019147
0.021623
0.053595
0.021364
0.043348
0.157378
0.266704
0.055381
0.054037
0.028835
0.109299
0.055220
0.230573
1.022342
1.208579
0.869447
0.047343
0.196966
0.114571
0.075089
0.026380
0.089597
0.113442
0.012503
0.094798
0.007383
0.023576
0.034076
0.025173
0.090412
0.008270
0.154491
0.083927
0.050263
0.020975
6.584922
0.039714
0.121074
0.067896
0.023756
0.027690
0.013150
0.039801
0.193756
0.274225
0.007912
0.015513
0.072804
0.081478
0.131904
0.079356
0.500608
0.013175
0.065140
0.009622
0.011632
0.012065
0.041059
0.016592
0.005610
0.093951
0.095961
0.098334
0.006124
0.003868
0.037586
0.071462
0.046274
0.013478
0.009334
0.143154
0.043220
0.069250
0.457982
0.002621
1.039179
0.226072
1.602301
0.136619
0.041999
0.664505
0.102266
0.035701
0.004869
0.154470
0.066568
0.250321
0.033774
0.016193
0.060840
0.039662
0.042013
0.002919
0.050278
0.012767
0.081741
0.785061
0.214444
0.011725
0.094836
0.011280
0.078941
0.003431
0.010798
0.079073
0.022788
0.001270
0.028991
0.005119
0.212053
0.079704
0.002202
0.014823
0.001070
0.066214
0.084241
0.177188
0.579679
0.267906
0.385640
0.011928
0.051363
0.395527
0.005230
0.009820
0.071693
0.505226
0.034705
0.041713
0.059899
0.047105
0.049609
0.045135
0.028896
0.008467
0.123130
0.060380
0.273774
0.029123
0.055922
0.098189
0.201837
0.114429
0.022273
0.058066
0.030192
0.257420
0.052132
0.031254
0.063090
0.014565
0.018041
0.318678
0.051712
0.632515
1.436211
0.202778
0.060466
0.028883
0.015928
0.294803
0.018397
0.005003
0.103237
0.137001
1.393811
0.013499
0.286414
0.356366
0.045183
0.049248
0.035197
0.347586
0.068337
0.016874
0.029463
0.011151
0.028320
0.002766
0.111100
0.028366
0.023854
0.016978
0.062826
0.017633
0.009771
0.198608
0.029294
0.033643
0.026307
0.080941
0.018711
0.095725
0.089906
0.044340
0.023526
0.322762
0.017978
0.030494
0.047799
0.155770
0.007955
0.204277
0.038240
0.022168
0.944018
0.038804
0.067886
0.175631
0.044024
0.031124
0.314261
0.010971
0.153498
0.022307
0.018343
0.015969
0.049352
0.445094
0.025834
0.247337
0.143079
0.221101
0.250361
0.104226
0.121275
0.006511
0.010547
0.009469
0.004389
0.010929
0.515822
0.313381
0.014432
0.005852
0.049264
0.039933
0.204923
0.245645
0.006361
0.013750
0.022258
0.035017
0.269804
0.069454
0.041717
0.051529
0.077494
0.070185
0.703241
0.016516
0.217672
0.003360
0.012887
0.014705
0.051451
0.034916
0.027298
0.229118
0.019619
0.060204
0.136319
0.006536
0.021444
0.010083
0.052397
0.046744
0.026836
0.058594
0.146241
0.012161
0.032227
0.104410
0.054793
0.205950
0.068546
0.179667
0.027588
0.292771
0.039836
0.003504
0.022933
0.512450
0.080236
0.059387
0.020774
0.007336
0.061457
1.085281
0.201705
0.008589
0.029941
0.003150
0.588956
0.088794
0.004807
0.126660
0.174383
0.061941
0.298799
0.158134
0.217043
0.024398
0.014751
0.244736
0.049091
0.534455
0.051482
0.020503
0.094996
0.020341
0.026173
0.077187
0.238973
0.002793
0.109928
0.139675
0.006533
0.036749
0.559010
0.042556
0.027137
0.126024
0.183362
0.472217
0.487223
0.249572
0.237573
0.114703
0.052492
0.140046
0.066341
0.151407
0.049418
0.007516
0.069597
0.003967
0.192865
0.009116
0.050317
0.050650
0.237018
0.112583
0.126949
0.007573
0.100444
0.848286
0.043212
0.023393
0.007219
2.310768
1.087130
0.295690
0.004233
0.048207
0.026809
0.031514
0.038802
0.022147
0.293510
0.074298
0.005164
0.074094
0.016769
0.034754
0.272161
0.123911
0.136000
0.006375
0.013061
0.474121
0.293165
0.029806
0.268304
0.028760
0.087142
0.082314
0.004996
0.057109
0.018785
0.019391
0.215348
0.124310
0.077561
0.026938
0.217084
0.050857
0.181486
0.017915
0.026200
0.006216
0.014259
0.171091
0.007463
0.378119
0.294194
0.007525
0.017851
0.197556
0.008544
0.144504
0.179446
0.049097
0.028171
0.032038
0.025434
0.416587
0.254410
0.083726
0.010825
0.062643
0.018521
0.077564
0.055862
0.054049
0.128445
0.055530
0.055970
0.009608
0.094390
0.006395
0.120252
0.046546
0.060737
0.036145
0.004359
0.056442
0.004648
0.021902
0.073492
0.032165
0.005896
0.001750
0.215177
0.002646
0.038008
0.175616
0.765664
0.024018
0.093608
0.097969
0.070522
0.081006
0.018757
0.219318
0.045646
0.002263
0.045161
0.176711
0.011340
0.070128
0.359637
0.053451
0.085953
0.230605
0.025502
0.089965
0.091823
0.255912
0.262425
0.155422
0.013611
0.006019
0.056088
0.026515
0.232824
3.239424
0.122458
0.247819
0.167120
0.429112
0.099713
0.963452
0.035433
0.004860
0.065990
0.052861
0.173591
0.074727
0.103700
0.032547
0.015197
0.010439
0.143679
0.045377
0.263809
0.065888
0.160594
0.002779
0.042321
0.115026
0.015565
0.055548
0.137484
0.019939
0.083210
0.004127
0.011619
0.003918
0.044127
0.034190
0.005609
0.003243
0.104109
0.943920
0.090202
0.105549
0.078450
0.091556
0.028723
0.031647
0.157782
0.872717
0.165807
0.118953
0.017896
1.148802
0.186099
0.281147
0.038543
0.023824
0.142485
0.058709
0.032333
0.010797
0.100411
0.020769
0.024252
0.009302
0.044830
0.008278
0.003142
0.006412
0.037554
0.073894
0.022710
0.026715
0.310584
0.010505
0.176564
0.076388
0.039308
0.092946
0.201281
0.106762
0.387280
0.070916
0.045101
0.004165
0.189498
0.003615
0.105454
0.105066
0.063391
0.005932
0.004030
0.004999
0.030893
0.004390
0.010806
0.073307
0.015394
0.015180
0.059046
0.026498
0.143170
0.028478
0.036581
0.008382
0.062985
0.065953
0.048145
0.003507
0.014861
0.273165
0.042221
0.047714
0.036310
0.565104
0.458030
0.051186
0.015037
0.003186
0.060037
0.027545
0.004416
0.034184
0.412096
0.154437
0.116154
0.048697
0.008703
0.184840
0.043975
0.033006
0.305785
0.049112
0.015792
0.022591
0.008692
0.032661
0.057484
0.228789
0.034353
0.067463
0.012586
0.050212
0.020292
0.009214
0.091476
0.033196
0.083535
0.049995
0.237578
0.097954
0.182916
0.009724
0.036521
0.153428
0.019568
0.011466
0.095753
0.411040
0.105527
0.166161
0.003923
0.086755
0.026353
0.100177
0.030066
0.028652
0.012113
0.045932
0.011937
0.201394
0.021673
0.499551
0.216347
0.026492
0.408852
0.036967
0.011699
0.034258
0.014999
0.025350
0.064416
0.039693
0.009665
0.040688
0.015338
0.003588
1.404219
0.173382
2.638092
0.205196
0.303957
0.034153
0.084839
0.017976
0.056572
0.008150
0.011933
0.048436
0.034910
0.588889
0.008767
1.920398
0.049368
2.329738
0.179423
0.281789
0.079563
0.011797
0.017751
0.123814
0.057756
0.002443
0.262324
0.038757
0.008853
0.287797
0.066258
0.023411
0.000139
0.027411
0.088272
0.004772
0.008926
0.188671
0.005388
0.516310
0.053520
0.018528
0.219901
0.174348
0.000715
0.168593
0.125666
0.066108
0.114553
0.011270
0.039827
0.251043
0.014024
0.004556
0.245407
0.128768
0.105034
0.019060
0.152185
0.024776
0.042542
0.020782
0.077508
0.148399
0.362175
0.011879
0.060751
0.045482
0.041984
0.067173
0.222838
0.033169
0.189891
0.077738
0.006753
0.128370
0.116909
0.002000
0.098357
0.044236
0.090741
0.025172
0.011347
0.025201
1.025602
0.034151
0.028360
0.091638
0.066011
0.061177
0.005786
0.021795
0.018294
0.200769
0.622141
0.047537
0.092682
0.074496
0.054255
0.023259
0.012013
0.017838
0.005597
0.037550
0.053421
0.337572
0.008920
0.001708
0.048057
0.123974
0.892694
0.011839
0.137050
0.015451
0.011567
0.082911
0.007919
0.062207
0.013051
0.023827
0.048694
0.173352
0.013588
0.095602
0.008022
0.286636
0.006902
0.243162
0.027971
0.022869
0.024321
0.050177
0.101534
0.001819
0.700115
0.048821
0.449880
0.077590
0.049507
0.007415
0.039523
0.036786
0.008094
0.071399
0.006689
0.015328
0.061837
0.206314
0.162641
0.075227
0.017542
0.341765
0.074025
0.023791
0.025925
0.007264
0.006862
0.156468
0.043485
0.026298
0.003501
0.073910
0.155987
0.170253
0.181962
0.074587
0.081651
0.012758
0.002778
0.012201
0.015851
0.077580
0.018102
0.032840
0.001410
0.001995
0.043330
0.362481
0.008775
0.195602
0.240055
0.128439
0.327117
0.032767
0.037036
0.013914
0.108913
0.038003
0.256071
0.054795
0.427413
0.332150
0.052954
0.014928
0.016755
0.074666
0.022595
0.062106
0.017621
0.009490
0.049675
0.009047
0.127442
0.041724
0.661158
0.029580
0.120466
0.047883
0.009115
0.030674
0.062147
0.608319
0.073024
0.145883
0.024645
0.044607
0.109979
0.052445
0.287982
0.127168
0.062607
0.100218
0.270141
0.428325
0.111227
0.028105
0.089117
0.059655
0.037850
0.019601
0.016632
0.299408
0.053435
0.022077
0.023179
0.009433
0.019466
0.060484
0.071054
0.003485
0.116362
0.031388
1.081296
0.008601
0.276275
0.003089
0.022247
0.032137
0.023872
1.142898
0.099245
0.030543
0.031351
0.111262
0.118916
0.055545
0.025538
0.011067
0.005778
0.020620
0.049894
0.104646
0.176616
0.096266
0.050373
0.002805
0.008398
0.020245
0.074310
0.177980
0.079168
0.028028
0.103478
0.109471
0.220003
0.095755
0.101432
0.201158
0.007948
0.299129
0.356070
0.005150
0.018985
0.037993
0.000763
0.017673
0.013668
0.126294
0.017195
0.034996
0.006538
0.044218
0.161693
0.038938
0.025087
0.311731
0.467634
0.267107
0.095713
0.015366
0.009573
0.085903
0.099348
0.002721
0.003737
0.134047
0.010499
0.007285
0.018943
0.033930
0.020723
0.070850
0.008895
0.008041
0.039072
0.022188
0.040975
0.063603
0.005642
0.243465
0.006884
0.177175
0.144509
0.106011
0.079751
0.035967
0.319779
0.025544
0.173723
0.172366
0.042916
0.010375
0.046761
0.018466
0.020332
0.080382
0.001087
0.123611
0.104407
0.076726
0.134455
0.411923
0.051836
0.112585
0.117305
0.359260
0.019020
0.104164
0.030336
0.014989
0.020874
0.027933
0.103577
0.093397
0.030038
0.015957
0.420672
0.356424
0.011165
0.134849
