283
1.445254
4
91
40
10
1
5047
0.713055
0.708781
-0.408501
0.610100
1.000000
-0.689320
-0.540482
0.061118
0.463731
-0.947957
-0.215476
0.110207
0.673538
0.852454
-0.005260
0.699984
0.697661
0.565694
-0.775817
0.411817
0.448946
-0.152990
0.905113
-0.695540
0.301807
-0.902391
0.931655
-0.471548
1.000000
-0.220309
-0.699648
-0.062926
0.023396
-0.244280
-0.151716
-0.607116
-0.531362
-0.272657
-0.580765
0.322507
-0.054433
0.208332
0.486610
-0.055829
0.971802
-0.208392
-0.513284
0.168933
0.344713
-0.735456
-0.859948
-0.757890
-0.009662
-0.046506
-0.680183
0.240425
0.024146
0.095730
0.485180
0.508318
0.576387
0.938559
-1.000000
0.656179
0.258702
0.730786
0.783558
-0.990892
0.006670
0.198658
0.301423
-0.627673
-0.814117
0.072597
0.076481
0.043381
0.456277
0.573187
1.000000
-1.000000
-0.674599
0.720668
1.000000
0.454659
-0.129370
-0.305030
0.799203
-0.196000
-0.367098
-0.599989
0.360513
-0.463786
0.163395
-0.488878
0.501560
-0.839749
0.162193
-0.782841
0.229847
-0.037967
0.196697
1.000000
-0.508557
0.236871
-0.872965
-0.379587
0.486248
0.348384
-0.828086
0.403959
0.319264
0.004425
-0.042630
1.000000
-0.032621
0.654821
-0.660563
0.097634
0.517523
-1.000000
-0.429657
-0.484370
0.658665
-0.617835
-0.032774
0.105535
-1.000000
-0.577380
0.869197
0.651507
0.038174
-0.308820
-0.735531
0.464269
0.431912
-0.692104
0.632002
0.393358
-0.375047
0.481787
0.763708
0.143320
-0.869924
0.266012
0.469316
0.230959
-0.012442
-0.590621
-0.772161
0.975761
-0.862153
-0.968585
0.411519
0.320722
0.876415
-0.274222
0.130674
0.617776
0.559531
-0.497404
-0.310607
0.304224
0.793514
0.106022
0.681715
0.843248
0.165895
-0.723759
-0.104241
0.744368
-1.000000
0.011801
-0.009860
0.956723
0.911750
-0.472628
-0.500411
-0.541422
0.717748
-0.671461
-1.000000
-0.265735
-0.491437
-1.000000
-0.106123
-0.861262
0.557409
-1.000000
-0.384906
0.557994
0.692500
0.261810
0.654509
0.222572
-0.277911
0.935290
1.000000
-0.130398
0.797663
0.983059
-0.194830
-0.043714
0.165382
-0.452553
-0.359624
0.116542
0.038353
-0.422331
0.239280
-0.426925
-0.164256
-1.000000
-0.702334
-0.919599
-0.679582
0.549448
0.543857
0.765673
0.783521
0.866012
0.555254
0.146166
0.161330
-0.267173
0.378779
0.443594
-0.983807
-0.508617
-0.771543
-0.568855
0.144849
-0.629846
-0.203231
-0.044750
-0.482966
0.099823
0.339687
-0.698493
0.778372
0.618320
-0.649814
0.617403
-0.044565
-0.461798
0.598477
-0.605454
-0.612369
-0.277306
1.000000
0.479920
-0.833525
0.581649
-0.835857
0.698210
-0.889802
-0.072216
0.316635
-0.768420
0.347685
0.277605
0.915357
0.825096
0.195504
-0.353827
0.400501
0.038607
0.598328
0.110259
-0.664648
0.941203
1.000000
-1.000000
-0.330955
-0.896735
0.882446
0.018728
0.526512
0.914911
0.961926
0.505630
0.244482
0.186040
0.494926
-0.367829
0.786208
-1.000000
-0.654415
0.842085
0.781501
0.063930
0.001071
0.197540
0.284567
0.966202
-0.278101
0.928604
-1.000000
0.571290
-0.582355
-0.396876
-0.678289
-0.718498
-0.541532
0.431607
-0.569390
-0.276348
0.018751
-0.536906
0.726483
-0.685871
0.367431
-0.815307
0.692008
-0.476153
0.111043
-0.463256
-1.000000
-0.101775
0.053244
0.435450
-0.954175
-1.000000
0.591085
-0.083033
0.363855
-0.190406
-0.471205
1.000000
0.431425
1.000000
-0.425248
0.008649
0.168761
0.648880
0.315691
-0.008335
0.392409
-0.574559
-0.011106
-0.658678
-0.944645
0.638039
-0.037811
-0.899398
-0.880165
0.831949
-0.265056
-0.354328
0.634233
-0.553968
0.031750
-0.083525
-0.241043
0.584953
-0.184286
0.147791
0.608422
0.074455
0.854243
0.831638
0.351852
0.224053
-0.258158
-1.000000
-0.645022
-0.157171
-0.987914
-0.095858
0.256846
0.254897
-0.514258
-0.388600
0.134904
-0.023742
0.585659
0.323586
-0.042044
-0.159037
0.949170
-0.936125
0.620617
0.916649
0.252015
0.237245
-0.299665
0.628375
0.758174
0.936740
-0.104242
1.000000
-1.000000
0.644581
0.030399
-0.966341
-0.473750
0.604226
0.606450
0.874015
-0.966058
-0.793227
-0.433216
-1.000000
1.000000
-1.000000
-0.247044
0.987616
-0.939896
-0.793017
1.000000
-0.932022
-0.387138
-0.774072
-0.448136
0.368937
0.595731
-0.206429
0.818532
-0.069866
0.442935
0.443964
0.141187
-0.444570
0.234748
0.662596
0.321015
0.176553
0.415031
0.976207
0.524955
-0.642154
0.102995
-0.062266
-0.537908
-0.773028
1.000000
0.526561
-0.270111
1.000000
0.437273
-0.459690
-0.540604
0.636888
0.073661
-0.733193
-0.141446
0.244652
-0.373803
-0.731216
-0.589554
0.040084
-0.816292
-0.785835
-1.000000
0.670986
-1.000000
-0.393589
-0.756950
-0.065821
-0.877894
0.467132
0.827423
-0.318951
0.079726
0.003078
-0.713207
0.664240
-0.237475
1.000000
-0.266291
0.466676
0.671982
-0.775942
-0.008857
0.486829
0.285141
0.095193
-0.778560
-0.206872
-0.435326
-0.220744
1.000000
-1.000000
-0.383935
0.858716
0.169684
0.480674
1.000000
-0.072515
-0.232336
-0.659117
-0.626791
-0.190328
0.597477
0.160376
-0.400475
-0.292113
0.358664
-0.260347
-0.681829
-0.432049
0.006115
-0.118928
-0.408523
0.482987
0.194415
0.429559
-0.365273
-0.970160
-1.000000
0.600219
0.133796
0.547259
0.137294
0.053207
0.996136
-1.000000
-0.300992
0.739681
1.000000
-0.042421
-0.722715
0.706850
0.708489
0.661846
0.925915
0.240797
1.000000
-0.769807
0.675218
-0.405052
-0.802078
-0.163876
1.000000
-0.519846
-0.844190
-0.296138
0.696950
0.804157
-0.971039
-0.436010
-0.110493
-0.093284
0.312387
0.403593
-0.086583
0.685166
-0.213172
0.616806
1.000000
-0.511685
-0.712212
-0.456003
-0.124605
0.097067
-0.262511
-0.074078
0.229099
0.715303
0.179987
0.151779
-0.386456
0.841307
-0.198836
0.705229
-0.146821
-0.083105
0.767084
-0.055208
-0.070106
0.129480
-0.493222
-0.191806
0.899631
0.935904
-0.413202
-0.445044
-0.042513
-0.257332
0.138086
0.440781
-0.264079
-0.251386
0.164520
-0.989757
0.265401
-0.031918
-0.476102
-0.373602
-0.719822
-0.314746
0.156923
1.000000
-1.000000
-0.199819
-0.836536
0.246434
0.777777
-0.656613
-0.958652
-0.407322
0.291384
-0.161413
0.866501
0.547512
-0.017185
0.288275
0.851020
-0.534412
-0.376664
0.686379
-0.603690
0.084962
-0.602915
-0.230659
-1.000000
-0.547841
-0.968790
-0.805608
0.794718
0.099482
-0.317558
0.920738
0.311706
0.768553
0.354691
-0.739727
0.339356
0.793677
-0.210523
1.000000
-0.287218
-0.139417
-0.491103
0.316886
-0.338022
-0.921813
-0.553161
0.552200
0.319810
0.116966
0.608213
-0.060497
0.555332
0.909149
0.678830
0.114369
-0.059668
-0.264064
0.820899
0.091873
0.371070
-0.431446
0.116426
0.815360
-0.406091
0.696217
0.129332
-0.245092
0.219069
-0.730605
0.776470
0.047633
-0.288408
-0.086041
-0.123730
-0.864621
-0.896468
1.000000
0.093098
-0.327716
-0.126681
-0.738192
-0.705655
-0.248257
-0.966211
-0.270655
-0.241034
-0.610686
-0.368978
-0.047000
0.729492
0.419895
-0.132327
-0.220851
-0.771412
-1.000000
0.368405
-0.771348
0.125840
0.059461
0.792788
0.989868
0.296243
0.852317
0.883718
1.000000
-1.000000
-0.531697
-0.721573
0.554695
-0.157276
-0.788392
0.574195
-0.229363
-0.007619
0.076235
-0.541914
0.918024
0.564020
-0.795423
0.171836
0.801735
0.950866
0.117300
-0.258964
0.546746
-0.334587
0.256502
-0.662723
-0.761404
-0.700558
0.532187
0.869483
-0.025849
-1.000000
-1.000000
-0.442772
-0.467288
0.501153
-0.971935
0.944981
-0.567028
0.679523
0.680724
-0.322170
0.251840
-0.468284
0.296756
0.389078
-0.171705
-0.851467
0.453216
-0.668306
0.593481
-0.338017
0.537971
0.895337
0.987594
-0.873070
-0.320605
-0.474746
0.977282
-0.410941
-0.889835
-0.277881
0.707943
-0.369495
-0.383074
-0.215996
-0.034657
-0.193711
0.077342
0.474899
-0.918481
0.176756
-0.484277
-0.575576
0.132886
-0.276832
0.363553
1.000000
-0.016490
-1.000000
-1.000000
0.387964
-0.599271
0.711158
-0.081729
0.613882
-0.325601
-0.365683
-0.381588
0.467933
-0.590840
-0.021257
-0.083125
0.131008
0.539794
-0.067033
-0.034463
0.774213
-0.372114
0.372365
0.242085
0.382930
-0.214442
-0.699770
-0.262439
0.722046
0.030850
0.579822
0.948352
0.498192
0.444184
0.806046
0.370010
-0.168549
0.447684
-0.482595
0.730700
-0.368462
0.680298
0.234363
0.530140
0.996288
0.632995
-0.336501
-0.229674
-0.920200
-0.368211
-0.374767
0.037894
0.710989
-0.616768
1.000000
0.100231
0.057241
-0.369347
0.600621
-0.235639
1.000000
-0.084205
0.151476
-0.216609
0.151936
0.229749
-0.475322
-0.102288
0.061181
-0.690211
0.622811
-1.000000
-0.567867
-0.873650
0.588243
0.983309
0.950657
-0.242824
0.284421
0.147684
0.653108
0.636536
-0.840556
-0.725816
-0.528676
0.142801
0.738686
0.811869
0.415205
-0.228888
0.024261
0.680507
0.908676
-0.387943
0.033966
-0.301887
0.361748
-0.738161
-0.191460
-1.000000
0.953859
-0.276811
-0.039612
-0.906119
0.600368
0.612220
-0.546269
-0.392005
0.168440
0.653076
-0.455080
0.147900
0.086808
-0.166117
0.509119
-0.022679
-0.221542
0.949139
0.087469
0.383375
-0.038371
0.921742
0.294534
0.057208
0.655044
-0.033676
0.449362
0.146040
-0.212940
-0.218292
0.314306
0.971670
-0.038184
0.660391
0.119196
0.132804
-0.265272
-1.000000
-0.172773
-0.687433
-0.871422
0.838221
-0.093367
-1.000000
-0.395644
0.629918
-0.007296
0.146170
-0.684576
-0.288967
-0.829213
0.030904
0.588673
0.937678
0.281667
0.148809
0.038768
0.522361
0.530649
0.418006
-0.324130
0.834982
0.398492
0.420113
-0.945070
0.174534
-1.000000
1.000000
0.305039
-0.372414
-0.245042
-0.535962
0.257909
0.959047
-0.630497
-0.768816
-0.188360
0.749812
0.086548
-0.662864
-1.000000
-0.798864
-0.202471
-0.391706
0.213033
-0.194720
-1.000000
0.119686
-0.238664
0.453242
0.128373
-0.032468
0.166170
-0.369071
0.456682
-0.658253
-0.402162
1.000000
0.401261
0.530765
-0.444998
0.572165
-0.846257
0.603882
0.033984
-0.154220
0.852025
-0.276986
0.046934
-0.981119
0.608619
0.253871
0.104857
0.614554
0.978192
0.773177
-0.798189
0.003809
-0.125957
0.268807
0.689852
-0.125283
-0.568612
-0.074435
-0.185031
-0.471104
0.501990
-0.768545
0.738036
-0.722089
0.118945
0.640193
0.409856
-0.204469
0.970473
0.848797
-0.525103
-0.201545
-0.397170
-0.776728
-0.120475
-0.396754
-0.928540
-0.193297
0.006620
0.176079
0.888728
-0.362715
-0.118476
-0.172317
0.018812
-0.850367
0.010254
-0.693799
0.623227
-0.232414
-0.205360
0.523353
0.065539
1.000000
0.289113
0.856339
0.249860
-0.658126
0.176312
-1.000000
1.000000
-0.280367
-0.695225
-0.278123
-0.403056
-0.205535
-0.152627
-0.127066
0.483172
-0.304845
-0.207236
0.721793
0.763397
0.125343
0.794418
-0.051326
0.045533
-0.095506
0.251696
0.244788
0.690015
0.896187
-0.194912
-0.845729
-0.388460
-0.708411
-0.069068
-0.250762
-0.915877
-0.488290
-1.000000
0.370169
0.013157
0.514165
-0.939145
-0.600453
0.798566
-0.616241
-0.316280
0.347022
-0.484122
0.162225
0.701942
0.551790
0.668672
0.025481
0.567710
0.946975
-0.093028
-0.363953
-0.124549
0.228149
-0.304152
-0.225870
0.177245
-0.875462
-0.221066
-0.369744
0.696328
0.178931
-0.464673
-0.343224
0.182992
0.167204
-1.000000
0.068102
0.499954
0.650160
-0.005472
-0.503422
-0.619195
-0.071847
0.106735
-0.104303
0.203941
-0.704910
-1.000000
-0.637998
-0.826075
-1.000000
-0.707209
-1.000000
0.067152
0.383897
0.218346
0.224665
-0.371317
-0.768749
0.698199
-0.890416
-0.112562
0.633395
0.033334
0.439212
-0.552580
0.070421
-0.512402
-0.580222
0.043401
-0.291363
-0.495831
0.799020
-0.133479
0.608100
0.379926
0.191635
-0.137400
-0.543036
0.195641
0.057807
0.790589
-0.120106
0.799213
-0.237771
0.807097
-0.653520
0.579143
-0.009806
1.000000
-0.432828
0.739729
0.184082
-0.965832
0.752445
0.462841
0.754614
-0.762995
0.628868
-0.477814
-0.802490
-0.666332
0.965693
0.995147
1.000000
-0.861916
-0.505006
-0.667700
0.004405
-0.414925
0.215006
0.095073
-0.087342
0.719767
-0.573727
0.234200
0.739692
-0.284834
0.012617
-0.301635
-0.439821
-0.001141
-0.539862
0.004071
-0.886116
0.205915
0.828476
-0.094316
-0.097571
-0.764596
0.812542
0.305136
0.039266
0.469106
-0.325038
0.004419
0.653808
0.368516
-0.313264
0.567798
0.174965
-0.252832
-0.614690
0.687185
0.458411
-0.534387
-0.703805
-0.895142
-0.202193
-0.804374
-0.915059
-0.550625
-0.271454
-0.465658
-0.469387
-0.713413
-1.000000
-0.820498
0.588471
-0.070924
0.438846
-0.731757
-0.786748
0.968870
0.683137
0.095644
0.574458
0.192528
0.933667
0.929519
-0.872994
0.672011
-0.279301
-0.839278
0.072986
-0.341068
-0.961316
1.000000
-0.941626
0.726228
0.235794
0.540701
-1.000000
0.278815
-0.184098
0.078325
0.716503
0.316095
0.817538
0.679984
-0.770862
0.124260
0.769385
0.500183
-0.387839
-0.944731
0.793328
0.375960
-0.791825
0.683684
0.308743
-1.000000
-0.742179
0.154513
-0.893835
-0.347399
-0.378141
1.000000
-0.167745
-0.156913
0.980394
-0.281262
-0.782124
0.545110
-0.168544
0.109673
0.432122
-0.295926
-0.861324
0.264224
-0.599878
-0.090347
-0.811611
0.907454
0.385986
-0.542007
-0.707386
-0.496713
1.000000
-0.084527
-0.453867
0.692142
-0.035604
0.026783
1.000000
-1.000000
0.318610
0.830613
-0.267355
0.546283
-0.680624
-0.950772
0.746597
-0.114670
-0.472464
0.115925
-0.109510
0.500326
0.650440
0.004907
0.033548
-0.925798
-0.066788
-0.190968
1.000000
-0.833872
-0.110281
0.443319
0.936098
0.359717
0.227831
0.671722
0.119577
0.244631
0.695554
-0.873565
-0.257514
0.399109
0.273825
0.293688
0.388937
-0.314883
0.226890
0.951622
-0.975264
0.123108
0.176632
-0.689641
-0.978312
-0.893270
0.673793
-0.262115
-0.673888
0.530936
0.038259
0.330019
-0.056288
0.020219
0.767495
-0.176732
-0.860988
-0.452418
0.649872
0.526542
-0.003498
-0.173319
-0.827918
-0.639092
-0.507737
0.387739
0.837907
-0.655017
-0.379490
0.100772
1.000000
-0.570731
-0.711872
-0.828878
-0.385290
-0.177104
0.883344
0.375332
-0.143052
0.619195
0.221375
-0.255047
-0.858692
-0.034172
-0.219673
-0.488043
-0.276362
-0.150368
0.946549
-1.000000
0.145889
-0.676591
-0.223771
0.363207
-0.835129
0.539793
-0.929536
-0.846596
0.643081
0.072017
0.121510
-0.184251
-0.195565
0.064780
0.165656
-0.997933
-0.729264
0.254626
-0.197524
0.910904
-0.131843
1.000000
-0.106179
-0.978217
0.565211
-0.423590
0.735805
1.000000
0.033486
0.512078
-0.453674
-0.008076
-0.646234
-0.037887
0.260217
0.416215
0.862654
-0.253684
-0.936214
0.558407
-1.000000
0.621193
0.810137
0.446922
-0.147984
0.139502
0.287801
0.331428
0.130871
0.913878
-0.471259
-0.173338
0.764034
-1.000000
0.544610
-0.036625
-0.250962
-0.536509
-0.356425
0.782163
1.000000
0.074725
0.326032
-0.195615
0.426840
-1.000000
0.144477
-0.892529
-0.404506
-0.168986
1.000000
-0.824898
0.167004
0.272554
-0.048243
0.305372
0.703554
1.000000
-0.143868
-0.741160
0.196272
-0.321097
0.339601
0.329255
-0.025915
0.086718
0.893899
0.204646
1.000000
-0.327340
0.296436
-0.009860
0.470498
0.615965
-0.060162
-1.000000
0.034368
-1.000000
-0.536254
0.381132
0.214369
-0.432535
-0.456774
0.724375
0.657690
-0.147927
-0.688733
0.894619
-0.839945
0.400849
0.410551
-0.211908
-1.000000
1.000000
0.360535
-0.719351
-0.346996
-0.286603
-0.915267
-0.060995
0.682863
-0.219639
0.668773
0.045728
1.000000
-0.298486
-0.682839
0.538902
0.951813
-0.435745
0.453009
0.767550
-0.186582
0.446856
-0.842748
0.596067
0.184776
0.055830
0.635638
0.692156
-0.573886
0.288888
0.070442
-0.307991
0.931233
0.484968
-0.857961
0.621813
-0.516427
0.885685
-0.499451
-0.527733
0.004298
0.351783
-1.000000
0.124825
-0.721562
-0.163293
-0.732234
0.894317
-0.077582
-0.908207
-0.101504
0.018723
-0.092000
-0.918009
0.765129
-0.873312
0.870204
-0.736968
-0.374652
1.000000
0.928658
0.969795
-0.217637
-0.294280
-0.791402
-0.381509
-1.000000
0.331594
0.909882
-0.129908
0.785108
0.399118
-1.000000
0.705301
0.532306
-0.160620
1.000000
0.079273
-0.128814
0.795709
-0.064823
0.718884
-0.828824
0.023779
-1.000000
-0.481386
-0.110046
-0.288216
0.677226
0.903906
-0.088180
0.731098
0.571758
0.500529
0.599707
-1.000000
0.288570
-0.897808
-0.635043
0.217096
0.750308
0.693014
0.735349
-0.069487
0.180060
0.507109
-1.000000
1.000000
0.962702
0.817270
-0.445861
0.435238
-0.319144
0.124357
-0.721813
-0.407519
-0.577797
0.456512
-0.575678
-0.422559
-1.000000
0.175244
-0.120200
-0.727878
-0.329607
-1.000000
0.956066
0.556102
0.856066
0.898140
-0.160282
-0.354725
0.822636
-0.022376
-0.100830
0.307131
0.205381
-0.914294
0.567322
-0.300123
0.046078
0.134602
-0.500458
0.534536
0.064320
-0.584768
-0.272586
-0.523292
-0.306627
0.491703
-0.155690
0.187388
-0.597723
0.942809
0.874099
-1.000000
0.503739
-0.339090
0.403229
0.690400
0.292530
0.955816
0.055783
-0.868731
-0.623452
-1.000000
-0.682109
-0.596312
0.116031
0.128035
0.408498
-0.994172
-0.222990
-0.546037
0.620712
-0.204180
0.989592
0.351002
-0.732891
0.235360
0.829827
-0.847772
-0.374826
-0.240750
0.681265
-0.242818
0.355724
0.048658
0.063389
-0.523734
-0.340246
-0.121180
-0.809859
0.865628
0.443838
0.943149
0.552567
-0.388998
-0.250029
-0.971991
0.770985
0.832079
-0.538523
0.269262
-0.063959
-0.301054
0.934750
0.129599
-0.937387
-0.588340
-0.121867
-0.060258
-0.254216
0.461402
-0.963312
0.107247
0.221946
0.294110
-1.000000
0.348257
0.172807
-0.350260
-0.048767
0.747949
-0.342026
-0.987875
-0.312353
-0.127366
0.799807
-0.273296
1.000000
-0.675366
0.162576
0.789278
0.087146
0.587490
-0.854199
0.125588
1.000000
-0.217746
-0.580006
-1.000000
0.035084
0.893692
0.056151
-0.704331
-0.916605
0.436673
-0.438636
-0.272451
-0.006095
-0.232307
-0.352808
-0.152221
-0.331409
-0.855282
-0.831523
0.412337
-0.466034
-1.000000
-0.104687
-0.747274
-0.570497
0.626109
-0.094307
-0.140140
0.062551
-0.380583
-0.910400
0.981755
0.179888
0.251381
-0.087423
-0.496029
-0.039850
0.770492
0.189978
-0.393292
0.732230
0.405847
0.590822
-0.953170
-0.049865
-0.922566
-0.997387
0.448666
-0.744404
-0.358224
0.175361
-1.000000
-1.000000
-1.000000
-0.002763
0.535855
0.245674
-0.724941
-0.489671
0.948413
-0.730997
-0.355109
0.445603
-0.384001
0.588873
0.127554
1.000000
0.849853
0.522572
0.047964
0.356056
0.216234
0.705743
-0.188482
-0.332884
-0.883402
-0.310622
0.709841
-0.323594
0.333863
0.484496
0.255894
0.800637
0.327930
0.297219
-0.372648
-0.188556
0.944177
-0.362518
0.937818
0.306218
-0.200883
-0.572386
0.213868
0.816246
0.389416
-0.392312
-0.162371
0.326325
-0.516023
-0.836278
1.000000
0.770888
0.141358
0.512160
0.280989
-0.291810
0.334858
0.337773
-0.668768
-0.469939
-0.288670
0.942731
0.358569
-0.732567
-0.461276
-1.000000
0.382538
0.717801
-0.017764
0.120472
0.283872
-1.000000
-0.398456
-0.882802
0.448643
0.192852
-0.184634
0.428640
-0.450830
-0.370276
0.198229
-0.587710
0.270337
-0.344638
0.676731
0.569600
0.005701
1.000000
-0.442257
-0.085418
-0.421084
0.052557
-0.808797
0.587890
0.506766
-0.245451
0.748532
0.313145
-0.256480
-0.361671
0.534980
0.966639
0.350179
-0.878127
0.655176
0.229850
0.685951
-0.617124
1.000000
0.538326
1.000000
0.514747
0.686469
0.100569
-0.836509
-0.026753
0.945734
0.229378
-0.959965
1.000000
0.813090
0.536122
0.609798
0.016320
0.819124
-0.008032
0.868208
0.926291
-0.397071
0.059155
-0.878657
-0.246808
0.216123
-0.664106
0.396652
0.350459
-0.377473
0.263318
-0.754096
-0.744278
-0.737956
-0.391500
0.851553
-0.124210
0.556544
-1.000000
-0.497117
0.521661
-0.345796
0.872059
-0.746271
-0.263884
-0.196219
-0.129347
-0.420957
-1.000000
-0.043235
0.969019
0.183023
0.986923
-0.887717
0.316554
0.327823
-0.708270
1.000000
0.137516
-0.373980
-0.510427
-0.115103
0.997344
0.489495
-0.385816
-0.844914
0.378031
-0.225599
0.913436
0.609707
0.758925
0.195612
-0.594334
-0.319650
0.398067
-0.161475
-0.650957
-0.487955
0.195765
0.281552
-0.608865
0.154635
0.138794
-0.247887
-0.299223
-0.298825
-0.350341
-0.482184
0.632376
0.228508
-0.113230
-0.519071
-0.231908
0.247274
-1.000000
-0.323980
0.854432
0.656606
-0.391234
0.893532
0.319556
1.000000
-0.438277
-0.045496
-0.202168
-0.660640
0.080527
-0.669090
0.802657
-0.566562
0.756165
0.425292
0.972978
0.040470
0.276311
-0.435825
0.598139
0.401899
0.836334
0.931520
-0.920968
-0.928940
0.499560
-0.070441
-0.210038
0.839815
-0.133922
-0.320992
-0.193215
-0.197795
-0.636861
-0.051653
0.412715
0.656359
-0.172007
-0.053101
0.523141
-0.160438
0.092072
-0.687263
0.118715
0.394261
-0.541586
-0.113916
-0.586729
-0.804424
0.348378
-0.311994
-0.046653
0.373101
-0.119018
0.159376
-0.720755
0.705496
0.909798
0.223064
0.528584
1.000000
-0.542690
0.270594
-0.126924
-0.999313
-0.148608
-0.102946
-0.189579
-0.471115
-0.232943
-0.525636
-0.623446
0.036599
0.116788
-0.752573
-0.944484
0.824060
-0.627540
-0.896900
0.651925
-0.148758
-0.151153
0.704454
-0.424241
0.921060
1.000000
0.534839
1.000000
0.730455
0.190801
-0.130509
-0.254799
0.689881
0.246554
0.159500
-0.735126
-0.559537
0.569293
-0.446047
1.000000
-0.323696
-0.155689
0.121653
0.142841
-0.675074
0.276866
0.603808
0.674489
0.684050
-0.447597
-0.925731
0.568626
0.874708
0.153747
1.000000
0.399638
-0.112996
0.182244
0.028770
-0.276618
0.583382
0.448261
0.762039
-0.300894
0.207781
0.794003
-0.752809
-1.000000
0.400199
-0.578462
-0.987074
0.925739
-0.544342
-1.000000
-0.135348
0.008853
0.166996
0.993907
0.234087
-0.226910
-0.324895
0.824760
-0.156543
0.360724
0.147372
-0.330343
0.862446
0.120841
0.154803
0.657546
-0.898384
-0.043651
0.073820
-0.527855
0.802375
0.755336
1.000000
-0.928846
0.347977
1.000000
-0.680539
0.404136
0.610683
-0.446109
0.118714
0.382614
-0.381137
-0.211961
0.634285
0.908346
0.065855
-1.000000
-0.169133
-0.410533
-0.417226
0.346270
-0.014502
-0.956869
0.288248
-0.303174
0.255471
-1.000000
0.012080
-0.412743
-0.745907
0.902843
0.124628
0.224421
0.836045
0.552514
-0.410130
-0.638152
-0.749577
0.233615
-0.484401
-1.000000
0.195470
-0.092190
0.140722
-0.081124
-0.072051
-0.456319
0.757053
0.447630
-1.000000
-0.234428
0.587411
-0.669126
0.670562
0.431107
-0.521547
0.791389
0.186585
-0.927861
-0.927374
0.276340
0.198120
-0.098547
-0.891206
-0.427837
-0.959650
0.941348
-0.563598
1.000000
0.141983
0.151674
0.407940
0.188391
0.702802
-0.650002
-0.568958
0.163320
0.470161
-0.753016
0.836660
-0.400361
-0.912790
0.478472
-0.588597
0.507350
0.216164
0.103799
-0.973614
-0.437535
-0.354504
0.723872
0.874113
0.788896
-0.517963
-0.203913
-0.807541
-0.937349
-0.043262
0.519768
1.000000
0.979840
0.177600
1.000000
0.239788
-1.000000
0.242996
0.482026
0.067852
0.035280
0.464998
-0.323597
-1.000000
0.365640
-0.393715
0.961548
0.130632
-0.240912
-0.846361
0.199077
-0.340079
0.622771
-0.231025
-0.338342
-0.590291
-0.572723
0.820915
-0.440917
0.909320
-1.000000
0.575443
-0.403319
-0.209135
-0.799083
-0.116235
-0.807649
-0.733299
0.170640
1.000000
0.004351
-0.190687
0.884136
-0.628465
-0.827305
-0.369258
-0.876325
0.450851
-0.094720
1.000000
0.495413
0.857174
-0.637293
0.648893
-0.689895
-0.036712
-0.400720
0.412879
-0.864371
0.261203
-0.658244
0.016793
0.764511
0.301414
-0.314984
-0.558079
-0.638727
-0.451498
-0.034094
0.882422
-0.391176
0.614993
-0.246187
0.703728
0.172324
0.212843
0.368353
-0.381287
1.000000
-0.050412
1.000000
-0.247527
-0.733924
0.595375
-0.587677
-0.030045
-0.358360
-0.139330
-0.150218
-0.110497
-0.413543
-0.346322
-0.009204
-0.125382
1.000000
-0.211348
-0.746410
0.092048
0.877001
-0.555425
0.568242
-0.633152
0.304040
0.931194
-0.765466
0.417524
0.726597
0.734537
0.180225
-0.528617
-0.451288
-0.730770
1.000000
0.535193
0.323067
-0.187746
0.665041
-0.747062
-0.163104
-0.439053
1.000000
-0.729852
-0.448276
0.719972
-0.273010
0.257799
-0.192951
-0.030371
-0.553302
1.000000
0.485727
0.897292
0.200007
0.115429
0.989188
-0.507339
-0.597634
0.280476
0.198744
-0.934818
-0.447075
0.591572
-1.000000
-0.180213
-0.178658
0.171989
-0.819403
-0.817602
0.674393
-0.500238
-0.208864
-1.000000
-0.002269
-0.721247
0.597505
-0.736729
-0.342754
-0.487876
-0.196650
0.026483
0.501878
0.156118
-1.000000
0.026421
-0.369834
1.000000
0.161074
-1.000000
0.073835
0.522153
-0.256672
0.674353
-0.258292
0.690958
-0.079561
-0.041227
0.777734
0.686061
-0.139859
-0.589297
0.092945
-0.351357
-0.711601
-0.558202
-0.378086
-0.003348
-0.841379
0.357934
0.683826
-0.130316
-0.301622
0.330680
0.993190
0.105568
0.142202
-0.364405
-0.425136
1.000000
-0.000104
0.216879
-0.086815
-0.765979
0.372120
-0.458578
-0.899569
-0.499689
-0.880932
0.470076
0.414988
-0.890350
0.186926
0.366739
-0.830884
-0.154599
0.017964
0.273717
-0.111050
-0.457436
0.009196
-1.000000
-0.283458
-0.187923
-0.990152
0.122084
0.470030
-0.039868
-0.113733
0.168451
-0.895424
-1.000000
-0.645249
-0.695286
0.607259
0.239120
0.114467
-0.158188
0.835525
-0.324472
0.122087
0.752519
0.954181
-0.781766
0.986014
0.652042
0.746567
-0.593682
0.241841
-0.471599
-0.316603
-0.438913
-0.769988
-0.137428
0.295347
-0.408199
-0.348256
-0.476630
0.272079
0.230786
-0.391248
0.694531
-0.372699
0.475752
0.376562
-1.000000
-0.561062
0.820671
-0.615653
-0.809417
-0.350836
-0.399245
-0.709132
-0.332216
1.000000
-0.879486
0.598142
0.323585
-0.947974
0.483357
-0.045326
-0.301362
0.372066
0.954779
-0.551008
-0.607138
0.438021
0.701659
-0.844431
0.203927
-0.770547
0.337413
-0.520974
-0.259228
-0.867541
-0.144362
0.309599
-0.870545
-0.652022
-0.989347
0.072317
0.725871
0.233829
0.564497
-0.030954
0.517606
1.000000
-0.148317
0.508639
0.331034
1.000000
-0.085101
-0.375702
-0.510224
0.345577
0.318085
-0.883238
0.778937
0.134783
0.282453
0.785779
0.813022
0.247793
-0.668972
0.203283
-0.828267
-0.490397
-0.621455
0.663927
-0.002989
-0.023212
0.574566
-0.230380
0.854091
-0.064342
-0.125178
0.849869
0.388625
-0.409025
0.964586
-0.814335
-0.088964
-0.982826
-0.425797
-0.391890
-0.490896
0.407549
0.193717
0.832664
-0.205920
0.891820
0.561297
-0.327736
-0.000146
-0.394862
0.121500
-0.393947
0.131861
-0.332797
-0.060675
0.515524
-1.000000
0.411962
-0.920341
0.442056
0.247212
-0.464926
-0.856581
0.143107
-0.911954
-0.900902
-0.134320
-0.067241
-0.261636
0.259896
-0.507263
-0.248704
0.345529
-0.584443
-0.233837
-0.666884
-0.533580
-0.542985
0.446111
-0.054019
-0.670074
-0.802894
-0.587567
-0.995681
0.649958
0.952929
-0.585399
-0.482520
0.650817
-0.693431
-0.841617
-0.302653
-0.762279
-0.531615
0.439157
-0.945366
-0.413079
0.098133
0.404547
0.001476
1.000000
0.232370
0.297684
-0.773769
-0.418816
-0.626952
-0.040367
0.358802
-0.990172
-0.843794
-0.499078
0.421773
-0.535124
0.706502
0.180742
0.953906
0.760328
0.326533
0.109702
0.415521
-0.079921
-0.351137
-0.244658
-0.436872
-0.063811
0.130083
-0.910353
-0.951562
-0.076189
0.554265
-0.031247
0.958419
-0.939371
-1.000000
0.239517
-0.591118
0.017298
-0.395796
-0.328236
0.784383
-0.413974
0.235657
-0.265385
-0.514163
-0.801665
0.528516
0.394031
-0.428891
0.371044
0.883167
-0.868301
0.560012
-0.156010
-0.662759
0.181522
-0.426311
-0.216506
-0.532011
0.291895
0.040134
0.501099
0.599013
0.108406
1.000000
0.593410
0.492061
-0.218073
-1.000000
0.935466
-0.332773
-0.072603
0.220253
-0.212605
-0.125146
0.002662
-0.578295
-0.390972
-0.748212
0.467020
0.162522
0.021487
-0.466591
-0.184238
0.507689
0.661530
0.228767
-0.434578
-0.897220
-0.913940
0.069546
-0.303108
-0.027180
-0.531590
-0.404320
0.861970
0.255367
0.230104
-0.546439
-0.093014
-0.018145
0.266955
0.812547
0.786070
0.756928
0.424846
0.954575
0.499479
-0.715463
-0.686675
0.885243
0.248488
0.006134
0.482849
0.870293
0.410716
-0.350554
-0.507340
0.857750
0.584158
0.481929
-1.000000
1.000000
0.700246
-0.460653
-0.701996
0.384439
0.817179
-0.982168
-0.422541
0.127850
0.380248
-0.431514
0.852580
-0.308445
1.000000
-1.000000
-0.702231
-0.050554
0.012859
-0.153305
-1.000000
0.689875
0.660803
-0.223794
-0.626036
0.076780
-1.000000
0.158353
0.611609
-0.354555
0.266713
0.546374
-0.081476
-0.381544
0.243693
0.193022
-0.964462
-0.941248
-0.408752
0.570801
-0.672018
0.234604
-0.377565
-0.620960
-0.536924
-0.491520
0.128150
0.225878
0.096474
-0.424823
0.091586
-0.213231
0.570452
0.620641
-0.151139
-0.272611
-0.352973
0.410784
-0.658416
0.870733
0.422752
-0.202214
0.054288
-1.000000
-0.586605
-0.021177
-0.974088
-0.200099
-0.981421
-0.155689
-0.449923
0.034026
-0.477401
-0.357418
-0.043018
-0.255149
0.452682
0.189147
1.000000
0.684445
0.837251
-0.915397
-1.000000
-1.000000
-0.311530
-0.039637
0.950834
-0.565486
1.000000
0.162738
0.284660
0.742000
0.296205
0.441826
-0.065905
0.643246
-0.229905
0.894564
-0.326476
-0.300443
0.252552
0.418976
0.837265
-0.628262
1.000000
-0.204002
-0.625199
-0.837397
0.953685
-0.135973
0.010260
-0.238533
-0.323262
0.001241
-0.515079
0.851891
1.000000
1.000000
-0.982178
0.042256
-0.005816
-0.403968
0.360868
-1.000000
0.250831
-0.937847
-0.847510
0.466798
0.508986
-0.905254
0.259127
-0.246608
0.278901
-0.286823
-0.958306
-0.677784
-0.461401
-0.790185
0.173779
0.625951
0.716017
0.451998
0.058905
0.480886
-0.914144
0.617138
0.975215
1.000000
-0.022609
0.061017
0.197694
-0.877934
0.152266
0.313998
0.068505
0.686797
0.949637
-0.280769
-0.670972
-0.725897
0.473421
0.632486
-0.319160
0.961661
0.761880
-0.800747
-0.087739
-0.216171
-0.095255
1.000000
-0.086606
-1.000000
-0.792991
-0.426974
-0.347555
0.198969
-0.909944
0.992531
-0.026307
-0.137010
-0.936985
-0.826949
-0.375768
-0.636720
-0.900559
0.102303
-0.182896
0.549793
0.055516
0.709454
0.850208
0.398785
0.360709
0.076925
-0.294415
0.273190
1.000000
0.983324
-0.977231
0.358874
-0.183887
-0.234529
0.441660
-0.157102
-0.247932
-1.000000
0.796336
0.158797
-0.239160
-0.051927
-0.212011
-0.082653
0.212860
0.657769
0.136190
-0.371361
-0.625265
0.344346
-0.709803
0.805284
-0.117341
-0.353342
0.938264
-0.479572
-0.819013
-0.932617
-0.022914
0.202142
-0.481580
0.826761
0.502240
0.617732
0.703100
0.117098
-0.313391
0.571923
-0.512673
0.348454
0.268901
-0.230952
0.216605
-0.550534
0.039694
0.951188
-0.833738
0.061288
-0.539308
-0.567410
0.920269
0.391208
1.000000
0.939429
0.550235
0.259561
0.787763
-0.489032
0.709636
-0.092006
-0.939839
0.224745
-0.258083
-0.048729
-0.735855
0.491100
-0.251143
0.696232
0.866297
-0.333713
0.174341
-0.653331
0.132985
0.487774
0.033506
0.070341
0.972197
-0.515658
-0.030218
0.610279
-0.398356
1.000000
0.214017
-0.577168
-0.417362
0.400040
-0.183261
-0.481356
0.937779
-0.500488
-0.178146
-0.614534
-0.853391
0.915552
0.518175
1.000000
-0.481435
0.159001
0.477668
0.088965
0.359178
-0.790078
-0.722262
0.357669
0.821248
0.720615
-0.679146
0.767123
-0.668354
-0.465949
-0.921467
1.000000
0.843501
-0.272555
-0.890338
-0.202586
0.827730
-0.505015
-1.000000
-0.280912
0.430738
0.512149
0.757865
-0.346464
0.189349
0.483168
0.884861
0.618384
0.602560
-0.259673
-0.533119
0.639403
0.391684
-0.049864
-0.235820
0.455228
1.000000
-0.067864
0.185142
0.069671
-0.094324
-0.379416
0.444109
0.483644
-1.000000
-0.031563
-0.083880
-0.790386
0.734377
0.199834
-0.337011
-0.810084
-0.811113
-0.072420
-1.000000
-0.409457
-1.000000
0.543536
-0.320565
1.000000
0.225964
-0.418906
0.606408
-0.055966
0.048508
0.137692
-0.949852
-0.011327
0.517117
0.090753
0.258505
-0.276593
-0.262167
0.519385
0.400153
0.609576
0.323489
1.000000
0.043448
0.116569
-0.653467
-0.023685
0.818048
-0.544130
-0.176562
0.708287
-0.345826
0.606354
-0.675020
-0.732592
-0.414114
-0.693327
0.212071
0.502907
0.703919
0.356913
-0.442011
0.592200
0.464559
-0.669322
-0.426332
0.458658
0.352430
0.375809
-0.244955
-0.159081
0.016584
0.014423
-0.490331
-0.520100
-0.376228
0.113216
0.844533
0.015146
1.000000
-0.867233
0.895485
0.176573
-0.343142
-0.890736
0.486316
-0.540584
-0.115565
0.625540
-0.776706
0.310578
0.171327
0.090681
0.805856
0.858585
-1.000000
0.538276
0.719054
0.261727
-0.182194
1.000000
-0.841385
-0.150107
0.040509
0.001724
-0.607589
0.292076
0.676209
1.000000
-0.511841
0.410943
-0.115000
-0.595449
0.909084
0.012186
-0.574684
-0.208960
-0.580292
0.149725
0.113725
0.534003
0.536785
-0.749071
-0.156636
0.333201
0.678057
-0.387366
0.983137
-0.920327
-0.736898
0.051250
-0.682583
0.499988
0.983767
0.479526
-0.051291
-0.735366
-0.839181
0.731377
0.909470
-0.988667
-0.837024
0.388259
0.961228
-0.548839
-0.652690
1.000000
-0.354566
0.191379
0.044707
0.835484
-0.277447
-0.053424
-1.000000
0.885140
0.094089
-0.587242
-0.783301
0.457727
-0.593342
0.514421
-0.778005
0.248150
0.302784
-0.798405
0.652428
-0.628002
-0.142536
-0.545493
0.944250
-0.265105
-0.648225
0.375913
0.264542
0.230088
0.269423
-0.524642
-0.731369
0.873942
0.912447
-1.000000
-0.539079
0.469059
0.144073
0.751568
-0.265389
-0.055671
0.086291
0.435193
-0.534476
1.000000
0.438985
-0.768326
-0.834245
-0.786146
-0.085784
-0.372006
0.127783
-0.074679
-0.209017
0.091722
0.677700
-0.297484
-0.530627
-0.510289
0.019321
-0.774334
0.620723
-0.542050
-0.589097
0.551385
-0.395634
-0.035826
0.178487
-0.390266
0.458307
0.319197
0.597121
0.756025
-0.031171
-0.933704
1.000000
0.392883
-0.806017
-0.279819
0.068044
-0.965815
0.771381
-0.547580
0.508455
-0.421935
0.182941
-0.082283
0.205302
0.126398
-0.503673
0.298111
-0.845936
-1.000000
0.067367
0.743269
-0.837076
0.529009
-0.208714
-0.973918
-0.073960
0.161698
0.763318
0.154579
-0.814510
-0.630161
0.554828
0.722339
-0.802131
0.779377
0.382336
-0.914081
0.791922
0.333718
0.692335
-0.646544
0.380759
-0.085205
-0.051020
-0.152266
0.550845
0.834550
1.000000
0.293664
-0.403392
0.075690
-0.719828
-0.727567
1.000000
0.285396
0.284176
0.025648
0.664715
-0.857327
-0.194281
-0.863004
-0.644728
-1.000000
-0.021910
0.565521
-0.852664
0.667560
-0.084134
-0.286322
0.280971
0.226233
1.000000
-0.974042
-0.127653
0.619582
-0.501771
-0.397271
-1.000000
0.051777
0.514993
-0.943309
0.192759
-0.708641
0.331547
-0.517951
-0.258928
0.043100
0.019561
-0.216287
0.011801
-0.159061
-0.888974
0.292452
-0.770097
0.515067
-0.131978
0.672344
0.071040
0.521395
-0.651558
0.989062
0.296254
-0.469698
0.347022
-0.467586
0.753747
-0.533245
-0.252344
-0.884038
-0.327005
-0.929790
0.247816
-0.258677
-0.749214
0.086487
-0.478640
0.682135
-0.452437
-0.955227
-0.119015
0.448288
-0.563693
0.140342
0.286569
0.383361
-0.101394
1.000000
-0.053017
-0.641243
-0.396082
0.192223
-0.832557
-0.192139
-0.131564
0.798984
0.103624
0.676948
0.537575
-0.358869
-0.688220
-0.138021
-0.902937
-1.000000
0.210646
0.257496
-0.050070
-0.268514
0.486024
0.708683
-0.956632
-0.823985
0.385171
-0.366946
0.133041
-0.762127
0.324833
0.230937
0.801449
0.034951
-0.553760
0.104936
-0.950099
0.585667
1.000000
-0.843648
-0.584073
0.591252
0.021259
-0.354932
0.311202
0.887280
0.767940
0.551451
-0.508380
0.212768
0.113342
-0.453539
0.474908
-0.087532
-0.021647
-0.511508
0.274748
0.002179
-0.318112
0.618136
0.207629
0.874775
0.192433
0.533008
0.248454
-0.660709
0.235430
-0.830443
0.136126
-0.878805
-0.135090
0.706705
0.694028
-0.519596
0.125738
0.775800
0.279304
-0.561177
-0.780134
-0.812608
-0.564558
-1.000000
-0.058182
-0.607461
0.674567
-1.000000
0.397674
-0.932016
-1.000000
0.407596
0.538506
-0.526017
0.573141
0.409113
-0.490229
-0.783595
0.221623
0.057011
-0.839208
-0.129214
0.051941
0.388731
0.553600
-0.410019
0.590099
0.009801
0.456158
0.326816
-0.832738
0.769903
0.775935
0.439433
1.000000
-0.645876
-0.771792
0.033164
-0.662409
0.063597
0.654394
-1.000000
-0.410228
1.000000
0.811045
-1.000000
-1.000000
-0.136110
-0.502051
-0.020586
-0.503924
0.891504
0.890344
0.573753
-1.000000
0.644576
0.122508
0.111846
-0.418397
0.060911
0.844407
-0.398229
0.433194
-0.422725
0.272966
-0.932749
-0.614969
-0.571034
-0.762828
0.420917
-0.637878
0.682593
-0.537110
0.075816
0.730351
-0.574099
0.955002
0.404278
-0.068118
0.890789
0.886149
-0.344016
0.638805
-0.460942
0.768452
-0.782534
-0.734751
0.482218
-0.379960
0.791539
-0.655798
0.492468
-0.327677
-0.987565
-0.477831
0.868683
-0.705822
-0.289319
-0.597532
0.077614
-0.303093
0.964017
-0.673554
-0.252924
0.271686
0.014390
0.242295
-1.000000
-0.287940
0.077478
-0.939882
-0.014940
-0.887493
0.184281
-0.199761
0.449670
-0.581201
1.000000
-0.829677
-0.339415
0.881458
-0.467332
-0.942629
-1.000000
0.789338
0.728991
-0.126703
-1.000000
-0.300451
-1.000000
-0.241236
-0.408087
0.903078
-0.850983
0.669232
-1.000000
1.000000
-0.383645
-0.069709
0.870188
0.332698
0.745723
0.868370
-0.753922
-0.570527
-0.032034
-0.346170
0.238115
0.790081
-0.451131
-0.538493
0.935523
0.301386
0.783477
0.318735
0.195589
-0.185401
0.764380
0.152606
0.559573
0.780418
-0.418156
0.423792
0.024925
0.175945
-0.711480
0.890903
0.631602
-0.950125
-0.111799
-0.478037
-0.038496
0.920475
0.904310
0.217011
0.760793
0.634158
1.000000
0.234500
0.750416
-0.949346
-0.146207
0.121620
-0.462129
0.102777
-0.985981
0.266287
0.277662
-0.963396
-1.000000
-0.995307
-0.541718
0.933053
-0.023646
0.126136
0.971807
0.066757
0.002266
0.972811
-0.116545
0.815318
0.377500
-0.850921
0.296574
0.022776
0.411065
-0.121522
0.928583
-0.891947
-0.576045
-0.425903
-0.632088
-0.340081
0.013209
-0.626738
0.513201
-0.627500
-0.236581
0.184986
0.021046
-0.848081
-0.361567
-0.035301
0.944633
-0.689375
-0.825287
0.962479
-0.859334
-0.149421
-0.962793
-0.246956
-1.000000
0.180321
-0.160343
-0.006888
1.000000
0.174887
-0.505404
-0.032801
-0.021805
0.955800
-0.329144
-0.576507
1.000000
-0.008144
0.717778
0.375100
-0.950521
-0.927055
0.198778
-0.211061
-0.705745
0.251576
-0.943216
0.087163
-0.550013
-0.773040
0.596810
0.155514
-0.228916
-0.859894
1.000000
0.538889
0.145835
0.235434
0.764782
-0.521559
-0.746753
-0.200722
0.392420
-1.000000
-0.226521
0.049848
-0.573021
-0.963240
-0.070949
0.284096
0.365403
0.595814
0.298357
-0.099754
-0.347140
0.173917
-0.959411
0.984508
0.930357
-0.087363
-0.232536
-1.000000
0.284247
-0.083148
-0.648439
-0.739686
-0.499772
-0.203036
-0.539353
-0.833552
-0.079252
0.019419
-0.554127
-0.349140
0.007893
-0.361233
0.530742
-0.257006
-0.253627
0.756935
-0.782587
-0.530545
-0.348570
-0.365080
-0.363502
-0.094656
0.230789
-0.231140
-0.342156
0.810484
0.564801
-0.475545
-0.214146
-0.395605
-0.759067
1.000000
0.899971
-0.585266
0.585741
0.748358
1.000000
0.498184
-0.782968
-0.067925
-0.007496
-0.841276
0.768492
0.525475
0.090483
0.089440
0.387690
-0.860325
-0.241777
-0.308424
-0.567581
-0.771791
1.000000
0.066472
0.753309
-0.441934
0.334004
-0.471834
-1.000000
0.522190
-0.814608
-0.664281
-0.057842
-0.253696
-0.095023
-0.391454
0.244087
0.855195
0.337477
-0.033565
-0.385434
-0.291879
0.319934
-0.693701
-0.703558
-0.710592
-0.915429
0.250216
-0.776985
0.415167
0.923182
0.847794
0.135329
-0.096993
-0.721535
-0.504385
-0.714391
0.015329
0.115543
0.834266
0.935341
0.512586
0.564625
-0.834261
-0.481606
-0.997558
-0.543928
-0.879653
-0.174118
0.208660
-0.398236
0.105575
-0.328563
-0.263969
-0.051332
-0.901885
-0.356985
0.870570
-0.076760
-0.223833
0.035186
-0.839720
0.319745
0.876902
0.723945
0.447723
0.714130
-0.386808
-0.907635
-0.220406
-0.692113
-0.798244
0.226066
-0.232799
-0.914555
0.696693
0.304743
0.609391
-0.479179
-0.385230
-0.859335
0.913296
-0.920189
-0.313903
0.894912
-0.111450
0.877944
1.000000
0.104692
-0.205232
-0.127676
0.355660
-0.556633
-0.502328
0.870671
0.163753
-0.998113
-0.945040
0.435599
0.240994
0.153017
-0.638881
0.476420
0.575235
-0.667637
-0.691701
0.267805
-0.269111
0.507717
0.379306
-0.678819
-0.623650
0.053348
0.749614
0.650794
0.216857
0.929254
0.127471
-0.299250
-0.750469
-0.516051
0.116183
0.766998
-0.669255
0.358141
0.138760
-0.176165
-0.567559
0.238709
-0.649741
-0.337355
0.109835
-1.000000
0.988114
-0.109738
0.284612
0.610894
-0.495595
0.576352
-0.167339
0.039073
0.437521
0.427707
0.090236
0.335172
-0.523856
-0.569506
-0.238302
0.255348
0.853345
0.266364
0.627335
-0.192673
0.262932
-0.595377
0.991748
0.187882
0.136942
0.541090
-0.226730
-0.249399
0.757087
-0.205337
-0.925468
0.821131
0.489242
-0.771301
-0.047132
0.009928
-0.538354
0.762695
0.403501
-0.438300
0.971971
-0.798212
0.008868
-0.937833
-0.238939
-0.260456
-0.326584
-0.835553
-0.332692
-1.000000
0.506077
1.000000
-0.171629
-1.000000
0.625626
-0.556886
-0.357305
-0.371745
0.941462
-0.799057
0.684884
0.122054
0.048503
-0.289501
0.059550
0.383459
-0.014266
0.500208
-0.684332
-0.923129
-0.079749
-1.000000
-0.780875
-0.181486
0.322092
0.833720
-0.676809
-0.141434
0.240506
1.000000
1.000000
-0.177544
-0.478028
-0.313861
0.540578
-1.000000
-0.218226
-0.907622
0.088482
0.251635
0.069332
-0.561595
0.763605
-0.756567
-0.187788
0.427357
0.175338
0.105551
-0.339246
0.531197
-0.534095
-0.160776
0.393198
-0.213869
0.007879
0.711971
0.594584
-0.862383
0.875311
-0.898889
0.267422
-0.888397
0.541873
0.156680
0.310354
-0.361045
1.000000
0.247437
0.665623
0.270468
0.191082
-0.886392
-0.667048
0.122040
0.241038
0.673596
-0.163785
0.355563
0.772404
-0.794081
0.790876
0.308796
1.000000
-0.388592
-0.132404
-0.992767
-0.906195
0.097994
0.613031
-0.474202
0.134241
-0.787066
-0.089180
-0.016344
-0.117363
-0.729776
-0.042917
0.397764
-0.018287
0.054495
-0.968834
-0.165408
0.017825
1.000000
0.552125
-1.000000
-0.594226
-0.136841
0.741607
-0.314545
-0.334717
-0.840708
1.000000
-0.424634
-0.757129
-0.416032
0.815895
-0.405605
0.979668
0.408819
-0.304369
-0.382697
-0.470128
-0.567853
-0.055094
-0.924445
0.078119
0.439818
-0.537745
0.285905
-0.291782
-0.946970
-0.047824
-0.565853
0.338217
0.215476
-0.314920
0.325110
0.802946
-0.225570
0.588117
1.000000
0.476552
0.148559
0.144899
-0.862923
1.000000
0.609408
-0.206142
0.631534
0.660113
-0.218338
0.117711
0.564794
-0.247793
-0.252846
-0.060007
-0.319044
-0.329913
-0.453780
0.630146
-0.416463
0.492970
0.472204
-0.262507
0.412049
-0.245745
0.913557
0.262086
0.017414
0.278394
0.187379
-0.116673
-0.576396
-0.432410
-0.572831
-0.183743
-0.053549
-0.235885
-0.363525
1.000000
0.583785
-1.000000
-0.803493
0.284320
-0.351712
-0.655988
-0.181268
0.585481
-0.292850
-0.639823
-0.980238
-0.539302
-0.352909
-0.336501
-0.720388
0.422125
0.789809
-0.449068
-0.195525
-0.117757
-0.420606
0.106187
-0.640216
-0.523044
0.428166
-0.244413
-0.816123
-0.665451
0.036497
0.848234
0.735139
-0.659606
0.893656
-0.652059
0.420355
0.833722
0.990686
-0.475206
0.378539
0.187988
-0.889402
-0.173198
-1.000000
-0.036032
-0.143599
-0.943666
0.860708
0.536215
-0.083097
-0.317890
0.626692
0.455362
-0.686602
-0.023506
1.000000
0.072332
1.000000
0.308418
0.478805
0.646125
0.225600
0.531084
0.786528
0.237370
0.179833
-1.000000
0.736029
0.008143
0.355258
0.092439
-0.936361
0.884882
-0.257075
-0.481311
0.854829
-0.009742
-0.575491
-0.694433
1.000000
0.196507
0.436744
0.797796
-0.433208
0.063389
-0.875230
-0.067033
-0.093488
-1.000000
0.350565
0.079282
-0.726670
-0.328046
1.000000
0.881837
-0.327617
0.306908
0.394544
0.087254
-0.315285
-0.718293
0.447772
0.473448
0.028628
-0.623974
0.744182
0.859430
0.364132
0.950097
-0.225803
-0.638621
-0.861309
-0.605734
-0.637318
-0.373146
-0.411249
-0.664729
-0.709151
-0.149181
-0.250128
0.300097
0.624652
-0.877922
-0.667199
-0.818473
0.894639
0.665651
0.050708
0.611729
0.751665
0.624733
-0.635782
-1.000000
0.116662
0.203639
0.902546
0.166340
-0.761911
-0.174288
0.092323
-0.132267
0.052657
-0.383596
0.095195
-0.020036
0.035211
-0.202823
0.323054
-0.795185
0.743936
0.535892
-0.637135
1.000000
0.823265
-0.330236
-0.517675
1.000000
-1.000000
-0.696044
-0.970543
0.640835
0.239582
-0.082552
-0.072935
0.463817
-0.208125
0.247800
-0.247721
0.596445
0.715750
0.476613
0.743773
0.965444
-1.000000
-0.441429
-0.083945
0.377538
-0.745092
-1.000000
-0.026491
-0.781035
-0.050845
0.921173
-0.270690
0.174711
0.328701
0.264902
0.583323
-0.449430
-0.782239
-0.942595
0.261133
0.548566
0.718211
-0.320419
-0.526938
0.446237
-0.147813
0.524578
0.991578
-0.390786
0.215576
0.485411
0.326834
-0.348318
0.205659
-0.703408
0.789955
0.603049
0.586197
-0.445046
-0.621951
-0.797537
-1.000000
0.435098
0.756291
0.078671
0.767141
-0.828582
-0.551731
-0.849247
0.440689
-1.000000
0.323772
0.828999
0.680045
0.336904
-0.350570
-0.508077
0.950880
-0.358617
-0.532510
-0.231100
-0.358877
0.710307
0.914038
0.098708
0.431820
0.970289
-0.647634
-0.177593
-0.373786
0.510392
-1.000000
-0.036548
-0.960884
0.957521
1.000000
0.449963
0.364609
0.310460
0.563950
0.164994
-0.012670
0.695187
0.488121
0.345227
1.000000
0.737957
-0.737009
-0.246273
0.784629
0.635785
-0.845435
0.908119
-0.744892
-0.623649
0.093547
-0.255769
-0.280587
-0.175140
1.000000
0.942381
0.827096
0.515824
0.914712
0.906807
0.817337
-1.000000
0.948881
-0.800120
-0.238221
-0.453398
-0.733232
0.770648
0.830798
0.427254
0.075388
-0.726838
-0.791874
-0.569430
0.046024
-0.939604
1.000000
0.329720
-0.387293
1.000000
0.606695
0.624638
0.394500
-0.766357
0.002928
-0.063821
-0.525264
-0.140074
-0.720598
0.420268
-0.612831
0.394654
0.369456
0.643668
-0.461969
-0.614573
0.714187
-0.133724
-0.571077
0.515086
-0.820332
1.000000
-0.472467
-0.905917
0.490546
-1.000000
-0.560024
0.482422
-0.380491
-0.737257
-0.848656
0.349384
-0.296881
-0.129360
-0.278676
0.450231
0.055248
-0.352860
-0.040423
0.121271
-0.585261
0.059940
0.939458
-0.834076
0.628823
0.826622
-0.052772
0.613871
-0.794534
-0.004384
-0.425388
-0.689708
-0.774137
-0.271270
-0.267260
-0.965075
-0.287181
0.574356
1.000000
-0.107730
0.789075
-0.666874
-0.939484
-0.449173
0.489758
-0.531865
-0.145544
-0.165012
0.438169
-0.397577
-0.620924
0.858346
0.666689
0.918752
-0.058836
-0.252991
0.083685
0.284110
0.306475
0.327014
0.701980
1.000000
-0.545345
0.525558
0.364129
0.196922
0.294337
-1.000000
-0.397166
-0.769182
-0.936131
-0.564418
-0.754379
-0.039697
-0.581750
0.955928
0.514705
0.168628
-0.207452
0.390534
0.045748
-0.761475
-0.697408
-0.184316
-0.758468
-0.048218
0.584889
-0.684462
0.860903
-0.349233
-0.852703
-0.098310
-0.941348
-0.032417
-0.817618
-0.226527
1.000000
-0.383240
0.322834
-0.016634
-0.623563
0.199853
0.758920
0.551893
0.993382
0.047158
0.833089
-0.862576
0.191474
-0.374898
-0.472849
-0.897993
0.699505
-0.415027
0.646554
0.508384
0.500187
0.833123
0.741492
0.799444
0.783248
0.644022
-0.141012
-0.287662
-0.065989
-1.000000
-0.556430
0.511378
0.305842
-0.655304
0.461291
-0.540037
0.743787
-0.386213
-0.029173
0.020158
0.610228
-0.640087
0.845198
0.461083
-1.000000
-0.658576
1.000000
-0.109364
-0.047428
-0.497511
-0.073561
-0.056667
-0.692538
-0.030603
0.985856
1.000000
0.338391
-0.576382
0.209690
-0.665425
0.058109
0.311461
0.154372
-1.000000
-0.832135
0.031191
0.140580
1.000000
-0.423290
0.030470
1.000000
0.424933
-0.112829
-0.244456
0.534098
0.506667
-0.019305
0.368323
0.799442
0.258969
0.037595
0.374256
-0.321135
0.021104
0.134882
-0.808980
0.260236
-0.240678
0.099156
0.415671
-0.238530
-0.497448
0.874922
0.163829
-0.156254
0.168737
-0.812882
0.715705
-0.207000
-0.982845
-0.240098
0.376451
0.767398
-0.695004
0.953215
-0.894448
0.776260
-0.753487
0.997268
0.331735
0.850986
-0.120635
-0.549995
0.491783
0.874997
0.523778
0.049970
0.514042
-0.323694
0.027352
-0.785888
0.018066
0.946375
-0.180123
-0.531011
-0.983186
0.728795
0.037812
1.000000
0.154947
0.901503
0.946665
-0.482881
0.883330
-0.160748
0.731384
0.219595
-0.732055
-0.451726
0.074796
-0.982230
0.206258
-0.727225
-0.038889
0.741054
-0.314741
0.100761
0.855121
-0.050284
0.288593
-0.276158
-0.041963
-0.596086
-0.759925
-0.845624
-0.204099
0.212565
-0.380763
0.942848
0.000574
0.022781
0.054560
0.250709
-0.264120
0.087872
-0.220530
-0.189573
0.222936
-0.103030
-0.490857
0.828125
-1.000000
0.561852
-0.217812
-0.416558
0.114045
0.268037
-0.451431
1.000000
1.000000
-0.952012
0.108464
-0.078151
0.564424
0.685725
-0.059755
0.083115
0.656600
0.479800
-0.017825
-0.117224
-0.719556
-0.406558
-0.714868
0.306952
-0.753349
0.348787
-0.165419
-0.701247
0.248844
-0.981166
-0.265012
0.292725
-0.092205
-0.353208
0.738151
0.514446
-1.000000
-0.548523
0.532538
-0.435311
-0.366472
0.004466
-0.195999
-0.035861
1.000000
-0.582826
-0.543963
0.658137
0.196461
0.955514
0.565756
-0.142041
0.495562
-0.851665
-0.225068
0.550682
0.513036
-0.416960
0.214078
-0.508076
0.619128
0.981036
-0.329642
-1.000000
0.450015
-0.866611
-0.552761
0.523316
-1.000000
-0.339498
0.112565
-0.159825
0.087211
0.729544
-0.271057
0.261899
0.672631
0.092603
-0.129211
-0.081385
-0.116805
-0.083022
-0.576344
0.167796
1.000000
-0.835657
-0.442337
-0.435396
0.408360
-0.810014
0.470916
0.255410
0.754125
-0.661657
0.647296
0.966826
0.862594
0.098174
-0.693067
-0.413183
0.213941
0.272024
-0.454644
-0.349563
0.439719
-0.501578
0.997979
0.762622
0.042853
-0.312956
-0.211237
-0.859218
-0.632829
-0.523807
0.604236
-0.049697
0.052348
-0.112057
-0.287341
-0.280055
0.631275
0.167605
-0.121369
-0.289283
-0.930755
-0.900878
-1.000000
-0.292855
0.047288
0.223314
0.679328
0.882794
0.128358
0.316370
0.761144
-0.618221
0.161259
1.000000
-0.051181
-0.424893
0.519390
0.246577
-0.511088
0.387554
-1.000000
0.337441
0.786723
-0.937521
0.506893
0.721970
0.555059
0.127054
-0.243396
0.149020
-0.175901
-0.431810
-0.668703
-0.070784
0.591599
-0.776214
0.658237
-0.807390
0.167939
0.057303
0.307789
0.158344
-0.558282
-0.203417
0.106455
-0.037116
0.799054
-0.858335
-0.027639
-0.095898
-0.658949
-0.993960
0.339576
0.365675
0.220180
0.451019
0.176629
1.000000
0.072318
0.414058
-0.942503
-0.651790
0.231836
-0.435956
-0.141427
-0.459121
-1.000000
0.535081
-0.298597
-0.442437
-0.223361
0.346187
-0.164279
-0.217263
-0.355709
0.558856
0.011685
-0.613383
-1.000000
-0.765987
-0.497027
-1.000000
0.097563
0.429665
0.064502
-0.027448
0.553686
0.518291
-0.359198
-0.886415
0.576748
-0.324749
-0.601447
-0.829895
0.612777
-0.287681
-0.623055
1.000000
0.774047
-0.128692
-0.967220
0.327910
-0.965031
-0.449800
0.434951
-1.000000
0.839942
-0.585681
-0.573537
0.352817
0.061741
0.114443
0.012398
1.270252
0.026266
0.561073
0.013948
0.395741
0.666517
0.002317
0.094784
0.003250
0.047171
0.004966
0.034079
0.078602
0.116743
0.022057
0.007093
0.035539
0.006153
0.062617
0.090457
0.035164
0.036593
0.075342
0.041181
0.273128
0.339527
0.320790
0.007779
0.034403
0.031304
0.011971
0.060398
0.005648
0.034299
0.017366
0.025483
0.014609
0.111387
0.058515
0.015316
0.082196
0.008037
0.037996
0.024343
0.010214
0.084149
0.009414
0.040544
0.034878
0.023302
0.201966
0.005752
0.061464
0.409875
0.008995
0.031866
0.093323
0.734599
0.249699
0.180514
0.014324
0.122701
0.062079
0.115577
0.214976
0.015258
0.120033
0.007926
0.027266
0.069200
0.119721
0.025659
0.010299
0.019234
0.340472
0.121430
0.018968
0.021206
0.646699
0.012875
0.014003
0.094468
0.109973
0.234548
0.221541
0.032775
0.113264
0.051431
0.012023
0.040089
0.260513
0.523201
0.002408
0.075564
0.024291
0.061917
0.004891
0.239114
0.012122
0.010277
0.053301
0.056388
0.036892
0.024318
0.314413
0.006968
0.027712
0.023919
0.030065
0.288991
0.001419
0.072411
0.124921
0.014767
0.215904
0.082061
0.020191
0.095944
0.020687
0.078267
0.068019
0.009052
1.215581
0.056296
0.022748
0.022052
0.059041
0.006069
0.029724
0.110756
0.715113
0.117552
0.003160
0.106880
0.029060
0.009023
1.100579
0.080122
0.020365
0.002389
0.161603
0.034301
0.060565
0.541053
0.015553
0.138453
0.137771
0.027253
0.074004
0.023541
0.039773
0.008721
0.188852
0.002998
0.107974
0.019797
0.176334
0.019642
0.036675
0.071942
0.089049
0.015545
0.090898
0.280801
0.006338
0.051009
0.198646
0.008811
0.008138
0.020923
0.183647
0.361676
0.054441
0.010606
0.003174
0.063820
0.305896
0.007419
0.003762
0.185200
0.007685
0.007960
0.039616
3.576363
0.106777
0.034036
0.939176
0.034661
0.031517
0.026266
0.031914
0.024034
0.364990
0.013928
0.725533
0.075330
0.029916
0.033049
0.010000
0.010225
0.023690
0.214557
0.052767
0.165495
0.009285
0.059734
0.077756
0.630936
0.004840
0.635987
0.005870
0.011961
0.048317
0.078250
0.009638
0.016745
0.107673
0.056010
0.043573
0.013479
0.781855
0.452106
0.073533
0.048134
0.193378
0.049685
0.012252
0.041271
0.135552
0.020256
0.046883
0.016356
0.038894
0.010368
0.133727
0.128188
0.005273
0.081214
0.713448
0.146644
0.247712
0.802018
0.078477
0.013514
0.171524
0.049625
0.427751
0.084047
0.089545
0.030879
0.766474
0.105484
0.255384
0.029605
0.045333
0.166006
0.014088
0.089344
0.078881
0.023700
0.042976
0.003885
0.190786
0.038565
0.036688
0.027530
5.310207
0.099089
0.016300
0.057527
0.004703
0.032348
0.012517
0.218880
0.004423
0.034800
0.007012
0.041657
0.280174
0.006235
0.290232
0.497129
0.030416
0.014886
0.014134
0.061820
0.004195
0.089484
0.082567
0.024395
0.286696
0.060946
0.139263
0.004166
0.019559
0.114571
1.459873
0.078779
0.144745
0.034193
0.002670
0.115741
0.147739
0.134482
0.055592
0.081450
0.454563
0.102085
0.355443
0.027565
0.210399
0.097286
0.570609
0.218826
0.053860
0.208013
0.094036
0.202746
0.048687
0.128595
0.152598
0.003098
0.305715
1.033849
0.439207
0.951037
0.044223
0.016661
0.005680
0.017568
0.011155
0.038423
0.010485
0.005457
0.767737
0.020821
0.007166
0.128914
0.224487
0.299035
0.062851
0.017864
0.118850
0.182156
0.272613
0.396619
0.054589
0.170775
0.020633
0.163347
0.024078
0.012341
0.035568
0.024549
0.059415
0.228233
0.000898
0.004251
0.111354
0.266224
0.089641
0.179490
0.028985
0.139982
0.056442
1.148030
1.797366
0.273086
0.010484
0.002615
0.146098
0.067343
0.051110
0.022688
0.025017
0.034142
0.145572
0.086851
0.057129
0.007938
0.006908
0.143322
0.012810
0.172591
0.197896
0.142758
1.175820
0.221402
0.090872
0.190594
0.004130
0.079195
0.081453
0.218569
0.002736
0.092608
0.338576
0.114727
0.427908
0.039557
0.018045
0.104829
0.098538
0.050059
0.225116
0.021790
0.001137
0.257206
0.066213
0.028577
0.049676
0.002016
0.018602
0.061932
0.018219
0.039547
0.005686
0.058381
0.029691
0.537289
0.161131
0.002962
0.426552
0.097468
0.045773
0.022334
0.041301
0.342095
0.130489
0.104711
0.027857
0.007249
0.105314
0.111732
0.086383
0.247110
0.686741
0.113949
0.062709
0.010085
0.181801
0.112795
0.056572
0.094366
0.006726
0.289048
0.056661
0.144522
0.116158
0.060791
0.127269
0.022753
0.018923
0.013436
0.011466
0.074739
0.024917
0.048451
0.453812
0.047919
0.010137
0.037630
0.337519
0.029573
0.331219
0.420683
0.250134
0.103937
0.147359
0.144397
0.025109
0.017571
0.035374
0.005070
0.055355
0.092944
0.078838
0.383228
0.081130
0.096707
0.001260
0.010134
0.265544
0.020141
0.106522
0.171830
0.023385
0.171636
0.015599
0.005619
0.057308
0.009805
0.034707
0.100278
0.021217
0.031498
0.018239
0.065662
0.155629
0.054991
0.022748
0.038844
0.047813
0.113507
0.386891
0.698461
0.005975
1.588377
0.033083
0.019125
0.052021
0.924845
0.026577
0.017994
0.317069
0.016569
0.088324
0.019466
0.009658
0.065383
0.138704
0.007150
0.318276
0.014002
0.004678
0.014461
0.005175
0.007762
4.463911
0.006816
0.179750
0.105226
0.274601
0.015305
0.020991
0.055838
0.015325
0.061813
0.965073
0.033479
0.010080
0.017486
0.090345
0.074296
0.179773
0.144044
0.025897
0.006607
0.010194
0.008006
0.106287
0.072172
0.110096
0.213032
0.046227
0.143623
0.055373
0.020046
0.021618
0.087291
0.003901
0.117315
0.005816
0.091573
0.017267
0.012438
0.049335
0.045646
0.006996
0.510186
0.102720
0.059558
0.081814
0.003058
0.119657
0.018490
0.021699
0.003941
0.030900
0.089614
0.005615
0.125222
0.377774
0.007265
0.042270
0.007029
0.061133
0.551537
0.184621
0.347267
0.041515
0.072582
0.195510
0.017430
0.017039
0.028327
0.032396
0.102402
0.069120
0.082930
0.047690
0.021945
0.011692
0.061607
0.028679
0.022564
0.125252
0.017303
0.020947
0.021517
0.195318
0.208659
0.018727
0.072940
0.067818
0.016142
0.085453
0.076882
0.043381
0.067045
0.010674
0.035386
0.269148
0.058141
0.020971
0.209476
0.005360
0.223709
0.027186
0.067114
0.007050
0.067370
0.039769
0.023017
0.019320
0.023802
0.025545
0.006652
0.034560
0.022423
0.173250
0.004959
0.016921
0.028402
0.395573
0.019076
0.010343
0.008298
0.020375
0.138628
0.012066
0.017543
0.035940
0.153483
0.002764
0.038471
0.271380
0.679529
0.128634
0.071512
0.008008
0.083368
0.004834
0.317816
0.010799
0.005347
0.177935
0.029011
0.275375
0.021677
0.016125
0.032475
0.011522
0.323928
0.232502
0.048908
0.047053
0.204282
0.021596
0.025339
0.380684
0.327664
0.114154
0.009263
0.001474
0.012322
0.128137
0.053519
0.023355
0.124358
0.020917
0.082869
0.494618
0.013203
0.028004
0.032024
0.020619
0.055084
0.064069
0.294986
0.061040
0.003473
0.004019
0.047631
0.009217
0.011679
0.007977
0.319731
0.014033
0.048856
0.004419
0.204669
0.020182
0.479760
0.217900
0.571001
0.029098
0.064323
0.011317
0.097013
0.350041
0.463651
0.000960
0.037116
0.004203
0.428661
0.056082
0.035108
0.014880
0.168361
0.084258
0.071000
0.006982
0.000326
0.061149
0.068951
0.002033
0.062678
0.193449
0.223707
0.070725
0.211593
0.040780
0.046910
0.069986
0.002039
0.039577
0.037416
0.042294
0.002169
0.251641
0.080001
0.022554
0.145139
0.050001
0.074771
0.025220
0.156362
0.198622
0.064732
0.021284
0.067239
0.060033
0.070487
0.013261
0.147516
0.949923
0.121501
0.134997
0.484503
0.032935
0.109078
0.131592
0.014308
0.129698
0.364865
0.032298
0.038244
0.038766
0.023000
0.136874
0.045644
0.002168
0.012389
0.059879
0.038113
0.014890
0.207293
0.076729
0.039833
0.084407
0.002939
0.111142
0.147860
0.225872
0.043212
0.025775
0.011236
0.213886
0.038838
0.308389
0.005746
3.463741
0.037738
0.059903
0.442062
0.116227
0.023960
0.255748
0.050468
0.033435
0.021374
0.001408
0.022469
0.082734
0.113981
0.119211
0.006890
0.009627
0.046271
0.082782
0.029874
0.007848
0.113632
0.271428
0.106143
0.348259
0.487844
0.004720
0.125169
0.003197
0.010537
0.362576
0.026118
0.018750
0.253265
0.101138
0.703431
0.027239
0.086199
0.080482
0.024495
0.074461
0.004445
0.253702
0.076598
0.089623
0.174519
0.109968
0.022490
0.082058
0.016504
0.123886
0.005362
0.049157
0.032688
0.003338
0.239789
0.042234
0.019607
0.051250
0.028755
0.014227
0.085068
0.011232
0.046685
0.039937
0.015177
0.026759
0.039525
0.019753
0.024819
0.013675
0.009312
0.107592
0.193249
0.036630
0.028806
0.022597
0.055275
0.003381
0.015024
0.171782
0.025546
0.090598
0.017191
0.009512
0.730765
0.045786
0.012672
0.006318
0.027944
0.284067
0.039323
0.031527
0.412205
0.029173
0.013221
0.009639
0.035305
0.015324
0.131285
0.007867
0.926924
0.118393
0.035659
0.160734
0.024068
0.032636
1.374832
0.063480
0.477418
0.066379
0.025944
0.010478
0.003098
0.103026
0.048050
0.005098
0.065297
0.024752
0.006201
0.304514
0.055111
0.069459
0.038819
0.027199
0.177475
0.077105
0.005608
0.008619
0.014636
0.455514
0.062454
0.036626
0.326482
0.010663
0.004135
0.008953
0.198691
0.026212
0.046619
0.016646
0.005409
0.002146
0.047745
0.075577
0.217730
0.063560
0.012011
0.327442
0.007291
1.074357
0.026767
0.383280
0.022075
0.072634
0.046739
0.045310
0.028604
0.065901
0.020582
0.176793
1.289646
0.044718
0.149249
0.034859
0.053064
0.026141
0.400634
0.005611
0.037828
0.091067
0.064476
0.065663
0.084969
0.086193
0.228960
0.015733
0.219520
0.100576
0.025859
0.397545
0.035472
0.053757
0.015216
0.137808
0.014507
0.124358
0.046886
0.023727
0.058762
0.082111
0.059994
0.161249
0.063299
0.023978
0.027795
0.016519
0.039244
0.022374
0.007299
0.003251
0.004779
0.068739
0.077244
0.023088
0.026731
0.116338
0.064074
0.023950
0.050371
0.044441
0.047096
0.054060
0.297633
0.010555
0.047365
0.138708
0.006256
0.049135
0.036151
0.037897
0.041450
0.205796
0.305902
0.016317
0.060903
0.016366
0.011908
0.010100
0.786246
0.106502
0.043777
0.460654
0.002257
0.160853
0.032328
0.002538
0.013566
0.004729
0.063550
0.002994
0.158584
0.017286
0.035867
0.059607
0.017663
0.010422
0.025384
0.012951
0.000602
0.015469
0.153633
0.036851
0.146063
0.011808
0.083498
0.093540
0.027418
0.329658
0.033382
0.258323
0.012709
0.003498
0.012028
0.020129
0.005090
0.016732
0.052810
0.032721
0.281474
0.010330
0.068677
0.008749
0.171372
0.175342
0.083774
0.100248
0.067639
0.094551
0.032199
0.007863
0.086508
0.004814
0.092464
0.066416
0.063193
0.016457
0.027213
0.161461
1.330059
0.001590
0.025958
0.010378
0.067329
0.175350
0.050572
0.058865
0.018708
0.165142
1.998628
0.240504
0.033149
0.293209
0.098339
0.067059
0.009564
0.221536
0.143853
0.007927
0.237345
0.224323
0.356710
0.026861
0.474267
0.614605
0.765599
0.004467
0.047868
0.003544
0.058899
0.018000
0.166749
0.069049
0.034321
0.176320
0.106426
0.034734
0.004090
0.029706
0.050899
0.025235
0.066136
0.023319
0.012416
0.040262
0.036614
0.013849
0.019245
0.362984
0.029148
0.054842
0.279835
0.172676
0.438323
0.007130
0.044899
0.018788
0.066186
0.844306
0.175495
0.063096
0.086465
0.208820
0.220554
0.019557
0.060419
0.094998
0.508668
0.042501
0.009651
0.033660
0.008680
0.153513
1.055840
0.049253
0.064013
0.022822
0.032365
0.026433
0.028331
0.004528
0.038690
0.051696
0.074264
0.008669
1.154383
0.007145
0.062762
0.016035
0.087423
0.042201
0.359332
0.037036
0.093280
0.009850
0.009516
0.005224
0.014031
0.132524
0.048178
0.017084
0.020531
0.035831
0.040055
0.009067
0.060271
0.248803
0.037910
0.060907
0.009191
0.033549
0.035070
0.166120
0.008183
0.011348
0.408356
0.130909
0.001536
0.032862
0.051242
0.003543
0.019831
0.275243
0.163989
0.047350
0.354318
0.273497
0.605168
0.193704
0.018237
0.009201
0.059159
0.039100
0.058604
0.003262
0.027831
0.028980
0.021343
0.083465
0.046965
0.047284
0.005547
0.035125
0.133813
0.017284
0.557872
0.152974
0.149136
0.024557
0.042595
0.030231
0.890708
0.033736
0.027377
0.012597
0.391949
0.005116
0.006387
0.015467
0.042210
0.084880
0.039384
0.044040
0.204004
0.139094
0.002056
0.352729
0.007452
0.016158
0.120023
0.033626
0.004654
0.072888
0.252460
0.102014
0.019418
0.419216
0.166411
0.125660
0.046437
0.006429
0.065897
0.218744
0.212603
0.143005
0.088183
0.027781
0.110495
0.077874
0.293822
0.007119
0.023930
0.089332
0.039095
0.077455
0.056270
0.063888
0.014926
0.274554
0.028567
0.028864
0.015551
0.062272
0.446140
0.335902
0.011501
0.039941
0.015084
0.004492
0.045285
0.031396
0.103562
0.111393
0.005077
0.011320
0.008617
0.245437
0.050193
0.046059
0.031701
0.062907
0.016278
0.133761
0.064982
0.016725
0.073788
0.046247
0.044432
0.081877
0.092702
0.047182
0.002723
0.031750
0.052642
0.034340
0.007420
0.062745
0.047287
0.007583
0.011754
0.005726
0.162569
0.097153
0.132703
0.022775
0.061378
0.122060
0.442710
0.095898
0.287313
0.162779
0.024941
0.004333
0.067389
0.003138
0.453572
0.014966
0.071521
0.131718
0.017158
0.015636
0.203589
0.655242
0.121225
0.008616
0.892129
0.011831
0.238581
0.033752
0.027985
0.003946
0.037488
0.013941
1.381270
0.010920
0.043199
0.311066
0.493715
0.026105
0.092505
0.195765
0.072918
0.027802
0.928726
0.022584
0.515889
0.011403
0.052103
0.109601
0.020361
0.059909
0.028733
0.098796
0.087013
0.022028
0.053368
0.021056
0.092768
0.092858
0.062861
0.191708
0.091044
0.007987
0.049184
0.017900
0.541559
0.082244
0.048978
0.006620
0.002590
0.077465
0.020158
0.201465
0.272885
0.230970
0.418315
0.019140
0.120883
0.331033
0.117433
0.420416
0.774154
0.057971
0.015554
0.310841
0.237302
0.078810
0.071141
0.023247
0.135722
0.112846
0.005793
0.218025
0.847979
0.388988
0.107762
0.145730
0.000546
0.029864
0.729898
0.115537
0.048544
0.118047
0.019466
0.047942
0.126220
0.213552
0.071407
0.096585
0.052077
0.080311
0.123153
0.065417
0.433827
0.016038
0.018944
0.003499
0.003592
1.784730
0.069115
0.029560
0.008345
0.051305
0.197931
0.026774
0.036998
0.302389
0.267358
0.133649
0.058868
0.458312
0.003126
0.015733
0.036199
0.012971
0.070364
0.017816
0.029075
0.073472
0.009680
0.094901
0.029692
0.007437
0.033125
0.027153
0.036791
0.124158
0.002895
0.230718
0.083437
0.028404
0.072232
0.074400
0.048763
0.022476
0.004970
0.155320
0.044260
0.021064
0.046435
0.138114
0.342941
0.009052
0.061720
0.339745
1.553557
0.353552
0.051652
0.054526
0.001877
0.026750
0.020580
0.040436
0.112868
0.017817
0.028127
0.191153
0.139370
0.596651
0.093199
0.028487
0.042540
0.132622
0.037830
0.041764
0.020406
0.025144
0.120242
0.028091
0.031415
0.020889
0.082976
0.016354
0.052004
0.058035
0.018235
0.052925
0.028624
0.212818
0.120422
0.062619
0.059208
0.464139
0.049774
0.029699
0.160234
0.004128
0.306264
0.017276
0.079470
0.037282
0.034692
0.081180
0.012388
0.017278
0.056035
0.007085
0.261045
0.030193
0.005782
0.017981
0.052685
0.038973
0.045902
0.762441
0.007738
0.171932
0.022319
0.111428
0.008043
0.044675
2.897718
0.015457
0.019927
0.010387
0.003134
0.007560
0.069381
0.177246
0.065460
0.032114
0.996197
0.019626
0.003085
0.119197
0.100272
0.195757
0.320832
0.018492
1.715401
0.083872
0.176971
0.030563
0.010070
0.007850
0.007983
0.047012
0.011259
0.117312
0.278052
0.495487
0.022764
0.024067
0.014627
0.038057
0.178635
0.051868
0.170131
0.049747
0.048189
0.038336
0.713747
0.057940
0.077158
0.004420
0.074823
0.133372
0.006219
0.083445
0.045191
0.162624
0.454155
0.012984
0.077684
0.010108
0.276189
0.186708
0.011724
0.179089
0.007340
0.101916
0.464539
0.037652
0.093037
1.489316
0.114593
0.186223
0.126147
0.006737
0.010167
0.356463
0.056039
0.190459
0.012209
0.182372
0.025653
0.009319
0.102991
0.021648
0.031857
0.135764
0.010739
0.010138
0.017695
0.027326
1.725380
0.127804
0.056090
0.146797
0.067431
0.222679
0.043607
0.342480
0.019091
0.033722
0.003304
0.047284
0.011705
0.169046
0.164951
0.646053
0.129669
0.083150
0.142183
0.030040
0.015716
0.059342
0.237820
0.010788
0.268679
0.005085
0.029820
0.051272
0.041008
0.026105
0.032390
0.022797
0.127988
0.021102
0.025235
0.013509
0.040066
0.009678
0.019012
0.032027
0.027784
0.099545
0.005290
0.052361
0.370978
0.016256
0.026000
0.133586
0.003580
0.252980
0.003025
0.012462
0.033971
0.125108
0.004155
0.000568
0.005732
0.006671
0.027029
0.028279
0.070793
0.073330
0.015164
0.087204
0.319816
0.005579
0.005011
0.556964
0.069582
0.022399
0.163529
0.042179
0.076184
0.030347
0.073062
0.013062
0.115049
0.769471
0.048852
0.045050
0.111682
0.014319
0.003221
0.157250
0.043708
0.132917
0.056865
0.069585
0.166719
0.022705
0.194430
0.417314
0.452540
0.011751
0.016419
0.078659
0.050676
0.007590
0.009844
0.046252
0.794979
0.031690
0.259105
0.143610
0.069296
0.028220
0.078612
0.167743
0.108144
0.192184
0.036694
0.376023
0.021223
0.014086
0.039787
0.049958
0.004895
0.124286
0.021994
0.002287
0.041196
0.056353
0.025449
0.015022
0.071750
0.063467
0.026673
0.077019
0.238499
0.245048
0.063051
0.076271
0.025504
0.015208
0.042281
0.017824
0.141877
0.004543
0.017050
0.537432
0.134556
0.231093
0.608077
0.047004
0.117988
0.026946
0.007785
0.028660
0.071630
0.042568
0.008233
0.059455
0.140965
0.115435
1.631367
0.027834
0.384089
0.009861
0.007988
0.092470
0.037353
0.196270
0.026815
0.310245
0.025556
0.007610
0.008752
0.063220
0.030444
0.018492
0.046116
0.081298
0.088570
0.006889
0.055413
0.080842
0.148069
0.054223
0.011195
0.012799
1.599511
0.079798
0.009614
0.015869
0.004420
0.039888
0.004155
0.027544
0.056963
0.368668
0.239486
0.011530
0.054348
0.061866
0.092161
1.549739
0.033338
0.209276
0.017085
0.071538
0.199040
0.003717
0.040809
0.003729
0.623578
0.012054
0.116299
0.007264
0.008577
0.045927
0.240577
0.025115
0.016077
0.011080
0.000999
0.012037
0.036595
0.101034
0.148187
0.015865
0.006614
0.614805
0.160241
0.130111
0.104430
0.002410
0.132417
0.105830
0.022305
0.009256
0.060423
0.012640
0.033018
0.008765
0.087394
0.050808
0.009628
0.286420
0.014833
0.223658
0.120231
0.055090
0.414293
0.008786
0.009499
0.419831
0.026290
0.454062
0.067251
0.344921
0.251927
0.094828
0.003061
0.433874
0.003462
0.009660
0.043208
0.119322
0.362658
0.059937
0.048273
0.015868
0.092983
0.088626
0.009170
0.132565
0.321192
0.063669
0.018641
0.059212
0.359859
0.013966
0.020023
0.022875
0.535664
0.002500
0.065566
0.017772
0.228901
0.092321
0.072470
0.035701
0.041528
0.131878
3.449600
0.033358
0.002940
0.047749
0.008745
0.101631
0.127844
0.022307
0.139035
0.100330
0.202463
0.037903
0.031562
0.006223
0.006208
0.355531
0.013273
0.012036
0.024797
1.508677
0.007158
0.142285
0.171868
0.036484
0.094082
0.047905
0.024655
0.039576
0.008656
0.003055
0.063982
0.070180
0.100331
0.062251
0.004488
0.104126
0.007633
0.023069
0.014399
0.030925
0.034221
0.026686
0.043394
0.105747
0.006057
0.012832
0.014569
0.375153
0.005282
0.107901
0.204366
0.002153
0.157253
0.005057
0.041395
0.005630
0.057529
0.016802
0.037604
0.104533
0.058276
0.049425
0.028226
0.828924
0.056879
0.025564
0.197880
0.004857
0.057239
0.018346
0.075817
0.032678
0.012704
0.032523
0.050996
0.059169
0.200174
0.007329
0.073036
0.001703
0.065127
0.105174
0.021033
0.052622
0.227790
0.006700
0.096092
0.114584
0.064076
0.032893
0.001702
0.058292
0.099943
0.005074
0.037941
0.038788
0.005543
0.017498
0.340368
0.039555
0.026167
0.072634
0.011529
0.024325
0.041362
0.656079
0.486002
0.536902
0.030315
0.030735
0.116056
0.118945
0.296361
0.028932
0.029501
0.014351
0.090419
0.017718
0.054134
0.361375
0.002235
0.026360
0.266890
0.003351
0.022239
0.131587
0.198487
0.030754
0.033755
0.035314
0.079651
0.053261
0.094393
1.355027
0.033736
0.010209
0.062685
0.074071
0.012405
0.026433
0.251311
0.060972
0.162055
0.092788
0.214130
0.026779
0.125417
0.027707
0.024586
0.017833
0.635420
0.015748
0.388582
0.030383
0.106850
0.095268
0.042169
0.105821
0.510296
0.018609
0.043697
0.003105
0.014336
0.029220
0.000617
0.011734
0.222259
0.011516
0.202040
0.128163
0.029566
0.026749
0.051504
0.446104
0.127852
0.004037
0.206010
0.158847
0.292540
0.151634
0.009102
0.177530
0.139317
0.330257
0.183079
0.129622
0.290346
0.001429
0.040846
0.518715
0.019010
0.006380
0.373061
0.007624
0.009849
0.009802
0.054260
0.027568
0.056365
0.004548
0.117167
0.122565
0.011983
0.044977
0.001964
0.021223
0.007658
0.009254
0.143277
0.008982
0.003365
0.042460
0.036630
0.597079
0.017160
0.154543
0.053348
0.132441
0.138492
0.018450
0.005136
0.023761
0.016400
0.071822
0.047990
0.090767
0.018845
0.012123
0.006752
0.008067
1.236251
0.004956
0.234012
0.006206
0.574485
0.158341
0.026093
0.015339
0.007163
0.074413
0.051132
0.439481
0.025517
1.038811
0.490891
0.235876
0.105008
0.101116
0.129425
0.033683
0.007990
0.067275
0.286682
0.154641
0.147348
0.055929
0.034092
0.042115
0.028764
0.010380
0.107122
0.010987
0.084074
0.465144
0.092982
0.059313
0.034214
0.024789
0.091943
0.144628
0.022885
0.008524
0.009080
0.002303
0.010790
0.026021
0.050549
0.002615
0.016533
0.018048
0.002940
0.036350
1.592819
0.025446
0.161939
0.242714
0.040471
0.007805
0.261516
0.037105
0.185984
0.120238
0.027464
0.018513
0.270387
0.095421
0.006034
0.044128
0.095639
0.111064
0.039987
0.013749
0.005333
0.499731
0.009015
0.149035
0.064387
0.009610
0.208688
0.022661
0.112374
0.199637
0.103133
0.130655
0.046237
0.041201
0.774776
0.034122
1.627977
0.006252
0.059915
0.052855
0.255976
0.070462
0.018446
0.629789
0.022616
0.048600
0.225778
0.113702
0.133897
0.009553
0.003353
0.015555
0.039202
0.008073
0.073292
0.104284
0.027301
0.002145
0.178819
0.468379
0.033648
0.071604
0.056927
0.062901
0.108886
0.004506
0.020962
0.081106
0.261767
0.397953
0.012538
0.005047
0.094760
0.003435
0.023903
0.585538
0.046901
0.010410
0.006486
0.431071
0.011474
0.004559
0.238796
0.040941
0.006996
0.009024
0.006258
0.035012
0.059704
0.050057
0.200170
0.006279
0.051273
0.076712
0.001417
0.059661
0.075188
0.143704
0.102728
0.146605
0.010862
0.049108
0.003543
0.006421
1.587492
0.042621
0.009878
0.399522
0.292304
0.170883
0.542591
0.007925
0.044390
0.024158
0.020334
0.006508
0.114213
0.008549
0.014150
0.034137
0.015102
0.114141
0.009815
0.009054
0.237879
0.006827
0.018430
0.178502
0.039917
0.064408
0.031654
0.051014
0.081326
0.032864
0.005902
0.266075
0.094962
0.097736
0.008068
0.468510
0.005081
0.099127
1.029701
0.035902
0.126445
0.258748
0.029154
0.041028
0.286987
0.043716
0.524037
0.031610
0.093788
0.057711
0.045676
0.016517
0.021250
0.014663
0.006582
0.406498
0.042293
0.038674
0.219682
0.032625
0.044583
0.038022
0.035344
0.005839
0.012536
0.072224
0.021229
0.237882
0.311077
0.052346
0.049994
0.445196
0.011358
0.048260
0.050516
0.072840
0.037526
0.204586
0.001918
0.155263
0.324567
0.000977
0.427803
0.048526
0.076128
0.021160
0.081143
0.161687
1.574303
0.038538
0.049454
0.112405
0.246725
0.118023
0.015976
0.053635
0.019183
0.219196
0.032509
0.088650
0.006355
0.217291
0.121553
0.075945
0.010858
0.050807
0.006484
0.026007
0.016159
0.029726
0.006377
0.001088
0.219271
0.036945
0.110191
0.023127
0.031720
0.039680
0.045745
0.017386
0.045250
0.030080
0.021645
3.348685
0.092803
0.105516
0.059753
0.015376
0.022292
0.041690
0.069034
0.073922
0.156854
0.060655
0.050990
0.048247
0.546067
0.080511
0.424635
0.094288
0.582542
0.016520
0.010387
0.014094
0.020628
0.414359
0.002525
0.141165
0.265976
0.042340
0.471153
0.073904
0.009503
0.010780
0.386115
0.249489
0.091488
0.005547
0.084895
0.156202
0.021321
0.007685
0.088149
0.021006
0.004628
0.019067
0.051314
0.206125
0.144628
0.097337
0.065662
0.029998
0.064846
0.046202
0.068605
0.221827
0.046129
0.011023
0.056314
0.093699
0.102069
0.076288
0.349096
0.051891
0.081292
0.049241
0.042452
0.138804
0.088484
0.261715
0.345529
0.024379
0.055855
0.184542
0.013137
0.025285
0.013373
0.079149
0.914446
0.067498
0.371323
0.013353
0.019864
0.039028
0.090522
0.180979
0.184650
0.029440
0.084917
0.044901
0.058210
0.009011
0.033102
0.144256
0.203794
0.919070
0.008821
0.252825
0.038154
0.005388
0.002442
0.034783
0.023754
0.066529
0.054797
0.040801
0.106257
0.102513
0.005803
0.133584
0.057519
0.071301
0.084882
0.160707
0.513095
0.002903
0.236224
0.002376
0.275518
0.930235
0.030830
0.176005
0.109383
0.015327
0.185896
0.099033
0.012436
0.016189
0.044190
0.418998
0.193366
0.011034
0.156928
0.015136
0.128474
0.008417
0.007359
0.124369
0.057660
0.085437
0.177256
0.002121
0.054119
0.026670
0.169645
0.022344
0.022489
0.033515
0.569254
0.178222
0.098934
0.020595
0.028609
0.040290
0.070674
0.242055
0.009181
0.015463
0.049059
0.026378
0.008375
0.024609
0.025079
0.001973
0.109457
0.139488
0.294200
0.775265
0.011282
0.042676
0.234353
0.074116
0.468923
0.060432
0.167270
0.044350
0.178252
0.054028
0.007986
0.203836
0.062863
0.365328
0.026911
0.083880
0.011568
0.015249
0.087165
0.161302
0.526468
0.280769
0.111239
0.027688
0.003977
1.728006
0.006380
1.206626
0.004606
0.177352
0.022288
0.108200
0.055661
0.011427
0.044815
0.002298
0.032919
0.161011
0.026399
0.734310
0.152733
0.059790
0.332362
0.002000
0.020484
0.282249
0.010000
0.049201
0.012532
0.015885
0.031992
0.150111
0.024646
0.033587
0.406031
0.052200
0.095831
0.003813
0.071093
0.009980
0.800253
0.045287
0.178223
0.014343
0.066848
0.003895
0.011056
0.161613
0.198120
0.092004
0.113070
0.013511
0.138630
0.076567
2.616997
0.915529
0.187070
0.057052
0.008050
0.015554
0.052229
0.017080
0.022451
0.033360
0.224316
0.051927
0.012269
0.176096
0.015310
0.180793
0.010292
0.027099
0.031770
0.140564
0.077438
0.019496
0.018798
0.095469
0.003552
0.110511
0.022437
0.070636
0.046570
0.000827
0.214259
0.060988
0.137472
0.095942
1.526171
0.020585
0.214632
0.310629
0.220587
0.048916
0.139894
0.002786
0.232149
0.303239
0.208353
0.041256
0.037789
0.020333
0.036732
0.055893
0.003233
0.023339
0.026801
0.086048
0.056235
0.087162
0.073234
0.017030
0.055020
0.010441
0.013930
0.029321
0.014428
0.375319
0.063853
0.022041
0.013556
0.028914
0.372781
0.087400
0.014665
0.024051
0.004982
0.118447
0.050600
0.148473
0.257512
0.029068
0.054188
0.058152
0.028874
0.020301
0.059794
0.061373
0.007848
0.074542
0.419760
0.095277
0.797440
0.003643
0.565812
0.040350
0.003842
0.137493
0.049206
0.099959
0.117558
0.292476
0.104141
0.090854
0.211419
0.955467
0.150379
0.150016
0.066801
0.015248
0.001311
0.422268
0.107767
0.200526
0.036551
0.014468
0.000432
0.182265
0.038608
0.097577
0.025057
0.015502
0.233264
0.481342
0.348340
0.222972
0.077136
0.013976
0.022307
0.055996
0.021600
0.024741
0.124370
0.002179
0.022768
0.059130
0.007951
0.337815
0.020411
0.009143
0.040814
0.014009
0.275375
0.169696
0.123098
0.016010
0.027767
0.113130
0.070606
0.021579
0.036555
0.154595
0.059599
0.069160
0.094939
0.013511
0.172159
0.029560
0.202104
0.071116
0.213993
0.010216
0.140327
0.172762
0.003623
0.042032
0.027092
0.003438
0.012184
0.019673
0.018376
0.201697
0.002304
1.553916
0.190138
0.042548
0.463871
0.082492
0.016011
0.141728
0.028810
0.036775
1.011752
0.208046
0.027428
0.017040
0.081373
0.052690
0.033036
0.071830
0.011575
0.001531
0.042017
0.147287
0.006034
0.497157
0.012843
0.064542
0.021726
0.004539
0.029144
1.042145
0.018428
0.020006
0.003331
0.563323
0.128555
0.730210
0.471263
0.029191
0.193374
0.027249
0.063748
0.173345
0.380469
0.078415
0.071871
0.023388
0.039802
0.140307
0.032986
0.019794
0.130601
0.133884
0.064412
0.113745
0.052056
0.038566
0.816517
0.010582
0.046556
0.195112
0.102142
0.023925
0.078850
0.091952
0.009949
0.354406
0.143999
0.454564
0.107015
0.150951
0.022715
0.055866
0.001944
0.125618
0.019302
0.041362
0.169708
0.041372
0.024151
0.055619
0.151640
0.005587
0.017407
0.039382
0.126580
0.044688
0.012665
0.013866
0.894014
0.026986
0.367176
0.141853
0.043427
0.014160
0.046316
0.025431
0.008719
1.613259
0.247494
0.104051
0.023763
0.073783
0.220367
0.472912
0.112760
0.007836
0.020727
0.234359
0.066675
0.076671
0.227311
0.873673
0.004463
0.049332
0.051026
0.065331
0.112988
0.119679
0.032918
0.034459
0.052432
0.081289
0.028667
0.077849
1.478555
0.071717
0.210590
0.023003
0.018823
0.011400
0.252883
0.698938
0.022491
0.016800
0.005706
0.040093
0.108143
0.013847
0.049430
0.043246
0.025776
0.138191
0.067970
0.024537
0.023406
0.004893
0.051775
0.072949
0.061213
0.086760
0.016260
0.310804
0.030154
0.050815
0.006147
0.022969
0.304456
0.023587
0.103586
0.059887
0.117107
0.039563
0.072880
0.044182
0.147243
0.052007
0.011104
0.058559
0.044866
0.051509
0.035554
0.030900
0.408808
0.221497
0.125858
0.053832
0.057973
0.094891
0.016896
0.025396
0.094979
0.249933
0.007234
0.090746
0.222977
0.018158
0.015353
0.005733
0.039021
0.033804
0.032996
0.025321
0.189857
0.000533
0.029929
0.040895
0.022984
0.062703
0.209855
0.024619
0.014785
0.068579
0.124345
0.001215
0.046086
0.089658
0.109114
0.057385
0.195970
0.152534
0.031814
0.106009
0.796217
0.015866
0.052461
0.052950
0.097120
0.020434
0.009244
0.094791
0.261351
0.010223
0.122331
0.040280
0.085644
0.164683
0.054834
0.107413
0.198764
0.209645
0.087353
0.059606
0.838098
0.092447
0.054431
0.135348
1.089081
0.065436
0.116668
0.024200
0.017802
0.122649
0.000954
0.076809
0.468760
0.006433
0.046332
0.018911
0.042164
0.034651
0.003401
0.026621
0.678581
2.377598
0.023179
0.011942
0.038951
0.005522
0.266454
0.073761
0.022803
1.037758
0.154557
0.009610
0.012130
0.102606
0.018614
0.108335
0.007331
0.331836
0.004450
0.145990
0.004821
0.467960
0.023826
0.007920
0.313275
0.003141
0.017089
0.004688
0.005923
0.026699
0.011633
0.013970
0.123894
0.096837
0.026367
0.095241
0.129667
0.066443
0.698313
0.009113
0.154300
0.097059
5.066079
0.004105
0.005334
0.036571
0.010455
0.216756
0.085588
0.024197
0.156119
0.000763
0.014629
0.045774
0.045040
0.088379
0.021288
0.481878
0.055329
0.054384
0.145302
0.048486
0.320650
0.098273
0.037972
0.029557
0.018154
0.057515
0.040780
0.027738
0.003313
0.168798
0.002584
0.158188
0.030320
0.025711
0.007926
0.165824
0.017661
0.316433
0.028416
0.303987
0.003057
0.003900
0.005640
0.085154
0.070347
0.014387
0.174044
0.029662
0.088688
0.165883
0.013074
0.084914
0.029317
0.092914
0.022083
0.018049
0.013332
0.031725
0.037693
0.070412
0.630517
0.059731
0.014564
0.010784
0.003024
0.046948
1.371014
0.141669
0.025104
0.120215
0.055085
0.148566
0.030908
0.065813
0.009234
0.227479
0.014354
0.390684
0.098022
0.145724
0.138870
0.023342
0.018993
0.010896
0.064298
0.094792
0.092131
0.014800
0.017430
0.437561
0.128247
0.137930
0.107706
0.006006
0.411421
0.119967
0.032341
0.778931
0.076820
0.042578
0.000951
0.111354
0.036025
0.034235
0.051083
0.005308
0.076450
0.120099
0.019090
0.565934
0.423144
0.102855
0.074673
0.136402
0.073506
0.084194
0.116570
0.039419
0.016564
0.419604
0.627827
0.116263
0.045923
0.036100
0.105808
0.037222
0.008757
0.020902
0.011692
0.071661
0.099024
0.271845
0.121578
0.006898
0.004463
0.183077
0.054963
0.086815
1.353103
0.346658
0.086211
0.009120
0.084007
0.010927
0.067050
0.038604
0.124128
0.009879
0.079767
0.038176
0.012256
0.060195
0.026166
0.875893
0.019211
0.088198
0.049988
0.044863
0.013251
0.036416
0.010938
0.274949
0.042769
0.043363
0.129665
0.022058
0.056492
0.064535
0.142244
0.048121
0.042305
0.350592
0.020012
0.026080
0.109950
0.399049
0.081650
0.064064
0.173633
0.112198
0.023188
0.013718
0.056769
0.011752
0.192623
0.021210
0.022902
0.027429
0.076115
0.112929
0.072749
0.001577
0.017225
0.057573
0.130871
0.488314
0.211361
0.131492
0.079044
0.011714
0.520151
0.034943
0.053812
0.006117
0.122422
0.112357
0.009077
0.016232
0.098950
0.082390
0.031374
0.110121
0.023196
0.399294
0.042243
0.042091
0.060307
0.106214
0.077073
0.022103
0.228087
0.037583
0.085765
0.030901
0.024589
0.008874
0.009174
0.003235
0.012443
0.097965
0.015028
0.095934
0.003067
0.049454
0.296072
0.032817
0.045088
0.039562
0.115874
0.460315
0.853903
0.035786
0.070353
1.027397
0.117888
0.132670
0.136026
0.035279
0.052140
0.055835
0.074782
0.292765
0.013697
0.032663
0.061740
0.141875
0.023576
0.173075
0.104739
0.021098
0.268412
0.004149
0.008047
0.250506
0.022768
0.077094
0.062684
0.002320
0.011473
0.079873
0.110085
0.219219
0.003312
0.308326
0.171352
0.040639
0.039190
0.015211
0.009834
0.197180
0.199242
0.095911
0.062940
0.117786
0.034040
1.048389
0.015650
1.170872
0.025573
0.004163
0.011398
0.060991
0.034108
0.038543
0.059087
0.145234
0.079185
0.026586
0.022626
0.159667
0.341687
0.008425
0.073052
0.006689
0.163527
0.042154
0.030510
1.623043
0.363372
0.011180
0.026781
0.025195
0.099391
0.026128
0.004444
0.014631
0.170427
0.016217
0.032181
0.424635
1.296597
0.012992
0.005898
0.056861
0.039564
0.028734
0.116802
0.043994
0.170958
0.102669
0.019313
0.035427
0.060222
0.009243
0.007864
0.105688
0.008400
0.012138
0.028077
0.212907
0.049483
0.493909
0.051862
0.022536
0.048368
0.013332
0.015116
0.166956
0.033652
0.011729
0.005631
0.027940
0.020536
0.034455
0.017935
0.018078
0.048852
0.077115
0.007843
0.021854
0.004973
0.053687
0.015105
0.038425
0.004896
0.046569
0.014698
0.059982
0.139127
0.019881
0.042010
0.004398
0.044628
0.078796
0.012157
0.527814
0.094160
0.223459
0.243214
0.032844
0.200969
0.048341
0.008335
0.109023
0.229824
0.150879
0.110959
0.354581
0.835791
0.001499
0.010109
0.131417
0.389414
0.006799
0.281816
0.018560
0.019085
0.034470
0.025050
0.004301
0.013695
0.040584
0.027360
0.035479
0.063328
0.052360
0.006862
0.001126
0.027548
0.060556
0.042511
0.088298
0.050258
0.071873
0.093102
0.084706
0.061897
0.022929
0.027562
0.038665
0.099651
0.073165
0.239501
0.107221
0.163590
0.010616
0.268357
1.489586
0.058269
0.561826
0.389317
0.037355
0.025636
0.115780
0.138584
0.208540
0.001873
0.036883
0.123838
0.047887
0.024924
0.004247
0.085175
0.002268
0.011880
0.037864
0.079786
0.025719
0.104910
0.052602
0.060726
0.046835
0.068139
0.081415
0.002996
0.452667
0.106530
0.015055
0.007571
0.027341
0.023747
0.252832
0.149963
0.039251
0.263672
0.065998
0.025043
0.117577
0.026031
0.014934
0.083198
0.006801
0.018759
0.152326
0.084080
0.360995
0.028957
0.049927
0.303065
0.273683
0.131452
0.041799
0.072916
0.094918
0.026735
0.046927
0.131359
0.019204
0.138247
0.008970
0.015599
0.062163
0.001410
0.021204
0.006346
0.010779
0.016849
0.054838
0.137025
0.062456
0.004618
0.050665
0.071394
0.024717
0.495885
0.050967
0.088859
0.010548
0.174009
0.115801
0.269057
0.018817
0.011552
0.007945
0.094689
0.049975
0.048359
0.680162
0.000874
0.008361
0.116823
0.041203
0.033030
0.017826
0.048659
0.060655
0.038715
0.058482
0.032694
0.373257
0.076722
0.244619
0.010268
0.059531
0.126061
0.117115
0.010214
0.004615
0.075066
0.026455
0.082178
0.044196
0.018103
0.555785
0.033003
0.046315
0.072548
0.030554
0.037957
0.004700
0.124104
0.051144
0.012348
0.254113
0.039772
0.195428
0.042245
0.024669
1.287365
0.031072
0.073766
0.097243
0.021595
0.051784
0.318970
0.048015
0.304100
0.040435
0.004412
0.068560
0.042945
0.012045
0.003583
0.030161
0.026619
0.019901
0.079902
0.062282
0.012541
0.125619
0.181546
0.037569
0.615763
0.005315
0.022679
0.144916
0.027222
0.030028
0.046617
0.042716
0.016553
0.009116
0.027022
0.192935
0.051567
0.263922
0.019444
0.004777
0.181544
0.033788
0.067941
0.007418
0.040820
0.007972
0.016377
0.080974
0.140016
0.078483
0.218080
0.010632
0.017997
0.027877
3.233523
0.008147
0.425898
0.084465
1.626434
0.140503
0.109852
0.011443
0.073666
0.023990
0.199814
1.233213
0.165946
0.017081
0.046838
0.009215
0.044734
0.059009
0.003467
0.044591
0.019658
0.057125
0.107349
0.014227
0.028978
0.096016
0.028601
0.006498
0.007311
0.124870
0.207164
0.380548
0.090002
0.120154
0.241139
0.103780
0.218821
0.149369
0.153619
0.137810
0.156796
0.042546
0.040625
0.059907
0.060240
0.199871
0.132300
0.021770
0.344877
0.002483
0.126636
0.028956
0.012530
0.139887
0.126949
0.008052
0.075589
0.319759
0.004665
0.332798
0.020690
0.051215
0.003147
0.341273
0.242541
0.082078
0.060854
0.007043
0.018987
0.074928
0.015341
0.158228
0.010665
0.030779
0.054447
0.071398
0.015286
0.041391
0.006493
0.187592
0.025847
0.003750
0.049665
0.055953
0.178261
0.075402
0.045657
0.073211
0.007861
0.130559
0.104198
0.110815
0.086289
0.769062
0.168458
0.002698
0.079456
0.109837
0.011723
0.001442
0.021306
0.289313
0.311637
0.030133
0.030926
0.401833
0.536822
0.191047
0.108455
0.018416
0.024986
0.048606
1.097644
0.037188
0.045792
0.176697
0.164258
0.028655
0.350184
0.028467
0.056134
0.096751
0.052781
0.411265
0.074370
0.150785
0.023743
0.566416
0.026684
0.090473
0.123667
0.140664
0.000833
0.244620
0.041187
0.086376
0.045473
0.004876
0.011576
0.078593
0.054375
0.072797
0.040316
0.039213
0.134123
0.033349
0.589958
0.015611
0.085454
0.037152
0.015409
0.006983
0.031486
0.087888
0.124027
0.011430
0.005537
0.058531
0.058380
0.085066
0.033276
0.035971
0.175995
0.026171
0.028738
0.064427
0.034739
0.066116
0.314281
0.028330
0.036158
0.077764
0.073382
0.205993
0.164268
0.046386
0.126668
0.010258
0.137341
0.053739
0.021128
0.081148
0.060163
0.012819
0.010309
0.058090
0.053541
0.231578
0.003712
0.049500
0.067774
0.044836
0.074662
0.118689
0.031169
0.083686
0.040069
0.094448
0.008474
0.022880
0.006050
0.207523
0.041383
0.022749
0.023437
0.002458
0.058858
0.041413
0.003455
0.054278
0.003129
0.004986
0.030061
0.028541
0.006893
0.039386
0.031363
0.127283
0.030505
0.069875
0.065160
0.031104
0.056800
0.080289
0.129407
0.011030
0.071646
0.040342
0.130233
0.006344
0.194252
0.357274
0.007923
0.277826
0.308775
0.151304
0.008499
0.049008
0.016008
1.731548
0.026048
0.007669
0.696577
0.064144
0.002996
0.133815
0.002717
0.067145
0.176361
0.075462
0.020764
0.070768
0.097964
0.011035
0.008940
0.280589
0.032897
0.002777
0.062648
0.005479
0.005540
0.126026
0.080371
0.007537
0.033417
0.012871
0.023079
0.017015
0.003857
0.017135
0.086397
0.063466
0.087880
0.103762
0.087046
0.717512
0.008494
0.040893
0.004234
0.021090
0.035139
0.032187
0.027759
0.041418
0.292827
0.228520
0.042878
0.060314
0.027892
0.135877
0.040073
0.193026
1.192729
0.637244
1.419452
0.042642
0.188159
0.083797
0.079016
0.018581
0.098023
0.085278
0.012278
0.036264
0.010185
0.015611
0.021720
0.015035
0.051692
0.013959
0.103263
0.098626
0.048714
0.024709
7.194845
0.037655
0.158891
0.043024
0.027306
0.017874
0.012452
0.052724
0.158386
0.301765
0.008104
0.017969
0.099884
0.059419
0.161074
0.096948
0.586387
0.012314
0.040203
0.008395
0.009032
0.027312
0.024618
0.011029
0.007098
0.080193
0.184873
0.074737
0.006974
0.004802
0.020920
0.080737
0.039391
0.014777
0.011553
0.169077
0.049754
0.052983
0.351716
0.002970
1.119516
0.190723
1.615433
0.219840
0.049458
0.601523
0.082835
0.039603
0.004996
0.080905
0.106585
0.194669
0.058501
0.031246
0.035462
0.028054
0.041185
0.003803
0.073483
0.014226
0.079048
0.557497
0.203253
0.011491
0.069337
0.019546
0.042489
0.003677
0.011358
0.040260
0.011494
0.001457
0.018706
0.007724
0.164030
0.134552
0.003181
0.024500
0.000942
0.067668
0.053326
0.094527
0.601846
0.297373
0.348469
0.019519
0.073208
0.268582
0.004795
0.011443
0.094189
0.200202
0.035384
0.035022
0.039793
0.064120
0.040090
0.060338
0.023917
0.011685
0.151598
0.063939
0.188411
0.037412
0.058645
0.214416
0.202790
0.089071
0.018872
0.051826
0.019418
0.270004
0.031077
0.027020
0.075189
0.020475
0.039592
0.356193
0.036041
0.510737
1.338378
0.366836
0.051491
0.026041
0.022177
0.377177
0.021128
0.008943
0.054798
0.100731
1.052245
0.010817
0.235398
0.255671
0.036702
0.033793
0.042366
0.430587
0.119333
0.014991
0.018476
0.009978
0.038009
0.003060
0.046153
0.022407
0.020788
0.026618
0.079214
0.017665
0.005593
0.264780
0.035743
0.017886
0.017916
0.085740
0.017212
0.043686
0.053064
0.053913
0.025837
0.306957
0.024223
0.019069
0.039854
0.117434
0.009451
0.206429
0.048703
0.018139
0.468318
0.045372
0.056808
0.286768
0.053581
0.024511
0.334279
0.012002
0.238959
0.025954
0.017011
0.050290
0.057265
0.219126
0.038752
0.171685
0.175303
0.152111
0.124739
0.113034
0.112409
0.004898
0.014218
0.008881
0.004834
0.017670
0.508250
0.342672
0.020542
0.012372
0.037046
0.069274
0.256446
0.240798
0.005976
0.017816
0.027721
0.076058
0.370824
0.039590
0.029024
0.046160
0.052057
0.038309
0.443045
0.018037
0.215425
0.002085
0.009506
0.020913
0.080523
0.038228
0.033950
0.254439
0.015315
0.111099
0.307118
0.005230
0.015540
0.006016
0.091524
0.036494
0.032274
0.059291
0.079409
0.010403
0.021930
0.081095
0.050634
0.428957
0.102203
0.161385
0.031397
0.318667
0.032079
0.004707
0.041235
0.245701
0.081297
0.060756
0.020184
0.004981
0.094511
1.137978
0.298318
0.016857
0.026942
0.002919
0.403355
0.058982
0.005596
0.201585
0.172997
0.110140
0.231991
0.164303
0.334581
0.041202
0.021225
0.256650
0.086857
0.265476
0.070248
0.011799
0.063082
0.028224
0.042716
0.142700
0.196721
0.002505
0.140633
0.114293
0.009332
0.052193
0.268218
0.048134
0.023834
0.240754
0.344854
0.494309
0.694770
0.224915
0.314070
0.118483
0.054144
0.076923
0.052793
0.117786
0.046393
0.017576
0.048353
0.010730
0.264343
0.006677
0.050592
0.035379
0.172440
0.060685
0.177164
0.003876
0.067466
0.661132
0.031881
0.026428
0.010039
2.922678
1.483516
0.230562
0.002849
0.043941
0.014686
0.052245
0.052119
0.024495
0.256110
0.125504
0.009580
0.082487
0.019062
0.025639
0.125825
0.138066
0.127497
0.008265
0.006553
0.604782
0.309154
0.037104
0.236790
0.022201
0.070998
0.083890
0.005542
0.059044
0.014514
0.012656
0.181664
0.101956
0.091168
0.017930
0.253955
0.038576
0.100414
0.015432
0.032002
0.005362
0.021175
0.111631
0.004247
0.176290
0.432015
0.008586
0.015182
0.316107
0.004905
0.168427
0.205689
0.031261
0.016516
0.038941
0.009458
0.244195
0.292735
0.099592
0.009364
0.046552
0.015021
0.089837
0.067253
0.038873
0.123129
0.070875
0.049753
0.007743
0.068684
0.008262
0.182243
0.034366
0.062090
0.048926
0.004903
0.034242
0.004218
0.021424
0.047283
0.077171
0.007979
0.004049
0.297843
0.003790
0.023102
0.119345
0.405242
0.021162
0.166969
0.063777
0.113822
0.087932
0.022330
0.200986
0.039650
0.001755
0.027711
0.141570
0.012999
0.076969
0.370258
0.041351
0.112656
0.154368
0.021703
0.046624
0.069497
0.225030
0.622401
0.247519
0.006723
0.008049
0.028291
0.032002
0.204933
1.748425
0.252702
0.142413
0.102874
0.422076
0.131417
1.153036
0.022194
0.006123
0.089540
0.072363
0.075646
0.053075
0.073351
0.027146
0.012462
0.008574
0.076054
0.038681
0.308570
0.035686
0.219141
0.002839
0.156222
0.130633
0.015675
0.067446
0.120855
0.010102
0.109413
0.003210
0.015386
0.003688
0.053699
0.034146
0.010607
0.004739
0.098289
0.825308
0.071981
0.066224
0.058450
0.094389
0.039068
0.029004
0.189017
0.799401
0.168665
0.138056
0.019867
0.346767
0.115562
0.143234
0.050545
0.017296
0.170014
0.033480
0.019854
0.016579
0.069524
0.014906
0.010541
0.017715
0.020319
0.007217
0.003060
0.007820
0.025400
0.051368
0.019734
0.024918
0.326283
0.008317
0.173075
0.064323
0.023977
0.140981
0.300500
0.072469
0.331779
0.062919
0.048630
0.004149
0.311357
0.005109
0.094822
0.136493
0.047945
0.005424
0.003730
0.014357
0.045281
0.004767
0.015772
0.057193
0.012906
0.013714
0.056074
0.029383
0.151045
0.025619
0.042185
0.008937
0.084333
0.040954
0.046465
0.004605
0.019381
0.183266
0.062843
0.060854
0.034665
0.898499
0.510839
0.025065
0.020630
0.003241
0.050664
0.016579
0.008386
0.025430
0.253243
0.098557
0.114290
0.062379
0.011387
0.241698
0.057110
0.036920
0.382058
0.043375
0.016781
0.032365
0.013947
0.038079
0.028877
0.162506
0.030041
0.068772
0.008206
0.034231
0.032192
0.009255
0.065514
0.025442
0.072507
0.034427
0.188746
0.119222
0.188708
0.005961
0.059058
0.078739
0.011408
0.017818
0.148112
0.349761
0.205888
0.143782
0.004961
0.119845
0.045819
0.157209
0.052627
0.036085
0.023548
0.047024
0.013444
0.269021
0.035801
0.523232
0.167535
0.056682
0.255335
0.040433
0.020991
0.040874
0.027123
0.019730
0.038469
0.071042
0.007666
0.055317
0.013610
0.007113
1.722973
0.220590
1.477057
0.204657
0.176219
0.032535
0.080771
0.011060
0.068759
0.005863
0.010940
0.048817
0.047426
0.470706
0.011748
1.105161
0.043065
2.321202
0.167837
0.210976
0.105858
0.009668
0.018685
0.114227
0.036027
0.004696
0.164180
0.039089
0.010015
0.325293
0.067222
0.026942
0.000133
0.031274
0.130905
0.003843
0.006816
0.286036
0.006136
0.330244
0.035072
0.016482
0.178390
0.128100
0.000759
0.190160
0.124252
0.058773
0.230947
0.021789
0.034370
0.223749
0.008507
0.005232
0.366226
0.088805
0.060328
0.045104
0.134406
0.013735
0.052187
0.033338
0.129623
0.167015
0.219782
0.012108
0.050228
0.039241
0.049453
0.047721
0.315141
0.033495
0.261242
0.049892
0.014502
0.208647
0.072462
0.001843
0.054735
0.040678
0.080481
0.023478
0.009588
0.012730
2.122120
0.025946
0.021157
0.176574
0.097068
0.066302
0.004810
0.034377
0.019889
0.219250
0.561058
0.051888
0.124735
0.061344
0.049727
0.028708
0.008238
0.018150
0.006953
0.031149
0.051066
0.172536
0.006326
0.002710
0.077697
0.087209
0.702845
0.015076
0.107394
0.023248
0.011985
0.042769
0.011005
0.084189
0.010987
0.018092
0.066342
0.102233
0.018696
0.088434
0.009119
0.308780
0.021401
0.477584
0.039784
0.022336
0.028026
0.112132
0.111226
0.001017
1.051118
0.030341
0.361778
0.050718
0.049960
0.008109
0.018363
0.027294
0.007928
0.063207
0.004535
0.011223
0.050647
0.276387
0.168409
0.069761
0.016743
0.145036
0.102271
0.033402
0.035264
0.009720
0.005785
0.124708
0.063893
0.024676
0.003236
0.101108
0.184994
0.142044
0.206911
0.052838
0.090696
0.008103
0.002430
0.011454
0.012608
0.092446
0.015292
0.052329
0.002498
0.001962
0.031366
0.447381
0.010354
0.222956
0.235515
0.114399
0.336592
0.035597
0.040086
0.010039
0.100034
0.044311
0.138953
0.051679
0.576752
0.232548
0.045726
0.021107
0.022426
0.056250
0.015009
0.064888
0.011755
0.011006
0.049138
0.011710
0.133056
0.055844
0.613330
0.032544
0.079454
0.056583
0.009407
0.045608
0.050229
0.715684
0.076619
0.081068
0.022155
0.094980
0.116144
0.069644
0.556968
0.080267
0.032094
0.087764
0.218271
0.287272
0.095006
0.025657
0.073726
0.033273
0.047966
0.019661
0.021178
0.205944
0.057064
0.024260
0.027857
0.013472
0.014954
0.030892
0.078169
0.006652
0.116815
0.033894
0.590628
0.007959
0.242222
0.002983
0.014004
0.026388
0.036881
1.452401
0.078741
0.020690
0.031864
0.249164
0.146844
0.033578
0.034907
0.005758
0.008218
0.033657
0.049538
0.066445
0.196463
0.124515
0.077795
0.003104
0.007334
0.029900
0.076408
0.182252
0.073875
0.030209
0.127287
0.070444
0.182361
0.064007
0.068464
0.180765
0.005798
0.142566
0.487754
0.005722
0.022875
0.027797
0.000696
0.014956
0.010128
0.113745
0.024221
0.019745
0.008125
0.034441
0.195267
0.023782
0.021303
0.309553
0.337828
0.240942
0.155281
0.009761
0.023254
0.128906
0.123911
0.001988
0.003928
0.147273
0.009604
0.007917
0.022160
0.023387
0.013707
0.083060
0.005645
0.005378
0.043867
0.014715
0.034678
0.067009
0.003708
0.273700
0.009170
0.158335
0.176760
0.087616
0.189407
0.047856
0.376386
0.032776
0.228432
0.257130
0.078488
0.012062
0.073650
0.018336
0.052341
0.132065
0.002654
0.146979
0.089534
0.111320
0.159117
0.236738
0.044012
0.049961
0.155869
0.351903
0.032477
0.200761
0.031563
0.012182
0.031005
0.015545
0.059924
0.115689
0.025353
0.017960
0.350654
0.337513
0.011552
0.210905
