232
1.868178
4
91
40
10
1
5047
-0.344020
0.290998
0.768658
-0.072845
0.211455
-0.303945
-0.956145
0.609959
-0.581846
-0.340361
1.000000
-0.629404
0.117367
0.917365
0.311883
0.408561
-0.753755
-0.904459
0.204317
0.657425
0.408789
0.499611
0.664488
0.669250
-0.754850
-0.306567
0.027245
-0.050170
-0.285551
-0.598912
-0.537088
0.262296
0.078631
0.274016
-0.840473
-0.589603
-0.905434
0.619797
-0.712696
0.460962
-0.006518
0.044487
0.724132
0.799361
0.254831
-0.206026
-0.674844
-0.207659
-0.293584
0.893258
-0.247929
0.438874
-0.285431
0.013707
0.241587
0.840255
0.297927
0.113929
1.000000
0.518560
-0.464927
-0.976217
0.594277
-0.089641
0.819283
-0.340062
-0.878080
0.341995
-0.295920
0.306072
0.367042
-0.255129
-0.692386
0.080772
0.556153
-0.895195
-0.575661
-0.594614
0.018507
0.174990
-0.437889
0.917223
0.317532
0.824036
0.813816
-0.163247
-0.195669
0.332966
-0.342268
1.000000
0.946526
0.522979
-0.083478
0.599819
-0.331013
0.619026
0.734100
-0.375823
0.487700
0.592643
-0.750254
-0.029591
-0.753817
-0.788801
0.329020
-0.449719
-0.692610
-1.000000
0.424410
-0.988110
0.020008
-0.269721
0.884005
-0.630648
0.208062
-0.343564
-0.033237
-0.818232
-0.569216
-0.710166
1.000000
-0.986734
-0.261619
0.681521
-0.122542
0.374554
-0.479101
0.468763
0.374975
0.095132
-0.168436
0.198132
0.349544
0.663593
-0.149654
0.077415
0.011793
0.851938
0.383393
-0.160019
0.247070
0.843799
-1.000000
0.539061
0.349303
-0.417719
-0.037739
1.000000
0.980262
0.316601
0.380206
0.922760
0.111328
-0.509635
0.634858
0.417428
0.750838
-0.418360
0.638878
-0.098676
0.686245
-1.000000
-0.402194
0.082761
0.159803
0.696835
-0.574661
-0.060545
-0.692343
0.381473
-0.727729
-1.000000
-1.000000
-0.920858
-0.244588
-1.000000
-0.517424
0.057362
-0.003723
-0.222396
0.691428
-0.826139
0.916919
-0.677029
-0.446027
0.892827
-0.164323
-0.116221
-0.466829
1.000000
1.000000
0.030581
-0.647342
-1.000000
-0.588456
-0.208513
0.271822
0.710311
-0.402897
-0.298408
0.734414
-0.322333
0.818818
0.254286
-0.372846
-0.607521
0.056009
0.992468
0.294036
-0.765067
-0.248416
0.165601
-0.609231
-0.181467
0.074213
-0.310341
-0.517434
0.910265
-0.976471
0.501022
-0.136067
-0.218229
1.000000
-0.484647
0.781871
-0.179266
-0.479748
1.000000
-1.000000
0.982696
-0.361552
-0.509815
0.929371
-0.200514
-0.238088
-0.445937
-0.171897
-0.882106
-0.724376
-0.023210
0.386088
-0.906886
0.020264
0.435448
0.453301
0.907014
-0.943203
-0.537585
-0.911336
0.311986
0.940338
0.138629
0.755382
0.567176
0.013839
0.641727
0.269595
-0.001733
-1.000000
0.711751
-0.807863
-0.792974
-0.174017
-0.214420
0.472630
-0.387622
0.936778
0.844888
-0.800263
-0.515079
-0.408397
-0.388384
-0.700431
0.124049
-0.097696
0.219846
-0.454766
0.441931
-0.218039
-0.569585
0.314828
-0.788814
-0.031613
-0.161819
-0.312691
0.769855
-0.295956
-0.477909
-0.021348
0.331880
-0.130328
-0.632100
-0.095024
0.621626
-0.152406
-0.524555
0.852490
-0.492607
-0.771066
-0.821682
-0.087401
0.317799
0.337488
0.401773
1.000000
0.437206
-0.026117
0.274427
0.988407
-0.439270
-0.926657
0.647980
0.275559
0.167097
0.916484
0.304860
0.514586
0.516447
1.000000
-0.267012
0.522311
-0.349296
0.641885
-1.000000
0.249552
0.822700
-0.090013
-0.002402
0.022586
-0.193023
-0.822273
0.445045
0.173678
0.044990
-0.112763
0.738790
-0.182161
-0.004924
-0.932816
-0.184822
0.858359
0.690306
1.000000
-0.798746
0.564268
-0.816677
0.500265
0.114787
0.649473
0.320599
0.852549
0.434188
-0.213340
-0.089381
0.205642
-0.579500
-0.965999
-0.182386
-0.886940
0.815779
0.504801
0.328764
-0.074326
0.757737
0.872156
0.734686
-0.887426
-0.539365
-0.797347
-0.718193
0.414967
-0.140685
0.225886
-0.231905
-0.956802
-0.216357
0.095854
0.932688
-0.471201
0.359455
-0.181813
-0.563383
0.395861
-1.000000
-0.876175
-0.473103
1.000000
-0.343303
-0.232750
1.000000
-0.719668
-0.549137
0.213809
0.692169
-0.828178
-0.379700
-0.269036
0.361367
-0.459071
-0.590335
-0.782715
1.000000
1.000000
0.761448
-0.812645
-0.848613
-0.346548
-0.894485
-0.058373
0.211842
0.152229
0.035307
-0.249766
0.886472
0.287388
0.064089
-0.820158
0.463860
0.268205
-0.062102
-0.642689
-0.629888
-0.967436
-0.806658
-0.220423
1.000000
0.995975
0.604593
-0.326714
-0.689765
0.044744
1.000000
0.103629
0.154633
0.811094
0.630364
0.142916
0.382005
0.571933
0.441040
-0.376907
-0.041671
0.517125
0.180359
-0.959829
0.395499
-0.784649
0.410995
0.086109
-0.218357
0.315160
-0.230274
0.240230
0.096219
0.205642
0.184757
-0.371498
-0.308097
0.438393
0.862398
0.745231
0.770500
0.245930
-0.009503
-0.296404
0.848243
-0.054327
0.201048
0.658716
-0.002971
0.022519
0.436742
0.619667
-0.776086
1.000000
0.473059
0.449401
0.225148
-0.731694
0.221169
-0.553048
0.488270
0.044829
-0.971776
0.107517
-0.104488
-0.346554
-0.874739
-0.231455
-0.777074
0.518552
-0.029292
0.415897
-0.348952
-0.677735
0.513421
0.311343
-0.664957
-0.258948
0.573424
-0.621603
0.326291
0.113557
-0.400994
-0.643835
-0.338591
0.296215
0.416733
0.108792
-0.906012
0.018428
0.545719
-0.413601
0.617674
-0.842028
0.399383
0.181961
-0.987227
-0.650115
0.637462
-0.336794
0.398348
-0.867477
-0.638345
-0.415983
-1.000000
0.095281
-0.192755
-0.158437
-0.222142
-0.771061
0.233953
0.860556
-0.090761
-0.615499
0.923946
-0.295059
-1.000000
0.073769
0.768297
0.280029
0.247393
0.312727
0.305466
-0.105373
1.000000
-0.454484
-0.105227
0.577424
0.702722
-0.180626
0.309809
0.281122
-0.887984
-0.030373
-0.690875
0.598233
0.392770
0.062190
0.409877
0.289049
-0.435146
-0.510095
0.034933
0.072768
1.000000
0.112902
0.648603
-0.232651
-1.000000
0.355378
0.009368
-0.448771
-0.473755
-0.388917
0.904570
-0.375800
0.886719
-0.475330
-0.650731
0.202851
0.291569
-0.181406
-0.304036
-0.473037
-0.347529
0.837882
-0.256867
-0.279252
-0.327859
0.904925
-0.470657
-0.203127
-0.359746
0.292528
0.709847
-0.007766
0.367212
0.731973
0.630116
-0.781916
-0.751431
0.899562
0.236785
-0.755270
0.838241
-0.441029
0.115496
0.125541
-0.371343
1.000000
0.304851
-0.750254
-0.273649
-0.206911
0.490201
-0.541219
-0.107354
-0.240290
-0.617880
-1.000000
-0.760671
1.000000
-0.187601
-0.333986
0.286148
0.188019
0.053934
-0.699305
-0.403554
-0.578352
-0.969001
0.047813
-0.772249
1.000000
-0.747127
0.331461
-1.000000
-0.601041
0.121749
0.398924
-0.945490
-0.022443
-0.283636
-0.193556
-0.199867
-0.852354
-0.808654
0.006408
-0.607432
0.737193
-0.318639
-0.412201
-0.508369
0.062179
-0.072830
0.305310
-0.496720
-1.000000
-0.806711
0.604749
0.919609
0.426634
-0.795480
-0.449148
0.141732
-0.097064
-0.011645
-0.230790
-0.595855
-0.000151
1.000000
-0.528072
0.207158
-0.466804
-0.193387
-0.828121
0.005537
1.000000
0.546578
-0.198626
-0.232655
0.186592
-0.233991
-0.540645
0.407796
-0.453402
0.103154
0.092424
0.018600
-1.000000
-1.000000
-0.239371
-0.138649
-0.254497
0.964912
0.381032
-0.979374
-0.064892
0.805902
-0.580025
0.760015
-0.738529
1.000000
-0.074830
0.096649
0.894451
-0.717228
0.567307
-0.699925
0.884601
-0.357307
0.838128
-1.000000
-0.964178
-0.222182
-0.420320
-0.339546
0.117440
0.844901
0.739680
0.950978
0.535644
0.656802
0.157362
0.265217
-0.773875
0.660052
0.077041
0.023408
0.385848
-0.594253
0.148168
-0.267274
0.885145
-0.216202
-0.244985
-0.326787
-0.236028
0.295061
-0.656600
0.344206
-0.839834
0.005962
-0.565366
0.372875
0.853896
-0.182587
0.390003
-0.529656
-0.277952
-0.576003
-0.035431
0.424239
-0.195311
0.007430
-0.362502
-0.322457
-0.968441
0.243751
-0.399989
0.846949
-1.000000
1.000000
-0.206539
0.844444
1.000000
0.727331
-0.484725
0.751293
-0.916618
0.001127
-0.613333
0.969729
0.567060
-0.151134
-0.600271
0.201064
-0.139987
-0.188131
0.027563
-0.555384
-0.832546
-0.642842
-0.685534
-0.119489
-0.082093
-0.084017
0.397517
0.990507
0.279867
-0.036675
0.045809
-0.319793
0.131221
-0.995824
0.514905
-0.014934
0.540673
-0.751097
0.744865
-0.011066
0.524333
-0.279216
0.238065
-0.563874
-0.095991
-0.496118
-0.391855
0.167175
0.867059
0.099861
-0.601538
0.386757
0.043380
1.000000
0.135374
-0.605827
-0.311361
-0.043299
0.159519
-0.852351
-0.401477
1.000000
-0.171192
0.235805
0.173850
0.969249
-0.710752
0.358692
-0.050426
0.145308
-0.807359
0.127085
-0.064033
-0.368319
-0.447861
-0.569409
-0.381430
-0.446006
-0.987006
-0.121184
0.651693
0.941940
0.042344
-0.805936
0.749098
0.897887
-0.612222
0.973599
-0.358975
0.356287
0.244301
-0.265368
-0.058341
-0.516300
-0.685148
0.667825
-0.939155
0.057209
-0.905839
-0.061019
0.037039
0.698835
-0.123654
0.827276
0.719371
-0.391434
-0.490174
0.441033
-0.982923
0.106152
-0.736660
-0.909744
0.716004
0.293912
0.734637
0.020197
-0.836991
0.598676
-0.864169
-0.127119
-0.959760
-0.777316
-0.158849
0.071087
0.399865
-1.000000
-1.000000
0.230222
0.858404
-0.329207
0.400244
-0.220706
0.879851
0.311257
-1.000000
-0.563252
1.000000
0.285501
0.059529
-0.390762
-0.637806
0.647252
0.026919
0.249448
-0.894625
-0.431675
0.368030
-0.735823
0.965463
-0.126858
-0.016633
-0.742870
-0.179119
-0.021387
-0.804046
1.000000
-0.338954
-0.006432
-0.306411
-0.895281
-0.516297
-0.350028
-0.419419
0.869239
0.486726
0.083526
0.666720
0.668922
-0.983398
-0.699552
0.381668
0.745766
-0.567373
-1.000000
-0.890394
-0.519983
0.256297
-0.087287
0.297532
0.755494
-0.659437
1.000000
-0.175743
0.862247
0.000688
-0.602309
-0.442317
0.182948
-0.461347
-0.527710
-0.308750
-0.791000
-0.605756
-0.288058
-0.184094
-0.161402
-0.457210
1.000000
0.474698
-0.443137
0.534866
0.066058
-0.017405
0.236379
0.344723
-0.022341
0.578231
-0.119667
-0.001285
-0.337451
-0.525828
0.510375
-0.694503
-0.130343
0.691373
-0.304025
-0.952228
-0.325184
0.213554
-0.831719
-0.418007
-0.174383
-0.368846
0.462720
0.178760
-0.151819
-0.018378
0.851727
-0.685697
0.782001
-0.368101
0.181382
-0.212384
0.265896
-0.646369
-0.130597
0.395617
0.324105
0.812926
-0.124296
-0.756766
0.376926
0.115814
0.086242
-0.840717
0.766337
-0.270897
-0.045359
0.430560
0.205569
-0.500196
-0.570721
-0.959929
0.942240
-0.730956
0.908212
0.584678
-0.077247
-0.452351
0.592806
0.604805
0.185721
-0.102951
-0.256793
-1.000000
-0.469568
0.954013
-0.534846
0.266328
-0.885943
-0.205686
0.381338
-0.199224
0.336888
-0.009700
0.186814
0.384737
-0.281206
0.200606
-0.920892
-0.073674
-1.000000
-0.396062
-0.254721
-0.464038
0.444663
-0.136633
0.457323
-0.010108
-0.441475
0.152560
0.958759
0.329536
1.000000
1.000000
-0.716951
-1.000000
0.705721
-0.123440
-0.274451
0.887687
-0.941134
0.025348
0.362592
0.268406
0.953741
0.146021
-0.917841
-0.785994
-0.925486
-0.521013
0.368649
0.039244
-0.337339
1.000000
-0.875180
-0.113501
-0.535087
-0.473190
-0.189121
0.324113
-0.358409
0.524097
-0.626000
-0.679957
0.035381
-0.781202
0.550770
0.446405
0.057745
-0.327432
0.608441
-0.021752
0.343065
-0.405996
1.000000
0.162726
-0.081231
-0.695578
0.066277
0.373627
-0.870248
0.276787
0.955768
-0.809690
0.450843
-0.474609
-0.394377
-0.742997
0.630924
-0.526718
0.532412
-0.286449
0.316919
-0.533902
-0.335627
-0.617637
0.154766
-0.724046
-0.390723
-0.875894
0.391683
-0.117865
-0.857394
0.665359
-0.608616
-0.554705
0.295800
0.251492
0.235266
0.837857
-0.940770
-0.612396
-0.135519
-0.850861
0.157053
-0.550819
0.364556
0.559741
-0.191651
-0.268945
0.302723
-0.015002
1.000000
0.710345
0.859314
0.654716
-0.193894
-1.000000
0.855281
-0.197097
-0.832319
0.422677
0.250206
-0.975802
0.015017
-0.225914
0.245918
-0.057749
-0.223493
-0.276164
0.171266
-0.858393
0.222007
0.460639
0.793400
0.804321
-0.993670
-0.107287
-1.000000
0.145689
0.048369
0.834634
0.392366
0.525552
0.226656
-0.102474
0.671589
0.454634
-0.767616
-0.522456
0.555908
-0.216879
0.925193
0.128621
-0.534194
-0.188880
0.468754
-0.113906
0.680571
0.456400
0.052677
-0.094941
-0.693655
0.189595
0.353021
0.633571
-0.075674
0.858452
-0.047557
-0.891303
-1.000000
-0.801620
-0.060944
-0.356795
0.946637
0.992592
0.126948
0.339686
0.089099
-0.343419
0.518056
-0.629552
-0.000522
-0.307930
0.030780
0.897079
0.462294
0.092270
-0.411356
-0.476220
-0.331958
-1.000000
-0.915828
0.013745
0.096272
-0.157188
0.238246
-0.888351
0.144703
0.170884
0.756393
0.621914
-0.085711
-0.248869
-0.204245
-0.187633
-0.492850
0.226357
0.094844
0.641094
0.626813
0.274901
-0.100891
1.000000
0.317181
0.540161
0.314957
0.116295
-0.089309
0.624146
-0.280252
-0.889065
-0.528879
0.934942
0.196926
-1.000000
-0.388741
-0.336214
-0.497778
0.382334
0.728181
-0.118299
-0.530975
-0.891155
0.030346
-0.149083
-1.000000
-0.069472
-0.575301
0.484578
-0.656133
-0.511351
0.291598
0.258264
0.790947
0.554913
-0.816987
-0.406695
-0.774610
-0.521082
0.651696
-0.151844
-0.523426
-0.371113
-0.125384
-0.822493
-0.431102
0.340536
0.568183
0.458285
0.571786
-0.918434
0.927912
-0.752957
-0.396667
0.466838
0.251829
-0.899391
0.406015
-0.223391
-0.502236
0.217863
0.489224
0.773123
0.030065
-0.332524
-0.470095
0.265473
-0.153973
-0.069490
-0.142851
0.755498
-0.283368
0.759992
-0.969211
-0.128243
-0.852413
0.035876
-0.832180
-0.951525
0.356994
0.287387
-0.408299
0.728446
0.942870
-0.645746
-0.175814
-0.777666
-0.443467
-0.149575
0.278879
0.596658
0.035426
-0.070260
-0.189262
0.596438
-0.569414
0.261673
-0.163675
0.182179
0.117462
-0.233785
-0.109762
-0.182116
0.802111
-0.568079
0.035298
0.233177
1.000000
0.641823
0.063820
0.064635
0.384902
-0.682173
-0.439196
-0.787087
-0.118502
-0.476290
-0.355629
0.207019
-0.321110
-0.256687
-0.486766
0.194085
-0.592287
0.797427
0.045012
0.390753
-0.099647
-0.064065
0.197429
-0.307213
-0.151193
-0.082572
-0.437209
-0.356684
0.075918
0.872862
-0.049304
0.875122
-0.368900
0.274403
0.549857
-0.157106
0.324628
0.584427
0.622121
-0.242795
0.907268
0.037740
0.093424
-0.324096
0.129122
-0.837058
-0.299749
-0.954570
-0.947351
0.460711
0.411528
-0.386042
0.056580
0.749334
0.755763
-0.988777
0.212111
-0.346166
1.000000
0.734550
-0.286218
0.597501
-0.375136
0.449172
0.192082
-0.616376
-0.155454
-0.132289
0.339177
0.007227
-0.903179
-0.604704
0.297481
0.035694
-0.597432
-0.287485
-0.292135
-0.786647
-0.137429
-0.936631
-0.560508
-0.540743
-0.508766
0.231067
0.915377
0.972011
0.307145
-0.880764
-0.196239
-0.290531
-0.370837
-1.000000
0.318403
-0.001622
-0.597696
1.000000
-0.629426
-0.217513
-0.089983
0.655679
0.140377
1.000000
0.747670
0.499984
0.617489
1.000000
0.248571
0.307060
-0.175156
0.919737
-0.137124
-1.000000
-0.133669
0.928664
0.852175
-0.178140
1.000000
-0.910431
0.177378
-0.886695
-0.335593
-0.086381
0.015595
-0.817200
0.028469
1.000000
0.484439
0.319407
0.904611
-0.481168
0.515541
0.540076
-0.115737
0.075916
0.810842
0.319837
0.514528
0.297616
0.704358
0.245201
-0.010760
-0.480781
-0.280820
0.944177
-0.235474
-0.169860
0.556768
0.415369
-0.902056
0.741531
0.461021
-0.399434
-0.291413
-0.928930
-0.234478
-0.969275
0.226157
-0.437036
0.674357
1.000000
-0.532297
0.032455
-0.937889
0.484480
-0.109306
0.923757
-0.304558
-0.086206
-0.080755
0.583796
0.570872
-0.182720
0.795394
0.071006
-0.497990
-0.433712
-0.731645
-0.009288
0.153249
0.454234
-0.967736
0.644348
-0.629768
0.112454
0.213340
-0.410667
0.523867
1.000000
-0.069587
0.704096
0.251539
-1.000000
-0.230860
0.392466
-0.098763
0.510483
-0.280019
-0.515420
-0.776195
0.353131
-0.321566
0.338428
0.305373
0.223049
-0.771110
-0.068117
0.388877
-0.384321
0.547961
0.086992
-0.818312
0.017288
0.541629
-0.283890
0.963016
-0.549836
0.028507
-0.095499
0.552591
-0.156994
-0.235724
0.103150
0.952311
-0.784063
-0.695493
-0.143428
-0.138178
-0.111606
0.950567
-0.154508
-0.296228
-1.000000
-1.000000
0.205743
0.079663
-0.114894
-0.079436
0.699741
-0.038193
0.811992
-1.000000
-0.800219
0.965670
0.093720
0.000256
0.405082
0.764654
-0.074852
0.018704
-0.059556
0.089711
-0.536689
-0.926620
-0.941724
-0.238249
0.695409
-0.845181
0.296100
0.656814
-0.331210
-0.025838
-0.295585
-0.504866
-0.366947
0.022350
-0.235361
-0.138934
0.812671
-0.021283
0.308767
0.462353
-0.699318
-0.507568
-0.041567
0.395131
-0.210655
-0.096890
0.914254
0.884650
0.728916
-0.295946
-0.991322
-0.096156
0.722155
-0.270143
-0.064879
-0.468725
0.854196
-0.550296
0.204509
0.195719
0.051415
-0.149718
-0.231749
0.943306
-0.492574
0.010644
0.742999
-0.084837
0.358446
-0.417455
-0.177555
0.399605
0.587096
-0.062668
-0.646262
-0.769092
0.004396
0.022401
0.661671
0.156634
-0.611642
0.218659
-0.257907
0.747782
0.171874
-0.020437
-0.047504
-0.621715
0.676256
0.377762
0.245377
0.915582
-0.441595
0.016583
-0.795000
-0.269666
0.619116
-0.286186
0.518183
0.024815
0.774396
0.701505
-0.242692
-0.736024
-0.333836
-0.157336
-0.124445
-0.410566
-0.441059
-0.078787
1.000000
-0.058545
0.380787
-0.794554
0.042754
-1.000000
0.287316
-0.561643
-1.000000
-1.000000
-0.770008
0.298225
0.053261
-0.733044
1.000000
0.490122
-0.621714
0.232561
0.124190
-0.227634
0.120717
0.488300
-0.269947
0.855695
-1.000000
0.665518
-0.521669
-1.000000
-0.389465
0.271000
-0.001690
-0.306061
0.271887
0.704921
1.000000
-0.356192
-0.483625
-0.305328
-0.854118
0.950953
0.134631
0.209493
-0.396882
0.213657
-0.410085
-0.059668
-0.757438
-0.111597
1.000000
0.826450
-0.702455
-0.286679
0.680395
-0.489597
-0.771287
-0.293029
-0.638830
0.648969
-0.782489
0.597855
-0.462293
-0.610208
-0.991889
-0.889316
-0.292959
-0.324710
-0.737964
-0.264828
0.720599
0.584498
0.027885
-0.965656
-0.701751
-0.995626
0.258626
0.164343
-0.342979
0.475136
-0.113182
-0.473202
-0.351421
0.738389
-0.458321
0.899423
0.945478
0.031200
-0.642425
0.772618
0.355517
1.000000
0.087776
0.058678
0.448678
0.131579
0.019257
0.524190
0.688462
-0.083167
-0.638993
-0.954624
0.221357
0.492709
0.018158
-0.571380
0.996766
-0.679170
-0.441498
-0.145355
0.035924
-0.885656
0.836968
-0.908926
1.000000
-0.043427
0.705306
-1.000000
-0.283024
-0.339589
-0.882821
-0.071492
-1.000000
-1.000000
1.000000
0.582716
0.933495
0.071783
-0.346863
-0.610543
0.938317
0.205633
-0.478079
-0.340069
-0.630275
-0.592674
0.285418
0.129958
0.506900
0.262694
0.712943
0.579611
-0.303555
0.269720
-0.883476
0.257585
1.000000
-0.616297
0.069388
0.944491
-0.435040
-0.913779
0.375967
-0.336142
0.498261
-0.224976
0.826105
-0.221263
0.449497
0.806046
-0.153452
-0.567680
-0.598295
0.242502
0.282481
0.338785
0.327166
0.163301
-0.998492
-0.828728
0.528217
0.251038
0.637210
-0.524221
-0.584866
-0.470667
0.299340
0.500982
-0.031488
-1.000000
-0.389812
-0.997167
-0.479866
-0.388741
0.684101
-0.891406
-0.693490
0.422641
0.610118
-0.314609
0.869647
-0.641869
0.363114
-0.519727
0.692893
-0.121528
-0.586410
-0.823400
-0.148201
0.126983
0.383419
0.779775
0.582975
0.414089
-0.294674
0.318428
0.972931
-0.889026
-0.445425
-0.401085
-0.845516
-0.051873
0.240298
0.025900
0.870207
-0.128305
0.035518
0.788829
0.370024
-0.750565
-0.060018
1.000000
0.194231
0.422895
0.323474
0.265108
-0.258799
-0.255584
0.852451
0.449937
0.982693
0.866242
-0.504333
-0.879644
0.041978
-0.865315
1.000000
0.154631
0.548305
-0.324896
-0.354444
-0.914324
-1.000000
-0.803771
0.399052
-0.048999
0.780717
-0.585886
-0.773202
0.233737
0.261858
0.033000
-0.250567
0.850941
0.404119
0.289463
-0.137948
0.708841
0.922609
0.495237
0.835918
0.357127
0.260720
0.224250
-0.191116
-0.576880
-1.000000
1.000000
0.639100
1.000000
0.235904
0.105640
0.788423
-0.546743
1.000000
0.579946
-0.177819
0.349834
0.261286
-0.607559
-0.711138
0.897793
-0.148146
-0.915783
-0.901934
0.019687
0.272044
1.000000
0.301923
0.921257
0.246216
-0.700818
0.729225
-0.718419
0.531534
-0.790945
-0.500773
0.368161
0.814194
-0.672858
-0.279232
1.000000
0.610186
-0.506523
-0.163230
0.521303
0.103067
-0.134373
0.696436
0.532900
1.000000
0.446877
0.465020
0.190587
-0.136381
-0.870158
-0.967804
-0.781353
0.650706
0.498669
-0.562407
-0.441096
-0.740070
-1.000000
0.357782
-0.608929
-0.204050
0.633779
-0.384449
0.424697
-0.873423
0.121871
0.158675
-0.438141
-0.121225
0.531660
0.394048
-0.795228
-0.483222
0.121157
-0.015799
-0.267604
0.823124
-0.246200
0.604731
0.328387
-0.269351
0.737841
-0.056917
0.525955
0.291956
0.244070
0.671102
-0.168801
0.164932
-0.919383
-0.162566
-0.430771
0.352839
-0.630278
0.918562
-0.948755
-0.217871
0.190269
-0.025384
0.442120
-0.618129
-0.176651
-1.000000
0.552242
-0.853459
1.000000
0.860912
-0.467348
-0.335628
-0.267988
0.044660
0.463017
0.022540
0.282412
0.203503
-1.000000
-0.502983
-0.239745
0.147375
-0.787900
-0.312018
0.060906
0.772017
-0.732395
0.235716
-0.001741
-0.740951
-0.949449
0.557666
-1.000000
-0.020208
-0.708500
-0.723836
-0.125751
-0.303964
0.229192
-0.797370
-0.311289
0.684541
-0.017582
0.660369
0.841183
0.555052
-0.561400
0.910633
0.392297
0.069149
-0.305670
-0.115654
-0.327591
-0.867318
-0.752859
-0.044762
0.949139
0.702336
-0.851805
-0.827337
1.000000
0.916224
0.452031
-0.406433
0.079370
0.297216
0.455933
-0.199331
-0.345162
0.084767
-0.063725
0.721294
-0.456184
-0.739085
1.000000
0.975678
0.583435
-0.455561
1.000000
1.000000
-0.374736
-0.850696
0.397084
0.703145
-0.105293
0.156795
-0.812706
-0.119865
-0.282856
-1.000000
0.571613
0.663865
0.015081
0.093430
-0.749627
0.327109
0.103189
0.628830
-0.825472
0.214847
-0.626711
0.329557
0.042461
-0.836346
-0.078530
-0.368613
-0.513322
0.244199
-0.293998
0.306548
0.536375
-0.252737
-0.629881
0.967118
-0.666594
-0.670861
-0.456746
0.353382
-0.367513
-0.479400
0.157653
0.307251
1.000000
0.860737
-0.929979
0.997888
0.228612
-0.901885
0.216998
-0.127221
0.735462
0.870706
0.311368
0.220109
-0.239188
0.928282
0.213542
-0.016039
0.037491
-0.032664
0.358668
0.390255
-1.000000
0.814651
0.365391
0.458258
0.603973
-0.414912
0.303380
1.000000
-0.296894
-0.310041
0.045330
-0.169933
0.465196
0.006718
0.392895
0.401164
1.000000
0.518691
-0.671637
0.333891
-1.000000
0.283390
-0.221025
0.941156
-0.677723
0.246468
0.391461
1.000000
0.149756
-0.339733
0.108088
-0.028984
0.206069
0.092093
-0.701689
0.233548
0.185332
0.295095
0.564965
-0.106080
0.883854
-0.443492
0.251633
0.944323
-0.344368
0.050060
-0.385442
-0.146065
0.347634
-0.216956
-0.978191
0.310950
0.604424
0.938656
-0.223880
1.000000
-1.000000
-0.209890
-0.824999
-1.000000
0.800984
-0.212731
-0.498073
-0.150676
0.491213
0.816561
-0.199392
-0.787446
-0.630842
-0.529304
0.791981
-0.321427
0.008251
-0.570968
-0.947903
0.352544
-0.527336
0.998596
-0.349343
0.045522
0.803572
-0.463111
0.948647
-0.384815
-0.118150
0.275338
-0.984886
0.539109
0.462850
0.852339
0.104860
-0.024656
-0.563351
0.178870
-0.690326
0.167018
-0.027574
-0.978623
-0.276501
0.117328
-0.112966
0.216136
0.860327
-0.149648
-0.597365
-0.163257
0.289863
0.211785
-0.143278
-0.057750
-0.299094
-0.474969
0.873947
-0.815551
-0.706310
-0.168821
0.191789
-0.311533
0.080005
0.312073
0.508884
0.500308
0.824801
-0.244048
0.494208
0.211396
0.655665
0.194439
0.604012
-0.163760
0.114881
0.285437
0.199901
-0.804976
-0.017499
-0.915467
0.479195
1.000000
0.908355
-0.720865
-0.085024
-0.376766
-0.167055
0.733901
-0.454271
0.461625
-0.060542
-0.708210
0.387255
0.077548
0.264360
-0.003291
-0.056731
0.043597
0.774933
0.268630
0.934640
0.457070
0.570661
0.166566
-0.936035
-0.940635
0.220607
0.374051
0.292927
0.557140
0.712865
0.280483
0.933724
-0.223340
-0.031339
0.509980
0.031630
0.188250
-0.505696
0.235565
-0.049580
0.921482
0.135464
1.000000
-0.717672
-1.000000
0.407748
1.000000
0.582907
0.023191
-0.223320
-0.350817
-0.259543
-0.542291
0.173165
0.080070
-1.000000
0.002327
0.070851
0.620880
0.439566
0.302679
-0.284592
-0.125607
-0.305310
0.220743
0.737771
-0.368757
0.109251
0.433688
-0.112196
-0.044476
-0.214092
-0.261499
0.662501
0.906461
-0.025066
0.088682
0.071184
-0.635951
0.966727
-0.281080
-0.519477
0.908725
-0.008281
-0.662028
-0.597563
0.747606
-0.775660
-0.133190
0.049109
0.450288
0.073233
0.336572
-0.063598
0.195883
0.410898
-0.511157
-0.456522
-0.785997
-0.792715
0.911461
-0.462117
0.823685
-0.042430
0.659377
-0.525893
-0.335435
0.755098
-0.467708
0.232688
-0.642074
0.163706
-0.397544
-1.000000
-0.243224
0.045477
0.869887
-0.237714
0.438438
0.944389
-0.721763
-0.086795
0.729845
-0.979531
0.700986
0.541911
0.819483
0.503705
0.441755
0.552948
-0.586020
-0.547511
-0.187773
0.051868
0.424168
0.042874
-0.319867
0.426283
0.483325
-0.576586
0.094572
-0.665524
-0.138745
-0.066109
-0.629911
-0.895178
0.106662
1.000000
-0.867811
-0.723729
0.044077
0.369202
-0.519802
-0.287688
0.933602
0.484750
-1.000000
-0.442865
-0.208886
0.354297
0.348776
0.099739
0.720583
-0.719791
-0.400035
1.000000
-0.138042
-0.801308
0.937368
0.700872
0.352537
-0.033752
-0.732057
-0.265624
0.305525
-0.224300
-0.933954
0.094216
0.410893
0.352665
-0.908724
0.828147
0.710548
0.369270
-0.119412
0.288461
-0.024347
-0.169594
-0.165490
0.907158
-0.576294
0.261968
-0.944495
-0.836296
0.286035
0.786353
-0.634633
-0.110443
-0.317972
-0.183594
0.602399
0.919012
-0.114569
0.227394
-0.206374
0.526454
1.000000
0.677198
-0.983964
-0.182636
0.066766
-0.795504
0.317166
0.653210
-0.240040
0.939227
0.445016
-0.837073
0.599142
0.888113
0.406923
-0.563992
0.618253
-0.394777
0.037906
0.715611
-1.000000
-0.328479
-0.341044
0.142507
-0.460096
0.793828
-0.085818
0.332891
-0.080080
-0.370168
-0.087739
-0.218871
0.952957
0.886567
0.810750
-0.044497
-0.676538
0.850918
-0.384780
-0.588262
-0.671686
-0.525128
0.775624
-1.000000
0.300186
-0.074734
-0.109310
0.122668
0.908749
0.119619
0.006953
-0.213446
0.507471
-0.097166
0.931658
-0.934094
-0.613779
0.004495
-0.927521
0.232833
0.873830
-1.000000
-0.148890
0.626484
-0.749241
0.679637
-0.160135
0.152404
0.073748
0.108314
0.896054
0.386852
0.353837
-0.291843
0.605201
-0.858236
0.139578
0.904575
-0.087598
0.394626
0.531553
0.291349
-0.661638
0.034517
0.856463
0.375790
0.422047
0.497139
0.543003
-0.075452
-0.111935
0.394218
-0.172100
0.280904
-0.396477
0.484692
0.590151
0.161374
0.513510
0.344708
0.743828
-0.884808
-0.841441
-0.457844
-0.781102
-0.348999
-0.220320
0.922088
0.590369
0.423586
0.456737
-0.438536
0.084476
-0.185920
-0.116469
-0.411806
-0.753244
0.206872
-0.420647
0.167133
0.048503
0.092354
-0.316332
0.276477
-1.000000
-0.268378
-0.913810
0.490707
-0.326698
-0.841389
0.438758
-0.440486
-0.314592
-0.286811
-0.302378
0.870329
1.000000
-0.810658
0.770263
-0.217937
0.367114
0.221776
-0.413868
0.869227
0.469414
0.157094
0.368486
0.334479
0.015374
0.118122
-0.421487
0.347896
-0.388620
-0.947904
0.413637
1.000000
0.305464
0.602973
-0.501028
-0.193714
-0.324379
0.583745
0.857542
0.770201
-0.280633
0.022110
0.396778
-0.008672
-0.489319
0.397131
0.491361
-0.221652
-0.074852
0.028593
0.306010
0.378232
0.021329
0.071073
0.779796
-0.729408
0.427652
-0.291712
0.543725
0.793085
-0.611914
-0.564885
0.059813
0.689943
0.456699
1.000000
0.615727
-0.431903
0.508061
-0.531731
-0.601858
1.000000
-0.593638
-0.135669
-0.172140
-0.018910
0.550844
0.731695
-0.210798
0.889599
0.225290
0.118826
0.667617
0.712024
-0.206422
-0.166045
1.000000
-0.672744
0.107069
0.144156
-0.531384
0.868612
1.000000
-0.112569
-0.583830
0.915330
-0.674166
0.081092
0.440271
0.197680
0.030087
0.400348
-0.007462
-0.084714
-0.093513
0.036089
-0.771661
-0.522564
-0.685780
0.299487
0.075016
-0.530187
-0.388779
-0.542260
0.355617
0.261690
-0.485025
-0.080358
0.747078
0.264941
-0.264656
-0.846016
-0.120575
-0.171101
-0.566316
0.006730
-0.097376
-0.689951
-0.580353
0.155063
-0.354801
-0.102866
-0.942174
0.430166
0.071406
-0.593892
0.413948
0.426150
0.092239
0.911062
-0.390841
-0.240012
0.226142
0.835013
-0.247232
0.902948
0.389121
-0.128702
-0.700583
0.592893
-0.614511
0.624735
0.671432
-0.230572
-0.477740
0.728901
0.199981
-1.000000
0.373992
0.420586
1.000000
0.515113
0.937259
-0.679757
-0.053358
0.276876
-0.178527
0.932737
-0.023449
-0.885916
1.000000
-0.083336
-0.814242
-0.011790
0.309605
0.029925
0.679711
-0.098337
-0.083955
-0.694787
1.000000
-0.187020
-0.263974
-0.993005
-0.834209
-0.071326
0.158098
0.735880
-0.346295
0.429667
0.403323
-0.024509
-0.023681
0.149369
0.078472
0.110159
-0.555244
0.775978
0.850728
-0.476773
0.463514
0.855334
0.006700
1.000000
-0.784852
0.892223
-0.023244
-0.707399
0.859877
0.310484
0.000120
-0.583394
-0.669311
-0.405321
-0.081195
-0.443565
-0.440477
0.283591
0.612818
0.242995
-0.798320
0.454586
-0.992164
-0.036091
-0.470386
-0.063339
0.441583
0.124936
-0.534118
0.887224
-0.406830
0.271520
-0.026177
-0.384388
-0.365781
0.174054
0.407576
-0.784448
0.506047
0.820458
0.048610
-0.679978
0.176562
0.832218
0.573052
0.377801
-0.649339
0.262944
0.293973
-0.501684
0.824105
-0.487848
-0.005552
0.298687
-0.988709
0.130725
-0.914095
0.090952
-0.191886
0.693115
0.292876
-0.080933
0.056130
0.561683
0.829061
-0.731886
0.880330
-0.441230
0.141024
-0.754484
0.205961
-0.031995
0.320782
-0.142287
-0.522279
0.207152
0.367457
-0.026822
-0.888467
0.166288
0.965069
-0.274283
0.087694
-0.840657
-0.066669
0.157608
0.140644
0.511353
-0.520718
0.382309
-0.509928
0.248941
-0.492325
0.573632
0.328933
1.000000
-0.434163
0.123434
-0.224590
-0.984151
-0.550114
-1.000000
-1.000000
0.173740
-0.267304
0.397213
0.854199
-0.062098
0.993284
-0.436284
0.456111
-0.554042
-0.086179
-0.171447
0.922920
-0.300123
-0.732803
0.156427
0.747837
0.596178
-0.504091
-0.178646
-0.216817
0.159177
0.450730
0.318565
0.601488
0.047923
0.759509
0.921410
-0.410854
0.041136
0.613347
0.720020
-0.136991
-0.199629
0.070616
-0.733602
-0.476278
-0.424870
-1.000000
-0.132492
0.017788
-0.188264
-0.101539
-0.637517
0.067414
0.220786
0.923369
0.327524
0.213706
-0.161795
1.000000
-0.151816
-0.358853
1.000000
-0.379048
0.732905
0.005418
-0.599828
-0.496689
0.596799
-0.439338
0.546148
-0.208843
0.011374
-0.760705
-0.425798
-0.968528
0.387433
0.350632
0.287762
-0.650944
-0.609660
0.898365
-0.053025
-0.229486
0.450830
-0.015470
-0.168650
0.462180
-0.878617
-0.003529
-0.381619
0.013710
-0.821024
-0.506367
0.811195
0.389280
0.702642
-0.698091
-0.459592
-0.294658
-0.533570
0.801238
0.517660
-0.272220
0.318908
0.496784
0.201967
-1.000000
0.435309
-0.750465
-0.390203
-0.929405
-0.516455
-0.217499
-0.651268
0.830211
0.659143
-0.003683
1.000000
-0.669012
-0.782997
-0.390225
0.223162
0.832667
0.254044
-0.092587
-1.000000
0.332832
-0.648812
-0.177109
0.321162
0.713974
-0.561530
-0.276855
1.000000
0.332483
-0.587012
-0.646664
0.300628
0.051170
0.099990
-0.413169
0.325743
0.695313
-1.000000
-0.513654
-0.166406
-0.025787
-0.567055
0.599936
-0.422878
0.815862
-1.000000
-0.628463
1.000000
0.284801
0.892079
-0.547858
0.888463
0.058950
-0.680630
-0.957062
-0.324184
-0.170527
-0.096085
0.085697
0.027133
-0.704261
-0.268905
0.271285
-0.350323
-0.581549
0.887621
0.871443
0.604306
0.548231
-0.509736
0.512410
0.577695
0.474450
0.931267
0.607184
-0.825416
0.806152
-0.276880
-0.963422
-0.656602
0.377253
0.648450
-0.564614
-0.054132
1.000000
-0.967551
0.023092
0.361514
0.434524
-0.884264
0.578910
-0.195532
-0.400140
0.313840
-0.242493
-0.847194
-0.701409
0.575078
0.307572
-0.553364
-0.009702
0.438181
-0.387237
0.418267
0.915239
0.688524
0.724366
-0.148175
-0.379421
0.200682
0.368783
0.110594
0.909512
0.262909
-0.130969
0.743425
-0.913716
0.865763
0.742787
-0.136658
-0.615046
0.918274
0.501021
-0.738681
-0.237733
0.098122
0.437806
0.107477
0.608166
-0.556773
0.176661
-0.872989
0.748602
-0.161565
-0.752163
-0.670504
-0.735122
0.329761
-0.573114
0.602323
0.218673
1.000000
-0.251714
1.000000
0.814846
-0.884294
0.657560
-0.180509
-0.238291
0.044493
0.670974
0.780276
-0.267236
-0.686539
-0.002710
-0.492603
0.295619
-0.607267
-1.000000
-0.328171
0.694365
-0.144198
0.442481
0.462360
0.330424
-0.075644
-0.341948
-1.000000
0.462274
1.000000
0.274333
-0.331276
-0.610954
-0.001556
0.687207
0.116867
-0.390957
-0.058209
0.274181
0.844577
-0.128572
-0.288325
0.291487
0.329743
-0.821048
0.468389
0.553371
-0.500339
-0.886938
0.983753
0.152627
0.074194
0.778956
-0.255228
-0.897192
-0.086972
-0.095279
0.641321
-1.000000
-0.242558
0.142973
-0.028808
-0.750439
0.889734
-0.001042
-0.635145
-0.290854
0.257776
-1.000000
0.454270
-0.407911
0.206671
-0.164255
0.658653
-0.672387
0.478543
0.399995
0.315961
-0.547741
-0.228252
1.000000
-0.131372
-0.701630
0.711864
0.378678
-0.002550
0.147950
-0.132408
0.179593
-0.596879
-0.672944
-0.946565
-0.745362
-0.112103
-0.252977
0.929460
0.756775
0.233133
0.322121
-0.424891
-0.896161
-0.784566
0.393508
0.232076
0.534031
0.479201
-0.119235
-0.819198
-0.097451
-0.852819
-0.246095
-0.232928
0.626410
-0.402328
0.646840
0.365994
1.000000
0.074996
-0.450737
0.919554
-0.614286
0.267186
0.784956
-0.362555
-0.656965
-0.324193
-0.978505
-0.752679
0.883658
0.559257
0.551094
-0.286153
-1.000000
0.458384
0.128271
-0.319243
-1.000000
-0.178611
0.715670
-0.530325
-0.846903
-0.360698
0.324059
-0.731491
1.000000
0.903062
-0.774027
-1.000000
-0.854230
-0.978832
0.748822
-0.683469
0.237927
-0.738671
0.808297
-0.437847
0.135189
-0.632927
-0.558353
-0.635242
0.211035
-0.682568
0.453995
0.078114
0.559907
0.186374
-0.940077
-0.314518
0.155280
0.738506
0.385380
0.591754
0.378469
-0.171031
0.890148
0.574032
0.501058
0.529952
0.977602
0.251115
1.000000
0.189292
0.838813
0.207541
0.481388
-0.421335
-0.299196
0.311061
0.207515
0.637745
-0.052505
-1.000000
0.824698
-0.688329
-0.947614
-0.356976
-0.160690
-0.375586
0.369855
-0.085489
0.858221
0.351308
0.426570
0.261026
-0.966152
0.122261
-0.339414
-0.107970
-0.329521
-0.712788
0.888265
-1.000000
-0.434403
-0.930934
-0.007261
-0.327266
-0.465145
-0.638418
0.278145
-0.498442
0.387100
-0.057878
-0.373308
-0.933586
-0.629265
0.696014
0.466244
0.876667
1.000000
-0.028192
-0.410918
-0.939205
-0.214550
-0.834044
-0.808963
0.910588
0.106142
-0.887465
0.710041
-0.363787
0.735664
-0.451096
-0.475385
-0.250490
0.631686
0.109461
-1.000000
0.001540
0.301456
0.297133
0.469945
-0.256899
0.736040
-0.408439
-0.647206
0.020615
0.385988
-0.177823
-0.955614
0.702427
0.580357
-0.051076
-0.055565
-0.079910
-0.079486
-0.296041
-0.468998
-0.717568
-0.358783
0.882294
0.531357
-1.000000
0.415987
-0.498246
-0.219235
0.371298
0.278032
0.688279
-0.272587
-0.176772
-0.516242
0.090469
-0.119946
-0.724290
0.541027
-0.007447
0.519995
-0.164179
-0.360768
0.593708
0.040614
-1.000000
0.562540
-0.229577
-0.125711
0.503763
0.530474
0.977992
-0.568581
-0.488261
1.000000
-0.659281
0.518017
0.077965
0.948404
-0.937769
1.000000
-0.140888
-0.069713
-0.572782
0.306230
-0.345076
-0.061084
-0.249260
0.443134
0.843990
0.359831
-0.909759
0.298517
0.068505
0.275116
0.602492
-0.160783
-0.245331
-0.080755
0.096963
-1.000000
1.000000
-0.184792
-0.695240
0.101491
0.612737
-0.180543
0.921088
0.832503
-0.739247
-0.395295
0.590776
0.148992
0.137163
0.300342
0.011971
0.797719
-0.788084
0.960894
0.194507
-0.412716
-0.846517
0.609315
-0.112610
0.530642
0.608202
-0.868115
0.118789
-0.054740
0.036189
0.301778
0.438481
0.615154
0.158844
-0.040558
-0.460790
0.955567
0.651969
-0.224218
0.173036
-0.502361
0.509952
0.388939
-0.732129
0.471240
-0.522402
0.605505
0.299058
-0.386152
1.000000
0.182308
-0.347257
-0.337274
0.421426
-0.113271
0.812143
-0.619680
0.384260
-0.860998
-0.825945
-0.055900
-0.009936
0.580096
0.256972
1.000000
0.322582
0.528981
-0.194558
-0.143804
0.317118
0.819897
-0.193378
-0.245625
0.493400
0.161253
0.629630
-0.184483
-0.484270
-0.210037
0.459768
-0.442348
0.366188
-0.475867
0.188634
-0.244806
-0.357403
-0.312567
-0.098561
0.690574
0.238491
0.807399
-0.945829
-0.357935
-1.000000
0.197874
-0.751329
-0.798520
0.200213
0.959060
-0.507041
-0.120301
-0.007541
0.144118
0.833613
-0.346485
0.243530
-0.631499
-1.000000
0.444139
-0.352833
0.433092
0.320241
-0.834810
-0.223370
0.765122
-0.642979
-0.193339
-0.758860
0.438180
-0.042965
0.077963
-0.646446
0.917201
-0.521237
0.430843
0.811167
-0.526076
-0.056362
-0.789166
-0.052125
-0.552866
0.958750
-0.681550
0.954064
0.217406
0.638973
0.960639
0.183972
0.420616
1.000000
-0.053308
0.095821
1.000000
-0.592624
0.979425
0.111654
0.843996
0.268787
-0.541786
0.418441
-0.569327
-0.853954
-0.205178
-0.015931
-0.507986
-0.065068
0.937058
0.113143
0.195441
-0.311116
-0.093492
0.651611
0.337092
-0.980801
0.945818
0.162355
-0.204006
0.505150
0.426763
0.269341
-0.465641
-0.272821
-0.822533
0.920245
0.350428
0.360728
-0.884275
-0.414132
-0.254211
-0.819724
0.119300
-1.000000
-0.042379
-0.266550
-0.422084
0.228855
-0.536483
-0.262559
-0.056944
1.000000
0.029705
-0.175416
-0.915616
1.000000
0.136060
-0.183738
-0.619252
0.655861
-0.051272
-0.230163
-0.434978
-0.833902
-0.732293
0.812851
0.212603
-0.547830
0.179127
0.976795
0.000810
-1.000000
-0.128989
0.920264
0.593757
0.441995
-0.911535
1.000000
0.554131
0.515313
0.607588
0.329557
-0.883565
0.047064
-0.641212
-0.053996
0.262135
0.414264
0.770471
-0.641869
-0.620546
-0.009042
-0.727832
0.070121
0.501399
-0.129788
0.746006
0.637496
0.775700
0.445446
0.117005
-0.175505
0.025448
-1.000000
0.725862
-0.214466
-0.473728
0.267270
0.172133
-0.054039
0.525521
-1.000000
0.561807
-0.487839
0.417722
0.796492
0.695198
-0.583555
-0.421811
0.167467
0.279035
-0.557651
0.986940
-0.320039
-0.572198
0.537009
0.153651
-0.354222
-0.376060
0.346391
0.297478
-0.702669
0.159678
0.320743
-0.526543
0.398750
0.517061
-0.370564
-0.404773
-0.723260
0.060747
0.106750
-0.090261
-0.462371
0.868065
0.119334
0.109369
0.505333
0.324767
0.250176
-0.056068
0.153120
-1.000000
0.854512
0.731730
0.139980
0.642278
-0.219857
-1.000000
-0.413106
-0.198606
-0.203279
-0.675040
0.456971
0.572584
-0.068511
0.387164
0.893307
-0.049151
-0.192098
0.844674
-0.107980
0.796664
-0.361128
1.000000
0.019402
0.654020
0.497948
-0.084691
-0.143670
0.353618
-0.633097
-0.577195
0.762705
0.095331
-0.754347
-0.552118
-0.304411
-0.850689
0.922156
0.357170
-0.039489
0.454389
-0.040972
0.427897
0.882238
0.168245
-0.459291
0.333615
-0.637204
-0.622920
-0.998146
0.114557
0.726358
0.102461
0.377642
-0.289914
-0.011067
0.260842
-0.951202
0.542724
0.251654
-0.821474
0.411104
0.307780
-0.048899
0.956989
0.040537
-1.000000
0.193375
1.000000
0.277243
-0.780869
-0.225143
0.305742
0.574826
0.818051
-0.415787
-0.579317
-0.705580
-0.123148
-0.586000
-0.434271
-0.147296
-0.107786
-0.416555
0.605428
0.083380
0.068877
-0.102389
-0.175928
-0.004159
-1.000000
0.439105
-0.461458
0.378332
0.276946
-0.665276
0.650421
0.711400
-0.673346
0.285801
0.954548
-0.250258
0.416815
0.993691
0.760417
0.508106
-0.820074
-0.328616
0.918961
-0.708120
-0.639182
0.370077
-0.707417
-0.215879
0.809529
0.433851
-0.129477
0.061480
0.695021
0.966524
-0.295941
-0.233752
0.201899
0.575775
-0.513090
0.144313
-0.216720
-0.247009
1.000000
-0.846332
-0.342145
0.921298
0.787809
0.548108
0.381446
-0.042718
0.514751
0.569230
0.808379
-0.323228
-0.884848
0.378514
-0.871237
-0.463852
-0.447970
0.191681
0.852549
-0.676441
0.899893
0.774015
0.322507
-0.527426
-0.719099
-0.356288
-0.309849
0.965326
-0.258186
0.359445
0.024227
-0.083280
-0.853671
-0.680728
0.974489
-0.157939
-0.841797
0.633895
-1.000000
-0.586383
-0.682885
0.583944
-0.208026
0.537128
-0.116307
-0.748339
0.339625
0.133319
0.114253
0.407512
-1.000000
-0.769885
0.590867
0.143040
0.401798
-0.249406
0.321245
-0.421450
-0.754595
-0.401765
-0.152065
-0.249283
-0.098983
-0.005191
-0.174229
0.727266
0.781219
-0.750855
-0.436006
0.517902
0.697756
-0.354194
-0.136827
-0.268438
1.000000
-0.041860
0.857482
1.000000
0.956202
0.284772
1.000000
0.458558
-0.498580
-0.185603
-0.757308
-0.745682
-0.455787
0.400717
-0.060830
-0.329216
0.623103
-0.874045
0.477041
1.000000
-0.801969
0.800682
0.034582
-0.739564
0.990164
0.568066
0.910585
0.691291
-0.645847
0.105672
-0.930208
-0.060357
0.181920
0.440731
-0.285820
0.965886
0.476275
0.492435
0.713350
0.005115
-0.172224
-0.057943
0.144112
-0.506078
-0.098131
0.928459
0.271543
0.332703
-0.099639
-0.876309
-0.215358
-0.214064
-0.356191
0.090518
0.578459
-0.342924
0.208506
-0.810590
0.066007
0.051935
0.022415
0.716422
-0.763268
-0.754598
-0.432785
0.757258
0.503125
0.370533
-0.503115
-0.881311
-0.123657
-0.042145
0.605142
0.001655
0.361823
-1.000000
0.889609
0.740727
-0.885617
0.215758
0.498195
-1.000000
0.480685
0.276483
-0.424471
0.349838
-0.285848
-0.293629
-0.924444
0.536828
-0.150518
0.452717
-0.714062
0.220182
0.713785
0.667375
0.806814
0.219015
0.159438
-0.197910
0.294848
-0.457879
-0.806396
0.812030
-0.207952
-0.619650
-0.121446
-0.504276
-0.668566
0.354657
-0.293613
0.308546
-0.823063
-0.871299
0.550338
0.218789
0.577796
0.832691
0.600133
0.480242
-0.042569
-0.300036
-0.127968
0.679071
-0.421306
-0.605751
0.912974
-1.000000
-1.000000
-0.680905
0.898295
0.236410
0.539254
-0.434855
0.087209
0.183913
0.949838
0.801684
0.858136
-0.823250
-0.346854
0.405651
0.408524
-0.660444
0.444175
-0.766342
-0.206062
0.329777
-0.352941
1.000000
-0.863753
-0.775831
0.209625
-0.313575
-0.217916
-0.258776
0.951793
0.874337
-0.593311
0.485933
0.221673
0.196401
-0.873904
-0.130023
-0.227631
0.790565
-0.269788
-1.000000
-0.398952
0.461775
0.894273
0.137780
0.232441
-0.187241
-0.602170
1.000000
-0.145165
-0.652052
-0.728585
0.273727
0.004485
-0.203833
-0.500807
-0.420879
-0.668769
0.386947
-0.259436
0.616761
-0.021810
0.061546
-0.866138
-0.386614
-0.159060
-0.433887
0.205361
0.262131
-0.019749
-0.230123
-0.118474
-0.417504
0.590239
-0.021694
0.105122
-0.782943
-0.478037
0.575317
-0.422103
-0.658528
-0.101459
0.869259
-0.369715
0.269986
-0.397188
-0.604228
-0.029647
-0.776937
-0.606705
-0.257493
-0.104532
0.606589
-0.629716
0.734904
0.978307
0.186798
-0.553228
-0.132294
0.640047
-0.489883
0.400058
-0.283312
-0.076354
-0.556195
-1.000000
0.315355
0.028260
-0.864471
0.901933
-0.553910
-0.081920
0.658213
0.881501
-0.692385
0.651003
0.260401
0.724424
-0.980337
0.431847
0.279512
-0.570568
0.138099
0.912406
0.156707
0.219318
0.777393
-0.302099
0.153941
-0.943492
0.559506
-0.201611
-0.583995
-0.450504
0.706777
-0.676129
0.031487
-0.765462
-0.479780
1.000000
-0.677136
0.003464
0.043043
0.493320
0.357450
-0.340206
0.847269
0.209441
0.166443
0.231466
0.485942
0.350307
0.814973
-0.947034
0.322904
-0.474171
-0.413598
-0.330604
-0.294823
-0.084319
0.865108
-0.864958
0.037849
-0.503013
-0.272741
0.296964
0.446832
0.776945
0.485790
-0.945797
-0.112251
-0.225021
0.949841
0.819842
-0.464452
-0.075479
0.670900
-0.232305
-0.750761
-0.080908
0.156641
0.374372
-0.907184
0.527221
-0.238713
0.420103
-0.927302
0.307050
-0.147495
-0.471017
-0.603211
0.063000
-0.476615
0.800073
0.432254
0.919959
0.484887
0.166513
-0.556984
0.289099
-0.074860
-0.966165
0.176110
0.554130
0.521287
0.768180
-0.379212
-0.448649
0.076602
-0.088305
0.348320
-0.980281
0.130874
-0.374413
-0.066271
0.193183
0.396841
-0.546008
-0.934372
0.019508
0.202716
0.267300
-0.272203
0.253660
-0.660670
-0.406203
-0.260953
-0.451922
-0.528563
0.298046
0.180884
-0.037638
0.612312
-0.328053
0.029342
0.049364
0.599394
-0.758113
-0.427718
-0.313542
-0.207799
0.687686
-0.166339
-0.729294
1.000000
0.574105
0.068028
-0.648098
-0.194489
-0.861471
0.913556
1.000000
0.353806
-0.034108
0.822436
0.808498
-0.411327
-0.414109
0.125934
-0.223079
0.604230
0.316723
0.326553
-0.047557
-0.149510
-0.179166
0.073167
0.740723
1.000000
0.977505
-0.746008
0.102035
-0.354258
0.894786
-0.431472
-0.049387
0.319810
-0.353690
0.205383
-0.390018
0.949240
-0.967093
0.285273
0.716863
0.486186
-0.320091
-0.246204
-1.000000
0.105418
0.764437
0.101044
0.628536
0.268405
-0.648287
0.185626
0.109389
0.733064
-0.434805
-0.616036
-0.210528
0.853135
0.138430
-0.241159
0.114125
-0.023502
0.027726
-0.380422
0.077124
-0.494253
-0.203117
0.287466
0.459053
-0.619795
-0.332116
-0.057642
-0.971103
-0.113028
0.829104
-0.325988
0.390452
-0.498856
-0.797413
-0.119192
-0.750629
1.000000
1.000000
0.415707
-0.833021
0.150970
0.323976
-0.369707
-0.002648
1.000000
0.012903
0.180028
0.321684
0.803075
0.746624
-0.330018
-0.794953
-0.469762
0.128201
1.000000
-0.489264
0.340555
0.443361
-0.161731
0.252325
0.806189
-0.859323
0.751237
-0.135504
-0.023315
0.683665
0.253541
-0.054379
-0.801602
0.142726
0.700431
-0.765260
0.652062
-0.655713
-0.357217
-0.255517
-0.443802
0.105235
-0.778060
-0.897479
-0.564748
0.896210
-0.284302
-1.000000
1.000000
0.400267
-0.708118
-0.266262
-0.082078
-0.139842
0.083415
-0.840164
-0.657172
-0.229661
0.448459
0.689668
0.257731
-0.340293
-0.067617
-0.388959
-0.293500
0.507055
-0.188108
-0.379832
-0.228988
0.118546
-0.249991
0.955674
-0.082119
1.000000
0.155159
-0.269753
-0.001434
0.126872
0.644657
-0.763887
-0.134379
0.269680
-0.594643
0.427730
-0.079458
0.776998
0.744495
-0.835303
-0.369671
-0.287379
0.023269
0.491344
-0.198132
0.127881
-0.000861
0.013285
1.000000
0.414358
-0.354251
0.457881
0.296962
-0.274319
0.284982
0.336344
0.131300
0.150662
0.787503
-1.000000
-0.702500
0.333160
-0.499891
-0.780448
0.032783
-0.928427
-0.085207
1.000000
0.739453
0.359136
-0.378922
0.454666
-0.196117
-0.463784
0.444756
0.069717
0.174289
-1.000000
-0.848301
-0.040782
-0.960230
0.559161
0.306583
0.388646
1.000000
-0.119038
-0.913906
1.000000
0.826406
-0.203773
-0.354955
-0.310815
0.972220
-0.802689
0.011307
-0.553385
0.925836
0.192960
-0.414025
-0.458886
0.962415
-0.743260
-0.038897
0.302610
0.506238
-0.085073
-0.025176
-0.980166
0.005220
0.647148
-0.189818
0.609521
1.000000
0.815498
-0.070791
0.584098
-0.292589
-0.284798
-0.673659
-0.025112
-0.170506
-0.352522
-0.602498
-0.336907
0.550517
-0.472677
-0.001907
0.307567
0.801302
-1.000000
0.729693
0.324698
0.981342
-0.531012
-0.483035
-0.010985
-0.384716
0.348716
-0.475178
0.328891
0.246080
0.824726
-0.098983
0.740892
-0.028989
-0.373921
-0.626459
-0.063102
-0.093220
-0.084677
-0.092694
-0.730681
1.000000
0.522218
0.784742
0.159085
-0.729529
0.244145
-0.067695
-0.321417
-0.060817
0.791628
-0.965256
-0.682072
-0.724530
-0.928604
-0.395695
0.796134
0.379541
-0.732202
-0.623080
-0.830163
0.236798
0.076934
0.271470
0.278848
0.026176
0.525636
0.539062
0.319343
1.000000
-0.086564
0.408001
0.707733
0.135415
0.973845
0.636729
0.630661
0.753897
0.542904
-0.457687
-0.885142
0.386038
-0.309000
0.420105
-0.594232
0.919811
1.000000
-0.061832
0.308285
-0.125392
-0.310766
0.405430
0.099921
-0.468087
0.251109
-0.725697
-0.805912
0.334813
-0.351141
-0.137804
-0.911975
0.034315
-0.625038
1.000000
0.471537
0.871610
0.052133
-0.059611
0.311526
-1.000000
0.938890
0.397342
-0.207535
-0.581393
0.682112
-0.849623
-0.452642
-0.584080
0.006570
-0.320422
-0.168552
-1.000000
0.733088
0.812557
-0.527542
0.414621
-0.020188
-0.366058
0.509100
0.189096
0.795682
-0.548397
-0.794916
-0.748188
0.984976
-0.195792
-0.594896
-1.000000
-0.869081
-1.000000
0.714543
0.574369
-0.178027
-0.647913
-0.605517
0.740426
-0.027748
-0.680661
-0.401402
-0.205104
0.188010
-0.157833
-0.243409
0.558420
0.323401
0.979469
0.406630
-0.465898
0.009943
0.268228
0.174713
0.661041
-0.687544
0.020261
0.557138
0.707765
-0.164699
-0.163162
0.812181
-0.036332
-0.586690
-0.851882
-0.999698
-0.058706
0.349999
-0.127442
0.468261
-0.383135
-0.418566
-0.474224
-0.474041
-0.903536
0.809615
-0.345891
-0.347464
-0.078365
-0.452609
0.787818
-1.000000
0.738033
0.326186
-0.182485
0.618952
-0.139482
0.732252
-0.629949
0.471168
1.000000
-0.232019
-0.696586
0.989918
0.472625
0.716413
-0.426535
0.994644
-0.450576
0.868813
-0.398141
0.924062
-0.298572
0.026967
-0.044489
-0.622653
-0.373948
0.104256
-0.851314
-0.014092
-0.027237
-0.691722
-0.157049
-0.942264
0.112277
0.207426
-0.926538
0.549234
-0.371442
-0.018633
-0.249795
-0.369413
0.951920
0.113312
-0.454394
0.774140
-0.909133
0.660093
-0.450618
0.704001
0.800185
-0.327514
0.643591
-0.101369
0.717650
-0.607130
0.401888
-0.340857
1.000000
0.188350
0.678844
0.042933
0.895748
-0.069801
-0.734642
0.809358
-0.504807
-0.360366
1.000000
0.768780
0.695627
-0.571437
0.134742
-0.464439
-0.568124
-0.656692
0.174569
-0.816931
-0.032829
0.368746
0.084502
0.094018
-0.301325
1.000000
0.296343
0.613135
-1.000000
-0.071502
-0.289646
0.152071
0.606682
-1.000000
-0.030765
0.251350
-0.020704
-0.736334
0.303409
0.623759
0.218483
-0.468688
-0.049545
0.933721
0.930648
0.088542
-0.530461
0.795772
0.016437
-0.912055
-0.463018
0.298733
0.488922
-0.110837
-0.839336
0.486056
-0.083156
-0.324812
-0.878710
0.970147
-0.991719
0.303777
-0.247478
0.643336
0.389646
0.348370
0.888013
0.095184
-0.206708
0.195362
-0.885602
0.156847
-0.281756
-0.082371
-0.910396
-0.465735
-0.940988
0.651375
0.121523
-0.071607
0.046481
0.030955
-0.495906
-0.719504
-0.067566
-0.606633
0.185793
0.067038
-1.000000
0.457320
-0.752529
-0.402636
-0.687986
0.878676
-0.830846
0.468647
-0.031942
-0.964858
0.654067
0.073758
-0.608903
0.650207
-0.952433
0.084042
-0.561676
-0.126806
-0.499188
-0.170995
0.195328
-0.869298
0.812452
0.346594
-0.565940
-0.286336
0.123308
0.270633
0.717184
0.601079
-0.179890
0.922339
0.583620
0.251702
0.187780
0.256349
0.910795
0.252301
-0.097935
-0.200147
-0.731359
0.581934
0.066117
-0.085048
-0.331725
-0.317898
0.906189
0.587800
-0.094331
0.198883
0.614739
0.468445
-0.186407
0.565149
0.428801
0.282598
0.072189
0.444618
0.030661
1.000000
-0.255184
0.931552
0.322264
-0.615586
-0.880417
-0.494244
0.507374
0.807971
-1.000000
0.949974
1.000000
0.494736
0.422588
-0.224912
0.011372
-0.517373
0.017015
-0.031984
0.069468
0.120469
0.104746
-0.097259
0.002095
0.691820
0.054397
0.027599
0.093922
0.032689
0.020393
0.016488
0.294407
0.019919
0.023633
0.060810
0.282393
0.080137
0.106855
0.072903
0.019617
0.162628
0.043016
0.143419
0.007601
0.013940
0.025502
0.003109
0.083041
0.015261
0.255158
0.586680
0.027089
0.061009
0.037456
0.026602
0.145924
0.028697
0.027751
0.062267
0.025251
0.063805
0.050407
0.161430
0.117780
0.096396
0.033811
0.041753
0.001464
0.066104
0.024300
0.014435
0.480610
0.020644
0.068222
0.056920
0.021175
0.051632
0.031455
0.015243
0.001676
0.064143
0.013750
0.027550
0.045019
0.071295
0.056784
0.043578
0.042893
0.098971
0.090444
0.015206
0.146977
0.035334
0.010290
0.020821
0.007328
0.175597
0.162050
0.016461
0.016842
0.074993
0.008387
0.016704
0.005497
0.006558
0.059215
0.023003
0.099046
0.087091
0.038202
0.058244
0.025745
0.099664
0.114793
0.258413
0.059403
0.158580
0.019544
0.017687
0.091693
0.019326
0.017490
0.014460
0.224384
0.070168
0.129472
0.284485
0.104532
0.026444
0.053290
0.191920
0.017853
0.015942
0.102368
0.043503
0.008004
0.010796
0.058103
0.035808
0.045163
0.018334
0.024386
0.044427
0.037628
0.037988
0.057133
0.058509
0.106126
0.008271
0.028393
0.018674
0.140108
0.009104
0.030952
0.051086
0.006947
0.003583
0.023195
0.042531
0.127794
0.099329
0.126361
0.059706
0.014475
0.025524
0.031770
0.054970
0.069947
0.025225
0.004550
0.175844
0.020175
0.189051
0.043594
0.058392
0.003737
0.633217
0.019692
0.038391
0.093644
0.189571
0.108247
0.029364
0.046177
0.059622
0.042663
0.610467
0.013771
0.007149
0.022323
0.068522
0.022128
0.019331
0.163836
0.005286
0.148480
0.105998
0.466390
0.097874
0.014071
0.921290
0.027487
0.289194
0.008056
0.062694
0.062518
0.183085
0.166228
0.048660
0.014205
0.065669
0.145575
0.018326
0.090299
0.230477
0.507251
0.047365
0.044129
0.172772
0.002624
0.011337
0.193792
0.049045
0.018191
0.108805
0.030913
0.022226
0.016099
0.194431
0.031695
0.073965
0.039254
0.194622
0.105278
0.156990
0.086710
0.034430
0.060470
0.007613
0.077951
0.016305
0.038783
0.127589
0.118393
0.014756
0.028416
0.008129
0.108658
0.199495
0.085193
0.059436
0.057775
0.060763
0.242492
0.060609
0.073199
0.114951
0.071068
0.087881
0.020239
0.028636
0.112922
0.142739
0.066946
0.025912
0.042830
0.013020
0.087620
0.192419
0.035173
0.015884
0.173233
0.133338
0.484422
0.052549
0.743406
0.007055
0.010989
0.077804
0.007420
0.011921
0.006307
0.105440
0.060011
0.240600
0.193625
0.049886
0.006509
0.098018
0.502095
0.274087
0.011307
0.038658
0.113412
0.027670
0.011473
0.027056
0.031895
0.032296
0.166787
0.036769
0.096445
0.055523
0.016925
0.037390
0.009205
0.106437
0.061612
0.058547
0.008867
0.130039
0.013897
0.109073
0.023533
0.048386
0.072361
0.260550
0.012621
0.096324
0.050648
0.046222
0.083342
0.006405
0.111151
0.043710
0.032009
0.005833
0.169296
0.048836
0.041432
0.109504
0.038351
0.003909
0.030821
0.201159
0.182586
0.121058
0.033055
0.247986
0.189422
0.200602
0.127077
0.066702
0.043248
0.083299
0.010483
0.027353
0.043355
0.191981
0.010589
0.027869
0.017230
0.003090
0.034313
0.034558
0.058636
0.026928
0.021200
0.094796
0.034660
0.046856
0.035950
0.049347
0.097512
0.021926
0.174717
0.042623
0.403363
0.036772
0.001778
0.151407
0.035109
0.013381
0.030916
0.026679
0.037753
0.038317
0.052707
0.055650
0.025524
0.021106
0.019535
0.011393
0.062841
0.043648
0.105042
0.107606
0.003877
0.269549
0.668240
0.745932
0.269790
0.072902
0.056842
0.028341
0.049610
0.306792
0.045870
0.064705
0.052808
0.028537
0.234681
0.055968
0.055417
0.294597
0.038335
0.047271
0.041091
0.459476
0.037994
0.053168
0.074774
0.018625
0.081958
0.070093
0.165437
0.042779
0.031705
0.101619
0.019559
0.158203
0.245794
0.212403
0.021228
0.088628
0.149686
0.084073
0.082633
0.049589
0.570533
0.027907
0.013170
0.029691
0.002404
0.038087
0.049454
0.042677
0.359120
0.105524
0.012903
0.009510
0.049859
0.535573
0.005621
0.088692
0.055423
0.009939
0.054020
0.008636
0.208392
0.035703
0.026352
0.105530
0.300389
0.030723
0.145330
0.064423
0.030793
0.003727
0.108880
0.038648
0.020434
0.101268
0.028599
0.022112
0.124811
0.022535
0.658341
0.013694
0.030727
0.052074
0.088759
0.027326
0.029355
0.179957
0.018483
0.182536
0.100335
0.007118
0.076097
0.024578
0.021983
0.018418
0.017358
0.048421
0.048445
0.015403
0.071899
0.018961
0.006578
0.001685
0.108861
0.178257
0.020593
0.024670
0.014480
0.064062
0.006047
0.069212
0.270384
0.025722
0.208316
0.022986
0.055468
0.031544
0.104928
0.044336
0.023265
0.013268
0.015629
0.032445
0.018342
0.062821
0.009021
0.214736
0.021078
0.011468
0.028470
0.135156
0.098399
0.033220
0.005260
0.013848
0.034377
0.035314
0.065438
0.129530
0.028316
0.026841
0.507575
0.025029
0.059261
0.423037
0.009609
0.055463
0.010291
0.008081
0.111254
0.033163
0.025487
0.059508
0.008640
0.050516
0.355234
0.016423
0.010544
0.037248
0.122827
0.034716
0.035524
0.223527
0.062828
0.180292
0.039705
0.149074
0.427732
0.010700
0.267608
0.064307
0.247062
0.027040
0.012539
0.320112
0.065156
0.042505
0.005213
0.009906
0.045234
0.013900
0.025179
0.277221
0.005200
0.144657
0.034679
0.009132
0.108424
0.131046
0.408885
0.001396
0.013282
0.456391
0.135008
0.040393
0.033550
0.029602
0.156339
0.001865
0.290513
0.018528
0.040935
0.548170
0.025856
0.040197
0.071697
0.407410
0.037235
0.391347
0.108823
0.011662
0.495782
0.294250
0.005596
0.438800
0.039009
0.206356
0.016490
0.028219
0.129120
0.008627
0.024900
0.327033
0.065403
0.011365
0.051970
0.276339
0.035814
0.047753
0.040110
0.010849
0.049753
0.044846
0.030815
0.145194
0.063864
0.095396
0.030358
0.046249
0.011749
0.004953
0.034417
0.103887
0.235042
0.003593
0.099249
0.054160
0.284681
0.005208
0.031057
0.061540
0.046494
0.062838
0.137067
0.027258
0.034326
0.066090
0.029966
0.054779
0.081008
0.009695
0.012169
0.049345
0.127855
0.029561
0.344962
0.018719
0.012869
0.071561
0.175394
0.169749
0.067476
0.064378
0.060175
0.040138
0.042328
0.020897
0.117542
0.062422
0.140745
0.214063
0.034354
0.212856
0.371562
0.199875
0.003895
0.015042
0.058698
0.082190
0.007879
0.030248
0.130960
0.078129
0.059326
0.018782
0.341595
0.072216
0.017683
0.063834
0.052263
0.028049
0.016321
0.015877
0.023035
0.019658
0.041142
0.024447
0.081519
0.136988
0.115246
0.002663
0.015446
0.065964
0.019121
0.232759
0.281445
0.349092
0.003432
0.022975
0.012628
0.106976
0.065267
0.080252
0.004629
0.110628
0.009923
0.028224
0.330367
0.316751
0.057353
0.028326
0.053317
0.292055
0.475628
0.033181
0.541911
0.030213
0.212469
0.152915
0.155027
0.227985
0.087044
0.082805
0.022765
0.031879
0.008060
0.036758
0.004795
0.093463
0.273237
0.124721
0.046639
0.070276
0.022248
0.063365
0.005368
0.143347
0.040191
0.175198
0.583758
0.038808
0.303282
0.115269
0.065221
0.052097
0.029081
0.009125
0.005200
0.022830
0.049130
0.008485
0.036889
0.004696
0.250840
0.089300
0.020748
0.154505
0.241744
0.046083
0.184089
0.036661
0.092447
0.035684
0.038865
0.285607
0.021152
0.009976
0.059496
0.439650
0.044744
0.005793
0.004924
0.009375
0.013985
0.007914
0.020961
0.015632
0.010280
0.033822
0.091122
0.143174
0.024889
0.050620
0.268978
0.436087
0.011493
0.058081
0.019214
0.006918
0.029123
0.085420
0.019862
0.004025
0.524990
0.234910
0.191985
0.034077
0.028311
0.062048
0.305277
0.164130
0.025607
0.041972
0.005673
0.045386
0.010925
0.099781
0.086946
0.069986
0.006227
0.084974
0.038528
0.214501
0.065519
0.014845
0.022760
0.932670
0.007928
0.000869
0.027322
0.023426
0.014500
0.013922
0.123903
0.019107
0.007808
0.278860
0.159944
0.042188
0.092663
0.027945
0.014823
0.102180
0.006073
0.041530
0.056772
0.006316
0.008129
0.016976
0.015429
0.094666
0.041447
0.011304
0.018106
0.032207
0.587548
0.205625
0.022830
0.009880
0.053207
0.148286
0.099552
0.017864
0.061515
0.098889
0.028201
0.021444
0.062744
0.082835
0.105219
0.360318
0.107917
0.018909
0.333420
0.135130
0.178761
0.071672
0.015869
0.100171
0.017556
0.018332
0.741648
0.019408
0.132007
0.142294
0.076120
0.049085
0.052354
0.007044
0.011473
0.312701
0.007864
0.062861
0.039348
0.071293
0.093389
0.101633
0.019259
0.149025
0.059793
0.149124
0.025741
0.005935
0.061714
0.027332
0.032161
0.023354
0.051871
0.053329
0.278823
0.183807
0.037439
0.012495
0.144472
0.068427
0.268094
0.005839
0.113448
0.068245
0.013593
0.082168
0.027744
0.030960
0.047647
0.017182
0.389371
0.007581
0.032802
0.012364
0.015132
0.002778
0.006134
0.143306
0.018469
0.041086
0.044241
0.473723
0.209824
0.025841
0.040650
0.096501
0.223074
0.020753
0.040873
0.245394
0.423238
0.262529
0.016650
0.065467
0.025413
0.117894
0.352849
0.040099
0.004363
0.008114
0.209090
0.071580
0.054412
0.016358
0.039791
0.070528
0.159201
0.236402
0.031999
0.138739
0.029877
0.048475
0.081682
0.130897
0.015656
0.007695
0.061519
0.013794
0.031040
0.039460
0.346264
0.019561
0.149411
0.016058
0.100955
0.046706
0.043166
0.010403
0.111310
0.040615
0.022806
0.278147
0.104499
0.121492
0.031043
0.032251
0.037541
0.064900
0.081030
0.009292
0.109426
0.081531
0.043669
0.109579
0.093665
0.006715
0.303614
0.035673
0.076203
0.014605
0.037452
0.019011
0.007313
0.060565
0.028348
0.016472
0.123596
0.075071
0.364931
0.097246
0.144837
0.169078
0.224220
0.166731
0.179106
0.032891
0.112635
0.044526
0.031118
0.020587
0.081798
0.028899
0.028841
0.010323
0.103168
0.049408
0.022180
0.043264
0.082644
0.080499
0.012062
0.035917
0.416820
0.012146
0.001103
0.026536
0.013224
0.054343
0.009696
0.057541
0.019130
0.048476
0.121566
0.242924
0.231979
0.043250
0.089996
0.019003
0.170668
0.011290
0.013997
0.215121
0.013480
0.024344
0.003724
0.185228
0.208702
0.009281
0.115093
0.049609
0.022176
0.011210
0.024990
0.006994
0.118028
0.242496
0.010567
0.032002
0.026210
0.043801
0.083504
0.058432
0.005688
0.060946
0.033809
0.096001
0.016448
0.314156
0.034497
0.011880
0.341500
0.045727
0.013674
0.037423
0.220609
0.071690
0.023815
0.152120
0.093399
0.492863
0.024101
0.040081
0.031716
0.051585
0.117143
0.044893
0.039637
0.005109
0.015660
0.051195
0.102935
0.027761
0.008035
0.423320
0.047527
0.007254
0.111525
0.171445
0.007636
0.006327
0.180871
0.049278
0.082333
0.115236
0.356354
0.098239
0.091594
0.012540
0.271991
0.135650
0.099409
0.090858
0.089697
0.017551
0.031792
0.165697
0.031052
0.019209
0.044872
0.027413
0.204169
0.015353
0.087917
0.090362
0.033137
0.058105
0.034494
0.138916
0.018519
0.009935
0.009437
0.033105
0.014648
0.098276
0.250601
0.052568
0.137293
0.036688
0.020118
0.353217
0.104069
0.151718
0.015409
0.004386
0.072042
0.019982
0.080444
0.011689
0.078063
0.009720
0.035359
0.018063
0.039134
0.040176
0.047710
0.025271
0.012402
0.235248
0.045091
0.175927
0.012046
0.021438
0.241733
0.335630
0.061634
0.084035
0.019712
0.066042
0.010110
0.007793
0.078485
0.009861
0.016406
0.012186
0.108584
0.010599
0.021830
0.546446
0.022656
0.351762
0.013229
0.034497
0.104507
0.188309
0.044118
0.007554
0.395364
0.076398
0.234303
0.288577
0.040834
0.022536
0.299685
0.408988
0.032572
0.393156
0.231185
0.025932
0.023271
0.042333
0.050596
0.127496
0.002681
0.220458
0.100499
0.000806
0.587271
0.033982
0.174193
0.036180
0.030574
0.018811
0.061793
0.252060
0.030669
0.755749
0.074860
0.022255
0.022941
0.045484
0.200328
0.192629
0.063932
0.019920
0.036219
0.012742
0.052115
0.020044
0.362261
0.191886
0.075756
0.030107
0.012206
0.094369
0.009403
0.023560
0.671555
0.065879
0.055994
0.141389
0.039433
0.031850
0.439749
0.014850
0.004769
0.265772
0.080653
0.025656
0.062459
0.142119
0.170159
0.014485
0.029051
0.037712
0.005636
0.050939
0.012279
0.138482
0.152912
0.026867
0.116729
0.195472
0.039051
0.099581
0.019703
0.028356
0.117201
0.033130
0.018605
0.111547
0.050962
0.017366
0.251008
0.014507
0.002670
0.085388
0.064746
0.093007
0.067270
0.008064
0.028258
0.261639
0.016655
0.017002
0.090253
0.490962
0.241930
0.304979
0.029856
0.327310
0.047199
0.422565
0.136007
0.011461
0.045679
0.182362
0.024310
0.009402
0.008362
0.027574
0.053100
0.056535
0.045203
0.013732
0.035240
0.056984
0.182920
0.048345
0.025160
0.038329
0.004707
0.125423
0.020222
0.259034
0.179822
0.002624
0.004622
0.146938
0.023278
0.033834
0.010155
0.012755
0.007086
0.024265
0.018667
0.010326
0.033043
0.004446
0.111478
0.184816
0.014270
0.083804
0.004290
0.058815
0.066359
0.206108
0.001767
0.181820
0.092930
0.015399
0.280512
0.010096
0.047251
0.103204
0.173705
0.104822
0.014876
0.121525
0.021256
0.025607
0.226642
0.188402
0.373687
0.110658
0.066133
0.006628
0.010921
0.135161
0.045446
0.046586
0.037866
0.032457
0.059433
0.140745
0.019749
0.126269
0.008617
0.005920
0.044874
0.082541
0.389349
0.014677
0.006131
0.027867
0.055887
0.079318
0.032531
0.218618
0.097818
0.039358
0.109182
0.010960
0.047801
0.046925
0.029824
0.091441
0.013840
0.003887
0.041869
0.018098
0.041120
0.151366
0.030144
0.003712
0.399896
0.076911
0.011582
0.015376
0.032557
0.006196
0.166198
0.020376
0.050659
0.025803
0.004743
0.162869
0.085169
0.046357
0.027590
0.042103
0.079317
0.020490
0.103714
0.027425
0.006982
0.137219
0.038627
0.103125
0.025858
0.192643
0.016237
0.070384
0.002331
0.027638
0.047755
0.010773
0.007980
0.061561
0.194587
0.008444
0.027366
0.041244
0.021099
0.061537
0.064622
0.011091
0.047696
0.120352
0.039135
0.027542
0.040170
0.052647
0.005750
0.015914
0.086746
0.286293
0.174186
0.115524
0.037471
0.131437
0.192960
0.017926
0.010090
0.078105
0.080917
0.046849
0.023164
0.111371
0.153321
0.027678
0.019812
0.029157
0.166153
0.015080
0.502534
0.061377
0.007776
0.148689
0.092537
0.068991
0.003869
0.100419
0.230443
0.008446
0.038881
0.184773
0.027680
0.031888
0.011705
0.231988
0.177882
0.052886
0.072051
0.110722
0.054252
0.002955
0.117617
0.012936
0.130765
0.135090
0.021779
0.187394
0.200245
0.060353
0.448323
0.090075
0.266662
0.194311
0.049102
0.011230
0.038745
0.091435
0.053502
0.672346
0.104612
0.015455
0.076758
0.091865
0.021706
0.012356
0.181728
0.053090
0.019074
0.022730
0.058973
0.306523
0.128801
0.020700
0.282620
0.016200
0.106091
0.112940
0.027879
0.029257
0.098871
0.038080
0.087334
0.028044
0.126396
0.042484
0.006401
0.029125
0.024861
0.141505
0.060301
0.012792
0.008562
0.021946
0.405273
0.093909
0.020380
0.026754
0.023197
0.024105
0.024807
0.035936
0.045194
0.007013
0.051921
0.069223
0.256613
0.033819
0.176311
0.002803
0.047142
0.030176
0.230584
0.060680
0.096353
0.039365
0.030750
0.005911
0.025855
0.600669
0.028905
0.007863
0.037724
0.098237
0.441076
0.039805
0.180601
0.108398
0.012592
0.034339
0.009540
0.008232
0.035298
0.012815
0.024250
0.005050
0.009897
0.085074
0.035993
0.019759
0.016183
0.016902
0.022982
0.026589
0.088426
0.019889
0.127684
0.008871
0.138333
0.092746
0.078469
0.143482
0.116451
0.010169
0.002573
0.056791
0.014602
0.007635
0.080744
0.107668
0.386676
0.016519
0.029452
0.040534
0.008465
0.020101
0.423056
0.002314
0.001834
0.034372
0.027211
0.056556
0.058971
0.017189
0.025867
0.042368
0.046009
0.074883
0.007553
0.068497
0.136945
0.108817
0.013300
0.029801
0.150718
0.009389
0.060233
0.021479
0.145902
0.013140
0.021488
0.084499
0.006879
0.011841
0.015554
0.029453
0.029807
0.033727
0.072493
0.102405
0.018684
0.029533
0.034133
0.189210
0.013351
0.047899
0.021000
0.040107
0.063869
0.326884
0.010681
0.053767
0.015445
0.061590
0.112114
0.011336
0.067606
0.039986
0.005708
0.018018
0.123821
0.029239
0.050441
0.044194
0.027693
0.213947
0.015967
0.012574
0.684169
0.098638
0.060341
0.076611
0.023261
0.004657
0.291814
0.014132
0.032199
0.038692
0.077480
0.163607
0.008597
0.039301
0.147713
0.084556
0.054668
0.064616
0.021419
0.029321
0.169169
0.025569
0.154626
0.005357
0.450702
0.064285
0.020820
0.321162
0.050166
0.278631
0.113830
0.027858
0.095520
0.314579
0.124827
0.064475
0.014857
0.025828
0.024431
0.037788
0.075717
0.321856
0.052785
0.089390
0.008929
0.040212
0.115295
0.034235
0.012725
0.013000
0.013777
0.249482
0.134732
0.043149
0.322322
0.062026
0.823964
0.010936
0.030695
0.259969
0.048119
0.110372
0.002277
0.009202
0.039643
0.054735
0.223545
0.011835
0.009209
0.005925
0.019645
0.022686
0.009069
0.047327
0.026419
0.015208
0.029662
0.037968
0.028438
0.053057
0.107796
0.012263
0.053869
0.007767
0.126761
0.007068
0.183115
0.097356
0.022246
0.034051
0.078774
0.134980
0.052294
0.056792
0.012215
0.011105
0.350764
0.164262
0.019748
0.222727
0.022698
0.091026
0.006315
0.014111
0.043177
0.084017
0.033675
0.001718
0.235619
0.017329
0.338755
0.043017
0.025056
0.019766
0.026885
0.037339
0.138524
0.010026
0.036478
0.098300
0.014310
0.051783
0.035469
0.046727
0.291469
0.014651
0.079695
0.336553
0.192883
0.019456
0.064730
0.015843
0.629664
0.253398
0.317947
0.026187
0.009961
0.028872
0.044656
0.012391
0.021269
0.031018
0.011365
0.274436
0.395169
0.009685
0.071352
0.369385
0.046282
0.003209
0.259887
0.104900
0.272543
0.484695
0.793962
0.053828
0.069589
0.075340
0.310955
0.151245
0.059500
0.099185
0.021612
0.023212
0.070432
0.167918
0.015822
0.063798
0.090698
0.086721
0.029452
0.029332
0.002317
0.071756
0.076865
0.186897
0.903967
0.101009
0.065253
0.083831
0.035518
0.042096
0.026307
0.011305
0.018206
0.276215
0.096657
0.009182
0.039272
0.298905
0.023233
0.001033
0.026028
0.018414
0.108916
0.133642
0.208217
0.031726
0.249092
0.144557
0.109526
0.020853
0.071081
0.002257
0.045412
0.040834
0.035580
0.019551
0.013721
0.072418
0.072406
0.109355
0.215498
0.022796
0.018923
0.063213
0.041917
0.047554
0.168025
0.049194
0.028174
0.030849
0.017703
0.044037
0.013662
0.024720
0.010778
0.057414
0.018708
0.049549
0.031466
0.284339
0.179433
0.020962
0.136354
0.147236
0.050712
0.049566
0.034569
0.006514
0.022447
0.048414
0.031683
0.047806
0.255857
0.028682
0.473445
0.067778
0.042408
0.086997
0.144924
0.080489
0.102992
0.008436
0.127584
0.018861
0.173167
0.055365
0.021197
0.012177
0.113599
0.073065
0.091728
0.045166
0.080012
0.022946
0.173193
0.006363
0.066980
0.376541
0.030478
0.198320
0.293787
0.417520
0.082818
0.289193
0.023704
0.078639
0.063347
0.098921
0.065202
0.002188
0.016053
0.038307
0.030711
0.181843
0.009068
0.015378
0.112452
0.010099
0.020108
0.058202
0.012867
0.114967
0.076308
0.049761
0.626461
0.338325
0.004252
0.045604
0.020361
0.161121
0.078282
0.168226
0.329891
0.081797
0.029747
0.028375
0.038111
0.237456
0.102515
0.170998
0.187924
0.019729
0.029372
0.002572
0.334087
0.243186
0.043540
0.044640
0.005674
0.146476
0.109145
0.044657
0.004573
0.047962
0.021604
0.060682
0.434623
0.178069
0.034430
0.192691
0.088302
0.020031
0.072862
0.026937
0.016483
0.049841
0.037826
0.075431
0.478075
0.029932
0.062640
0.021285
0.008125
0.038920
0.043614
0.025206
0.110579
0.048158
0.006408
0.009350
0.010210
0.110744
0.105000
0.013216
0.017188
0.025121
0.011759
0.046790
0.379819
0.016748
0.096748
0.015795
0.013306
0.089877
0.048135
0.086256
0.047234
0.041376
0.004599
0.025619
0.219345
0.040437
0.456530
0.002324
0.021692
0.021534
0.040731
0.026446
0.043829
0.017311
0.015884
0.010969
0.035821
0.046101
0.098768
0.149168
0.066454
0.113117
0.049190
0.034645
0.014634
0.006608
0.031198
0.052138
0.107059
0.004779
0.469378
0.058967
0.052036
0.200859
0.087967
0.014236
0.643554
0.044320
0.110950
0.057155
0.402136
0.037812
0.006823
0.122736
0.043857
0.011001
0.372582
0.097371
0.342072
0.022632
0.029346
0.041910
0.017851
0.031194
0.108578
0.113614
0.076784
0.036047
0.005851
0.029797
0.068719
0.216411
0.032062
0.015176
0.033891
0.113602
0.027953
0.036357
0.028582
0.014796
0.293697
0.033446
0.178673
0.317017
0.005258
0.005120
0.023044
0.020245
0.060563
0.114933
0.023119
0.021597
0.135285
0.047866
0.069804
0.310000
0.052426
0.878943
0.024468
0.006364
0.024183
0.228888
0.094417
0.050700
0.004626
0.002319
0.058119
0.023918
0.094909
0.317482
0.128930
0.017175
0.285986
0.375070
0.150978
0.124612
0.052331
0.009288
0.023768
0.009391
0.009032
0.015586
0.016651
0.009791
0.084921
0.154978
0.043088
0.077197
0.052905
0.043586
0.031933
0.011070
0.025717
0.011445
0.043989
0.333752
0.012287
0.067888
0.079796
0.026500
0.007189
0.031032
0.168587
0.018034
0.208167
0.021322
0.005993
0.079537
0.084901
0.122694
0.039805
0.032483
0.011557
0.080924
0.107449
0.493454
0.195905
0.080274
0.113893
0.101998
0.036309
0.062431
0.014417
0.091000
0.010350
0.158698
0.053055
0.047872
0.006755
0.035877
0.047063
0.016726
0.038971
0.017349
0.030617
0.590311
0.002854
0.064082
0.051340
0.201024
0.066830
0.103058
0.064362
0.055442
0.101351
0.039430
0.072108
0.062965
0.035875
0.006110
0.040030
0.004030
0.061765
0.028864
0.213946
0.027627
0.047581
0.112478
0.023434
0.049447
0.218338
0.050199
0.049382
0.164180
0.318635
0.002208
0.059458
0.040771
0.023181
0.007859
0.037625
0.041765
0.188779
0.055570
0.013481
0.072591
0.043693
0.107261
0.013750
0.010681
0.171804
0.025024
0.075957
0.291818
0.052752
0.078533
0.207378
0.027598
0.022174
0.004543
0.089513
0.002019
0.448262
0.420920
0.011719
0.063342
0.607487
0.299891
0.142288
0.181468
0.740842
0.010110
0.009229
0.231475
0.033059
0.208750
0.037239
0.122254
0.113265
0.008023
0.120591
0.008480
0.025358
0.028005
0.012817
0.020737
0.034101
0.019320
0.016523
0.099035
0.034712
0.186749
0.008260
0.032098
0.055381
0.122079
0.362629
0.016481
0.026565
0.255067
0.003749
0.160927
0.035751
0.025540
0.012380
0.123719
0.015264
0.102193
0.022509
0.020533
0.118658
0.050819
0.044700
0.057884
0.009039
0.036978
0.018749
0.003826
0.077808
0.185650
0.547757
0.015815
0.016144
0.018902
0.088167
0.047920
0.012816
0.055311
0.008443
0.086006
0.054380
0.138639
0.073183
0.035884
0.031282
0.284545
0.030744
0.041108
0.052800
0.018637
0.027943
0.047836
0.221205
0.348524
0.217976
0.274770
0.016826
0.011170
0.056644
0.396732
0.072271
0.023302
0.109135
0.027573
0.040725
0.004498
0.425539
0.023526
0.271124
0.017676
0.205407
0.035290
0.072056
0.204294
0.082787
0.016242
0.050366
0.058760
0.067502
0.051836
0.002059
0.035289
0.036123
0.228208
0.002616
0.109922
0.197682
0.028801
0.080073
0.010463
0.031022
0.151307
0.022376
0.008052
0.025910
0.044095
0.623060
0.029784
0.173501
0.551419
0.274299
0.004671
0.022215
0.021731
0.055074
0.015865
0.039328
0.027864
0.220762
0.131424
0.106452
0.041415
0.310909
0.054942
0.179346
0.161026
0.027917
0.391474
0.066504
0.033046
0.099624
0.189344
0.095799
0.008493
0.116564
0.009076
0.031123
0.084997
0.007761
0.009418
0.017057
0.008505
0.016778
0.172262
0.219375
0.064830
0.091174
0.671000
0.070699
0.007247
0.369161
0.045717
0.144444
0.011339
0.081952
0.006137
0.088403
0.042794
0.202974
0.098795
0.095962
0.154566
0.036012
0.006951
0.021532
0.224502
0.022419
0.012636
0.049575
0.117733
0.120056
0.016029
0.338693
0.033741
0.036034
0.005611
0.014349
0.041525
0.036446
0.282413
0.000991
0.065843
0.082869
0.122789
0.075180
0.007569
0.006595
0.051849
0.336594
0.020786
0.050669
0.130016
0.165282
0.156638
0.018653
0.055252
0.004564
0.031711
0.065980
0.020498
0.050992
0.087553
0.217518
0.312833
0.046196
0.265078
0.017471
0.002116
0.014940
0.022765
0.018418
0.058911
0.016480
0.047168
0.085063
0.011022
0.012952
0.072856
0.258047
0.281516
0.593393
0.088752
0.001877
0.099894
0.069033
0.145468
0.072348
0.099167
0.106820
0.101560
0.036776
0.163621
0.051925
0.034428
0.019049
0.002547
0.098123
0.202149
0.079481
0.010099
0.042061
0.043634
0.054627
0.276977
0.008653
0.236599
0.025179
0.217039
0.005485
0.248938
0.107913
0.021710
0.253916
0.099960
0.049862
0.023783
0.035758
0.014918
0.034254
0.061522
0.025085
0.007887
0.002690
0.042465
0.044530
0.031298
0.079158
0.091292
0.037363
0.015996
0.038437
0.034673
0.124512
0.092361
0.017072
0.510487
0.013732
0.057041
0.030833
0.033881
0.028286
0.081161
0.004596
0.098786
0.037024
0.099519
0.055304
0.101192
0.013825
0.029132
0.228846
0.034417
0.024049
0.017883
0.280140
0.035219
0.089257
0.082246
0.011057
0.012679
0.020056
0.024596
0.086744
0.021393
0.284553
0.058106
0.047814
0.041903
0.009301
0.006738
0.029809
0.026849
0.043093
0.192620
0.115897
0.024568
0.014429
0.011630
0.010617
0.192721
0.039902
0.020899
0.019849
0.009905
0.052712
0.047202
0.026439
0.006584
0.070499
0.453651
0.128309
0.112343
0.005052
0.039253
0.019582
0.073055
0.003372
0.100170
0.007416
0.048263
0.052275
0.047267
0.600296
0.250382
0.396233
0.360707
0.045260
0.059067
0.031158
0.143624
0.142992
0.056403
0.243538
0.131667
0.069341
0.009874
0.025230
0.920868
0.018077
0.087140
0.002676
0.091635
0.016207
0.147872
0.182023
0.014992
0.053205
0.053816
0.019002
0.024542
0.120276
0.014289
0.176968
0.054540
0.053369
0.351745
0.054919
0.075095
0.031847
0.024084
0.048691
0.102020
0.173828
0.024120
0.040032
0.009354
0.022013
0.019125
0.009570
0.018402
0.458986
0.136252
0.049350
0.200731
0.423751
0.003338
0.132140
0.017011
0.043026
0.035330
0.010534
0.061464
0.067033
0.011894
0.080993
0.024636
0.086420
0.128831
0.008037
0.154281
0.140593
0.131307
0.028754
0.203262
0.062679
0.165250
0.224456
0.053287
0.009571
0.362007
0.015599
0.082179
0.085855
0.113365
0.241519
0.726694
0.013513
0.048565
0.059087
0.003715
0.026869
0.084481
0.017716
0.075179
0.096975
0.126893
0.005694
0.004174
0.425240
0.731471
0.242457
0.433262
0.016490
0.019453
0.039531
0.007582
0.044882
0.002587
0.384239
0.242451
0.038390
0.020470
0.019366
0.082725
0.023765
0.018102
0.034169
0.037593
0.007221
0.536456
0.061360
0.124846
0.050592
0.016089
0.025448
0.070540
0.055927
0.228818
0.056278
0.013366
0.018243
0.139988
0.119085
0.103765
0.001968
0.131575
0.067828
0.103047
0.003427
0.054294
0.037942
0.057103
0.366270
0.010404
0.137550
0.054621
0.040356
0.028029
0.538238
0.057963
0.334182
0.031178
0.012595
0.120768
0.025165
0.012899
0.151402
0.016715
0.024393
0.088698
0.019108
0.333709
0.425440
0.108317
0.017006
0.456751
0.004249
0.098334
0.036877
0.040849
0.522442
0.126935
0.120972
0.160401
0.005146
0.050307
0.048365
0.014085
0.033344
0.030814
0.010077
0.083855
0.069628
0.022186
0.030112
0.017107
0.036463
0.080174
0.011605
0.153704
0.006814
0.015349
0.030473
0.069456
0.056942
0.084401
0.011033
0.018203
0.025310
0.358783
0.095882
0.022590
0.205423
0.123904
0.035210
0.016718
0.163254
0.092160
0.026340
0.200086
0.033233
0.144358
0.035272
0.018734
0.306224
0.078894
0.092083
0.038879
0.015739
0.042326
0.032078
0.024975
0.079620
0.081561
0.014114
0.024989
0.102124
0.008678
0.053728
0.029199
0.030279
0.043294
0.003093
0.177069
0.225900
0.044211
0.008148
0.030327
0.109621
0.011869
0.009979
0.014697
0.264435
0.037397
0.023121
0.134941
0.051993
0.051436
0.004407
0.002789
0.292695
0.024850
0.128350
0.029821
0.059890
0.026164
0.026132
0.218804
0.021816
0.030951
0.195102
0.252210
0.115319
0.013439
0.044625
0.019864
0.005694
0.230761
0.145251
0.211479
0.163998
0.016680
0.051956
0.049605
0.313809
0.013554
0.323934
0.025722
0.116155
0.004885
0.089042
0.002542
0.047119
0.029534
0.019367
0.260753
0.046651
0.403983
0.003223
0.352514
0.034653
0.045908
0.283666
0.099422
0.164018
0.020286
0.013759
0.023748
0.025051
0.008908
0.034650
0.134740
0.045008
0.062783
0.115520
0.232115
0.024667
0.009095
0.022553
0.025995
0.006468
0.055287
0.052909
0.016260
0.010022
0.017865
0.194779
0.069386
0.228404
0.090722
0.223217
0.038201
0.016563
0.826866
0.061329
0.043289
0.099947
0.014342
0.027894
0.165872
0.095170
0.348397
0.096348
0.016342
0.013576
0.139391
0.170527
0.028104
0.011986
0.017870
0.045790
0.055070
0.147445
0.133931
0.029957
0.187603
0.148766
0.125836
0.002443
0.111939
0.017328
0.037567
0.003459
0.583517
0.096846
0.042739
0.180413
0.055064
0.021888
0.055107
0.063054
0.015537
0.143621
0.012688
0.009618
0.144051
0.006136
0.062707
0.175708
0.015673
0.040824
0.044126
0.019629
0.283566
0.030296
0.008645
0.302822
0.039242
0.017584
0.001045
0.001076
0.022882
0.118185
0.155836
0.052771
0.041724
0.020680
0.231009
0.017087
0.304729
0.003091
0.092804
0.046572
0.007085
0.057122
0.035893
0.006738
0.022955
0.008865
0.069811
0.256960
0.009614
0.009094
0.124935
0.042254
0.012486
0.067491
0.013798
0.048062
0.227614
0.028960
0.068534
0.002705
0.703919
0.310672
0.061777
0.102306
0.033271
0.017087
0.262537
0.054804
0.049360
0.340263
0.802671
0.012903
0.110150
0.247856
0.156049
0.014903
0.027704
0.015628
0.072946
0.288270
0.075322
0.031086
0.044332
0.048516
0.006507
0.116833
0.116319
0.010596
0.129325
0.071278
0.011849
0.043190
0.020940
0.230315
0.047215
0.139324
0.190761
0.125977
0.048168
0.074758
0.148868
0.047281
0.111152
0.043048
0.238764
0.078968
0.789448
0.047743
0.032204
0.329670
0.034863
0.003704
0.028536
0.038287
0.238327
0.529076
0.065851
0.066316
0.141011
0.014715
0.023151
0.033180
0.040442
0.047909
0.015797
0.140931
0.602987
0.130210
0.730274
0.196377
0.070522
0.020399
0.466043
0.128099
0.018989
0.004962
0.119094
0.046064
0.206805
0.029813
0.014934
0.017397
0.020532
0.065027
0.134045
0.012326
0.079859
0.069854
0.044932
0.006950
0.153729
0.037105
0.150863
0.036738
0.108340
0.524667
0.096930
0.032399
0.034751
0.014135
0.050316
0.060415
0.067106
0.462553
0.016255
0.008244
0.065381
0.104440
0.182239
0.008954
0.203223
0.321234
0.197023
0.113547
0.334205
0.407104
0.216609
0.016697
0.031748
0.213248
0.080618
0.057146
0.179571
0.022163
0.002988
0.030616
0.035799
0.017718
0.014455
0.012447
0.019430
0.244253
0.012780
0.022385
0.066617
0.058081
0.015322
0.112150
0.149810
0.207219
0.032663
0.068618
0.052773
0.093310
0.018809
0.100133
0.003032
0.016922
0.006083
0.012100
0.055337
0.119605
0.012777
0.062884
0.009627
0.013871
0.008471
0.077338
0.129624
0.057129
0.003828
0.271625
0.062272
0.182256
0.108648
0.009340
0.005794
0.009869
0.368670
0.101450
0.052419
0.019425
0.123608
0.044969
0.021795
0.019859
0.079293
0.056860
0.006496
0.660786
0.136445
0.279641
0.335724
0.027408
0.106770
0.201135
0.107617
0.063892
0.008724
0.097014
0.026405
0.198070
0.061355
0.003270
0.008216
0.073819
0.033354
0.014039
0.229101
0.086229
0.055485
0.027912
0.030917
0.035218
0.016083
0.020435
0.043212
0.004353
0.174510
0.056562
0.114614
0.033219
0.044891
0.036620
0.029975
0.013428
0.015776
0.313707
0.003582
0.012374
0.014996
0.084088
0.009636
0.210539
0.016391
0.079183
0.035982
0.092584
0.090791
0.180274
0.004867
0.213713
0.016779
0.187401
0.270340
0.043642
0.093872
0.002945
0.252520
0.416264
0.072361
0.033638
0.257953
0.102675
0.167825
0.047677
0.038720
0.358612
0.019289
0.127494
0.032106
0.096243
0.031207
0.100236
0.057837
0.136928
0.084726
0.037748
0.096167
0.039384
0.000566
0.102722
0.058888
0.170620
0.179064
0.009336
0.025086
0.016731
0.089728
0.082988
0.031908
0.103430
0.069123
0.238054
0.009717
0.008402
0.127537
0.022626
0.046140
0.046581
0.009946
0.082124
0.255556
0.023940
0.003407
0.017641
0.193561
0.027947
0.006587
0.023449
0.041373
0.013397
0.024986
0.035248
0.109787
0.009162
0.113429
0.884219
0.048235
0.002383
0.449434
0.016905
0.098400
0.042319
0.006146
0.048685
0.031643
0.089372
0.028576
0.171034
0.061733
0.043031
0.034290
0.261980
0.480677
0.294837
0.029442
0.104383
0.063106
0.109626
0.068185
0.038621
0.151117
0.044121
0.019684
0.438568
0.106179
0.013490
0.320224
0.110919
0.104682
0.117405
0.156443
0.143977
0.086101
0.170734
0.019503
0.015238
0.662327
0.047737
0.024527
0.021148
0.048396
0.003948
0.037688
0.467622
0.113673
0.007892
0.021142
0.016910
0.044108
0.039678
0.010778
0.024740
0.006921
0.059025
0.166381
0.064882
0.032307
0.019164
0.029619
0.072788
0.002976
0.059081
0.069959
0.121923
0.017922
0.226184
0.038674
0.047560
0.110990
0.069450
0.245481
0.000924
0.306814
0.015807
0.015197
0.202062
0.015390
0.260301
0.008679
0.263125
0.022438
0.023535
0.019237
0.055693
0.012784
0.017933
0.004317
0.081371
0.028876
0.014672
0.110906
0.167874
0.032734
0.012073
0.005716
0.005277
0.052436
0.118959
0.280390
0.019745
0.023351
0.009774
0.138847
0.225451
0.036843
0.165182
0.141284
0.182850
0.046373
0.585592
0.047948
0.070277
0.055987
0.164626
0.101659
0.157992
0.106300
0.016045
0.079523
0.081681
0.056071
0.059304
0.011864
0.040749
0.242342
0.345989
0.005843
0.006916
0.049157
0.018974
0.067102
0.017434
0.011553
0.188097
0.018832
0.157416
0.142406
0.249248
0.041342
0.108823
0.034550
0.024706
0.147484
0.011655
0.082709
0.011491
0.030088
0.440625
0.095609
0.019296
0.076721
0.033809
0.004217
0.027418
0.551045
0.002234
0.089127
0.183863
0.008938
0.025031
0.014322
0.032627
0.395575
0.046487
0.027259
0.017437
0.020566
0.019957
0.042007
0.208853
0.245225
0.070912
0.010565
0.048350
0.048144
0.139431
0.486330
0.094021
0.077600
0.044217
0.132180
0.214351
0.003494
0.068223
0.103692
0.060753
0.026767
0.005727
0.049671
0.031972
0.249526
0.039937
0.163025
0.042860
0.012117
0.062841
0.023746
0.022737
0.009221
0.018748
0.367804
0.007102
0.044620
0.338352
0.021564
0.089324
0.257057
0.010962
0.074916
0.040648
0.038479
0.098887
0.145596
0.033509
0.180461
0.008680
0.044065
0.049355
0.084665
0.012119
0.004974
0.135382
0.058539
0.016124
0.017875
0.021485
0.023874
0.014605
0.001668
0.039276
0.015517
0.092560
0.108952
0.309827
0.007112
0.006505
0.018904
0.028195
0.051165
0.220151
0.044522
0.040114
0.058598
0.012740
0.076092
0.010699
0.055362
0.030294
0.078186
0.069910
0.069909
0.039084
0.006927
0.224723
0.238087
0.014940
0.020456
0.018206
0.004800
0.009178
0.263345
0.106346
0.052348
0.027592
0.121338
0.013969
0.016215
0.178087
0.015356
0.259217
0.059831
0.026259
0.104115
0.048934
0.106413
0.042276
0.013845
0.059920
0.013730
0.072029
0.305052
0.038599
0.003936
0.004560
0.030889
0.029705
0.060457
0.355537
0.031021
0.104527
0.316196
0.057062
0.041549
0.121996
0.022101
0.088673
0.062780
0.038636
0.575712
0.033293
0.291072
0.157540
0.128196
0.040158
0.158691
0.097399
0.053961
0.007028
0.011432
0.011318
0.011176
0.263103
0.295421
0.015519
0.018514
0.057409
0.030679
0.017157
0.119848
0.013471
0.035625
0.032384
0.179778
0.215563
0.094350
0.189232
0.095055
0.117653
0.065779
0.192386
0.202769
0.017239
0.033866
0.021103
0.022515
0.008688
0.221509
0.098649
0.098626
0.071865
0.002016
0.020443
0.110373
0.163589
0.681531
0.235742
0.019417
0.711053
0.034405
0.227327
0.031144
0.017891
0.090892
0.017323
0.071991
0.073234
0.007214
0.021178
0.017546
0.014619
0.091459
0.061089
0.005806
0.004756
0.008291
0.012886
0.032730
0.115047
0.150425
0.036769
0.007165
0.045269
0.013077
0.511973
0.021050
0.020502
0.788268
0.084917
0.017648
0.018212
0.052926
0.286282
0.034135
0.015726
0.126072
0.145679
0.024388
0.120200
0.014141
0.019990
0.014698
0.066319
0.043508
0.767634
0.046722
0.031313
0.253537
0.023998
0.167908
0.059933
0.089911
0.020048
0.060550
0.030103
0.508498
0.042700
0.038346
0.143497
0.037004
0.015433
0.037805
0.037802
0.078039
0.037734
0.283858
0.029398
0.034000
0.024801
0.005511
0.058168
0.632313
0.091791
0.033994
0.060847
0.013772
0.027064
0.033692
0.109640
0.001675
0.012404
0.089819
0.085899
0.018298
0.116495
0.015830
0.401045
0.049349
0.068716
0.147631
0.017370
0.062179
0.072808
0.290443
0.017077
0.013702
0.034129
0.056044
0.088561
0.038346
0.039663
0.040370
0.132025
0.027414
0.306020
0.874776
0.015482
0.242612
0.045132
0.010519
0.044003
0.031810
0.040277
0.013501
0.042461
0.060570
0.132006
0.023691
0.052904
0.023441
0.273851
0.058288
0.008357
0.113594
0.065152
0.003033
0.032880
0.027647
0.055837
0.122254
0.071759
0.182544
0.174956
0.037446
0.007079
0.181622
0.089890
0.098394
0.187232
0.014383
0.090626
0.271652
0.003022
0.063772
0.154133
0.565319
0.084738
0.028826
0.060943
0.038949
0.204895
0.059871
0.979297
0.044577
0.006563
0.015235
0.007435
0.064558
0.094597
0.004594
0.043624
0.026611
0.181184
0.028321
0.198188
0.104383
0.071164
0.021675
0.022383
0.046891
0.060244
0.051913
0.017310
0.093356
0.023506
0.212540
0.026599
0.004949
0.250358
0.036635
0.073930
0.147507
0.010847
0.025460
0.076762
0.068989
0.020938
0.003625
0.028707
0.046544
0.001470
0.023983
0.039836
0.009452
0.031769
0.065383
0.049224
0.009959
0.006055
0.059403
0.044752
0.024596
0.012851
0.084150
0.048730
0.013281
0.062160
0.157830
0.035299
0.014489
0.065868
0.096894
0.430666
0.044693
0.061949
0.053023
0.008683
0.017878
0.123145
0.017790
0.011882
0.015109
0.048823
0.038586
0.023790
0.029311
0.013600
0.028909
0.114430
0.036515
0.025677
0.096718
0.014960
0.382320
0.003128
0.106851
0.308430
0.025308
0.326388
0.037991
0.010736
0.325585
0.089505
0.069587
0.182663
0.100325
0.293444
0.010831
0.468606
0.063901
0.052340
0.103905
0.037408
0.019339
0.023858
0.032568
0.111025
0.008065
0.266555
0.186702
0.085602
0.013282
0.058025
0.112909
0.008485
0.053638
0.132416
0.005239
0.143292
0.020128
0.010699
0.049974
0.156684
0.003442
0.140361
0.026891
0.019060
0.124359
0.042081
0.021877
0.010702
0.012925
0.054234
0.678401
0.036396
0.031733
0.154217
0.004540
0.032182
0.185564
0.016678
0.050595
0.091780
0.063565
0.103293
0.093303
0.029219
0.020122
0.095933
0.054833
0.031799
0.051649
0.093642
0.059653
0.087549
0.207751
0.011936
0.031443
0.045236
0.065762
0.098315
0.053261
0.326697
0.041152
0.426083
0.041084
0.003974
0.013109
0.026161
0.125009
0.042228
0.049685
0.023759
0.042789
0.134186
0.018993
0.061773
0.014085
0.263581
0.079878
0.453371
0.006694
0.087500
0.013835
0.027323
0.017906
0.029489
0.102843
0.005685
0.138387
0.020381
0.142786
0.542607
0.145547
0.018964
0.104680
0.016010
0.062392
0.070379
0.008892
0.040894
0.969128
0.063055
0.030262
0.238974
0.930223
0.066218
0.051143
0.011095
0.195193
0.007864
0.070246
0.011452
0.025778
0.105878
0.354290
0.016941
0.190450
0.172571
0.021894
0.029807
0.099295
0.015475
0.167520
0.111457
0.336104
0.055099
0.033417
0.023335
0.104285
0.036086
0.164778
0.070684
0.097504
0.016390
0.024922
0.084598
0.070202
0.025129
0.089599
0.156084
0.017499
0.185838
0.011181
0.138735
0.007353
0.063215
0.041467
0.025695
0.110204
0.189986
0.053144
0.013776
0.050332
0.254019
0.421831
0.065911
0.020198
0.007028
0.172988
0.021814
0.025946
0.055621
0.163517
0.033934
0.014782
0.139045
0.014410
0.007107
0.323251
0.032056
0.053576
0.050526
0.005737
0.053567
0.055302
0.107841
0.015818
0.013756
0.254698
0.033392
0.002378
0.011244
0.056450
0.192397
0.065406
0.054606
0.014495
0.157597
0.132479
0.034264
0.011414
0.014813
0.066860
0.020864
0.053556
0.004575
0.056054
0.068980
0.013445
0.206385
0.010081
0.020149
0.318012
0.014632
0.018087
0.135085
0.008853
0.022585
0.075177
0.403807
0.062006
0.044602
0.024298
0.070777
0.032129
0.005563
0.068135
0.017216
0.007305
0.104681
0.022668
0.067770
0.116496
0.028972
0.247157
0.136434
0.020684
0.030247
0.039812
0.148633
0.056074
0.023085
0.421266
0.010060
0.250372
0.145179
0.083097
0.011144
0.022557
0.221388
0.145790
0.012637
0.163144
0.003801
0.062555
0.004141
0.026074
0.254945
0.047767
0.017706
0.053869
0.026856
0.011355
0.168136
0.121946
0.248730
0.240918
0.037029
0.103638
0.594627
0.082960
0.133027
0.036959
0.529327
0.313876
0.037414
0.006132
0.017009
0.021937
0.081735
0.008559
0.029698
0.092577
0.015434
0.053193
0.183224
0.014220
0.012822
0.036006
0.116330
0.021547
0.069124
0.075029
0.021262
0.069529
0.030647
0.025818
0.065738
0.020276
0.041863
0.072572
0.039993
0.007370
0.039508
0.007570
0.010943
0.089785
0.028721
0.057403
0.106748
0.045867
0.103339
0.082644
0.003615
0.133087
0.017352
0.049837
0.018027
0.330177
0.310247
0.032529
0.041497
0.132789
0.313702
0.009505
0.219868
0.072817
0.052712
0.076386
0.047497
0.098203
0.000541
0.073099
0.056632
0.075310
0.020941
0.178308
0.043837
0.032309
0.319270
0.118253
0.029585
0.076518
0.101496
0.061697
0.011204
0.283093
0.025937
0.088051
0.562043
0.168760
0.072500
0.160976
0.040929
0.048544
0.014476
0.099154
0.093083
0.091813
0.013508
0.031662
0.109734
0.012847
0.060640
0.070347
0.076365
0.046851
0.092617
0.035204
0.074670
0.043555
0.065546
0.138735
0.289574
0.054176
0.004219
0.006104
0.050262
0.365452
0.059725
0.400159
0.150643
0.028611
0.008923
0.013104
0.012987
0.130453
0.035479
0.021263
0.162575
0.021437
0.010525
0.099873
0.049257
0.023070
0.063598
0.002364
0.063620
0.034801
0.009099
0.012593
0.135852
0.096653
0.004391
0.035317
0.083012
0.019785
0.058896
0.086307
0.318003
0.049867
0.052476
0.068420
0.333368
0.162922
0.333662
0.065574
0.055687
0.019125
0.027664
0.030367
0.017696
0.166125
0.012410
0.063941
0.093345
0.002962
0.071821
0.006348
0.041437
0.179884
0.255348
0.031131
0.033626
0.072444
0.019010
0.006134
0.170626
0.055514
0.082455
0.150996
0.065937
0.011674
0.178021
0.055086
0.060062
0.041218
0.053194
0.019847
0.190932
0.018935
0.005739
0.122304
0.029173
0.037007
0.108447
0.022121
0.022234
0.101046
0.042784
0.064463
0.157696
0.012828
0.062011
0.089159
0.032745
0.838266
0.001875
0.013662
0.006716
0.276540
0.071077
0.105073
0.010001
0.001258
0.007806
0.057573
0.049408
0.466485
0.103804
0.017307
0.050405
0.311791
0.119211
0.039771
0.099378
0.016797
0.080157
0.092368
0.030032
0.266815
0.031254
0.019236
0.072074
0.129802
0.012967
0.012209
0.080298
0.032574
0.046790
0.020196
0.022265
0.642504
0.123632
0.015724
0.020074
0.038984
0.046678
0.072714
0.032226
0.106067
0.010433
0.027769
0.005154
0.164289
0.015138
0.150465
0.125234
0.059821
0.026573
0.064361
0.100930
0.015861
0.053486
0.145828
0.020140
0.043996
0.188698
0.026603
0.080695
0.384790
0.010906
0.026195
0.094538
0.308708
0.018820
0.001910
0.014675
0.185586
0.402889
0.057769
0.132287
0.081876
0.024025
0.000581
0.024703
0.076634
0.132698
0.096121
0.064645
0.007727
0.033249
0.068077
0.031635
0.038064
0.022965
0.201229
0.008894
0.178780
0.112390
0.026442
0.232820
0.018153
0.141867
0.030442
0.123130
0.238771
0.007273
0.005690
0.035814
0.040865
0.137595
0.098875
0.014507
0.020863
0.017324
0.495935
0.021623
0.017452
0.301069
0.111336
0.129416
0.035121
0.059162
0.032434
0.018640
0.128239
0.149320
0.315902
0.014333
0.028268
0.126842
0.106698
0.055723
0.281679
0.026822
0.009974
0.011839
0.003475
0.012790
0.305809
0.034788
0.054678
0.051594
0.008131
0.239813
0.489562
0.436302
0.120292
0.195786
0.031917
0.007325
0.031335
0.044922
0.070722
0.030047
0.014585
0.069122
0.009908
0.032089
0.053631
0.049521
0.026906
0.034428
0.091735
0.023258
0.008031
0.096140
0.009334
0.060082
0.132710
0.060406
0.052613
0.064166
0.380879
0.021568
0.066183
0.051075
0.183600
0.076405
0.067657
0.009861
0.022819
0.340529
0.040259
0.029776
0.021826
0.053801
0.032749
0.045936
0.024924
0.114517
0.019149
0.052932
0.163987
0.100519
0.087243
0.053751
0.064121
0.110154
0.015440
0.078444
0.069708
0.029962
0.043508
0.253376
0.021048
0.257061
0.048680
0.018820
0.109032
0.094038
0.052766
0.067025
0.023897
0.017412
0.032975
0.075111
0.027985
0.010318
0.107693
0.041409
0.044055
0.470682
0.367807
0.029774
0.231025
0.018753
0.156969
0.017333
0.171071
0.121165
0.166647
0.016016
0.080502
0.067858
0.006539
0.009964
0.034031
0.018294
0.011065
0.099347
0.065081
0.005163
0.404905
0.036141
0.006561
0.312273
0.000613
0.033454
0.073767
0.024285
0.060477
0.082832
0.010483
0.034912
0.065588
0.025789
0.733272
0.089930
0.008791
0.066116
0.013661
0.060024
0.139172
0.343164
0.092127
0.071387
0.134047
0.014487
0.020206
0.010833
0.029074
0.085566
0.463782
0.109183
0.033760
0.049989
0.131274
0.015675
0.085584
0.065064
0.204758
0.017627
0.044919
0.004234
0.029731
0.026162
0.032577
0.012430
0.160131
0.323608
0.036841
0.347543
0.045371
0.150724
0.027913
0.024049
0.144547
0.028568
0.055518
0.027872
0.046265
0.048980
0.005389
0.084651
0.003583
0.670208
0.332974
0.045789
0.151634
0.114947
0.172752
0.046585
0.010233
0.238101
0.306657
0.270265
0.022102
0.189667
0.115340
0.029871
0.068602
0.437730
0.073687
0.071343
0.046886
0.064315
0.132893
0.671850
0.043605
0.012069
0.038746
0.035960
0.162353
0.079337
0.179924
0.199375
0.068182
0.020984
0.166101
0.034997
0.062177
0.225215
0.038066
0.002108
0.014102
0.036787
0.071256
0.007383
0.053297
0.517169
0.130768
0.031279
0.267154
0.122716
0.120962
0.060275
0.024435
0.034803
0.072722
0.008565
0.117100
0.266670
0.013217
0.014604
0.139879
0.604330
0.137537
0.047554
0.068878
0.051384
0.074813
0.038760
0.012067
0.020982
0.011703
0.051802
0.773746
0.039462
0.196868
0.025796
0.053775
0.067420
0.023416
0.023284
0.109801
0.080069
0.017912
0.069289
0.097399
0.078251
0.016575
0.077607
0.518570
0.102096
0.587472
0.098941
0.105692
0.018336
0.070264
0.025520
0.068234
0.022341
0.097715
0.383917
0.031429
0.009145
0.137148
0.007260
0.022068
0.005393
0.018849
0.085630
0.045585
0.065045
0.005880
0.028164
0.211777
0.289377
0.057615
0.013977
0.049960
0.017202
0.016160
0.047081
0.303790
0.078370
0.026306
0.109067
0.029532
0.071326
0.036239
0.254666
0.081505
0.006348
0.072120
0.017307
0.085854
0.044106
0.033468
0.070958
0.031262
0.054259
0.081670
0.415485
0.293497
0.021948
0.105321
0.098535
0.007402
0.083485
0.018759
0.076733
0.226182
0.031275
0.134893
0.046838
0.014505
0.016220
0.127513
0.006046
0.090020
0.023726
0.129977
0.048355
0.071937
0.024701
0.098350
0.028051
0.078853
0.046819
0.055241
0.012184
0.063140
0.102249
0.158788
0.012276
0.072067
0.003281
0.016688
0.154767
0.030548
0.077382
0.047820
0.050017
0.035960
0.038081
0.115415
0.032169
0.027124
0.065979
0.070664
0.052208
0.420495
0.005421
0.053709
0.047110
0.107084
0.051535
0.006374
0.019822
0.102513
0.061581
0.022503
0.043475
0.040928
0.008373
0.013381
0.045615
0.115713
0.007948
0.446062
0.045964
0.019694
0.046616
0.070210
0.178644
0.142110
0.015125
0.529154
0.085072
0.018143
0.013186
0.012497
0.026610
0.016189
0.092553
0.315317
0.478458
0.191543
0.002130
0.046791
0.038176
0.008153
0.149200
0.002603
0.014460
0.017206
0.235291
0.013221
0.048891
0.052962
0.020351
0.083325
0.020271
0.023360
0.095356
0.230697
0.121359
0.023715
0.018905
0.029487
0.010594
0.023214
0.662653
0.020718
0.025220
0.088003
0.072926
0.074207
0.028119
0.067378
0.093302
0.036710
0.014602
0.017291
0.122109
0.035924
0.076061
0.024389
0.021072
0.008833
0.002283
0.086490
0.130075
0.143738
0.020373
0.259916
0.012081
0.093638
0.069109
0.035054
0.304877
0.115113
0.027807
0.005390
0.008927
0.045944
0.033366
0.031486
0.023868
0.084730
0.031945
0.665175
0.118526
0.112210
0.016793
0.080351
0.060755
0.125911
0.039390
0.106843
0.073986
0.029089
0.057630
0.291426
0.077181
0.029103
0.122214
0.115278
0.073935
0.073521
0.041185
0.105096
0.026765
0.062052
0.089893
0.026922
0.082689
0.089018
0.071425
0.094964
0.018325
0.237193
0.200837
0.016052
0.027737
0.011122
0.026837
0.252370
0.018088
0.461569
0.019410
0.046746
0.085214
0.113260
0.104153
0.145158
0.027785
0.050175
0.030649
0.017080
0.005914
0.174670
0.374132
0.006931
0.020415
0.008934
0.282398
0.005379
0.368609
0.020419
0.183208
0.087416
0.092343
0.003333
0.047025
0.166694
0.302196
0.191113
0.286031
0.087931
0.011451
0.024195
0.284228
0.005846
0.055696
0.137226
0.202066
0.007054
0.014033
0.125056
0.034924
