233
1.962888
4
91
40
10
1
5047
-0.391153
0.280540
0.923676
-0.073009
0.214382
-0.306172
-1.000000
0.607460
-0.581664
-0.360284
1.000000
-0.636550
0.177930
0.814107
0.296831
0.507524
-0.744295
-0.920782
0.201988
0.655123
0.382038
0.497077
0.656644
0.662284
-1.000000
-0.338746
0.029790
0.035660
-0.287192
-0.597173
-0.590177
0.216973
0.125032
0.264143
-0.826889
-0.667110
-0.892463
0.813682
-0.699319
0.570492
-0.014651
0.002532
0.722532
0.750173
0.247634
-0.200552
-0.473806
-0.234934
-0.257033
0.888877
-0.242990
0.500664
-0.275392
0.006138
0.240167
0.832649
0.306938
0.157057
0.976642
0.571679
-0.583051
-0.932847
0.614500
-0.110029
0.745675
-0.320126
-0.984765
0.356844
-0.299399
0.321553
0.359348
-0.010750
-0.700225
0.066914
0.544826
-0.906674
-0.582307
-0.572140
0.009454
0.174540
-0.486640
0.902861
0.458474
0.993882
0.864118
-0.142254
-0.191568
0.484023
-0.332085
0.667022
0.917624
0.619401
-0.055657
0.592562
-0.425476
0.621619
0.745058
-0.408400
0.503179
0.506095
-0.674396
-0.068835
-0.947036
-0.825088
0.338120
-0.740090
-0.685335
-0.993297
0.472832
-0.891518
0.014226
-0.268728
0.964523
-0.603327
0.125474
-0.343592
-0.074164
-0.871251
-0.554575
-0.700733
0.940099
-0.981829
-0.131911
0.666390
-0.168269
0.359498
-0.588910
0.472592
0.410004
0.140953
-0.169590
0.192265
0.315740
0.668091
-0.170025
0.346359
0.122371
0.924575
0.363186
-0.186475
0.241000
0.867471
-1.000000
0.508749
0.352424
-0.600055
-0.081622
1.000000
0.964238
0.328406
0.378106
1.000000
0.101213
-0.576907
0.685091
0.257046
0.891455
-0.356846
0.635018
-0.118439
0.705762
0.089116
-0.397975
0.095592
0.180512
0.793093
-0.599501
-0.040326
-0.748224
0.381463
-0.792391
-0.949382
-0.574563
-0.918833
-0.258374
-0.641424
-0.534312
-0.087175
-0.007303
-0.222032
0.620361
-0.699886
1.000000
-0.800435
-0.449097
0.904015
0.057920
-0.100394
-0.366570
1.000000
0.685678
0.007467
-0.720240
-1.000000
-0.591036
-0.214794
0.311326
0.720981
-0.376055
-0.299934
0.718503
-0.286912
0.791242
0.227748
-0.368160
-0.418396
0.044855
0.819530
0.118202
-0.389972
-0.216733
0.185307
-0.379159
-0.191727
-0.015948
-0.307086
-0.497746
0.866951
-1.000000
0.504101
-0.181951
-0.209140
0.895465
-0.251079
0.796452
-0.134611
-0.485325
0.914491
-0.801576
1.000000
-0.308172
-0.714248
0.942588
-0.210772
-0.228771
-0.461197
-0.155202
-1.000000
-0.705284
-0.014928
0.377713
-0.904792
-0.030034
0.829227
0.432621
0.894308
-1.000000
-0.557155
-0.691955
0.244336
1.000000
0.134691
0.751788
0.491253
-0.001401
0.642179
0.288120
0.054467
-0.998485
0.793930
-0.965035
-0.849205
-0.180030
-0.217698
1.000000
0.026680
0.948257
0.923120
-0.980859
-0.537717
-0.432884
-0.358689
-0.702876
0.099482
0.479572
0.248999
-0.430934
0.473792
-0.206419
-0.506950
0.324750
-0.786936
0.002822
-0.073915
-0.325016
0.798206
-0.293055
-0.436179
-0.046773
0.315450
-0.116195
-0.266470
-0.106740
0.572128
-0.127385
-0.488111
0.919969
-0.493629
-0.743617
-0.797577
-0.109816
0.324774
0.177678
0.341870
1.000000
0.417053
-0.017604
0.276978
1.000000
-0.405590
-0.790307
0.621252
0.273522
0.437276
0.869949
0.161250
0.286010
0.559116
1.000000
-0.225053
0.515321
-0.348312
0.680439
-0.929279
0.265046
0.782059
-0.080711
0.000679
-0.014631
-0.141823
-0.830440
0.450066
0.181874
0.074178
-0.112459
0.757994
-0.178290
-0.002707
-0.808766
-0.227715
0.734518
0.683320
1.000000
-0.768897
0.561505
-0.465684
0.529305
0.123181
0.621993
0.342326
0.839773
0.377167
-0.182767
-0.051337
0.215374
-0.616067
-0.961393
-0.163465
-0.857948
0.827566
0.625921
0.289009
-0.078737
0.423891
0.166634
0.949769
-0.286690
-0.568045
-0.898722
-0.726704
0.514783
-0.349481
0.217377
-0.233482
-0.994104
-0.197014
0.363135
1.000000
-0.496263
0.595149
-0.161310
-0.596571
0.396836
-0.363466
-0.894719
-0.486288
0.913339
-0.355029
-0.232504
1.000000
-0.624528
-0.559298
0.218832
0.621797
-0.800793
-0.475362
-0.691135
0.549908
-0.438164
-0.560387
-0.974024
1.000000
0.988597
0.676466
-1.000000
-0.888554
-0.355307
-0.882578
-0.055935
0.216907
0.020907
0.012309
-0.282896
0.869873
0.300179
0.056030
-0.792259
0.907519
0.271151
-0.190682
-0.631716
-0.623146
-0.959480
-0.803844
-0.307091
1.000000
0.984647
0.558535
-0.280881
-0.731016
-0.199709
0.938788
0.097564
0.149774
0.839942
0.593627
0.153058
0.361360
0.581249
0.410136
-0.474496
-0.018119
0.598277
0.170777
-0.966923
0.312984
-0.830153
0.422202
0.067314
-0.271810
0.285068
-0.094903
0.286552
0.091698
0.072647
0.216489
-0.417971
-0.325042
0.474803
0.858666
0.695740
0.760332
0.304725
-0.031754
-0.289532
0.848863
-0.062496
0.062893
0.657670
0.014544
0.018775
0.471389
0.630247
-0.767769
1.000000
0.492063
0.282430
0.237533
-0.717760
0.248618
-0.694970
0.461257
0.055484
-0.970916
0.107994
-0.122951
-0.321232
-0.897486
-0.235251
-0.868499
0.517550
-0.028955
0.405706
-0.332926
-0.672720
0.523621
0.309068
-0.667541
-0.258294
0.583655
-0.709928
0.551150
0.073671
-0.405959
-0.984482
-0.333181
0.337214
0.879900
0.099537
-0.874562
0.014013
0.545866
-0.499945
0.632777
-0.826670
0.521498
0.188275
-1.000000
-0.724213
0.669113
-0.327646
0.393905
-0.928016
-0.729761
-0.421373
-1.000000
0.076978
0.014348
-0.188223
-0.428866
-0.884936
0.235821
0.132509
-0.155388
-0.542963
0.930253
-0.285585
-0.896370
0.132410
0.738306
0.276224
0.238079
0.346847
0.260501
-0.163041
1.000000
-0.451106
0.049614
0.545857
0.708690
-0.177405
0.282194
-0.181778
-0.886988
-0.049748
-0.730792
0.662477
0.374932
0.068584
0.450261
0.140173
-0.440499
-0.503728
0.015496
0.057325
0.372244
0.118295
0.637005
-0.113046
-1.000000
0.339922
0.133179
-0.643117
-0.459522
-0.485226
1.000000
-0.374241
1.000000
-0.474528
-0.895041
0.193731
0.261228
-0.116100
-0.305864
-0.508076
-0.089875
0.912401
-0.258784
-0.244155
-0.612477
0.896545
-0.481994
-0.154846
-0.349384
0.219077
0.652416
0.016660
0.467970
0.694955
0.663075
-0.848425
-0.725061
0.898569
0.236372
-0.765089
0.934215
-0.437715
0.110989
0.124686
-0.434303
1.000000
0.301502
-0.755808
-0.259321
-0.218045
0.454787
-0.705733
-0.105208
-0.243804
-0.534634
-0.981643
-0.755737
1.000000
-0.180009
-0.339835
0.288158
0.316788
0.056417
-0.924209
-0.377152
-0.583332
-0.961609
0.027617
-0.715081
0.854552
-0.688058
0.321197
-1.000000
-0.655351
0.071019
0.292623
-0.939470
-0.135628
-0.388126
-0.253512
-0.401724
-0.705138
-0.774965
0.009432
-0.612354
0.817016
-0.271105
-0.413169
-0.502296
0.192615
-0.164586
0.429305
-0.480977
-0.961367
-0.838236
0.588518
0.948324
0.431258
-0.795651
-0.476275
0.150028
-0.078587
0.005557
-0.202941
-0.617627
-0.021841
1.000000
-0.543401
0.205277
-0.446093
-0.163251
-0.787568
-0.067014
0.627863
0.435504
-0.196860
-0.230825
0.203742
-0.114869
-0.525540
0.522892
-0.450851
0.025146
0.088515
-0.000694
-1.000000
-0.859509
-0.115057
-0.129351
-0.276356
1.000000
0.225515
-0.968960
-1.000000
0.786828
-1.000000
0.734731
-0.572805
0.874380
-0.126742
0.148936
0.918857
-0.736255
0.572371
-0.727317
0.884754
-0.339119
0.832524
-0.917929
-0.940029
-0.378492
-0.393575
-0.254761
0.119256
0.755757
0.738129
1.000000
0.756416
0.693915
0.239061
0.346461
-0.832426
0.635901
0.065853
0.016304
0.390197
-0.601643
0.210173
-0.278026
0.821577
-0.213187
-0.111841
-0.232087
-0.229523
0.271031
-0.330482
0.333583
-1.000000
0.012708
-0.501685
0.397093
0.922625
-0.355924
0.392942
-0.529691
-0.163129
-0.454098
-0.023184
0.425574
-0.194093
-0.008125
-0.379549
-0.323202
-0.982058
0.234501
-0.414495
0.827771
-1.000000
0.949705
-0.205422
0.816506
0.289662
0.557293
-0.492828
0.761113
-0.904803
-0.007754
-0.599289
0.923521
0.575331
-0.148095
-0.319831
0.100442
-0.085730
-0.162766
0.024262
-0.447196
-1.000000
-0.618944
-0.747044
-0.145450
-0.087002
-0.141234
0.398074
0.976053
0.303309
0.035163
0.046323
-0.339518
0.169442
-0.929587
0.566640
0.006141
0.500355
-0.768161
0.734304
-0.010532
0.499730
-0.250307
0.246341
-0.584947
-0.218107
-0.515771
-0.400129
-0.163557
0.816622
0.084290
-0.647148
0.382770
0.052086
0.888641
0.134000
-0.524300
-0.287489
-0.042985
0.151766
-0.889861
-0.379895
1.000000
-0.199168
0.246898
0.154362
0.987478
-1.000000
0.373993
-0.040081
0.136940
-0.761230
0.442062
0.051807
-0.362278
-0.472611
-0.357131
-0.403638
-0.485961
-0.984091
-0.090623
0.505187
0.712495
0.100848
-0.780197
0.568541
0.932685
-0.614154
0.974418
-0.351928
0.324126
0.272929
-0.304110
-0.289500
-0.500322
-0.705712
0.783450
-1.000000
-0.006250
-0.895270
-0.043895
0.048230
0.617899
-0.126555
0.902965
0.780668
-0.294624
-0.432376
0.437071
-0.961467
0.240812
-0.665700
-1.000000
0.726427
0.292432
0.678302
-0.027372
-0.837354
0.570388
-0.891227
-0.111350
-1.000000
-0.849551
-0.142707
0.074402
0.373095
-1.000000
-0.980881
0.223380
0.882246
-0.204625
0.412591
-0.338222
0.871754
0.321194
-0.951088
-0.551005
0.838095
0.281962
0.032816
-0.374093
-0.621726
0.647071
0.027389
0.164593
-0.921408
-0.395715
0.419760
-1.000000
1.000000
-0.109652
0.007120
-0.577626
-0.452824
-0.039894
-0.877686
1.000000
-0.544833
0.162539
-0.324048
-0.823452
-0.533417
-0.498806
-0.650490
0.813161
0.484488
0.084739
0.683347
0.551896
-0.867961
-0.682039
0.364370
0.619133
-0.824542
-0.846774
-0.890327
-0.633510
0.223857
-0.095037
0.308132
0.758772
-0.663445
1.000000
-0.119275
0.868914
-0.007243
-0.593597
0.119920
0.210752
-0.252501
-0.537294
-0.322250
-0.812923
-0.660308
-0.291464
-0.076102
-0.185867
-0.456039
1.000000
0.609638
-0.405196
0.622087
0.118415
-0.080652
0.203252
0.392576
-0.016512
0.502476
-0.062317
-0.001510
-0.232064
-0.551747
0.511348
-0.395240
-0.214274
0.689932
-0.288918
-0.943228
-0.346790
0.214773
-0.833485
-0.422413
-0.161048
-0.483369
0.463723
0.473676
-0.113033
-0.242607
0.751849
-0.928719
0.982600
-0.780019
0.183017
-0.279156
0.262999
-0.655129
-0.118613
0.449130
0.343224
0.809522
-0.114606
-0.514692
0.433649
0.093327
0.087305
-0.866454
0.642851
-0.272198
-0.006130
0.364820
0.197606
-0.500100
-0.561231
-0.953908
1.000000
-0.733073
0.715879
0.615636
-0.086569
-0.698134
0.369850
1.000000
0.076503
-0.060990
-0.294328
-1.000000
-0.464881
0.945288
-0.724204
0.259235
-0.922678
-0.213245
0.427207
-0.169529
0.341865
-0.037996
0.259530
0.387181
-0.285387
0.167868
-0.924453
0.000884
-0.842994
-0.404106
-0.278554
-0.467768
0.377703
-0.087280
0.493352
-0.012501
-0.539223
0.116800
0.971449
0.297673
0.870672
1.000000
-0.711449
-0.612979
0.673047
-0.125816
-0.265748
1.000000
-0.898396
0.045061
0.483088
0.203869
1.000000
0.158885
-0.901489
-0.852280
-1.000000
-0.361089
0.394466
0.018309
-0.340252
0.985714
-0.878104
-0.071700
-0.558090
-0.475585
-0.402531
0.266993
-0.360545
0.442114
-0.411183
-0.678032
0.029987
-0.487586
0.516935
0.463972
0.101275
-0.406461
0.696736
0.130998
0.336461
0.200965
1.000000
0.204755
0.053198
-0.683773
0.059133
0.379668
-0.955729
0.288145
0.960224
-0.782123
0.455535
-0.500225
-0.377599
-0.682258
0.558865
-0.549592
0.610100
-0.280548
0.138459
-0.543479
-0.339045
-0.621741
0.118022
-0.749912
-0.289798
-0.714806
0.509586
-0.057048
-0.926663
0.657153
-0.121824
-0.735057
0.310488
0.242797
0.232251
0.710180
-0.950098
-0.591014
-0.138695
-0.949620
0.167260
-0.582961
0.337007
0.579519
-0.225134
-0.240059
0.307635
-0.007057
0.826635
0.726930
0.980311
0.668259
-0.169540
-0.759393
1.000000
-0.169296
-0.603811
0.422946
0.356679
-0.990350
0.014680
-0.171060
0.246871
-0.085455
-0.241932
-0.133391
0.171860
-0.857533
-1.000000
0.467643
0.976551
0.797469
-1.000000
-0.075687
-1.000000
0.142537
0.050432
0.929911
0.518164
0.250767
0.069257
-0.129436
0.647264
0.951843
-0.786611
-0.514290
1.000000
-0.134107
0.895649
0.138357
-0.526165
-0.201538
0.306044
-0.113162
0.857521
0.391359
0.053345
-0.067407
-0.746319
0.330874
0.312489
0.583793
-0.081477
0.961390
-0.195287
-0.884003
-1.000000
-0.875017
-0.090200
-0.345031
0.998946
0.845803
0.529054
0.362638
0.099380
-0.348017
0.516127
-0.601540
0.012876
0.044851
0.036024
0.855585
0.431158
0.086470
-0.729490
-0.484988
-0.350354
-0.318038
-0.831649
-0.012878
0.207963
-0.244545
0.210930
-0.049702
0.141198
0.172171
0.374734
0.413101
-0.090620
-0.297041
-0.259312
-0.361772
-0.488161
0.235432
0.063470
0.645838
0.648175
0.251534
-0.092774
1.000000
0.332601
0.617812
0.340758
0.216461
0.071976
0.614118
-0.314514
-1.000000
-0.515398
0.939364
0.262115
-0.968891
-0.380499
-0.908017
-0.521963
0.383956
0.658187
-0.255800
-0.506898
-0.806797
0.027217
-0.128965
-0.867074
-0.055089
-0.572463
0.523972
-0.426329
-0.565936
0.097211
0.300854
1.000000
0.492027
-0.712215
-0.058800
-0.777309
-0.521942
0.799858
-0.158530
-0.525634
-0.382235
-0.124035
-0.943957
-0.392701
0.279545
0.564220
0.437139
0.623824
-1.000000
0.874974
-0.778312
-0.394439
0.468383
0.110630
-0.885593
0.082654
-0.233535
-0.505332
0.216357
0.457799
0.757140
0.023126
-0.342219
-0.484708
0.269913
-0.171088
-0.088043
-0.126786
0.744639
-0.285866
0.854993
-0.817069
-0.118458
-0.820343
0.033420
-0.861312
-1.000000
0.404490
0.287407
-0.356205
0.623271
0.932626
-0.797212
-0.176053
-0.804920
-0.505556
0.378037
0.160958
0.591185
0.018067
-0.050883
-0.210728
0.645935
-0.351935
0.293598
-0.110497
0.275618
0.107035
-0.234741
0.031800
-0.136351
0.746624
-0.531653
0.005043
0.309063
1.000000
0.693885
0.035219
0.050415
0.379803
-0.793598
-0.434016
-0.588422
-0.126009
-0.464860
-0.374156
0.308829
-0.208571
-0.253325
-0.361275
0.256119
-0.573934
0.672405
0.052724
0.311827
-0.174037
-0.080630
0.151902
-0.295848
-0.155593
-0.074931
-0.446330
-0.381013
0.054864
0.860020
-0.044616
0.884774
-0.415453
0.299131
0.531367
-0.136399
0.320094
0.264447
0.598647
-0.278982
0.924281
0.038481
0.205400
-0.323285
0.222612
-0.816597
-0.313330
-0.974317
-0.916472
0.366263
0.358794
-0.390630
0.076048
0.759782
0.783522
-0.983921
0.332841
-0.337384
0.959466
0.734534
-0.209074
0.680875
-0.374503
0.460685
0.232580
-0.698123
-0.149321
-0.119203
0.276874
-0.025438
-0.887801
-0.649227
0.289168
-0.035906
-0.368682
-0.282561
-0.290644
-0.757725
-0.164001
-0.933335
-0.540030
-0.508785
-0.982852
0.357852
0.805529
0.983427
0.311135
-1.000000
-0.198594
-0.296770
-0.451382
-1.000000
0.378069
0.027891
-0.693445
1.000000
-0.589859
-0.183193
-0.088334
0.821747
0.148774
0.885516
0.735625
0.512321
0.606584
1.000000
0.211693
0.304730
-0.311302
1.000000
-0.119886
-0.994503
-0.364588
0.907735
0.863192
-0.176440
0.918255
-1.000000
0.080710
-0.876721
-0.599771
-0.102477
0.013713
-0.669246
0.049149
1.000000
0.533768
0.266030
0.774722
-0.790642
0.444592
-0.418146
-0.280493
-0.042945
0.879393
0.365242
0.512468
0.313984
0.697664
0.376432
-0.243330
-0.538974
-0.297952
0.886762
-0.200211
-0.153577
0.554628
0.319968
-0.860317
0.746572
0.485085
-0.467126
-0.095609
-0.821284
-0.230351
-0.612135
0.224926
-0.488158
0.906756
0.983187
-0.514505
-0.015867
-1.000000
0.458365
-0.072702
0.944083
-0.322416
-0.090904
-0.036415
0.566108
0.583905
-0.184525
0.773196
0.076058
-0.506123
-1.000000
-0.657941
0.012073
0.166168
0.446866
-0.936976
0.625632
-0.675913
0.103082
0.214768
-0.490909
0.651909
1.000000
-0.047215
0.521286
0.251061
-1.000000
-0.234729
0.475486
-0.090013
0.577372
-0.255194
-0.506811
-0.779351
0.325914
-0.680391
0.412037
0.316105
0.181095
-0.632856
-0.383419
0.387430
-0.467835
0.739893
0.106010
-0.722323
0.012536
0.524877
-0.289688
0.940696
-0.564672
0.028567
-0.085904
0.485700
-0.093198
-0.253263
0.091333
0.906023
-0.781799
-0.699079
-0.041017
-0.141402
-0.128923
0.947913
-0.194321
-0.199979
-0.953539
-1.000000
0.178032
0.084068
-0.113491
-0.176281
0.678408
-0.054575
0.839633
-0.981591
-0.599216
0.982529
0.069203
0.036822
0.401585
0.787674
0.283830
0.017544
-0.054671
0.013883
-0.516029
-0.970765
-0.961479
-0.240620
0.771170
-0.825120
0.348891
0.632338
-0.334820
-0.050705
-0.294747
-0.470613
-0.372994
0.027042
-0.118994
-0.147933
0.816611
-0.016833
0.393719
0.457813
-0.682895
-0.411611
-0.044982
0.414737
-0.213414
-0.118893
0.938932
0.923613
0.725064
-0.417274
-0.974943
-0.098159
0.706609
-0.569543
-0.069378
-0.453683
0.861942
-0.565627
0.175262
0.743514
0.050726
-0.189755
-0.232275
1.000000
-0.403914
0.013486
0.815867
-0.094293
0.348006
-0.402897
-0.217252
0.402645
0.603416
-0.082008
-0.618011
-0.600042
0.003065
0.000507
-0.072540
0.323752
-0.542691
0.231692
-0.229826
0.743007
0.483550
-0.042331
-0.021874
-0.692759
0.730772
0.153521
0.243827
0.871069
-0.483514
0.020378
-0.780418
-0.302724
0.625590
-0.288596
0.609884
0.031167
0.875091
0.709365
0.280731
-0.677824
-0.378898
-0.374084
-0.224517
-0.270451
-0.502090
-0.058786
1.000000
-0.101403
0.217946
-0.622918
0.046318
-1.000000
0.299298
-0.538513
-0.988023
-0.347712
-0.749587
0.386569
0.041582
-0.735489
0.966093
0.529130
-0.622427
0.258505
0.140280
-0.315557
0.082599
0.476607
-0.374845
0.929859
-0.543746
0.675570
-0.528232
-1.000000
-0.264106
0.330709
-0.000826
-0.322765
0.260747
0.703959
1.000000
-0.352466
-0.476658
-0.312223
-0.863522
0.934016
0.129855
0.170117
-0.395955
0.215895
-0.395822
-0.015778
-0.766619
-0.052380
1.000000
0.846831
-0.706079
-0.298608
0.703160
-0.494486
-1.000000
-0.134762
-0.576939
0.631070
-0.866615
0.451801
-0.487933
-0.540302
-1.000000
-0.887885
0.272879
-0.517695
-0.739120
-0.627518
0.753278
0.553463
0.025113
-0.967387
-0.709572
-0.889247
0.323161
0.162824
-0.654144
0.466840
-0.759585
-0.361181
-0.365464
0.741031
-0.473719
0.916341
0.771490
0.033260
-0.604903
0.745954
0.344150
0.951425
0.085491
0.137186
0.755884
0.124274
0.204022
0.794308
0.753229
-0.089714
-0.675376
-0.958105
0.211308
0.015131
0.108361
-0.613591
1.000000
-0.669547
-0.416028
-0.158345
0.069623
-0.902894
0.847541
-0.814858
0.646066
-0.033731
0.711149
-0.447324
-0.256846
-0.344032
-1.000000
-0.238297
-0.927440
-1.000000
1.000000
0.604795
0.985453
0.059444
-0.614595
-0.722629
0.892318
0.242011
-0.478042
-0.350831
-0.655799
-0.527613
0.300843
0.158574
0.689633
0.224492
0.685410
0.585808
-0.306916
0.256152
-0.876718
-0.011149
1.000000
-0.504908
0.088003
0.852812
-0.497119
-0.879657
0.382662
-0.328544
0.489357
-0.138668
0.811455
-0.220476
0.480825
0.969245
-0.144672
-0.567448
-0.532354
0.240311
0.128516
0.505132
0.400297
0.128951
-1.000000
-0.938129
0.562778
0.257605
0.589875
-0.522048
-0.607303
-0.486826
0.299121
0.513420
-0.042757
-1.000000
-0.363658
-1.000000
-0.494603
-0.387385
0.712972
-0.876832
-0.592280
0.389950
0.145522
-0.311960
0.847929
-0.667331
0.377148
-0.533106
0.706861
-0.123747
-0.575108
-0.820039
-0.120324
0.157695
0.371428
0.581570
0.628026
0.410575
-0.339540
0.287586
0.944447
-0.880115
-0.424946
-0.406976
-0.839143
-0.047807
0.241704
0.042210
1.000000
-0.140983
-0.288972
0.771316
0.302709
-0.706661
-0.130247
0.976495
0.118607
0.414725
0.190726
0.287781
-0.327394
-0.251339
0.867234
0.432254
1.000000
0.840175
-0.437354
-0.886293
-0.121979
-0.877720
0.800998
0.145472
0.665099
-0.579853
-0.347872
-0.800893
-0.821051
-0.839817
0.227992
-0.425872
0.817428
-0.477912
-0.862381
0.058646
0.207157
0.033057
-0.242006
0.926092
0.423443
0.050644
-0.134584
0.714071
0.863390
0.504831
0.835387
0.286524
0.255395
0.153754
-0.272350
-0.544316
-0.630600
0.934552
0.638468
0.965747
0.258335
-0.003045
0.940238
-0.847403
0.294044
0.568579
-0.194637
0.335557
0.305679
0.033219
-0.723650
0.959063
-0.321382
-0.926602
-0.933385
0.018887
-0.268470
0.632829
0.265743
0.910926
0.245486
-0.706619
0.599872
-0.717971
0.536481
-0.797809
-0.494353
0.340452
0.638014
-0.597315
-0.276427
1.000000
0.585040
-0.484898
-0.120314
0.561423
0.105037
-0.143622
0.751844
0.500830
0.959141
0.514830
0.423148
0.160984
-0.140692
-0.951119
-0.989816
-0.755232
0.764454
0.451132
-0.555382
-0.425187
-0.729688
-0.838975
0.361243
-0.596749
-0.198285
0.655918
-0.370777
0.480858
-0.976226
0.134653
0.075096
-0.419628
-0.097910
0.411531
0.351589
-0.751195
-0.483564
0.142363
-0.024247
-0.272343
1.000000
-0.258020
1.000000
0.325827
-0.289908
0.739914
-0.112572
0.517253
0.293040
0.250551
0.652536
-0.179207
0.248127
-1.000000
-0.131030
-0.400945
0.415567
-0.451129
0.899531
-0.897873
-0.208429
0.194682
-0.043973
0.410101
-0.641612
-0.174598
-0.755053
0.571334
-0.872212
0.762482
0.820592
-0.485726
-0.923600
-0.272515
0.086751
0.410881
-0.497337
0.258383
0.202653
-1.000000
-0.521665
-0.235212
0.165168
-0.729611
-0.786140
0.046383
0.807036
-0.744378
0.231755
-0.005579
-0.627755
-1.000000
0.589814
-1.000000
-0.019245
-0.707969
-0.621314
-0.151248
-0.290005
0.224879
-0.826717
-0.287896
0.694226
0.022893
0.621534
0.820717
0.414050
-0.514424
1.000000
0.349359
0.074947
-0.299203
-0.113660
-0.322671
-0.835204
-0.608959
-0.050160
0.940414
0.992999
-0.849565
-0.905979
0.872862
0.904854
1.000000
-0.404178
0.071829
0.290397
0.867700
-0.157648
-0.323768
0.087969
-0.064987
0.643060
-0.469924
-0.652217
0.538420
0.985709
0.584090
-0.630150
0.756092
0.898702
-0.495327
-0.881353
0.405792
0.744303
-0.086829
0.159640
-0.815168
-0.102307
-0.270166
-1.000000
0.581493
0.627865
0.032795
0.110013
-0.807961
0.332861
0.083835
0.594786
-0.832265
0.294502
-1.000000
0.326724
0.176334
-0.765138
-0.114452
-0.363901
-0.483368
0.457066
-0.277097
-0.069298
0.558982
-0.245993
-0.477848
0.714681
-0.437283
-0.723434
-0.429380
0.355618
-0.416894
-0.494853
1.000000
0.305194
1.000000
1.000000
-0.970220
0.963556
0.237347
-0.926305
0.095338
-0.129765
0.765251
0.945984
0.307824
0.211762
-0.192424
0.925124
0.188637
0.009988
0.020039
-0.060853
0.160960
0.390273
-1.000000
0.787778
0.335454
0.360157
0.624019
-0.403113
0.355848
0.921135
-0.228892
-0.325507
0.114425
-0.173424
0.462157
-0.019270
0.384891
0.401474
0.946807
0.784605
-0.711175
0.371160
-0.888161
0.278388
-0.214858
0.637043
-0.673462
0.233517
0.476276
0.926061
0.147273
-0.291244
0.138053
-0.004864
0.200828
0.030902
-0.672993
0.074271
0.193229
0.293395
0.574398
-0.153973
0.768840
-0.439712
0.243444
0.579311
-0.327159
-0.030265
0.109892
-0.072465
0.244073
-0.210501
-0.995084
0.274458
0.608757
0.898194
-0.222631
1.000000
-0.793121
-0.204382
-0.906585
-1.000000
1.000000
-0.165083
-0.406099
-0.596061
0.482376
0.807597
-0.008355
-0.880865
-0.590335
-0.553292
0.761009
-0.497337
0.003575
-0.698001
-0.942112
0.362497
-0.561869
1.000000
-0.371422
0.051561
0.794280
-0.441080
0.941423
-0.386660
0.117403
0.289876
-0.982279
0.501780
0.316597
0.922519
0.107008
0.030639
-0.681914
0.180779
-0.596845
0.180131
-0.058289
-0.991229
-0.336895
0.104979
-0.125082
0.214836
0.852980
-0.243625
-0.529129
-0.190065
0.242526
0.223584
-0.132379
-0.098481
-0.300360
-0.443284
0.997848
-0.089752
-0.684839
-0.170174
0.188713
-0.358823
0.066430
0.318258
0.605720
0.500142
0.816920
-0.132212
0.431086
0.147428
0.630186
0.168372
0.385729
-0.168452
0.161982
0.330781
0.187366
-0.808790
-0.133634
-0.277708
0.044377
1.000000
0.440325
-0.708277
-0.102941
-0.332110
0.551101
0.655185
-0.429429
0.441390
-0.087846
-0.753085
0.389493
-0.066133
0.273460
0.169150
-0.060946
0.284677
0.740756
0.215206
1.000000
0.561582
0.540110
0.212637
-0.926461
-0.871013
0.280814
0.376280
0.358662
0.617544
0.375357
0.279283
1.000000
-0.383990
0.004133
0.435419
0.032481
0.199038
-0.362052
0.208616
-0.030630
0.947198
0.088752
1.000000
-0.728289
-0.934768
0.151720
1.000000
0.584487
0.013016
-0.197928
-0.337859
-0.274662
-0.504781
0.189675
-0.041920
-1.000000
-0.071326
0.035283
0.841614
0.447231
0.314573
-0.318485
-0.118500
-0.653408
0.180140
0.734885
-0.213939
0.112756
0.495405
-0.102391
-0.303258
-0.197201
-0.221836
0.631023
0.905411
-0.041505
0.090610
0.087874
-0.677121
0.924157
-0.382238
-0.514298
0.898685
0.728515
-0.770429
-0.601753
1.000000
-0.786341
-0.055982
0.033321
0.410564
0.071427
0.425789
-0.064168
0.736807
0.390157
-0.327906
-0.392655
-0.843536
-0.791912
0.889430
-0.401006
0.839778
-0.058142
0.647244
-0.408587
-0.251084
0.746329
-1.000000
0.272613
-0.560415
0.166284
-0.416449
-1.000000
-0.234887
0.056214
0.871197
-0.173445
0.260768
1.000000
-0.713796
-0.075813
0.716504
-0.975002
0.989308
0.547826
0.742748
0.650937
0.546878
0.546896
-0.592975
-0.450767
-0.192459
0.041600
0.388430
0.034739
-0.272390
0.487973
0.533343
-0.610374
0.095689
-0.973790
-0.176513
-0.062339
-0.631548
-0.883421
0.082713
0.961419
-0.860444
-0.716954
0.042131
0.358007
-0.518187
-0.245652
1.000000
0.185914
-1.000000
-0.407580
-0.207169
0.271801
0.391376
-0.025806
0.703103
-0.758281
-0.255444
0.962474
-0.110264
-0.625477
0.977167
0.648478
0.342857
-0.031888
-0.762380
-0.066747
0.406040
-0.227613
-0.861725
0.102694
0.488918
0.017166
-0.915641
0.609933
0.734861
0.531433
-0.123180
0.303986
-0.196209
-0.167609
-0.312271
0.974259
-0.642563
0.217340
-0.962319
-0.820947
0.248635
0.729128
-0.655137
-0.115496
-0.315443
-0.117271
0.596180
0.898255
-0.160456
0.171370
-0.239058
0.518493
0.970465
0.662026
-0.925574
-0.310158
0.047670
-1.000000
0.327633
0.600252
-0.207701
0.960982
0.419237
-0.969228
0.611660
1.000000
0.375385
-0.651212
0.589390
-0.345022
0.049875
0.701177
-1.000000
-0.303561
-0.385849
0.130492
-0.790364
0.784855
-0.045835
0.449742
-0.086148
-0.363136
-0.079608
-0.202314
1.000000
0.885361
0.847607
-0.125294
-0.610776
0.792766
-0.401386
-0.584918
-0.705092
-0.526650
0.681907
-0.802151
0.338463
-0.061800
-0.101173
0.096835
0.896623
0.237275
-0.009883
-0.219664
0.530162
-0.095683
0.776675
-0.920341
-0.606620
0.001997
-0.945567
0.576811
0.832683
-0.873464
-0.147491
0.616783
-0.731202
0.757640
-0.159729
0.150494
0.079595
0.136241
0.869206
0.421839
0.229824
-0.307574
1.000000
-0.093764
0.184692
0.897103
-0.117286
0.555240
0.686969
0.276455
-0.340540
-0.193005
0.810154
0.358171
0.448761
0.596769
0.516137
-0.168333
-0.113095
0.211670
-0.177736
0.355520
-0.533287
0.479301
0.573651
0.146841
0.521253
0.349965
0.577262
-0.874739
-1.000000
-0.479619
-0.866039
-0.172554
-0.230612
0.889814
0.569230
0.408491
0.470119
-0.382173
0.197546
-0.146300
-0.204177
-0.403398
-0.774738
0.206985
-0.422213
0.213379
-0.054653
0.356692
-0.362092
0.390375
-1.000000
-0.265413
-0.881612
0.510178
-0.360564
-0.786180
0.420565
-0.331845
-0.265704
-0.296777
-0.303218
0.878484
1.000000
-0.864159
0.773991
0.007188
0.546138
0.201224
-0.382112
0.790051
0.425048
0.244538
0.327852
0.392428
0.014825
1.000000
-0.443082
0.359923
-0.413501
-0.869875
0.590710
0.079374
0.322592
0.528223
-0.417990
-0.195826
-0.291537
0.576091
0.879326
0.727301
-0.212753
0.007474
0.393993
-0.011054
-0.134881
1.000000
0.737775
-0.541430
-0.073984
0.025358
0.288825
0.362715
0.004395
0.069686
0.386744
-0.264378
0.388407
-0.286694
0.561848
0.771752
-0.590822
-0.570627
0.143295
0.660764
0.440105
0.157598
0.549042
-0.566145
0.437187
-0.566975
-0.615415
0.858345
-0.535854
-0.424993
-0.181819
-0.029171
0.526202
0.828474
-0.431719
0.969236
0.224880
0.137519
0.659496
0.686975
-0.205918
-0.108940
0.988706
-0.712210
0.073379
0.135294
-0.712077
0.808867
1.000000
-0.059446
-0.065440
0.880532
-0.471584
0.072972
0.437517
0.026522
0.040082
0.415294
-0.068951
-0.085670
-0.096542
-0.009620
-0.775846
-1.000000
-1.000000
0.418032
0.097013
-0.943371
-0.390917
-0.576105
0.407456
0.196263
-0.095781
-0.244592
0.726774
0.208706
-0.263656
-0.855389
-0.197619
-0.172157
-0.560700
0.035750
-0.106793
-0.680733
-0.592669
0.188624
-0.349294
-0.102779
-0.940510
0.375233
0.062946
-0.531615
0.405747
0.428715
0.036825
0.852135
-0.386815
-0.117946
0.197200
0.812796
-0.219696
0.906441
0.183884
-0.165138
-0.579632
0.601962
-0.600312
0.628406
0.450407
-0.184629
-0.480815
1.000000
0.209873
-1.000000
0.372630
0.426394
0.554469
0.460949
1.000000
-0.710956
-0.045563
0.309156
-0.162484
0.925031
0.092998
-0.832081
0.998769
-0.087338
-0.670819
-0.015605
0.274396
0.027648
0.768423
-0.146625
-0.082458
-0.770672
0.912726
-0.184891
-0.243195
-1.000000
-0.900819
-0.080296
0.165625
0.744915
-0.449662
0.429342
0.411783
-0.011777
0.042576
0.137131
0.076162
0.113615
0.038589
0.789051
0.813432
-0.453415
0.522934
0.861944
0.027007
0.963627
-0.758177
0.867336
0.310684
-0.921012
0.832700
0.291912
0.007050
-0.567036
-0.665229
-0.206278
-0.015421
-0.502146
-0.557255
0.292089
0.561129
0.153141
-0.966640
0.452742
-0.973435
-0.054075
-0.396138
-0.059413
0.487374
0.120528
-0.528999
0.825754
-0.396267
-0.062210
0.012470
-0.154223
-0.369529
0.010220
0.518674
-0.807176
0.412611
0.844886
-0.215002
-0.679354
0.152053
0.813386
0.588522
0.384271
-0.681795
0.308919
0.258505
-0.521599
0.853031
-0.553184
0.005848
0.275965
-0.997311
0.123704
-0.916897
0.027204
-0.224161
0.708570
0.290941
-0.073626
0.299939
0.476152
0.642610
-0.720601
0.785254
-0.420557
0.142675
-0.851915
0.170452
-0.057620
0.251719
-0.146035
-0.526809
0.029878
0.278988
-1.000000
-0.892564
0.147854
0.956796
-0.115955
-0.123543
-0.803747
-0.051362
0.150984
0.182171
0.472762
-0.488473
0.641857
-0.524058
0.033057
-0.404368
0.405016
0.324647
1.000000
-0.440117
0.148470
-0.226677
-0.600552
-0.621225
-1.000000
-0.946536
0.116328
-0.282019
0.424898
0.872158
-0.083364
0.804216
-0.419677
0.463918
-0.621152
-0.091355
-0.119009
1.000000
-0.299234
-0.727229
0.123639
0.759700
0.491400
-0.531491
-0.182465
-0.211380
0.232964
0.488686
0.318732
0.602314
0.025981
0.980392
0.856623
-0.495479
-0.018430
0.613326
0.576896
-0.137174
-0.380075
0.066508
-0.799418
-0.462963
-0.418824
-1.000000
-0.144810
0.016227
-0.223440
-0.101211
-0.700085
-0.014535
0.214358
0.932389
0.314941
0.225723
-0.165530
1.000000
-0.149793
-0.341417
1.000000
-0.413549
0.752264
0.004577
-0.599947
-0.273992
0.548406
-0.402271
0.566402
-0.203806
-0.505179
-0.780103
-0.380965
-1.000000
-0.019592
0.356301
0.290704
-0.775230
-0.548482
0.940209
-0.051888
-0.223825
0.468517
-0.046590
-0.244607
0.446662
-0.973100
-0.032478
-0.372176
0.060821
-0.874602
-0.516595
0.806033
0.344828
0.706705
-0.744253
-0.403777
-0.053447
-0.508161
0.943674
0.810702
-0.072052
0.406864
0.509536
0.338330
-1.000000
0.556345
-0.739704
-0.220570
-0.896459
0.004060
-0.217222
-0.656079
0.768422
0.722419
-0.006658
0.985146
-0.632414
-0.342584
-0.848510
0.292088
0.839754
0.234221
-0.081130
-1.000000
0.372480
-0.694913
-0.137829
0.301980
0.869077
-0.839473
-0.369661
-0.326523
0.214018
-0.544278
-0.668305
0.781789
-0.211950
0.088034
-0.414246
0.221047
0.659311
-0.948763
-0.500049
-0.169387
-0.034697
-0.545283
0.668787
-0.505581
0.784312
-1.000000
-0.738344
0.933018
0.284499
0.964668
-0.567599
1.000000
0.053493
-0.635554
-1.000000
-0.088156
-0.190122
-0.050374
0.058772
-0.003422
-0.667828
-0.163348
0.090569
-0.341376
-0.590759
0.963921
0.710047
0.645227
0.557682
-0.365015
0.277368
0.902852
0.458231
0.441096
0.504028
-0.715174
0.820025
-0.265074
-0.784156
-0.638346
0.354731
1.000000
-0.547221
-0.055613
1.000000
-0.954132
0.005693
0.354466
0.441737
-0.878636
0.487020
-0.196604
-0.408400
0.225835
-0.346687
-0.837630
-0.598472
0.642916
0.312182
-0.529269
0.040135
0.462151
-0.311950
0.422289
0.752486
0.690649
0.716615
-0.160800
-0.390066
0.107475
0.454400
0.095964
0.963589
0.259615
-0.119864
0.763555
-0.761611
1.000000
0.799376
-0.138241
-0.255204
0.886927
0.892767
-0.582418
-0.238049
0.098103
0.447570
-0.089194
0.674906
-0.497210
0.202666
-0.729775
0.764793
-0.149617
-0.751931
-0.631478
-0.755006
0.319243
0.453716
0.919628
0.159223
1.000000
-0.245666
0.807449
1.000000
-0.854067
0.556588
-0.189171
-0.224913
0.064512
0.692899
0.590593
-0.268205
-0.666511
-0.047609
-0.501407
0.301726
-0.270520
-1.000000
-0.297998
0.708629
-0.128680
0.427062
0.444406
0.319042
-0.076027
-0.349228
-1.000000
0.433969
0.872390
0.270737
-0.327446
-0.635332
-0.015950
0.681631
0.119586
-0.608523
-0.057245
0.284005
0.807419
-0.191179
-0.278375
0.394402
0.330594
-0.759549
0.431536
0.562849
-0.516970
-0.828188
0.983810
0.197521
0.072859
0.871955
0.016518
-0.908136
0.076588
-0.098985
0.597676
-0.514057
-0.114204
0.137901
0.026342
-0.664989
1.000000
-0.024684
-0.606512
-0.376057
0.277371
-0.985810
0.462103
-0.398949
0.210513
-0.124452
0.745354
-0.951953
0.553009
0.470061
0.246289
-0.536918
-0.228408
0.954766
-0.133327
-0.763827
0.735037
0.363452
0.005024
0.183682
-0.119585
-0.006016
-0.579125
-0.649415
-1.000000
-0.583854
-0.113244
-0.245689
0.891636
0.732650
0.257556
0.331285
-0.414490
-1.000000
-1.000000
0.379202
0.230747
0.531790
0.428929
-0.089626
-0.813325
-0.095393
-0.838610
-0.235544
-0.266449
0.647461
-0.391722
0.646065
0.398844
1.000000
0.104562
-0.447649
1.000000
-0.611873
0.353824
0.766511
-0.364389
-0.592417
-0.302457
-0.985635
-0.754468
0.956685
0.578458
0.561233
-0.275882
-1.000000
0.770738
0.256654
-0.346516
-1.000000
-0.173490
0.703331
-0.424373
-0.839156
-0.418646
0.348508
-0.741422
0.909078
1.000000
-0.800388
-0.990904
-0.917803
-1.000000
0.833319
-0.635203
0.243937
-0.760676
0.826298
-0.439800
0.146684
-0.534745
-0.486325
-0.642522
0.199816
-0.661166
0.453680
0.132606
-0.476656
0.342501
-0.938093
-0.292701
0.144774
0.796100
0.441930
0.608191
0.393190
-0.163433
0.896134
0.502428
0.536677
0.561522
1.000000
0.225378
0.968337
0.190675
0.870025
0.217415
0.359223
-0.405727
-0.305324
0.253285
0.177214
0.616752
0.039943
-0.986816
0.826024
-1.000000
-0.958809
-0.374607
-0.252667
-0.354341
0.186462
-0.082939
0.678412
0.343551
0.433377
0.267815
-0.949273
0.140815
-0.345628
-0.104448
-0.316635
-0.652546
0.879534
-0.974517
-0.245235
-0.928764
0.006660
-0.322597
-0.457750
-0.596035
0.487957
-0.279752
0.367538
-0.060138
-0.370034
-1.000000
-0.491403
0.781345
0.200150
0.826104
1.000000
0.099582
0.057289
-0.919114
-0.311199
-0.851440
-0.784318
0.838847
0.185300
-0.800359
0.684793
-0.397991
0.680383
-0.449787
-0.354041
-0.253004
0.569496
0.216072
-0.885770
0.011258
0.307887
0.221407
0.481288
-0.319968
0.740632
-0.413144
-0.604571
0.067708
0.448175
-0.358194
-0.719168
0.723028
0.504850
-0.011654
-0.057336
-0.010598
-0.082215
-0.239834
-0.467772
-0.709271
0.325048
0.756953
0.518364
-0.947714
0.455176
-0.499248
-0.199877
1.000000
0.277326
0.750515
-0.191695
-0.174606
-0.533693
0.107519
-0.061558
-1.000000
0.473386
-0.023787
0.523016
-0.193638
-0.342320
0.613923
-0.010566
-0.937058
0.570230
-0.220572
-0.153770
0.564139
0.538697
1.000000
-0.546745
-0.565918
0.952312
-0.606434
0.519597
0.078164
1.000000
-0.948989
0.991966
-0.111145
-0.061880
-0.607293
0.256548
0.039892
-0.034176
-0.227297
0.476183
0.847126
0.354067
-0.901117
0.302429
0.042670
0.277998
0.956441
-0.176687
-0.200913
-0.281242
0.101775
-1.000000
1.000000
-0.193358
-0.702581
0.163781
0.611710
-0.116944
0.813213
0.810573
-1.000000
-0.397906
0.572405
0.180054
0.175545
0.317594
0.004434
0.883446
-0.815885
0.970834
0.182106
-0.444941
-0.844321
0.600922
-0.111046
0.577500
0.621318
-0.909802
0.254035
0.056155
0.035111
0.283641
0.449275
0.594363
0.154923
-0.110317
-0.449070
1.000000
0.717399
-0.231215
0.281101
-0.487875
0.600043
0.428152
-0.674906
0.461462
-0.550339
0.574106
0.301050
0.061906
1.000000
0.165692
-0.332222
-0.311114
0.423613
-0.123144
1.000000
-0.622078
0.303152
-0.902467
-0.775057
-0.050337
-0.017042
0.414002
0.274042
1.000000
0.301422
0.546881
-0.065199
-0.115614
0.411730
0.760689
-0.224706
-0.207700
0.486946
0.094141
0.742045
-0.238668
-0.484571
-0.208933
0.464832
-0.472279
0.328832
-0.875889
0.225758
-0.383817
-0.230265
-0.216068
-0.076481
0.542283
0.229128
0.815011
-0.976664
-0.389778
-0.914994
0.266480
-0.969047
-0.855014
0.221230
0.938856
-0.441151
-0.240745
-0.011301
0.141012
0.832892
-0.332869
0.247631
-0.490155
-0.628254
0.394108
-0.364355
0.421346
0.297057
-0.841084
-0.098173
0.746840
-0.651212
-0.189775
-0.403740
0.408832
0.078554
0.344479
-0.680116
0.753003
-0.590324
-0.016341
1.000000
-0.526989
-0.050293
-0.784020
-0.057567
-0.550501
1.000000
-0.627199
0.812301
0.198442
0.636255
0.937667
0.303152
0.679898
1.000000
0.154033
0.134237
0.769757
-0.592761
1.000000
0.130847
0.895151
0.259016
-0.511803
0.552850
-0.675020
-0.851226
-0.205103
-0.042979
-0.492772
-0.144452
0.927157
0.119431
0.204981
-0.300191
-0.093559
0.679243
0.298513
-1.000000
1.000000
0.148596
-0.193806
0.518409
1.000000
0.246074
-0.484348
-1.000000
-0.726691
0.918865
0.347070
0.351419
-0.606972
-0.447789
-0.252878
-0.823326
-0.003906
-0.983208
-0.035690
-0.272200
-0.434469
0.262689
-0.508409
-0.245547
0.156823
0.970003
0.029025
-0.212470
-0.885956
0.937045
0.200282
-0.153792
-0.574273
0.776367
-0.088956
-0.054116
-0.530455
-0.861445
-0.514250
0.755368
0.251697
-0.579510
0.207009
0.954822
-0.014085
-1.000000
-0.138266
0.952640
0.619288
0.448416
-1.000000
0.482047
0.510119
0.497628
0.615982
0.329700
-0.929125
0.008345
-0.586816
-0.051975
0.260768
0.272028
0.822608
-0.674263
-0.542438
0.030260
-0.900770
0.082453
0.536305
0.100767
0.729355
0.639671
0.720034
0.124935
0.113400
-0.174599
0.001621
-0.972624
0.834410
-0.195132
-0.444388
0.287634
0.458855
-0.004375
0.666719
-0.619980
0.547466
-0.591117
0.466350
0.828988
0.699219
-0.589673
-0.443979
0.154216
0.232138
-0.573118
0.864677
-0.326140
-0.619392
0.542701
0.299347
-0.455476
-0.375602
0.107633
0.308352
-0.705806
0.167109
0.338301
-0.511645
0.443164
0.654032
-0.597962
-0.479449
-0.744439
0.063480
-0.029775
-0.193603
-0.504446
0.863488
0.128459
0.114793
0.728959
0.324254
0.242474
0.022210
1.000000
-1.000000
0.871318
0.635083
0.119734
0.695611
-0.313187
-0.996735
-0.445525
-0.200476
-0.170721
-0.672366
0.433078
0.625766
-0.065837
0.377316
0.846050
0.152813
-0.208946
0.703981
-0.246943
0.694976
-0.367006
1.000000
-0.045653
0.619627
0.437443
-0.103712
-0.234971
0.388552
-0.775953
-0.558490
0.759768
-0.004943
-0.803459
-0.679390
-0.045035
-0.862694
0.927441
0.410687
-0.022375
0.433211
-0.041816
0.344541
0.871275
0.169000
-0.471542
0.312149
-0.642176
-0.588893
-0.935381
0.071606
0.729812
0.099154
0.393544
-0.361028
-0.044899
0.249100
-0.967707
0.607668
0.259258
-0.880908
0.405698
0.312732
-0.053168
1.000000
0.135673
-0.741307
0.189188
0.969997
0.279150
-0.796898
-0.208598
0.389446
0.592469
0.828679
-0.433230
-0.552635
-0.685770
-0.109884
-0.592540
-0.449784
-0.161000
0.018724
-0.527868
0.598973
0.049681
0.105824
-0.479361
-0.180181
-0.127248
-1.000000
0.410496
-0.198225
0.394435
0.273835
-0.327655
0.579794
0.784871
-0.453413
0.253366
0.886596
-0.257052
-0.160809
0.959715
0.745082
0.345121
-0.800134
-0.338504
0.894617
-0.729677
-0.579075
0.378257
-0.838730
-0.257562
0.959079
0.440050
-0.110693
-0.086615
0.697468
0.967766
-0.245051
-0.233732
0.333513
0.557095
-0.498505
0.140671
-0.106003
-0.252030
1.000000
-0.862684
-0.339270
0.820931
0.813602
0.526697
0.382749
-0.046699
0.468969
-0.167176
0.861089
-0.337814
-1.000000
0.376338
-0.894307
-0.187083
-0.458592
0.168929
0.958097
-0.611387
0.853340
0.715138
0.344114
-0.515340
-0.591005
-0.361574
-0.318123
0.991322
-0.227040
0.408983
0.028646
-0.249271
-0.864986
-0.752583
0.936013
-0.151273
-0.841973
0.636313
-0.342201
-0.644093
-1.000000
0.586688
-0.206902
0.529092
-0.163152
-0.578074
0.306690
0.128246
0.090062
0.384415
-1.000000
-0.798404
0.598839
0.147380
0.446532
-0.390520
0.020420
-0.431432
-0.802483
-0.422603
-0.168293
-0.230736
-0.053734
-0.172882
-0.172909
0.732670
0.760015
-0.637796
-0.421571
0.472150
0.709149
-0.335878
-0.139774
-0.280380
0.932420
-0.031905
0.892675
0.975382
1.000000
0.256947
0.716314
0.305913
-0.371647
-0.128495
-0.744459
-0.580902
-0.460312
0.285477
-0.059266
-0.340125
0.628523
-0.628487
0.484597
1.000000
-0.905393
0.779027
0.002303
-0.554343
0.995662
0.460809
1.000000
0.889535
-0.783272
0.101346
-0.889453
-0.009876
0.135832
0.623566
-0.403028
0.903252
0.470396
0.514085
0.744253
0.049783
-0.199582
-0.040920
0.094173
-0.545477
-0.360516
0.905642
0.233931
0.335274
0.007059
-0.940865
-0.216586
-0.356690
-0.114274
0.156735
0.575234
-0.328985
0.146771
-0.499313
-0.028444
0.047584
0.026707
0.793682
-0.797180
-0.769941
-0.453523
0.802134
0.478252
0.361813
-0.686863
-0.903155
-0.125685
-0.012538
0.592750
-0.063565
0.375061
-0.987897
0.867701
0.778002
-0.934853
0.194843
0.511558
-1.000000
0.474221
0.273536
-0.417133
0.404460
-0.347793
-0.293031
-0.795248
0.533721
-0.078460
0.412524
-0.680010
0.226728
0.698045
0.525896
0.773749
0.236220
0.169973
-0.080181
0.256847
-0.458016
-0.709394
0.809007
-0.199214
-0.174539
-0.138958
-0.497099
-0.755777
0.363844
-0.302123
0.319726
-0.632158
-0.822831
0.580997
0.237517
0.598492
0.827917
0.603467
0.409463
-0.042868
-0.299702
-0.105862
0.649175
-0.476851
-0.910932
0.942352
-0.680754
-0.763682
-0.674998
0.918225
0.260088
0.330394
-0.497610
0.096921
0.588803
0.937862
1.000000
0.936160
-0.821251
-0.348954
0.428590
0.475645
-0.813738
0.432300
-0.800303
-0.199441
0.243964
-0.349933
0.962547
-0.786603
-0.781860
0.214952
-0.456930
-0.279098
-0.283305
0.807593
0.893904
-0.596275
0.345685
0.234325
0.132810
-1.000000
-0.037180
-0.020117
0.696548
-0.625479
-1.000000
-0.449664
0.457050
0.850322
0.150189
0.135808
-0.187867
-0.598225
0.877639
-0.122794
-0.695573
-0.618864
0.258990
0.012571
-0.168114
-0.485429
-0.409569
-0.617512
0.350325
-0.252421
0.659931
-0.038256
0.065790
-0.814153
-0.358726
-0.146224
-0.355209
0.162393
0.264295
-0.061468
-0.235073
-0.108642
-0.422641
0.598600
0.001411
0.162832
-0.837869
-0.451276
0.655592
-0.426854
-0.501047
-0.061677
0.798694
-0.370246
0.136735
-0.733298
-0.599135
0.016864
-0.841575
-1.000000
-0.260645
-0.385586
0.670078
-0.562497
0.714659
0.968011
0.181015
-0.552911
-0.221062
0.663549
-0.595042
0.398021
-0.377563
-0.117113
-0.638259
-0.987927
0.503242
-0.012495
-0.861986
0.930942
-0.622097
-0.094666
0.293026
0.898797
-0.717953
0.934854
0.272046
0.817125
-0.624772
0.471718
0.260829
-0.572111
0.235706
0.883851
0.015541
0.219153
0.745345
-0.214041
0.163662
-0.966721
0.494160
-0.122564
-0.537513
-0.502366
0.670307
-0.614923
-0.036431
-0.779605
-0.646135
0.839864
-0.591148
0.015167
0.039603
0.510605
0.949952
-0.447431
0.626405
0.067141
0.183997
0.242488
0.490945
0.350863
0.870811
-0.938473
0.301636
-0.611179
-0.404825
-0.334311
-0.238820
-0.160997
0.849657
-0.848976
0.037754
-0.489273
-0.225123
0.293283
0.466263
0.799805
0.581819
-0.946375
-0.063988
-0.236333
0.949782
1.000000
-0.482932
0.115109
0.633964
-0.175947
-0.772458
0.043195
0.085194
0.534398
-0.948611
0.605072
-0.196233
0.438846
-0.947595
0.318835
-0.079127
-0.465451
-0.624461
0.038356
-0.477455
0.831151
0.426112
0.925750
0.803265
-0.070708
-0.596165
0.250712
-0.091264
-0.972082
0.177978
0.346341
0.488930
0.704610
-0.496552
-0.469215
0.062283
0.000018
0.380530
-0.989625
0.184909
-0.345367
-0.072017
0.056330
0.358556
-0.547707
-0.830680
0.022249
0.229700
0.142266
-0.312589
0.279962
-0.675238
-0.452787
-0.442530
-0.460173
-0.545278
0.215239
0.252752
-0.100502
-0.175715
-0.328095
0.025902
0.061389
0.417968
-0.682034
-0.594396
-0.321794
-0.207342
0.681148
-0.183739
-0.818445
1.000000
0.482634
0.072245
-0.696780
-0.819993
-0.864515
0.979270
1.000000
0.322368
0.092008
0.808690
0.802250
-0.204718
-0.415783
0.144389
-0.153428
0.576622
0.327087
0.326880
-0.068556
-0.124559
-0.170600
0.067688
0.714338
1.000000
1.000000
-0.760811
0.062535
-0.446446
0.896687
-0.421638
-0.054541
0.315351
-0.360510
0.226768
-0.390052
0.805115
-0.929664
0.190888
0.659579
0.509242
-0.318832
-0.292288
-0.956436
0.095283
0.747292
0.141327
0.606078
0.269413
-0.472021
0.197703
0.086785
0.489810
-0.443068
-0.627700
-0.087145
0.562774
0.128200
-0.242469
0.091529
-0.084046
0.716027
-0.339121
0.430741
-0.342695
-0.175835
0.286562
0.466977
-0.671334
-0.349110
-0.055441
-0.975982
-0.118611
0.903402
-0.377747
0.416301
-0.472382
-0.796876
-0.260228
-0.751155
1.000000
0.729386
0.393774
-0.972964
0.154353
0.280176
-0.408676
-0.226341
0.467573
0.015175
0.192210
0.364516
0.774681
0.636174
-0.222691
-0.786957
-0.469280
0.119267
1.000000
-0.511272
0.372616
1.000000
-0.021218
0.150043
0.765425
-0.925909
0.728595
-0.116319
0.014465
0.602188
0.374216
-0.064846
-0.806447
0.212109
0.604650
-0.748778
0.596463
-0.645358
-0.355698
-0.253383
-0.445308
0.093368
-0.825414
-0.928604
-0.546258
0.976838
-0.282297
-0.430186
0.683189
0.112863
-0.795571
-0.124257
-0.122900
-0.135414
0.084409
-0.910559
-0.464914
-0.164099
0.444985
0.663677
0.258667
-0.357502
-0.052139
-0.369367
-0.356854
0.529081
-0.228959
-0.415629
-0.237276
0.067311
-0.252652
0.984955
-0.217757
1.000000
0.047985
-0.305136
-0.001107
0.135252
0.662823
-0.741607
0.011419
0.220078
-0.544413
0.421495
-0.084374
0.881246
0.755888
-0.834353
-0.327703
-0.317306
0.018757
0.483217
-0.187581
0.062235
0.009962
0.042865
0.825275
0.356166
-0.255926
0.430516
0.318561
-0.229436
0.294072
0.216679
0.106650
0.165337
0.789479
-1.000000
-0.680231
0.505901
-0.561646
-0.796341
0.228276
-0.916602
-0.045940
0.995054
0.780815
0.330104
-0.329685
0.553201
-0.216339
-0.441945
0.448457
0.032761
0.128698
-0.660770
-0.426834
0.001823
-1.000000
0.533684
0.221256
0.364549
1.000000
-0.109722
-0.916912
0.995329
0.708961
-0.237146
-0.360553
-0.314180
0.961302
-0.801452
0.015175
-0.587562
0.881417
0.194322
-0.457271
-0.503121
0.955729
-0.148575
-0.039071
0.295747
0.555478
-0.083150
-0.031781
-1.000000
-0.002383
0.697783
-0.187308
0.603962
0.868760
0.747476
-0.080549
0.595499
-0.293132
-0.303121
-0.790791
-0.047220
-0.235261
-0.266278
-0.646230
-0.353568
0.565363
-0.478057
-0.022048
0.284376
0.806979
-0.841785
0.669820
0.232340
0.973572
-0.552045
-0.620872
0.077061
-0.628391
0.379315
-0.431715
0.321336
0.247476
0.840990
-0.082408
0.740489
0.036599
-0.794858
-0.622375
-0.428134
-0.055620
-0.048190
-0.087046
-0.749820
1.000000
0.528764
0.804383
0.137976
-0.761958
0.303584
-0.072779
-0.481180
-0.059424
1.000000
-0.726625
-0.749850
-0.716365
-0.811966
-0.430440
0.810180
0.387088
-0.680604
-1.000000
-1.000000
0.201701
0.400995
0.083139
0.285934
0.080111
0.148309
0.568869
0.440678
1.000000
-0.055627
0.418248
0.791107
0.170671
0.970835
0.582749
0.614505
0.810773
0.531702
-0.048542
-0.793319
0.406683
-0.307156
0.339897
-0.535779
0.931770
0.602317
-0.046554
0.307083
-0.120447
-0.307506
0.384489
0.106995
-0.484490
-0.299962
-0.800480
-0.830688
0.861931
-0.240337
-0.064913
-0.901810
0.059985
-0.662222
1.000000
0.487470
0.920292
1.000000
-0.061270
0.321891
-1.000000
0.455544
0.439339
-0.182225
-0.539062
0.798286
-0.858783
-0.418863
-0.575324
0.027511
-0.325287
-0.161653
0.459308
0.649920
0.741922
-0.559305
0.401074
-0.135151
-0.322308
0.509606
0.099656
0.773019
-0.558603
-0.794346
-0.687166
0.988647
-0.180308
-0.485749
-1.000000
-0.850822
-0.596147
0.746725
0.536800
-0.211408
-0.579897
-0.595638
0.693209
-0.006819
-0.592128
-0.613779
-0.207031
0.188379
-0.148962
-0.235427
0.564658
0.320202
0.972934
0.316034
-0.481846
0.069287
0.259325
0.227931
1.000000
-0.629148
0.029146
0.564076
0.747591
-0.152775
-0.159639
0.819366
0.191602
-0.629917
-0.869238
-1.000000
-0.056513
0.382022
-0.135360
0.983436
-0.274836
-0.422859
-0.490882
-0.468272
-0.904058
0.831427
-0.367858
-0.343697
-0.086977
-0.515255
0.839357
-0.963083
0.407947
0.328254
0.020136
0.508484
-0.137791
0.793307
-0.610357
0.554168
0.805232
-0.243195
-0.659149
1.000000
0.503594
0.736166
-0.391953
0.991988
-0.395959
0.852741
-0.472632
0.934641
-0.219037
0.048149
-0.044003
-0.596336
-0.311430
0.100017
-0.832100
-0.003199
-0.061484
-0.685617
0.315581
-0.931402
0.103820
0.212571
-0.906351
0.619985
-0.373536
-0.046927
-0.178143
-0.323147
0.987036
0.064971
-0.632565
0.781993
-0.927958
0.654849
-0.462917
0.825737
0.898909
-0.333701
0.666191
-0.143096
0.707164
-0.659220
0.409744
-0.367361
0.969668
0.236770
0.680312
0.124337
0.905399
-0.072744
-0.745921
0.828238
-0.493666
-0.356386
0.912802
0.716126
0.656644
-0.550957
0.211741
-0.253901
-0.524493
-0.637847
-0.762309
-0.705802
-0.003685
0.341283
0.075424
0.099874
-0.305079
0.963381
-0.211894
0.198595
-1.000000
-0.071866
-0.340688
0.153433
0.611830
-1.000000
-0.030456
0.249442
-0.019596
-0.931784
0.282336
0.622469
0.170131
-0.490969
-0.111150
0.954455
0.968749
0.029057
-0.623469
0.730715
0.037367
-0.934952
-0.420171
0.309236
0.479361
-0.511492
-0.861990
0.495062
-0.106351
-0.429362
-0.808460
0.986763
-1.000000
0.315489
-0.239925
0.629802
0.396545
0.243490
0.952997
0.145105
-0.220964
0.215436
-0.881575
0.156248
-0.199095
-0.131930
-1.000000
-0.464514
-0.981427
0.665839
0.190058
0.007947
0.094447
-0.121477
-0.543273
-0.716551
-0.074253
-0.613477
0.178670
0.041754
-1.000000
0.403636
-0.675233
-0.401362
-1.000000
0.772811
-0.881098
0.495939
-0.136096
-1.000000
0.678843
0.079684
-0.623504
0.548409
-0.975374
0.189569
-0.582473
-0.000262
-0.540507
-0.124437
0.225138
-0.871539
0.762676
0.347172
-0.500287
-0.261733
0.136713
0.253151
0.680307
0.686667
-0.290718
1.000000
0.666112
0.252985
0.228269
0.368981
0.896026
0.255894
-0.083100
-0.177460
-0.571744
0.601661
-0.123352
-0.075315
-0.269806
-0.336879
0.769033
0.693367
0.042134
0.127581
0.532573
0.480826
-0.199641
0.565541
0.308642
-0.060675
0.073925
0.454507
0.034114
0.892601
-0.258324
1.000000
0.315388
-0.558676
-0.915139
-0.471837
0.503352
0.748518
-1.000000
1.000000
1.000000
0.659872
0.515145
-0.228318
-0.015067
-0.866327
0.023708
-0.129883
-0.031663
0.212748
0.100973
-0.085202
-0.032507
0.674309
0.047616
0.026390
0.088326
0.033498
0.021331
0.017767
0.327650
0.017459
0.022825
0.062084
0.280219
0.075929
0.111891
0.071940
0.017917
0.146598
0.042476
0.149132
0.009040
0.013776
0.023524
0.003131
0.075020
0.016762
0.252543
0.624192
0.028550
0.056963
0.035860
0.027285
0.139029
0.027177
0.029914
0.063369
0.027505
0.058475
0.047896
0.143993
0.151919
0.102313
0.033375
0.044976
0.001159
0.072635
0.024776
0.012878
0.446461
0.021325
0.070373
0.056662
0.021810
0.052865
0.031352
0.013434
0.001681
0.068733
0.013627
0.025147
0.049566
0.073177
0.047296
0.048895
0.038461
0.096744
0.089559
0.013954
0.127951
0.035748
0.010316
0.020164
0.007089
0.175986
0.171023
0.017846
0.018519
0.075705
0.008012
0.019051
0.006020
0.006537
0.055702
0.022547
0.083274
0.097641
0.037824
0.063280
0.026444
0.106417
0.116697
0.223695
0.049924
0.157242
0.020082
0.015799
0.095308
0.023040
0.017497
0.012883
0.225877
0.074903
0.126582
0.302345
0.105415
0.025665
0.046866
0.197306
0.018873
0.015618
0.094691
0.045048
0.007607
0.010696
0.054237
0.036253
0.047505
0.017978
0.025731
0.047760
0.039622
0.033630
0.056864
0.050476
0.098809
0.008150
0.030391
0.019822
0.148717
0.008389
0.031118
0.050237
0.006488
0.003659
0.021522
0.039911
0.142279
0.099552
0.109677
0.061348
0.015479
0.023334
0.032999
0.054769
0.074586
0.023983
0.005039
0.188141
0.018308
0.178371
0.043318
0.056017
0.003393
0.631012
0.017998
0.037100
0.089267
0.177328
0.106021
0.030452
0.047302
0.060148
0.043717
0.578365
0.016253
0.006912
0.024756
0.062345
0.020603
0.024088
0.142505
0.005303
0.148494
0.097432
0.432470
0.092250
0.015807
0.960314
0.027376
0.296734
0.007526
0.063744
0.060430
0.201667
0.194267
0.048388
0.013462
0.062332
0.136964
0.016935
0.092950
0.236428
0.452465
0.052506
0.045978
0.174700
0.002650
0.011606
0.216834
0.051989
0.020381
0.109785
0.034168
0.024148
0.017390
0.170264
0.032462
0.080605
0.036512
0.197789
0.098228
0.144048
0.097910
0.037959
0.067718
0.007362
0.070099
0.014527
0.035310
0.149904
0.127936
0.015150
0.026135
0.007937
0.096079
0.206530
0.087720
0.061860
0.056736
0.059865
0.231661
0.055001
0.069515
0.109168
0.066273
0.077422
0.019879
0.027629
0.116042
0.142191
0.073692
0.023654
0.044597
0.013052
0.077283
0.192395
0.033554
0.019698
0.177176
0.121475
0.469593
0.049283
0.814816
0.006521
0.011276
0.085778
0.007726
0.012025
0.007236
0.105840
0.054346
0.226464
0.187193
0.053433
0.005338
0.092346
0.509927
0.288046
0.010342
0.045192
0.123444
0.035072
0.012241
0.025340
0.034540
0.032233
0.186968
0.037958
0.077583
0.062268
0.015444
0.039541
0.009612
0.097986
0.063362
0.053199
0.007526
0.142611
0.012690
0.107201
0.022276
0.041564
0.070019
0.243388
0.014539
0.104612
0.056822
0.043555
0.075966
0.006986
0.113614
0.038033
0.031044
0.005954
0.171690
0.057105
0.039551
0.106681
0.035720
0.004037
0.027939
0.216863
0.188617
0.117363
0.033158
0.238015
0.199084
0.207346
0.122682
0.064658
0.042522
0.072958
0.009773
0.022864
0.038287
0.178830
0.011095
0.026114
0.016827
0.003110
0.034312
0.032926
0.051157
0.023139
0.020690
0.099283
0.033037
0.040816
0.030770
0.048772
0.097650
0.022455
0.155303
0.043414
0.432753
0.035129
0.001950
0.151794
0.032409
0.014096
0.029953
0.026097
0.032502
0.035912
0.050458
0.051232
0.024797
0.024973
0.021192
0.010349
0.070273
0.049650
0.119416
0.105773
0.004444
0.278219
0.663198
0.693049
0.288770
0.063790
0.058178
0.028170
0.051806
0.281496
0.046054
0.065202
0.047088
0.026890
0.234763
0.054396
0.049067
0.311038
0.039356
0.046973
0.046912
0.491812
0.036967
0.055789
0.073497
0.018445
0.083218
0.081701
0.167508
0.040088
0.036440
0.123317
0.020859
0.158301
0.223558
0.202474
0.019098
0.099899
0.149662
0.086628
0.071297
0.050960
0.585696
0.035858
0.013767
0.030131
0.002469
0.036407
0.052987
0.041862
0.392622
0.095418
0.015009
0.008460
0.049484
0.503440
0.005886
0.079584
0.058297
0.009609
0.048622
0.007544
0.172469
0.035990
0.026168
0.107931
0.335926
0.033281
0.131225
0.052054
0.027493
0.003426
0.110801
0.036134
0.019947
0.106182
0.028440
0.024886
0.142436
0.025073
0.716265
0.013559
0.028169
0.051983
0.076622
0.026054
0.024576
0.159566
0.024108
0.193624
0.083312
0.007064
0.074746
0.026830
0.021015
0.018354
0.017056
0.049855
0.057556
0.015942
0.077552
0.021529
0.006690
0.001654
0.109630
0.178646
0.020966
0.024625
0.014553
0.059045
0.005994
0.066886
0.271920
0.024333
0.184898
0.021087
0.062825
0.033130
0.124248
0.041741
0.024478
0.013036
0.015890
0.034207
0.018660
0.063925
0.009475
0.234733
0.024105
0.010165
0.029213
0.143229
0.088056
0.033227
0.005483
0.012277
0.041331
0.033416
0.070447
0.136332
0.030522
0.026467
0.492929
0.028783
0.056041
0.351265
0.010443
0.051619
0.009361
0.008707
0.109742
0.032312
0.028588
0.063508
0.009363
0.053159
0.331693
0.015891
0.011842
0.040266
0.127466
0.040983
0.033172
0.231078
0.064050
0.164713
0.034512
0.121521
0.457394
0.011966
0.258532
0.067015
0.235240
0.025040
0.012879
0.345649
0.067080
0.042660
0.004744
0.008157
0.045443
0.014957
0.026376
0.285628
0.005303
0.144958
0.033398
0.009705
0.122811
0.144021
0.401603
0.001295
0.014640
0.498704
0.116374
0.035655
0.031926
0.031382
0.156075
0.001946
0.282514
0.017224
0.031310
0.541888
0.023635
0.038072
0.075065
0.383907
0.034615
0.401790
0.112926
0.013084
0.457324
0.351662
0.006653
0.393281
0.042539
0.209039
0.016112
0.027489
0.107618
0.009537
0.020910
0.319416
0.066598
0.012317
0.057683
0.301110
0.040324
0.046593
0.037845
0.010430
0.059125
0.043740
0.032130
0.133351
0.059259
0.087240
0.031789
0.044494
0.010417
0.005192
0.036162
0.105738
0.250984
0.003987
0.098177
0.050119
0.274519
0.005136
0.027003
0.059969
0.044115
0.067884
0.141985
0.029638
0.037355
0.068582
0.030119
0.063411
0.095339
0.009386
0.014828
0.050726
0.124664
0.028700
0.339806
0.016336
0.014045
0.080008
0.184696
0.151311
0.065043
0.051936
0.058761
0.036803
0.041784
0.020217
0.096296
0.061012
0.121196
0.217244
0.034655
0.201686
0.387407
0.217660
0.004194
0.013330
0.060495
0.064461
0.006994
0.027496
0.132778
0.063597
0.061449
0.021383
0.337549
0.075954
0.015513
0.061657
0.053054
0.024977
0.015743
0.016339
0.021349
0.018266
0.036224
0.023798
0.073194
0.165996
0.115230
0.002989
0.014897
0.064586
0.017451
0.216141
0.262104
0.367265
0.003646
0.022222
0.013011
0.109362
0.066250
0.075713
0.004481
0.104074
0.009937
0.025530
0.345716
0.322638
0.059054
0.029120
0.059860
0.307791
0.513371
0.037478
0.577903
0.034163
0.224491
0.158012
0.147702
0.252451
0.083909
0.080821
0.024092
0.035124
0.008559
0.034673
0.004901
0.091663
0.242839
0.122244
0.044839
0.069009
0.020630
0.061086
0.005412
0.120606
0.036511
0.168921
0.512470
0.037771
0.301780
0.099808
0.059269
0.052109
0.028703
0.007675
0.005175
0.023559
0.049123
0.008753
0.038905
0.004152
0.249486
0.096233
0.017568
0.146555
0.228587
0.047966
0.207452
0.036513
0.085180
0.031597
0.042320
0.264977
0.019835
0.008486
0.067258
0.482587
0.040281
0.005892
0.004858
0.008973
0.014918
0.008092
0.022493
0.016656
0.010366
0.035294
0.095315
0.129702
0.023281
0.045586
0.294398
0.405316
0.012816
0.057917
0.017718
0.006760
0.024604
0.090097
0.017664
0.004234
0.502583
0.216588
0.186886
0.037034
0.026814
0.067971
0.274722
0.141533
0.030083
0.041339
0.006212
0.041252
0.011663
0.099244
0.097054
0.074128
0.005083
0.085017
0.033316
0.194230
0.062767
0.014397
0.023039
0.819938
0.008524
0.000977
0.027235
0.025302
0.012881
0.012156
0.122728
0.019273
0.007572
0.259699
0.145888
0.040156
0.097042
0.027628
0.012537
0.097451
0.006757
0.038209
0.059585
0.006711
0.007699
0.018117
0.016450
0.087810
0.043830
0.009417
0.014565
0.031826
0.570041
0.203004
0.024086
0.010227
0.050734
0.140049
0.105828
0.015867
0.058565
0.092140
0.028191
0.022901
0.057369
0.079158
0.088526
0.366758
0.104180
0.019273
0.363921
0.147430
0.192103
0.071030
0.015134
0.118432
0.017959
0.021223
0.873713
0.021908
0.131552
0.141805
0.071071
0.054438
0.047266
0.007687
0.011681
0.361359
0.007987
0.055743
0.041255
0.074354
0.085128
0.101917
0.016339
0.153213
0.060594
0.168015
0.026767
0.006536
0.058592
0.026448
0.034782
0.022575
0.044280
0.055859
0.299948
0.216587
0.037113
0.011639
0.153357
0.076094
0.290727
0.005693
0.122485
0.061120
0.016075
0.082009
0.029495
0.027644
0.052718
0.017634
0.365587
0.007400
0.030978
0.012053
0.015810
0.002980
0.005329
0.144831
0.018693
0.040844
0.039928
0.418787
0.255246
0.025895
0.039029
0.099232
0.177042
0.020846
0.048467
0.273406
0.436087
0.258334
0.015030
0.069723
0.022723
0.115118
0.310549
0.046442
0.004417
0.008351
0.218873
0.069690
0.059186
0.017775
0.037616
0.070644
0.139176
0.239555
0.030749
0.143569
0.028376
0.050738
0.090411
0.142630
0.012771
0.007908
0.062283
0.015124
0.029314
0.040645
0.368437
0.018903
0.144128
0.016282
0.088448
0.040885
0.048524
0.011008
0.116152
0.041289
0.024403
0.299569
0.107188
0.125297
0.029627
0.035540
0.035818
0.061896
0.078510
0.009309
0.112948
0.078168
0.046115
0.111362
0.100731
0.006812
0.295128
0.040974
0.081894
0.016758
0.037233
0.018662
0.008302
0.062740
0.022353
0.016010
0.125231
0.078895
0.364846
0.105243
0.140678
0.193079
0.226270
0.171546
0.179514
0.032324
0.107163
0.041191
0.031083
0.019140
0.076941
0.029923
0.027070
0.010345
0.104431
0.055994
0.019532
0.041626
0.074343
0.076775
0.010989
0.038670
0.416902
0.011737
0.001036
0.028880
0.014680
0.053310
0.009147
0.076610
0.018500
0.044393
0.143283
0.231244
0.191707
0.045092
0.087508
0.021513
0.159162
0.011603
0.014199
0.239119
0.013808
0.024477
0.003819
0.178138
0.216646
0.009436
0.106879
0.056163
0.023374
0.011227
0.022321
0.006783
0.117076
0.248537
0.010674
0.029199
0.025880
0.042967
0.087568
0.060426
0.005503
0.067341
0.035412
0.096008
0.017608
0.299620
0.033368
0.012188
0.359521
0.050303
0.012210
0.036509
0.231540
0.073041
0.021741
0.154085
0.115234
0.491896
0.024742
0.037739
0.033323
0.055058
0.113755
0.042904
0.040999
0.004840
0.017534
0.052950
0.087834
0.028730
0.009146
0.467136
0.048379
0.007637
0.112717
0.162653
0.006452
0.006888
0.206174
0.047829
0.086956
0.120368
0.367217
0.109771
0.085143
0.012506
0.291975
0.133495
0.112732
0.083853
0.091939
0.017507
0.030931
0.161396
0.032133
0.019906
0.041870
0.025549
0.180721
0.016266
0.086837
0.097241
0.031110
0.052705
0.036529
0.147275
0.021509
0.010361
0.008809
0.036117
0.014728
0.099462
0.254754
0.055679
0.128936
0.041248
0.019406
0.313209
0.098749
0.144359
0.014268
0.004003
0.080549
0.021992
0.081454
0.013361
0.072611
0.009328
0.037103
0.018805
0.038193
0.045330
0.061876
0.026301
0.011759
0.194407
0.042830
0.181609
0.013020
0.021763
0.275649
0.414190
0.067359
0.093114
0.020863
0.070629
0.011715
0.009059
0.075548
0.009117
0.017247
0.012863
0.115715
0.012454
0.020798
0.572897
0.024699
0.388205
0.014441
0.039564
0.103490
0.202576
0.052607
0.006785
0.399301
0.083112
0.257249
0.318464
0.041037
0.023625
0.319622
0.380072
0.026433
0.383877
0.218296
0.028410
0.022049
0.046159
0.051301
0.104897
0.002372
0.218459
0.108997
0.000749
0.618236
0.032880
0.203998
0.034438
0.034941
0.017146
0.055350
0.240261
0.028844
0.744707
0.070293
0.021826
0.026120
0.050087
0.199811
0.184424
0.060802
0.023567
0.035244
0.011965
0.055399
0.019879
0.370134
0.189965
0.064123
0.026264
0.010584
0.102991
0.009919
0.026020
0.770748
0.077201
0.053909
0.134055
0.037633
0.034374
0.387833
0.015856
0.004731
0.265561
0.081593
0.023567
0.065787
0.133816
0.152034
0.015049
0.031388
0.037881
0.005216
0.047033
0.013657
0.127279
0.157082
0.024249
0.105959
0.218666
0.045813
0.098440
0.019263
0.028408
0.122468
0.032288
0.018843
0.104737
0.043982
0.021848
0.280610
0.016077
0.002832
0.077770
0.056231
0.093561
0.072083
0.007513
0.026922
0.262904
0.015980
0.016324
0.098209
0.457056
0.278223
0.287256
0.033312
0.342950
0.046612
0.363088
0.123406
0.009984
0.047937
0.190475
0.022221
0.008582
0.008122
0.028072
0.053423
0.061568
0.046613
0.013620
0.028908
0.055814
0.197897
0.052233
0.028084
0.039656
0.004070
0.132224
0.022385
0.240706
0.202688
0.002570
0.004805
0.133248
0.022272
0.033414
0.010111
0.013488
0.006392
0.024058
0.018413
0.012264
0.032006
0.004118
0.100267
0.161710
0.012859
0.076894
0.004269
0.062490
0.079047
0.195039
0.001585
0.175775
0.089393
0.015363
0.291395
0.010850
0.049855
0.104184
0.174224
0.100856
0.015640
0.129348
0.020204
0.023947
0.229003
0.173851
0.358096
0.122270
0.064063
0.007387
0.010939
0.119862
0.045254
0.046039
0.031405
0.033061
0.063264
0.145929
0.020668
0.117570
0.008810
0.005826
0.047080
0.087651
0.367754
0.014888
0.006288
0.026916
0.054427
0.084400
0.033866
0.218191
0.092150
0.035951
0.101011
0.011645
0.049643
0.045391
0.032612
0.088530
0.014604
0.003612
0.043911
0.016240
0.039125
0.147450
0.034557
0.003626
0.481320
0.077176
0.012786
0.015119
0.027106
0.006573
0.164739
0.020805
0.042893
0.022822
0.004608
0.168947
0.085266
0.044087
0.028614
0.038424
0.068531
0.019211
0.106905
0.025268
0.006836
0.122212
0.037639
0.097489
0.027045
0.192297
0.019196
0.069016
0.002051
0.027511
0.056207
0.012015
0.008547
0.055558
0.176694
0.007549
0.031459
0.042812
0.020896
0.061132
0.063260
0.012509
0.050348
0.121431
0.037831
0.027305
0.041479
0.049585
0.004690
0.015316
0.091896
0.269580
0.174701
0.117238
0.034404
0.130595
0.201706
0.018117
0.009383
0.072476
0.078944
0.044114
0.024340
0.108345
0.154609
0.026556
0.018519
0.031112
0.166039
0.013411
0.484738
0.053000
0.008831
0.140702
0.086204
0.070278
0.003603
0.093924
0.214925
0.009797
0.039601
0.201916
0.027036
0.032568
0.012031
0.229883
0.204260
0.053675
0.077088
0.108919
0.056358
0.002863
0.125502
0.014525
0.132545
0.107016
0.024385
0.233477
0.201266
0.058108
0.475866
0.101348
0.237340
0.203360
0.049233
0.011850
0.034717
0.098181
0.059660
0.572493
0.097580
0.016505
0.083881
0.093506
0.023180
0.012726
0.159076
0.055295
0.020590
0.020773
0.065531
0.311442
0.131170
0.022214
0.252140
0.017046
0.094513
0.111211
0.026019
0.031243
0.095809
0.046738
0.081925
0.032073
0.132822
0.047600
0.005778
0.025063
0.021581
0.157455
0.061060
0.013476
0.007574
0.020095
0.386392
0.096039
0.022783
0.027287
0.024724
0.023618
0.027103
0.030220
0.048874
0.006760
0.052693
0.066539
0.251018
0.031376
0.185709
0.002640
0.050083
0.031368
0.214143
0.051352
0.088126
0.040211
0.027636
0.005897
0.028383
0.631731
0.030716
0.008339
0.038683
0.104373
0.451262
0.038885
0.180607
0.125497
0.012332
0.036637
0.009704
0.009021
0.033541
0.014093
0.020805
0.004877
0.009789
0.088341
0.042639
0.018280
0.017035
0.017534
0.021975
0.026607
0.101320
0.017794
0.134375
0.008187
0.149131
0.099283
0.082212
0.120530
0.119187
0.009807
0.002689
0.070339
0.013033
0.007814
0.079678
0.102309
0.377487
0.013498
0.031907
0.041378
0.009013
0.018935
0.412395
0.002151
0.001962
0.034131
0.030074
0.055078
0.053029
0.016062
0.026634
0.048400
0.045640
0.072481
0.007408
0.075886
0.129723
0.102892
0.014379
0.028407
0.138933
0.009234
0.064479
0.019899
0.139903
0.013178
0.019065
0.085913
0.006956
0.012992
0.018052
0.025002
0.030423
0.028546
0.077109
0.105350
0.020466
0.033132
0.033609
0.167893
0.012423
0.052539
0.021063
0.038165
0.058265
0.325703
0.010881
0.055685
0.013748
0.055452
0.102819
0.010101
0.061247
0.037620
0.005322
0.019568
0.115270
0.030301
0.041013
0.050056
0.032554
0.224795
0.015945
0.012441
0.730495
0.091552
0.063027
0.076067
0.021644
0.004695
0.292501
0.013437
0.031839
0.036767
0.078852
0.148919
0.008353
0.036580
0.143665
0.087339
0.055005
0.068454
0.022387
0.027304
0.183668
0.023740
0.138212
0.005998
0.470758
0.072765
0.018136
0.297351
0.049503
0.283307
0.133111
0.025784
0.093706
0.319103
0.126903
0.068682
0.014996
0.025850
0.023360
0.035955
0.070591
0.335353
0.046373
0.090559
0.008758
0.043459
0.101276
0.039722
0.012232
0.015758
0.013036
0.250763
0.126233
0.043274
0.297010
0.065297
0.930432
0.011234
0.032003
0.263122
0.049326
0.113237
0.002268
0.008838
0.039695
0.052889
0.223437
0.012545
0.008683
0.005403
0.017120
0.023798
0.008153
0.045205
0.021808
0.015405
0.027063
0.041843
0.030983
0.053487
0.109663
0.011787
0.052348
0.008517
0.131737
0.006723
0.183677
0.114846
0.021662
0.032399
0.075078
0.124546
0.056857
0.054930
0.012138
0.010745
0.367952
0.158434
0.021813
0.212227
0.022686
0.097208
0.006120
0.015323
0.043635
0.077176
0.031262
0.001571
0.208191
0.017897
0.302796
0.050490
0.024976
0.022265
0.027816
0.036942
0.145419
0.009246
0.033950
0.088521
0.014040
0.052002
0.035666
0.043248
0.325106
0.013733
0.093206
0.347270
0.220480
0.017478
0.065130
0.015920
0.628471
0.256247
0.331417
0.025391
0.007996
0.031464
0.039779
0.014506
0.020085
0.030505
0.011666
0.246735
0.473822
0.010548
0.068325
0.388025
0.046657
0.002747
0.258834
0.104571
0.290524
0.543168
0.947441
0.054671
0.075276
0.064477
0.268645
0.144001
0.058006
0.099411
0.023859
0.023641
0.061613
0.159360
0.016808
0.069296
0.091643
0.087796
0.026390
0.026175
0.002234
0.068891
0.082330
0.222951
0.866623
0.103334
0.054498
0.083518
0.035154
0.041272
0.027678
0.010240
0.021563
0.300808
0.104310
0.008194
0.034451
0.292264
0.025225
0.000918
0.026938
0.017352
0.107211
0.142799
0.195726
0.032494
0.248284
0.138588
0.106979
0.019133
0.078677
0.002364
0.049596
0.039872
0.030852
0.019043
0.014059
0.069361
0.082759
0.107062
0.234123
0.022194
0.019012
0.066165
0.042873
0.049006
0.153313
0.046844
0.027241
0.028102
0.017432
0.042732
0.014471
0.022441
0.011485
0.056404
0.016191
0.046830
0.031716
0.299456
0.157096
0.025345
0.121025
0.147608
0.050903
0.049656
0.035627
0.007138
0.023142
0.046549
0.031323
0.047670
0.282345
0.030289
0.438248
0.069209
0.041833
0.079547
0.140932
0.081897
0.106456
0.007601
0.109170
0.020269
0.178144
0.051505
0.025721
0.012852
0.116777
0.075801
0.091980
0.042776
0.086252
0.025941
0.167369
0.005892
0.065632
0.367683
0.030341
0.175896
0.296890
0.431783
0.076001
0.282558
0.022748
0.090860
0.066416
0.105187
0.063730
0.001937
0.016081
0.038901
0.028502
0.182621
0.009449
0.013766
0.115192
0.009091
0.021155
0.058761
0.013583
0.125930
0.073886
0.051182
0.653011
0.371796
0.004067
0.045047
0.021637
0.159072
0.074744
0.206316
0.338266
0.079703
0.028040
0.029046
0.041017
0.232363
0.110219
0.175219
0.185180
0.022683
0.026502
0.002844
0.400608
0.262755
0.042387
0.041460
0.005644
0.143356
0.097002
0.049402
0.004092
0.046351
0.019971
0.057368
0.433938
0.179415
0.035086
0.168321
0.090203
0.018963
0.078064
0.030986
0.018269
0.050701
0.041208
0.080800
0.449619
0.027284
0.061693
0.018929
0.008483
0.037609
0.038355
0.024699
0.094632
0.045411
0.006096
0.008890
0.010647
0.123975
0.103711
0.013520
0.020185
0.023226
0.013711
0.042332
0.377798
0.018530
0.112129
0.015997
0.013902
0.083215
0.053015
0.088193
0.044039
0.046297
0.004656
0.022728
0.216070
0.035248
0.448935
0.002404
0.022170
0.017625
0.042408
0.027748
0.040985
0.017635
0.016182
0.010724
0.039146
0.051200
0.090855
0.134595
0.056247
0.121271
0.049906
0.033845
0.013674
0.006664
0.032682
0.052178
0.106108
0.004293
0.483013
0.057579
0.050430
0.180929
0.080635
0.013275
0.649876
0.042264
0.110508
0.053874
0.432138
0.035608
0.007038
0.115286
0.044013
0.012243
0.356590
0.090544
0.342521
0.022631
0.037674
0.035010
0.017021
0.035698
0.108693
0.116789
0.071315
0.042140
0.005085
0.028509
0.079393
0.220163
0.024733
0.015162
0.032535
0.116535
0.025139
0.041979
0.030900
0.014584
0.265975
0.034908
0.185683
0.317115
0.004671
0.005142
0.020794
0.021250
0.058394
0.107906
0.023761
0.021334
0.149331
0.046262
0.064619
0.279032
0.060444
0.922925
0.023611
0.006802
0.022759
0.224860
0.095813
0.048293
0.004378
0.002755
0.061026
0.025534
0.101301
0.336223
0.155726
0.014866
0.285060
0.398405
0.158144
0.129725
0.051315
0.008280
0.021505
0.009047
0.010255
0.016255
0.017399
0.009300
0.090424
0.159031
0.041447
0.073805
0.054194
0.048867
0.031340
0.011245
0.022657
0.012732
0.052377
0.324328
0.012142
0.074195
0.080173
0.026155
0.007218
0.029575
0.165092
0.016783
0.255907
0.022210
0.006272
0.082427
0.078040
0.125229
0.037151
0.030246
0.011699
0.084485
0.099473
0.496644
0.180616
0.078684
0.117461
0.102092
0.037120
0.059276
0.015461
0.096482
0.010309
0.171367
0.048521
0.046707
0.006445
0.032927
0.049700
0.016839
0.041188
0.015671
0.028918
0.565711
0.002661
0.063484
0.056330
0.205575
0.061304
0.102434
0.072069
0.059415
0.097148
0.040630
0.071009
0.065710
0.036118
0.005388
0.039932
0.003967
0.052260
0.025226
0.206463
0.026528
0.050282
0.105718
0.027035
0.045823
0.232255
0.049036
0.051946
0.188499
0.300775
0.002130
0.055502
0.040763
0.023977
0.008494
0.039311
0.044562
0.190285
0.051397
0.013841
0.069984
0.039721
0.105797
0.012409
0.010093
0.201680
0.023459
0.076481
0.308391
0.060427
0.079576
0.213669
0.024432
0.019176
0.004206
0.083472
0.001765
0.452266
0.423902
0.012023
0.066063
0.574139
0.314491
0.133841
0.180258
0.806241
0.009322
0.009478
0.242701
0.035427
0.232575
0.034831
0.123387
0.113538
0.006874
0.110820
0.008873
0.026990
0.025689
0.012609
0.019042
0.035382
0.018579
0.018449
0.109479
0.034524
0.204577
0.009408
0.029888
0.055880
0.104253
0.352474
0.016151
0.022815
0.278079
0.003905
0.176630
0.033908
0.027135
0.011610
0.108769
0.012862
0.078626
0.021956
0.021204
0.130830
0.065563
0.044746
0.061047
0.008206
0.039485
0.016715
0.003495
0.075855
0.163779
0.514230
0.015106
0.013904
0.020201
0.087008
0.040634
0.012902
0.055727
0.009123
0.089234
0.066142
0.145598
0.067790
0.035913
0.029631
0.287522
0.029619
0.038157
0.049182
0.018371
0.031368
0.048072
0.269582
0.320787
0.196033
0.243463
0.017476
0.011742
0.063415
0.410225
0.072500
0.021149
0.119680
0.030141
0.045589
0.004924
0.462778
0.022321
0.289258
0.016556
0.224275
0.034758
0.069069
0.210844
0.077248
0.017184
0.051472
0.049327
0.072602
0.051861
0.002038
0.034250
0.042238
0.215956
0.002388
0.110162
0.185324
0.028497
0.085770
0.011271
0.033072
0.154205
0.022739
0.007343
0.025475
0.041736
0.709683
0.030313
0.143215
0.552060
0.256115
0.005036
0.018758
0.021810
0.050855
0.017573
0.043497
0.029067
0.211712
0.133387
0.099271
0.042940
0.277314
0.057208
0.163506
0.152970
0.031466
0.461549
0.061759
0.034064
0.092379
0.190440
0.090720
0.008486
0.122651
0.008215
0.032653
0.100550
0.009002
0.009416
0.017257
0.009121
0.016457
0.169959
0.209920
0.071007
0.087484
0.696168
0.070392
0.008939
0.351836
0.045372
0.147334
0.010460
0.075167
0.006144
0.087714
0.045932
0.192536
0.090949
0.087697
0.149111
0.038760
0.006075
0.023705
0.225361
0.020931
0.012033
0.051183
0.114465
0.101869
0.015548
0.342561
0.034563
0.036543
0.005360
0.015552
0.040240
0.039144
0.361713
0.000918
0.063766
0.079597
0.122656
0.088885
0.007574
0.006845
0.050040
0.328317
0.021780
0.048627
0.134927
0.163254
0.141526
0.017759
0.053406
0.005299
0.032447
0.067872
0.018135
0.053052
0.087409
0.207150
0.307323
0.044703
0.262218
0.018457
0.002181
0.013923
0.021803
0.017168
0.057492
0.015114
0.042237
0.085210
0.010988
0.013379
0.075236
0.263402
0.251417
0.624512
0.092772
0.001750
0.101527
0.066736
0.157099
0.068225
0.096889
0.104753
0.101707
0.035523
0.197736
0.047478
0.038173
0.018786
0.003061
0.092114
0.176745
0.079761
0.009356
0.044407
0.044174
0.065556
0.263865
0.009838
0.182005
0.021383
0.193061
0.005603
0.271395
0.119492
0.021054
0.229016
0.094158
0.060002
0.025244
0.033718
0.017136
0.036123
0.067196
0.024994
0.008883
0.002781
0.041617
0.047705
0.042707
0.074844
0.075582
0.031317
0.016800
0.042845
0.035248
0.123635
0.090623
0.015020
0.505457
0.013240
0.060488
0.027006
0.029354
0.028666
0.079357
0.004492
0.100765
0.038527
0.099187
0.062410
0.096810
0.013488
0.030247
0.231865
0.033099
0.026791
0.018568
0.277499
0.030182
0.090721
0.078049
0.010600
0.013059
0.017799
0.023760
0.090353
0.020004
0.273958
0.056369
0.051930
0.048242
0.010908
0.007591
0.032840
0.026423
0.040829
0.192041
0.113703
0.025222
0.014126
0.012626
0.011357
0.219652
0.038799
0.020297
0.017095
0.010486
0.056373
0.051071
0.030718
0.007569
0.059543
0.483561
0.122584
0.119528
0.005115
0.041344
0.018144
0.076111
0.003371
0.094078
0.007682
0.043021
0.052422
0.044873
0.552604
0.282789
0.383693
0.348050
0.051097
0.059139
0.031880
0.161768
0.146737
0.055607
0.216141
0.127066
0.080325
0.010981
0.022745
0.948426
0.017714
0.091777
0.002501
0.097737
0.016849
0.140597
0.189149
0.015263
0.049854
0.050030
0.020420
0.022420
0.118546
0.015301
0.175857
0.056486
0.055123
0.359458
0.059334
0.081047
0.036733
0.023008
0.048081
0.091633
0.151578
0.022536
0.033621
0.009767
0.020625
0.019017
0.009923
0.018799
0.481209
0.150962
0.048692
0.203124
0.473584
0.003602
0.134628
0.017483
0.045684
0.039154
0.010809
0.068717
0.072881
0.013949
0.077535
0.024336
0.076309
0.133368
0.007846
0.146801
0.142621
0.120913
0.034851
0.193564
0.062801
0.169265
0.234702
0.053595
0.008291
0.333692
0.015521
0.092528
0.081014
0.105774
0.256036
0.700757
0.013729
0.042276
0.066699
0.003720
0.028165
0.088920
0.018856
0.073483
0.092505
0.136791
0.005514
0.003513
0.424573
0.715074
0.228116
0.488224
0.019710
0.020286
0.045876
0.007491
0.048471
0.002966
0.403799
0.217044
0.039861
0.018761
0.020357
0.088699
0.023643
0.019753
0.032106
0.041824
0.006850
0.550630
0.056330
0.138148
0.044625
0.017186
0.023746
0.070154
0.055084
0.243249
0.054769
0.013302
0.016627
0.146977
0.121518
0.112116
0.001790
0.116135
0.063511
0.088855
0.004036
0.060259
0.036927
0.061516
0.407723
0.009493
0.153616
0.055506
0.042996
0.030157
0.547077
0.054351
0.333620
0.026485
0.011241
0.124383
0.025815
0.012906
0.191868
0.018411
0.026238
0.100229
0.018229
0.322579
0.436504
0.104460
0.016821
0.409269
0.003671
0.088237
0.040956
0.039818
0.454071
0.139142
0.128541
0.156918
0.004703
0.048335
0.051704
0.014162
0.032782
0.029483
0.010683
0.077126
0.058729
0.024648
0.030507
0.017145
0.037862
0.077768
0.011598
0.150944
0.007240
0.015284
0.030070
0.070056
0.048780
0.088547
0.011898
0.017718
0.023483
0.302312
0.098614
0.024971
0.224206
0.128471
0.039511
0.019282
0.177739
0.075122
0.027312
0.216455
0.032668
0.156050
0.030366
0.018288
0.343246
0.085757
0.096315
0.040866
0.015923
0.038327
0.029195
0.024289
0.078870
0.070057
0.011838
0.019292
0.104078
0.009158
0.052639
0.026706
0.031941
0.041205
0.003492
0.156794
0.213160
0.043176
0.007517
0.025477
0.115143
0.011473
0.011267
0.014752
0.260142
0.035933
0.022684
0.112279
0.054954
0.047422
0.004515
0.002674
0.304439
0.022058
0.119923
0.031007
0.055144
0.024413
0.030369
0.219849
0.021225
0.029102
0.197847
0.228974
0.113984
0.013695
0.045155
0.020538
0.005764
0.240302
0.154045
0.229364
0.157836
0.014810
0.054450
0.052671
0.322032
0.013324
0.310614
0.023800
0.137319
0.004677
0.087837
0.002294
0.040523
0.027548
0.019657
0.231514
0.049175
0.393251
0.003384
0.295082
0.039965
0.049637
0.276013
0.110603
0.174669
0.021628
0.015700
0.026009
0.027861
0.009223
0.033361
0.129439
0.041467
0.062560
0.104191
0.212864
0.023295
0.009321
0.022755
0.026162
0.006793
0.051693
0.056209
0.017720
0.011054
0.018910
0.181041
0.075823
0.258030
0.083356
0.224437
0.039479
0.018000
0.887110
0.065835
0.044128
0.109083
0.014729
0.028596
0.177886
0.085299
0.331767
0.098922
0.014890
0.013891
0.121746
0.177093
0.025601
0.010635
0.017361
0.049386
0.055052
0.132698
0.149586
0.029123
0.196873
0.165264
0.134241
0.002320
0.120533
0.015524
0.038288
0.003712
0.576563
0.090014
0.040182
0.174150
0.050921
0.027306
0.048636
0.066641
0.013268
0.137530
0.012657
0.009175
0.153420
0.006236
0.071151
0.182280
0.016679
0.043195
0.046512
0.022037
0.273105
0.031002
0.009678
0.290656
0.036980
0.017927
0.001058
0.001063
0.021381
0.110069
0.141184
0.050782
0.046611
0.019935
0.218675
0.016088
0.248550
0.003391
0.090114
0.047019
0.006749
0.062602
0.036344
0.007450
0.023052
0.008696
0.066681
0.230221
0.010091
0.008020
0.126134
0.046934
0.011533
0.075976
0.015332
0.056336
0.208953
0.029922
0.065269
0.002257
0.711306
0.314343
0.058204
0.097343
0.030235
0.017784
0.284948
0.057527
0.042031
0.339683
0.682822
0.012654
0.118913
0.246103
0.162349
0.017883
0.023225
0.015176
0.069268
0.233137
0.067870
0.026504
0.047797
0.045984
0.005709
0.102207
0.113783
0.009793
0.127024
0.072066
0.011349
0.048972
0.023183
0.279867
0.047688
0.140848
0.185230
0.124464
0.045399
0.081287
0.147252
0.048379
0.103832
0.043108
0.252018
0.086408
0.916088
0.047542
0.032768
0.352139
0.036730
0.003607
0.028521
0.037481
0.200087
0.533832
0.063746
0.062353
0.134760
0.015014
0.024113
0.031724
0.045950
0.042838
0.013511
0.150466
0.531853
0.118820
0.665162
0.180042
0.079980
0.019919
0.454750
0.127813
0.019038
0.004496
0.135139
0.054045
0.207677
0.031394
0.016355
0.018867
0.019610
0.064867
0.126642
0.013444
0.084804
0.069469
0.042561
0.007146
0.148097
0.040743
0.137036
0.038061
0.124833
0.565331
0.101577
0.033018
0.029743
0.015236
0.052324
0.067724
0.063351
0.509977
0.017784
0.007711
0.061658
0.095446
0.180146
0.008704
0.208978
0.292708
0.227686
0.120069
0.358962
0.414622
0.250923
0.018284
0.033093
0.184668
0.073585
0.064977
0.169538
0.022116
0.002997
0.026120
0.038880
0.019021
0.014220
0.013427
0.019399
0.257021
0.013299
0.022812
0.071918
0.055375
0.015122
0.108525
0.147572
0.198060
0.041662
0.066432
0.056722
0.084163
0.018898
0.097779
0.002754
0.016418
0.005554
0.012348
0.056839
0.109031
0.012755
0.063128
0.009142
0.014633
0.008798
0.074060
0.124933
0.055667
0.004467
0.259994
0.063323
0.199861
0.111991
0.009264
0.005207
0.008646
0.347628
0.105619
0.046174
0.018886
0.114658
0.044651
0.020845
0.018742
0.083736
0.057701
0.005871
0.748801
0.131071
0.265698
0.381909
0.025353
0.132017
0.247709
0.111878
0.056821
0.006987
0.101440
0.027416
0.204308
0.066560
0.003202
0.007575
0.066724
0.032494
0.012971
0.196930
0.091527
0.059547
0.027974
0.029336
0.036379
0.017047
0.018494
0.042138
0.004050
0.183049
0.055544
0.103635
0.034226
0.043410
0.035315
0.026845
0.013522
0.016818
0.326669
0.003351
0.012371
0.016981
0.086774
0.009807
0.185564
0.017580
0.086469
0.036789
0.089537
0.099591
0.181391
0.005072
0.226335
0.016311
0.219051
0.239892
0.042901
0.098116
0.003253
0.227332
0.392639
0.063135
0.029999
0.294618
0.086520
0.160948
0.049665
0.037654
0.333900
0.018786
0.121486
0.034086
0.104447
0.027950
0.094342
0.061932
0.120813
0.083586
0.039999
0.085030
0.042903
0.000509
0.085946
0.052169
0.172119
0.164367
0.009812
0.022816
0.016781
0.091886
0.092260
0.035769
0.100633
0.069611
0.234413
0.009319
0.008305
0.153150
0.022861
0.045704
0.047849
0.009335
0.088182
0.227247
0.026074
0.003438
0.016198
0.195704
0.029148
0.006639
0.019877
0.047025
0.011814
0.026643
0.032371
0.123091
0.008846
0.118797
0.845603
0.051100
0.002195
0.468530
0.018414
0.097194
0.046136
0.006463
0.055211
0.032576
0.089778
0.023499
0.184054
0.057298
0.043776
0.039851
0.249300
0.436869
0.313678
0.028525
0.111804
0.058863
0.113309
0.075302
0.033807
0.151833
0.048701
0.020416
0.426470
0.115120
0.014964
0.322523
0.102689
0.099732
0.129024
0.129493
0.158285
0.082212
0.179630
0.018983
0.015344
0.616709
0.046081
0.024131
0.018361
0.048686
0.003674
0.042359
0.529681
0.113617
0.008764
0.019456
0.016784
0.043112
0.037621
0.008914
0.025560
0.007181
0.059316
0.148903
0.056201
0.037629
0.017534
0.031031
0.072575
0.003053
0.047007
0.075121
0.115862
0.015454
0.204136
0.036441
0.044103
0.123371
0.066008
0.211677
0.001035
0.276719
0.014798
0.014737
0.227504
0.015752
0.251527
0.008679
0.277760
0.025074
0.021783
0.019607
0.053019
0.013027
0.019621
0.004224
0.082999
0.028497
0.013538
0.095900
0.182140
0.033420
0.012579
0.006126
0.005065
0.053159
0.133847
0.302637
0.018639
0.022517
0.009589
0.143188
0.234376
0.044689
0.149893
0.156452
0.177449
0.044984
0.640893
0.043888
0.070255
0.051283
0.175242
0.097982
0.187680
0.108588
0.017998
0.075583
0.085393
0.055497
0.059785
0.013045
0.038129
0.251724
0.389767
0.006041
0.006697
0.051292
0.018423
0.060519
0.019700
0.013184
0.192030
0.018207
0.166553
0.157131
0.240347
0.041898
0.105824
0.040981
0.021114
0.130888
0.011161
0.089360
0.012599
0.035441
0.470060
0.095453
0.017596
0.076941
0.035908
0.004494
0.025470
0.494510
0.002121
0.093991
0.178648
0.007829
0.023984
0.015994
0.033805
0.360836
0.042140
0.028843
0.016401
0.020252
0.022324
0.039917
0.202731
0.260411
0.065600
0.010094
0.046921
0.038857
0.144739
0.418273
0.089441
0.080412
0.048553
0.126200
0.166869
0.003796
0.079475
0.105629
0.060617
0.026107
0.005545
0.047190
0.028558
0.224401
0.046260
0.154056
0.048941
0.011319
0.065328
0.022769
0.020410
0.010397
0.020303
0.343218
0.006983
0.041748
0.334294
0.022497
0.093364
0.257031
0.011495
0.072165
0.042396
0.037473
0.100200
0.159347
0.033737
0.193290
0.008659
0.043677
0.047262
0.088668
0.013199
0.004728
0.130259
0.061137
0.016705
0.019052
0.023980
0.023687
0.014847
0.001656
0.039985
0.015426
0.092638
0.098790
0.297426
0.007224
0.008818
0.016993
0.030208
0.048677
0.222315
0.046513
0.036760
0.060905
0.014730
0.081484
0.009544
0.062401
0.033568
0.093136
0.075563
0.073354
0.039761
0.006760
0.230301
0.239674
0.014073
0.019894
0.020188
0.004825
0.007629
0.261440
0.103813
0.048021
0.027323
0.120020
0.013997
0.015151
0.176960
0.015276
0.262257
0.059116
0.026710
0.094133
0.049133
0.109350
0.040200
0.014186
0.060412
0.012232
0.073246
0.335538
0.037072
0.003379
0.003699
0.032778
0.032629
0.058160
0.288816
0.033971
0.120730
0.297226
0.057000
0.040692
0.120344
0.020299
0.080174
0.060671
0.039604
0.613952
0.036632
0.286636
0.145446
0.125666
0.044280
0.148411
0.103960
0.043246
0.006044
0.010775
0.010515
0.011591
0.274252
0.293013
0.014326
0.016650
0.050618
0.034036
0.018583
0.117586
0.013409
0.033115
0.032040
0.166264
0.238576
0.098567
0.188136
0.097155
0.127666
0.068569
0.182322
0.199849
0.018458
0.032974
0.021218
0.019301
0.008057
0.228250
0.093379
0.081337
0.072005
0.002067
0.021680
0.092260
0.158397
0.667451
0.246139
0.020706
0.632836
0.035128
0.220004
0.031212
0.019881
0.100372
0.017446
0.064200
0.077579
0.007173
0.018574
0.017910
0.014348
0.095477
0.055216
0.006462
0.004683
0.008561
0.011616
0.030522
0.125215
0.168856
0.038850
0.007738
0.048897
0.012772
0.561023
0.020253
0.021193
0.799956
0.093753
0.017362
0.018087
0.052692
0.303256
0.031369
0.015710
0.125293
0.153728
0.025657
0.124907
0.013547
0.018237
0.014210
0.064039
0.039573
0.744161
0.056684
0.032319
0.241888
0.025306
0.168425
0.065239
0.091833
0.022406
0.061377
0.036585
0.568207
0.043824
0.044656
0.138899
0.044494
0.015344
0.033118
0.032031
0.078730
0.040778
0.269874
0.024451
0.037550
0.021598
0.005471
0.059454
0.592897
0.088291
0.038080
0.054188
0.012763
0.029659
0.030657
0.113810
0.001774
0.012112
0.090728
0.088089
0.018861
0.115599
0.017332
0.378267
0.048333
0.068975
0.132866
0.020130
0.049423
0.075089
0.237115
0.017549
0.013484
0.031274
0.052140
0.101087
0.039042
0.040406
0.035005
0.135941
0.024696
0.291750
0.881623
0.014934
0.229437
0.048314
0.009397
0.044824
0.036142
0.036782
0.013270
0.039198
0.067264
0.138131
0.026066
0.044432
0.022122
0.267504
0.058101
0.009249
0.127914
0.056953
0.002728
0.032370
0.025051
0.063418
0.112474
0.068751
0.209115
0.171506
0.038741
0.006575
0.206957
0.095135
0.089632
0.179670
0.014009
0.096437
0.281625
0.003165
0.060901
0.154500
0.557268
0.077161
0.028070
0.053110
0.039798
0.195256
0.060343
0.050000
0.044319
0.006837
0.014454
0.006935
0.059008
0.086809
0.005096
0.048235
0.030528
0.188931
0.027979
0.213681
0.116121
0.069335
0.022910
0.019787
0.042347
0.059502
0.056388
0.020200
0.080234
0.023541
0.216472
0.023801
0.004999
0.297038
0.036592
0.086891
0.177268
0.011275
0.027313
0.077274
0.059602
0.021427
0.003219
0.028544
0.050967
0.001576
0.025859
0.037689
0.009239
0.031255
0.063910
0.048114
0.010277
0.005904
0.055162
0.042742
0.022869
0.011038
0.093295
0.044192
0.012670
0.063273
0.148401
0.041010
0.012728
0.062937
0.090588
0.485744
0.048188
0.064348
0.056898
0.007920
0.017841
0.112866
0.018299
0.011187
0.015435
0.053754
0.032220
0.024955
0.028945
0.011947
0.027840
0.121903
0.041572
0.025832
0.097382
0.018117
0.401255
0.002893
0.119426
0.321569
0.030077
0.334945
0.036618
0.012190
0.278225
0.096583
0.067473
0.193174
0.082556
0.297415
0.009912
0.404287
0.070475
0.048221
0.110139
0.038227
0.017344
0.024190
0.032914
0.100475
0.008022
0.251906
0.206002
0.090175
0.013653
0.059228
0.125275
0.007498
0.061527
0.137310
0.006204
0.160112
0.016217
0.011538
0.048891
0.164798
0.003629
0.137810
0.029523
0.018534
0.120455
0.039390
0.017016
0.010879
0.011962
0.050368
0.713606
0.034952
0.033038
0.161225
0.004384
0.030144
0.194765
0.014542
0.059289
0.102737
0.068382
0.094932
0.086691
0.031125
0.020847
0.122121
0.057566
0.033072
0.052507
0.096735
0.060822
0.072209
0.213068
0.013282
0.038530
0.052213
0.069255
0.099948
0.051773
0.366282
0.037724
0.415873
0.037868
0.003827
0.014292
0.024270
0.128433
0.046961
0.046064
0.023211
0.042688
0.156690
0.019740
0.050684
0.013507
0.265912
0.082568
0.542337
0.006435
0.085714
0.015385
0.025841
0.020535
0.031486
0.116571
0.005696
0.136951
0.018977
0.137460
0.552874
0.137814
0.019134
0.103964
0.015754
0.057860
0.066057
0.007806
0.043109
0.050000
0.061007
0.030458
0.238331
0.870547
0.064447
0.045798
0.010904
0.201621
0.007858
0.065703
0.009366
0.022469
0.104980
0.361905
0.019854
0.207702
0.176121
0.020454
0.033963
0.109724
0.014100
0.165526
0.118963
0.312476
0.056145
0.034469
0.023568
0.097738
0.034836
0.153149
0.078285
0.095286
0.015868
0.026588
0.087549
0.067911
0.026138
0.097619
0.149992
0.019005
0.176457
0.010626
0.133399
0.006672
0.066832
0.043837
0.025643
0.107622
0.187450
0.053539
0.014082
0.060563
0.223515
0.352612
0.067519
0.021294
0.007260
0.176376
0.022623
0.027803
0.050802
0.152740
0.031056
0.014236
0.136512
0.013123
0.006505
0.385032
0.031560
0.049534
0.050519
0.005945
0.051354
0.049556
0.105256
0.016185
0.015203
0.261816
0.031949
0.002619
0.011843
0.055199
0.198616
0.071167
0.055394
0.015578
0.177710
0.125720
0.033158
0.012386
0.014984
0.080410
0.019978
0.051740
0.003941
0.052800
0.068134
0.012775
0.168235
0.010598
0.020586
0.294677
0.015267
0.018320
0.168954
0.009451
0.023851
0.071653
0.471817
0.060996
0.042001
0.025248
0.066197
0.034879
0.005824
0.068793
0.015986
0.007228
0.114694
0.024368
0.065598
0.110554
0.027070
0.241352
0.120896
0.016547
0.029649
0.038008
0.150447
0.054432
0.022647
0.447749
0.011239
0.252905
0.152450
0.073568
0.011072
0.021915
0.199358
0.160429
0.012589
0.160002
0.004482
0.064905
0.004163
0.025578
0.270098
0.042908
0.018423
0.048086
0.025151
0.011171
0.180869
0.137111
0.262932
0.245715
0.033433
0.105417
0.607122
0.085926
0.145525
0.038580
0.511025
0.309439
0.036140
0.006396
0.017278
0.017743
0.084430
0.009089
0.027943
0.108469
0.015455
0.052348
0.215930
0.014571
0.012884
0.032159
0.114259
0.022451
0.069034
0.061638
0.019549
0.067306
0.038477
0.024859
0.062425
0.021472
0.043919
0.068376
0.045378
0.006765
0.037289
0.006933
0.009297
0.089464
0.027283
0.060635
0.097180
0.046208
0.086575
0.073601
0.003829
0.128481
0.015066
0.046975
0.020524
0.323992
0.311783
0.029745
0.041250
0.128023
0.326215
0.008414
0.227546
0.071339
0.052289
0.079530
0.046590
0.099221
0.000558
0.080176
0.050898
0.073110
0.021688
0.169545
0.043229
0.035483
0.280044
0.124800
0.028435
0.067750
0.085009
0.062975
0.011045
0.273434
0.026167
0.090655
0.537737
0.188081
0.069906
0.160337
0.038657
0.051578
0.015478
0.098924
0.086566
0.106820
0.013139
0.030980
0.109112
0.014516
0.058690
0.070094
0.069260
0.042013
0.098472
0.034342
0.069793
0.042167
0.056994
0.153607
0.247098
0.058423
0.004437
0.006362
0.049013
0.327421
0.061080
0.331692
0.171467
0.025647
0.009559
0.012199
0.010562
0.125178
0.032846
0.021895
0.151355
0.017050
0.011795
0.108204
0.040791
0.025306
0.062162
0.002142
0.061848
0.035639
0.008369
0.013612
0.162299
0.101347
0.004235
0.036013
0.075485
0.020305
0.061258
0.087131
0.335510
0.043562
0.056032
0.066785
0.328272
0.173972
0.314292
0.063748
0.056759
0.019233
0.025780
0.037518
0.019610
0.205993
0.010468
0.063431
0.081658
0.002827
0.070497
0.006538
0.037869
0.176589
0.252962
0.034522
0.032979
0.063341
0.016704
0.006020
0.169923
0.065644
0.076401
0.134181
0.069118
0.010518
0.185643
0.054187
0.058019
0.038898
0.054544
0.020747
0.197032
0.019284
0.005681
0.113120
0.033140
0.032751
0.104164
0.024231
0.023871
0.099742
0.042053
0.064643
0.171689
0.012996
0.062276
0.093602
0.029287
0.894308
0.001673
0.014699
0.006518
0.259890
0.085610
0.106702
0.009946
0.001365
0.007848
0.052357
0.049134
0.483094
0.114963
0.019115
0.053744
0.315438
0.119912
0.040669
0.115378
0.018166
0.086994
0.103751
0.029962
0.304820
0.028103
0.017147
0.068758
0.122899
0.011770
0.012990
0.085773
0.035869
0.045845
0.020072
0.021965
0.722504
0.104726
0.014129
0.019932
0.037025
0.047525
0.084001
0.033419
0.097323
0.010477
0.027988
0.004210
0.190109
0.017042
0.135664
0.126401
0.064776
0.022052
0.060554
0.100725
0.014445
0.045875
0.142879
0.021287
0.043009
0.184048
0.030043
0.077366
0.327396
0.011067
0.028156
0.095359
0.334756
0.019271
0.001956
0.017180
0.176873
0.383718
0.059404
0.132741
0.078169
0.023222
0.000566
0.021669
0.070612
0.137058
0.098883
0.061911
0.007142
0.035337
0.064139
0.030285
0.037880
0.022350
0.188659
0.008974
0.163245
0.122645
0.026500
0.204089
0.020802
0.137625
0.030348
0.126974
0.238318
0.005343
0.005686
0.034725
0.045835
0.141688
0.090222
0.012457
0.018876
0.019605
0.577404
0.021805
0.019145
0.301121
0.125890
0.137364
0.033932
0.050956
0.028506
0.016292
0.122501
0.128808
0.288098
0.017501
0.028687
0.130634
0.120489
0.054642
0.254803
0.024097
0.010465
0.010063
0.003064
0.012544
0.266436
0.038054
0.056059
0.052917
0.009679
0.251690
0.542084
0.445424
0.117854
0.192755
0.035243
0.006913
0.032721
0.041474
0.077020
0.030883
0.011670
0.077126
0.009266
0.029392
0.044140
0.046312
0.029223
0.030290
0.087434
0.023830
0.008465
0.091970
0.010273
0.066391
0.136293
0.068794
0.056111
0.063760
0.315738
0.019290
0.068534
0.052950
0.183202
0.079810
0.069348
0.008776
0.022407
0.338695
0.038739
0.027921
0.018805
0.054764
0.034195
0.040241
0.023544
0.124430
0.018068
0.057171
0.158145
0.118317
0.081804
0.057148
0.056002
0.106082
0.014379
0.077482
0.072458
0.031184
0.041641
0.257986
0.021505
0.246328
0.047976
0.016153
0.105950
0.098673
0.058961
0.069102
0.025049
0.017347
0.036975
0.076887
0.029848
0.010751
0.107719
0.043274
0.038799
0.430739
0.369836
0.032357
0.210472
0.017396
0.145298
0.016840
0.186457
0.121789
0.157426
0.014828
0.087286
0.071588
0.007055
0.010550
0.035205
0.017599
0.012281
0.093960
0.065520
0.005272
0.362666
0.031752
0.006400
0.299850
0.000576
0.033713
0.072677
0.024911
0.058170
0.086380
0.010845
0.033034
0.064263
0.028232
0.707892
0.092915
0.008803
0.071293
0.014561
0.069921
0.153841
0.346411
0.088174
0.072673
0.151025
0.013162
0.018470
0.010031
0.031602
0.098764
0.445656
0.101896
0.037904
0.050071
0.130748
0.014433
0.080113
0.073237
0.211602
0.019264
0.041517
0.004006
0.026786
0.026917
0.034960
0.012374
0.207184
0.320029
0.032494
0.372718
0.040248
0.167649
0.027735
0.024942
0.144104
0.031787
0.060376
0.027392
0.051029
0.045807
0.006184
0.106872
0.003739
0.611981
0.392679
0.049193
0.142820
0.108838
0.172992
0.045066
0.009950
0.234690
0.281128
0.288485
0.022523
0.185526
0.127355
0.029818
0.070468
0.437796
0.071353
0.069863
0.051014
0.064054
0.132874
0.674934
0.045795
0.010964
0.036689
0.040037
0.168049
0.074759
0.191578
0.195559
0.068589
0.020070
0.155435
0.034309
0.057571
0.187349
0.036474
0.001851
0.014759
0.030621
0.067120
0.007396
0.046144
0.469456
0.124831
0.028788
0.275279
0.130332
0.113907
0.073427
0.024206
0.036194
0.062916
0.007777
0.116037
0.287466
0.012843
0.016625
0.126812
0.610438
0.132628
0.046259
0.060141
0.051847
0.060778
0.033402
0.012907
0.020715
0.011621
0.058194
0.803546
0.036557
0.163893
0.026383
0.062180
0.066835
0.021594
0.020330
0.095671
0.068651
0.016627
0.073139
0.083387
0.079727
0.018395
0.077327
0.523634
0.107711
0.594484
0.098735
0.110074
0.016666
0.069139
0.021956
0.061243
0.022816
0.096537
0.378067
0.030632
0.008121
0.159386
0.007145
0.018715
0.005417
0.015660
0.100911
0.047384
0.075698
0.006415
0.027179
0.219085
0.282288
0.064925
0.012751
0.062243
0.017756
0.015029
0.042511
0.286108
0.078088
0.025440
0.099321
0.028412
0.063117
0.035287
0.256468
0.078344
0.006411
0.070265
0.014811
0.076358
0.040642
0.031957
0.070041
0.033822
0.055599
0.074991
0.504258
0.269920
0.019832
0.103192
0.102632
0.007531
0.089528
0.020302
0.104248
0.221693
0.032976
0.119116
0.051178
0.013406
0.016719
0.127842
0.006389
0.100024
0.022977
0.132234
0.059884
0.076022
0.023827
0.104383
0.029643
0.077930
0.049583
0.056228
0.012533
0.066730
0.094169
0.167015
0.011309
0.071623
0.003131
0.016630
0.143061
0.032299
0.064024
0.042175
0.049837
0.034187
0.040181
0.121119
0.031653
0.026698
0.064700
0.065532
0.058535
0.452584
0.005337
0.052929
0.046017
0.112364
0.050830
0.006284
0.019626
0.104119
0.060106
0.021460
0.042548
0.035648
0.008007
0.014991
0.048777
0.114494
0.007784
0.461099
0.044901
0.019579
0.041492
0.065582
0.199635
0.156530
0.016451
0.468473
0.088083
0.018964
0.014879
0.011301
0.029101
0.015386
0.084601
0.333510
0.457817
0.176751
0.002171
0.044874
0.035093
0.008633
0.159465
0.002746
0.013555
0.015270
0.239197
0.011985
0.046027
0.050981
0.017886
0.094181
0.018749
0.023216
0.117656
0.212322
0.116163
0.021474
0.019435
0.029319
0.009734
0.022807
0.805742
0.020883
0.026795
0.095388
0.075003
0.077412
0.025973
0.075192
0.090633
0.045984
0.013834
0.016876
0.116754
0.033169
0.086740
0.025262
0.018916
0.008623
0.002139
0.089843
0.144805
0.168207
0.021696
0.248562
0.013014
0.081645
0.073678
0.034158
0.286302
0.108452
0.027794
0.005527
0.010136
0.049996
0.035020
0.030199
0.021984
0.076866
0.033596
0.626433
0.124020
0.116194
0.016143
0.068666
0.060036
0.104781
0.040267
0.103869
0.085704
0.027932
0.056416
0.267800
0.086277
0.038985
0.115378
0.115284
0.070070
0.068421
0.041994
0.102571
0.023726
0.065391
0.096949
0.028869
0.076740
0.090735
0.077275
0.079267
0.018993
0.274982
0.218489
0.017014
0.025572
0.011069
0.025447
0.238245
0.018093
0.403012
0.017831
0.042121
0.079688
0.106663
0.097860
0.141837
0.029966
0.050169
0.033054
0.015161
0.006487
0.185872
0.409831
0.008962
0.017018
0.009835
0.286272
0.005545
0.392808
0.020304
0.168977
0.088304
0.083705
0.003718
0.047874
0.175359
0.290543
0.176686
0.290115
0.090646
0.012093
0.023206
0.268153
0.006337
0.061891
0.134375
0.193007
0.006654
0.017566
0.108817
0.037036
