443
1.479473
4
91
40
10
1
5047
-0.997790
-0.100317
0.500726
0.951304
0.302856
-0.087206
-0.334603
-0.459220
-0.327526
-0.542558
0.725985
0.829443
-0.723907
0.974561
0.739279
0.126129
-0.933313
-0.807315
-0.090653
0.726191
0.551395
0.533631
0.347359
0.774313
-0.856312
0.665478
-0.247133
0.553354
-0.412812
-0.867411
1.000000
-0.012331
0.332923
0.577547
-0.228873
0.483104
-0.180638
-0.224642
0.755747
0.502128
1.000000
0.590305
0.735026
-0.198909
0.030600
-0.227740
0.859522
-0.716480
0.088880
-1.000000
-0.422115
-0.932431
-0.443427
0.464911
0.231419
0.765443
0.590972
-0.962062
0.967305
0.035149
-0.846438
0.582517
0.996431
-0.557731
0.550230
-0.558883
-0.306473
1.000000
-0.054974
0.389577
0.345847
0.133002
-0.129430
0.681143
0.465133
-0.877844
-0.440322
-0.595443
-0.050332
0.297070
0.300668
-0.434730
0.760293
-0.191479
-0.153609
-0.928586
-0.823159
0.348264
0.340731
-0.474042
0.264276
0.745193
-0.603130
-0.609520
0.251173
0.728344
0.422912
-0.394736
0.301507
0.348923
-1.000000
0.404591
-0.787039
-0.969488
-0.546971
-0.487574
-0.824142
-0.985968
1.000000
-0.801310
-0.042425
0.972286
1.000000
-0.425572
0.459702
-0.112560
-0.329075
-0.930595
0.065167
0.041819
0.462768
-0.496715
0.933466
0.868918
-0.129272
0.240267
0.453669
0.470001
0.139629
-0.596060
-0.266619
0.340233
0.880408
0.320696
1.000000
-0.189042
-1.000000
0.749056
-0.635824
-0.722521
0.418571
-0.444447
-0.830986
-0.009849
0.346408
-0.956598
0.242239
0.165312
0.811351
1.000000
0.382001
0.891586
-1.000000
0.287894
0.294954
-0.330343
-0.404696
-0.161673
0.232614
-0.559560
0.928073
1.000000
-0.950058
0.027232
-0.604662
-0.688370
-0.694782
-0.003906
-1.000000
0.429099
0.801872
0.361947
0.061406
0.122909
-0.005538
0.696453
-0.813898
0.646373
-0.016620
0.458393
0.048840
-0.197455
-0.702626
0.057379
-0.378030
0.053542
-0.155828
0.596679
0.410387
-0.263188
-0.476337
-1.000000
0.796019
0.083843
-0.561859
0.514173
-1.000000
0.932004
-0.713340
0.602312
-0.376045
-0.666359
0.858442
-1.000000
-0.656117
-0.444234
-0.346046
0.560749
0.450753
-0.892711
0.063567
0.184443
-0.659108
-0.044920
-0.023886
-0.244579
0.689202
1.000000
-1.000000
0.374625
-0.369725
-0.241205
0.327980
-0.508604
0.589203
-0.853064
0.705791
-0.964069
-0.499608
0.485964
-0.876806
-0.159629
0.729011
0.043602
0.204528
-0.424258
0.534726
0.579094
0.854661
0.995276
0.571547
-0.912875
-0.095286
-0.446412
-0.181684
0.827738
-0.500037
-1.000000
-0.758414
0.565766
0.241390
0.706160
0.469777
-0.851405
0.250548
0.428323
0.170133
0.295422
-0.311185
1.000000
-0.715758
0.578692
-0.133789
-0.025639
-0.233896
-1.000000
-0.084278
0.581408
-0.588147
1.000000
-0.380505
-0.474252
-0.645396
-0.126200
-0.971854
1.000000
-0.654736
-0.881267
-0.422244
-0.764918
0.531196
-0.853395
0.267803
-0.635878
-0.438900
-0.811542
-0.654282
0.051339
0.850964
0.000516
-0.652946
-1.000000
-0.611695
0.160305
-0.663570
-0.137027
0.923036
-0.828827
-0.263022
-0.930219
-1.000000
0.411856
0.155570
-0.353456
0.653919
0.187367
-0.119871
0.324022
0.342997
0.948346
-0.615148
-0.009133
0.635823
-0.974509
-0.382926
0.699170
0.124503
0.850459
0.886546
0.426916
0.353918
-0.415804
-0.771111
-0.474567
0.399053
0.354027
-0.028391
0.214360
0.541799
-0.031709
-0.560339
0.294559
0.526316
0.774852
-0.357535
-0.195681
-0.359153
0.314298
0.378518
0.372387
0.018973
0.472960
-0.659433
-0.437670
0.566274
-0.333498
0.428230
1.000000
0.231958
-0.929701
0.702562
0.652886
0.531625
-0.612646
0.654593
-0.718320
-0.626854
0.003839
-0.345086
0.477361
0.378748
-0.188259
-0.138665
0.613896
-0.571039
-0.450423
0.639289
-0.448636
0.633743
-0.202940
-0.033573
0.892639
-0.133210
-1.000000
-0.735941
-0.773168
0.572612
0.553328
-0.064497
0.828908
0.029464
0.360017
-0.953486
0.386276
1.000000
-0.314381
0.610977
-0.424971
0.407357
1.000000
0.640040
-0.313354
-0.421487
0.657101
-0.641048
-0.698093
-0.792670
0.327911
-0.789996
0.194333
0.222395
0.847457
-0.119229
0.094435
-0.593428
-0.857943
-0.222630
-0.779318
0.059016
0.244012
0.210638
-0.876724
-0.881172
-0.169903
0.287397
-0.405714
-0.322229
0.276472
0.371388
0.124253
-0.645809
-0.486736
-0.815661
-0.661615
0.636940
0.940072
0.768936
0.133757
1.000000
-0.881824
0.123292
0.859422
-0.145555
0.187734
-0.089893
0.116743
0.615182
-0.413505
0.850442
0.598654
-0.818453
-0.343690
-0.911687
0.200278
0.394068
0.575044
0.733076
-0.328516
-0.387000
-0.472634
0.248312
-0.646206
0.699217
0.018108
-0.725713
0.224676
-0.404149
-0.808595
-0.885432
0.931217
-0.055090
0.681795
-0.004614
-0.483353
-0.186800
0.984375
0.289368
0.022704
0.404140
0.395437
0.275955
-0.880815
0.618205
0.900899
0.811652
0.982450
0.495185
-0.069312
-0.317154
-0.438395
1.000000
-0.266770
0.316918
-0.875499
-0.486507
-0.754458
0.926767
-0.965078
-0.039182
-0.072444
0.529915
0.038919
0.039454
-0.666891
-0.655695
0.653831
0.337279
-0.382480
-0.230940
-0.154582
-0.056057
0.263113
-0.746431
0.989889
0.938952
-0.032655
1.000000
-0.051131
-0.022286
-0.845890
0.514969
0.731867
-0.717662
0.538082
-0.444377
0.089164
0.060991
-0.537678
-0.752553
0.407469
-0.390533
0.053551
-0.079231
-0.662264
-0.970820
0.294804
-0.830012
-0.971317
0.165110
0.701192
0.526238
0.317023
-0.637058
0.109403
-0.132894
0.755017
-0.282667
-0.351293
-0.685360
-0.298887
0.330381
0.030022
0.765261
-0.281727
0.311651
0.786675
-0.440605
-0.944183
0.184826
0.497753
0.414135
-0.879007
-0.207277
-0.925170
0.809385
-0.749290
-0.275732
0.143104
-0.766796
0.391036
-0.077405
-0.396142
0.581145
-0.027801
0.584123
0.985083
0.507242
0.720720
0.934163
-0.163269
-0.861112
0.596953
0.627597
0.366832
0.256896
0.495333
-0.305364
-1.000000
-0.972911
0.807960
0.251394
-0.438649
0.161142
-0.297370
-0.482240
0.206775
0.182658
-0.271368
0.657598
0.899693
0.850840
0.039952
-0.725205
-0.465840
0.256636
0.343289
0.860907
-1.000000
0.747215
0.018687
-0.469385
-0.384322
0.686775
0.550735
-0.997744
0.994343
1.000000
0.271159
-0.589968
-0.490590
1.000000
0.216328
-0.974652
-0.916064
0.053222
1.000000
-1.000000
-0.055060
0.086514
0.002624
-0.732285
-1.000000
-0.292330
-0.175981
-0.436784
-0.600630
-0.453436
-0.226435
0.432237
-0.625545
-0.535201
-0.780944
0.769794
-0.716300
0.532442
0.190627
0.399294
-0.798304
0.863864
0.228370
-1.000000
-0.613250
-0.817150
-1.000000
0.428523
0.871747
-0.594025
0.267642
0.003100
-0.785243
-0.976713
-0.248124
-0.390321
-0.377554
-0.987505
0.879059
-0.284501
-0.711653
-1.000000
0.993276
0.566831
0.781564
0.719702
-1.000000
-0.631040
-0.225830
0.401765
-0.227644
-0.370525
-0.536729
-0.561585
0.792180
0.706240
0.247989
-0.966153
-0.223644
-0.825538
-0.126217
-0.306766
-0.425335
-0.265420
-0.030795
0.027603
-0.217322
-0.749028
-0.473711
-0.351933
0.899189
-0.109728
-0.001639
0.388277
0.342018
-0.411966
0.764246
-0.013418
-0.565931
-0.115926
-0.325344
0.604255
0.705730
-0.159395
0.233607
-1.000000
-0.973295
0.231156
-0.595300
0.491432
-0.728558
0.360279
-0.128553
0.922158
-1.000000
-0.435966
0.373997
-0.988305
-0.014252
-0.657510
0.939478
0.108289
-0.054387
1.000000
0.617706
0.776412
0.668370
-0.078352
0.927371
-0.227228
-0.687328
0.037478
-0.034334
0.665337
-0.161173
-0.680741
-0.422417
0.387157
-0.377341
0.515449
-0.953834
0.747744
-0.030427
0.392033
0.486937
-0.455963
0.297009
0.622121
0.183137
0.397806
0.954138
0.162380
-0.497089
-0.438730
-1.000000
0.007229
0.443896
-0.197734
-0.969950
-0.384350
-0.145734
-0.857746
-0.083685
-0.081821
-0.087650
-1.000000
1.000000
0.088703
0.746150
0.841964
0.813474
0.176984
-0.758937
-0.707565
-0.008008
-0.594159
0.884353
0.445082
-0.223703
-1.000000
-1.000000
-0.383194
-0.090186
-0.349870
0.222996
-0.553554
1.000000
-0.304902
0.239052
-0.051623
-0.201532
0.878026
-0.057758
0.284196
-0.291924
0.286984
-0.205737
0.846005
-0.887902
0.962310
-0.590027
0.653030
0.557229
0.771543
-0.009829
0.001107
0.312689
0.400323
-0.160618
-0.495469
-0.215870
0.648339
-0.807534
-0.540324
0.478285
0.361130
0.639591
0.884738
0.352359
0.149352
-0.769966
0.496026
0.048336
0.237236
-0.842905
-0.629183
0.273951
-0.169610
0.316818
-0.391840
0.786021
1.000000
-0.362478
-0.225439
0.155371
0.356566
-0.428885
-0.390764
-0.475832
-0.803558
-0.293910
-0.100768
-0.897289
0.020076
-0.342731
0.221367
-0.647946
-0.032167
-0.330909
-0.397589
-0.732505
1.000000
0.504772
-0.770382
-0.141548
0.338663
-0.381983
-1.000000
-0.456741
-0.008030
0.437560
-0.980343
0.305950
-0.831732
0.025326
-0.303914
-0.744438
-0.250979
-0.002173
0.799007
-0.147497
-0.405326
0.617221
-0.976296
0.980216
-0.153223
1.000000
0.498122
0.314349
-1.000000
-0.496573
-0.611827
0.471948
0.080332
-0.599330
-0.662696
-0.592344
-0.775064
0.086691
0.663672
0.330393
-0.409966
0.265110
0.921917
-0.587850
0.889752
0.506747
0.529213
-0.737963
-0.582319
0.271556
0.817341
0.313332
0.972646
-0.472621
-0.680629
0.614550
-0.131245
-1.000000
-0.788704
-0.428916
0.752016
1.000000
0.173688
0.033444
0.104620
0.425404
-1.000000
1.000000
-0.898647
0.167024
0.320219
-1.000000
-0.276644
0.459766
-1.000000
0.089727
0.484654
0.668970
0.582578
0.094592
-0.481552
0.442792
-0.342238
-0.753710
0.329533
0.161559
-0.774991
-0.287452
-0.953213
-0.805989
0.854289
-0.044966
0.718822
0.018497
-0.883869
0.972545
0.229970
0.932456
0.192659
-0.224545
-0.732564
-0.222479
0.698141
-0.574745
-0.253583
0.031468
0.094796
-0.280503
0.401601
-0.053556
-0.821380
0.553835
0.783465
1.000000
0.722303
-0.464926
-0.115664
0.658282
0.091873
0.035586
-0.468189
-0.919445
1.000000
0.140682
-0.057780
0.356136
0.524751
0.606528
-0.080153
0.562380
-1.000000
-0.362982
0.193887
-0.582091
0.683620
-0.707247
0.382640
0.461247
-0.954876
1.000000
-1.000000
-0.578107
-0.850140
-0.136154
-0.387159
0.595667
-0.279907
-0.557421
-1.000000
-0.550109
0.619441
0.475596
0.534281
-0.243906
0.306660
-0.762954
0.138214
-0.439700
0.065709
0.223640
-0.364483
0.943536
0.319159
0.137590
-0.504229
-0.838373
-0.744725
-0.933775
-0.858166
0.335557
0.549064
-0.087883
1.000000
0.307282
-0.942388
-0.549116
0.724915
0.202826
0.109183
-0.749076
1.000000
-0.036601
-0.245090
-0.903392
-0.163923
0.423646
0.002580
0.493727
0.525920
-0.749361
0.016677
-0.343788
0.387283
-0.819952
-0.153500
-0.973273
-0.169448
0.773507
-0.908930
-0.427502
-0.550922
0.706889
-0.450378
0.670743
-0.409804
-0.152690
0.564892
-0.273938
0.330364
-0.607491
-0.874981
0.646912
-0.567136
-0.467354
-0.307603
-0.170057
0.015285
0.409182
-0.591850
0.231163
0.459328
-0.450802
-0.609473
-1.000000
-0.151059
0.344749
0.500851
-0.295334
0.893387
0.022864
-0.225442
-0.718123
-0.481210
0.097142
-0.030233
-0.347994
-1.000000
-0.183627
-0.666423
0.072025
0.009794
-1.000000
0.291266
-0.498117
0.640631
-0.507374
0.870965
0.685753
0.443555
-0.424810
-0.551805
0.690636
0.153618
0.000631
0.178602
0.596884
0.457324
0.830242
-0.726257
0.539771
-0.582522
-0.451065
-0.985869
0.794970
0.414876
-0.825692
-0.599817
-0.052844
-0.400536
-0.090772
-0.663682
1.000000
-0.617819
-0.604416
0.137809
0.310729
-0.718079
-0.959919
0.809113
0.141382
-0.233399
0.739867
0.429316
0.258637
0.912102
-0.469082
-0.235491
-0.497765
0.139038
0.386455
0.160640
0.658863
0.356993
-0.868279
-0.380183
-0.193266
-0.034700
0.505927
0.141036
0.024222
0.351030
0.011031
-0.348691
0.337656
0.221627
-0.955398
0.433508
1.000000
-0.747067
-0.071171
-0.290250
0.258555
-0.568701
-0.328573
-0.579809
0.066467
-0.785874
0.829710
0.472631
1.000000
-0.570113
-0.912567
0.324232
-0.448963
0.529696
-0.055892
0.682316
-0.739012
-0.139385
0.605956
-0.515507
0.834201
-0.746667
-0.690639
-0.798453
0.346901
0.774113
-0.042546
0.031681
0.362621
0.963765
1.000000
-0.242421
-0.922410
0.389102
0.047073
-0.108468
-0.868916
-1.000000
0.596875
0.585266
0.591323
-0.324072
-0.441628
-0.955811
-0.689134
-0.960889
-0.598231
0.112258
0.065835
-0.861071
-0.979138
-0.418333
0.002920
0.356647
0.404277
-0.307457
0.276821
-0.806044
-0.419172
0.587827
0.949094
0.253165
-0.578886
-0.401277
-0.565904
-0.261965
0.282485
0.390898
0.964221
-0.181865
-0.228417
-0.245256
-0.205441
0.160921
-0.720118
1.000000
0.397223
-0.192834
1.000000
-0.776656
-0.457559
0.452108
0.414811
0.673550
0.409090
0.393601
0.745161
-0.003171
0.208940
-0.632075
0.501478
-0.421935
-1.000000
0.871801
-0.552400
-0.053273
-0.711729
0.505028
-0.618050
-0.957975
-0.438286
0.340999
0.819819
0.453354
0.326422
0.040737
-0.553056
-0.585263
-0.191994
-0.060785
-0.003361
-0.088454
-1.000000
0.733489
-0.492823
0.748780
-0.894993
1.000000
0.149445
-0.338732
0.578086
-0.513200
-0.825151
0.306562
-1.000000
0.251072
-0.627036
-0.518953
0.988573
0.581790
0.364305
-0.217343
0.665086
0.291010
1.000000
0.896130
0.813276
0.237654
-0.567294
0.850492
-0.993245
-0.960340
-0.094567
0.168993
-0.546091
-0.044289
-0.585033
0.766385
0.039354
-0.437680
-0.042766
0.331416
-0.356062
-0.035084
0.006453
-0.005412
-0.313152
-0.560782
0.076071
-0.119601
-0.767216
-0.020784
0.509333
-0.231271
0.963038
0.222214
-0.062206
0.584139
0.949250
0.887559
-0.121282
-0.792636
0.811194
-0.082262
-0.290864
0.535635
0.998502
0.174558
-0.195927
0.347385
-1.000000
0.584052
-0.014770
0.840250
0.213221
-0.559961
-0.736663
0.274740
0.710901
1.000000
-0.109633
0.110994
0.296463
-0.358327
0.834155
-0.022121
0.778462
0.530001
-0.703530
-0.217890
-0.327427
-0.214276
0.489894
0.307865
-0.424839
0.721285
-0.524514
-0.729116
-0.669824
-0.282859
0.096558
0.609417
-0.226855
0.003391
-0.824756
-0.688110
-0.118377
0.892512
-0.085844
-0.209374
-1.000000
0.914441
-0.062640
-1.000000
-0.910194
0.492205
-0.097201
-0.098559
0.244281
-0.634458
0.668506
-0.075080
0.989583
0.075756
0.651247
0.570459
-1.000000
-0.583477
0.279785
-0.104827
-0.940911
0.844748
0.146020
-0.450183
0.161490
-1.000000
-0.688167
-0.873212
-0.520290
-0.795334
1.000000
0.667654
0.321018
0.606985
-0.709826
0.519928
1.000000
-0.051928
-0.016842
-0.297299
-0.295275
-0.284602
0.131996
0.061656
0.249967
-0.634568
0.454100
-0.371830
-0.064009
-0.626301
-0.969574
-0.849031
-0.249156
0.876622
-0.444193
-0.464086
0.606713
-0.009824
0.681221
0.596823
-0.431367
-0.408126
-0.293624
1.000000
0.989210
0.180919
1.000000
0.236475
-0.312603
0.411459
0.230534
-0.165701
0.081374
-0.380255
0.470810
0.892728
-0.401383
0.480421
-0.441094
0.169884
0.088636
-0.708215
0.114245
0.612776
0.222245
0.777393
0.194515
-0.362613
-0.164230
0.740868
0.076037
-0.172465
0.683154
0.050410
0.055001
0.288851
0.111623
0.583838
-0.747175
0.196506
0.720032
0.927268
-0.772002
0.374539
-0.765688
-0.240257
-0.565225
0.319779
0.547555
0.493142
-0.943191
-0.198996
0.346743
-1.000000
-0.026057
0.404945
0.305162
-0.521619
0.874922
-0.312807
-0.101622
0.688488
-0.837571
0.417189
-0.106442
1.000000
-0.405859
0.361184
-0.092178
1.000000
-0.845436
0.652370
-0.408425
-0.203228
-0.283501
0.423803
0.776554
-0.911322
0.412805
-0.034845
-0.028876
0.332935
-0.759043
0.291310
0.848218
-0.541725
-0.603275
-0.856535
-0.650709
0.413482
-0.782300
0.214503
0.015055
0.139993
0.177235
-0.070735
0.152834
-0.040627
-0.025803
-0.471202
-0.086034
0.560297
0.302869
-0.697384
-0.482559
-0.078499
-0.463305
0.067970
0.090466
-0.592649
-0.784660
0.247219
0.374548
-0.241460
0.081192
0.183699
-0.811122
0.324941
0.982116
-0.980658
0.761893
-0.137471
-0.476114
-0.198249
0.454481
0.461845
0.671784
-0.728729
0.069673
-0.594654
-0.681908
-0.655469
-0.085548
0.065826
1.000000
-0.889473
-0.613261
-0.349716
-0.051542
-1.000000
0.893744
0.049446
0.938641
-0.949315
-0.356769
-0.387666
-0.194810
-0.148702
0.591845
0.341153
-0.366864
-0.178207
-0.491379
-0.957434
0.074766
-0.509428
0.375864
0.294004
0.521443
0.414719
0.023641
-0.071249
-0.231766
-0.715406
-1.000000
0.207610
-0.343731
0.690388
-1.000000
0.066591
-0.203795
-0.338619
0.850652
0.203377
-0.401064
-0.541139
0.088943
0.568686
0.073761
0.231466
0.017392
-1.000000
0.525735
-0.944854
-0.010656
0.358080
0.499843
-0.330203
0.772674
0.638169
-0.257274
0.809987
0.730761
-0.951306
0.738790
-0.176199
0.148488
-0.054307
-0.687278
0.859144
-0.801775
-0.005301
-0.981817
0.345621
-0.574795
-0.257013
0.979898
0.838466
-0.036535
-0.940250
0.778499
0.350148
-0.425316
-0.588966
0.390800
0.300917
-0.375088
-0.720307
-0.278560
0.270263
0.035134
0.730700
0.694588
1.000000
0.830526
-0.023493
0.704590
0.338197
0.076215
0.259557
-0.838436
-0.912992
0.472999
0.411724
0.414224
0.831969
-0.748623
-0.161523
-0.187993
0.548416
-0.390764
1.000000
0.050764
-0.285985
0.953808
0.019733
0.681124
0.282454
-0.107316
0.501119
-0.113735
-0.782935
-0.154153
-0.160219
0.736626
-0.617033
0.836674
0.026209
-0.291779
-0.676269
-0.118067
-0.993347
0.407593
0.158428
-0.670697
0.092307
-0.540376
-0.623163
-0.389281
-0.831735
-0.047663
0.212497
-0.537853
0.986686
0.246787
1.000000
0.517505
-0.833004
0.505483
-0.529100
-1.000000
-0.986753
-0.320956
-0.005388
-0.349222
-0.516108
-0.564502
-0.767067
0.308171
-0.419640
-0.490494
0.380853
0.915329
0.192785
0.723165
-0.295927
0.261220
0.743765
1.000000
-0.699704
0.772574
-0.115907
0.789601
-0.764333
-0.002823
0.173971
-0.115042
0.193520
0.602498
-0.697643
0.788791
-0.868901
0.003014
-0.676781
0.914339
-0.896136
-0.968977
-0.181238
0.542540
-0.973366
-0.154671
0.404021
0.687523
0.051505
-0.997026
-0.539964
-0.433154
-0.000831
0.146392
0.456877
0.499987
0.154063
-0.806035
-0.799078
0.579768
-0.864772
-0.409688
0.798741
0.067736
-0.206184
-0.341842
0.186375
0.059203
-0.092489
0.270825
-0.844226
0.062126
1.000000
-0.545583
1.000000
0.021807
-0.832043
-0.950130
0.245500
0.597476
-0.774930
-0.403416
0.947153
0.263608
0.654887
-0.116514
0.316495
-0.886669
0.802063
0.757029
-0.193846
-0.236630
0.327486
1.000000
-0.144072
-0.382388
0.425751
-0.401592
-0.189937
-0.691548
-0.580590
-1.000000
0.915551
0.244745
-0.848137
0.194296
0.677358
0.532951
0.451922
-0.896452
0.486882
-0.809055
0.197153
-0.898460
0.494095
0.844811
0.306416
0.373010
-0.318700
-0.849527
0.276660
-0.104243
-0.414163
-0.585593
0.293679
-0.191720
-0.906884
-1.000000
-0.711425
-0.338999
0.910079
0.137847
-0.350261
-0.141608
0.975913
0.059011
0.135258
-0.561072
-0.779804
0.179642
-1.000000
-0.760491
-1.000000
0.260590
-0.270685
0.576721
0.626716
0.229252
0.928956
-0.512166
-0.032535
-0.795012
0.899411
0.654631
0.083584
-0.028188
0.405623
-0.732548
0.569497
-0.251120
0.590344
-0.177798
-0.896028
0.855458
-0.731741
-0.490759
0.170688
-0.793521
0.949903
-0.426029
0.888504
0.250906
-0.645542
0.143661
-0.264648
0.605604
0.557976
0.350235
-0.557012
0.389594
0.436762
-0.445901
0.881854
-0.757650
-0.507425
-0.325142
0.678758
0.399025
-0.459725
0.351885
-0.227729
-0.420433
0.789736
-0.217406
-0.494308
0.635548
-0.772098
0.249313
0.614397
0.421015
-1.000000
0.877234
-0.193977
-0.637217
0.002685
0.211319
0.535011
0.389532
0.079339
-0.853730
-0.517885
-0.194662
0.650126
0.123198
0.594028
-1.000000
0.907498
0.769308
0.800463
-0.410916
0.928109
-0.458482
-0.007071
-0.723449
-1.000000
-0.458598
0.895605
0.020408
0.246675
0.105443
0.352318
-0.367303
-0.793956
0.844389
0.081554
0.199900
1.000000
0.960667
0.552367
0.593525
-0.561194
0.237148
-1.000000
1.000000
0.603491
0.143486
0.230417
-0.296273
0.026867
-0.979888
0.552407
-0.331840
-0.839051
0.335704
-0.346175
1.000000
1.000000
0.784750
-0.275115
-0.843575
-0.803654
0.006913
-0.990203
0.722357
0.425281
-0.831849
0.727071
0.978700
-0.393222
-0.512790
0.510746
0.055450
-1.000000
1.000000
-0.933185
-0.046658
0.016915
1.000000
-0.369381
-0.731977
0.800105
0.928048
0.042190
0.050071
-0.063208
-0.308757
0.920076
-0.206988
0.683807
-0.808896
-0.105469
0.051580
-0.902661
-0.807996
1.000000
0.070875
0.155086
-0.452002
-0.767810
0.973213
1.000000
-0.953909
-0.466209
0.471442
-0.578358
0.906097
-1.000000
0.222332
0.901120
-0.205069
0.168518
-0.886619
0.318456
-0.928749
-0.695123
0.672730
0.228572
0.823642
0.583202
-0.900124
0.445550
0.304578
-0.403029
0.421636
-0.370631
0.098599
-0.497018
-0.552101
0.828360
-0.212871
0.048386
0.186197
0.118702
-0.334777
0.483382
-0.631581
0.584571
-0.040690
0.192327
0.207590
-0.444103
0.529227
-0.128907
-0.172000
0.269908
0.167593
-0.875419
-1.000000
-0.705543
-0.518276
-0.820262
-0.481807
0.661472
0.370145
-0.856466
0.260146
-0.199633
-0.729307
-0.762006
-0.572264
1.000000
0.478627
-0.463644
0.035804
1.000000
-0.071460
0.195957
0.601435
-0.312249
-0.307480
-0.428246
-0.946158
0.022190
-0.590784
-0.904330
0.060554
-0.117125
0.030170
-0.258803
-1.000000
0.995738
0.185934
-0.402176
0.611012
0.678005
-0.809328
-1.000000
0.958907
0.004959
-0.349721
-0.172629
-0.590926
-0.189975
-0.217754
0.966355
0.833345
0.067951
-0.726510
0.284614
0.956530
-0.032700
-0.227626
0.275379
-0.044025
0.345004
0.971796
0.296256
-0.938124
0.413771
-0.008703
0.046461
-0.239476
-1.000000
-0.620214
0.873233
-0.001868
0.389447
-0.402425
0.648575
-0.543043
0.493050
0.358217
0.828872
-0.280485
-0.208018
-0.793556
-0.109313
-0.382905
-0.076232
0.285261
-0.239264
0.360902
-0.618262
-0.684064
-0.098033
-0.070246
0.351784
-0.886261
-0.487817
-0.314106
0.310817
0.384979
-0.059392
0.061628
-0.386284
-0.310117
-0.761733
-0.585718
0.585842
0.671323
-0.865379
-0.731294
0.539255
0.674451
-0.369428
0.494307
0.675744
0.779638
0.874337
0.937957
-1.000000
0.243022
0.292064
0.103606
-0.286201
0.955392
-0.225244
-0.016687
-0.255818
0.704643
-0.175565
0.890724
-0.069337
-0.229463
0.341317
-0.395765
-0.512440
0.236720
0.184363
-0.918136
0.346564
-0.960384
0.788041
0.013844
-0.269162
-0.830798
0.439192
-0.538905
-0.840454
-0.983547
0.953790
-0.370269
0.243488
0.361862
0.383828
0.329885
-0.726229
-0.093141
0.749351
-0.944359
0.353840
0.556235
0.138056
-0.962865
-0.709507
-0.843851
0.302720
0.871514
-0.687430
0.174306
0.481219
0.070272
0.171809
0.261061
0.545698
-0.311548
0.339256
0.997771
0.271180
-0.164141
0.974994
-0.278251
-0.746278
0.317343
0.855426
-0.918676
-0.062807
-1.000000
-0.818553
-0.634325
-0.708173
-0.852833
0.085802
0.595845
0.569742
-0.303404
0.116296
-0.170117
0.370643
-0.024554
-0.622703
0.577286
-0.145547
-0.401935
-0.946501
0.965202
0.652081
-0.970526
-0.848988
0.754411
-0.033645
-0.437003
-0.511382
0.208527
-0.402423
-0.865792
0.549632
-0.531230
0.978152
-0.504312
-0.031795
0.563639
-0.839427
0.977127
0.673062
0.425301
0.260115
-0.710020
-0.246574
0.562485
0.341029
-0.322501
-0.889283
1.000000
0.241902
-0.368222
-0.032847
-0.255852
-0.266547
-0.139755
0.183406
0.799851
0.226155
0.196673
-0.062866
-0.901701
-0.043061
1.000000
0.413718
-0.978034
-0.979985
-0.263988
0.456549
0.888784
0.797212
-0.540078
-0.625650
0.038269
0.036518
0.684117
0.158038
0.011758
0.551875
0.894002
-0.077478
-0.528846
0.464985
0.420550
0.775741
-0.179777
-0.596913
0.662989
-0.625010
0.120218
-0.788289
0.201877
-0.335954
0.006229
0.130217
-0.363505
-0.500768
0.047756
-0.662178
1.000000
-0.346469
-0.405435
-1.000000
-0.709828
-0.703072
0.346768
0.704580
1.000000
0.707683
0.882295
1.000000
-0.477074
0.664964
-0.964045
0.771229
0.497647
0.803486
-0.507252
-0.269325
-0.833339
0.315442
0.377191
0.379392
-0.956786
0.305463
-0.033860
-0.967669
0.384237
-0.478468
0.182797
0.194978
0.000269
0.008737
-0.263854
0.048317
0.751293
0.897037
-0.942723
0.793991
0.407366
0.525148
0.697390
-0.561387
-0.007701
-0.535644
-0.785469
-0.806572
0.307143
-0.170393
-0.392539
0.340477
0.307038
-0.079355
0.338624
-0.025595
-0.225796
-0.406122
-0.947782
-0.620053
0.641895
-0.442134
0.610608
-0.567189
-0.408437
-0.074030
-0.194986
-0.044356
-0.225406
0.883414
0.001968
0.147436
0.147423
-0.843200
1.000000
1.000000
-0.049372
-0.689812
0.785212
-0.777251
-0.157300
0.957182
-0.786060
-0.555067
-0.020064
-0.907309
0.672564
0.446974
0.725631
0.884210
0.401710
-0.396101
-0.224620
0.324444
-0.869497
1.000000
-0.104147
0.487995
0.229867
0.362973
0.235956
1.000000
0.554255
0.695056
0.160171
-0.206877
0.121507
-0.469215
-0.899981
0.045791
0.043513
0.858041
-0.613527
0.360017
0.955868
-0.962310
-0.288359
0.822081
-0.743033
0.967551
0.435294
0.944448
0.521309
0.302177
0.979668
-0.624354
-0.064440
-0.109618
0.761070
0.518050
-0.117447
-0.733844
1.000000
-0.625806
-0.840142
-0.122219
-0.818445
-0.218755
-0.055940
-0.926479
-0.815526
0.876969
0.062927
-0.926523
-0.912135
0.230381
0.453661
1.000000
0.597831
-0.488404
0.066667
-0.588013
0.249462
-0.396016
0.979541
-0.940773
0.423847
0.976843
-0.047566
-0.230865
-0.348641
-0.489620
0.723442
-0.191140
0.235086
0.682586
0.004795
-1.000000
-0.971802
-0.917935
0.090868
0.176914
0.235146
0.416978
-0.676416
-0.769671
0.232824
0.708321
-0.769964
-0.100550
0.251343
-0.593635
0.660432
0.179821
0.278545
-0.190822
0.454349
-0.482391
-0.562120
0.428434
-0.361974
-0.831110
-0.511192
-0.334967
-0.495052
0.580802
0.636165
-0.141743
-0.043658
-0.528472
1.000000
0.450975
0.441098
0.574499
0.672848
0.006660
-0.958442
0.604670
-0.226155
-0.276709
0.857149
0.259206
0.831933
0.588592
-0.584842
0.310577
0.134853
0.875958
1.000000
-0.099305
-0.652617
-0.800049
-0.611482
-0.492915
0.062633
-0.174816
1.000000
-0.387987
0.694831
-0.134288
0.183297
-0.638994
-0.338542
0.765058
0.785834
0.898821
-0.630497
-0.021095
0.481104
-0.438891
-0.614666
-1.000000
-0.936247
0.687477
1.000000
0.242427
-0.462335
-0.258412
0.033076
0.758888
-0.466099
-0.523970
0.542660
0.197141
0.078717
0.145590
-0.899060
-0.166923
-0.180650
-0.952115
0.843098
-0.799213
-0.703734
-0.480590
0.763488
-0.982229
1.000000
-0.108050
0.866961
0.297761
-0.569964
0.314561
0.019777
-0.447975
-1.000000
-0.675754
0.093603
-0.566493
-0.497458
-0.109295
0.661025
0.102101
-0.899493
-0.009957
-0.505793
-0.805516
0.345630
0.828956
-0.289919
0.604404
-0.672986
-0.184240
-0.329238
-0.576937
0.881176
-0.809447
0.340869
-0.699400
0.197195
0.164655
0.027174
1.000000
-0.911778
0.761493
-1.000000
-0.320578
1.000000
-0.873874
-0.358570
-0.091911
0.447572
0.685934
0.430257
-0.980781
0.611113
-0.529688
-0.413268
-0.760728
0.527413
-0.517389
0.163677
-0.906563
0.674999
-0.083140
-0.003418
-0.476399
-0.187105
-0.810356
0.934250
-0.991921
-0.591732
-0.254951
-0.959343
0.352585
-0.551550
0.867074
0.969710
-0.844253
0.685991
0.957152
0.294032
0.192428
0.216905
-0.891361
0.604092
-0.958728
0.433185
-0.263123
0.726829
-0.025547
0.832251
-0.471311
0.349496
-1.000000
-0.153269
0.085637
-0.453936
0.402979
0.169970
-0.352952
-0.244203
0.035110
0.268028
0.265344
0.725871
0.932128
-0.279074
0.359511
0.037565
0.694272
-0.320943
0.684765
0.996723
-0.054985
-0.324711
-0.253138
0.276153
-0.492418
0.080773
0.353322
0.559466
0.535654
0.278369
0.843730
0.379809
-0.877832
-0.872515
-0.572562
0.783598
0.476620
-0.413549
-0.045544
-0.908096
0.545184
-0.482104
-0.578594
-1.000000
-0.570812
0.916690
-0.961517
-0.107641
-0.038128
0.955006
-0.932111
0.548310
0.249796
0.196363
0.672656
0.614575
-0.213913
0.017333
0.092959
-0.661451
-0.754755
0.661355
0.957862
0.159647
0.568230
0.098612
-0.716308
-0.918190
-0.628635
0.298862
0.678432
-0.767833
-0.190687
0.503547
-0.708256
0.343702
-0.020081
0.083951
-0.716965
0.858628
-1.000000
0.487632
0.124064
-1.000000
-0.363874
-1.000000
0.934784
0.348793
-0.535556
0.282928
0.673057
-0.162058
-0.249834
-0.871449
-0.950390
-0.200441
-0.536535
0.055507
-0.034582
1.000000
-0.745183
0.077781
-0.465268
-0.323524
-0.412878
-0.539269
0.702218
0.108259
0.351453
0.598580
0.775592
0.645229
-0.694972
0.198032
1.000000
-0.524811
-0.446531
-0.119824
0.568200
-0.362424
-0.986663
0.498760
0.845512
-0.279828
0.585622
-0.430652
-0.540303
0.817301
0.728974
-0.652000
0.908504
0.754739
0.664168
0.062886
1.000000
0.070783
0.582337
0.119664
0.842794
0.701028
0.425348
0.204806
-0.017464
0.161323
-0.651872
0.219915
-0.052720
-0.516528
0.636082
-0.235009
-0.119675
0.963678
0.526092
-0.064631
-0.206017
-0.629667
0.252969
-0.045115
0.476676
0.649553
-0.405668
0.868163
0.020906
-0.979196
0.022791
-0.023025
-0.263894
0.338754
0.870242
0.584955
-0.160261
0.042693
0.319756
0.253880
-0.132082
0.644032
-0.717322
0.320383
-0.976749
-0.481932
0.284926
0.296247
1.000000
-0.713050
-0.660484
-1.000000
-0.090249
-0.523611
-0.328767
0.508985
-0.973320
0.500566
0.361375
0.290571
-0.580468
0.461979
-0.532080
-0.041808
0.683492
0.112465
-0.270474
0.526726
-0.155993
0.245718
-0.755031
-0.366438
-0.396374
-0.664280
0.675552
0.005386
0.995648
0.063601
-0.783962
-0.897421
0.088030
0.522957
0.345793
0.872004
0.035506
-0.761966
-0.172287
1.000000
0.588145
-0.324926
-0.454851
0.370274
-0.946267
0.376063
-1.000000
0.476256
0.117188
0.770430
0.180820
-0.092911
-0.300361
-0.890916
0.243765
-0.314582
0.626167
0.694583
0.104338
-0.758359
-0.063480
0.455856
0.778140
-0.504507
-0.652562
-0.863338
0.810457
0.155338
0.335234
0.806694
0.330799
-0.931034
-0.133313
0.310206
0.209488
-0.389392
0.532662
0.852348
-0.145708
0.347255
-0.559841
0.265857
0.768528
0.239385
0.290489
0.711340
-0.186460
1.000000
-0.171518
-0.765242
1.000000
-0.580212
0.995693
0.645454
-0.047805
0.917832
0.904719
-0.093455
-0.635620
0.508977
0.149284
0.235588
-0.169576
-0.288711
-0.307505
-0.662680
-0.514785
0.407843
0.964796
-0.857797
0.127168
-0.128675
0.386646
-0.709847
0.348544
0.292411
0.583073
-0.219992
0.957012
-0.256004
0.954241
0.327413
0.336284
-0.273786
-0.124506
-0.440163
0.161596
-0.710223
-0.192388
-0.433597
-0.163905
-1.000000
0.188842
-0.099078
-0.120787
-0.670434
-0.669332
0.002780
-0.308554
0.462618
-0.361998
-0.924934
-0.630837
0.256781
-0.759915
0.054566
-0.975072
-0.072353
-0.008384
0.723616
-0.487190
-0.775486
-0.099265
-0.095075
-0.299477
0.067874
-0.862222
0.003071
-0.569492
0.984078
0.963473
-0.074832
-1.000000
-0.106340
0.676107
0.322106
-0.096870
0.692990
0.976619
-0.396634
-0.676480
-0.571677
-0.553715
-0.219597
0.580116
-0.570847
-0.557793
0.279404
-0.241775
0.456877
1.000000
-0.245399
0.981559
-0.567363
0.277285
-0.424548
-0.220701
-0.145793
0.499100
-0.231476
-0.905879
-0.247804
-0.675511
-0.401920
0.350981
0.640032
1.000000
-0.919695
-0.825400
0.752210
-0.045168
0.979264
-0.925383
0.748134
-0.002383
-0.556595
0.532821
-1.000000
-0.259556
-0.659090
0.064765
-0.920801
0.817439
0.283001
0.546333
0.298846
0.137721
-0.010763
-0.024957
-0.365770
-0.598202
0.037006
0.620578
0.513018
-0.641922
-0.817205
-1.000000
0.143334
-0.411590
0.022586
0.496082
-0.563498
0.298626
-1.000000
0.901570
0.636091
0.761142
1.000000
0.417818
0.917111
-0.843486
0.875858
-0.936334
0.819440
1.000000
-0.974379
0.431949
0.738316
0.184008
-0.080064
0.073523
0.527973
-0.358271
-0.326773
-0.591896
-0.855378
0.364814
0.552810
0.293129
0.314050
-0.780924
-0.213054
0.360329
0.139794
1.000000
-1.000000
-0.057778
0.240753
-0.273572
-0.499234
-0.648905
0.871701
-0.634984
-0.056561
0.319561
-0.712393
0.239619
0.427618
0.600279
-0.826655
-0.960945
0.146181
-0.389366
0.401659
-0.555054
-0.922798
0.414216
-0.079485
0.915219
-0.184003
-1.000000
0.112857
-0.791443
0.033774
1.000000
0.710274
0.879903
-0.210300
-0.353900
0.782668
-0.243690
0.081691
0.965345
0.318917
-0.188538
0.712155
-0.136036
0.090923
0.157199
-0.092893
-0.126341
0.634859
0.207563
-0.808512
-0.171495
0.096035
0.433561
-0.205633
-0.450857
-0.770628
0.152869
0.890790
-0.178000
0.111567
-0.591346
0.780001
0.851441
0.308845
-0.871084
1.000000
0.466522
0.680954
-0.303011
-1.000000
-0.318374
0.780238
-0.512141
-0.302198
-1.000000
-0.048470
0.398812
0.958433
-0.026044
-0.566731
0.584861
-0.753487
0.487743
-0.820339
-0.855738
-0.518587
0.664969
-0.737147
-0.048137
0.000968
-0.396708
0.211841
-0.351187
0.275292
0.748612
-0.516542
0.021160
-0.808684
-0.770940
-0.059937
0.562171
-0.167137
1.000000
0.015377
0.425762
0.717104
-0.201834
-0.193923
0.593461
0.037890
-1.000000
0.927746
0.921249
-0.561204
0.643222
0.854762
0.914708
0.331325
1.000000
-0.916290
-0.083980
1.000000
0.034660
-0.714216
0.176499
0.168499
-1.000000
-0.212057
-0.219696
-1.000000
-0.312147
-0.243761
0.057191
-0.586933
-0.779694
0.528544
-0.099503
0.624741
-0.353904
1.000000
-0.912135
1.000000
1.000000
0.687520
-0.404191
-0.225752
0.946558
-0.290869
0.558490
0.565881
0.720285
0.935673
-0.193239
-0.676334
-0.960240
-0.527426
-1.000000
-0.415388
-0.816837
-0.065810
-0.419875
1.000000
0.418923
0.208469
-0.598692
-0.805931
0.311383
-0.257230
-0.420516
0.499214
0.513733
-0.707292
-0.566930
-0.833600
-0.672366
-0.027746
0.052344
-0.543224
-0.338315
1.000000
0.511024
0.743955
-0.626361
-0.797442
-0.485436
1.000000
-0.822422
0.709944
1.000000
-0.346060
-0.410633
0.238854
-0.892279
0.084653
-1.000000
-0.316523
0.352765
0.050468
0.479503
-0.335641
-0.418038
-0.827711
0.103189
-0.445827
0.348867
-0.126218
-0.885493
-0.597888
-0.252176
-0.501057
0.505743
0.330856
-1.000000
-0.427753
0.506356
1.000000
0.679102
-0.583608
0.967431
-0.733917
-0.363092
-0.814178
0.279644
-0.860549
-0.687354
0.843088
0.227292
0.873495
0.379338
0.453025
-0.842269
-0.479415
-0.916543
-0.539112
0.916147
0.547588
-0.078982
0.822567
0.386487
-0.203319
0.328269
0.609798
-0.441699
0.440061
0.827212
-0.355546
0.226391
0.274071
-0.806307
0.469001
-0.368393
-0.527600
-0.079203
0.310051
-0.724594
-0.070764
0.118376
-0.863849
0.796285
0.219023
-0.751922
-0.870475
-0.916517
-0.888480
-0.462944
0.241108
0.487543
0.752898
0.735502
0.075114
-0.195652
0.252902
-0.155301
-0.042301
0.976205
-1.000000
0.973591
-0.590078
-0.835169
0.293097
0.183186
-0.322819
-0.430551
-0.410720
0.590384
0.489877
0.555704
-0.091901
0.174998
1.000000
-0.006047
0.208037
0.824180
0.543977
0.023448
0.675062
0.390846
-0.441670
-0.582046
-0.697433
0.024323
-0.398605
0.918255
-0.406025
0.695304
-1.000000
-0.036568
0.225203
-1.000000
-0.072245
0.571692
-0.493524
-0.587087
-0.008203
0.366995
-0.122079
-0.031726
-0.124656
0.025964
-0.545904
-0.832192
0.388232
1.000000
1.000000
-0.319467
-1.000000
0.156236
-0.007003
0.749586
0.537887
0.027555
-0.112392
-0.225582
-0.939486
0.759699
-0.820226
0.617214
-0.870478
0.211458
-0.469157
0.309021
-0.772519
0.266974
-0.114004
-0.904391
-0.135796
-0.362963
-0.007190
0.209736
-0.472149
-0.616177
-0.044932
0.408671
-0.645596
-0.384088
0.710109
-0.054179
-0.606731
1.000000
-0.210195
-0.308474
-0.992554
0.348889
-0.552204
0.623546
0.490048
0.341693
-1.000000
-0.391729
0.216411
0.851646
0.027689
-0.344789
-0.429548
-0.357474
-0.945829
0.116139
0.155418
0.770865
-0.293324
-0.591710
0.688842
-0.162641
-0.963892
-0.263763
-0.379258
0.086507
-0.838578
0.026739
-0.403992
0.269692
-0.030044
0.075797
-0.639748
-0.101372
-0.459738
0.859704
0.799133
0.862594
-0.089614
-0.976148
-0.031835
-0.361621
0.289114
-0.380323
0.974500
0.312456
0.055767
0.436882
-0.429488
0.936491
0.223703
-0.237325
-0.966143
0.706041
-0.108206
0.501406
0.678462
0.031538
-0.259954
0.177677
-0.120383
0.315890
0.838170
0.856315
0.432938
1.000000
0.367841
-0.575804
0.490956
-0.213660
0.642139
-0.489795
0.372063
-0.081875
0.375056
0.016811
-0.376398
0.365276
0.211024
0.453994
0.415000
0.208109
-0.669415
-0.864070
0.002076
0.000225
-0.070281
0.789110
-0.848783
-0.358098
0.105958
0.013218
0.158247
0.882765
0.506068
0.492270
0.417503
-1.000000
0.777663
-0.492433
-0.707809
-0.676851
-0.181379
-0.119898
0.341404
0.837912
-0.598798
0.000427
-0.614052
-0.268443
0.643845
-0.499733
0.127197
-0.774717
-0.990915
0.534616
-0.484513
0.776175
-0.287493
-0.723758
0.955289
0.042401
0.729588
-0.288739
-0.063901
0.364540
1.000000
0.716087
-0.847739
0.341626
0.176793
-1.000000
-0.423588
0.268500
0.829874
0.073980
0.215328
-0.172180
-0.120994
0.850213
-0.214060
0.208493
-0.918297
-1.000000
0.268219
0.836562
-0.070196
-0.390221
-0.151041
0.594319
-0.363117
0.368435
-0.402033
0.712802
0.078116
-0.693212
-0.281847
0.530365
0.038112
-0.851105
-1.000000
-0.436839
-0.955151
0.419085
-0.135537
0.030692
0.619324
0.991809
0.138304
-0.365791
0.588295
-0.152596
0.138519
0.276192
-0.797946
0.672636
0.284032
0.845390
-0.803568
-0.675386
0.497332
0.553634
-0.817788
0.789064
0.292284
-0.571456
-0.543716
0.897771
0.427106
0.200095
-1.000000
-0.333675
-0.647510
-0.452913
0.285243
0.216806
0.167269
-0.467063
0.575774
-0.688231
0.527709
-0.408555
-0.577037
-0.431541
0.671688
0.573327
-0.449044
0.463153
0.012449
-0.511264
0.698920
0.143939
0.340523
0.537863
0.037174
0.072129
0.826877
-0.728398
-0.459864
-0.731735
0.751272
0.038546
0.091782
-0.704408
0.862874
-0.219182
-0.480850
-0.802536
0.116843
-0.740822
1.000000
-0.628658
-0.630806
-0.769154
1.000000
-0.248162
-0.641609
-0.908385
-1.000000
0.691637
0.913129
0.678461
0.563696
0.618884
0.201066
0.087158
0.662465
1.000000
-0.017275
0.018148
0.653384
0.644522
-0.758003
0.274906
-0.059562
0.316590
-0.030121
-0.761462
-0.599438
0.912382
0.058330
0.185507
0.341066
0.373122
-0.747229
0.951349
-0.683363
0.595636
0.670494
-0.259190
0.644465
0.759388
0.902268
0.518918
-0.586865
-0.373397
-0.812721
0.486179
-0.277833
0.626689
0.610665
0.097471
0.352144
0.236534
0.826195
0.168632
-0.766547
-0.232364
0.437472
0.182066
-0.866700
-0.414894
-0.276190
-0.782537
0.854305
-0.195030
-0.982194
-0.338262
0.396807
-0.589468
-0.660029
-0.542274
-0.031806
0.044009
0.772536
0.182225
-0.010738
0.938129
0.080870
-0.033771
-1.000000
0.849715
-0.111841
-0.875096
0.195309
-0.743222
-0.142307
0.328977
0.057818
0.634134
-0.765412
0.250525
-0.328883
0.860056
-0.136317
0.782764
0.346326
-0.206478
-0.205741
-0.204691
-0.199493
-0.625318
1.000000
1.000000
-0.042927
0.197794
-0.803741
0.865273
-0.179131
0.411241
-0.186730
-0.894818
-0.013583
0.519495
0.398956
0.016256
-0.220494
-0.511166
-0.270067
0.337308
-1.000000
-0.988675
0.593433
-0.489424
-0.212420
-0.403843
1.000000
-0.750378
0.035776
0.879881
-0.847672
0.432017
-0.046740
0.160467
0.830285
0.233992
0.318028
0.145647
-0.610483
-0.186533
-0.423005
-0.802809
0.920911
0.262037
-0.626607
-0.418567
0.488244
0.149872
-0.303059
0.358169
0.456666
0.534286
0.109003
0.663112
0.029440
0.748984
-0.109896
0.444807
0.302283
0.000108
0.359851
-0.456505
0.240962
0.796621
0.480982
0.693872
-0.575760
-0.365392
0.896352
0.139648
-0.143662
-0.300001
-0.420862
-0.181979
-0.232157
-0.895396
0.696059
0.146524
0.082219
-0.293875
-0.640012
0.201907
-0.050690
-0.287715
0.038062
0.519318
-0.888721
-0.487433
0.940639
-0.866860
-0.309329
-0.773823
0.093254
-0.119523
0.602056
0.463700
1.000000
-0.809549
-0.704904
0.622825
-0.620852
-0.465821
0.338879
1.000000
-0.085848
-1.000000
0.406970
0.169290
0.637672
0.446260
-1.000000
-0.790318
0.505296
-0.478759
0.520430
-0.149016
-0.434798
-0.307851
-0.237895
-0.994706
-0.397377
0.501419
-0.376024
0.335530
1.000000
0.363591
0.023960
0.762061
0.875266
0.542795
0.391321
-0.392623
0.420633
-0.627429
-0.073303
-0.750440
0.171455
0.854174
0.419687
-0.242466
-0.427311
0.679139
-0.593654
-0.658421
0.210861
-0.900388
0.529276
0.197723
-0.193934
-0.330985
0.257599
-0.852446
-0.413650
-0.323451
-0.116660
-0.432677
-1.000000
-0.043910
-0.131575
-0.454917
-0.800760
0.217986
0.423592
-0.210638
-0.101212
0.731407
0.231546
0.921672
0.289519
-0.658665
-0.718451
-0.828569
0.155658
0.244185
0.623019
-0.127796
-0.229383
0.241610
-0.287629
-0.950148
-0.456196
-0.453844
0.025765
0.649723
-0.969657
0.774468
0.288810
0.655296
-0.593891
-0.268642
-0.477317
-0.283372
-0.678702
-0.752850
-0.089840
0.043887
0.277992
0.995787
0.251206
0.202349
0.433791
-0.936632
-0.495530
-0.722555
0.350921
-0.503461
0.618590
0.141831
-0.036667
0.868767
-0.576141
-0.087518
-0.275767
-0.996261
0.949918
-0.051794
-1.000000
0.991141
-0.622213
0.137477
1.000000
0.038710
0.352872
-0.743825
0.020334
0.470869
0.958142
-0.368120
1.000000
-0.255730
0.262300
-0.327112
-0.375441
0.816491
0.595067
-0.819431
-1.000000
-0.025379
0.952419
-0.894509
0.459481
0.513915
-0.766331
0.031829
-0.775453
0.762217
0.946333
-0.119847
-0.581077
-0.590258
0.124104
0.460694
0.327702
0.215019
0.762961
-0.004644
0.362168
-0.938196
0.975285
0.983910
-0.201281
-0.831852
-0.634320
-0.241651
0.396367
-0.139129
-0.215292
0.451145
-0.868665
0.969239
-0.201078
0.134546
0.100956
0.272895
0.788972
0.250598
0.312263
-0.210846
0.768152
0.825221
-0.577204
-1.000000
-0.067820
-0.405564
0.724848
-0.736661
0.138077
0.547440
0.520749
0.435270
0.201718
0.114212
-0.119064
0.452639
-0.520510
-0.789887
0.476859
0.385771
-1.000000
-0.154672
-0.301689
-0.856966
0.697942
0.356923
-0.139742
-0.899893
-0.727676
0.279301
0.185954
-0.411729
-0.117312
0.671752
0.613477
-0.037997
-0.167988
-0.045972
0.804783
0.831831
-0.765358
0.454629
-0.533857
-0.113307
0.024161
-0.922887
0.773424
0.808727
-0.617367
-0.049800
0.034525
0.965826
0.937148
-0.304504
0.263677
-0.243645
0.037169
0.888918
-1.000000
0.689778
-0.569977
-0.254893
0.079037
-0.334155
0.808560
0.609615
-0.593988
0.267959
0.421069
-0.874152
-0.264661
-0.016975
-0.681719
-0.963180
-1.000000
-0.015401
-0.086163
1.000000
-1.000000
0.350504
0.769105
-0.059187
0.640814
-0.367238
0.739410
0.288118
-0.115170
-0.883292
-0.180760
-0.826431
-0.810558
0.199756
0.869469
0.914684
0.073666
-0.922279
-1.000000
-0.468456
-0.689453
-0.622743
0.985206
-0.220192
-0.007280
-0.125203
-0.222273
-0.691534
-0.817419
0.161107
0.456605
0.941926
0.414094
1.000000
-0.176649
-0.118334
0.369274
0.918559
0.195570
-0.542990
-0.605835
0.667667
-0.294100
-0.411508
-0.116861
-0.264757
0.507762
-0.867538
-0.875747
-0.151053
-0.338544
-0.274745
0.737362
0.616209
-0.223542
-0.187792
-0.940485
-1.000000
0.122716
0.902333
-0.723282
-0.604206
0.832292
-0.527264
-0.508139
0.308447
0.856273
0.028238
-0.770987
0.294573
-0.422474
0.088766
-0.734324
0.274618
-0.351513
-0.082468
0.896930
0.478219
0.587686
-0.932784
-0.365522
-0.139502
-0.556179
-0.221634
0.613758
-0.439262
-0.697295
1.000000
0.937351
0.377711
0.806264
-0.199010
-0.138938
0.773287
0.373001
-0.312604
0.213783
-0.790460
0.731122
0.236362
0.049938
0.568603
0.218969
-0.309768
-0.190168
0.086350
-0.100466
0.047230
-0.924497
0.152417
-0.264567
-1.000000
0.178824
0.556860
0.368326
0.723126
-0.845646
-0.883980
0.104423
-0.365557
-0.534133
-0.657703
-0.209390
-0.359198
0.534552
-0.342914
0.061754
0.793444
-0.728847
0.275456
0.248140
0.295173
0.858446
-0.949956
0.417098
0.903331
0.918325
0.884203
0.139894
0.967908
0.395263
-0.237387
-0.521305
0.188119
0.929462
0.014573
-0.428034
0.725203
-0.595352
0.206417
0.388006
-0.652308
0.639219
-0.783987
-0.271486
0.882823
-0.521527
0.790066
0.492998
0.352884
0.708876
0.273979
-0.579294
-0.961842
-0.214927
-0.809511
0.029985
-0.402946
0.148568
-0.806175
-0.001072
-0.949316
0.287040
0.710696
-0.236564
-0.485628
0.262149
-0.921883
-0.046755
-0.923524
0.183437
-0.413322
-0.185136
0.581493
0.230044
-0.037421
0.238642
0.355460
0.164786
0.517075
0.256087
0.536070
-0.901587
0.324630
0.504172
0.209537
-0.141866
-0.304839
0.098240
0.076430
0.799058
-0.476900
-0.925247
-0.173035
-0.225970
0.613604
-0.261163
0.511303
-0.934103
0.922189
-0.538274
0.795690
0.414572
-1.000000
0.915125
0.344514
-0.221012
0.325326
-0.785113
0.975448
0.054400
-0.526555
-0.203276
-0.538442
-0.019547
0.240841
-0.827153
0.253028
0.272130
0.469562
-0.220423
0.402042
-0.526441
-0.058538
-0.654756
0.190406
0.117539
0.808263
-0.555922
-0.575545
0.934672
-0.040373
0.297601
-0.439372
0.406648
-0.933718
0.285956
0.034019
-0.244873
-0.977338
-1.000000
0.621035
1.000000
0.638411
0.964237
0.250192
-0.175408
1.000000
0.311847
0.520431
-0.374119
-0.242436
-0.715568
-1.000000
-0.393333
-0.529080
-0.174308
-0.713737
-0.434809
-0.752323
1.000000
1.000000
0.923836
0.156945
0.286467
-0.710542
-1.000000
0.236977
0.191032
-0.330446
-0.048566
0.550137
0.021264
-0.458106
-1.000000
-0.974909
-0.938104
-1.000000
-0.387308
-0.480718
0.365064
0.704690
0.151975
1.000000
0.185888
-0.006337
-0.225677
0.079599
0.195548
0.981917
-1.000000
0.463310
-0.119000
-0.499750
-0.542041
0.275230
-0.129389
-0.571299
-0.839678
0.308300
-0.634086
-0.782383
-0.010981
0.198116
0.713517
-0.803259
-0.091892
0.884489
0.646129
-0.033401
-0.943998
0.302997
0.800462
-0.183965
0.013797
0.285117
-0.087104
-0.308131
-0.445233
0.556744
-1.000000
-0.306152
-0.545507
0.200480
-0.678736
-0.639283
-0.982830
-0.818045
0.174948
1.000000
-0.464447
-0.162980
0.434918
-0.531007
0.396694
-0.453624
0.786665
0.674721
0.040823
-0.097394
-0.677754
-0.062754
-0.630101
-0.795755
-0.697448
-0.686607
-0.168427
-0.325628
0.145124
-0.831704
0.132029
0.297343
0.584591
0.305047
0.079730
-0.021506
0.087190
-0.724186
-0.424277
-1.000000
-0.399769
0.439259
-0.676439
0.375313
0.366765
-0.855268
-0.474576
-0.721806
0.742566
0.732890
-0.533158
-0.130312
-0.546258
0.528062
-0.932449
-0.859413
0.020600
-0.333052
0.276036
-0.985674
0.191212
-0.330858
0.775819
-0.111331
0.616572
-0.846312
-0.784143
-0.714470
0.943766
-0.500895
-0.535654
-0.002983
0.038345
-0.441741
0.594953
0.387928
-0.462489
0.436678
-0.927729
-0.430616
-0.500330
-0.466995
0.266500
0.296269
0.729686
0.031771
-0.395492
0.599053
0.591986
0.235894
-0.898801
0.163125
-0.985816
0.248609
-0.173507
0.399767
-0.588528
-0.312571
0.636231
-0.918656
0.058720
0.790978
0.514276
-0.011237
0.423905
-0.337485
0.922264
0.818244
-0.019223
0.470244
0.395032
0.737426
0.494870
-1.000000
0.481428
-0.696721
-0.778353
1.000000
-0.644958
0.940511
0.113727
-0.479530
-0.287095
-0.888971
0.894674
0.196860
-0.570904
-0.239779
0.298041
-0.353167
0.663756
-0.641280
-0.232392
-0.111400
-0.634614
0.774870
0.411267
-0.539463
0.644257
-0.837450
-0.661928
-0.724011
-0.162839
0.048390
-0.493827
0.245933
0.718436
0.926589
0.531048
0.906065
0.201016
-0.472259
0.186751
-1.000000
-0.507482
1.000000
-0.862819
-0.787756
0.791909
0.804537
0.879162
-0.969136
-0.334271
0.631681
-0.035426
-0.956173
-0.082858
0.994735
-0.263586
-0.983686
-0.298041
-0.151653
0.240600
0.952737
0.139237
0.485962
-0.530477
0.430797
-0.337483
0.409755
0.286431
0.221626
0.759976
-0.882038
-0.371217
-0.100414
0.887830
-0.230985
0.705457
-0.256664
0.274191
0.764528
-1.000000
-0.133279
0.594945
1.000000
-0.340623
-0.245766
0.844353
0.451346
-0.290960
-0.654480
0.201059
-0.430108
-0.214528
0.301335
-0.778005
1.000000
0.213948
0.085447
0.381061
0.050533
-0.039510
-0.471025
0.321414
-0.916612
0.375686
1.000000
-0.091730
-0.383190
0.217249
0.691722
-0.125117
1.000000
-0.430816
-0.367273
0.121588
-0.716116
-0.521844
0.323235
-0.916275
-0.783567
-0.876161
0.064818
-0.666468
0.638503
-0.101114
0.340209
-0.826143
0.383907
-0.673742
-0.182531
-0.674627
-0.586651
0.525485
0.613427
0.158678
0.638580
-0.203968
-0.838932
-0.377760
1.000000
0.073132
0.194714
-1.000000
-0.286189
0.630756
-0.860637
0.377653
-0.337500
0.328814
-0.443421
-0.008740
-0.896456
-0.629597
0.625251
-0.479338
0.313207
-0.009063
-0.659655
0.846722
0.083455
0.343671
0.194719
0.168993
-0.855534
0.140198
-0.365984
0.561567
0.498567
-0.917961
0.457955
0.829507
-0.258478
0.409127
-0.080679
-0.996081
-0.975128
-1.000000
-0.609532
-0.110516
0.880820
0.837430
0.671742
-0.863076
-0.384727
-0.607815
-0.901998
0.745440
-0.411145
-0.477344
-1.000000
-1.000000
-0.325734
-1.000000
0.211429
-1.000000
0.309943
-0.064147
-0.314058
-0.259767
0.858012
-0.618351
0.513312
-0.735393
0.601429
-0.457181
0.171078
0.793078
0.671714
-0.297330
0.974720
0.358442
0.888868
-0.031481
0.083912
0.247293
0.458278
-0.362332
0.259218
0.968648
0.338216
0.960728
0.070820
-0.867782
1.000000
0.596356
-0.649194
0.657878
0.301494
-0.856715
-0.758765
-0.527945
0.063575
-0.523376
-0.615944
1.000000
0.084815
0.055012
0.069357
-1.000000
-0.695570
-0.494119
0.795594
1.000000
-0.289884
0.915712
0.424123
-0.843471
0.403274
0.357519
-0.934728
0.152323
0.761605
-0.282104
-0.396038
-0.462804
0.867352
-0.698217
-0.197466
0.175381
-0.483129
-1.000000
0.878933
0.202249
-0.076741
0.140075
0.745614
-1.000000
-0.770850
1.000000
-0.254267
-0.050400
0.428134
-0.887363
-0.047459
-0.685337
1.000000
0.474727
-0.269713
0.929935
-0.058871
-0.068200
0.360022
0.142426
-1.000000
-0.031660
0.601002
-0.167864
-0.080235
0.010276
0.043334
0.062502
-0.143582
0.300170
0.674419
0.965236
-0.145348
0.621870
0.003291
0.950490
-0.862789
0.001779
0.329826
0.773958
0.624650
0.260858
0.144998
-0.540989
-0.180162
-0.855619
0.239757
-0.527171
-0.305017
-0.320763
-0.345694
-0.117987
-0.795668
0.813048
-0.717429
-0.879274
-0.398437
-0.479507
0.147993
0.359700
-0.801599
-1.000000
-0.440147
-0.710075
0.808610
0.184657
-0.486233
0.014135
0.366700
0.129125
-0.701162
-0.013387
-0.663899
-0.205897
-0.971547
-0.585200
0.428040
1.000000
-0.235902
-0.527700
0.336214
-0.532385
0.719659
-0.656597
-0.806109
-0.590083
0.049356
0.035060
-0.659059
0.083084
0.967713
-0.804124
0.187055
0.141131
-0.112719
-0.211777
0.326837
-0.433849
0.372078
0.569440
-0.549921
-0.925403
-0.041257
0.909423
-0.128137
-0.276387
0.058371
-0.717979
-0.070402
-0.784581
0.612422
0.190077
0.196828
-0.255472
0.076736
-0.867698
0.599661
0.746982
-0.127694
-0.234370
0.377340
0.942495
-0.816567
-0.698169
0.029248
0.374940
0.032154
0.119080
0.657463
0.565766
0.809815
0.246336
0.710893
0.100601
-1.000000
-0.177043
-0.667445
0.445733
0.051121
-0.850905
-0.279197
0.613131
-0.093268
0.217988
-0.736909
-0.064730
0.305296
0.574697
-0.258727
0.086579
0.246689
0.290817
0.246307
0.115254
0.067109
0.037380
-0.073927
-0.262261
0.091536
0.002947
0.058850
0.223986
0.049144
0.013507
0.023241
0.058545
0.026629
0.025911
0.062388
0.034214
0.247128
0.014448
0.091760
0.013038
0.034570
0.015698
0.132413
0.130116
0.052427
0.005486
0.001979
0.161592
0.019280
0.057006
0.045631
0.056003
0.022600
0.037518
0.016835
0.389640
0.060678
0.014626
0.013827
0.057998
0.063707
0.085167
0.091258
0.329179
0.502632
0.369964
0.026415
0.000457
0.083323
0.022118
0.028174
0.040291
0.002124
0.024418
0.044205
0.020557
0.047002
0.017869
0.085036
0.001296
0.036829
0.001436
0.106749
0.031837
0.035132
0.158033
0.706183
0.003884
0.087189
0.087840
0.004407
0.040361
0.006791
0.002342
0.014228
0.005153
0.025630
0.170114
0.044009
0.011619
0.020517
0.002544
0.015725
0.013157
0.004288
0.002872
0.145967
0.145165
0.045692
0.785005
0.027108
0.116777
0.015937
0.122846
0.042450
0.328067
0.132976
0.027572
0.468338
0.042544
0.002327
0.025162
0.045848
0.373829
0.021386
0.447414
0.128495
0.011678
0.055820
0.382047
0.270615
0.014694
0.005310
0.194274
0.252731
0.005100
0.039580
0.197303
0.002249
0.066576
0.006031
0.026964
0.004733
0.088973
0.029242
0.022406
0.231318
0.166751
0.013147
0.010818
0.069229
0.745759
0.004546
0.002630
0.085555
0.009035
0.005225
0.040852
0.071171
0.239362
0.100237
0.162674
0.010828
0.128922
0.032365
0.026097
0.167466
0.095463
0.153600
0.005055
0.104693
0.025689
0.834140
0.024881
0.105424
0.002143
0.068887
0.098103
0.093211
0.139607
0.101718
0.086061
0.030719
0.042558
0.015800
0.008016
0.155951
0.035222
0.005878
0.170447
0.390470
0.016034
0.003189
0.621820
0.008830
0.147830
0.036116
0.257141
0.076605
0.036544
0.045099
0.028487
0.088844
0.008917
0.067373
0.028375
0.243246
0.160100
0.056012
0.105865
0.026697
0.078162
0.013304
0.017288
0.075401
0.217039
0.106340
0.417739
0.226240
0.002460
0.062801
0.196718
0.029261
0.189258
0.030250
0.207858
0.062432
0.001022
0.527296
0.051638
0.073687
0.007142
0.048982
0.103675
0.051416
0.117991
0.023720
0.253954
0.002511
0.063445
0.033372
0.116284
0.154159
0.209221
0.009525
0.115100
0.003797
0.031607
0.328053
0.072507
0.146882
0.228416
0.103502
0.035815
0.038511
0.044919
0.005407
0.146316
0.017282
0.017212
0.009921
0.186638
0.187929
0.098463
0.296076
0.019465
0.023691
0.238699
0.230078
0.119297
0.017119
0.152790
0.777784
0.131035
0.450211
0.017440
0.076624
0.018160
0.048780
0.032220
0.012053
0.005701
0.015295
0.021413
0.173807
0.051418
0.088799
0.002599
0.073638
0.107461
0.771637
0.060741
0.035676
0.085477
0.259286
0.007764
0.053985
0.013602
0.012434
0.027838
0.048905
0.072189
0.030769
0.001843
0.016034
0.134334
0.057811
0.042933
0.030311
0.000944
0.584608
0.074381
0.085769
0.009706
0.003231
0.071788
0.481593
0.074476
0.309748
0.025674
0.123888
0.051885
0.024254
0.390062
0.121380
0.032676
0.019704
0.024460
0.037483
0.006390
0.023896
0.883349
0.006750
0.017719
0.096201
0.086725
0.398687
0.002002
0.014563
0.108305
0.005250
0.041261
0.006396
0.059202
0.087806
0.020398
0.077758
0.060888
0.529507
0.005667
0.026697
0.003806
0.002476
0.057610
0.020454
0.033190
0.030380
0.003168
0.243473
0.225058
0.039195
0.028748
0.005776
0.078221
0.308168
0.047525
0.004860
0.168729
0.047460
0.000246
0.169603
0.060689
0.105910
0.048987
0.167681
0.025066
0.118332
0.031374
0.064152
0.028324
0.007423
0.013286
0.013808
0.008127
0.009481
0.075956
0.071330
0.005392
0.227131
0.016920
0.016016
0.280693
0.037347
0.220709
0.016093
0.054221
0.037574
0.000887
0.541842
0.161119
0.025946
0.277685
0.167471
0.015641
0.057647
0.308791
0.014460
0.133381
0.022531
0.515101
0.008157
0.020355
0.031139
0.163274
0.147213
0.056339
0.041669
0.032157
0.103675
0.014934
0.007695
0.329305
0.026150
0.039325
0.146862
0.187280
0.103988
0.031281
0.095268
0.017923
0.103708
0.035061
0.007376
0.028478
0.001632
0.061686
0.207279
0.027672
0.024529
0.012839
0.022112
0.094438
0.022148
0.001119
0.390939
0.024298
0.005132
0.025911
0.010822
0.419114
0.029421
0.007041
0.081592
0.147716
0.072692
0.025877
0.015936
0.342617
0.001573
0.025675
0.082245
0.077879
0.249930
0.059100
0.065426
0.014453
0.070681
0.057253
0.003465
0.374476
0.142093
0.081872
0.037858
0.039281
0.065062
0.002504
0.110380
0.100888
0.008607
0.094629
0.001394
0.042675
0.082416
0.128918
0.012880
0.046208
0.025245
0.008969
0.011896
0.063782
0.029013
0.004663
0.072968
0.011663
0.101956
0.018271
0.063251
0.006071
0.376165
0.041625
0.058555
0.139605
0.018652
0.027146
0.036741
0.107983
0.010824
0.009051
0.003516
0.484004
0.042021
0.061340
0.066749
0.008245
0.602481
0.004191
0.000483
0.157766
0.033545
0.021553
0.011670
0.006789
0.017549
0.005127
0.037789
0.014480
0.053259
0.151033
0.190323
0.065956
0.060995
0.134462
0.304956
0.023959
0.016153
0.032116
0.005478
0.274724
0.001791
0.018358
0.145289
0.053997
0.051890
0.041390
0.010070
0.001821
0.046579
0.256925
0.015499
0.013016
0.243002
0.061510
0.039897
0.012435
0.422090
0.127982
0.002636
0.598428
0.018500
0.028217
0.007845
0.005096
0.047054
0.141988
0.259956
0.000568
0.016271
0.000966
0.080451
0.026637
0.501229
0.019307
0.442982
0.100108
0.001926
0.233345
0.125127
0.283963
0.000288
0.106525
0.020837
0.057477
0.484966
0.075944
0.037480
0.030262
0.000829
0.134685
0.008868
0.016942
0.259829
0.060401
0.241313
0.095556
0.181617
0.208992
0.037485
0.327462
0.008254
0.062301
0.440638
0.002195
0.203255
0.018959
0.225492
0.005823
0.013037
0.049656
0.033545
0.004870
0.087807
0.102222
0.013096
0.061301
0.024528
0.020726
0.016752
0.027284
0.008900
0.022764
0.294398
0.087837
0.709557
0.037237
0.004845
0.075871
0.024435
0.011192
0.040099
0.039551
0.430546
0.874121
0.001201
0.076354
0.106885
0.145628
0.039437
0.019762
0.030064
0.081669
0.274082
0.363677
0.037838
0.014688
0.047331
0.012033
0.066097
0.271583
0.000197
0.000487
0.096167
0.166108
0.073530
0.098124
0.017195
0.009218
0.053688
0.773264
0.039332
0.021613
0.054864
0.009187
0.018742
0.193143
0.212337
0.199800
0.019712
0.485410
0.333798
0.042070
0.058845
0.043296
0.013099
0.003859
0.004710
0.030711
0.061774
0.012690
0.010182
0.054996
0.034214
0.036432
0.079312
0.373002
0.320731
0.023052
0.152835
0.047878
0.170585
0.043049
0.031796
0.014027
0.015776
0.042856
0.013701
0.053087
0.084745
0.525275
0.001379
0.021472
0.013918
0.005939
0.075198
0.107611
0.047018
0.000612
0.120240
0.009149
0.013795
0.046774
0.086224
0.030690
0.054950
0.016147
0.137844
0.200145
0.102522
0.028262
0.132315
0.016879
0.070111
0.175915
0.124363
0.235418
0.067786
0.117842
0.100388
0.122394
0.023565
0.016819
0.075369
0.054002
0.018506
0.021619
0.162572
0.004868
0.049070
0.062728
0.035232
0.035221
0.167938
0.010140
0.140542
0.002043
0.121895
0.153612
0.037004
0.221841
0.030849
0.091380
0.015440
0.023210
0.124301
0.036571
0.003879
0.022487
0.031164
0.136219
0.019226
0.027510
0.011191
0.026655
0.065937
0.102077
0.058616
0.118048
0.246385
0.021123
0.036566
0.063215
0.047136
0.018583
0.072927
0.010165
0.015291
0.053864
0.272201
0.034627
0.002422
0.002599
0.032801
0.004188
0.022520
0.007702
0.013613
0.017400
0.043540
0.310984
0.235010
0.022926
0.016767
0.058111
0.467840
0.045767
0.053162
0.069822
0.004379
0.031648
0.163022
0.001188
0.001707
0.404895
0.205393
0.030082
0.016856
0.012512
0.012025
0.041852
0.478843
0.056168
0.005251
0.002785
0.011248
0.027376
0.096358
0.217886
0.019375
0.017685
0.210486
0.102541
0.274879
0.094360
0.053154
0.013232
0.068470
0.003465
0.000459
0.013508
0.015678
0.010220
0.102306
0.036148
0.005072
0.085382
0.448962
0.047887
0.015421
0.039723
0.033704
0.089930
0.012994
0.001458
0.133070
0.021378
0.003635
0.002074
0.010984
0.022520
0.019048
0.012299
0.004869
0.004306
0.009822
0.404219
0.055598
0.011995
0.012947
0.031204
0.074587
0.121913
0.023123
0.067225
0.109419
0.019151
0.011272
0.190630
0.512806
0.479175
0.290269
0.088707
0.120355
0.179787
0.287033
0.050971
0.104794
0.012379
0.102721
0.004524
0.016164
0.082837
0.019542
0.016488
0.016306
0.055841
0.013415
0.026648
0.006394
0.006739
0.419215
0.002307
0.016440
0.014396
0.006624
0.028616
0.271443
0.052780
0.399822
0.082927
0.269928
0.180281
0.004393
0.251517
0.019221
0.033042
0.030821
0.079017
0.030493
0.083363
0.136226
0.034914
0.006513
0.439571
0.063992
0.080165
0.001271
0.116865
0.057006
0.038120
0.088797
0.089663
0.092185
0.041341
0.066872
0.025672
0.000317
0.013603
0.009517
0.124776
0.004937
0.032736
0.093534
0.012330
0.057034
0.024872
0.093319
0.080774
0.004808
0.112714
0.232511
0.287655
0.019445
0.002268
0.049682
0.017146
0.450085
0.015445
0.075849
0.097419
0.145517
0.439668
0.073116
0.017845
0.011246
0.031656
0.037664
0.018996
0.036078
0.002811
0.094383
0.362859
0.084657
0.004702
0.091883
0.040335
0.235704
0.002695
0.172385
0.029811
0.001094
0.061922
0.007608
0.026051
0.006528
0.054814
0.010444
0.573844
0.031697
0.070660
0.077574
0.087062
0.000583
0.017263
0.026069
0.022282
0.223924
0.066234
0.885610
0.004756
0.011368
0.046251
0.078373
0.029793
0.016985
0.039904
0.055949
0.069283
0.016376
0.349894
0.009211
0.491284
0.068082
0.079230
0.043046
0.040644
0.097749
0.027643
0.057092
0.034753
0.043361
0.177585
0.106764
0.005852
0.336127
0.377018
0.083405
0.355687
0.118655
0.042955
0.188324
0.119538
0.025209
0.190296
0.039441
0.015857
0.037414
0.020554
0.003293
0.344833
0.265003
0.030887
0.026420
0.063081
0.018558
0.009278
0.023651
0.071568
0.006932
0.000026
0.006470
0.023716
0.232863
0.007104
0.036673
0.185230
0.011285
0.471730
0.056587
0.036401
0.030911
0.040059
0.036605
0.133146
0.013089
0.008777
0.033088
0.027001
0.003450
0.007203
0.634744
0.014217
0.006154
0.031157
0.076238
0.049552
0.013957
0.023090
0.004722
0.159785
0.319287
0.011670
0.077229
0.040086
0.044917
0.028079
0.051084
0.006847
0.019952
0.019036
0.024717
0.006415
0.106730
0.102272
0.008725
0.452074
0.005040
0.197295
0.016101
0.107132
0.058265
0.012410
0.276105
0.495860
0.056574
0.008729
0.172269
0.051001
0.055255
0.074774
0.001642
0.016232
0.005253
0.003644
0.101437
0.387196
0.010770
0.013935
0.064277
0.420669
0.001826
0.243611
0.207280
0.026536
0.007539
0.232407
0.491682
0.139084
0.215034
0.116876
0.365389
0.210459
0.013210
0.021574
0.060776
0.122313
0.108656
0.341694
0.000454
0.234754
0.126298
0.012135
0.022206
0.007190
0.010723
0.017976
0.011303
0.021288
0.016413
0.067928
0.250323
0.077672
0.048180
0.021842
0.029239
0.014841
0.139680
0.002650
0.274879
0.400942
0.018568
0.084682
0.030078
0.012105
0.116930
0.050790
0.084633
0.012230
0.001119
0.277825
0.461235
0.033609
0.041723
0.037053
0.017107
0.075004
0.011797
0.001905
0.269404
0.076669
0.179614
0.073896
0.101709
0.033576
0.026396
0.021022
0.005328
0.611061
0.103646
0.113345
0.209321
0.040243
0.380576
0.012279
0.000802
0.053718
0.000569
0.030811
0.005363
0.039905
0.057750
0.013556
0.047754
0.003524
0.833150
0.061751
0.011441
0.115096
0.152978
0.063277
0.001009
0.042052
0.099178
0.115343
0.175255
0.054585
0.084554
0.117422
0.010750
0.033585
0.256057
0.523763
0.119543
0.123603
0.068236
0.431986
0.208830
0.013152
0.495219
0.435325
0.000280
0.323514
0.007093
0.403007
0.028023
0.022533
0.039357
0.107576
0.045078
0.002990
0.087757
0.049066
0.708368
0.013730
0.077427
0.401259
0.045175
0.198550
0.015991
0.139524
0.001599
0.133078
0.022770
0.403248
0.418187
0.095415
0.004280
0.002597
0.024061
0.001374
0.008889
0.037265
0.071217
0.030863
0.034900
0.014562
0.014781
0.042236
0.023630
0.000817
0.053216
0.844064
0.061787
0.011557
0.554389
0.034506
0.002092
0.143838
0.017086
0.003110
0.087885
0.005977
0.095483
0.005788
0.063670
0.108469
0.276728
0.173220
0.086022
0.015808
0.008934
0.042671
0.018487
0.002238
0.357124
0.003532
0.033864
0.048668
0.030467
0.032261
0.013057
0.124655
0.080776
0.042903
0.036855
0.015000
0.770794
0.009886
0.103720
0.162305
0.136798
0.039733
0.241535
0.394935
0.020257
0.097939
0.116266
0.051775
0.003632
0.289996
0.167457
0.015022
0.001128
0.008666
0.128287
0.238744
0.055763
0.043202
0.034516
0.326672
0.703206
0.182676
0.058055
0.065725
0.004057
0.035678
0.335341
0.001381
0.242191
0.467148
0.006962
0.012799
0.040898
0.032269
0.080791
0.009451
0.029456
0.003806
0.098054
0.015297
0.014750
0.080605
0.007791
0.054113
0.080136
0.007929
0.271510
0.000262
0.201828
0.041876
0.297471
0.000518
0.305793
0.003748
0.018503
0.050668
0.012968
0.017321
0.124103
0.147151
0.073600
0.020509
0.102681
0.011872
0.015791
0.029557
0.109186
0.580720
0.389883
0.052508
0.002948
0.042315
0.049486
0.015586
0.040399
0.097986
0.159071
0.031075
0.158413
0.104803
0.050708
0.011769
0.045460
0.133572
0.311190
0.121797
0.027756
0.034352
0.232075
0.009664
0.365537
0.061215
0.030732
0.150120
0.310199
0.134124
0.002937
0.148300
0.014163
0.005030
0.117405
0.022110
0.000534
0.050540
0.012136
0.019592
0.335531
0.033061
0.001394
0.214391
0.067488
0.074488
0.101491
0.000591
0.016107
0.072614
0.006507
0.038780
0.008608
0.009898
0.032482
0.291524
0.072401
0.016779
0.286260
0.188101
0.000853
0.031557
0.050157
0.010126
0.060853
0.037173
0.112380
0.023684
0.158947
0.046600
0.256132
0.002913
0.029640
0.087457
0.069280
0.006829
0.036601
0.072341
0.006662
0.021124
0.030875
0.004378
0.027009
0.049056
0.003167
0.015022
0.316096
0.003946
0.005634
0.057147
0.079378
0.009078
0.025860
0.024948
0.130864
0.023959
0.120052
0.052968
0.245620
0.193866
0.004143
0.006196
0.061755
0.364835
0.049974
0.025312
0.033040
0.078434
0.040585
0.045650
0.026031
0.075396
0.006234
0.436694
0.087608
0.004437
0.074222
0.131966
0.162848
0.010756
0.502747
0.150999
0.005872
0.088827
0.207867
0.025357
0.296148
0.009272
0.213092
0.072382
0.097635
0.025562
0.120222
0.059836
0.001272
0.228991
0.005968
0.052996
0.092828
0.040910
0.102839
0.093477
0.694376
0.019274
0.149266
0.104500
0.145764
0.036697
0.052963
0.107815
0.172265
0.014467
0.150264
0.659236
0.041315
0.080994
0.092838
0.011027
0.022142
0.151279
0.022064
0.008970
0.019654
0.077473
0.111634
0.258037
0.023225
0.066204
0.017125
0.345992
0.103716
0.038442
0.060747
0.074681
0.057213
0.024365
0.051023
0.064250
0.065672
0.003149
0.024938
0.011399
0.032261
0.021179
0.010753
0.025003
0.003460
0.041428
0.058271
0.036660
0.185718
0.001485
0.201674
0.053313
0.066362
0.054644
0.020300
0.022899
0.021848
0.075574
0.024645
0.290351
0.006585
0.070046
0.022675
0.716745
0.100473
0.149592
0.010503
0.014234
0.000482
0.043820
0.231137
0.076559
0.020524
0.010437
0.101375
0.538084
0.077803
0.048127
0.264890
0.020571
0.003560
0.017839
0.001913
0.031806
0.014956
0.008391
0.002837
0.037961
0.091984
0.029264
0.211725
0.003093
0.006177
0.002181
0.039673
0.134791
0.010703
0.085377
0.030727
0.038156
0.020393
0.063414
0.060467
0.076962
0.029652
0.004548
0.060769
0.053727
0.016843
0.112809
0.226611
0.024970
0.106668
0.377702
0.029324
0.003497
0.008235
0.956365
0.002927
0.005614
0.023794
0.009151
0.201328
0.085603
0.018399
0.169931
0.065512
0.054708
0.017264
0.005194
0.023018
0.193379
0.298474
0.001055
0.049831
0.036867
0.030520
0.063951
0.001666
0.096042
0.017929
0.020441
0.026709
0.040282
0.006695
0.010570
0.018050
0.004133
0.006215
0.091629
0.067742
0.002522
0.212325
0.011911
0.175637
0.022194
0.020199
0.013901
0.082774
0.032718
0.004953
0.016589
0.054570
0.003756
0.055854
0.066667
0.003955
0.732363
0.777686
0.008900
0.015116
0.105830
0.004847
0.015446
0.015369
0.008164
0.106075
0.046312
0.004790
0.112778
0.277070
0.290094
0.067771
0.023603
0.004270
0.075068
0.023819
0.006983
0.154179
0.054484
0.045744
0.043137
0.018285
0.272647
0.519035
0.134226
0.026390
0.102703
0.005766
0.290001
0.022760
0.148952
0.004313
0.376966
0.064706
0.025049
0.090074
0.036462
0.072355
0.089718
0.011443
0.146996
0.285050
0.720170
0.073415
0.002084
0.057875
0.108436
0.015230
0.108923
0.397902
0.020079
0.120451
0.032972
0.052652
0.073753
0.214773
0.037450
0.075335
0.052159
0.076271
0.035392
0.004971
0.205005
0.037578
0.037488
0.056712
0.005051
0.454780
0.020953
0.029393
0.001109
0.004185
0.121717
0.382013
0.021699
0.036575
0.031120
0.016878
0.085345
0.005993
0.039699
0.084002
0.039391
0.008988
0.007228
0.281241
0.031943
0.204500
0.117682
0.002048
0.029867
0.012616
0.498955
0.031908
0.450710
0.311940
0.006176
0.017674
0.041837
0.105850
0.024476
0.251645
0.010746
0.049018
0.045461
0.083062
0.018620
0.055197
0.024787
0.023177
0.009458
0.008527
0.004662
0.103590
0.121073
0.004373
0.098365
0.007528
0.071090
0.007197
0.111194
0.004264
0.004816
0.246951
0.049982
0.004652
0.020287
0.015569
0.008654
0.483200
0.041064
0.003130
0.045170
0.001372
0.276212
0.078804
0.045285
0.099468
0.011480
0.012110
0.008433
0.044274
0.227689
0.018619
0.006888
0.014472
0.154477
0.004853
0.053218
0.021215
0.001843
0.476045
0.055370
0.018546
0.012274
0.584009
0.031870
0.007466
0.169882
0.007384
0.100416
0.124689
0.011333
0.236851
0.010748
0.066717
0.039547
0.333207
0.097465
0.026262
0.075757
0.053831
0.136005
0.480065
0.021297
0.026799
0.035027
0.225229
0.015803
0.037571
0.000276
0.178448
0.070199
0.279881
0.055805
0.200590
0.034358
0.092825
0.005580
0.048306
0.027519
0.016653
0.007440
0.747622
0.148448
0.002091
0.021507
0.224628
0.015959
0.000430
0.022478
0.015346
0.463976
0.081345
0.199674
0.024449
0.282185
0.041920
0.038564
0.010192
0.022878
0.000766
0.011912
0.080934
0.123628
0.048000
0.010537
0.058865
0.248551
0.015677
0.904212
0.002958
0.121262
0.168967
0.672032
0.221333
0.170438
0.046905
0.086307
0.016877
0.091151
0.135150
0.092522
0.004009
0.001565
0.022312
0.004656
0.018271
0.006761
0.032070
0.264408
0.011834
0.212602
0.047163
0.003738
0.019446
0.036907
0.000776
0.082536
0.069934
0.116597
0.147050
0.275751
0.063080
0.124845
0.161823
0.153975
0.531306
0.277654
0.036568
0.144692
0.002516
0.517168
0.027501
0.132444
0.222715
0.160765
0.002019
0.018434
0.124457
0.042626
0.014051
0.235155
0.099318
0.986655
0.002316
0.008464
0.050164
0.046281
0.807712
0.018275
0.008932
0.047788
0.051085
0.149658
0.069467
0.854377
0.146418
0.019706
0.002483
0.033417
0.059281
0.016629
0.078804
0.066087
0.026842
0.396447
0.029424
0.020860
0.031852
0.012593
0.018216
0.027174
0.023904
0.050433
0.162847
0.004456
0.072373
0.006082
0.266440
0.112409
0.059549
0.137825
0.151185
0.085245
0.068944
0.003314
0.338944
0.088593
0.040428
0.389865
0.015001
0.055263
0.001140
0.153350
0.123983
0.136630
0.041433
0.136450
0.558170
0.072001
0.019779
0.013373
0.380142
0.193137
0.476093
0.160978
0.061660
0.027654
0.268418
0.063931
0.005369
0.304369
0.030126
0.006806
0.029333
0.125122
0.010888
0.047887
0.257242
0.177752
0.024160
0.005222
0.059789
0.053262
0.020284
0.777081
0.190926
0.093368
0.008210
0.001784
0.480208
0.185877
0.013998
0.071051
0.012846
0.008098
0.022510
0.177783
0.003382
0.119653
0.003988
0.020495
0.143411
0.005761
0.041080
0.031537
0.034012
0.007279
0.059618
0.158788
0.403151
0.085661
0.003755
0.033463
0.113445
0.006347
0.004078
0.032607
0.027877
0.004294
0.026917
0.007978
0.056414
0.041661
0.131305
0.024548
0.077590
0.006559
0.036359
0.019423
0.018918
0.365609
0.011691
0.278023
0.001237
0.378154
0.028122
0.016055
0.128267
0.173915
0.001464
0.033265
0.453628
0.119501
0.007865
0.063639
0.013841
0.030257
0.051894
0.063808
0.016138
0.098343
0.135163
0.247637
0.011795
0.284276
0.033850
0.005823
0.015467
0.071871
0.032026
0.210826
0.016549
0.014062
0.024198
0.160960
0.089814
0.006032
0.086548
0.024700
0.203584
0.002908
0.030468
0.356055
0.007868
0.045882
0.008567
0.179572
0.396567
0.017927
0.003582
0.097519
0.019685
0.041236
0.015117
0.232116
0.010384
0.120894
0.007060
0.594073
0.117469
0.094572
0.030209
0.048654
0.007707
0.035508
0.025355
0.032534
0.039452
0.058317
0.006512
0.025863
0.004617
0.030607
0.412092
0.023569
0.012126
0.012912
0.161016
0.034278
0.063788
0.031605
0.003008
0.104343
0.005727
0.033307
0.007789
0.001986
0.104465
0.045742
0.132875
0.017167
0.146784
0.431183
0.050653
0.028593
0.011436
0.020419
0.090936
0.103789
0.038430
0.002370
0.039213
0.093021
0.006521
0.000793
0.203084
0.051454
0.035151
0.050349
0.005970
0.116464
0.138301
0.066391
0.136110
0.009150
0.220971
0.027806
0.248522
0.075118
0.133525
0.290434
0.507377
0.361567
0.066029
0.186175
0.013824
0.104098
0.057169
0.008907
0.106680
0.267049
0.147998
0.006185
0.006755
0.029873
0.042144
0.033187
0.085118
0.010637
0.023919
0.001853
0.006058
0.006333
0.069622
0.063826
0.017936
0.436146
0.201117
0.046084
0.018708
0.112193
0.397979
0.020438
0.009369
0.019133
0.002957
0.045274
0.217022
0.257378
0.054387
0.000633
0.019144
0.012763
0.044298
0.029198
0.016357
0.107535
0.025146
0.038538
0.007050
0.068486
0.133732
0.045170
0.009548
0.015418
0.036445
0.142142
0.174034
0.000450
0.165955
0.030568
0.033249
0.029057
0.020312
0.251766
0.006497
0.018056
0.148773
0.060047
0.093196
0.141670
0.073023
0.013120
0.001031
0.107708
0.002718
0.186461
0.093088
0.035198
0.057649
0.487443
0.334116
0.086737
0.112505
0.069337
0.077082
0.006433
0.088886
0.009498
0.025661
0.105575
0.314597
0.061491
0.020131
0.046331
0.000269
0.057908
0.021027
0.000772
0.015808
0.007992
0.009447
0.009314
0.069777
0.130275
0.037674
0.001500
0.012281
0.040717
0.110941
0.049153
0.020873
0.053639
0.115714
0.006404
0.178391
0.002496
0.005204
0.052812
0.036091
0.013169
0.292086
0.241603
0.090542
0.013104
0.097163
0.118405
0.117804
0.025251
0.036712
0.009832
0.003843
0.025071
0.036218
0.112289
0.005446
0.289418
0.001238
0.043036
0.045045
0.002513
0.261600
0.001661
0.144020
0.003228
0.047844
0.047266
0.117977
0.080669
0.134600
0.015617
0.305632
0.038813
0.004550
0.000966
0.092202
0.024515
0.091192
0.162780
0.217116
0.014268
0.002794
0.003712
0.029266
0.040823
0.003840
0.514341
0.058253
0.035826
0.003805
0.357472
0.036086
0.083383
0.032847
0.645412
0.355793
0.046103
0.865104
0.355280
0.057146
0.051263
0.012867
0.027514
0.185374
0.001838
0.038040
0.047289
0.023488
0.000928
0.025860
0.061099
0.049848
0.010374
0.014208
0.001929
0.011310
0.009794
0.015085
0.010068
0.048153
0.041407
0.008808
0.212515
0.060360
0.162090
0.006251
0.059790
0.019698
0.054492
0.016682
0.089400
0.041029
0.361219
0.127279
0.066783
0.028055
0.153016
0.004549
0.174387
0.043377
0.022307
0.304786
0.049962
0.074262
0.026527
0.012619
0.217076
0.007337
0.051104
0.041806
0.102190
0.159137
0.001910
0.000729
0.010695
0.012599
0.008482
0.233836
0.085776
0.070713
0.173631
0.162123
0.016702
0.057513
0.041448
0.021635
0.089429
0.001807
0.091862
0.017490
0.040489
0.025343
0.596890
0.136772
0.103686
0.030813
0.091956
0.001252
0.011464
0.038727
0.024009
0.006393
0.015460
0.037294
0.065015
0.029769
0.042262
0.024649
0.011171
0.001156
0.018638
0.007161
0.008155
0.034207
0.000762
0.014840
0.170241
0.040204
0.130524
0.012369
0.004991
0.161486
0.142558
0.026300
0.026358
0.177911
0.037639
0.196784
0.086718
0.011242
0.017504
0.021368
0.267179
0.011257
0.010373
0.060363
0.014674
0.118376
0.012416
0.047295
0.007767
0.000811
0.033946
0.098599
0.017776
0.305904
0.002809
0.014224
0.201672
0.004037
0.050077
0.048313
0.042957
0.294338
0.076037
0.098666
0.008088
0.180832
0.119802
0.107538
0.037032
0.506493
0.077895
0.388957
0.035905
0.103472
0.095580
0.018684
0.095873
0.000835
0.402477
0.099001
0.002136
0.049085
0.063308
0.003142
0.012439
0.289147
0.003426
0.004588
0.025552
0.047966
0.006488
0.545159
0.210640
0.122352
0.121774
0.100949
0.009106
0.034404
0.073322
0.059030
0.005406
0.022921
0.002214
0.003973
0.000863
0.013973
0.009449
0.138062
0.034078
0.015044
0.078178
0.035295
0.009497
0.011571
0.125305
0.100750
0.032946
0.041933
0.012963
0.244411
0.005457
0.008418
0.002383
0.035205
0.000411
0.089546
0.029612
0.051541
0.013973
0.122968
0.002467
0.033919
0.012605
0.015241
0.006107
0.066085
0.185341
0.026070
0.032196
0.016098
0.012344
0.031153
0.039534
0.002154
0.090677
0.020392
0.453098
0.045103
0.064669
0.565042
0.011247
0.011568
0.074768
0.002813
0.427904
0.343517
0.033203
0.007422
0.004131
0.002804
0.001856
0.026015
0.016767
0.049792
0.020224
0.010896
0.319111
0.002530
0.019181
0.000295
0.159176
0.044432
0.347739
0.034616
0.007812
0.053851
0.012964
0.077722
0.002198
0.078298
0.019684
0.047092
0.011868
0.011221
0.046530
0.483844
0.068852
0.610398
0.057115
0.179856
0.049044
0.013016
0.065897
0.144552
0.732169
0.039605
0.093084
0.002001
0.009690
0.034502
0.010250
0.027426
0.002802
0.117765
0.044350
0.035059
0.053053
0.013219
0.308033
0.102250
0.005951
0.029111
0.187583
0.028149
0.153532
0.179425
0.015204
0.056211
0.018049
0.069413
0.385819
0.523435
0.038583
0.142088
0.020663
0.214575
0.046004
0.000412
0.007926
0.102893
0.000744
0.008005
0.016189
0.107531
0.140586
0.092946
0.065519
0.000928
0.118310
0.007453
0.046404
0.013377
0.083404
0.053694
0.133477
0.008025
0.015997
0.021677
0.064985
0.046002
0.005356
0.371221
0.148842
0.042933
0.176543
0.044559
0.234484
0.069596
0.045489
0.027063
0.012166
0.200575
0.026196
0.107165
0.523689
0.132503
0.186570
0.204542
0.002597
0.055287
0.012417
0.001404
0.088774
0.161536
0.081239
0.004187
0.122131
0.074147
0.006459
0.002653
0.145340
0.233272
0.109915
0.052445
0.001346
0.027597
0.020003
0.017465
0.063938
0.000683
0.051352
0.241967
0.007921
0.182265
0.010882
0.038260
0.043147
0.027200
0.078877
0.064978
0.008050
0.318530
0.110237
0.094669
0.113225
0.038068
0.046545
0.225061
0.044592
0.043964
0.088083
0.004656
0.019993
0.030363
0.043724
0.036914
0.000967
0.257816
0.033526
0.044898
0.000602
0.021800
0.027522
0.219066
0.104739
0.023763
0.053487
0.123910
0.055802
0.012274
0.112070
0.091282
0.170213
0.058356
0.038604
0.183621
0.015153
0.008145
0.019203
0.085108
0.015625
0.156776
0.001528
0.114650
0.204318
0.131492
0.019427
0.418274
0.002162
0.384638
0.019334
0.028611
0.218689
0.062439
0.054077
0.079361
0.002056
0.012270
0.044609
0.019356
0.005377
0.042416
0.006813
0.361834
0.066676
0.046718
0.021223
0.016839
0.034863
0.219661
0.017260
0.465822
0.010996
0.009177
0.023194
0.081204
0.134683
0.077060
0.077285
0.106526
0.006897
0.033297
0.027271
0.031263
0.164761
0.045729
0.057380
0.202134
0.179470
0.635390
0.020501
0.041435
0.024425
0.059456
0.022560
0.097255
0.358558
0.042189
0.464053
0.364848
0.021248
0.058173
0.046096
0.054552
0.038536
0.385484
0.034126
0.005646
0.374071
0.004846
0.014171
0.010625
0.008696
0.064474
0.000775
0.121176
0.111954
0.091995
0.001259
0.006273
0.025168
0.008435
0.004885
0.018524
0.409334
0.325313
0.005197
0.252685
0.119155
0.052865
0.017752
0.005582
0.014438
0.047834
0.017608
0.039481
0.012455
0.021203
0.015903
0.102929
0.003838
0.017018
0.026840
0.179361
0.128509
0.003963
0.029947
0.002585
0.001294
0.215405
0.127585
0.329682
0.206812
0.323086
0.333856
0.041566
0.532868
0.015801
0.212642
0.079014
0.094659
0.000095
0.051768
0.001608
0.013494
0.129641
0.005643
0.463656
0.102010
0.022710
0.000954
0.477983
0.029559
0.150674
0.034065
0.059567
0.067457
0.042527
0.029313
0.026740
0.023252
0.019738
0.033105
0.045428
0.031419
0.387725
0.032406
0.172197
0.003160
0.008995
0.006971
0.002247
0.030112
0.097120
0.159106
0.009118
0.032691
0.035359
0.132952
0.310322
0.043392
0.145029
0.673300
0.120787
0.008604
0.066953
0.010962
0.009414
0.111181
0.018529
0.004932
0.018212
0.050630
0.122832
0.295926
0.110818
0.015400
0.027736
0.177364
0.144191
0.007705
0.079946
0.014049
0.024870
0.696062
0.202699
0.012151
0.170368
0.024453
0.146657
0.002951
0.036759
0.004299
0.547774
0.009791
0.296738
0.485731
0.070034
0.390100
0.017318
0.032156
0.034210
0.006780
0.035863
0.105030
0.089267
0.008733
0.273851
0.012697
0.074820
0.055183
0.012130
0.010949
0.135303
0.011061
0.576296
0.119144
0.000659
0.008913
0.056327
0.045710
0.000804
0.000836
0.003978
0.060275
0.150023
0.037859
0.015814
0.014920
0.144668
0.051160
0.307206
0.012923
0.171687
0.020225
0.005724
0.044338
0.329861
0.011985
0.041827
0.004844
0.032542
0.219970
0.036111
0.095013
0.085759
0.015119
0.073289
0.502152
0.023878
0.064714
0.042226
0.284665
0.055823
0.001504
0.081990
0.109126
0.100838
0.008004
0.038637
0.004972
0.123635
0.012581
0.312911
0.019241
0.654435
0.105643
0.080844
0.353650
0.606095
0.028237
0.164767
0.005984
0.053834
0.104811
0.023762
0.135995
0.020755
0.153782
0.001713
0.012850
0.126861
0.035489
0.463413
0.051220
0.030624
0.582202
0.008606
0.080067
0.107480
0.127160
0.045169
0.047153
0.011235
0.015261
0.030123
0.038627
0.444894
0.140746
0.665767
0.247652
0.006609
0.141171
0.042732
0.193964
0.004611
0.003707
0.002257
0.021182
0.067654
0.261751
0.034135
0.045231
0.370651
0.027630
0.018938
0.024055
0.073290
0.047773
0.026650
0.011379
0.129997
0.060318
0.144110
0.110068
0.114565
0.035127
0.145623
0.010652
0.015614
0.118930
0.290948
0.529027
0.225421
0.048468
0.045757
0.069950
0.016946
0.068646
0.084074
0.053252
0.116735
0.020618
0.135098
0.010686
0.137849
0.543015
0.031278
0.031967
0.117699
0.221393
0.054972
0.277001
0.042836
0.021298
0.072352
0.099181
0.017127
0.168995
0.019384
0.004543
0.291973
0.050876
0.108385
0.005136
0.557711
0.387041
0.008557
0.190760
0.478586
0.362231
0.080122
0.050217
0.186984
0.071651
0.022735
0.047406
0.183408
0.006836
0.001157
0.040480
0.007727
0.009572
0.044089
0.000997
0.003617
0.329275
0.055605
0.003000
0.099063
0.057489
0.020827
0.064055
0.651276
0.040678
0.007984
0.232285
0.017624
0.093868
0.053954
0.053983
0.000569
0.013505
0.002295
0.017847
0.003316
0.256282
0.013031
0.006787
0.004654
0.002467
0.003698
0.042039
0.114918
0.222645
0.003784
0.745151
0.191735
0.391507
0.076828
0.003162
0.004697
0.003301
0.114507
0.061809
0.096212
0.022635
0.017072
0.312687
0.093899
0.039098
0.036880
0.133321
0.001650
0.005514
0.457108
0.170160
0.665572
0.034103
0.219384
0.048109
0.028343
0.014044
0.003091
0.043160
0.069192
0.022529
0.009955
0.009129
0.069541
0.011797
0.262635
0.022456
0.016756
0.020840
0.020180
0.105728
0.044354
0.104162
0.013807
0.081699
0.003281
0.016436
0.030897
0.091787
0.232458
0.108161
0.012620
0.010847
0.024416
0.010829
0.044769
0.269529
0.000967
0.004815
0.000633
0.191097
0.006854
0.076490
0.006253
0.230578
0.157509
0.040494
0.022791
0.062183
0.061606
0.080105
0.041182
0.192250
0.227075
0.366106
0.058013
0.003905
0.163336
0.303739
0.023479
0.116625
0.161855
0.061940
0.205391
0.083650
0.004400
0.172731
0.105198
0.011997
0.011376
0.100310
0.054631
0.100606
0.026808
0.075801
0.301254
0.430494
0.020907
0.024995
0.000154
0.013147
0.138635
0.082295
0.213356
0.004840
0.090784
0.781242
0.016779
0.127021
0.013512
0.487960
0.026743
0.058353
0.008081
0.003084
0.083861
0.042092
0.197852
0.029334
0.010782
0.062845
0.040216
0.154151
0.018887
0.037510
0.029593
0.009261
0.033866
0.007543
0.019779
0.006406
0.030153
0.017965
0.086020
0.005348
0.106500
0.214388
0.079910
0.008861
0.361170
0.046425
0.052711
0.719792
0.003729
0.259772
0.088420
0.017304
0.074142
0.153975
0.118725
0.052000
0.024349
0.266548
0.088452
0.041761
0.148683
0.020918
0.588683
0.444076
0.063055
0.009493
0.489796
0.033022
0.078090
0.097714
0.103823
0.037566
0.043227
0.231270
0.397669
0.061215
0.050229
0.054887
0.079544
0.297592
0.007344
0.011305
0.112721
0.017025
0.022567
0.008008
0.110759
0.009145
0.008028
0.591109
0.325281
0.002539
0.014161
0.016260
0.009743
0.138137
0.013624
0.002226
0.003572
0.031049
0.250465
0.021657
0.117744
0.144053
0.013407
0.018953
0.001863
0.142718
0.178205
0.037368
0.013279
0.183120
0.034761
0.065463
0.201309
0.036930
0.096015
0.000458
0.268392
0.020371
0.057560
0.031155
0.044344
0.281348
0.021736
0.212539
0.020265
0.016399
0.030539
0.131896
0.012207
0.011786
0.001314
0.049124
0.043615
0.057680
0.181047
0.029579
0.016526
0.003090
0.000306
0.004581
0.005370
0.022501
0.046282
0.009542
0.003479
0.016725
0.378256
0.022219
0.097451
0.032509
0.288905
0.397247
0.152572
0.074713
0.036493
0.026515
0.016982
0.660478
0.034455
0.167859
0.128099
0.003163
0.061323
0.090403
0.523219
0.166705
0.007990
0.049093
0.061665
0.184893
0.002396
0.005805
0.051307
0.017645
0.050884
0.020197
0.002971
0.089376
0.187221
0.299623
0.190375
0.340873
0.054966
0.024541
0.011596
0.085000
0.565399
0.001042
0.010903
0.006738
0.001970
0.122123
0.550157
0.035038
0.017548
0.063838
0.015546
0.272043
0.276049
0.005780
0.095002
0.010457
0.011690
0.004138
0.010251
0.003200
0.246594
0.228092
0.009308
0.001916
0.061772
0.022549
0.008708
0.034134
0.064300
0.186062
0.002688
0.121567
0.022002
0.040112
0.032766
0.028174
0.083342
0.077703
0.293629
0.039633
0.004846
0.006864
0.483651
0.437965
0.024706
0.020822
0.032340
0.012888
0.247887
0.058268
0.042805
0.103803
0.018831
0.081687
0.012167
0.028686
0.033063
0.152676
0.323608
0.036367
0.004305
0.279573
0.013477
0.183068
0.040061
0.001679
0.218125
0.077673
0.008675
0.024495
0.236629
0.185337
0.061601
0.001579
0.017117
0.011499
0.062607
0.001242
0.001764
0.300424
0.010629
0.003690
0.011439
0.033638
0.015850
0.019020
0.000341
0.063667
0.007848
0.067952
0.039889
0.104879
0.012684
0.009929
0.005113
0.037985
0.021965
0.737612
0.048782
0.027589
0.064471
0.006300
0.349364
0.003832
0.018647
0.005589
0.294507
0.131612
0.142831
0.004091
0.009651
0.014242
0.021471
0.001332
0.032342
0.019173
0.020017
0.001296
0.082556
0.145328
0.103100
0.187954
0.011461
0.013871
0.009432
0.068473
0.022348
0.084872
0.008175
0.263955
0.056034
0.176821
0.033774
0.055475
0.009232
0.462416
0.017047
0.563589
0.666953
0.034996
0.007382
0.007575
0.030735
0.014992
0.140684
0.280597
0.071838
0.407096
0.101086
0.384718
0.019637
0.014394
0.038908
0.038508
0.269299
0.005308
0.026541
0.038364
0.697752
0.091941
0.064921
0.017007
0.446173
0.212593
0.070949
0.006827
0.007007
0.056573
0.001204
0.325829
0.024320
0.048972
0.026903
0.170450
0.257889
0.059949
0.627566
0.004644
0.030799
0.077324
0.070479
0.133670
0.125745
0.015910
0.007240
0.125169
0.064606
0.145059
0.101178
0.103151
0.115219
0.009171
0.112526
0.009741
0.015409
0.147741
0.038679
0.020730
0.003826
0.016180
0.057256
0.033387
0.025582
0.155010
0.007230
0.062273
0.065476
0.024361
0.043992
0.034878
0.103017
0.015290
0.029021
0.141310
0.001309
0.127871
0.038386
0.016609
0.775254
0.005642
0.041045
0.000896
0.016772
0.023180
0.126837
0.080909
0.135427
0.057673
0.001810
0.010367
0.014246
0.024069
0.024614
0.002574
0.022105
0.659549
0.069547
0.017403
0.019410
0.030067
0.051042
0.040983
0.030616
0.101218
0.162475
0.045362
0.038305
0.037277
0.045779
0.011124
0.073374
0.073319
0.024085
0.100682
0.009970
0.137227
0.056039
0.251874
0.067681
0.022808
0.083430
0.061164
0.019182
0.053515
0.029769
0.065620
0.010828
0.031488
0.028671
0.071475
0.316179
0.071292
0.012574
0.041266
0.004443
0.017084
0.060842
0.105032
0.063626
0.301868
0.243472
0.010150
0.024632
0.204566
0.048496
0.042337
0.001134
0.008883
0.442012
0.051415
0.013532
0.178647
0.008333
0.114090
0.059369
0.058158
0.040344
0.048282
0.051007
0.008307
0.071274
0.017081
0.291386
0.016990
0.052792
0.142061
0.060761
0.009939
0.072024
0.029217
0.056480
0.056575
0.021866
0.009462
0.213018
0.051497
0.038644
0.077380
0.069491
0.059814
0.008222
0.115609
0.007233
0.309861
0.000666
0.099968
0.042766
0.200589
0.039001
0.001523
0.043212
0.334428
0.063372
0.030365
0.058275
0.067978
0.128813
0.261806
0.117644
0.207365
0.010960
0.022287
0.355291
0.101814
0.022293
0.017865
0.026534
0.096985
0.018168
0.002310
0.010537
0.035164
0.115910
0.062301
0.257271
0.054229
0.125309
0.363892
0.107924
0.013170
0.065611
0.001894
0.031112
0.014890
0.096824
0.154358
0.000411
0.047122
0.249290
0.166590
0.013040
0.025950
0.057543
0.177770
0.003081
0.027259
0.020841
0.050344
0.033491
0.028247
0.014228
0.020823
0.154041
0.021915
0.008515
0.172120
0.010708
0.007711
0.587926
0.009188
0.081439
0.009317
0.010062
0.015230
0.003947
0.098225
0.008199
0.005537
0.300297
0.026485
0.100144
0.014380
0.036432
0.125348
0.022538
0.016729
0.065905
0.013088
0.046073
0.005915
0.179526
0.007228
0.035336
0.328617
0.102227
0.031841
0.007636
0.034764
0.081086
0.210774
0.071368
0.082873
0.002929
0.232989
0.052605
0.088032
0.006869
0.038761
0.016152
0.048540
0.043326
0.015895
0.016621
0.015474
0.082254
0.103564
0.032321
0.185657
0.072709
0.005605
0.073188
0.002552
0.068676
0.035968
0.021975
0.019326
0.086774
0.007340
0.015976
0.179255
0.016810
0.050319
0.025773
0.320718
0.058584
0.123184
0.039180
0.043262
0.261698
0.010488
0.009107
0.097494
0.068965
0.373001
0.004170
0.159031
0.427998
0.291962
0.076403
0.043422
0.039527
0.046213
0.643689
0.009144
0.044136
0.071620
0.066930
0.022356
0.213402
0.021233
0.002786
0.351809
0.022770
0.124794
0.149863
0.058010
0.050700
0.004295
0.002255
0.003012
0.031750
0.025933
0.016239
0.063446
0.001719
0.027566
0.047007
0.026082
0.335552
0.020863
0.170844
0.025602
0.019708
0.004508
0.067860
0.303929
0.183858
0.003194
0.033854
0.156231
0.024566
0.064379
0.035475
0.000803
0.036271
0.049977
0.022955
0.194834
0.218058
0.103772
0.094416
0.074743
0.097589
0.034872
0.012304
0.015421
0.384775
0.025299
0.052432
0.029163
0.015962
0.024985
0.010194
0.436037
0.005458
0.046925
0.106280
0.011121
0.019177
0.053059
0.003045
0.014074
0.025008
0.007401
0.379418
0.020575
0.028661
0.009742
0.088643
0.071204
0.061619
0.087653
0.109953
0.002826
0.032957
0.063268
0.009445
0.188539
0.124922
0.028381
0.002323
0.086354
0.099536
0.003206
0.020915
0.010114
0.112274
0.008744
0.085614
0.001681
0.133890
0.038986
0.174148
0.034810
0.742402
0.053977
0.021661
0.008740
0.113986
0.033550
0.130858
0.529272
0.396062
0.072528
0.055777
0.142355
0.116487
0.155786
0.052678
0.021431
0.081918
0.105851
0.010839
0.515673
0.031899
0.103443
0.055408
0.128014
0.139894
0.013861
0.016697
0.030839
0.001540
0.110059
0.051386
0.022830
0.033582
0.067882
0.036153
0.016757
0.150003
0.100908
0.009697
0.013337
0.028068
0.005278
0.124571
0.110255
0.022267
0.007617
0.098677
0.007212
0.126131
0.268604
0.028933
0.005408
0.154255
0.147157
0.017235
0.214491
0.016421
0.066595
0.931586
0.203152
0.007099
0.015547
0.112515
0.088752
0.001391
0.014904
0.025413
0.204041
0.083247
0.384682
0.084489
0.261009
0.059749
0.063709
0.005705
0.015168
0.111817
0.033734
0.013034
0.000585
0.035470
0.035503
0.001658
0.139787
0.088790
0.037134
0.208192
0.002428
0.112694
0.881926
0.011975
0.026224
0.026337
0.288148
0.019246
0.036324
0.005729
0.298001
0.345059
0.008121
0.015432
0.011738
0.009671
0.069632
0.009508
0.182688
0.221511
0.018720
0.019138
0.163203
0.046953
0.038317
0.083122
0.458645
0.093722
0.010572
0.124582
0.003722
0.151936
0.141563
0.129910
0.022425
0.013317
0.339521
0.188567
0.009742
0.666830
0.000467
0.015221
0.001210
0.036249
0.035157
0.033702
0.009464
0.155540
0.091843
0.000760
0.078179
0.207138
0.586048
0.231186
0.004636
0.065331
0.026487
0.011364
0.061505
0.003041
0.090029
0.233028
0.001324
0.007704
0.189352
0.010811
0.099333
0.001002
0.052076
0.041113
0.025696
0.164504
0.144421
0.005547
0.047156
0.346298
0.041260
0.059748
0.035108
0.302896
0.015140
0.086115
0.004433
0.057565
0.038185
0.013950
0.055435
0.087592
0.042965
0.018924
0.060616
0.011632
0.018581
0.479495
0.026687
0.119528
0.002725
0.013880
0.061734
0.130256
0.003829
0.024957
0.001309
0.059593
0.011953
0.058360
0.212826
0.288809
0.022848
0.006257
0.046552
0.006360
0.189644
0.114647
0.222813
0.081904
0.294973
0.504273
0.002041
0.109469
0.204228
0.022963
0.004488
0.048146
0.166793
0.024065
0.108439
0.032418
0.032005
0.041088
0.051890
0.164247
0.004700
0.193086
0.006529
0.439279
0.083007
0.004756
0.069114
0.248866
0.009157
0.117992
0.008391
0.095958
0.079506
0.092463
0.007822
0.055372
0.050909
0.006331
0.088147
0.042265
0.051430
0.169616
0.031491
0.152971
0.038705
0.124223
0.171456
0.031542
0.045147
0.202431
0.020594
0.004869
0.014610
0.140311
0.038679
0.156012
0.356419
0.003881
0.013896
0.022689
0.096913
0.054342
0.007374
0.004862
0.211107
0.024841
0.010520
0.026863
0.216779
0.004225
0.117670
0.002241
0.010440
0.004958
0.000702
0.091699
0.048519
0.114629
0.000814
0.009143
0.071027
0.033736
0.037098
0.174142
0.023565
0.040901
0.020822
0.008426
0.098048
0.192604
0.285335
0.181176
0.015020
0.006716
0.109639
0.038251
0.027893
0.085305
0.005243
0.074187
0.033805
0.003501
0.098412
0.001759
0.055871
0.089936
0.059002
0.019625
0.178544
0.208114
0.012662
0.007365
0.340550
0.016563
0.044641
0.136518
0.007749
0.008434
0.091150
0.021323
0.023063
0.163084
0.115764
0.009183
0.072974
0.004014
0.004329
0.055156
0.138010
0.097115
0.099118
0.008233
0.005813
0.200523
0.131187
0.017451
0.050177
0.017226
0.025401
0.145329
0.021913
0.047848
0.000811
0.006572
0.001912
0.184188
0.006016
0.103541
0.004623
0.005281
0.006367
0.004955
0.308229
0.030313
0.055749
0.042663
0.057327
0.381354
0.461708
0.046547
0.134907
0.027679
0.020510
0.168451
0.010568
0.037005
0.014389
0.052652
0.068783
0.088809
0.004800
0.136354
0.036854
0.010052
0.165608
0.009806
0.023121
0.072455
0.397972
0.061176
0.007423
0.099649
0.024038
0.077587
0.007745
0.071075
0.019995
0.010452
0.047453
0.130564
0.021712
0.008317
0.064718
0.024895
0.040547
0.164402
0.161443
0.033069
0.108742
0.054287
0.015606
0.031582
0.338084
0.049416
0.014024
0.147642
0.020616
0.010127
0.213576
0.094906
0.044412
0.008118
0.014512
0.266412
0.067100
0.202024
0.258225
0.050228
0.006135
0.000495
0.031006
0.229383
0.005861
0.340606
0.041900
0.001158
0.116501
0.011573
0.012755
0.176130
0.017355
0.127860
0.061675
0.783498
0.183657
0.015275
0.166195
0.006083
0.093024
0.142410
0.028147
0.043002
0.005022
0.003460
0.010678
0.224013
0.074955
0.008947
0.022001
0.003245
0.030846
0.510666
0.037544
0.133370
0.090247
0.294182
0.180527
0.099629
0.091253
0.093347
0.103853
0.134002
0.093279
0.049153
0.001420
0.002428
0.294051
0.029306
0.018548
0.090738
0.017174
0.020162
0.005868
0.000766
0.038078
0.129773
0.023479
0.033978
0.033688
0.048854
0.046990
0.107341
0.370025
0.031341
0.232483
0.114127
0.003231
0.009111
0.054139
0.040301
0.014617
0.043335
0.039065
0.016039
0.232664
0.012501
0.126460
0.036860
0.056969
0.077983
0.137585
0.002624
0.233650
0.236107
0.066533
0.609683
0.117049
0.093959
0.028242
0.144221
0.016116
0.570247
0.025972
0.124952
0.121672
0.344002
0.047223
0.039944
0.032047
0.027510
0.075246
0.037712
0.056283
0.149307
0.005612
0.094501
0.085588
0.067148
0.011971
0.050085
0.169974
0.035197
0.266245
0.027204
0.086498
0.001205
0.263072
0.017087
0.012436
0.015625
0.098029
0.017949
0.024974
0.057482
0.562735
0.249094
0.008025
0.018233
0.049966
0.004281
0.025233
0.161151
0.005511
0.144045
0.006909
0.354935
0.106715
0.014120
0.042266
0.021429
0.009848
0.149376
0.011626
0.185376
0.002862
0.041956
0.073588
0.103138
0.025301
0.312440
0.044383
0.007391
0.016596
0.046807
0.017705
0.003431
0.421753
0.042065
0.038132
0.080016
0.006659
0.024260
0.012275
0.000451
0.013595
0.018516
0.044708
0.004145
0.067205
0.224077
0.081096
0.018151
0.060358
0.021440
0.062666
0.017392
0.588176
0.050641
0.049865
0.092773
0.017431
0.045940
0.017412
0.067595
0.002115
0.003833
0.007159
0.003073
0.057379
0.010407
0.087106
0.048897
0.064565
0.018301
0.081597
0.067996
0.043279
0.095934
0.033157
0.054353
0.011239
0.045521
0.009767
0.049091
0.015589
0.179712
0.065738
0.271571
0.031666
0.222373
0.273437
0.082027
0.147989
0.252904
0.010339
0.074169
0.068406
0.088260
0.073687
0.004106
0.037233
0.002728
0.002552
0.010511
0.014126
0.060565
0.009796
0.140891
0.027144
0.021307
0.316708
0.037104
0.194936
0.058098
0.037390
0.116717
0.003191
0.489391
0.133493
0.054517
0.261214
0.100435
0.007316
0.034785
0.028485
0.022920
0.003043
0.128195
0.016036
0.138459
0.140536
0.037045
0.037327
0.023608
0.040374
0.194541
0.014601
0.004191
0.427937
0.006265
0.024200
0.076769
0.288785
0.051776
0.002917
0.037742
0.129281
0.061096
0.006109
0.128152
0.476405
0.035717
0.321155
0.009785
0.024332
0.096217
0.012167
0.042495
0.115997
0.134271
0.017239
0.052862
0.050762
0.262752
0.100112
0.056882
0.181586
0.172532
0.040989
0.010222
0.030511
0.004877
0.097997
0.010358
0.212605
0.213451
0.020078
0.170331
0.083300
0.036810
0.059079
0.019836
0.058917
0.088989
0.111416
0.137828
0.042505
0.023243
0.009949
0.636562
0.091590
0.019548
0.111645
0.016831
0.063872
0.072753
0.051156
0.131932
0.082820
0.015768
0.072144
0.004783
0.025949
0.033139
0.033850
0.015301
0.014560
0.019451
0.008608
0.050819
0.107414
0.009149
0.009351
0.020954
0.076720
0.030165
0.021978
0.007396
0.031541
0.056159
0.008260
0.263805
0.084611
0.002558
0.053223
0.003848
0.042170
0.018085
0.097910
0.005160
0.002291
0.003940
0.041373
0.016324
0.068699
0.021114
0.364008
0.255848
0.052311
0.166218
0.220925
0.289798
0.002645
0.135392
0.209730
0.026049
0.069588
0.202683
0.151608
0.240310
0.178897
0.013533
0.116148
0.010445
0.006361
0.061072
0.037162
0.029877
0.008562
0.091807
0.069442
0.020084
0.069263
0.045698
0.085846
0.037121
0.009554
0.077060
0.032846
0.056092
0.071189
0.016151
0.003663
0.465948
0.013038
0.054502
0.083496
0.005031
0.082172
0.006539
0.118623
0.224485
0.073199
0.088672
0.072328
0.039748
0.035122
0.023832
0.031507
0.187403
0.004857
0.118395
0.051001
0.121278
0.046982
0.008280
0.004555
0.097185
0.040711
0.764665
0.005938
0.033484
0.133981
0.000861
0.010643
0.216302
0.011363
0.036691
0.042076
0.188282
0.164394
0.141469
0.116766
0.030602
0.176310
0.347864
0.030778
0.013822
0.015330
0.184036
0.001065
0.018503
0.215759
0.048885
0.091286
0.068439
0.000699
0.052274
0.246517
0.053216
0.371508
0.002083
0.297346
0.001911
0.065575
0.013811
0.002667
0.081399
0.012216
0.028522
0.037898
0.040083
0.260559
0.041710
0.017321
0.053780
0.091991
0.132618
0.002850
0.019728
0.034583
0.106613
0.028487
0.051097
0.007317
0.342191
0.437633
0.088522
0.019491
0.056392
0.020757
0.027777
0.031111
0.005934
0.049026
0.031161
0.014716
0.038199
0.000517
0.048955
0.051542
0.212504
0.214488
0.048663
0.071322
0.027084
0.004238
0.035708
0.240501
0.098249
0.063837
0.003925
0.006022
0.008852
0.027067
0.013245
0.045695
0.102170
0.066265
0.029893
0.050488
0.020987
0.031009
0.046467
0.087209
0.289653
0.170231
0.021212
0.095239
0.056683
0.063168
0.385750
0.210380
0.073975
0.077894
0.236293
0.187263
0.136179
0.101577
0.225975
0.006389
0.240047
0.022809
0.018167
0.041942
0.057156
0.046971
0.294980
0.007343
0.203771
0.238098
0.155073
0.003826
0.007607
0.003427
0.029925
0.009799
0.314263
0.004215
0.014082
0.074628
0.009661
0.083648
0.100091
0.063310
0.139102
0.076006
0.001682
0.009595
0.071318
0.112762
0.016662
0.033462
0.009314
0.449269
0.031806
0.059704
0.012884
0.138835
0.156896
0.166358
0.004475
0.298585
0.009876
0.419084
0.039134
0.032910
0.020137
0.005305
0.001241
0.275186
0.072418
0.040174
0.013381
0.032351
0.004848
0.002616
0.051225
0.047711
