443
1.503269
4
91
40
10
1
5047
-0.987176
-0.165019
0.183163
0.931027
0.326500
-0.196279
-0.298920
-0.537609
-0.239330
-0.608537
0.675510
0.560622
-0.758735
1.000000
0.758577
0.136659
-0.995047
-0.461061
-0.094562
0.956805
0.556066
0.526871
-0.156034
0.749591
-0.476733
0.888129
-0.177812
0.540864
-0.492875
-0.879513
0.177049
0.563424
0.230287
0.523327
0.188913
0.354064
-0.141404
-0.435221
0.912682
-0.335457
0.218158
0.568730
0.733875
0.095486
0.143350
-0.141753
0.656837
-0.721105
0.083048
0.242783
-0.457876
-1.000000
-0.515566
0.665624
0.227551
0.988120
0.588916
-0.568049
0.971167
0.199149
-0.840629
-0.963502
0.992205
-1.000000
0.499590
-0.550453
-0.328931
0.978959
-0.062918
0.386148
0.345274
0.338919
-0.510088
0.682062
0.445770
-0.876509
-0.449373
-0.642878
-0.017198
0.293982
0.297885
-0.179076
0.525994
-0.264811
-1.000000
-0.866044
-0.621875
0.382352
0.418245
-0.370619
-1.000000
0.418617
-0.646530
1.000000
0.094258
0.739301
0.420556
-0.144770
-1.000000
0.341358
0.842278
-0.308463
-0.690346
-0.956032
-0.143327
0.996511
-0.911909
-0.999682
0.715443
1.000000
-0.054868
0.998928
1.000000
-0.414228
0.049497
-0.111474
-0.166149
-0.917291
0.065548
0.087208
0.498126
-0.210883
0.686563
0.887669
-0.084756
-0.398200
-0.953831
0.455786
0.131727
-0.685622
-0.218710
0.326187
0.876536
0.123713
0.659854
-0.320864
-0.921646
0.774473
-0.981184
-0.638711
0.419269
0.968015
-0.818288
0.017856
0.354715
-1.000000
0.194695
-1.000000
0.715041
0.899017
0.387926
0.960629
-0.364706
0.039362
0.247148
0.119931
-0.506171
-0.230168
0.121411
-0.626040
0.924697
0.650255
-0.751889
0.016952
0.193263
-1.000000
-0.779841
0.004090
-1.000000
0.454942
0.692948
0.196388
-0.955971
0.309798
-0.082428
0.547206
-0.761841
0.570541
-0.020073
0.386038
-0.008826
-0.292139
-0.723249
0.161049
-0.314680
0.054550
-0.134357
0.560167
0.378544
-0.061267
-0.812826
-1.000000
1.000000
0.820121
-0.578820
0.762549
-0.951457
0.896841
-0.905006
0.743108
-0.576604
-0.810580
0.854627
-0.388126
-0.602445
-0.557841
-0.373113
0.636445
0.352742
-0.939927
-0.166648
0.030095
-0.335270
-0.036760
-0.350423
-0.358451
1.000000
0.047787
-0.998944
0.400230
-0.356123
-0.253777
0.296684
-0.432151
0.450082
-1.000000
1.000000
-0.841524
-0.487684
0.869905
-0.779540
-0.145187
0.288019
0.049945
0.330516
-0.374319
1.000000
0.734229
0.593238
-0.940418
0.609129
-0.944741
0.610332
-0.419737
0.144849
0.834947
0.282755
-0.215796
-0.531623
-0.360730
0.371184
0.739841
0.572419
-0.575801
0.219962
0.499055
0.170048
0.287090
-0.218187
0.629213
-0.861305
0.803102
-0.138569
-0.204564
0.025531
-1.000000
0.233881
0.910786
-1.000000
0.290536
-0.408956
-0.462494
-0.673347
-0.185905
-0.929348
0.879082
-0.519692
-0.866119
-0.420165
-0.696247
0.259237
-0.958564
0.082271
-0.409533
-0.439451
0.286365
-0.766513
0.206953
0.855313
0.009814
-0.376124
-1.000000
-0.212611
0.855747
-0.595534
-0.046338
1.000000
-0.815455
-0.410167
-0.661998
-0.964713
0.434160
0.192851
-0.040769
0.640418
0.209946
0.040251
0.307444
0.386167
0.934971
-0.486779
-1.000000
0.639555
-0.944916
0.090741
0.698864
0.400165
0.868718
0.639581
0.263399
0.372615
-0.637363
-0.058003
0.286968
0.371824
0.260846
-0.051281
0.214702
0.668506
0.045563
-0.696250
0.248784
0.525079
0.161549
-1.000000
-0.043025
-0.356668
0.280842
-0.067103
0.321910
0.107690
0.478624
-0.851281
-0.847013
0.564357
-0.763810
0.404930
1.000000
-0.011138
-0.646299
0.734924
0.844862
0.631584
-0.683760
0.741669
-0.743919
-0.680726
-0.065594
-0.382665
0.464222
0.247719
-0.099580
-0.168565
0.514323
-0.539613
-0.526439
0.015754
-0.446738
0.451408
-0.325494
0.135424
0.964234
-0.128585
1.000000
-0.935309
-0.794951
0.152240
0.510853
0.024136
0.718814
0.262701
0.358996
-0.637007
0.305601
-0.629639
-0.299618
0.643167
-0.530033
0.360742
0.631880
0.956227
-0.362140
-0.342230
0.929023
-0.520035
-0.689931
-0.559496
0.207038
-0.514259
-0.079163
0.238092
0.538609
-0.123762
0.226713
-0.659942
-0.746608
0.013200
-0.785359
0.023848
0.244814
0.246006
-0.910811
-0.819229
-0.214489
0.339067
-0.376671
-0.144553
0.280659
0.372869
-0.328248
-0.790452
-0.510852
-0.828504
-0.639685
-1.000000
1.000000
0.737939
0.038158
0.862813
-1.000000
-0.026231
0.908100
-0.257908
0.185126
-0.101331
0.531307
0.603684
-0.111521
0.779192
0.418671
-0.833146
-0.286743
-0.856387
0.213199
-0.865329
0.998808
0.823142
-0.325968
-0.390962
-0.171410
0.249012
-1.000000
0.933496
-0.023768
-0.698790
0.221935
-0.294175
-0.890254
-0.956276
0.916705
0.241710
0.637796
0.010982
-0.498262
-0.635768
0.976919
0.264768
0.039436
0.403465
0.240008
0.224566
-0.964216
0.614236
1.000000
0.897979
0.891749
0.531285
-0.142744
-0.347809
-0.336364
0.381508
-0.268736
0.322485
-0.879924
1.000000
-0.861144
0.818383
-0.995450
-0.053424
0.890600
0.536582
0.037667
0.850097
-0.644196
-0.688724
0.650331
0.312973
-0.306523
-0.217850
-0.075643
-0.105255
0.345024
-0.933275
0.661123
-0.442070
-0.348297
0.893566
-0.429160
-0.224831
-0.864591
0.405176
0.768910
1.000000
0.545469
-0.391485
-0.280291
-0.278120
-0.229482
-1.000000
0.429662
-0.400236
0.154508
0.481123
-0.656345
-0.914543
0.902712
-0.610159
-1.000000
0.174756
-0.090048
-0.350866
0.312611
0.814955
0.110518
-0.082419
0.745739
-0.285297
-0.434643
-0.532504
-0.300059
0.337545
0.103362
0.764188
-0.460196
0.316579
-0.112102
-0.364512
0.203748
0.506714
0.492579
0.673186
-0.589374
-1.000000
-0.925262
0.758121
-0.855734
-0.602954
-1.000000
-1.000000
0.439700
-0.105280
-0.395615
1.000000
0.008165
0.565904
1.000000
0.154886
-0.261280
1.000000
-0.521884
-0.750478
0.517329
0.006303
0.316347
0.565759
1.000000
-0.301932
-0.888009
-0.988905
0.648944
0.249277
-0.385348
0.143781
-0.398620
-0.492782
0.299420
0.207005
-0.162723
0.728368
0.937011
0.811309
0.079488
-0.651435
-0.442418
0.424117
-0.033690
0.820567
0.351708
0.680023
0.030378
-0.256155
-0.423614
0.713902
0.751137
-0.840922
1.000000
0.597058
0.267411
-0.486631
-0.519883
0.447166
0.200773
-0.968490
-0.945398
0.256882
0.348681
-0.477201
-0.097245
0.086506
-0.482862
-0.809077
-0.894470
1.000000
-0.175855
-0.437472
-1.000000
-0.421918
0.129010
0.277293
-0.586941
-0.546693
-0.655669
-0.824800
-0.357228
0.528410
0.302794
0.366273
-0.646386
0.281010
-0.189084
-0.734857
-0.598989
-0.383237
-0.766007
0.503743
0.866894
-0.535854
0.293167
0.004985
-0.778359
-0.874411
-0.352285
-0.297561
-0.376138
-0.991555
0.895963
-0.076786
-1.000000
-1.000000
0.420200
0.595567
0.571969
0.691402
-0.069632
-0.513955
-0.150423
0.372433
-0.314082
-0.542762
-0.573257
-0.081001
0.492859
0.101131
0.239278
-1.000000
-0.256150
-0.844453
-0.424191
-0.567953
-0.218530
-0.267032
0.184201
0.090870
-0.287043
-0.665780
-0.180940
-0.209833
0.726153
-0.110346
0.136418
0.236289
0.075712
-0.284206
-0.004815
0.113418
-0.588634
0.271099
-0.691210
-0.959525
0.714781
0.476499
0.745592
-0.768704
-0.961362
0.167286
-0.687813
0.654928
-0.624219
0.417731
-0.713486
0.926600
-0.948770
-0.732632
0.331721
-0.720924
0.746306
-0.652738
0.925421
0.108358
-0.494043
0.939480
0.451786
1.000000
0.771979
-0.327011
0.882771
-0.225863
-0.563164
-0.058571
-0.027309
0.705633
0.033280
-1.000000
-0.471971
0.406732
-0.353706
0.469347
-1.000000
0.287810
-0.175930
0.323916
0.910032
-0.419951
0.225279
0.574696
0.276891
0.375323
0.922939
0.219481
-0.459840
-0.809859
-0.843576
0.148317
0.447397
-0.226269
-1.000000
-0.383699
-0.216325
-0.873900
-0.052466
-0.162124
-0.101298
-1.000000
0.610782
0.067062
0.752661
0.753608
1.000000
-0.034026
-0.730769
-0.539892
-0.017825
-0.578610
0.439955
0.434388
-0.225760
0.061184
-0.230016
-0.402693
-0.081974
-0.298656
0.178423
-0.699575
-0.162516
-0.475270
0.262860
-0.046705
-0.243735
0.871158
0.646280
-0.489818
-0.303704
0.254821
-1.000000
0.798271
-0.904579
0.885192
-0.551815
0.589763
0.317203
0.781590
-0.012725
0.062302
0.412088
0.390254
-0.015641
-0.477911
-0.230875
0.685209
-0.061451
-0.611141
0.580767
0.326319
0.735109
0.643692
0.287995
0.149085
-0.783317
0.583633
0.044081
0.231609
-0.854180
-0.729681
0.215301
-0.172926
0.307169
-0.391287
0.750716
1.000000
-0.477414
-0.271499
0.210992
0.366665
-0.309645
-0.919117
-0.526076
-0.685138
-0.308263
-0.124852
-0.878531
0.339190
-0.420927
-0.603734
0.371069
0.188439
0.088444
-0.291499
0.578422
0.330644
-0.100085
-0.791592
0.012538
0.342949
-0.422813
-0.896229
-0.522472
-0.104139
0.396691
-0.967146
0.287894
-0.917455
0.025111
-0.303548
-0.525811
-0.258349
-0.030919
0.799405
-0.104270
-0.417906
1.000000
-0.831146
-1.000000
0.067859
-0.370883
-0.778099
0.315263
-0.239836
-0.452096
-0.451278
0.531932
0.061864
-0.523425
-0.178530
-0.689227
-0.589476
0.104975
1.000000
0.188760
-0.789292
0.262108
0.747659
-0.306308
0.797230
0.966916
1.000000
-0.454463
-0.691198
0.409288
0.777432
0.312692
0.912039
-0.435226
-0.732560
0.619867
-0.173195
-0.825315
-0.787840
-0.178320
0.667250
0.896458
0.556144
0.001399
-0.001015
0.003570
-0.213193
0.936195
-0.896801
0.289406
0.230571
1.000000
-0.274425
0.552980
-0.552047
0.506972
-0.255091
0.732904
0.588269
0.147641
-0.532440
0.468875
-0.419859
-0.723044
0.344327
0.594401
0.999600
0.552967
-0.965319
-0.915556
0.728639
-0.452200
0.723855
-0.578767
-0.875701
0.971097
0.214143
0.876205
0.301686
-0.213737
-0.854509
-0.292353
-0.827750
-0.603605
-0.030572
-0.283290
0.083140
-0.280141
0.442700
0.129841
-0.761557
0.339974
0.591098
0.912187
0.733048
-0.399276
-0.082964
0.335717
-0.016959
-0.026860
-0.475652
-0.997949
0.858609
0.086695
-0.347635
0.372371
-0.094127
0.795227
-0.112761
0.492333
-0.838862
0.023272
0.253056
-0.789993
0.668783
-0.615964
0.805895
0.420072
-0.987196
0.893692
0.120303
-0.472020
-0.112925
0.252897
-0.355463
1.000000
0.199552
-0.883107
0.174226
-0.294536
0.599798
0.551628
0.686360
-0.238092
-0.344919
0.365231
0.201998
-0.371972
0.338876
0.345267
-0.351084
0.946241
0.107496
0.136223
-0.504134
-0.882574
-0.742672
-0.831041
-0.909303
0.333976
1.000000
-0.013673
0.063430
0.398215
-0.988628
-0.367415
0.698766
0.208094
0.146278
-0.736347
0.929886
-0.218344
-0.332280
-0.899688
-0.143730
0.710143
0.086058
0.484151
0.362659
-1.000000
-0.034887
-0.415682
0.412050
-0.814311
-0.006403
0.764200
-0.150767
0.711702
-1.000000
-0.447343
-0.633378
0.843250
-0.415249
0.694229
-0.316994
-0.298768
0.581015
-0.432676
1.000000
-0.592239
0.126231
0.641072
-0.155773
-0.544674
-0.520549
-0.029093
-0.032305
-0.363746
0.097587
0.395952
0.488924
-1.000000
-0.738661
-0.945856
-0.031795
0.338024
0.550055
-0.337498
0.898899
0.080807
0.053654
-0.730029
-0.527341
0.252358
-1.000000
-0.356835
0.466305
1.000000
-0.824917
0.099669
0.761213
-0.760426
-0.418847
-0.861576
0.411674
0.816493
-0.332333
0.729166
0.438723
-0.450458
-0.951125
0.824273
-0.546325
-0.001632
0.962838
-0.110919
0.534149
0.846229
-0.759033
0.632523
-0.542782
-0.417089
-0.965259
0.796436
0.386874
-0.029295
-0.438163
-0.142253
-0.314004
-0.098585
-0.715413
0.694502
-0.634328
0.035204
-1.000000
0.173437
-0.824974
-0.951949
0.841558
0.526923
-0.245380
0.267322
0.445106
0.263918
1.000000
0.270372
-0.193373
-0.658894
-0.007283
0.507919
0.098862
0.691970
0.350100
-0.999038
0.040946
0.389386
0.075894
0.680458
0.211165
0.083244
0.390888
0.008638
-1.000000
-0.069008
0.648933
-1.000000
0.306909
0.788479
-0.736746
-0.067451
-0.347923
0.260215
-0.614107
-0.329777
-0.467209
0.109866
-0.836551
0.949347
0.470162
-0.558974
-0.427712
-0.934003
-0.004623
-0.205931
0.672116
-0.063451
0.891286
-1.000000
-0.385387
0.074452
-0.838420
0.368007
-0.576025
-0.671680
-0.503081
-0.166788
-0.685650
0.086118
-0.055636
0.534880
-0.424617
0.201579
-0.260264
1.000000
0.587448
0.045450
0.321365
-0.858297
-0.197254
0.532443
0.626605
0.758514
-0.028860
-0.399938
-0.947862
-0.787938
-0.900164
1.000000
0.082521
-0.176093
-1.000000
-1.000000
-0.364192
-0.049576
-0.461049
0.412212
0.210871
0.280530
-0.417752
-0.781155
0.047369
0.961307
0.252493
-0.699797
-0.396956
-0.529249
-0.198186
0.171753
0.441263
0.989950
-0.190127
-0.209112
-0.066428
-0.292913
0.164919
-0.539179
0.684763
0.327822
-0.208439
0.968170
-0.750789
-0.451664
0.313230
0.410248
0.678052
0.369145
0.406487
0.874946
0.005855
0.346870
-0.821500
0.550818
-1.000000
-0.739154
0.870117
-0.616685
0.238174
-0.654432
0.491603
-0.213410
-0.973463
-0.590584
0.034919
0.708635
0.442069
0.347879
0.575528
-0.768503
-0.655304
-0.146645
-0.045271
0.438639
-0.073833
-0.870348
0.806843
-0.472646
0.744663
-0.674033
-1.000000
0.135770
-0.793126
0.342834
-0.751811
-0.793486
0.844121
-0.343870
0.167945
-0.617309
-0.496048
0.901775
-0.251980
0.242115
0.155927
0.676822
0.734492
0.060323
-0.741219
0.555814
0.178719
-0.587983
0.989099
0.272576
-0.955895
0.659760
-0.875889
-0.542064
-0.041330
-0.469229
0.742161
0.001736
-0.413146
-0.214141
0.348761
-0.240285
-0.043582
-0.043057
-0.485651
-0.314821
-1.000000
-0.317424
-0.085072
-0.241277
-0.021078
-0.164211
0.157259
0.902417
0.224580
-1.000000
0.582795
0.877388
0.861042
-0.064817
-0.713139
0.933048
-0.170557
-0.280113
0.551164
0.998834
0.181052
-0.098858
0.108378
-0.959223
0.584001
-0.928824
0.842346
0.213100
-0.498801
-0.952767
0.311250
0.972703
0.074121
-0.044396
-0.086470
0.019396
-0.356774
1.000000
-0.017728
0.676684
-0.616278
-0.741612
-1.000000
-0.309992
-0.112837
0.305354
0.392140
-1.000000
0.480903
-0.495727
0.005154
1.000000
-0.479712
0.098750
0.210314
-0.282570
-0.015827
-1.000000
-0.593663
-0.117093
0.883696
-0.129204
-0.214632
-1.000000
0.861930
-0.065702
-0.542246
-0.925403
0.267024
0.711841
-0.098287
0.216883
-0.660960
0.646616
-0.085892
0.966216
0.047066
0.655785
0.669533
-0.964447
-0.515202
1.000000
0.421404
-0.937567
0.670541
0.153267
-0.393529
-0.236465
-0.871544
-1.000000
-0.969472
-0.528252
-0.892628
0.925118
0.662771
0.311049
1.000000
-0.668355
0.494702
0.935335
0.052950
-0.028581
-0.273757
-0.296780
-0.296581
0.071344
0.146870
0.246226
-0.581344
0.803571
-0.388453
-0.044769
-0.540276
-0.818837
-0.830248
-0.299213
0.835885
-0.652430
-0.292879
0.458361
-1.000000
0.153904
0.488943
-0.417816
-0.423956
-0.388826
0.948063
0.542379
0.191684
0.981854
0.267878
-0.498082
0.490530
0.143015
0.568162
0.071240
0.416436
0.235354
0.900476
-0.330704
0.321884
-0.110098
0.165909
-0.535783
-0.280201
0.087999
0.752011
-0.341487
0.774748
-0.129343
-0.374748
0.610112
0.418236
0.194361
-0.183420
0.851861
0.138373
0.054968
-0.689247
0.157828
0.685841
-0.613335
-0.078075
0.724484
-0.729694
0.547445
0.348604
-0.765844
0.342902
-0.114908
0.405463
0.712601
0.256972
-0.531240
-0.128444
0.012094
1.000000
-0.118117
0.811193
0.337702
-0.553760
0.866536
-0.307366
-0.155246
0.696923
-0.903465
0.099590
0.082232
-0.959998
-0.462065
0.511668
-0.120296
0.622471
-1.000000
0.485144
-0.323196
-0.327365
-0.171912
0.507892
0.846755
-1.000000
0.065776
-0.044344
-0.067603
0.372572
-0.710177
0.352497
0.841539
-0.694150
-0.607997
-0.839359
-0.754353
0.302960
-0.928510
0.214604
0.021055
0.427753
-0.067586
-0.160031
0.155951
-0.108612
-0.065604
-0.306684
0.093896
0.143839
0.303185
-0.636225
-0.401833
-0.058284
-0.769784
0.015514
0.092410
-0.698536
-0.785543
0.261575
0.405468
-0.394137
0.137637
0.142784
-1.000000
-1.000000
1.000000
-0.829003
0.816875
-0.103677
-0.489753
-0.150153
0.445889
0.484170
0.696532
-0.690655
0.066589
-0.484463
-0.266978
-0.808255
-0.823122
0.070731
0.968862
-0.890936
-1.000000
-0.417690
-0.040926
-0.762765
0.772239
0.201312
0.919295
-0.591356
-0.325052
-0.435174
-0.112909
-0.153605
0.932270
0.162994
-0.279728
-0.417034
-0.520745
-0.952230
0.246045
-0.154725
0.302689
0.285989
0.562235
-0.432846
0.023619
-0.069357
-0.291228
-0.691066
0.053429
0.085283
-0.295074
0.932437
-0.863318
-0.026585
-0.137056
-0.321310
0.971239
0.989314
-0.007158
-0.540161
0.295490
0.564060
0.215132
0.389386
0.010097
-0.982755
0.577996
-0.958930
-0.200805
0.311544
0.496484
-0.323241
0.720084
0.648570
-0.247408
0.319532
1.000000
-0.974037
0.622599
-0.205864
1.000000
-0.104015
-0.669763
0.871958
-0.813142
-0.103223
-0.978510
0.290148
-0.636866
-0.272416
0.781011
0.698873
-0.039558
-0.351009
0.067445
0.357109
-0.469196
-0.751392
0.397898
0.335044
-0.376007
-0.681319
-0.199943
0.166205
0.043254
0.657601
0.219363
-0.281112
0.535457
0.007637
0.700811
0.626763
0.038755
0.255512
-0.998973
-0.901069
0.559888
0.390519
0.410735
0.414563
-0.030788
-0.278917
-0.136365
0.961453
-0.368167
1.000000
-0.007972
-0.713181
0.962909
-1.000000
0.555026
0.273724
-0.021702
0.473526
0.138033
-1.000000
-0.116051
0.198390
1.000000
1.000000
0.908162
0.021891
-0.381111
-0.839020
-0.179297
-0.335529
0.567504
0.135101
-0.514248
0.061508
-0.627501
-0.807352
-0.605184
-0.750915
-0.470946
0.150864
-0.621541
1.000000
0.262518
0.104923
0.535793
-0.824678
0.775938
-0.532010
-0.793469
-1.000000
-0.508933
-0.005005
-0.344118
-0.471660
-1.000000
-0.852819
0.393402
-0.489155
-0.438896
0.845354
0.961727
0.124069
0.982558
-0.311450
0.293384
0.735247
1.000000
-0.651150
1.000000
0.026605
0.794868
-0.770715
-0.028120
0.893921
-0.318813
0.990530
-1.000000
-0.684306
0.832759
-0.905274
-0.108422
-0.820278
0.730481
-0.899832
-1.000000
-0.264354
0.495204
-0.966322
-0.116193
0.256719
0.623335
0.049053
-0.989039
-0.541537
-0.692605
0.174241
0.136121
0.384216
0.500209
0.350129
-0.776347
-0.796094
0.584457
-0.892984
-0.097511
0.961375
0.051460
-0.319262
-0.333246
0.208161
1.000000
-0.152016
0.261051
-0.981776
0.062710
1.000000
-0.949556
0.923541
-0.264723
-0.864867
-0.941793
0.254748
0.930664
-0.366464
-0.449818
0.926417
0.228635
0.274796
-0.125982
0.488850
-0.755191
0.808108
0.016536
-0.145696
-0.172088
0.315769
-0.587121
-0.039731
-0.323853
0.148238
-0.415556
0.031606
-1.000000
-0.602125
-0.921156
0.884070
0.242764
-0.760846
0.236621
1.000000
0.668126
0.429394
-0.871834
-0.834744
1.000000
0.181007
-0.901256
0.462115
-0.016981
0.324561
0.406539
-0.318135
-1.000000
0.360673
0.553138
-0.487776
0.296761
0.222797
0.181441
-0.907053
-0.972440
-0.690383
-0.372002
0.882640
1.000000
0.294378
-0.131970
0.993704
0.272164
0.086498
-0.561081
-0.701537
0.167593
-1.000000
-0.806786
-0.903966
0.344191
-1.000000
0.356055
0.615909
0.220002
0.953562
-0.516474
-0.002898
-0.762397
0.987717
0.648168
0.066433
0.367886
-0.916337
-0.724983
-0.370324
-0.273905
0.662983
0.086647
-1.000000
-0.227555
-0.299042
-0.436928
0.319693
-0.819628
0.876351
-0.249559
0.871570
0.213181
-0.641442
0.109508
-0.280141
0.626414
0.571461
0.329228
-0.628552
0.396573
0.703999
-0.573725
0.894561
-0.692181
-0.688184
-0.322926
0.474205
0.813514
0.088188
0.701552
-0.903866
-0.902909
0.123310
0.315440
-0.988855
-0.704342
0.771980
0.290635
0.128917
0.403827
0.967009
0.986207
0.294873
0.603723
0.987865
0.211009
0.553229
0.794379
0.025035
-0.636941
-0.209441
-0.450019
0.772140
0.128669
0.609420
-0.887784
1.000000
0.608690
0.804186
-0.406455
0.827538
-0.403690
0.055076
-0.903399
-1.000000
0.134834
0.869688
0.019502
0.104217
0.168721
0.339263
-0.808325
-0.793450
0.965590
-1.000000
0.378551
0.873990
0.767229
0.566932
0.632013
-0.559813
0.190656
-0.941324
0.705178
0.608707
-0.029297
0.192333
-1.000000
0.156025
-0.962279
-0.163971
-0.590028
-0.601442
0.689515
-0.334025
-0.583720
0.809031
0.662943
1.000000
-0.873403
-0.955010
0.007002
-0.720863
1.000000
0.716078
-0.796231
0.257293
0.583666
-0.266301
-0.456948
0.552582
0.076397
-0.542696
0.282612
-0.998023
-0.194091
0.150138
0.193990
-0.488732
-0.745921
0.740164
0.825732
0.048809
0.019857
-0.073929
-0.308927
0.973014
-0.430435
1.000000
-0.739725
-0.103182
-0.024600
-0.942799
-0.948902
1.000000
0.041526
-0.099824
-0.470143
-0.758739
0.604470
-0.173019
-1.000000
-0.595307
0.448488
-0.578809
0.885704
-0.670971
0.233790
1.000000
-0.221021
0.218754
-0.576763
0.323961
-0.985918
-0.821623
0.169165
0.206041
0.522061
0.628644
-0.067439
0.278706
0.341348
-0.361635
0.747302
-0.358143
0.107517
-0.590599
-0.296778
0.832950
-0.133375
0.031533
-0.069189
-0.012659
-0.417642
0.477040
-0.638118
0.605785
0.031819
0.174615
0.283655
-0.621072
0.528129
-1.000000
-0.168910
0.896370
0.117660
-0.918011
-0.436583
-0.176566
-0.518414
-0.788349
0.004758
0.698520
0.356008
-0.867184
0.228039
-0.347727
-0.906541
-0.838942
-0.548174
1.000000
0.199203
-0.793045
0.017260
0.489631
-0.068568
0.205997
0.537155
-0.517818
-0.333402
0.489275
-0.941429
-0.073520
-0.572193
-0.872717
-0.043391
-0.106045
0.214213
-0.306052
0.122853
0.987295
0.359552
0.512822
0.677144
0.515453
-0.815193
-0.516523
0.821962
-0.033496
-0.356034
-0.213691
-0.536669
-0.149101
-0.165259
1.000000
0.885773
0.737250
-0.729742
1.000000
0.864277
-0.114251
-0.309477
0.253776
-0.023352
0.198533
0.872988
0.042090
-0.890038
0.658131
-0.022437
0.105157
-0.211390
-0.997148
-0.804708
0.971236
-0.019003
0.349705
-0.553972
0.802069
-0.642719
0.473069
0.360439
0.753845
-0.290188
-0.178107
-0.829998
-0.120513
-0.349522
0.156204
-0.079669
-0.318471
-0.140644
-0.162601
-1.000000
-0.132334
-0.051101
0.519796
-0.968976
-0.267071
-0.359009
0.300066
0.165352
-0.236932
0.063829
-0.389244
-0.823442
-0.977712
-0.635924
0.427436
0.652433
-0.938631
-1.000000
0.292900
0.288453
-0.418096
0.884345
0.632686
-0.226324
0.741098
0.624065
-0.566537
0.406472
-0.544221
0.554247
-0.460270
0.927038
0.161069
-0.205550
-0.297442
0.729815
-0.625486
0.722209
-0.080917
-0.176967
0.290766
-0.336292
-0.248380
0.153526
0.191547
-0.754307
0.340315
-0.964138
0.789676
-0.485045
-0.175909
-0.909626
-0.232974
-0.286918
-0.815280
-0.934226
0.795941
-0.704695
0.258698
0.334529
0.418427
0.330218
-0.853648
0.179237
0.276005
-0.934384
0.355960
0.633744
0.159625
-0.895888
-0.711217
-0.968899
0.189337
0.798380
-0.645724
0.157155
0.715826
-0.045341
0.315606
0.340084
0.558813
-0.212030
0.838222
0.679662
0.271247
0.943226
0.956687
-0.094936
-0.619247
0.250042
0.604576
-0.907937
-0.048464
-0.383584
-0.806182
-0.907527
-0.411341
-0.640033
0.065182
0.593313
0.154105
-0.293517
0.942833
0.048724
0.135025
-0.322997
0.780550
1.000000
0.252782
0.085974
-0.918073
0.916821
0.671714
-0.874575
-0.849185
0.705556
0.718764
-0.300518
-0.382093
0.189210
-0.463089
-0.866529
0.917610
-0.544242
0.976719
-0.466064
-0.055216
0.530035
-0.728082
1.000000
0.230196
0.345665
0.249797
-0.722381
-0.233691
0.451719
0.417235
-0.281541
-0.740090
0.842451
0.232266
-0.130138
-0.046558
-0.265269
-0.199884
-0.034079
0.162413
0.549056
-0.226159
0.290222
-0.051932
-1.000000
0.186023
0.353618
0.397132
-0.810658
-0.967744
-0.273590
0.359271
0.911068
0.451305
-0.533320
0.729149
0.045391
0.072360
0.760803
0.165635
-0.719039
0.551993
0.792308
-0.077429
-0.564083
0.302264
1.000000
0.577080
-0.286947
-0.580135
-0.156765
-0.723491
0.124027
-0.784735
0.347628
-0.223988
0.351611
-0.027806
-0.301422
-0.507241
0.059529
-0.651670
0.966145
-0.579428
-0.420523
0.679099
-0.725915
-0.498454
0.342850
-0.032466
0.925147
0.474973
0.728866
1.000000
-1.000000
0.638751
-1.000000
0.795394
0.520604
0.920059
-0.507175
-0.420553
-0.321751
0.319484
0.167565
0.385725
-0.878608
0.302359
0.122292
-0.599453
0.224583
-0.473972
0.212032
0.193624
-0.020905
-0.008632
-0.290698
0.017627
0.498715
0.753312
-0.928841
0.954582
0.448470
0.896825
0.698778
-0.620972
0.066683
-0.355440
-0.843292
-0.649644
0.228078
0.404796
-1.000000
0.503126
0.340218
0.198102
0.333894
-0.047910
-0.055305
-0.468988
0.071632
-0.651090
0.818613
-0.422594
0.555592
-0.887509
-0.412895
0.096457
-0.238553
-0.062105
-0.240036
0.875646
0.008613
0.143368
0.118144
-0.868986
0.863500
0.968852
-0.013119
-0.822814
1.000000
-0.736329
-0.138466
0.809352
-0.856410
-0.598932
-0.017132
-0.740586
0.701587
0.718625
0.652832
0.729971
0.250021
-0.344095
-0.312897
0.422214
-0.863198
0.997691
-0.159191
0.476917
0.245425
0.366765
0.281186
0.798243
0.713831
0.815065
0.202169
-0.174832
0.122535
-0.476962
-0.885252
0.035284
0.111420
0.858770
-0.628381
0.258512
0.935876
-0.921201
-0.343231
0.809024
0.277936
0.503409
0.545467
0.719166
0.139510
0.434439
0.578576
-0.484541
-0.013130
-0.154508
0.769504
1.000000
-0.142242
-0.705329
0.967583
-0.613273
-0.815124
-0.139453
-1.000000
-0.220310
-0.058760
-0.870376
-0.867942
0.892796
-0.523886
-0.931282
-0.903067
-0.412784
0.438849
1.000000
0.574445
-0.541639
1.000000
-0.627676
0.086682
-0.336633
1.000000
-0.362747
-0.192740
0.672850
0.485685
-0.048485
-0.283361
-0.324971
0.813630
-0.327686
0.302881
1.000000
0.004466
0.493986
-0.610886
-0.918226
-0.006406
0.169587
0.235567
0.411351
0.564711
-0.797619
0.228507
0.582045
-0.856588
-0.124262
-0.806216
0.343126
0.102512
0.427643
-0.085667
-0.161723
0.542677
-0.849371
-0.717793
0.408965
-0.151257
-0.829994
-0.526839
-0.332401
-0.454234
0.595424
-0.070883
-0.150243
-0.092988
-0.355962
0.945494
0.436174
0.456266
0.196395
0.594260
-0.113790
-0.870667
0.612632
-0.930856
-0.272705
0.845948
0.268612
1.000000
0.591273
-0.259639
0.006697
0.036767
0.837757
0.684881
-0.092924
-0.775249
-0.788439
-0.633465
-0.445853
-0.032106
-1.000000
0.968255
-0.229328
0.700451
-0.140959
0.308936
-0.639020
-0.353314
0.717813
0.821746
0.314885
-0.280232
0.053157
-0.043441
-0.402029
-0.650839
-0.827802
-0.912190
-0.197016
-0.380758
0.302983
-0.435762
-0.244620
0.043190
0.764000
-0.356389
-0.728931
0.355989
0.116276
0.058175
-0.355848
-0.894327
-0.260228
-0.179181
0.024631
0.886126
1.000000
-0.668450
-0.521037
0.955967
-0.966480
1.000000
-0.108953
0.901053
0.370372
-0.749578
0.242100
-0.015404
-0.425956
-0.606148
-0.321627
-1.000000
-0.060477
-0.710886
-0.276365
0.597763
-0.145664
-1.000000
-0.912400
-0.511727
-0.973521
0.345126
0.837323
-0.229699
0.636487
-0.655214
-0.175154
-0.301062
-0.655564
0.843078
-0.771849
0.284117
0.219826
0.960767
0.192280
0.041684
0.178840
-0.766683
0.012278
-0.543481
-0.350675
0.981738
-0.782765
-0.105244
0.712076
-0.002128
0.562406
0.967724
-1.000000
-0.474193
-0.674671
-0.414043
-0.771982
0.055690
-0.517503
0.172299
-0.784044
1.000000
0.137291
0.134683
-0.692609
-0.184847
-0.412229
0.949982
-0.849207
-0.612059
-0.480094
-0.893695
0.254293
-0.561781
0.794755
0.944222
-0.668683
0.812086
0.937401
-0.225692
0.953582
0.128207
-0.935894
0.807924
0.891436
0.647534
-0.347457
0.748345
-0.001543
0.408180
-0.549527
0.573213
0.424024
-0.509117
-0.483904
-1.000000
0.402222
0.014651
-0.299395
-0.237629
-0.197644
0.478058
0.139838
0.715595
0.336160
0.343759
0.391251
0.032906
0.506325
-1.000000
0.466435
0.918745
-0.052086
-0.378908
-0.173066
0.400564
-0.363116
0.078857
-0.043234
0.744269
0.553085
-0.086394
0.851803
0.350079
-0.965090
-0.874554
-0.601546
0.655111
0.488675
0.337185
1.000000
-0.986623
0.925357
-0.418781
-0.482993
-0.089821
-0.572767
0.773566
-0.067572
-0.093661
-0.069998
1.000000
-0.647900
0.564173
0.245668
-0.494819
0.654882
0.449461
-0.211525
-0.002943
0.087200
-0.046777
0.132568
0.622598
0.955304
-0.220399
0.504181
0.147507
-0.365090
-0.750838
-1.000000
0.300533
0.544932
0.132102
-0.177152
0.434781
-0.652373
-0.070039
-0.141460
0.156033
-0.716835
0.931034
-0.239557
-0.045527
0.159290
-1.000000
-0.357987
-0.298416
0.990303
0.293582
-0.331381
0.397582
0.866402
-0.227837
-0.259483
-0.865307
-1.000000
-0.246544
-0.529694
-0.017695
-0.029778
0.736378
-0.864094
0.078749
-0.489911
-0.228014
-0.276758
-0.827928
0.651608
0.241190
0.430963
0.651098
0.771348
0.635714
-0.451102
0.330360
0.742939
-0.244903
-0.432992
0.124366
0.696784
-0.320284
-0.115764
0.566796
0.929480
-0.030896
-0.067163
-0.796584
-0.519223
0.857973
0.674761
0.126240
0.958081
0.669821
0.735388
0.070426
-0.414402
1.000000
0.510852
0.461218
0.395999
1.000000
0.103033
-1.000000
-0.021567
0.203874
-0.589545
0.236796
0.051886
-0.570146
0.630706
-0.254338
-0.118914
0.958093
0.800660
0.166030
-0.209905
-0.638024
0.218995
-0.042587
0.470936
0.649246
-0.295295
0.488762
0.020866
-1.000000
0.775177
0.472953
-0.321317
0.317935
0.938183
0.497381
-0.119176
0.112695
0.326880
0.289179
-0.215688
0.872957
-0.719215
0.365324
-0.920534
-0.981524
-0.215374
0.285078
0.977001
-0.719438
-0.661331
-0.298096
-1.000000
-0.903950
-0.645581
1.000000
-0.056618
0.469227
0.841938
0.316317
-1.000000
-0.095828
-0.888458
-0.041074
0.691100
0.111900
-0.289532
0.902325
-0.139867
-0.797441
-0.781891
-0.512808
-0.397040
-0.525093
0.722542
0.489344
0.988546
0.315447
-0.667260
-0.934188
-0.011942
0.616054
0.341217
0.921036
-0.088767
-0.771864
-0.067217
0.443291
0.555094
0.005025
-0.445812
0.374139
-0.924260
0.375363
-0.917493
0.156089
-0.357657
0.745664
0.234319
-0.225621
0.089853
-0.435188
0.279278
0.367312
-0.408620
0.243501
0.170793
-1.000000
-0.110244
0.485465
0.902637
-0.399004
-0.670269
-0.873945
-0.162839
0.411926
-1.000000
0.947612
0.361901
-0.903267
-1.000000
0.522299
0.190743
-0.001978
0.588221
0.815562
-0.181027
0.454082
-0.561815
0.122822
0.637102
0.559223
0.307444
0.596718
-0.196605
0.177247
-0.136994
-0.696868
1.000000
-0.518292
-0.725381
0.714609
-0.074324
0.776478
0.879447
-0.170983
-0.534816
0.246179
0.179125
-1.000000
-0.157536
-0.161589
-0.309172
-0.678398
-0.461833
0.124177
0.927505
1.000000
0.744566
-0.133943
0.413810
-0.723853
0.544997
0.290515
0.582704
-0.217184
0.719730
-0.563100
0.830829
0.249143
0.515232
0.084945
0.090076
-1.000000
0.249392
-0.825661
-0.172172
-0.427529
-0.247095
0.559078
0.130672
-0.083385
-0.095600
-0.592878
-0.904365
0.094951
-0.401209
0.797990
-0.219402
-0.545652
1.000000
0.195573
-0.551474
0.167348
0.218666
0.005716
-0.007424
0.847785
-0.875643
-0.596767
-0.080119
-0.035845
-0.285471
-0.282351
-0.843452
0.964873
-0.566655
0.218344
0.297039
0.793861
0.974818
-1.000000
0.657829
0.447407
-0.142351
0.567593
1.000000
-0.338445
-0.073847
-0.369007
-0.329252
-0.224449
0.581710
-0.685563
-0.531757
0.021432
-0.171043
0.379342
1.000000
-0.242490
0.700915
-0.583414
-0.449232
-0.342932
-0.114994
-0.210001
0.425611
-0.175100
-0.922116
1.000000
-0.665290
0.175009
0.856714
0.619099
1.000000
-0.749661
-0.534781
0.746981
-0.038948
0.987934
-0.915253
0.138505
-1.000000
-0.487700
0.566092
-0.526058
-0.377315
-0.560407
0.087598
-0.717494
0.970266
0.092199
0.553219
0.347312
0.412704
0.264396
-0.403338
-0.227726
-0.246826
-0.187048
0.593278
0.505469
-0.963793
-0.062254
-0.325449
-0.335061
-0.388970
-0.069873
0.642968
-0.605145
0.127288
-0.774705
0.929407
0.767151
0.675288
0.340695
0.428288
0.861876
0.540098
0.716202
-0.990003
0.854506
0.806443
-1.000000
0.823311
0.463952
0.126093
0.469909
-0.020332
0.627827
-0.685749
-0.331701
-0.555903
0.293419
0.237657
0.911763
0.273514
0.797981
0.342002
-0.203476
0.322664
1.000000
-0.191006
-0.721086
-0.087681
0.886575
-0.190145
-0.543040
-0.729068
0.534706
-0.634845
-0.061291
0.334726
-0.717740
0.219939
0.272827
0.599028
-0.817143
-0.489532
0.066087
-0.371082
0.344110
-0.513583
-0.876104
0.237462
1.000000
0.707664
-0.183808
0.429720
0.004909
-0.370745
-0.165895
0.828633
0.711283
0.954105
-0.216517
-0.278318
0.780169
-0.280281
0.082524
0.920986
0.353030
-0.173554
0.720429
-0.108457
0.044922
0.599763
-0.086922
-0.920681
0.028259
-0.384268
-0.924839
-0.177240
0.104109
0.425786
0.170542
-0.084179
-0.580028
0.263882
0.965550
-1.000000
0.343219
-0.739499
0.835442
0.556869
0.305864
-0.862024
0.685169
-0.494039
-1.000000
-0.157796
-1.000000
-0.260505
0.809264
-0.611329
-0.289964
-0.844058
0.331591
0.355591
1.000000
-0.083889
-0.529895
0.606742
0.282535
0.416053
-0.883944
-0.989594
-0.503203
0.322426
-0.383318
0.285818
0.025883
-0.545364
0.214996
-0.314602
0.492510
0.057516
-0.721399
0.597479
-0.880552
-0.788758
-0.092130
0.527375
0.059258
0.120699
0.017118
0.415983
0.712224
0.153878
-0.213360
0.736629
0.085319
-0.278546
0.102058
0.827614
-0.506462
0.900613
0.785581
0.830600
0.322520
0.754719
-1.000000
0.768307
0.953290
0.036650
-0.673211
0.086603
0.164822
-0.591448
-0.754401
-0.119417
-0.734584
0.175591
-0.260443
0.427972
-0.113867
-0.890618
0.556414
-0.149055
0.582102
-0.496370
0.969826
-0.775196
1.000000
-0.266206
0.668845
-0.535204
-0.225741
0.968987
-0.348015
0.729221
0.929030
0.724479
0.984819
0.808280
-0.789206
-0.750469
-0.546984
0.291720
-0.355876
-0.314837
-0.101326
-0.404387
0.938935
0.340237
0.213209
-0.646410
-0.821811
0.353951
-0.112625
-0.831264
0.501558
0.676967
-0.755252
-0.574500
-0.930903
-0.636407
-0.083066
0.026379
-0.529051
-0.239691
0.806980
0.485512
0.682424
-0.418009
-0.838966
-0.510432
-1.000000
-0.841953
0.320278
-1.000000
-0.360033
-0.629855
0.105068
-0.948947
-0.127184
-0.725889
-0.166681
0.440141
0.013157
0.823160
-0.982132
-0.428311
-0.771464
0.146113
0.155734
-0.444868
-0.221812
-0.874376
-0.183020
-0.260688
-0.201652
-0.032449
-0.176357
-0.779188
-0.412833
0.397179
0.263842
0.617837
-0.719307
1.000000
-0.941905
-1.000000
-0.794939
0.194528
-0.813820
-0.619666
0.895448
0.259411
1.000000
0.339109
0.449462
-0.472145
-0.383745
-0.916810
-0.545546
0.864593
0.622101
0.040139
0.827991
0.398527
-0.204057
-0.008961
0.930463
-0.451197
0.801155
0.367127
-0.342554
0.291264
0.276890
-1.000000
0.563981
-0.634827
-0.484409
-0.274763
0.235777
-0.158308
0.205345
0.147290
-0.741987
0.795069
-0.733357
-0.782224
-0.892392
-0.760598
-0.600962
-1.000000
0.144842
0.652331
0.896272
0.746787
0.144607
0.020983
0.270081
-0.172188
-0.042931
0.983844
-0.962337
0.954017
-0.904662
-0.944280
0.395554
0.174398
-0.323655
-0.444131
-0.427516
0.579045
0.536279
0.564158
-0.103888
0.230622
0.725831
-0.078785
0.086558
0.609224
0.948438
-0.430007
0.612394
0.304100
-0.349447
-0.396627
-0.683995
-0.795990
-0.506210
0.853653
0.029080
0.684278
-0.937091
0.192101
0.471823
-0.284530
-0.050066
0.615320
-0.633356
-0.408720
-0.003980
0.370730
-0.200164
-0.078982
-0.046551
0.042512
-0.535748
-0.407464
0.283190
0.066608
0.209408
1.000000
-1.000000
0.193159
0.062848
0.240000
-0.884438
0.023544
-0.097832
-0.220534
-0.942129
0.228711
-0.335475
0.548900
-0.807961
0.325798
-0.417707
0.852533
-0.449573
0.295152
-0.150391
-0.866599
-0.168317
-0.376073
0.016577
0.209259
-0.836896
-0.542305
-0.089751
0.412838
-1.000000
-0.435239
0.732571
-0.346724
-0.507831
0.206323
-0.202059
-0.093185
-0.999478
0.412112
-0.582870
0.513879
0.138494
0.507432
-0.208280
-0.479429
0.236532
0.841434
0.751588
-0.258500
-0.385723
-0.376109
-1.000000
0.154538
-0.637607
0.853404
-0.133186
-0.395846
0.865206
0.080767
-0.985656
-0.266979
-0.715441
0.159778
-0.605316
-0.114911
-0.397539
0.468258
-0.065013
0.243982
-0.780790
-0.098969
0.288327
0.889905
0.852291
0.744382
-0.958108
0.135826
-0.211357
-0.364090
0.388187
-0.387376
-0.691211
0.319018
0.062861
0.614855
-0.398577
0.963921
0.220185
-0.338215
-0.996315
0.721685
-0.108065
0.703807
0.686524
0.302843
-0.265578
0.743099
-0.115581
0.319477
0.838815
0.733950
0.243245
0.526277
0.633454
-0.253841
0.519608
-0.167455
1.000000
-0.500748
0.306125
-0.093460
0.203662
0.129237
-0.466711
0.378626
0.291096
0.427804
0.381923
0.209622
-0.642314
-0.734778
0.035020
-0.000152
-0.323638
0.346203
-0.539526
-1.000000
0.080289
0.025817
0.168916
1.000000
0.558668
0.516908
0.425746
-0.171064
0.581238
-0.539958
-0.725307
-1.000000
-0.138630
1.000000
0.286829
-0.223738
0.426477
0.123237
-0.602140
-0.249118
0.573217
-0.545537
0.221203
-0.858315
-1.000000
0.416062
-0.728667
1.000000
-0.293601
-0.747743
1.000000
-0.002804
0.829923
-0.275620
-0.050244
0.397847
1.000000
0.555758
-0.887478
0.282461
0.219965
0.039149
-0.724181
0.259142
0.799764
-0.241923
0.210000
1.000000
-0.059438
0.368943
-0.319830
0.763655
-0.191685
-0.821299
-0.675543
0.849362
0.001825
-0.223881
-0.313826
0.888532
-0.297948
0.231027
-0.450557
0.725248
-0.040309
-0.656535
-0.276767
0.523030
0.327273
-0.863948
-0.673591
-0.414978
-0.923234
0.719688
-0.162675
0.011029
0.631276
0.951457
-0.031000
-0.503464
0.602991
-0.103808
0.102913
0.569536
-0.885222
0.569381
0.466858
1.000000
0.568696
-0.695590
0.471310
0.772745
-0.821377
1.000000
-0.057439
-0.581899
0.889324
0.916413
0.472819
0.196917
-0.842407
-0.253233
-0.799903
-0.747920
0.955712
0.833805
0.174938
-0.427465
0.549853
-0.698633
0.565179
-0.391934
-0.607739
-0.913512
0.347938
0.589976
-0.520811
0.658995
0.134315
-0.745117
0.658311
0.339345
0.174544
0.574321
0.043555
0.110424
0.632645
-0.692773
-0.499457
-0.544351
0.671347
-0.318481
0.102393
-1.000000
0.961954
0.151454
-0.349182
-0.771120
0.104016
-0.700257
0.971783
-0.838727
-0.738406
-0.978694
1.000000
-0.188163
-0.790168
-0.928226
-0.801799
0.736747
0.902650
0.853880
0.544097
0.658218
0.521147
-0.799498
0.719616
0.498227
0.771326
-0.061631
0.636699
0.314964
-0.736815
0.097943
-0.053643
0.392975
0.491894
-0.845769
-0.597779
0.893658
0.093603
0.626595
0.152758
0.545169
-0.659642
0.894732
-0.568792
0.567887
0.711538
-0.271818
0.622323
0.748974
0.848931
0.217038
-0.718248
-0.407564
-0.389677
0.419137
-0.292812
0.944287
0.736489
0.128748
0.197028
0.094704
0.926979
-0.046646
-0.651912
-0.320774
0.443443
-0.011588
-0.873343
1.000000
-0.279823
-0.988845
0.825381
-1.000000
-0.953955
-0.336074
0.289106
-0.739742
0.044272
-0.636633
-0.123744
-0.100160
1.000000
-1.000000
-0.536209
0.779869
0.113519
-0.083112
-0.343807
0.977624
-0.029369
-0.948666
0.151554
-0.774547
-0.095495
0.323356
0.068575
0.598655
-0.731863
0.110703
-0.688127
0.735300
-0.490454
0.727422
0.666985
-0.108598
-0.205407
-0.210987
-0.272627
-0.620957
0.958298
0.731134
-0.044277
0.357688
-0.862732
0.656378
-0.145089
0.574696
-0.199378
-0.614586
0.006735
0.450602
0.461811
0.142324
-0.137119
-0.496295
-0.257284
0.247393
-1.000000
-0.855305
0.587917
-0.810452
-0.158160
-0.371039
-0.922003
-0.742859
0.170364
0.913129
-0.792146
0.410341
-0.027022
0.496450
0.854164
0.222669
-0.216082
0.021832
0.013112
-0.204208
-0.156351
-1.000000
0.990106
0.198406
-0.364845
-0.438499
0.514454
0.147287
-0.473137
0.364572
0.660867
0.969263
0.165037
0.464522
0.036085
0.813333
-0.068204
1.000000
0.361104
0.044348
0.345381
-0.433375
0.267022
0.509300
0.485599
0.947295
-0.630442
-0.341659
0.825420
0.158597
-0.197086
-0.395078
-0.409588
-0.191388
-0.354737
-0.720086
0.791420
0.176703
-0.052094
-0.274936
-0.433513
0.104438
0.073290
-0.248028
-0.383442
0.541210
-0.870521
-0.839870
0.909220
-0.906307
-0.206297
0.140416
0.276439
-0.584693
0.684182
0.043944
0.744605
-0.934953
-0.677484
1.000000
-0.696628
-0.128201
0.366322
0.914461
0.320235
0.770382
0.384579
0.063200
0.881402
0.536018
1.000000
-0.789981
0.125073
-0.723553
0.733931
-0.110778
-0.659195
-0.217338
-0.246240
0.159936
-0.419648
0.234167
-0.096403
0.158937
0.971489
0.328562
0.021650
0.763757
0.879315
0.565542
0.354494
-0.379634
0.434757
-0.797366
-0.034527
-0.648219
-0.642345
1.000000
0.325175
-0.182373
-0.426641
0.685984
-0.331881
-0.990987
1.000000
-0.918008
0.381791
0.006604
-0.159700
-0.180726
0.331100
-0.850977
-0.419296
-0.184512
-0.176566
-0.666503
-0.932477
-0.099844
-0.425323
-0.529031
-0.961664
0.156129
0.440723
-0.137705
0.202666
0.758806
0.142514
0.975885
0.303397
-0.632970
-0.680270
-0.646521
0.147381
0.320421
0.949559
-0.164356
-0.213765
0.159250
-0.294617
-0.997469
-0.560362
-0.445893
-0.901705
0.649698
-0.769951
0.751441
0.633273
0.479091
-0.260487
0.061720
0.095510
-0.299277
-0.614206
-0.611382
-0.137997
-0.529376
0.886923
0.935072
0.254369
0.414033
0.250725
-0.929380
-0.444681
-0.742309
0.530687
-0.517764
0.497499
0.138661
-0.160789
0.635956
0.704312
0.022328
0.765763
-1.000000
0.862121
-0.024303
-1.000000
0.865740
-0.706623
0.269860
-0.097165
-0.136959
0.307630
0.077127
0.054240
0.173742
0.899446
-0.382357
0.818149
0.914629
0.246279
-0.366685
-0.406894
1.000000
0.531885
-0.491826
-0.342440
-0.006837
0.921068
-0.902461
0.466191
0.817214
-0.707020
0.271781
-0.820047
0.772471
0.872848
-0.070734
-0.621235
-0.146655
0.072747
0.408013
0.279445
0.224026
0.875888
0.166470
0.276096
-0.856465
0.910605
0.983119
-1.000000
-0.263468
-0.665581
-0.227966
-0.615710
-0.338861
-0.261505
0.450682
-0.915618
1.000000
0.479879
-1.000000
0.101807
0.234341
0.873303
0.569615
0.311760
-0.220933
0.818138
0.548960
-0.823527
0.744102
0.066821
0.506394
0.694432
-0.988635
0.149603
0.566676
0.436601
0.550096
0.167939
0.112512
-0.306868
0.492735
-0.519285
-0.760197
0.417385
0.338804
-1.000000
-0.149053
0.348244
-0.157738
0.711724
0.310915
-0.018285
-0.552855
-0.689140
0.232451
0.197122
-0.413738
0.477342
0.707983
0.699251
-0.115401
-0.171300
0.064493
0.741561
1.000000
-0.399188
0.587937
-0.613153
-0.361059
-0.022577
-0.627307
0.471324
1.000000
-0.572748
-0.020913
-0.603868
0.937503
0.744349
-0.450603
-0.522258
-0.353174
-0.012630
-0.880905
-0.255305
0.670454
0.788484
-0.256995
0.063667
-0.331523
0.802126
0.533758
-0.432347
0.257184
-0.450639
-0.370974
-0.260850
-0.359482
-0.787344
0.662233
-1.000000
-0.009004
-0.053624
1.000000
-0.903237
0.721393
0.773419
-0.224380
1.000000
-0.371358
0.756346
0.758445
-0.114676
-0.748257
-0.185901
-0.779989
-0.758468
0.284111
0.261233
0.894131
0.089672
-0.785821
-0.431959
-0.444491
-0.531493
-0.608824
0.684914
-0.238867
0.292734
-0.130677
-0.228069
-0.569030
-0.798361
-0.120429
0.227561
0.892631
0.353240
0.931371
-0.146404
-0.070508
1.000000
0.783874
-0.476687
-0.549420
-0.681189
0.633022
-0.648586
-0.407434
-0.234940
-0.260455
0.701014
-0.781670
-0.708851
-0.047262
-0.239703
-0.264693
0.749088
0.370227
-0.204301
0.211238
-0.670540
-0.097663
0.014291
-0.851900
-0.876677
-0.614077
0.841481
-0.507929
-0.390454
0.296264
0.957627
0.658201
-0.808807
0.069707
-0.353235
0.179376
-0.585741
0.236972
-0.298397
-0.081316
0.280564
0.474815
0.720153
-0.884133
-0.369723
-0.385603
-1.000000
-0.236351
0.606219
-0.467953
-0.716229
0.501728
0.764882
0.376302
0.872046
-0.109441
-0.148870
1.000000
0.526256
-0.479142
0.481312
-0.823582
0.960691
0.087878
-0.076182
-0.420324
0.186308
-0.520000
0.467284
0.015819
-0.095343
0.076921
-0.855407
0.376447
-0.686799
0.318993
0.169415
0.545911
0.384175
0.833864
-0.847628
-0.859523
0.109313
0.720404
-0.399144
-0.659368
-0.154717
-0.739915
0.532830
-0.250539
0.078418
0.753957
-0.749508
0.278077
0.141453
0.242266
0.443252
-0.944110
0.412618
1.000000
0.748761
0.884973
0.575118
0.892101
0.560436
-0.145211
-0.535468
-0.128836
0.687894
-0.292650
-0.306428
0.710639
-0.595914
-0.007743
0.251673
-0.795837
0.844992
-0.754347
-0.295160
0.866654
-0.531734
1.000000
0.492881
0.238762
0.929735
0.121660
-0.661933
-0.792264
-0.534575
-0.881475
0.024767
-1.000000
0.233378
-0.939349
0.035608
-0.954632
0.269375
0.629019
-0.307444
-0.436345
0.661969
-0.425591
-0.057035
-0.925841
0.202303
-0.422887
-0.306984
0.378580
0.212880
-0.465138
0.181233
0.345058
1.000000
0.591092
0.325150
0.540996
-0.927835
0.330443
0.748888
0.082020
-0.351796
-0.300013
0.085827
0.081111
0.878501
-0.493736
-0.299615
-0.168553
-0.208815
0.595863
-0.289389
-0.473149
-1.000000
0.837783
-0.631241
1.000000
-0.016763
-0.842938
0.876249
0.395082
-0.191446
0.373100
-0.568317
0.986001
0.246320
-0.528886
-0.396992
-0.453298
0.221140
0.243846
-0.652943
0.181120
0.209250
0.001366
-0.166941
0.532067
-0.318619
-0.585279
-0.719559
0.214221
-0.353859
0.748208
-0.775613
-0.609329
0.577947
-0.226905
0.280802
-0.326699
0.269827
-0.922088
0.291118
0.282715
-0.408781
-0.956618
-1.000000
0.876644
0.975731
0.056172
0.895963
0.253273
-0.198118
-0.524925
0.202340
0.532272
-0.274279
-0.155560
-0.668646
-1.000000
-0.278801
-0.470861
-0.203111
-0.708712
-0.991688
-0.557027
1.000000
-0.798142
0.921003
0.144245
0.286593
-0.718673
-0.347607
0.232742
-0.088829
-0.344179
-0.045669
0.583552
-0.019898
-0.397694
-0.644726
-0.889468
-0.069338
-0.871687
0.848147
-0.193249
0.379172
0.406704
0.123343
0.846092
0.426567
-0.027592
-0.099414
0.099634
0.201721
0.977885
0.297517
0.343366
-0.203790
-0.467838
-0.538013
0.265611
0.111966
-0.657435
-0.807003
0.402640
-0.870144
-0.665269
0.123144
0.907805
0.510374
-0.735968
0.231710
1.000000
0.624270
-0.032248
-0.943905
0.897832
0.839441
-0.208610
-0.065141
0.282036
-0.055287
-0.309055
-0.448059
0.561585
-1.000000
-0.302136
-0.832995
0.168556
-0.266821
-0.743476
-0.814381
0.832301
0.280011
0.266563
-0.522091
-0.151168
0.460339
-0.869513
0.299439
-0.302497
0.558311
0.655565
0.087840
1.000000
-0.731102
0.401476
-0.689857
-0.975214
-1.000000
-1.000000
-0.144555
-0.380457
-0.486517
-1.000000
-0.582926
-0.121758
0.596671
0.438720
-0.167214
-0.018699
0.858285
-0.745495
-0.446631
-0.084728
-0.928303
0.440058
-0.578876
0.460626
0.344492
-0.959522
-0.532526
-0.712594
0.674845
0.744715
-0.906551
-0.295795
-0.172809
0.542386
-0.633073
-0.826370
-0.115245
-0.721083
0.266647
-0.383846
0.189418
-1.000000
0.904645
-0.113326
0.543902
-1.000000
-0.873836
-0.856535
0.713287
-0.847107
0.456887
0.007442
-0.029344
-0.766799
0.586100
0.535461
0.131546
0.445188
-0.854740
-0.401242
-1.000000
-1.000000
0.276023
0.308130
0.742390
0.008006
-0.198084
0.604157
0.327109
0.242267
-0.651409
-0.145811
-0.923977
0.252769
1.000000
0.016052
-0.585694
-0.358624
0.649876
-0.861580
0.065931
-0.566672
0.418789
-0.208733
0.184845
-0.363300
0.855184
0.746380
-0.021426
0.474372
0.405377
0.747120
0.452036
-0.885161
-0.139796
-0.873098
-0.869364
0.787977
-0.583167
1.000000
0.126664
-0.992790
-0.179617
-1.000000
0.551286
0.324442
-0.425144
-0.333583
0.061436
-0.371963
0.693841
-0.654214
-0.220207
-0.331524
-0.598748
0.618768
0.511527
-0.589497
0.652649
-0.972874
-1.000000
-0.651413
0.371089
0.092877
-0.612392
0.261087
0.449288
0.921633
0.708777
0.922024
0.111049
-0.333012
0.768069
-0.998588
-0.587213
-1.000000
-0.629313
-0.852340
0.437966
0.786050
0.728569
-0.962295
-0.845088
0.305640
-0.038000
-1.000000
-0.091831
0.996658
-0.311721
-0.800508
-0.256413
-0.118593
0.006631
0.855007
0.163761
0.048038
-0.650170
0.203712
-0.469785
0.193449
0.655931
0.215435
1.000000
-0.918873
-0.346591
0.816642
1.000000
-0.244884
0.868470
-0.255362
0.293999
0.772879
-0.744644
-0.179509
-0.063960
0.711940
-0.449039
-0.390134
0.899870
0.277127
-0.548194
-0.596400
0.200986
0.975987
-0.184474
0.374399
-0.642408
-0.142029
0.293097
0.072480
0.617359
0.158280
-0.226490
-0.478075
0.448723
0.608283
0.359513
1.000000
-0.066810
-0.424681
0.253366
0.646861
-0.158389
0.855659
-1.000000
-0.362144
-0.025947
-0.599034
0.679612
-0.155105
-0.975081
-1.000000
-0.504599
0.061090
-0.697803
0.467379
-0.104326
0.042020
-0.879820
0.754230
0.093007
-0.277503
-0.138739
-0.277339
0.511127
0.556734
0.149959
0.502629
0.083948
-0.712509
-0.842366
0.995760
0.157403
0.173157
-1.000000
-0.416488
0.519791
-1.000000
0.357702
-0.455982
0.165722
-0.371911
0.600237
-0.890755
-0.673920
0.681789
-0.512704
0.280755
0.128583
-0.709530
0.874386
0.081560
0.429386
0.239127
0.384777
-1.000000
0.165950
-0.327366
0.711333
0.282727
-0.898355
0.495048
0.827267
-0.160552
0.120274
-0.101883
-0.754618
-0.925225
-0.996819
-0.414092
-0.087146
0.977956
0.776814
0.406379
-0.888820
-0.394984
-0.598358
-0.815683
0.814623
-0.374065
-0.406565
0.213082
-1.000000
-0.393785
-0.729087
0.000906
-0.926597
0.318313
0.360931
-0.848355
-0.281424
1.000000
0.438490
0.398144
0.774625
1.000000
-0.383607
-0.193229
0.741882
0.662969
-0.433020
0.861166
0.350771
0.895300
0.036161
0.922747
0.483952
0.260591
-0.029512
0.246673
0.797865
0.365156
0.552374
0.211972
-0.908480
0.927640
0.549965
-0.638734
0.892174
0.287376
-0.963391
-0.612042
-0.538877
-0.543116
-0.501230
-0.140104
0.089050
-0.068472
0.055397
-0.059310
-0.972436
-0.685841
-0.414222
0.936562
0.764147
-0.280870
0.972452
0.567942
-0.682871
0.351757
0.384124
-0.952372
0.195676
0.797798
0.203798
-0.377791
-0.490784
0.725790
-0.697420
-0.214002
0.606205
-0.491267
-0.908292
0.723747
0.249690
0.036465
-0.605442
0.454221
-0.778662
-0.766996
-0.424099
-0.347014
0.025446
0.424437
-1.000000
-0.045820
-0.693144
1.000000
0.889330
-0.570047
0.620489
-0.059568
-0.088987
0.256959
0.207536
-0.658934
-0.026824
1.000000
-0.166545
-0.418153
-0.049593
0.049363
-0.111326
-0.113860
0.191348
0.696160
0.822022
-0.271621
0.490066
-0.122554
0.802151
-0.719343
0.141945
0.327789
0.720118
0.572380
-0.459077
0.236530
-0.507646
-0.158181
-0.083256
0.447877
-0.311651
-0.366986
-0.361621
-0.337477
-0.110271
-0.885276
0.809831
-0.885227
-0.953911
-0.486990
-0.355509
0.147610
0.309534
-0.681494
-0.304349
-0.211460
-0.932197
1.000000
0.024776
-0.474693
0.077127
-0.493817
0.820852
-0.733134
-0.015924
-0.686926
-0.184141
-0.975970
-0.623080
0.476541
0.558269
-0.417788
-0.634935
0.708188
-0.561051
0.815518
-0.701919
-1.000000
0.432873
-0.141557
0.086305
-0.017986
0.251834
1.000000
-0.071919
-0.847624
0.395537
-0.405196
-0.166699
-0.851882
-1.000000
0.300096
-0.682975
-0.565980
-1.000000
0.215383
1.000000
-0.093581
0.062880
0.235792
-0.130118
-0.130572
-0.969076
-0.214344
-0.123230
0.209923
-0.213177
0.070481
-0.883022
0.581963
0.434739
-0.145121
-0.254311
0.164038
0.956958
-0.248801
-0.342941
0.341586
-0.139374
0.332279
0.111276
0.686248
0.722074
0.730995
0.224667
0.789148
0.052341
0.313362
-0.042712
-0.549788
0.419506
0.930068
-1.000000
-0.146361
0.614544
-0.579796
0.208703
-1.000000
0.101624
0.266302
0.503384
-0.250498
0.087592
0.157375
-0.019388
0.157228
0.086239
-0.221495
0.015913
-0.064327
-0.063337
0.250259
0.005001
0.091569
0.186977
0.064716
0.017603
0.024393
0.064598
0.019921
0.025484
0.058713
0.029595
0.239133
0.018061
0.136917
0.011386
0.030765
0.017473
0.210852
0.129206
0.047435
0.006525
0.001996
0.160884
0.018364
0.063548
0.072106
0.036183
0.025451
0.046044
0.011220
0.364056
0.073592
0.019263
0.015127
0.054026
0.044091
0.093951
0.076255
0.448141
0.506209
0.394808
0.016444
0.000425
0.078467
0.023241
0.027561
0.049745
0.001899
0.025086
0.643947
0.026109
0.031074
0.014052
0.070524
0.000955
0.025730
0.002222
0.094267
0.028900
0.022644
0.142250
0.055862
0.003210
0.133371
0.099994
0.003684
0.026815
0.005825
0.004162
0.018295
0.004994
0.035911
0.162002
0.025783
0.014670
0.019350
0.003056
0.015510
0.012071
0.004275
0.001810
0.131547
0.184228
0.046645
0.802365
0.018800
0.163783
0.018123
0.100606
0.043217
0.399671
0.140627
0.031467
0.448172
0.031314
0.003849
0.017812
0.036384
0.441320
0.027519
0.667118
0.107207
0.012432
0.043344
0.346453
0.269493
0.020972
0.010380
0.150652
0.265969
0.004960
0.049144
0.154007
0.002673
0.079960
0.004366
0.028904
0.007359
0.091021
0.032473
0.018257
0.223047
0.168248
0.009627
0.011032
0.114109
0.776762
0.008856
0.002805
0.042446
0.012242
0.003935
0.046273
0.050637
0.153285
0.123756
0.132016
0.016018
0.224364
0.040620
0.031888
0.239785
0.081112
0.140543
0.005149
0.075439
0.033831
0.823946
0.030392
0.083084
0.002110
0.077409
0.126638
0.064389
0.139191
0.089058
0.098106
0.026653
0.055287
0.016173
0.009741
0.160036
0.033208
0.008377
0.110854
0.267423
0.014685
0.002718
0.537615
0.009108
0.190791
0.052966
0.317934
0.061303
0.035432
0.024298
0.042468
0.064151
0.008167
0.116007
0.039706
0.171242
0.141566
0.067203
0.149493
0.031788
0.111711
0.016227
0.019289
0.067018
0.185018
0.138987
0.299959
0.141946
0.003359
0.039063
0.200556
0.021476
0.097545
0.029298
0.207081
0.049904
0.000992
0.585128
0.063440
0.091442
0.007091
0.069506
0.065458
0.037233
0.184170
0.031105
0.227054
0.002135
0.086014
0.041212
0.158374
0.177356
0.168645
0.005483
0.138651
0.003682
0.048013
0.236473
0.091542
0.151286
0.198469
0.115167
0.043928
0.037649
0.037692
0.006309
0.206752
0.013017
0.025676
0.007309
0.098629
0.127995
0.059533
0.545475
0.020361
0.028893
0.231909
0.183289
0.090344
0.014297
0.160592
0.641977
0.123998
0.451424
0.015768
0.066918
0.011095
0.059803
0.021457
0.008861
0.005128
0.013830
0.013250
0.281626
0.069819
0.097153
0.004020
0.059483
0.052291
0.740185
0.075480
0.060958
0.069203
0.163975
0.009281
0.036987
0.021894
0.012175
0.055043
0.054894
0.072020
0.021920
0.001982
0.015567
0.103769
0.063012
0.046823
0.021918
0.000665
0.494449
0.052603
0.063830
0.007877
0.004112
0.063299
0.367425
0.082788
0.347046
0.020401
0.143974
0.049581
0.026470
0.375631
0.140939
0.044666
0.013757
0.032193
0.031180
0.006153
0.024431
0.841983
0.006611
0.014459
0.111695
0.078776
0.366127
0.002329
0.012696
0.090618
0.004937
0.047900
0.004360
0.056359
0.095136
0.022897
0.057491
0.073568
0.445538
0.008547
0.031010
0.004203
0.002177
0.038613
0.024953
0.024710
0.023606
0.004818
0.268719
0.273907
0.043097
0.031830
0.008133
0.064141
0.337522
0.044665
0.007972
0.098176
0.038945
0.000260
0.166194
0.060364
0.093346
0.052076
0.292223
0.032357
0.081127
0.041130
0.041898
0.032239
0.010833
0.015078
0.033043
0.008001
0.012421
0.091444
0.076548
0.003699
0.227437
0.015799
0.016582
0.269089
0.036854
0.171613
0.011594
0.038359
0.054947
0.000952
0.483511
0.150998
0.049739
0.214447
0.178718
0.016383
0.048127
0.233033
0.020480
0.199012
0.023721
0.519876
0.008162
0.023872
0.024474
0.157628
0.193047
0.038358
0.028082
0.030839
0.117462
0.013318
0.008301
0.244575
0.030485
0.039018
0.094322
0.201650
0.124994
0.054607
0.083757
0.022107
0.082835
0.072262
0.009604
0.022612
0.003026
0.099067
0.166058
0.040283
0.027524
0.010910
0.018072
0.105339
0.028010
0.000981
0.339118
0.024875
0.006894
0.019840
0.007896
0.374657
0.048116
0.006172
0.046834
0.148308
0.084212
0.023840
0.023808
0.440085
0.001380
0.019052
0.112667
0.071738
0.325451
0.049591
0.053022
0.013030
0.051144
0.070449
0.001772
0.354453
0.125714
0.097189
0.046893
0.031219
0.065426
0.003414
0.161936
0.133096
0.007756
0.104722
0.001283
0.053874
0.097531
0.161866
0.011553
0.056928
0.025685
0.006486
0.011541
0.076136
0.025921
0.005060
0.082550
0.010129
0.118915
0.012493
0.039960
0.005512
0.569755
0.050505
0.055391
0.133944
0.017974
0.024027
0.033950
0.103453
0.014950
0.008438
0.002253
0.436959
0.030007
0.043788
0.057723
0.010416
0.608867
0.006947
0.000845
0.150144
0.030891
0.019894
0.007074
0.002946
0.016996
0.005521
0.056904
0.011745
0.055111
0.171700
0.122510
0.871137
0.058908
0.102208
0.316193
0.016823
0.012706
0.025213
0.007047
0.365259
0.002157
0.017116
0.178414
0.045638
0.042243
0.053439
0.008862
0.002577
0.042816
0.260495
0.010147
0.015105
0.321997
0.081389
0.051731
0.011994
0.400792
0.156261
0.003935
0.546430
0.010373
0.031716
0.007204
0.006007
0.058773
0.125130
0.221546
0.001145
0.014460
0.000701
0.085513
0.034161
0.407988
0.013731
0.401246
0.120147
0.001538
0.143737
0.127076
0.271510
0.000518
0.085307
0.018718
0.116577
0.429288
0.095950
0.019972
0.035312
0.000861
0.141626
0.009191
0.022224
0.169567
0.054353
0.283494
0.117226
0.172813
0.250523
0.034081
0.491569
0.005606
0.065009
0.374887
0.003555
0.219417
0.017840
0.236838
0.004133
0.013682
0.059189
0.040053
0.005279
0.053558
0.083350
0.013456
0.053402
0.023587
0.020615
0.011573
0.028642
0.007101
0.017348
0.221084
0.069753
0.504057
0.034127
0.005692
0.090355
0.016876
0.011925
0.023952
0.044001
0.593997
0.450283
0.002100
0.098289
0.102415
0.167992
0.052711
0.024116
0.038793
0.111203
0.269405
0.369455
0.034879
0.010111
0.048352
0.016802
0.060722
0.277006
0.000318
0.000509
0.168702
0.140842
0.079435
0.120030
0.017418
0.010934
0.044774
0.641880
0.071629
0.020810
0.046051
0.014464
0.019835
0.147129
0.224184
0.110127
0.026881
0.373826
0.311192
0.043507
0.098276
0.047751
0.012176
0.004985
0.006857
0.022389
0.075928
0.029608
0.009500
0.040618
0.027276
0.036936
0.071733
0.330767
0.395817
0.024232
0.149579
0.034261
0.240170
0.036435
0.032319
0.014586
0.024319
0.047184
0.012164
0.053032
0.125024
0.508191
0.001485
0.024908
0.019714
0.005011
0.046182
0.126489
0.044534
0.000707
0.095852
0.007806
0.008950
0.048402
0.108873
0.031890
0.072136
0.013988
0.237615
0.148738
0.114392
0.028467
0.131391
0.022041
0.084740
0.171844
0.155404
0.343379
0.035072
0.126371
0.127030
0.136674
0.030824
0.019922
0.086356
0.083220
0.018573
0.016837
0.100342
0.005392
0.031918
0.053140
0.022728
0.040221
0.221616
0.011324
0.079527
0.002126
0.117858
0.119597
0.039861
0.266271
0.017942
0.095034
0.019554
0.023067
0.062976
0.058444
0.003630
0.028367
0.023702
0.134720
0.023894
0.018819
0.008559
0.019093
0.040129
0.098027
0.056132
0.111930
0.224258
0.018002
0.048063
0.062964
0.087825
0.020916
0.090107
0.008659
0.017857
0.065306
0.302076
0.032255
0.004157
0.003666
0.068370
0.003614
0.026837
0.005272
0.013974
0.020322
0.037674
0.244443
0.133828
0.030450
0.019320
0.052495
0.451287
0.032216
0.074256
0.042874
0.004808
0.035834
0.160739
0.001463
0.002647
0.426989
0.229860
0.027738
0.009573
0.012259
0.014024
0.051767
0.742300
0.051233
0.007960
0.002323
0.008171
0.016697
0.081476
0.208717
0.024654
0.013354
0.339649
0.136681
0.279046
0.105937
0.048061
0.011797
0.090649
0.002486
0.000527
0.015593
0.013042
0.007598
0.120988
0.042346
0.005050
0.076914
0.410572
0.056804
0.015034
0.024105
0.046784
0.124911
0.019305
0.002253
0.141067
0.033968
0.002899
0.002723
0.007104
0.032460
0.028919
0.013806
0.006612
0.004389
0.008196
0.347514
0.082649
0.012660
0.013417
0.020922
0.092137
0.150898
0.014062
0.126585
0.139010
0.015982
0.009251
0.125775
0.432622
0.364847
0.257813
0.195270
0.086860
0.170425
0.242624
0.830628
0.105379
0.030048
0.053491
0.005403
0.013398
0.084805
0.019337
0.016824
0.013305
0.025803
0.021182
0.027067
0.009039
0.008343
0.377599
0.002383
0.012910
0.013633
0.005360
0.028701
0.281853
0.033878
0.296139
0.089243
0.345665
0.206992
0.006609
0.368168
0.024338
0.030037
0.025917
0.082073
0.023127
0.094206
0.147828
0.045858
0.007819
0.677543
0.056625
0.058776
0.001094
0.108049
0.047379
0.044599
0.077284
0.122146
0.059150
0.042586
0.029847
0.030096
0.000276
0.019793
0.015773
0.195537
0.006926
0.027682
0.101769
0.011921
0.089165
0.027805
0.054659
0.081346
0.005104
0.189817
0.179442
0.285917
0.024939
0.002772
0.049949
0.017844
0.332185
0.014492
0.100780
0.065627
0.211865
0.476642
0.047434
0.017622
0.010659
0.049114
0.042298
0.012539
0.025134
0.002808
0.126137
0.357179
0.146465
0.003785
0.070190
0.033416
0.191821
0.002224
0.187631
0.029384
0.001166
0.054305
0.012105
0.017839
0.005514
0.041691
0.010629
0.426803
0.036426
0.091580
0.055319
0.071587
0.001178
0.030052
0.026795
0.029398
0.182817
0.073449
0.054456
0.005172
0.006352
0.025659
0.069384
0.029256
0.009673
0.030454
0.068231
0.051486
0.018998
0.440729
0.011361
0.266820
0.061189
0.089572
0.030061
0.039413
0.073146
0.020494
0.077744
0.034836
0.043697
0.196590
0.172497
0.007755
0.316014
0.537953
0.051867
0.517929
0.098393
0.023435
0.153790
0.144287
0.041016
0.285710
0.062007
0.007706
0.043421
0.038416
0.003620
0.203274
0.273298
0.031969
0.017856
0.053077
0.013975
0.014745
0.030084
0.060756
0.006461
0.000036
0.007557
0.028044
0.180766
0.006155
0.027596
0.308141
0.007335
0.714310
0.052695
0.044337
0.066512
0.048583
0.028009
0.169008
0.023713
0.007485
0.040530
0.036312
0.004262
0.007201
0.638300
0.010372
0.007578
0.032625
0.175084
0.041545
0.010762
0.017830
0.005996
0.136435
0.232191
0.017856
0.084109
0.041758
0.051195
0.025201
0.054679
0.006537
0.009214
0.031714
0.041421
0.006547
0.137202
0.160611
0.005063
0.589345
0.003608
0.183969
0.019012
0.158580
0.040120
0.010176
0.274434
0.516422
0.048267
0.013364
0.189988
0.042325
0.061225
0.041640
0.001994
0.014263
0.003465
0.003711
0.079974
0.318466
0.011855
0.012433
0.038823
0.529987
0.001639
0.352430
0.507462
0.020173
0.004078
0.214539
0.252327
0.095547
0.309298
0.123288
0.421075
0.304085
0.020747
0.019708
0.061103
0.095797
0.085042
0.388109
0.000379
0.089554
0.153450
0.011292
0.019536
0.008106
0.014544
0.033208
0.005751
0.020383
0.026104
0.080752
0.207224
0.062359
0.043347
0.034128
0.022346
0.011800
0.089446
0.002101
0.271510
0.340817
0.021224
0.067409
0.024692
0.015828
0.101581
0.069677
0.070722
0.010002
0.000985
0.359647
0.220047
0.034183
0.035442
0.030417
0.015900
0.109725
0.015330
0.001865
0.319088
0.092941
0.166599
0.090088
0.071287
0.038065
0.034619
0.017355
0.005214
0.846893
0.109125
0.060170
0.345397
0.035998
0.414630
0.012112
0.000629
0.075490
0.000688
0.031076
0.007266
0.035859
0.044555
0.014763
0.063687
0.004267
0.705575
0.049242
0.018108
0.070674
0.162141
0.061955
0.000754
0.039905
0.117030
0.107016
0.158063
0.044941
0.075372
0.191750
0.010792
0.072583
0.224628
0.376208
0.130482
0.113754
0.047581
0.736626
0.161507
0.018977
0.551059
0.289555
0.000362
0.195883
0.005039
0.479315
0.041701
0.020752
0.033427
0.138414
0.050947
0.003147
0.040545
0.057812
0.850642
0.013590
0.066308
0.358314
0.045235
0.222760
0.015327
0.258903
0.001898
0.130300
0.019447
0.317453
0.554248
0.096349
0.006550
0.003418
0.029397
0.002474
0.010808
0.041476
0.045818
0.028184
0.033916
0.016986
0.015818
0.045974
0.019341
0.000924
0.044402
0.601268
0.043601
0.010289
0.509964
0.045447
0.001567
0.084285
0.015697
0.002580
0.107383
0.008184
0.088669
0.007125
0.042454
0.162617
0.126399
0.157747
0.120602
0.012120
0.015129
0.040883
0.018992
0.001811
0.366988
0.007307
0.039634
0.053500
0.026718
0.031134
0.011292
0.109852
0.060896
0.030910
0.026712
0.015151
0.595567
0.006902
0.134981
0.201079
0.144179
0.022923
0.220000
0.382317
0.032844
0.083730
0.152014
0.053504
0.003508
0.372335
0.216946
0.016246
0.001345
0.008016
0.085691
0.261298
0.055231
0.076129
0.035396
0.334569
0.509149
0.185506
0.042329
0.147970
0.005537
0.021574
0.293154
0.001586
0.278221
0.450151
0.003743
0.011765
0.058321
0.027557
0.092823
0.008505
0.035603
0.004647
0.187778
0.014059
0.011531
0.071003
0.009601
0.070692
0.056225
0.009394
0.270351
0.000172
0.165313
0.029466
0.227608
0.000499
0.468314
0.004031
0.014331
0.045151
0.007416
0.027344
0.120194
0.184578
0.054476
0.015484
0.106473
0.018506
0.022917
0.024286
0.110619
0.388201
0.251765
0.046612
0.003197
0.039761
0.026242
0.015004
0.064773
0.134058
0.164394
0.037700
0.134148
0.129003
0.039672
0.010332
0.051183
0.124048
0.161628
0.188357
0.050334
0.038405
0.306773
0.011963
0.515269
0.108504
0.029349
0.165513
0.479501
0.137269
0.004254
0.143455
0.016741
0.005125
0.110736
0.027861
0.000495
0.064272
0.009288
0.021272
0.358243
0.046858
0.001198
0.190166
0.075768
0.077713
0.081534
0.000453
0.010390
0.084535
0.008695
0.052653
0.004794
0.007356
0.019687
0.305108
0.076672
0.014879
0.384824
0.209251
0.000696
0.024654
0.071961
0.010612
0.073467
0.055129
0.094283
0.015727
0.136047
0.066859
0.338740
0.002982
0.022952
0.087005
0.041234
0.007664
0.040974
0.090671
0.004835
0.017835
0.021562
0.005277
0.024351
0.034416
0.004084
0.016639
0.215243
0.003409
0.004061
0.035901
0.101015
0.008118
0.020866
0.018324
0.133795
0.018981
0.125837
0.728414
0.295450
0.165292
0.004117
0.006035
0.087412
0.232549
0.048030
0.038692
0.027122
0.043227
0.037553
0.050501
0.024765
0.061749
0.004685
0.250694
0.106202
0.005239
0.073269
0.124206
0.159753
0.007872
0.379540
0.101245
0.006719
0.062876
0.185304
0.015840
0.291383
0.018624
0.281912
0.088596
0.080697
0.027402
0.178420
0.075610
0.001129
0.207356
0.009910
0.051542
0.066083
0.039955
0.107773
0.171778
0.459304
0.014504
0.093342
0.123357
0.096609
0.043968
0.071299
0.183059
0.232716
0.016906
0.171137
0.802077
0.043826
0.071893
0.088240
0.012044
0.023624
0.171191
0.015703
0.010286
0.019832
0.056980
0.146252
0.303612
0.041853
0.052382
0.015686
0.335514
0.111025
0.044072
0.053460
0.100721
0.043452
0.030179
0.041115
0.111600
0.066716
0.005159
0.029366
0.010189
0.046168
0.021547
0.011379
0.029108
0.002858
0.031731
0.050480
0.032514
0.208920
0.001017
0.260082
0.058034
0.057287
0.027334
0.015192
0.016885
0.019683
0.074011
0.022459
0.208627
0.005072
0.055613
0.023218
0.687656
0.131620
0.123339
0.011697
0.014324
0.000332
0.032967
0.258105
0.068494
0.024001
0.006844
0.106815
0.613872
0.091718
0.044960
0.144112
0.038478
0.003000
0.019600
0.001683
0.032057
0.009295
0.006529
0.001850
0.037830
0.117255
0.023098
0.255398
0.003300
0.004446
0.001932
0.036405
0.137848
0.007565
0.090612
0.028411
0.029047
0.020550
0.056639
0.065843
0.097540
0.030254
0.004779
0.053880
0.071843
0.014552
0.097190
0.200469
0.021512
0.066323
0.287156
0.033305
0.002761
0.005306
0.642908
0.002602
0.002983
0.045320
0.008926
0.215086
0.070479
0.013327
0.149295
0.088364
0.047744
0.018377
0.003212
0.034825
0.152335
0.363297
0.001019
0.053385
0.050018
0.050148
0.050072
0.001070
0.075518
0.016856
0.018157
0.052314
0.046652
0.007301
0.012085
0.013805
0.003714
0.007116
0.091138
0.057114
0.002875
0.155943
0.011637
0.179302
0.025787
0.024126
0.023144
0.128546
0.052869
0.004792
0.010878
0.043614
0.002357
0.046127
0.087550
0.002887
0.604347
0.722716
0.008462
0.013192
0.101316
0.005054
0.021429
0.011506
0.006614
0.091209
0.044221
0.003280
0.148889
0.491452
0.361415
0.097806
0.032028
0.004353
0.061830
0.030656
0.007402
0.122413
0.043469
0.031553
0.038564
0.015885
0.192809
0.408839
0.178800
0.034956
0.106524
0.006696
0.196177
0.029037
0.126350
0.004798
0.402243
0.097608
0.018617
0.087986
0.039471
0.061070
0.063436
0.010435
0.109380
0.170321
0.661968
0.048784
0.003629
0.044990
0.078599
0.010341
0.163468
0.319205
0.022412
0.138613
0.025518
0.036907
0.058020
0.300497
0.024804
0.082965
0.058657
0.055667
0.039465
0.005386
0.188745
0.032372
0.022649
0.056264
0.003067
0.416856
0.020044
0.024502
0.000805
0.003333
0.194166
0.445947
0.016728
0.028634
0.030169
0.020389
0.083602
0.005699
0.017265
0.073659
0.039631
0.009387
0.004918
0.257254
0.062236
0.232139
0.155034
0.002236
0.019923
0.016351
0.421840
0.050161
0.492528
0.257612
0.006366
0.018580
0.043026
0.115157
0.017579
0.343073
0.010075
0.033411
0.040925
0.086623
0.018644
0.046957
0.025627
0.030978
0.011060
0.010667
0.003839
0.180397
0.108393
0.003897
0.081234
0.006584
0.088824
0.007269
0.064631
0.006448
0.004307
0.188629
0.054649
0.006277
0.012699
0.019055
0.005768
0.615606
0.035220
0.004479
0.062102
0.002122
0.307556
0.102756
0.090809
0.100602
0.010864
0.008158
0.005859
0.045941
0.201417
0.025718
0.010494
0.013265
0.176818
0.005928
0.050929
0.020260
0.002146
0.405322
0.054225
0.022826
0.009479
0.477301
0.018223
0.010015
0.095236
0.008857
0.113421
0.140907
0.009290
0.229728
0.007946
0.059809
0.038396
0.216462
0.087918
0.030534
0.071118
0.071732
0.162449
0.347421
0.011241
0.019591
0.030424
0.254081
0.006865
0.031292
0.000169
0.104201
0.077434
0.193258
0.060581
0.220228
0.046087
0.144667
0.004925
0.049928
0.018830
0.022410
0.011479
0.489722
0.122046
0.001745
0.020080
0.299660
0.010932
0.000425
0.012567
0.014053
0.540750
0.130183
0.193831
0.024350
0.346263
0.039933
0.041195
0.011570
0.019954
0.000686
0.009588
0.114469
0.147612
0.050993
0.006725
0.081158
0.218192
0.010441
0.811941
0.004691
0.092589
0.179288
0.673459
0.344201
0.210301
0.052090
0.100560
0.022026
0.054722
0.182789
0.052043
0.005374
0.001418
0.023682
0.006877
0.011206
0.007297
0.032282
0.221779
0.009936
0.205316
0.054340
0.003231
0.014288
0.035215
0.000635
0.082612
0.045821
0.107940
0.111351
0.443664
0.051365
0.163770
0.164719
0.124375
0.303283
0.260644
0.026954
0.192397
0.003402
0.506972
0.016207
0.128346
0.173261
0.117103
0.002498
0.018284
0.128448
0.044399
0.031123
0.271661
0.067754
0.792441
0.002958
0.016567
0.041888
0.063785
0.936818
0.020346
0.007963
0.039632
0.045195
0.143680
0.065544
0.703398
0.137868
0.016935
0.001742
0.030390
0.036355
0.013052
0.061156
0.072378
0.023225
0.477794
0.038784
0.034949
0.025143
0.010075
0.016087
0.027977
0.035204
0.063903
0.154612
0.003019
0.057245
0.005721
0.336763
0.079335
0.045578
0.154429
0.148334
0.108805
0.077752
0.003841
0.412287
0.124311
0.037867
0.484947
0.012618
0.065992
0.000793
0.102785
0.124757
0.139018
0.051555
0.085118
0.522937
0.073503
0.025899
0.011754
0.409534
0.228126
0.428484
0.335169
0.078953
0.018510
0.300838
0.043529
0.007068
0.174906
0.045432
0.005634
0.029779
0.153758
0.013946
0.044787
0.208482
0.167805
0.017540
0.005729
0.065337
0.064980
0.025484
0.683930
0.227151
0.079229
0.010276
0.001542
0.331224
0.224269
0.011826
0.171365
0.011932
0.008998
0.014675
0.250408
0.003186
0.135280
0.004309
0.022929
0.137598
0.004515
0.078209
0.025098
0.082177
0.007076
0.046630
0.099006
0.591516
0.067745
0.006056
0.038451
0.079837
0.007456
0.003505
0.048494
0.031208
0.003848
0.035178
0.006328
0.069813
0.039394
0.251493
0.034525
0.051570
0.007531
0.044890
0.020479
0.020008
0.229436
0.007753
0.250522
0.001128
0.433685
0.025565
0.012140
0.113498
0.255066
0.001428
0.023038
0.443813
0.104981
0.008436
0.056904
0.010406
0.043560
0.052406
0.078730
0.012713
0.105992
0.100197
0.483328
0.012948
0.251121
0.019124
0.004259
0.023241
0.070979
0.035642
0.190015
0.012329
0.019136
0.019905
0.110235
0.079793
0.008505
0.050090
0.022751
0.223952
0.004987
0.036131
0.290308
0.009058
0.067868
0.009809
0.179282
0.628037
0.015510
0.002686
0.085576
0.024696
0.028880
0.012069
0.182482
0.011015
0.123918
0.005717
0.736944
0.128717
0.106298
0.032953
0.047840
0.004366
0.042404
0.020491
0.041150
0.029442
0.086688
0.004339
0.013689
0.004927
0.028054
0.446875
0.017178
0.009973
0.011140
0.128567
0.044275
0.043664
0.025768
0.004157
0.094455
0.004603
0.033855
0.006423
0.001944
0.112732
0.040641
0.148626
0.018355
0.147836
0.387703
0.095717
0.019407
0.006680
0.029846
0.069264
0.240841
0.025042
0.001707
0.036054
0.074771
0.003870
0.000867
0.133805
0.052786
0.028386
0.057785
0.006349
0.086439
0.116887
0.040467
0.123276
0.009570
0.198434
0.025414
0.229808
0.061794
0.093585
0.230469
0.545752
0.420601
0.053382
0.204348
0.009405
0.062699
0.045751
0.005441
0.112139
0.468853
0.133449
0.006095
0.007074
0.035093
0.029710
0.029298
0.099412
0.008138
0.036641
0.001339
0.006142
0.006069
0.068530
0.057582
0.031631
0.422948
0.155630
0.047144
0.018464
0.133386
0.278938
0.017267
0.008275
0.021318
0.002742
0.055241
0.164759
0.208218
0.024904
0.000602
0.027005
0.012972
0.051144
0.031900
0.018501
0.097169
0.026201
0.019721
0.003874
0.072813
0.109915
0.040236
0.009682
0.008835
0.028064
0.193187
0.206061
0.000604
0.177676
0.035104
0.037204
0.027865
0.026435
0.191651
0.007885
0.013192
0.119138
0.043859
0.066520
0.112206
0.080767
0.007152
0.001549
0.087018
0.002493
0.185406
0.111978
0.057439
0.052063
0.424996
0.254391
0.071319
0.112952
0.044938
0.043155
0.003803
0.082890
0.012333
0.018108
0.167666
0.259240
0.035496
0.012766
0.035387
0.000267
0.044020
0.021969
0.001070
0.016000
0.012778
0.009873
0.016967
0.061125
0.173752
0.029655
0.001832
0.007189
0.072103
0.175110
0.046535
0.046779
0.048897
0.091497
0.007015
0.094362
0.004843
0.009090
0.057437
0.030800
0.012641
0.320173
0.269010
0.077267
0.012700
0.116678
0.114967
0.185398
0.032308
0.022650
0.013254
0.003009
0.025719
0.043420
0.222252
0.008221
0.269778
0.000964
0.035917
0.034575
0.002131
0.273680
0.001187
0.137076
0.006186
0.052424
0.035534
0.095742
0.083533
0.142021
0.023420
0.318026
0.048460
0.004813
0.000902
0.102817
0.045586
0.087100
0.151924
0.227376
0.016059
0.005821
0.002959
0.041276
0.055387
0.003808
0.460965
0.064588
0.030503
0.004971
0.299812
0.025322
0.090545
0.031184
0.646244
0.397138
0.060802
0.970138
0.342296
0.052202
0.064915
0.017833
0.043923
0.128556
0.002306
0.035133
0.054192
0.020940
0.000688
0.029707
0.063816
0.054132
0.014147
0.011735
0.002447
0.012724
0.008362
0.014587
0.009837
0.032294
0.028474
0.008419
0.197186
0.074970
0.152136
0.007052
0.061263
0.022251
0.049766
0.014424
0.098786
0.035418
0.334841
0.101508
0.042172
0.026931
0.114664
0.007978
0.169989
0.041024
0.022918
0.177545
0.075502
0.061645
0.016944
0.013156
0.328533
0.007590
0.049003
0.040501
0.097343
0.233333
0.001647
0.001303
0.008566
0.008270
0.011757
0.174332
0.057212
0.049189
0.279520
0.135463
0.014736
0.045670
0.033243
0.016749
0.090329
0.002011
0.106937
0.014501
0.043282
0.035481
0.377257
0.129506
0.115711
0.042356
0.090375
0.001429
0.009121
0.034241
0.024292
0.006053
0.013351
0.040918
0.090069
0.035134
0.044612
0.019669
0.010391
0.001359
0.018157
0.007877
0.009392
0.035807
0.000767
0.009668
0.148391
0.063645
0.128418
0.012659
0.004058
0.136412
0.216287
0.019131
0.029001
0.348020
0.027251
0.204565
0.089470
0.014149
0.015091
0.021010
0.134670
0.010113
0.008252
0.048681
0.015350
0.085501
0.011541
0.045607
0.007096
0.000924
0.026752
0.110982
0.015387
0.247695
0.002593
0.014840
0.339772
0.003153
0.043815
0.061750
0.080146
0.251118
0.059613
0.114187
0.018918
0.116559
0.114317
0.137268
0.043611
0.499244
0.062147
0.384136
0.031528
0.143472
0.097317
0.020535
0.089690
0.000969
0.791632
0.087456
0.001872
0.048170
0.042199
0.002596
0.011377
0.422326
0.003472
0.007198
0.031563
0.060881
0.007511
0.644356
0.152760
0.138985
0.115454
0.124292
0.010024
0.031945
0.069308
0.055523
0.006529
0.042190
0.001808
0.005547
0.001125
0.015118
0.008982
0.149283
0.042205
0.014171
0.061800
0.034412
0.009917
0.004780
0.200928
0.067439
0.031808
0.047399
0.013885
0.214751
0.009210
0.010757
0.003307
0.041310
0.000744
0.090481
0.037084
0.031577
0.019664
0.122161
0.003833
0.030998
0.015777
0.016171
0.005232
0.058401
0.220208
0.027455
0.041461
0.017375
0.009658
0.048622
0.035917
0.003134
0.063673
0.010569
0.233791
0.043026
0.038331
0.561086
0.009301
0.010308
0.060564
0.002640
0.489380
0.289814
0.043644
0.006827
0.003441
0.002761
0.001597
0.030873
0.026637
0.063495
0.029601
0.017388
0.227524
0.005208
0.015863
0.000200
0.092927
0.048919
0.322180
0.026600
0.008481
0.034651
0.012618
0.070493
0.001339
0.055617
0.021680
0.076858
0.014936
0.013184
0.043341
0.587093
0.088795
0.521793
0.059173
0.191686
0.036958
0.017587
0.080949
0.132673
0.484853
0.040227
0.181229
0.001658
0.008342
0.034227
0.006890
0.031106
0.002534
0.094816
0.038326
0.026235
0.049572
0.012756
0.221204
0.101465
0.008367
0.024664
0.128455
0.023827
0.227183
0.169251
0.016458
0.061981
0.015384
0.085146
0.490854
0.300273
0.056175
0.150910
0.024903
0.212944
0.044453
0.000225
0.010146
0.085356
0.001112
0.007011
0.023503
0.104107
0.170665
0.099142
0.109301
0.001083
0.150331
0.008909
0.053032
0.013341
0.111610
0.051682
0.121396
0.008034
0.024303
0.018337
0.051857
0.029478
0.006038
0.462391
0.169719
0.039304
0.125464
0.023473
0.277872
0.110442
0.033497
0.031212
0.013441
0.154831
0.024987
0.084147
0.305764
0.131992
0.211581
0.282029
0.001824
0.049256
0.009303
0.001629
0.087875
0.130052
0.057016
0.004615
0.117001
0.094415
0.004856
0.004286
0.139169
0.247227
0.054542
0.052080
0.001631
0.019738
0.018740
0.018374
0.063501
0.000740
0.074256
0.286410
0.006472
0.194768
0.010476
0.034006
0.043244
0.025099
0.057299
0.093957
0.008749
0.317266
0.147313
0.161179
0.126915
0.068992
0.049418
0.452900
0.033413
0.031122
0.081671
0.005575
0.023633
0.041234
0.053516
0.027379
0.001724
0.258922
0.036396
0.032293
0.000515
0.032554
0.037564
0.173917
0.137644
0.020053
0.067137
0.077041
0.044711
0.010999
0.088238
0.043934
0.185598
0.046577
0.029483
0.230478
0.017355
0.009962
0.023299
0.096501
0.014618
0.144435
0.001826
0.107191
0.256924
0.133687
0.019674
0.389102
0.002642
0.319477
0.021247
0.030646
0.115903
0.075303
0.062995
0.063542
0.001461
0.012242
0.030037
0.022225
0.008260
0.034073
0.004836
0.343074
0.094031
0.036309
0.026157
0.010504
0.032358
0.299873
0.019530
0.653299
0.012910
0.009485
0.017810
0.090477
0.115396
0.067330
0.127664
0.063065
0.006858
0.053815
0.021443
0.028493
0.168427
0.049476
0.085471
0.194125
0.189682
0.637486
0.015480
0.049923
0.036522
0.052062
0.023545
0.061579
0.166686
0.048313
0.298977
0.298387
0.016319
0.104882
0.060134
0.067390
0.042796
0.357930
0.040653
0.008152
0.482689
0.005029
0.020900
0.010023
0.010253
0.045393
0.000891
0.091530
0.100536
0.116248
0.001225
0.005138
0.020894
0.008771
0.005474
0.018388
0.290847
0.219975
0.005904
0.251183
0.159868
0.086830
0.018170
0.005662
0.021726
0.051606
0.023663
0.031200
0.010778
0.033874
0.016491
0.112058
0.003060
0.010866
0.022200
0.235310
0.114811
0.003613
0.029237
0.001590
0.001098
0.270137
0.082630
0.235830
0.181366
0.327047
0.340229
0.046147
0.273036
0.010577
0.272714
0.116673
0.068970
0.000104
0.025696
0.001653
0.016478
0.076698
0.005188
0.331181
0.109029
0.028437
0.000885
0.639505
0.035085
0.131839
0.020204
0.033791
0.044349
0.036971
0.022894
0.029485
0.042395
0.026339
0.034187
0.027646
0.027803
0.461850
0.028664
0.148390
0.003517
0.007474
0.004519
0.002669
0.017174
0.119243
0.209440
0.006627
0.032597
0.038732
0.117111
0.199883
0.052598
0.194418
0.637726
0.112372
0.017156
0.072796
0.012081
0.006926
0.128114
0.016165
0.005267
0.016596
0.572101
0.137642
0.295173
0.122168
0.010721
0.023812
0.273287
0.108907
0.007374
0.061068
0.019993
0.025344
0.544121
0.144131
0.012771
0.176380
0.027932
0.319540
0.003178
0.034162
0.004062
0.417594
0.008371
0.406321
0.470238
0.084677
0.402195
0.020251
0.033489
0.047227
0.005707
0.036130
0.096673
0.103336
0.006059
0.393194
0.012160
0.093383
0.035914
0.008433
0.014871
0.105538
0.013597
0.542564
0.202475
0.000516
0.009213
0.064765
0.054754
0.000615
0.001052
0.004413
0.058447
0.123793
0.060777
0.021740
0.030183
0.238423
0.064639
0.289296
0.013666
0.176411
0.021084
0.005241
0.032334
0.183643
0.012562
0.062245
0.007458
0.027055
0.200387
0.030442
0.067671
0.073025
0.022455
0.054312
0.425127
0.026476
0.076279
0.043385
0.264298
0.046722
0.002199
0.082109
0.110198
0.062808
0.012612
0.036914
0.006328
0.113254
0.013041
0.356032
0.024567
0.664147
0.088614
0.121674
0.579349
0.740179
0.017104
0.121134
0.009088
0.041286
0.175672
0.018720
0.079185
0.022336
0.203289
0.001771
0.014307
0.140195
0.032067
0.436433
0.053838
0.030163
0.434864
0.008406
0.135128
0.100212
0.160010
0.041812
0.038468
0.013640
0.012473
0.050989
0.039634
0.484125
0.193893
0.448984
0.229422
0.004245
0.124904
0.041972
0.282150
0.003495
0.002771
0.002350
0.039244
0.084599
0.267097
0.030948
0.072989
0.234321
0.027056
0.010298
0.022957
0.063341
0.049613
0.024290
0.008059
0.138128
0.105430
0.088456
0.119221
0.096726
0.033114
0.140016
0.007560
0.015746
0.138951
0.322047
0.539192
0.189066
0.034249
0.026764
0.051242
0.014904
0.054551
0.093757
0.043052
0.124431
0.024129
0.191476
0.010478
0.128066
0.409626
0.036322
0.028253
0.102725
0.234689
0.041054
0.233648
0.034381
0.022049
0.067775
0.087376
0.013264
0.161045
0.014939
0.004432
0.319537
0.053658
0.133562
0.008908
0.466744
0.315962
0.005348
0.172160
0.519774
0.375852
0.100463
0.048812
0.227559
0.080105
0.019425
0.050605
0.268389
0.004436
0.001280
0.046837
0.006677
0.012075
0.038426
0.000867
0.002985
0.244226
0.079697
0.004990
0.100632
0.047503
0.018237
0.070389
0.607900
0.035855
0.008388
0.323251
0.019775
0.139345
0.079398
0.052200
0.000655
0.016122
0.002192
0.010781
0.003062
0.284764
0.006541
0.006458
0.005518
0.003793
0.004960
0.036186
0.101087
0.131449
0.004166
0.531096
0.229456
0.398697
0.101614
0.002953
0.007947
0.003169
0.103519
0.039492
0.109350
0.024902
0.020722
0.325066
0.082694
0.051003
0.050447
0.065110
0.002009
0.005943
0.564329
0.093340
0.854128
0.028706
0.122436
0.052401
0.030151
0.010413
0.003381
0.049374
0.096969
0.018544
0.008667
0.012025
0.115870
0.013967
0.209282
0.028734
0.010572
0.016083
0.011934
0.100095
0.038311
0.084795
0.013507
0.066241
0.003015
0.015666
0.031566
0.121588
0.261473
0.095761
0.008023
0.009162
0.025960
0.011713
0.045227
0.278381
0.001317
0.003732
0.000873
0.147584
0.007364
0.119652
0.005129
0.156003
0.171087
0.029239
0.039669
0.077111
0.052459
0.085024
0.037799
0.245211
0.223147
0.485029
0.077394
0.004482
0.171146
0.223767
0.025577
0.112063
0.167718
0.065449
0.249261
0.109668
0.003933
0.190198
0.110979
0.013298
0.010357
0.049399
0.055389
0.185269
0.030206
0.065185
0.306288
0.597778
0.029792
0.021947
0.000131
0.011683
0.104090
0.109348
0.206697
0.006590
0.031901
0.668742
0.023467
0.093197
0.014288
0.674397
0.025310
0.079896
0.007535
0.004136
0.123264
0.045072
0.174270
0.018576
0.009461
0.085779
0.028411
0.108955
0.014687
0.032117
0.031243
0.007957
0.034097
0.007629
0.016611
0.008140
0.026250
0.010457
0.095184
0.006029
0.091938
0.162003
0.072021
0.008143
0.370394
0.040296
0.056925
0.922236
0.005572
0.222936
0.116061
0.029587
0.078359
0.120529
0.102785
0.051530
0.014792
0.312870
0.095102
0.040896
0.116029
0.021673
0.596339
0.679851
0.041346
0.009671
0.376306
0.028371
0.059310
0.052335
0.101385
0.045736
0.026369
0.171626
0.506883
0.049231
0.086261
0.048050
0.070382
0.381009
0.005745
0.015054
0.078597
0.018502
0.016586
0.010289
0.126449
0.009746
0.007654
0.656282
0.255460
0.002619
0.013773
0.019481
0.016871
0.163313
0.015199
0.002949
0.003972
0.024660
0.196916
0.025683
0.107943
0.161676
0.010884
0.026923
0.002713
0.141598
0.132045
0.024750
0.023239
0.223914
0.033079
0.085665
0.311316
0.027561
0.137118
0.000444
0.388076
0.020205
0.072467
0.049678
0.043718
0.317161
0.019219
0.354750
0.021024
0.018284
0.043604
0.169606
0.013886
0.012610
0.001307
0.043754
0.058951
0.044452
0.254821
0.034602
0.027607
0.004059
0.000354
0.004256
0.005620
0.024627
0.040007
0.010199
0.002690
0.013626
0.385139
0.022358
0.061102
0.028652
0.215805
0.341109
0.169463
0.060951
0.051640
0.048049
0.015720
0.764787
0.033861
0.187339
0.068383
0.002708
0.062088
0.086197
0.366448
0.223246
0.008906
0.040893
0.065861
0.168091
0.002454
0.005598
0.046375
0.017692
0.049937
0.025325
0.002380
0.079159
0.187231
0.290339
0.194423
0.199275
0.061543
0.030467
0.009674
0.081452
0.510590
0.000950
0.009644
0.006653
0.002891
0.213365
0.316110
0.048066
0.019283
0.060602
0.021295
0.361698
0.357763
0.005330
0.089063
0.008188
0.021927
0.003100
0.012509
0.003196
0.217838
0.325309
0.009853
0.001889
0.080790
0.016162
0.011361
0.037996
0.067183
0.269728
0.002419
0.069196
0.022495
0.066431
0.033763
0.032897
0.084412
0.078673
0.293480
0.034802
0.006323
0.007587
0.720201
0.226970
0.021481
0.025149
0.026171
0.011966
0.329033
0.087135
0.057881
0.070566
0.028515
0.058204
0.011058
0.036329
0.039263
0.101058
0.406207
0.026345
0.003693
0.258710
0.014294
0.264879
0.043535
0.001791
0.160882
0.114954
0.012414
0.011820
0.245216
0.225009
0.054004
0.001488
0.011077
0.009735
0.515083
0.001186
0.002351
0.288001
0.009847
0.003247
0.014955
0.022399
0.016074
0.022504
0.000251
0.040973
0.008470
0.072299
0.048063
0.089314
0.017095
0.010100
0.006451
0.038856
0.021765
0.586878
0.038594
0.038851
0.041143
0.007550
0.353951
0.004135
0.019794
0.006029
0.288618
0.107421
0.126427
0.005471
0.007565
0.018099
0.027470
0.001093
0.054708
0.012887
0.013302
0.001340
0.088841
0.126002
0.098184
0.346206
0.015435
0.011910
0.006468
0.075592
0.020129
0.110265
0.010531
0.264617
0.047898
0.120418
0.038526
0.099510
0.008459
0.327738
0.017357
0.731949
0.328046
0.040031
0.005342
0.005325
0.023162
0.024141
0.140730
0.186919
0.067738
0.224361
0.181051
0.311887
0.016318
0.018332
0.040934
0.035306
0.216344
0.005011
0.018129
0.053119
0.671358
0.083831
0.048877
0.022684
0.579564
0.236220
0.045251
0.006128
0.005408
0.087227
0.002264
0.213703
0.015462
0.053505
0.020635
0.192731
0.369146
0.097528
0.885675
0.003611
0.028173
0.068784
0.072035
0.087178
0.096621
0.022379
0.011865
0.106901
0.062920
0.121938
0.107839
0.075557
0.081288
0.015696
0.079037
0.006449
0.014066
0.273828
0.031069
0.019577
0.002380
0.018550
0.055527
0.020776
0.017997
0.141542
0.007511
0.063734
0.056113
0.040984
0.033226
0.031541
0.135923
0.018261
0.032070
0.170066
0.002170
0.127660
0.046741
0.015542
0.046945
0.008664
0.048014
0.001080
0.017920
0.028675
0.178736
0.105995
0.164199
0.063945
0.001221
0.013001
0.008999
0.014082
0.022983
0.003552
0.024540
0.914719
0.054936
0.012880
0.020768
0.035770
0.043625
0.050234
0.023407
0.135381
0.112268
0.045940
0.031494
0.038009
0.061382
0.017905
0.062104
0.080090
0.026413
0.079333
0.015617
0.098868
0.082477
0.139666
0.049725
0.030449
0.079950
0.055130
0.019423
0.029366
0.039462
0.055722
0.013202
0.024359
0.020969
0.057799
0.230033
0.049385
0.007785
0.048034
0.004187
0.010879
0.045900
0.120830
0.066643
0.316196
0.261370
0.014781
0.031384
0.189943
0.038994
0.049467
0.001334
0.010373
0.490625
0.044607
0.016391
0.145276
0.004746
0.153264
0.047167
0.060936
0.037070
0.041242
0.045620
0.012747
0.085724
0.019432
0.183516
0.016086
0.057814
0.127584
0.057369
0.012561
0.076961
0.018191
0.061070
0.071853
0.022380
0.007298
0.184342
0.054500
0.061573
0.058479
0.040336
0.074701
0.011301
0.083206
0.009280
0.209646
0.000561
0.082974
0.058229
0.180192
0.029792
0.001100
0.041414
0.218558
0.116722
0.020961
0.077933
0.075425
0.097835
0.240179
0.168851
0.160569
0.008840
0.037313
0.342815
0.070154
0.026664
0.028118
0.018722
0.154026
0.017976
0.003202
0.009913
0.036344
0.079103
0.072265
0.150722
0.037786
0.096951
0.244977
0.077648
0.023020
0.066463
0.001429
0.027963
0.011004
0.124467
0.160657
0.000619
0.048656
0.364810
0.220592
0.014119
0.025708
0.077195
0.152139
0.003635
0.028606
0.025153
0.031803
0.029620
0.020882
0.016522
0.035040
0.227587
0.012395
0.007624
0.110006
0.012350
0.005362
0.935561
0.006413
0.082616
0.007770
0.017171
0.013617
0.003520
0.088010
0.003787
0.006137
0.227923
0.022915
0.130140
0.012910
0.065400
0.155057
0.011864
0.021246
0.096487
0.010228
0.028076
0.005584
0.116385
0.004780
0.033900
0.281180
0.084333
0.034091
0.006975
0.049520
0.079757
0.222420
0.067449
0.125886
0.001798
0.143491
0.062927
0.153897
0.008480
0.052123
0.018838
0.059098
0.040948
0.016153
0.015099
0.016101
0.079649
0.108034
0.050923
0.198318
0.055464
0.004969
0.056462
0.002546
0.166825
0.037086
0.028958
0.013963
0.068409
0.005059
0.011905
0.185735
0.014120
0.087177
0.023274
0.419668
0.043945
0.190369
0.052622
0.080252
0.208354
0.014584
0.006033
0.078207
0.094984
0.422748
0.006676
0.199215
0.394077
0.220887
0.058205
0.044650
0.026869
0.037765
0.619384
0.012938
0.071250
0.115013
0.071001
0.018999
0.168667
0.035193
0.004957
0.280983
0.020365
0.065613
0.183657
0.040873
0.066144
0.006887
0.002950
0.002665
0.043670
0.028070
0.015614
0.082839
0.002076
0.048208
0.065863
0.030415
0.304406
0.035363
0.121589
0.023321
0.024740
0.002055
0.078131
0.312823
0.248763
0.006330
0.034457
0.129251
0.012909
0.064878
0.037430
0.000895
0.041190
0.064803
0.024388
0.177322
0.168588
0.119077
0.099970
0.051241
0.119587
0.027434
0.013490
0.012857
0.532662
0.024718
0.035543
0.014547
0.014336
0.028992
0.009733
0.410527
0.004461
0.043582
0.085236
0.010941
0.011600
0.043586
0.002847
0.011212
0.033789
0.009772
0.404194
0.018057
0.024330
0.008685
0.067284
0.075563
0.092314
0.133488
0.176176
0.003691
0.034774
0.055420
0.007123
0.176678
0.205282
0.036246
0.002417
0.076351
0.129038
0.005219
0.026095
0.014342
0.153277
0.011429
0.058257
0.001104
0.097179
0.046705
0.223312
0.043081
0.472073
0.096174
0.026019
0.008700
0.113652
0.044423
0.113677
0.426914
0.390904
0.060126
0.025468
0.123637
0.151905
0.107421
0.072270
0.014523
0.042383
0.093358
0.012031
0.419343
0.047520
0.148380
0.075420
0.196226
0.200339
0.013384
0.014964
0.022721
0.001599
0.078940
0.046597
0.017795
0.033191
0.058118
0.025968
0.020261
0.168427
0.081040
0.012635
0.009937
0.016385
0.007505
0.132587
0.136531
0.016632
0.010476
0.091885
0.007650
0.143987
0.232111
0.022737
0.007444
0.240475
0.131854
0.027486
0.162521
0.016816
0.054114
0.722697
0.325210
0.008749
0.016157
0.048487
0.072588
0.001101
0.016472
0.034650
0.242569
0.092794
0.433281
0.073896
0.270569
0.086250
0.030342
0.008682
0.014750
0.100240
0.043157
0.007012
0.000471
0.025809
0.031916
0.001313
0.125221
0.057118
0.073348
0.186587
0.003003
0.148625
0.409674
0.014579
0.033520
0.030357
0.308293
0.014635
0.019407
0.004835
0.344613
0.262878
0.007321
0.013741
0.022578
0.011703
0.066394
0.015840
0.167828
0.206611
0.016462
0.011464
0.110758
0.041749
0.045101
0.116615
0.660978
0.095218
0.008226
0.108305
0.003533
0.137936
0.111784
0.103299
0.028674
0.010740
0.250481
0.250488
0.008138
0.048169
0.000545
0.019144
0.000830
0.029497
0.028142
0.027763
0.009786
0.229857
0.134461
0.000977
0.086995
0.226215
0.478248
0.179382
0.004214
0.089574
0.026624
0.013961
0.085044
0.003791
0.079807
0.265744
0.001310
0.006524
0.169541
0.017081
0.084207
0.001376
0.071306
0.027634
0.016417
0.121327
0.233053
0.005901
0.066679
0.317500
0.033803
0.049054
0.030473
0.296773
0.015572
0.066014
0.003159
0.087155
0.029149
0.015962
0.056056
0.147288
0.033983
0.029027
0.066607
0.007704
0.016664
0.266787
0.024475
0.152967
0.002083
0.021221
0.063553
0.081601
0.002603
0.023511
0.001515
0.071564
0.011255
0.068069
0.163354
0.257711
0.019703
0.007239
0.033814
0.006848
0.175806
0.084082
0.153126
0.124620
0.292388
0.497212
0.002299
0.101710
0.140511
0.016856
0.002274
0.045640
0.122602
0.014446
0.133303
0.021717
0.021282
0.079574
0.034007
0.143997
0.003663
0.155135
0.008755
0.371668
0.066773
0.007213
0.061455
0.327972
0.013810
0.077042
0.007287
0.112766
0.130666
0.108346
0.006497
0.072263
0.034560
0.007286
0.084652
0.025890
0.038060
0.152505
0.036435
0.109368
0.053154
0.149276
0.140169
0.044769
0.053337
0.229170
0.015949
0.004674
0.018045
0.156667
0.044690
0.180298
0.392626
0.002862
0.014673
0.030595
0.078348
0.050332
0.011474
0.003134
0.164339
0.026196
0.007947
0.018964
0.114415
0.005390
0.090271
0.003811
0.013572
0.005589
0.000431
0.059732
0.039055
0.082606
0.001253
0.007836
0.091831
0.025200
0.042866
0.141838
0.025721
0.040270
0.011314
0.007459
0.106197
0.180125
0.365111
0.209113
0.013643
0.007344
0.141019
0.029397
0.032217
0.100012
0.005086
0.085390
0.040299
0.003303
0.102539
0.001309
0.075325
0.074824
0.067381
0.017917
0.170420
0.191735
0.010912
0.011057
0.301072
0.017987
0.048939
0.083518
0.010775
0.009360
0.125208
0.022913
0.053359
0.086165
0.216732
0.007138
0.058744
0.004248
0.003980
0.045481
0.195756
0.085532
0.083308
0.010110
0.005607
0.152766
0.146466
0.030771
0.044902
0.025326
0.020563
0.157637
0.023871
0.065016
0.000844
0.006542
0.002113
0.110840
0.006691
0.066797
0.004218
0.006162
0.005636
0.006784
0.458266
0.036792
0.052839
0.038471
0.056152
0.569391
0.333367
0.073021
0.146976
0.016750
0.024198
0.249307
0.007821
0.032300
0.012337
0.033546
0.075236
0.087582
0.004062
0.122862
0.054742
0.007062
0.175187
0.013401
0.021277
0.073881
0.502550
0.041761
0.005507
0.139088
0.052649
0.095172
0.006951
0.062753
0.018808
0.012817
0.064898
0.117028
0.011688
0.007975
0.044033
0.032127
0.054711
0.163291
0.209941
0.024398
0.086778
0.074766
0.014884
0.025143
0.387794
0.030808
0.018322
0.098721
0.023886
0.011602
0.246474
0.061598
0.030824
0.006023
0.010858
0.231143
0.035310
0.273593
0.213775
0.042521
0.005646
0.000617
0.022944
0.253432
0.003710
0.278633
0.055765
0.000989
0.088374
0.008552
0.018521
0.117181
0.020571
0.132651
0.082918
0.650544
0.169136
0.009772
0.168076
0.006002
0.074750
0.077673
0.022294
0.052845
0.005034
0.004418
0.010904
0.221634
0.076583
0.012513
0.041572
0.002707
0.018558
0.269271
0.021496
0.137818
0.096321
0.291160
0.248119
0.062501
0.092101
0.115864
0.070551
0.111357
0.111353
0.058681
0.000714
0.002981
0.392826
0.020236
0.036814
0.072238
0.014698
0.018194
0.005004
0.000529
0.027753
0.169286
0.017416
0.038499
0.026817
0.069790
0.054176
0.153701
0.821057
0.050651
0.201652
0.084324
0.003153
0.010253
0.053558
0.054812
0.023469
0.044626
0.031876
0.019235
0.284209
0.013831
0.096795
0.058148
0.064178
0.077931
0.129817
0.002505
0.224625
0.194175
0.082892
0.691950
0.163158
0.085528
0.044441
0.110961
0.014936
0.435429
0.017026
0.104450
0.154317
0.507353
0.036629
0.030260
0.031491
0.025796
0.067964
0.031940
0.049173
0.126454
0.005733
0.094269
0.086798
0.037973
0.013804
0.044462
0.360388
0.080027
0.386805
0.023264
0.119427
0.001700
0.240531
0.019684
0.008407
0.010829
0.095965
0.011831
0.029080
0.076770
0.306024
0.146832
0.006922
0.016553
0.032021
0.004617
0.019405
0.116592
0.006840
0.113891
0.005292
0.378209
0.156975
0.025438
0.047508
0.017921
0.010456
0.158215
0.018165
0.194160
0.002024
0.044532
0.109737
0.130873
0.041429
0.214219
0.074859
0.009434
0.009644
0.032516
0.011093
0.002846
0.659123
0.030389
0.031970
0.062739
0.006889
0.022582
0.014310
0.000636
0.023240
0.015123
0.049438
0.004920
0.092627
0.143047
0.068760
0.017117
0.096584
0.016135
0.052354
0.018691
0.512000
0.061582
0.064532
0.076125
0.052483
0.042093
0.015412
0.088073
0.002775
0.004954
0.008159
0.003795
0.045854
0.013339
0.059050
0.079962
0.086859
0.021199
0.080395
0.075959
0.046002
0.156289
0.029676
0.057821
0.006961
0.032600
0.008188
0.054633
0.036691
0.168202
0.055073
0.151064
0.018998
0.306927
0.229490
0.105049
0.158136
0.337706
0.006928
0.100941
0.065035
0.120117
0.074053
0.003691
0.032589
0.004971
0.001452
0.009129
0.014666
0.048618
0.015690
0.151425
0.031276
0.031740
0.209467
0.045230
0.355762
0.062796
0.048898
0.093974
0.004096
0.367289
0.147932
0.083850
0.411600
0.101016
0.009585
0.048792
0.036248
0.016732
0.003823
0.112108
0.022491
0.148447
0.113301
0.026585
0.048898
0.040210
0.054520
0.201832
0.011955
0.004394
0.328339
0.006985
0.025938
0.097511
0.311490
0.044009
0.002197
0.029703
0.103669
0.090938
0.009750
0.140735
0.523476
0.042611
0.242587
0.006653
0.027239
0.100188
0.025573
0.040812
0.093055
0.141290
0.017007
0.065148
0.048365
0.270221
0.087928
0.044477
0.137836
0.168010
0.029774
0.011197
0.035426
0.007853
0.119657
0.010377
0.201823
0.157603
0.021695
0.235188
0.043882
0.040722
0.064468
0.019302
0.049180
0.147719
0.100092
0.163283
0.042732
0.030409
0.005323
0.604247
0.082830
0.021701
0.124191
0.016776
0.062959
0.110555
0.031624
0.134863
0.085402
0.016475
0.038836
0.008578
0.035232
0.037268
0.049278
0.022697
0.016585
0.031347
0.013137
0.024516
0.128715
0.006876
0.005839
0.011438
0.058187
0.027466
0.023756
0.005219
0.027237
0.083996
0.006266
0.212163
0.071289
0.002564
0.069784
0.004115
0.029225
0.013281
0.072425
0.005181
0.001435
0.003283
0.039024
0.019626
0.045355
0.021725
0.283064
0.242965
0.047145
0.150235
0.280476
0.246179
0.002532
0.125923
0.150104
0.019989
0.120213
0.219934
0.147479
0.338256
0.113329
0.020679
0.147201
0.012621
0.006026
0.060063
0.016641
0.031018
0.009467
0.080837
0.072450
0.033471
0.064345
0.055565
0.134213
0.054694
0.009210
0.079498
0.035441
0.033815
0.111788
0.023089
0.004499
0.356651
0.013933
0.037147
0.112840
0.007558
0.106040
0.006894
0.096128
0.270730
0.070191
0.070982
0.089765
0.034375
0.044495
0.033206
0.030274
0.253933
0.003841
0.127406
0.081794
0.089638
0.060641
0.008556
0.003349
0.060292
0.045367
0.594743
0.005727
0.042821
0.137144
0.000584
0.010999
0.245319
0.011246
0.028861
0.037267
0.210271
0.206323
0.130932
0.110164
0.042249
0.230512
0.389422
0.032509
0.011498
0.017797
0.126337
0.000734
0.017383
0.233202
0.045066
0.071907
0.120039
0.000811
0.053814
0.253066
0.034129
0.529627
0.001824
0.206754
0.001833
0.053542
0.012760
0.002502
0.113602
0.018857
0.025680
0.028640
0.035572
0.290738
0.061531
0.025807
0.039953
0.123871
0.144239
0.002657
0.020035
0.044748
0.074688
0.043272
0.034614
0.010944
0.381829
0.593915
0.093037
0.016236
0.077443
0.036673
0.021996
0.028116
0.006906
0.051866
0.030857
0.019317
0.024305
0.000589
0.055355
0.050641
0.222545
0.342581
0.079037
0.057761
0.029617
0.004273
0.036905
0.247465
0.126999
0.065695
0.003200
0.006279
0.008814
0.014557
0.010576
0.049388
0.092456
0.046745
0.035422
0.058372
0.020085
0.028904
0.066221
0.102620
0.225398
0.200657
0.021285
0.083761
0.083438
0.044737
0.382957
0.233724
0.068335
0.090212
0.201455
0.147764
0.199728
0.124004
0.249834
0.007213
0.203413
0.023691
0.016995
0.057259
0.060404
0.052583
0.294744
0.013419
0.181057
0.399494
0.215071
0.003642
0.006629
0.005043
0.025360
0.014055
0.395968
0.005165
0.015515
0.084361
0.010059
0.084666
0.115002
0.077020
0.151050
0.084816
0.001960
0.005443
0.077535
0.076044
0.015267
0.028538
0.012003
0.414494
0.023718
0.064312
0.013988
0.096393
0.233976
0.130011
0.004901
0.253672
0.005593
0.918326
0.054543
0.035295
0.021017
0.005995
0.000979
0.241938
0.067886
0.034645
0.020171
0.049393
0.004467
0.002453
0.044287
0.061446
