440
1.673484
4
91
40
10
1
5047
-1.000000
0.013812
-0.817855
0.804003
0.237847
-0.060173
-0.454006
-0.442461
-0.392819
-0.050004
0.787474
0.775481
-0.712360
0.839582
0.718805
0.084770
-1.000000
-0.578263
-0.161750
0.505897
0.551256
0.511861
-0.587416
0.740208
0.701429
0.786729
-0.317185
0.668382
0.025784
-0.618438
0.880922
-1.000000
0.375291
0.599061
-0.169588
0.165022
0.647089
-0.884143
-1.000000
0.006390
-0.103741
0.520013
0.733586
-0.073727
0.085941
-0.228773
0.804070
-0.707366
0.060383
0.365312
-0.403376
-0.167574
-0.426590
0.161660
0.210008
0.552634
0.612432
-0.499594
0.903455
0.141958
0.079417
-1.000000
0.991356
-0.546056
0.731381
-0.558057
-0.635924
1.000000
-0.041344
0.487732
0.334717
0.248076
-0.339513
0.612134
0.552036
-0.818068
-0.495598
-0.645385
0.020760
0.258069
0.301970
-0.862438
0.975406
-0.394851
0.785855
-0.857076
-0.379328
0.394624
-0.159516
-0.909676
0.246718
-0.037553
-0.895841
0.652564
0.062557
0.745735
0.527840
-0.085086
0.147097
0.383529
-0.984159
0.654329
-0.723591
-0.859925
0.947868
1.000000
-0.835137
-0.974915
0.528969
-0.295084
-0.062051
0.814104
0.361912
-0.429601
-0.088106
-0.120302
-0.207157
-0.901208
0.251208
-0.144321
0.587874
0.760654
0.831712
0.870303
-0.172897
0.007297
-1.000000
0.473344
0.145468
-0.749895
-0.211524
0.330910
0.503674
0.095340
0.906120
-0.021273
-1.000000
0.717144
-0.616233
-0.671097
0.722281
0.360726
-0.745840
0.437686
0.361180
-0.861022
0.207504
0.836127
0.684374
0.677045
0.387279
0.993163
0.204421
0.223312
-0.283581
0.003032
-0.518822
-0.130066
0.348471
-0.383433
0.963682
-0.736643
-0.812690
0.141296
-0.894258
0.950027
-0.786284
-0.010975
-0.706592
0.520977
0.712965
0.198276
0.612251
0.253146
-0.043752
0.672810
-0.745446
0.632275
0.064706
0.084856
0.113051
0.193307
-0.759674
-0.386507
-0.462006
0.082040
-0.642243
0.540633
0.381219
-0.011101
-0.238863
0.957760
-0.331890
-0.238643
-0.595296
0.577392
-0.194779
0.954492
-0.448734
0.604372
0.528019
-0.961575
0.856138
1.000000
-0.638773
-0.964752
-0.312438
0.533814
0.587757
-0.898018
-0.116895
0.231564
-0.392185
-0.026939
-0.575186
-0.590099
0.247331
0.553038
-0.940816
0.406580
-1.000000
-0.225638
0.252264
0.745132
0.441989
-0.765902
0.513122
-0.674907
-0.802575
0.372903
-0.807007
-0.139813
1.000000
-0.014895
0.330184
-0.370024
0.067769
-0.761745
0.971333
0.369763
0.569499
-1.000000
0.943081
-0.311220
-0.339728
0.985428
-0.785969
-0.948312
-0.284736
-0.468194
0.389142
0.896403
0.595911
-1.000000
0.084555
0.429047
0.174455
0.255143
-0.234287
0.420564
-0.791182
0.555121
-0.122719
0.352933
0.040842
0.208727
-0.011596
0.963693
-0.816179
0.353626
-0.378414
-0.556337
-0.679842
-0.186586
0.797296
0.769585
-0.666118
-0.922674
-0.403955
-0.586663
0.682967
-0.709325
0.160386
-0.513561
-0.428001
0.724982
-0.422462
0.565483
0.790696
0.023995
-0.736755
0.670688
-0.105159
-0.596428
-0.600883
-0.520398
0.782701
-0.939521
-0.244486
-0.450196
-0.934333
0.416259
0.000296
-0.330923
0.582390
0.050942
1.000000
0.255593
0.107498
0.718340
-0.221862
-1.000000
0.641090
-0.848850
0.179953
0.720381
0.343531
0.890683
0.855356
0.254327
0.554841
-0.629656
-0.683431
-0.324942
0.389761
0.169533
-0.020623
0.209297
0.801061
0.045842
-0.435451
0.294033
0.547138
1.000000
0.023753
0.037632
-0.396189
0.345590
0.732652
1.000000
0.174921
0.473926
-1.000000
-0.948665
0.564137
-0.855940
0.137131
0.159532
0.407339
0.627851
0.664635
0.282441
0.296055
-1.000000
0.521266
-0.800277
-0.599668
-0.489954
-0.441068
0.492267
0.947286
-0.112604
-0.171725
-0.864839
-0.353066
-0.561427
-0.000876
-0.448910
0.679690
-0.326131
0.170439
1.000000
-0.126515
0.098617
-0.759501
-0.685618
-0.750767
0.561686
-0.059956
0.991338
0.568902
0.355029
-0.674344
0.395443
0.215874
-0.256265
0.874871
-0.413766
0.539975
0.722048
0.849452
-0.313372
-0.885451
0.479258
-0.442330
-0.791625
-0.583439
0.118410
-0.917370
-0.525449
-0.072143
0.870211
-0.530963
0.965472
-0.692028
-0.462572
0.179460
-0.777616
0.088427
0.246005
0.615682
0.084042
-0.925195
-0.198126
0.230411
-0.578685
-0.428652
0.284344
0.366577
0.360841
-0.825120
-0.421854
-0.929273
-0.614651
-0.208459
0.829400
0.746989
-0.219530
-0.237055
-0.885446
0.162707
0.796252
-1.000000
0.188429
0.156067
0.800919
0.562533
-1.000000
0.259995
0.699026
-0.774857
-0.463698
-0.403867
0.200731
-0.831506
0.985120
0.342784
-0.550804
-0.672335
-0.267405
0.268615
-0.704109
1.000000
0.103999
-0.520650
0.234793
-0.330514
-0.893936
-0.890904
0.967611
0.141121
0.682619
-0.031005
-0.532940
-0.021805
0.970362
0.332040
-0.508647
0.460004
-0.205056
0.246232
-0.857221
0.615521
0.232231
0.892928
0.901395
0.735862
-0.062134
-0.426383
-0.705036
-0.031284
-0.248242
0.150129
-0.867364
-0.155494
-0.721313
0.840797
-0.620133
-0.125748
-0.654527
0.529658
0.036207
0.861416
-0.922184
-0.654698
0.674841
0.318750
-0.360252
-0.186913
0.008964
-0.153395
0.285207
-0.469856
1.000000
1.000000
-0.020053
0.521075
0.032489
0.017904
-0.683120
0.383679
0.666285
-1.000000
0.535157
-0.383047
-0.116273
-0.243311
-0.128122
-0.906254
0.402647
-0.379319
0.140116
0.670235
-0.649258
-0.955746
-1.000000
0.059172
-0.934333
0.238854
1.000000
-0.395310
0.303385
-0.441445
0.136966
-0.019298
0.745711
-0.301419
-0.371685
-1.000000
0.899130
0.325882
0.127457
0.763761
-0.453535
0.009333
0.022773
-0.428756
0.065582
0.578469
0.484784
0.169813
-0.784794
-0.049834
-0.923154
0.700562
-0.804593
-0.593347
-0.869788
-0.609995
0.209361
-0.068773
-0.391100
0.445225
-0.003801
0.678479
0.516424
0.870152
1.000000
0.741011
0.100408
-0.768837
-0.039505
1.000000
0.417525
0.771781
-0.420192
-0.330915
0.117413
-1.000000
1.000000
0.283600
-0.084734
-0.194042
-0.330419
-0.463207
0.439725
0.340933
-0.274361
0.564897
0.867044
0.889259
-0.022443
-0.853165
-0.418375
0.291366
-0.064160
0.379125
0.642738
0.733640
0.020326
0.193646
-0.455987
0.622987
0.616242
-0.918780
-1.000000
0.634395
0.258963
-0.301147
-0.589367
0.599334
0.121195
-0.878580
-0.785065
-0.074927
0.066111
-0.504935
-0.161306
-0.041435
-0.165564
-0.711645
-0.675244
1.000000
-0.175671
-0.436264
-0.909626
-1.000000
-0.002358
-1.000000
-0.546448
-0.487211
-0.949515
-1.000000
-0.071482
0.530661
0.227598
0.381226
-0.926729
0.571750
-0.758959
-0.911343
-0.495437
0.322747
0.122170
0.310643
0.343139
-0.001867
0.282263
-0.013775
-0.794240
-0.976084
-0.224540
-0.105196
-0.225286
-0.866543
0.743011
-0.347225
-0.795304
0.631288
-0.663466
0.462357
0.082384
0.528524
-1.000000
-0.574801
-0.010212
0.320934
-0.242377
-0.383991
-0.542549
-0.430657
0.495453
0.055867
0.257485
-0.941220
-0.128895
-0.760770
0.489892
-0.647544
-0.579748
-0.276109
-0.041630
0.110876
-0.276722
-0.995418
-0.618699
-0.276506
0.993301
-0.102669
0.491567
0.801955
-0.552002
-0.331206
0.448189
0.082665
-0.730178
0.682691
-0.872845
-0.750269
0.913949
0.656023
1.000000
-0.224913
-0.911166
0.196784
-0.514038
0.331980
-0.228417
0.431178
0.043497
0.907725
-0.845036
-0.787173
0.160001
-0.327031
0.739783
-0.708652
0.798902
0.101781
-0.587278
0.952077
0.276779
-0.469965
0.806623
-0.186321
0.953286
-0.225090
-0.355333
0.216587
-0.036044
0.764748
-0.134172
-0.908237
-0.329435
0.416511
-0.342807
0.862176
-0.970351
0.822724
-0.001109
0.483824
-0.549728
-0.418770
0.369092
0.858100
0.373368
0.399783
0.616610
0.285233
-0.517184
-1.000000
0.251692
0.113516
0.398143
-0.218144
-1.000000
-0.395477
-0.248152
-0.837370
-0.077419
0.022533
-0.625213
-0.107872
-0.744860
0.008215
0.957318
0.142194
0.801775
-0.201762
0.260791
-1.000000
-0.018409
-0.278079
1.000000
0.450978
-0.225863
-0.632776
-0.876004
-0.385994
-0.098398
-0.356816
0.038785
-0.281841
-1.000000
-0.386255
0.266752
-0.037126
-0.205726
1.000000
-0.341568
0.536818
-0.351226
0.109030
-0.955785
0.680226
-0.816038
0.724731
-0.503338
0.622670
-0.280200
0.794202
-0.015320
-0.045107
0.298698
0.371412
-0.824644
-0.412290
-0.223676
0.053383
0.520422
-0.694670
0.438904
0.559503
0.905833
0.600405
0.292554
0.144504
-0.630371
0.656422
0.026517
0.245137
-0.885809
-0.872341
0.190468
-0.084685
0.281148
-0.438864
0.746146
0.613239
-0.357892
-0.240367
0.210599
0.402058
-0.527325
-0.925829
-0.525870
-0.623620
0.235319
-0.068140
-0.838296
-0.405096
-0.651087
0.539500
0.517274
0.623455
0.043652
-0.189201
-0.715757
0.255534
1.000000
-0.619027
-0.131659
0.330419
-0.405393
-1.000000
-0.443834
-0.250439
0.291028
-0.972130
0.356175
-0.788898
0.002487
-0.226447
-1.000000
-0.271246
0.321825
0.857619
-0.145086
-0.381764
0.028121
-0.978852
1.000000
0.225569
0.117020
1.000000
0.302544
0.088561
-0.454752
-0.406669
0.511331
-0.144758
-0.457400
-0.743070
0.463612
-0.907477
0.061351
0.273712
0.222617
-0.672545
0.273891
0.671898
0.293379
0.994434
0.478055
1.000000
-0.345509
-0.828048
0.354333
1.000000
0.314117
0.833951
-0.462148
-0.785737
0.609525
-0.011844
-0.679269
-0.692396
-0.549397
0.786659
0.729414
0.466929
0.021131
0.919360
0.246343
-0.847915
0.957314
-0.891327
0.224903
0.270597
1.000000
-0.293561
1.000000
-0.025553
-0.079882
-0.415133
0.631266
0.536425
0.140250
-0.579480
0.300392
-0.347633
-0.706524
0.330251
-0.393835
-0.698355
-0.834209
-0.978428
-0.870484
0.887792
1.000000
0.731772
0.209686
-0.993162
0.966346
0.035879
0.826312
0.171815
-0.260327
-0.595154
-0.204712
1.000000
-0.560636
0.089353
-0.576200
0.217663
-0.274010
0.390075
0.135735
-0.899377
0.902497
0.684285
0.274296
0.769011
-0.424015
0.170259
0.585413
0.035425
0.068052
-0.324623
-0.693987
1.000000
0.094677
1.000000
0.272183
0.117285
0.988804
-0.540345
0.491948
-0.951112
0.891386
0.084495
-0.711744
0.204666
-0.892023
0.641402
0.581464
-0.994913
0.779632
-0.338875
-0.358239
1.000000
-0.089618
-0.451888
0.923675
-0.988550
-0.603284
-0.735444
-0.310713
0.551761
0.508681
0.308797
-0.249179
0.623673
-0.546896
-0.005718
-0.235235
0.522674
0.220149
-0.358134
0.966862
0.443880
0.167478
-0.503954
-0.770745
-0.793165
-0.724223
-0.857421
0.265914
0.496943
-0.073969
-1.000000
-0.045818
-1.000000
-0.372590
1.000000
0.276109
-0.846433
-0.722684
0.970896
0.336726
-0.221492
-0.931175
-0.175038
0.354881
0.299541
0.458862
0.219625
-0.984410
-0.125833
-0.346294
0.416743
-0.796520
1.000000
-0.000029
-0.379710
0.742458
-0.972728
-0.313029
-0.635394
0.870341
-0.486125
0.618446
-0.233607
-0.281050
0.555734
-0.912555
0.332834
-0.594024
0.789067
0.648275
-0.120303
-0.385055
-1.000000
-0.138742
0.080892
1.000000
-0.237145
0.033891
0.414297
0.611909
-0.824547
-0.608892
0.582478
0.317811
0.526201
-0.346172
0.849132
0.009948
-0.472606
-0.748841
-0.470251
-0.130251
-1.000000
-0.348533
-0.564656
-0.078876
-0.889886
0.064635
-1.000000
-0.868546
-0.411678
-0.261924
0.903882
0.185165
-0.240389
0.730904
0.601854
-0.417802
-0.505272
0.330114
-0.376360
-0.000516
0.817160
0.216552
0.506519
0.877943
-0.833575
0.654015
-0.649329
-0.518704
-0.982415
0.738875
0.755386
-0.367635
-0.689699
-0.194473
-0.581139
0.142263
-0.747620
1.000000
-0.623525
-0.713117
-1.000000
0.172825
-0.650078
-0.774324
0.712213
0.017143
0.192892
0.532706
0.404629
0.257838
-0.792074
1.000000
-0.466361
-0.456775
-0.386107
0.534609
0.447242
0.644085
0.350875
-1.000000
0.177051
-0.034600
0.323301
0.407816
0.572851
0.064131
0.356069
0.014483
-0.263558
0.024766
0.559540
-1.000000
0.112248
-0.691495
-0.755380
-0.073805
-0.464458
0.262713
-0.448730
-0.271309
-0.587267
0.257883
-0.690659
0.268820
0.473088
-1.000000
0.434766
-1.000000
0.144337
-0.147868
0.840922
-0.065887
0.864310
-0.289771
-0.559205
0.706909
-0.481435
0.284169
-0.454458
-0.751837
-0.363829
0.478283
-0.457372
-0.351357
-0.142560
0.514480
1.000000
0.824552
-0.168281
1.000000
-0.027674
0.046648
0.689549
-0.860169
-0.638533
0.430888
0.559524
0.475892
-0.940027
-0.773807
-0.963142
-0.930980
-0.861693
-0.710855
-0.009862
0.265448
0.966633
-0.877131
-1.000000
0.019679
0.843762
0.435330
-0.743661
0.277997
-0.459328
-0.649114
1.000000
0.943210
0.244227
-0.373803
-0.394219
-0.516549
-0.068682
0.381520
0.572265
0.724698
-0.205928
-0.188574
-0.223412
-0.150440
0.163033
-0.547254
0.937757
-0.174334
-0.129689
0.710664
-0.708920
-0.461248
0.348825
0.235052
0.673209
0.893792
0.393377
1.000000
-0.028472
0.239523
-0.668805
-0.395554
-0.890321
-1.000000
0.614871
-0.699863
0.125970
-0.528792
0.504541
-0.860090
-0.973097
-0.548702
0.086291
1.000000
0.509557
0.328925
0.151420
-0.535694
-0.326258
-0.171447
-0.108587
-0.818243
-0.064319
-0.677212
0.697698
-0.971270
0.757247
-0.854764
-0.015470
0.200412
0.001936
1.000000
-0.546001
-0.786125
-1.000000
-0.138311
0.204734
-0.617462
-0.481682
0.434875
-0.847869
0.510851
-0.249011
0.626475
0.675996
-1.000000
1.000000
0.669402
-0.582175
-0.598852
0.728364
0.045318
-0.983064
-0.838273
-0.570661
-0.565226
-0.012609
-0.862638
0.738488
0.120287
-0.385353
0.092850
0.367827
-0.974522
0.029837
-0.144451
-0.559850
-0.386740
-0.773683
-0.213521
-0.081946
0.935954
-0.019328
-0.805951
-0.123587
-0.649680
0.223608
0.769270
0.587284
0.805155
0.782250
-0.007179
-0.704315
0.941322
0.104399
-0.408284
0.418520
0.295422
0.209761
-0.362462
0.213199
-0.539499
-0.044565
0.166277
0.606370
0.236834
-0.477952
-0.773165
0.260350
0.528465
1.000000
-0.575331
-0.240512
-0.605489
0.050106
1.000000
-0.004825
0.846311
-0.496397
-0.213253
-0.652737
-0.458976
-0.257159
1.000000
0.306592
0.308145
0.194863
-0.830070
1.000000
0.064165
-0.513718
0.098056
0.836456
-0.271707
-0.036132
-0.092171
-0.768971
-0.114574
0.241785
-0.128405
-0.060974
-0.795523
0.879568
-0.062643
-0.798863
-0.694294
0.581474
0.944970
-0.104278
0.252007
-0.653040
0.645415
0.302537
0.988077
0.093033
0.510799
0.111737
-0.939791
-0.658050
1.000000
0.421323
-0.940524
0.880829
0.331283
-0.332289
0.229439
-0.965728
-0.503976
-0.998049
-0.824581
-0.360303
0.296902
0.704392
0.310240
0.414691
-0.388841
0.445750
0.827435
0.140082
-0.039977
-0.189747
-0.603288
-0.275653
-0.008012
-0.014520
0.272350
-0.686992
0.156804
-0.363724
-0.041655
-0.987526
-0.570931
-0.846508
-0.450195
0.799543
-0.264403
-0.308160
0.798998
0.600264
-0.539607
-0.069964
-0.404618
-0.412598
-0.055306
1.000000
0.663258
0.209072
0.848393
0.149362
-0.537072
0.551092
-0.055032
-0.193939
0.073727
0.634090
-0.290369
0.948851
0.012343
0.819076
-0.134110
0.188021
-0.951871
-0.796943
0.108464
0.865764
-0.834215
0.717584
-1.000000
-0.339064
0.949864
0.140594
-0.210494
-0.097145
0.734215
0.236980
0.057125
-0.087188
0.120765
0.545411
-0.958583
0.292217
0.353750
-0.536990
0.342007
0.329521
-0.764165
0.071032
-0.032218
0.406882
0.595772
-0.377728
-0.771534
-0.209744
0.566037
-0.462296
-0.065170
0.746044
-0.046057
-0.555647
0.842888
-0.389728
-0.064935
0.612593
-0.884533
0.135157
0.157040
0.535905
-0.410153
0.416682
-0.157582
-0.889283
-0.132664
0.782580
-0.280679
-0.570980
-0.303920
0.514121
0.960712
-0.744149
0.014508
-0.021601
0.227925
0.158876
-0.922282
0.385208
0.817520
-0.515327
-0.575118
-0.579471
-0.728214
-0.101040
0.142613
0.208023
0.598124
0.467590
0.334148
-0.045526
0.215426
-0.145192
-0.123053
-0.245952
0.036967
1.000000
0.294486
-0.736542
-0.512644
-0.053240
-0.973704
-0.500572
0.073313
-0.668581
-0.782841
0.395833
0.495878
-0.749703
0.370982
0.199801
-0.781736
0.744079
0.783667
-0.935337
0.580762
-0.287738
-0.513358
-0.001084
0.448407
0.735401
0.717832
-0.677402
0.067935
-0.758304
-0.765404
-0.864188
-0.677035
0.075891
0.936930
-0.882013
-0.875352
0.143192
-0.007533
-1.000000
0.693534
0.065216
0.916913
-0.169706
-0.269627
-0.773299
-0.030830
-0.156214
0.666318
0.652355
-0.424758
0.138618
-0.826863
-0.910241
0.068054
-0.464198
0.353827
0.301115
0.573877
-0.739785
0.028639
-0.044921
-0.353735
-0.695247
0.008827
0.203366
-0.358839
0.991557
-0.443018
-0.069046
-0.215745
-0.292288
0.697723
0.837407
-0.801601
-0.539410
0.051444
0.047080
0.105974
0.247764
0.002759
-1.000000
0.690068
-0.861650
0.076099
0.657284
0.466900
-0.406063
0.586608
0.606789
-0.234478
0.570491
0.980165
-0.963156
0.987116
-0.155413
0.128032
-0.080507
-0.744887
0.701316
-0.260494
0.000546
-0.958003
0.223225
-0.078995
-0.271655
0.695887
0.104367
-0.028380
1.000000
-1.000000
0.355833
-0.700118
0.137892
0.374360
0.357165
-0.355250
-0.717663
-0.543861
0.063844
0.007215
0.213397
1.000000
-1.000000
0.332938
0.034126
0.675244
0.983687
-0.028001
0.252801
-0.824723
-0.948610
0.464219
0.240675
0.503008
-0.063777
0.560475
-0.644101
-0.023287
-0.299355
-0.414850
0.462377
0.212299
0.688622
0.934176
-1.000000
0.840272
0.371282
0.338494
0.464637
0.100115
-0.912513
-0.075404
-0.557590
0.239106
1.000000
0.874079
0.030147
-0.125169
-0.160788
-0.235848
-0.688654
0.708835
0.148411
-0.768195
-0.022607
-0.598757
-0.088266
-0.140384
-0.822113
-0.207693
0.595049
-1.000000
0.976323
0.298168
1.000000
0.552324
-0.829255
0.877431
-0.534289
-0.134060
-0.980115
-0.089384
-0.011232
-0.326680
-0.239454
-0.969745
-0.516327
0.192897
-0.506862
-0.582447
0.389049
0.945227
0.004763
0.532439
-0.005817
0.341130
0.705093
-0.155313
-1.000000
0.445645
0.875263
0.790623
-0.811406
-0.006646
-0.001240
-0.221409
0.459119
-0.751076
-0.700179
0.746605
-0.983852
-0.406766
-0.772720
0.349008
-0.973228
-0.996586
-0.210896
0.507608
-0.907966
-0.417086
0.470351
0.882592
-0.004419
-0.935954
-0.528596
-1.000000
0.194947
0.126494
0.334278
0.538770
0.443062
-0.768392
-0.869498
0.519458
-0.865956
-0.489973
0.745771
0.067894
-0.274256
-0.146199
0.289397
1.000000
-0.396853
0.297265
-0.418332
0.057617
-0.965527
-0.922792
0.935881
0.291348
-0.807737
-0.889651
0.196843
0.697111
0.776526
-0.685610
0.975199
0.243670
-0.625729
-0.153142
0.394314
-0.863207
0.800874
0.230371
-0.135144
-0.292653
0.494377
1.000000
-0.066944
-0.344745
-0.789757
-0.451709
-0.082533
-0.347754
-0.440193
-0.952083
0.906812
0.338949
-0.481205
-0.036021
0.442831
0.610550
-0.247906
-0.611086
-0.147572
0.165334
0.311259
-0.791581
0.507445
0.354264
0.280829
0.498786
-0.318503
-0.332268
0.238922
0.477947
-0.435294
0.249361
0.539766
-0.299638
-0.936249
-0.891822
-0.769161
-0.259796
0.949237
1.000000
-0.278038
-0.130722
0.794031
0.538777
0.084140
-0.560010
-0.791211
0.216224
-1.000000
-1.000000
-0.206537
0.078898
-1.000000
0.723656
0.973311
0.207744
0.950059
-0.512638
0.044525
0.039448
0.583587
0.727064
0.061912
0.444249
-1.000000
-0.676858
0.547557
-0.256134
-0.184203
1.000000
0.606567
0.378603
-1.000000
-0.480480
0.118121
-0.846174
0.532355
-0.567590
0.689642
0.210369
-0.658039
0.102020
-0.272477
0.565586
0.574289
0.561528
0.666620
0.439622
0.273777
-0.678974
0.869101
-0.568178
-0.680718
-0.322892
0.908897
0.750101
0.636524
0.351107
1.000000
-0.846870
0.270061
0.967895
-0.609457
-0.560839
-0.216063
0.678350
0.491690
0.423359
-0.966527
0.952340
0.691043
-1.000000
-0.509243
0.222534
0.427669
0.940636
0.108928
-0.847429
-0.786423
-0.525687
-1.000000
0.117526
0.638188
-1.000000
0.496834
1.000000
0.809715
-0.413055
0.836450
-0.268636
-0.153420
-0.920434
-0.212627
0.004755
0.838310
0.026933
0.110808
-0.127523
0.256402
-0.503830
-0.877707
0.954394
0.310287
0.531197
0.962635
0.921723
0.480387
0.605196
-0.415938
0.305449
0.149447
0.811938
0.602302
0.167188
0.206766
-1.000000
-0.938216
-0.634454
-0.911402
-0.361839
-0.580078
-0.019576
-0.321658
0.177471
0.639045
0.429522
-1.000000
-0.809732
-0.685594
0.016313
-0.880198
0.164579
0.005661
-0.990177
-0.059356
0.167333
-0.373944
-0.376935
0.628309
-0.458918
-0.297232
-1.000000
-1.000000
0.157126
0.122956
-0.893853
-0.375386
-0.749176
-0.026232
1.000000
0.055087
0.099789
0.422003
-0.303315
0.950707
1.000000
0.127201
-0.716481
-0.071540
0.034640
-0.885758
-0.785740
-1.000000
0.504856
0.242794
-0.391874
-0.783188
0.258329
-0.748474
-0.959559
-0.098398
0.405956
-0.606518
0.864561
-1.000000
0.249184
0.895355
-0.247147
0.099394
-0.841987
0.353702
-1.000000
-0.754353
0.663392
0.256852
0.332635
1.000000
-0.057831
-0.107213
0.351052
-0.673268
0.965933
-0.263780
0.115701
0.059975
-0.047883
0.814192
-0.109102
0.040526
0.102429
-0.074203
-0.165769
0.689029
-0.825610
0.532557
-0.094290
0.106795
0.331644
-0.463813
0.497633
0.406180
-0.160281
0.087484
0.292428
-0.935729
-0.036269
-0.583409
-0.541055
-0.725478
0.562492
0.074808
0.356651
-0.813703
0.240599
-0.155522
-0.729647
-1.000000
-0.524017
1.000000
0.165114
-1.000000
0.183434
1.000000
0.178126
0.214861
0.621212
-0.856639
-0.054422
0.555675
-0.831751
0.105537
-0.561043
-0.403152
0.062190
-0.106004
0.529722
-0.258989
0.077595
0.938452
0.161316
0.665279
0.607905
0.631317
-0.814664
-0.357921
0.574661
-0.102461
-0.359386
-0.315599
-0.513994
-0.155283
-0.091541
1.000000
0.970582
0.350492
-0.686726
-0.158242
0.772832
0.504321
-0.263268
0.348887
0.018870
0.215946
0.939717
0.505672
-0.861307
0.798962
-0.042403
0.088570
-0.217732
-0.775316
1.000000
0.902496
0.040251
0.399574
0.675339
0.685561
-0.828668
0.892693
0.338395
1.000000
-0.300324
-0.107635
-0.820901
-0.122667
-0.291610
0.231852
0.419945
-0.237953
-0.103598
0.888032
-0.718950
-0.100333
-0.067845
0.250244
-0.500461
-0.949577
-0.243112
0.337767
0.134464
-0.340126
0.077594
-0.383948
-0.227565
-0.912068
-0.455054
0.420495
0.651815
-0.691217
-0.582401
0.435356
0.049836
-0.397750
0.110194
0.713370
0.224451
0.971289
0.681601
0.419144
0.863130
-0.398706
-0.262914
0.082254
0.898231
-0.148830
-0.425887
-0.319284
0.943873
0.087880
0.905485
-0.092298
-0.175575
0.182760
-0.265889
-0.200433
0.738984
0.117495
-0.839125
0.343012
-0.920545
0.795029
-0.430629
0.162907
-0.936911
-0.865276
-0.762843
-1.000000
-0.943672
0.306139
1.000000
0.203779
0.380199
0.483616
0.327016
-0.886253
0.385353
0.483432
-0.790830
0.357332
0.408071
0.155588
-0.403959
-0.777155
-0.907907
0.366397
0.874881
-0.769573
0.155737
0.383418
-0.113304
0.445134
0.292416
0.544199
-0.310797
0.128767
0.399663
0.272362
1.000000
0.725920
-0.172910
-0.760528
0.422213
0.685832
-0.881729
-0.026607
-1.000000
-0.925283
-0.776833
-0.976953
-0.087017
0.056003
0.601581
0.781473
-0.307929
0.287205
0.127373
0.126312
-0.378750
0.535982
-0.070561
-0.059889
-0.139197
-0.673123
0.831991
0.626163
-0.951640
-0.862931
0.628092
0.720624
0.032202
-0.721170
0.236252
-0.483163
-0.866896
0.602341
-0.589720
0.980229
-0.619645
-0.027015
0.572978
-0.965339
0.779924
0.546358
0.755208
0.240731
-0.691744
-0.241969
0.537720
0.506292
-0.432201
-0.868115
0.894831
0.212381
-0.326769
-0.052760
-0.261638
-0.531428
0.050520
0.127390
0.056712
-1.000000
-0.228167
0.038097
-0.698776
0.043556
0.302715
0.523707
-0.808755
-0.913229
-0.275937
0.355619
1.000000
0.322197
-0.549747
0.600433
0.045522
0.142651
0.837670
0.175500
-0.507295
0.547982
0.182256
-0.012746
-0.455607
0.466773
1.000000
0.943873
-1.000000
-0.485826
0.302346
-0.402959
0.121551
-0.783077
0.545642
-0.260444
0.316415
1.000000
-0.498948
-0.411278
0.047833
-0.665982
0.706186
-0.645147
-0.384891
1.000000
-0.779210
-0.722960
0.361180
0.259233
0.867986
1.000000
0.593627
0.989357
0.230050
0.572648
-0.241404
0.849626
0.435027
0.975350
-0.498982
-0.265138
-0.766424
0.283337
0.177942
0.986864
-1.000000
0.301995
-0.015311
-1.000000
0.069722
-0.534041
0.244542
0.202709
0.011414
0.054583
-0.216749
0.034329
0.816057
0.612687
-0.940007
-0.380417
0.864619
0.548568
0.669000
-0.189080
-0.030951
0.940902
-0.756372
-0.169322
0.132696
0.521650
-0.459618
-0.050852
-0.102518
0.829821
0.359025
0.032288
-0.045945
-0.458082
-0.024848
-0.463003
0.722972
-0.446166
0.748741
-0.469238
-0.354518
0.420741
0.025299
-0.547331
0.302110
0.873200
0.009756
0.106630
0.142438
-0.834421
0.342644
1.000000
-0.121877
-0.591339
0.928668
-0.838231
-0.613839
0.970529
-0.787238
-0.823651
-0.020105
-0.478175
0.659396
0.528348
0.813284
-1.000000
-0.644092
0.375237
-0.938525
-0.447896
-0.878757
0.990124
-0.357277
0.387812
0.222092
0.487196
0.312983
0.843982
0.626066
0.700617
0.204405
-0.156814
0.115746
-0.479983
-0.847877
-0.025148
0.024285
0.855766
-0.686845
0.568981
0.996052
-0.740616
-0.303639
0.831620
-0.254244
0.838015
0.538445
0.838939
0.487089
0.402703
-0.008886
-0.234999
0.015433
-0.193552
0.691815
-0.416141
-0.130455
-0.665385
0.860437
-0.478476
-0.539520
0.031394
-1.000000
-0.248171
-0.048009
-0.812957
-0.737329
0.815997
0.617085
-0.895398
-0.964250
-0.185057
0.449336
0.395634
0.709625
-0.720940
0.566743
-0.330893
0.880910
-0.322344
0.819442
0.103982
0.012235
0.657025
-0.862242
0.014810
-0.412787
-0.767969
0.847471
0.801995
0.261143
0.298019
0.015053
-1.000000
-0.546210
-0.937910
0.201139
0.078315
0.215287
0.324493
0.767343
-0.763167
0.225743
0.978823
-0.743495
-0.080756
-0.215240
-0.154934
0.246160
-0.052427
-0.820109
-0.158528
0.368064
-0.642475
-0.617812
0.435735
-0.040056
-0.831897
-0.515056
-0.333714
-0.444146
0.599485
-0.260184
0.135886
-0.003155
-0.192309
0.830785
0.461697
0.457105
1.000000
0.551994
-0.152864
-0.591413
0.678192
-1.000000
-0.245643
0.906603
0.278113
0.818113
0.594992
-0.427892
0.317391
0.020871
0.689792
0.916420
-0.113565
-0.610733
-0.875366
-0.552634
-0.509095
0.373241
0.249030
0.901844
-0.238455
0.614546
-0.031094
-0.055705
-0.536301
-0.340416
0.760806
0.838680
0.765609
0.032885
-0.337578
-0.710240
-0.428915
-0.618793
-0.867815
-0.932949
-0.509010
-1.000000
0.192694
-0.433303
-0.247737
0.027843
0.769160
0.017754
-0.755723
0.887673
0.181664
0.114533
0.340171
-0.904241
-0.170986
-0.182034
0.195328
0.832514
0.902601
-0.720230
-0.399528
0.777320
-0.966796
0.855345
-0.094314
0.745377
0.365905
-0.385971
0.252533
-0.036515
-0.483957
-0.274445
-0.897985
0.793946
0.094973
-1.000000
-0.149385
0.598205
-0.061414
-0.871264
-0.494102
-0.588824
-1.000000
0.357760
0.825398
-0.586805
0.576901
-0.702558
-0.179627
-0.919245
-0.647793
0.736325
-0.973800
0.317599
1.000000
0.114595
0.191246
-0.022182
0.022116
-0.691707
-0.085829
-0.933650
-0.425336
0.869341
-0.815444
-0.383294
-0.951322
1.000000
0.239557
-0.086027
-0.819020
-0.787026
-0.542768
-0.413503
-0.758608
0.184691
-0.517015
0.192939
-0.937388
0.554312
-0.411907
0.195163
0.059388
-0.189283
-1.000000
0.941940
-0.174740
-0.546840
-0.270783
-0.540710
0.158676
-0.589825
0.941854
0.932615
-0.957830
0.836866
0.951770
0.381679
-0.310439
0.672805
-0.996233
0.865851
0.487046
0.443800
-0.152571
0.956620
-0.015180
0.896454
-0.665381
0.201207
-0.271057
0.550030
-1.000000
-0.119970
0.394141
0.162080
-0.327811
-0.234090
0.123547
0.685849
0.305805
0.806599
0.607911
0.788639
0.363039
0.039991
0.649763
0.711205
0.365995
0.930058
-0.060479
-0.299977
0.005262
0.362682
-0.855983
0.082239
0.417247
-1.000000
0.654136
-0.960536
0.801947
0.816166
-0.955080
-0.771699
-0.831683
0.519795
0.513243
-0.602252
1.000000
-0.887411
0.851647
-0.330037
-0.808052
0.123357
-0.707978
0.543825
-0.454754
-0.182741
-0.214302
0.944500
-0.738619
0.558981
0.252641
0.953512
0.785941
0.447581
-0.213064
0.063991
0.451602
-0.131123
-0.027369
0.478782
0.691285
0.543845
0.692020
0.115272
-0.423278
-0.400718
-0.314315
0.229065
0.496422
0.786706
-0.280449
0.447612
-0.582432
0.365919
-0.144836
0.152092
-0.708510
-0.179114
-1.000000
0.053056
0.203192
-1.000000
-0.370135
0.006081
0.745740
0.708815
0.184726
0.254728
0.641236
0.106180
-0.248122
-0.952423
-0.460292
-0.096287
-0.525096
0.074487
-0.053585
-0.223244
-1.000000
0.387551
-0.494054
-0.212555
-0.279266
-0.361542
0.516177
0.674574
0.449957
0.678030
0.630309
0.967925
0.542984
0.183936
0.235953
-0.170407
-0.444880
-0.241821
0.495368
-0.257439
-0.222745
0.543910
0.760122
0.973090
1.000000
1.000000
-0.495755
0.928054
0.888457
0.001276
0.865487
0.157160
-0.233081
-0.052238
0.334941
-0.211956
0.412256
0.765463
0.667229
1.000000
0.742792
0.202717
0.538077
0.178589
0.415801
0.233835
-0.253090
-0.680017
0.660939
-0.394389
-0.119105
1.000000
0.470458
-0.410631
-0.201791
-0.640321
0.278457
-0.069485
0.461731
0.656372
0.954293
0.778504
-0.005331
-1.000000
-0.776444
0.297941
-0.131995
0.299468
0.966432
0.651922
-0.037063
-0.187162
0.299175
0.523406
-0.114727
0.146118
-0.731299
0.338377
-0.990687
-0.515213
-0.584127
0.286259
0.825916
-0.716813
-0.679357
0.278096
-0.976523
0.058834
-0.756790
0.409147
-0.976380
0.406230
0.796476
0.369138
-1.000000
0.455341
-0.872494
-0.041178
0.894808
0.113013
-0.261426
0.065242
-0.148334
-0.900984
-0.175733
-0.487497
-0.393903
1.000000
1.000000
-0.562910
0.997873
0.608589
-0.960205
-1.000000
0.098662
0.593043
0.518610
0.846490
-0.164345
-0.752374
-0.012475
0.373456
0.273954
-0.253863
-0.449958
0.367423
-0.955716
0.381793
-0.818170
0.275335
0.478857
0.731732
0.331606
-0.268075
-0.224602
0.219443
0.080807
0.343230
-0.138527
-0.350286
0.159182
-0.685640
-0.060401
0.435338
-0.339295
-0.113801
-0.681651
-0.872856
0.363646
-1.000000
-0.130281
0.482453
0.286738
-0.942888
0.043851
-0.262969
0.216712
-0.346443
0.508546
0.996075
-1.000000
0.341676
-0.447690
0.288934
0.768336
-0.662905
0.317885
0.918893
-0.235382
-1.000000
-0.200922
0.559670
1.000000
-0.538142
0.392896
0.674894
-0.093721
0.998218
0.832331
0.013720
-0.861647
-0.070053
0.182800
0.486861
-0.160795
-0.440931
-0.517705
-0.638858
-0.426510
-0.071709
0.938198
0.913402
1.000000
-0.126856
0.393638
-0.522302
0.551495
0.284926
0.599637
-0.208227
0.618719
-0.600338
0.495721
0.274037
0.398957
0.477159
-0.416163
-0.702641
0.128269
0.489633
-0.151879
-0.477374
-0.076294
-0.994326
0.096169
-0.089123
-0.125158
-0.603949
1.000000
0.073664
-0.813299
-0.005896
-0.588574
-0.577853
-0.033109
0.405387
-0.772680
-0.095168
0.602913
0.239619
-0.006702
0.613795
-0.983462
-0.421936
-0.101604
-0.153565
-0.323074
0.786509
-0.875512
0.784094
-0.568242
-1.000000
0.792162
0.121320
0.412570
-0.344640
0.573815
0.528494
-0.135318
0.051649
-0.213523
-0.235828
-0.091970
-0.400906
0.016753
-0.222199
0.592915
-0.038918
-0.618344
1.000000
-0.021370
0.523111
-0.279793
-0.285313
1.000000
-0.928144
1.000000
-0.530900
-0.168647
-0.292605
0.427320
0.329185
-0.541324
0.044746
-0.752524
0.452383
-1.000000
0.653670
-0.131075
-0.810021
-0.403784
0.741791
-0.015624
0.996722
-0.996048
0.726520
0.371716
-0.322845
0.572460
-0.194397
-0.275301
-0.653829
0.059032
-0.848780
0.917778
0.021514
0.701805
-0.378343
-0.029928
0.358051
-0.151064
0.477265
-0.646108
-0.421098
0.715328
0.366271
-0.736609
-0.822575
0.862652
-0.603770
-0.195943
0.305041
0.795851
-0.651264
0.550580
-0.505186
0.838471
0.538975
0.541848
0.832759
0.459568
0.869792
1.000000
1.000000
-0.889015
0.389900
0.906839
-1.000000
0.886779
0.665774
0.108967
-0.364140
0.085840
0.478750
-0.377254
-0.279767
-0.579946
-0.554757
-0.156410
0.516941
0.283021
-0.914655
1.000000
-0.182788
-1.000000
1.000000
-0.152787
-0.708677
-0.203407
0.248171
-0.169602
-0.434627
-0.773886
-0.934025
-0.614630
-0.074633
-0.039119
-0.726794
0.291350
0.145204
0.598089
-0.826751
-0.113774
0.547830
-0.367942
0.752692
-0.448658
-0.941720
0.605360
-0.684829
0.559706
-0.173223
-0.639343
0.113485
-0.657860
-0.280065
0.871402
0.705531
0.917982
-0.221340
-0.286202
0.769848
-0.820819
0.043228
0.954529
0.301420
-0.176954
0.680075
0.065068
0.484601
0.725971
-0.062024
1.000000
-0.825261
0.730085
-0.890361
-0.176235
0.085677
0.421719
-0.190323
-0.480190
-0.877226
0.203940
0.961014
-0.097779
0.206271
-0.993578
1.000000
0.318426
0.320486
-0.884707
0.447398
0.050200
0.020779
-0.223754
-0.548249
-0.030456
0.893813
-0.586226
-0.293492
-0.677964
-0.544048
0.479667
0.959721
-0.091169
-0.956029
0.562495
-0.682533
0.416280
-0.875486
-0.927762
-0.622887
0.557292
-0.955082
-0.487619
-0.046129
-0.296702
0.209184
-0.405727
0.348472
0.380961
-0.746720
0.219776
-0.866876
-0.814794
-0.086935
0.689554
-0.454548
0.335156
0.011538
0.448337
0.716928
-0.954769
-0.181081
0.482374
0.035572
-0.717483
0.505759
0.896864
-0.746847
-0.543663
0.703109
1.000000
0.329290
-0.570203
0.458199
-0.507645
0.527259
0.025252
-0.488560
0.102619
0.603029
-0.786263
-0.488645
-0.565553
0.855616
-0.270435
-0.299035
-0.333328
0.539884
-0.831088
0.546141
-0.844471
0.904980
-0.561200
0.877848
-0.903587
1.000000
-0.020975
0.929297
-0.532106
-0.225394
0.916142
0.633209
1.000000
1.000000
0.697818
0.677735
-0.859582
-0.675316
-0.944509
-0.388442
1.000000
-0.216147
-0.345647
-0.143212
-0.397586
0.887326
0.482572
-1.000000
-0.559578
-0.800294
0.239747
-0.310639
0.567135
0.567955
0.860436
-0.545403
-0.614881
-0.758079
-0.538846
0.270844
0.121807
-0.303011
-0.179011
0.704509
0.506040
0.679782
0.036008
-0.406064
-0.458503
-0.651824
-0.789883
0.450122
1.000000
-0.351031
0.140289
0.395820
-0.782620
0.040704
-0.731353
-0.349494
0.663211
-0.010673
1.000000
-0.281483
-0.430633
-0.602521
0.238136
0.025339
0.194777
-0.477301
-0.870400
1.000000
-0.427326
-1.000000
0.451432
0.101545
-0.960464
-0.347100
1.000000
1.000000
0.611734
-0.912575
0.904202
-0.752002
-1.000000
-0.835053
0.263713
0.436498
-0.757919
0.908703
0.196347
0.471371
0.346899
0.453925
-0.180997
-1.000000
-0.916924
-0.348771
0.930902
0.619964
-0.872021
0.623480
0.393272
-0.221516
0.205495
-0.309778
-0.711303
0.514188
0.329577
-0.354716
0.552233
0.278084
-0.667553
1.000000
-0.185351
-0.473903
0.308495
0.647647
-0.937973
-0.722943
0.208341
-0.144436
0.795909
1.000000
-0.709441
-1.000000
-1.000000
-0.687290
-0.707372
0.264957
-0.790311
0.851884
0.829101
-0.245314
0.041245
0.283383
-0.140399
-0.034385
0.864249
-1.000000
0.468153
-0.163887
-0.924421
0.448475
0.155478
-0.326805
-0.427536
-0.414017
0.481982
0.451542
0.529348
-0.092576
0.235355
1.000000
-0.013696
-0.403637
0.368553
0.460502
0.698650
-0.416361
0.621051
-0.409491
-0.487481
-0.774361
1.000000
-0.305822
-1.000000
-0.004019
0.664727
-0.826403
0.312551
0.878307
-0.675002
-0.087914
0.550110
-0.572003
-0.141656
0.030834
0.387053
-0.477013
-0.331311
-0.052554
-0.047166
-0.564368
-0.286943
0.416064
-0.164957
0.928828
-0.259892
-0.999410
-0.048870
0.057313
-0.352721
-0.891960
0.019347
-0.086342
-0.208394
-0.932841
0.556246
0.291420
0.770525
-0.902251
-0.141379
-0.563435
-0.960889
0.542273
0.271536
-0.240185
-0.909275
-0.219243
-0.384964
0.013787
0.217936
0.380268
-1.000000
-0.014639
0.413647
-0.262859
-0.601751
0.639928
-0.290565
-1.000000
-0.114993
-0.212992
-0.460533
-0.895412
0.036359
-0.488994
0.598674
0.767070
-0.348810
0.215384
0.043651
0.175814
0.882941
0.338041
0.712103
-0.240319
-0.169544
-0.970773
0.093092
-1.000000
0.991316
-0.216400
-0.215964
0.527759
0.204670
-0.995664
-0.255874
-0.319406
0.285985
1.000000
-0.187375
-0.369257
-0.053421
-0.137591
-1.000000
-0.896476
-0.090935
-0.798543
0.643509
0.797445
0.870685
-0.169787
-0.756961
-0.132994
-0.365838
0.486950
-0.387547
0.348133
0.319813
0.049706
-0.973728
-0.429042
0.961151
0.222530
-0.588916
-0.949272
0.694807
-0.107588
0.404684
0.649595
0.340766
-0.032364
0.129842
-0.241107
0.301247
0.859297
0.448695
0.616342
-0.807957
0.258551
-0.299943
0.606055
-0.190067
-0.454406
-0.499132
0.350394
-0.115764
0.949227
0.094757
-0.338129
0.365735
0.223977
0.310129
0.493193
0.211859
-0.209566
-0.766505
0.119474
-0.008564
-0.464380
-0.405305
-0.381019
0.656300
0.111456
-0.157923
0.089089
0.540120
0.520520
0.854305
0.332905
-0.722334
0.266979
0.052519
-0.783254
-0.584686
-0.089127
0.076987
0.267671
0.968620
0.257640
0.047139
-0.585465
-0.288372
0.499032
-0.621266
0.407113
-0.065704
-0.663127
-1.000000
-0.852616
-0.222972
-0.215805
-0.610651
1.000000
0.173976
0.382570
-0.289237
-0.123288
0.322021
-0.988165
0.233173
-0.704217
0.289519
1.000000
0.661899
-0.494010
0.229237
0.747495
-1.000000
0.197623
0.300734
-0.050727
0.157173
-0.470079
0.350661
0.027525
-1.000000
-1.000000
0.852316
-0.239155
-0.594439
-0.378063
0.326473
0.451197
0.169225
-0.421546
-0.045356
0.054317
-0.010305
0.329661
0.661998
0.726863
-0.805657
-0.950611
-0.433297
-0.988625
-0.633034
-0.001601
0.268477
0.634122
0.822378
0.245849
-0.668820
0.532329
-0.829332
0.121363
0.904554
-0.452802
0.651695
0.497740
1.000000
0.945727
-0.687000
0.460767
0.065335
-0.816349
0.687480
0.034536
-0.655884
1.000000
0.852315
0.275452
0.203576
-0.765091
-0.145341
0.163885
-0.594519
0.343309
0.570983
0.180264
-0.309642
0.580854
-0.883995
0.670337
-0.420945
-0.531457
-1.000000
0.818856
0.617938
-0.447472
0.654657
0.512209
-0.403576
0.888082
-0.174581
-0.198114
0.737918
-0.351077
0.049366
0.541647
-0.545087
-0.448609
-0.158157
0.756303
-0.225734
0.073050
-0.655920
0.874380
-1.000000
-0.419373
-0.566900
-0.504776
-0.660913
0.996585
-0.822146
-0.900062
-0.948047
0.979822
-0.084546
-0.878522
-0.706838
-0.793361
0.384926
0.891529
0.638204
0.537838
0.740347
0.340832
-0.429016
1.000000
-1.000000
-0.568108
0.108949
0.635820
-0.548658
-0.467074
0.530615
-0.054079
0.396024
-1.000000
-0.907283
-0.618418
1.000000
0.052306
-0.688863
-0.313912
0.797603
-0.957139
0.807814
-0.935374
0.638612
0.742173
-0.396564
0.687360
0.703855
0.734228
1.000000
-0.622280
-0.383436
0.993889
0.446440
-0.291504
0.879412
0.549438
0.177257
-0.390151
0.158897
1.000000
0.029041
-0.759447
-0.527304
0.427115
-0.935842
-0.872842
0.185118
-0.283718
-0.814730
0.926572
-0.054570
-0.789106
-0.343809
0.046751
0.241464
-0.865276
-0.419001
0.561375
-0.634545
0.462903
0.806904
1.000000
0.407950
0.106691
0.147917
0.656671
0.840696
-0.057441
-0.883570
0.104494
-0.791552
-0.064929
0.317090
0.067768
0.765428
-1.000000
0.910592
0.848603
0.853092
0.375468
-0.011225
0.426721
-0.260078
-0.397757
-0.213213
-0.140726
-0.666111
0.570123
0.552404
-0.043454
0.270310
-0.567014
-0.962101
-0.119962
0.718164
-0.347197
-0.753036
0.004140
0.414602
0.488732
-0.172367
-0.215820
-0.494722
-0.313123
0.265078
0.250205
-0.920823
0.567596
-0.670678
-0.239874
-0.420230
0.796521
-0.755701
0.325526
0.964593
-0.805360
0.383147
-0.023445
-0.071096
0.876431
0.247882
0.637893
0.396271
-0.171789
-0.351780
-0.658378
0.499965
0.995370
0.290367
-0.302116
-0.471082
0.503146
0.106416
-0.767296
0.321135
0.648384
-0.246167
-0.297361
0.529041
-0.012766
0.706606
-0.046729
-0.568640
-0.296640
-0.273584
0.336627
-0.623910
-0.103747
0.438153
0.509406
0.828886
-0.499026
-0.119741
0.711496
0.051900
-0.372544
-0.357615
-1.000000
-0.167753
-0.387178
-0.969916
0.907059
0.158363
0.155251
-0.269331
-0.421370
-0.247571
0.041144
-0.266180
0.652304
0.548183
-0.847421
-0.437201
0.835798
-0.760106
-0.078675
0.619144
0.025279
-0.338692
0.741974
0.433175
0.702728
-0.766640
-0.715657
1.000000
-0.893443
0.598688
0.339537
-0.032333
-0.595592
0.020421
0.276975
-0.303603
0.806273
0.627433
0.856385
-0.765086
0.436620
-0.305175
0.769237
-0.294935
0.025655
-0.568238
-0.256106
0.729232
-0.391492
0.282719
0.285139
0.516796
1.000000
0.377843
0.002298
0.764197
1.000000
0.285225
0.346766
-0.268496
0.419473
-0.742976
-0.081738
-0.672673
-0.158646
0.828626
0.277693
-0.451971
-0.653158
0.695386
-0.682425
-0.908028
1.000000
-0.885561
0.519658
-0.107751
-0.101406
0.199136
0.123462
-0.844364
-0.396282
-0.040813
-0.018278
-0.567634
-1.000000
0.148767
-0.165724
-0.739890
-1.000000
0.032758
0.419222
-0.037256
-1.000000
0.833997
0.138984
0.911249
0.315826
-0.283315
-0.714954
-1.000000
0.149683
0.743895
0.717264
-0.076410
-0.230663
0.380900
-0.296379
-1.000000
-0.494367
-0.419178
0.086775
0.554182
-0.871184
0.788458
0.271492
0.946180
-0.219835
0.485453
0.041581
-0.289007
-0.916342
-0.647840
-0.050666
-0.136566
0.912867
0.891077
0.254085
0.015420
0.511291
-0.960549
-0.127039
-0.697339
0.693670
-0.552150
0.958773
0.128222
-0.343150
0.925510
-0.302505
0.211758
-0.240215
-0.470667
0.951820
-0.108088
-0.694881
0.874119
-0.962798
-1.000000
-0.639580
-0.128627
0.483428
0.115584
0.277016
0.396536
0.599137
-0.432700
0.305403
0.835115
0.241813
0.084863
-0.399675
0.590538
0.602495
0.588976
-0.592016
-0.195125
0.967649
-0.759792
0.471847
0.576133
-0.828305
0.330103
-0.801781
0.730241
0.744036
0.042332
-0.217277
0.233388
-0.001918
0.536355
0.424013
0.229908
0.368272
-0.197143
0.477708
-0.862611
0.883322
0.993804
-0.254974
1.000000
-0.704323
-0.181242
0.906672
-0.511065
-0.354414
0.065505
-0.856405
0.590719
1.000000
0.251613
0.166056
0.131525
0.788836
0.685181
0.314151
-0.163916
0.763758
0.213178
0.470341
-0.915027
0.768362
0.162173
0.622420
-0.979081
0.161695
0.708484
0.301826
0.377313
0.180272
0.105694
-0.410299
0.200530
-0.511393
-0.516692
0.530046
0.505832
-0.943983
-0.155268
-0.471155
-0.054071
0.581127
0.840143
-0.317155
-0.284163
-0.695864
0.407381
0.215937
-0.256756
-0.773014
0.810993
0.601522
0.151794
-0.136062
0.847755
0.806089
0.096176
-1.000000
0.668993
-0.708320
0.419512
-0.477842
-0.614732
0.957371
-0.519140
-0.733204
-0.022420
-0.854831
0.937391
0.741064
-0.616351
-0.018153
-0.273147
0.105156
0.345095
-0.114971
0.648253
-0.745750
-0.258465
-0.022954
-0.324581
0.866608
0.280267
-0.498482
0.207655
0.159771
-0.880794
-0.260105
-0.281264
-0.352933
0.186027
0.898970
-0.016838
-0.123204
0.922214
-0.995700
0.241080
0.787816
-0.379959
-0.785763
-0.386292
0.689252
-0.272648
-0.094509
-0.567288
-0.185232
-0.785575
-0.967591
0.341551
-0.036149
1.000000
0.092623
-0.909230
-0.637958
-0.377055
-0.797711
-0.317772
0.713083
-0.154948
0.819496
-0.129449
0.235902
-0.822740
-0.985556
-1.000000
0.465489
0.645428
0.378955
0.710104
-0.238562
-0.139874
-0.761325
0.780566
-1.000000
-0.523477
-0.632522
0.407511
-0.346915
-0.391080
-0.073179
-0.258655
0.949838
-0.703598
-0.504673
1.000000
-0.744101
-0.330067
0.752197
0.685964
-0.215875
0.176971
-0.794722
-0.836608
-0.422084
0.677699
-0.768512
-0.608553
0.538860
-0.167596
-0.391708
0.304780
0.561950
0.671379
-0.753796
0.508372
-0.235344
0.096495
-0.558215
-0.131223
-0.756217
-0.049230
0.398304
0.472063
0.182215
-0.309381
-0.375157
-0.258041
0.463641
-0.195111
0.020267
-0.455460
-0.555862
0.734389
-0.029908
0.343402
0.967285
-0.160751
-0.147091
0.407602
0.524039
-0.315816
-0.583823
-0.988644
0.671293
0.030972
-0.385486
-0.040578
0.299659
-0.228033
0.443206
0.063736
-0.105922
0.036023
-0.608253
0.043041
0.355544
-1.000000
0.179947
0.483013
0.480682
0.482358
-0.573972
-0.896536
0.103480
0.619916
-0.485352
-0.555748
-0.211444
-0.208179
0.542613
-0.673657
0.073335
0.991504
-0.778714
0.277036
0.680242
0.291903
0.821084
-0.952781
0.495977
0.912932
0.952419
0.984638
1.000000
0.871953
0.453813
-0.236122
-0.466821
-0.148757
0.123633
0.766285
-0.109748
0.699473
-0.609436
-0.058214
0.163516
-0.790328
0.492523
-0.791852
-0.268316
0.841330
-0.550801
0.932577
0.493953
0.967319
0.232096
-0.453380
-0.585533
-0.615458
-0.717597
-0.889922
-0.036125
-1.000000
0.033740
-1.000000
0.517711
-0.914252
0.192722
0.618296
-0.312764
-0.510680
0.764360
0.723287
-0.128632
-0.587056
0.157665
-0.370449
-0.171479
0.283318
1.000000
-0.296530
0.186874
0.337845
0.052088
-0.441644
0.225554
0.642520
-0.882414
0.321994
-0.341015
0.020876
-0.125815
-0.300059
0.073484
0.082728
-0.151341
-0.404404
0.165489
-0.237451
-0.198533
0.571059
-0.209125
-0.729652
-0.920242
0.647835
-0.433914
0.808629
0.034477
-0.104008
0.800165
0.229191
-0.382030
0.351198
-0.801411
0.952064
0.598784
-0.529293
-0.459787
-0.377217
-0.153263
0.231626
0.092205
-0.062262
0.253691
0.775562
-0.280115
0.378014
-0.399420
0.996279
-0.725139
0.257484
-0.080371
0.897803
-1.000000
-0.624144
0.035699
-0.255805
0.215590
-0.529099
-0.196031
-0.759243
0.326809
0.191852
-0.236636
-0.844327
-0.868051
0.583384
0.962184
0.537609
0.755492
0.260877
-0.311585
0.744177
-0.162536
0.493113
0.809634
-0.184534
-0.720359
-0.813074
-0.022872
-0.853857
-0.213218
-0.701982
-0.850367
-1.000000
0.598249
0.293106
0.885597
0.088043
0.285089
-0.309971
-0.771527
0.260035
0.112925
-0.218952
-0.059094
0.936939
-0.071342
-0.454185
-0.749992
-0.930858
0.018131
-0.957453
0.432906
1.000000
0.483139
1.000000
0.146930
0.960935
0.611732
0.036749
-0.275046
0.068123
0.198961
0.936993
-0.143270
0.349661
-0.132344
-0.547788
-0.541637
0.205003
0.412816
-0.367686
-0.044985
-0.782846
0.419929
-0.843317
-0.011846
1.000000
0.430380
-1.000000
-0.659100
0.261416
0.872755
-0.021827
-0.964754
0.501376
0.942201
-0.229038
-0.025252
0.095463
-0.110738
-0.324477
-0.449507
0.553718
-0.841142
-0.180915
-0.649590
0.376615
-0.771798
-0.900635
-0.629940
0.561951
0.219370
-0.164318
-0.845389
-0.161542
0.457758
-1.000000
0.271004
-0.382410
0.572634
0.568063
0.033819
-0.445460
-0.660650
0.535853
-0.765785
-0.970777
-1.000000
-0.306394
-0.134676
0.818680
-0.033269
-0.934739
0.926105
0.931636
0.857080
0.267744
-0.271940
-0.058918
0.391064
-0.770327
-0.601382
-0.677287
1.000000
0.701246
-0.659858
0.221999
0.622036
-0.973841
-0.528302
-0.771199
0.764292
0.761131
-0.344444
0.160484
-0.418609
0.507762
-0.113748
-1.000000
-0.655814
-0.990684
0.318879
-0.743989
0.186088
-0.200737
0.682221
-0.071269
0.602483
-0.513884
-0.747460
-0.606571
0.593344
-0.640411
-1.000000
0.046256
-0.066345
-0.945669
0.548081
0.572093
0.078701
0.466078
-0.782595
-0.414788
-1.000000
-0.919175
0.298201
-0.046407
0.639669
-0.029234
1.000000
0.700707
0.028825
0.244418
-0.786318
-0.187220
-1.000000
0.197228
0.036271
0.241966
-0.599528
-0.320323
0.433874
-0.991195
0.078560
0.482334
0.928823
-0.144734
0.652207
-0.382714
0.785134
0.806048
-0.018979
0.439323
0.289853
0.477103
0.458434
-0.685370
0.556864
-0.982436
-0.951359
0.699870
-0.553227
0.737702
0.106589
1.000000
-0.099832
-0.578418
0.245950
0.031379
-0.515869
-0.271456
-0.187079
-0.351368
0.632922
-0.591119
-0.229403
-0.499896
-0.585346
0.353364
0.560588
-0.140940
0.590018
-0.506177
0.226311
-0.310941
-0.263489
0.105121
-0.395658
0.308834
0.176804
0.980434
0.714166
0.665881
-1.000000
-0.105605
0.706186
-0.603559
-1.000000
0.848661
0.193707
-0.674437
0.138867
0.900933
0.794100
-1.000000
-0.505702
0.397846
-0.036908
-0.971131
-0.060056
0.980428
-0.259905
-0.896826
-0.645356
-0.137690
0.604503
1.000000
0.268367
1.000000
-0.703957
-0.420232
-0.643998
1.000000
0.539254
0.228053
0.552170
-0.711824
-0.877198
0.540517
0.145630
-0.268581
0.745573
-0.370148
0.380030
0.755565
-0.997189
-0.168366
0.028145
0.746362
-0.429671
-0.381236
0.723347
0.258757
1.000000
-0.659022
0.185146
1.000000
-0.236559
0.344332
-0.355234
-0.137502
0.283561
0.082238
0.546195
0.930772
-0.058636
-0.457742
0.257757
1.000000
0.128362
-0.304065
-0.096550
-0.280057
-0.019167
0.630643
-0.430271
0.805980
-0.925847
-0.398786
0.429595
-0.552184
0.436756
-0.946301
-0.892408
-0.988680
-0.258710
-0.191607
-0.637245
0.326943
-0.116685
0.295568
-0.875454
0.213859
0.401160
-0.299199
0.074180
-0.560705
0.356643
0.016347
-0.148627
0.967834
-0.005752
-0.906135
-0.038286
0.947331
-0.000379
0.247561
-0.091854
-1.000000
0.624551
-0.727537
0.444727
-0.433785
0.385009
-0.486074
0.927045
-0.938288
-0.763782
0.868205
-0.382912
0.301883
0.106978
-0.469024
0.752636
0.224703
0.497762
0.227506
0.248847
-0.765292
0.176997
-0.306305
0.561572
0.066197
-0.658626
0.303157
0.838262
-0.110035
0.438598
-0.117035
-0.164245
-0.616180
-0.982971
-0.737544
-0.114376
0.947767
0.743824
-0.260752
-0.899626
-0.387215
-0.587398
-0.259639
0.678235
0.067964
-0.163335
-0.564949
-1.000000
-0.602650
-1.000000
0.801067
1.000000
0.327789
0.163508
-0.233350
-0.326625
0.234306
0.482831
0.602953
1.000000
-0.895198
-0.331924
0.452544
0.768071
0.683580
-0.310555
0.857533
0.419896
0.896836
0.641625
0.693250
0.451011
0.423827
-0.241855
0.587524
1.000000
0.330916
0.236648
0.174455
-0.512231
0.241281
0.479286
-0.576351
0.163972
0.257458
-0.751515
-0.748531
-0.599473
-0.488183
-0.544938
0.452395
-0.104568
0.395782
0.249969
-0.436031
-0.984902
-0.654766
-0.316850
0.710526
-0.242462
-0.260420
0.493740
0.338436
-0.737967
0.575768
0.374078
-0.926641
-0.471864
0.370215
1.000000
-0.339004
-0.330326
0.929137
-0.698383
-0.121320
-0.549269
-0.533111
-0.429775
1.000000
0.567398
0.338727
-0.469467
1.000000
-0.943490
0.014948
0.492678
-0.483234
-0.041318
0.407383
0.394375
-0.048278
-0.837276
0.599404
0.880824
-0.062491
0.733716
-0.058829
-0.190200
0.613316
0.208896
0.348828
-0.032509
0.633283
-0.153079
-0.364006
-0.066282
0.033714
0.425570
-0.020638
0.243137
0.991533
0.809877
-0.042330
0.402485
0.112721
0.483451
0.451390
-0.092907
0.324225
0.652706
0.421005
-0.566417
-0.035482
-0.806427
-0.100244
-0.104487
0.979838
-0.320218
-0.314802
0.073887
-0.052232
-0.129722
-0.857355
0.782098
-0.506631
-0.992148
-0.244995
-0.196228
0.145067
0.332335
-0.829109
-0.248230
0.405073
-0.418230
0.912862
0.146973
-0.460322
0.104619
-1.000000
0.637237
-1.000000
0.011983
-0.663686
-0.238893
-0.910440
-0.564010
0.546434
0.620123
0.035440
-0.488087
0.670537
-0.593132
0.784301
-0.798963
-0.834419
0.263277
0.552176
0.085528
-0.591152
-0.032185
0.974344
-0.077758
0.606284
-0.349315
0.007690
0.538357
-1.000000
0.364508
0.104246
-0.542333
-0.574686
-1.000000
0.538829
0.986801
-0.088406
-0.199678
0.506165
-0.342632
-0.107067
-0.593896
0.738195
0.556595
0.201733
-0.197886
0.052847
-0.888339
0.447514
0.069448
-0.150006
-0.398228
0.366871
0.840148
-0.211298
-1.000000
-0.195911
0.516601
-0.002350
0.111110
0.724907
0.355954
0.386581
0.214152
0.736584
0.125629
0.485788
-0.029897
-0.795130
0.448635
0.992620
-0.103877
-0.822362
0.651941
1.000000
0.233054
-1.000000
-0.138510
0.309761
0.627061
-0.242343
0.081915
-0.185111
-0.136015
0.117211
0.178265
-0.010814
0.013688
-0.092093
-0.023188
-0.372966
0.005505
0.058512
0.309945
0.062286
0.011229
0.041114
0.082322
0.030389
0.031137
0.062209
0.126251
0.260124
0.021953
0.080483
0.005740
0.027611
0.023114
0.106934
0.170052
0.055100
0.003409
0.002267
0.054487
0.010963
0.828725
0.036655
0.025348
0.016107
0.037537
0.027948
0.223061
0.129893
0.026578
0.014035
0.038123
0.047224
0.057197
0.088543
0.547052
0.990811
0.327775
0.030146
0.000514
0.043756
0.013978
0.017113
0.045466
0.002833
0.032988
0.548258
0.021593
0.082975
0.007833
0.070276
0.002315
0.057682
0.001600
0.131610
0.050058
0.053702
0.123154
0.925033
0.004666
0.130139
0.165328
0.004427
0.072861
0.007617
0.002999
0.008440
0.002615
0.040390
0.396893
0.013221
0.009754
0.018736
0.004965
0.008225
0.016185
0.007114
0.001926
0.288751
0.158412
0.061514
0.040483
0.027207
0.146974
0.022367
0.053931
0.029427
0.354488
0.161186
0.042914
0.553232
0.020319
0.004285
0.009864
0.016861
0.223175
0.038136
0.232754
0.120590
0.016585
0.052657
0.178146
0.311337
0.022568
0.010575
0.089402
0.151216
0.008807
0.025342
0.081619
0.001365
0.055275
0.006230
0.019314
0.006332
0.061496
0.026118
0.025908
0.334954
0.173132
0.008895
0.009623
0.084201
0.576275
0.007389
0.003169
0.031587
0.003749
0.003224
0.069435
0.062731
0.093473
0.132041
0.186017
0.014838
0.069997
0.024791
0.023367
0.197014
0.056898
0.091426
0.004949
0.083149
0.022730
0.599835
0.033647
0.230174
0.003729
0.029293
0.091858
0.064501
0.194491
0.044016
0.072094
0.039665
0.052871
0.026857
0.009497
0.200919
0.037020
0.011966
0.095037
0.199094
0.017502
0.005467
0.288953
0.004815
0.116718
0.074192
0.317484
0.079556
0.056425
0.043208
0.028136
0.161504
0.005278
0.038249
0.040263
0.201495
0.121173
0.082805
0.067688
0.040889
0.057545
0.024562
0.017183
0.108282
0.129484
0.161933
0.577347
0.122509
0.004496
0.025565
0.258794
0.026169
0.139676
0.021718
0.159881
0.091513
0.001403
0.597134
0.050496
0.046281
0.007271
0.073339
0.069128
0.031665
0.141957
0.049579
0.207998
0.002583
0.109279
0.023541
0.061847
0.318491
0.227098
0.008959
0.124249
0.002515
0.015285
0.730386
0.079101
0.079066
0.197444
0.124108
0.033874
0.031276
0.062336
0.006587
0.111926
0.013600
0.049038
0.010425
0.178118
0.133516
0.078724
0.262531
0.020655
0.045866
0.268606
0.129746
0.076773
0.022295
0.135018
0.062034
0.113908
0.183544
0.022612
0.066007
0.011314
0.036842
0.017170
0.004723
0.008896
0.012509
0.022340
0.157675
0.049979
0.119481
0.004407
0.128489
0.089832
0.468686
0.044386
0.084040
0.072621
0.153852
0.015036
0.059295
0.018723
0.015248
0.747925
0.029638
0.110490
0.041735
0.002756
0.017403
0.247742
0.094601
0.083306
0.023869
0.001303
0.256610
0.051718
0.075034
0.010438
0.005712
0.070122
0.565865
0.065908
0.323102
0.016105
0.185386
0.055313
0.059981
0.238166
0.073569
0.035127
0.013483
0.034064
0.047635
0.010529
0.013611
0.328635
0.018212
0.034067
0.098789
0.205422
0.466293
0.001358
0.013371
0.120152
0.007738
0.032170
0.006348
0.030012
0.149287
0.050037
0.058090
0.088586
0.407913
0.013013
0.036561
0.003717
0.002679
0.033872
0.024124
0.017650
0.013089
0.002407
0.225362
0.173464
0.054466
0.016689
0.011411
0.065642
0.246915
0.033976
0.002599
0.077607
0.094978
0.000340
0.226122
0.049474
0.115481
0.045498
0.203049
0.031407
0.114669
0.079448
0.049116
0.026164
0.010351
0.020033
0.052905
0.019317
0.011330
0.127719
0.081359
0.004330
0.320864
0.011940
0.013057
0.134859
0.041732
0.131977
0.007632
0.096713
0.050495
0.000729
0.457523
0.136661
0.029890
0.246762
0.431428
0.009492
0.078650
0.127686
0.020635
0.342650
0.032853
0.336744
0.010277
0.041341
0.012245
0.359601
0.161740
0.038674
0.025784
0.029537
0.198383
0.026671
0.019629
0.128821
0.033457
0.068596
0.073628
0.137047
0.108098
0.027142
0.089380
0.022980
0.100716
0.061801
0.004468
0.022102
0.003373
0.079000
0.087375
0.037654
0.047406
0.007398
0.018801
0.086098
0.032839
0.001902
0.307516
0.028828
0.012472
0.043874
0.008439
0.399977
0.024264
0.007256
0.064957
0.157521
0.131662
0.026712
0.020869
0.429633
0.002016
0.042683
0.140572
0.154481
0.309319
0.034909
0.033647
0.025559
0.032746
0.076630
0.002798
0.288839
0.097955
0.112032
0.035621
0.029196
0.056212
0.005737
0.196148
0.134659
0.014754
0.075939
0.003035
0.033949
0.059358
0.096093
0.014749
0.020415
0.018861
0.011436
0.005145
0.050021
0.020904
0.006971
0.103188
0.017460
0.172151
0.026510
0.035473
0.003155
0.653710
0.056336
0.075415
0.142361
0.025822
0.028112
0.038436
0.077185
0.010094
0.012404
0.005452
0.353217
0.056399
0.070770
0.042450
0.009849
0.541629
0.003687
0.000392
0.117615
0.045735
0.018851
0.009486
0.003555
0.019432
0.003660
0.027864
0.018099
0.084594
0.120664
0.178354
0.432455
0.035794
0.082567
0.343698
0.006248
0.014384
0.024557
0.012380
0.368813
0.001624
0.012226
0.099544
0.048065
0.032453
0.063447
0.019043
0.001380
0.051544
0.402447
0.010974
0.018930
0.320277
0.064921
0.055959
0.016197
0.338349
0.112488
0.003549
0.364719
0.005597
0.025942
0.008048
0.005127
0.043075
0.182181
0.271279
0.000810
0.019422
0.000654
0.058392
0.032646
0.395912
0.011291
0.357540
0.093693
0.003102
0.115491
0.108238
0.290751
0.000637
0.128419
0.015142
0.065211
0.742071
0.075371
0.025955
0.019230
0.001352
0.110540
0.016334
0.022729
0.229343
0.171898
0.155528
0.062865
0.093941
0.161805
0.076802
0.331552
0.005967
0.040374
0.208728
0.004491
0.138633
0.008018
0.269689
0.005586
0.031498
0.055477
0.036086
0.002911
0.060112
0.082691
0.009610
0.064244
0.026879
0.010003
0.022730
0.053778
0.009143
0.017098
0.351993
0.052983
0.369431
0.055579
0.005817
0.062439
0.007074
0.007053
0.026707
0.043511
0.969194
0.526776
0.002206
0.110243
0.094680
0.290290
0.029691
0.007808
0.017607
0.087300
0.292010
0.566013
0.024909
0.008811
0.046077
0.015961
0.078351
0.309219
0.000277
0.000427
0.193112
0.145127
0.047529
0.222852
0.010509
0.014234
0.056322
0.766644
0.026444
0.014865
0.021938
0.009993
0.008161
0.318482
0.398769
0.088476
0.056095
0.452766
0.185376
0.036512
0.117680
0.033003
0.019562
0.003999
0.007066
0.021957
0.039073
0.036284
0.015196
0.063383
0.027073
0.026024
0.052847
0.274998
0.362078
0.022032
0.371248
0.064746
0.121920
0.021172
0.043793
0.019392
0.012742
0.032228
0.009048
0.058722
0.067815
0.749021
0.002001
0.015931
0.022386
0.006439
0.112145
0.133985
0.085844
0.000706
0.118236
0.013163
0.006143
0.063382
0.312201
0.043432
0.079040
0.022254
0.214137
0.127112
0.123120
0.025090
0.217400
0.009925
0.086147
0.238610
0.153327
0.225572
0.053472
0.133381
0.121104
0.151173
0.022117
0.022936
0.076494
0.032774
0.044063
0.012457
0.133815
0.004963
0.038868
0.026037
0.026083
0.104874
0.272828
0.008315
0.072469
0.002525
0.134937
0.043687
0.028535
0.237600
0.026917
0.084507
0.019624
0.020843
0.054406
0.072257
0.002127
0.015489
0.040170
0.110778
0.012312
0.034089
0.007679
0.040661
0.048968
0.104666
0.081151
0.071061
0.206742
0.021593
0.023934
0.086774
0.067261
0.014928
0.097400
0.015815
0.018319
0.069356
0.139318
0.032454
0.005441
0.002124
0.061839
0.002144
0.025742
0.007707
0.012711
0.038714
0.063082
0.358062
0.147322
0.047560
0.015560
0.093168
0.370946
0.045524
0.198258
0.025263
0.003629
0.058065
0.138531
0.000890
0.001867
0.305087
0.284078
0.030700
0.009833
0.010098
0.035651
0.040514
0.637981
0.026456
0.007213
0.003550
0.012589
0.022293
0.155666
0.294653
0.029377
0.018081
0.251441
0.121204
0.156446
0.115275
0.062350
0.016779
0.070146
0.003098
0.000924
0.013142
0.015480
0.013679
0.176095
0.017448
0.002907
0.092407
0.169620
0.049029
0.004353
0.036442
0.048266
0.185279
0.018459
0.002329
0.116692
0.028973
0.003762
0.002396
0.006660
0.036168
0.024808
0.013859
0.005606
0.004138
0.013538
0.404050
0.067856
0.022258
0.023501
0.040187
0.054135
0.043367
0.018734
0.095577
0.136607
0.016984
0.013102
0.184625
0.503329
0.363977
0.372466
0.137654
0.088342
0.175901
0.255530
0.836655
0.119012
0.031252
0.057789
0.003481
0.014305
0.074706
0.027546
0.044989
0.007202
0.036448
0.012296
0.023781
0.004466
0.006509
0.551838
0.003479
0.034682
0.021492
0.004425
0.015733
0.352138
0.017585
0.362888
0.054708
0.343846
0.281934
0.003762
0.157523
0.016174
0.029584
0.019167
0.069999
0.035331
0.116881
0.163941
0.068550
0.008442
0.049007
0.036612
0.029136
0.002725
0.103053
0.058373
0.082707
0.100187
0.108375
0.094792
0.038494
0.033891
0.037822
0.000217
0.030526
0.011810
0.054795
0.003615
0.015384
0.179488
0.009957
0.063319
0.029164
0.068144
0.096792
0.006287
0.062883
0.221031
0.334084
0.027589
0.003697
0.031594
0.011088
0.224698
0.011789
0.078885
0.049981
0.111294
0.802571
0.052264
0.017304
0.005732
0.042046
0.081564
0.012492
0.011436
0.002858
0.054260
0.280431
0.172927
0.007871
0.044197
0.016762
0.215881
0.001504
0.094497
0.080464
0.001503
0.061068
0.008441
0.018298
0.008995
0.039033
0.010407
0.617044
0.027967
0.092969
0.055255
0.094272
0.001202
0.026504
0.049340
0.056979
0.115891
0.096901
0.064851
0.006019
0.014719
0.030830
0.125788
0.035240
0.016371
0.025368
0.073296
0.098005
0.024452
0.371812
0.011252
0.241234
0.038687
0.076990
0.024773
0.045139
0.148861
0.035798
0.021492
0.066235
0.056426
0.046351
0.149469
0.010590
0.247090
0.443439
0.035538
0.537284
0.052053
0.031457
0.161495
0.080873
0.027541
0.204161
0.040087
0.016545
0.025247
0.034253
0.003781
0.248379
0.191885
0.041061
0.029970
0.046377
0.022988
0.012451
0.028706
0.069925
0.012167
0.000041
0.016121
0.010591
0.200575
0.006261
0.019077
0.238023
0.004625
0.051027
0.035019
0.057754
0.034560
0.028518
0.044500
0.155126
0.028484
0.008562
0.057934
0.021210
0.003212
0.011577
0.524361
0.014676
0.004990
0.035944
0.092847
0.026497
0.007653
0.010757
0.007680
0.193239
0.364781
0.016181
0.045056
0.022428
0.082831
0.023939
0.156030
0.005811
0.014315
0.037228
0.016723
0.012731
0.132504
0.096655
0.008595
0.638865
0.006993
0.125741
0.027166
0.108481
0.031388
0.012216
0.131614
0.290210
0.072288
0.020695
0.208500
0.046773
0.033152
0.096548
0.004364
0.019494
0.006441
0.003355
0.109628
0.284780
0.009348
0.006675
0.037461
0.813411
0.002256
0.238220
0.226514
0.019987
0.003386
0.323981
0.217327
0.142960
0.300498
0.134497
0.242962
0.183695
0.014871
0.022156
0.068558
0.198637
0.058085
0.515230
0.000645
0.088456
0.087734
0.006915
0.018521
0.008585
0.014565
0.032357
0.013094
0.016128
0.012465
0.073837
0.224475
0.030441
0.048196
0.042916
0.023579
0.015983
0.092484
0.002921
0.140792
0.349191
0.010516
0.123020
0.031468
0.036418
0.071547
0.063629
0.034215
0.013519
0.001328
0.337415
0.261641
0.026562
0.052950
0.074780
0.034024
0.153697
0.016998
0.002105
0.267792
0.068223
0.205683
0.039506
0.062448
0.050871
0.046157
0.014378
0.005817
0.915996
0.086754
0.153523
0.225515
0.032225
0.527572
0.010260
0.000704
0.098235
0.000610
0.041308
0.004296
0.069458
0.054353
0.011050
0.751184
0.003660
0.751892
0.069710
0.009877
0.042411
0.184911
0.037017
0.000986
0.051706
0.074716
0.090790
0.202248
0.085986
0.088645
0.104060
0.014081
0.072809
0.294070
0.412785
0.074212
0.152141
0.036431
0.500461
0.211206
0.008807
0.507739
0.156665
0.000286
0.181791
0.002319
0.367008
0.020769
0.017532
0.018695
0.128559
0.096467
0.002208
0.043866
0.035003
0.063181
0.007470
0.056442
0.421277
0.039436
0.198168
0.010295
0.253713
0.003097
0.205520
0.026429
0.175443
0.048265
0.088259
0.003597
0.002999
0.057292
0.002442
0.009263
0.060176
0.034001
0.044538
0.055103
0.007698
0.006738
0.043719
0.017829
0.001073
0.052657
0.678988
0.068734
0.010942
0.274971
0.037034
0.002744
0.098781
0.037292
0.004129
0.120718
0.007954
0.121563
0.005759
0.044356
0.092541
0.245940
0.137054
0.081987
0.030742
0.018846
0.040378
0.018137
0.002125
0.330664
0.007513
0.039369
0.096195
0.036599
0.013505
0.016400
0.102662
0.103855
0.047228
0.045868
0.031236
0.925143
0.012203
0.199432
0.119163
0.091123
0.039414
0.178225
0.356565
0.043093
0.073091
0.118161
0.036774
0.002422
0.339032
0.394742
0.011989
0.000866
0.005350
0.079711
0.248462
0.054434
0.060495
0.020533
0.378079
0.621298
0.127047
0.053951
0.117265
0.005145
0.060993
0.205836
0.003372
0.359042
0.431221
0.008383
0.009459
0.032219
0.063132
0.069903
0.016510
0.027315
0.003247
0.051514
0.007703
0.007057
0.072228
0.004028
0.074556
0.048300
0.010604
0.188088
0.000264
0.248046
0.025223
0.253168
0.000375
0.231507
0.003569
0.014233
0.056984
0.006405
0.027864
0.139064
0.235863
0.045186
0.015830
0.197420
0.019815
0.015451
0.076723
0.108488
0.818444
0.269221
0.076667
0.002627
0.041012
0.041242
0.010624
0.098624
0.092599
0.182159
0.025175
0.091919
0.154413
0.064367
0.020331
0.066118
0.126046
0.125713
0.136321
0.037817
0.014432
0.215967
0.013982
0.270551
0.102478
0.060015
0.148798
0.316495
0.150875
0.004247
0.082012
0.028935
0.005245
0.161562
0.021815
0.000730
0.108737
0.011733
0.014770
0.413921
0.035456
0.001104
0.083854
0.037834
0.052826
0.089399
0.000665
0.012712
0.092356
0.005343
0.078572
0.007769
0.007590
0.032002
0.248068
0.105748
0.006315
0.242363
0.208776
0.000285
0.039378
0.136028
0.015143
0.127994
0.036659
0.294213
0.027004
0.103100
0.053716
0.149335
0.004458
0.035189
0.072962
0.059314
0.007788
0.039993
0.087006
0.009061
0.033878
0.058502
0.005656
0.027686
0.047841
0.004631
0.014933
0.174418
0.003632
0.002944
0.026611
0.072197
0.008505
0.022978
0.026360
0.218527
0.026587
0.144524
0.441906
0.218717
0.068807
0.005513
0.005101
0.097492
0.155749
0.107912
0.024547
0.034472
0.060075
0.033938
0.081762
0.024309
0.080585
0.007224
0.323894
0.095499
0.009902
0.037035
0.086124
0.201816
0.005006
0.177759
0.115003
0.010658
0.071484
0.079550
0.037284
0.314201
0.007503
0.141562
0.056835
0.104566
0.025328
0.093539
0.083198
0.000989
0.085995
0.009175
0.044185
0.066794
0.051284
0.091540
0.176361
0.502824
0.029166
0.191252
0.075870
0.161054
0.108087
0.125293
0.131621
0.119205
0.008087
0.216770
0.509690
0.022467
0.057331
0.072742
0.008253
0.058140
0.118324
0.013654
0.012142
0.021006
0.096076
0.107584
0.481559
0.042341
0.041876
0.015783
0.209131
0.154913
0.050778
0.065573
0.061718
0.036157
0.019584
0.062250
0.051309
0.052055
0.005502
0.032306
0.023340
0.040494
0.040350
0.017954
0.036866
0.003469
0.045975
0.068745
0.045467
0.244787
0.001629
0.159180
0.030441
0.067878
0.037583
0.017854
0.007819
0.015413
0.097377
0.044142
0.618080
0.003384
0.058177
0.029952
0.057061
0.138025
0.067087
0.035114
0.017353
0.000327
0.018168
0.305145
0.074662
0.022007
0.007492
0.061296
0.050000
0.067818
0.063716
0.124393
0.017900
0.006443
0.011392
0.001660
0.072304
0.012713
0.008793
0.002294
0.081101
0.103821
0.025960
0.126645
0.004339
0.002964
0.001838
0.044631
0.110194
0.006372
0.062322
0.035417
0.015099
0.051271
0.050775
0.097717
0.063339
0.020524
0.011034
0.110786
0.036212
0.016335
0.152047
0.082986
0.033391
0.047647
0.197666
0.018572
0.003435
0.004302
0.426989
0.001971
0.004314
0.034218
0.015573
0.394426
0.055400
0.010794
0.092273
0.149674
0.061406
0.017687
0.003161
0.035664
0.171992
0.193035
0.001283
0.035583
0.100920
0.037260
0.049888
0.001593
0.257816
0.024146
0.014590
0.074544
0.025386
0.011652
0.014235
0.020920
0.003684
0.010510
0.113662
0.106851
0.002942
0.145478
0.010683
0.181177
0.020118
0.013456
0.013825
0.051732
0.039803
0.007818
0.014265
0.037226
0.002974
0.099153
0.076837
0.004472
0.426352
0.747276
0.015565
0.020739
0.091676
0.009087
0.012753
0.011353
0.008744
0.216224
0.052725
0.004507
0.110966
0.459205
0.395283
0.104206
0.026425
0.005360
0.085359
0.042893
0.006284
0.103798
0.082592
0.023716
0.024550
0.018301
0.123960
0.233086
0.143508
0.021859
0.136908
0.006405
0.303019
0.015233
0.191010
0.004673
0.465681
0.088360
0.027104
0.112020
0.040580
0.062969
0.030120
0.008839
0.121302
0.277743
0.494476
0.050639
0.003732
0.075474
0.091705
0.017195
0.044732
0.225284
0.018120
0.128991
0.024759
0.053653
0.071685
0.151104
0.029201
0.062780
0.038856
0.174916
0.042689
0.014226
0.170399
0.026048
0.049700
0.120756
0.002114
0.278070
0.014303
0.029096
0.000589
0.001663
0.163022
0.209865
0.027892
0.022140
0.018910
0.018729
0.076614
0.004919
0.019524
0.060730
0.094529
0.007023
0.012065
0.239488
0.041814
0.195034
0.119362
0.002031
0.032924
0.013721
0.533292
0.080023
0.326410
0.171579
0.005181
0.014910
0.028859
0.102088
0.020349
0.371200
0.009897
0.056754
0.101392
0.043454
0.018586
0.053208
0.028188
0.043588
0.012234
0.009997
0.003338
0.166130
0.137511
0.004544
0.088047
0.009267
0.086329
0.009721
0.109271
0.008170
0.005888
0.290701
0.034884
0.012959
0.015232
0.021478
0.005488
0.303873
0.020430
0.007926
0.071905
0.001773
0.455608
0.109569
0.090798
0.083554
0.015673
0.014445
0.010452
0.039644
0.231245
0.035200
0.009244
0.014264
0.299781
0.006373
0.029633
0.028994
0.001582
0.435040
0.045091
0.026194
0.020850
0.744252
0.010824
0.008066
0.100312
0.006933
0.168180
0.085331
0.012393
0.352500
0.006725
0.050523
0.023226
0.085843
0.103362
0.068398
0.052622
0.121047
0.081786
0.177073
0.008062
0.026629
0.014143
0.167118
0.019632
0.047195
0.000442
0.103211
0.068894
0.086671
0.093636
0.188981
0.026229
0.141335
0.010069
0.035661
0.019567
0.028424
0.009640
0.342234
0.119849
0.002130
0.021188
0.220988
0.008564
0.000634
0.019204
0.016254
0.967808
0.174236
0.184775
0.017107
0.316589
0.056090
0.043024
0.009633
0.019667
0.000969
0.015796
0.068616
0.080892
0.049276
0.008629
0.109629
0.178965
0.008085
0.050125
0.003140
0.072726
0.117803
0.037855
0.185066
0.089557
0.028681
0.025335
0.020256
0.048970
0.078166
0.037996
0.003916
0.002327
0.019704
0.006937
0.004972
0.006323
0.037996
0.508969
0.008129
0.280045
0.041168
0.002776
0.028013
0.059700
0.000937
0.074532
0.055111
0.113578
0.144215
0.263015
0.034289
0.094071
0.125503
0.269332
0.627810
0.230869
0.038457
0.209507
0.003699
0.316680
0.029051
0.142157
0.262977
0.117218
0.000976
0.019921
0.154643
0.055773
0.020950
0.236145
0.083731
0.751670
0.002411
0.014649
0.054464
0.060049
0.037600
0.013413
0.007304
0.035534
0.052733
0.074215
0.046622
0.390128
0.114552
0.018279
0.002657
0.015628
0.075787
0.021153
0.094909
0.126515
0.024139
0.412019
0.039536
0.030698
0.028396
0.016724
0.011797
0.015831
0.026672
0.383104
0.330335
0.002983
0.057789
0.006851
0.466561
0.113508
0.060728
0.248935
0.042985
0.044945
0.096061
0.005203
0.664542
0.085683
0.025463
0.289117
0.028739
0.050049
0.001838
0.071846
0.108764
0.124430
0.022940
0.061290
0.040069
0.089236
0.013088
0.015694
0.194362
0.223829
0.413796
0.728961
0.108439
0.017843
0.267163
0.038792
0.004708
0.289250
0.024807
0.006225
0.027736
0.186269
0.017448
0.031417
0.371868
0.237940
0.037300
0.005716
0.160314
0.060976
0.025992
0.372027
0.147640
0.096546
0.016077
0.002154
0.300881
0.236591
0.016897
0.077967
0.011727
0.021795
0.009162
0.176854
0.004091
0.067382
0.002968
0.017354
0.109889
0.007631
0.035265
0.017400
0.051573
0.006313
0.074336
0.125015
0.203827
0.116118
0.005408
0.031258
0.108809
0.010690
0.005982
0.034391
0.030772
0.004234
0.017165
0.008222
0.096124
0.096333
0.198155
0.099193
0.082258
0.008244
0.048159
0.012500
0.017902
0.324113
0.007797
0.210039
0.001799
0.197240
0.020358
0.015091
0.165206
0.144967
0.003314
0.035804
0.243909
0.181085
0.007641
0.071085
0.010908
0.026741
0.057126
0.047706
0.011565
0.116036
0.074469
0.620878
0.016108
0.183467
0.036360
0.003084
0.017423
0.194869
0.075189
0.478235
0.020897
0.010689
0.010469
0.072590
0.099206
0.008475
0.053586
0.015557
0.175809
0.004971
0.024161
0.225556
0.008227
0.045453
0.005754
0.168739
0.336426
0.020413
0.003423
0.135313
0.027734
0.053936
0.018272
0.150521
0.014516
0.088751
0.006621
0.589434
0.159213
0.038299
0.038441
0.037546
0.008147
0.026560
0.012014
0.044902
0.042189
0.063435
0.005318
0.021945
0.005290
0.043863
0.452100
0.039393
0.031429
0.008782
0.106675
0.024356
0.052839
0.031129
0.003698
0.069202
0.006639
0.041561
0.004776
0.001647
0.076329
0.064252
0.086982
0.018737
0.091871
0.445639
0.054793
0.017025
0.006706
0.013395
0.084094
0.143111
0.053819
0.003640
0.050277
0.087851
0.004250
0.001306
0.245505
0.053685
0.036216
0.054989
0.002382
0.050605
0.086651
0.034327
0.065351
0.012341
0.257335
0.045541
0.138815
0.038161
0.048616
0.182160
0.042024
0.430832
0.096824
0.280609
0.015399
0.064499
0.050633
0.009339
0.102687
0.553653
0.149741
0.006155
0.006981
0.040933
0.044331
0.025202
0.112140
0.021219
0.025511
0.002247
0.015840
0.003798
0.062611
0.046157
0.040589
0.198000
0.113848
0.072466
0.028612
0.142349
0.622142
0.027984
0.007332
0.013333
0.005161
0.069628
0.153074
0.174578
0.018981
0.000899
0.017854
0.015753
0.059814
0.056995
0.020221
0.058722
0.029378
0.031440
0.008999
0.040469
0.087721
0.025967
0.005581
0.010971
0.018076
0.145183
0.144656
0.000478
0.123311
0.048900
0.046675
0.031983
0.022127
0.596408
0.004510
0.009601
0.156271
0.032082
0.063452
0.102257
0.113613
0.006810
0.000836
0.073587
0.004807
0.181230
0.113394
0.118834
0.049254
0.573184
0.497287
0.066555
0.086614
0.035724
0.052861
0.003382
0.057824
0.018691
0.016102
0.105717
0.388237
0.056135
0.021917
0.039309
0.000628
0.021697
0.020127
0.000892
0.014408
0.008612
0.008516
0.021639
0.089727
0.087811
0.028387
0.002663
0.012433
0.043169
0.224690
0.038455
0.026507
0.027369
0.114452
0.004388
0.169817
0.002652
0.005579
0.046682
0.021140
0.014689
0.232905
0.165741
0.100668
0.014150
0.194986
0.127677
0.205381
0.041235
0.036958
0.009792
0.003847
0.038782
0.037933
0.129767
0.006281
0.141387
0.000943
0.018434
0.073452
0.005625
0.148844
0.001370
0.128458
0.008160
0.030711
0.027335
0.159225
0.065522
0.171649
0.013290
0.350324
0.029790
0.004576
0.001376
0.096915
0.055479
0.068455
0.076029
0.115891
0.025058
0.004640
0.004661
0.033741
0.045285
0.004645
0.656153
0.155118
0.029026
0.005056
0.168402
0.029034
0.062602
0.027095
0.040255
0.254356
0.089199
0.594913
0.100307
0.067493
0.031475
0.013781
0.051653
0.223133
0.003524
0.045532
0.070547
0.041896
0.000891
0.018999
0.235078
0.054450
0.016764
0.019434
0.002768
0.018479
0.005197
0.010624
0.009205
0.038822
0.047756
0.010966
0.185322
0.061439
0.131350
0.009036
0.102410
0.012843
0.334844
0.028761
0.098669
0.038479
0.537689
0.112778
0.066244
0.062635
0.137199
0.005681
0.177953
0.048095
0.017831
0.331266
0.040720
0.062312
0.042328
0.022172
0.350091
0.012731
0.029125
0.102945
0.312217
0.197618
0.001490
0.001171
0.013941
0.009396
0.006966
0.104752
0.121462
0.047517
0.094821
0.124776
0.013146
0.047397
0.033998
0.023184
0.131787
0.002026
0.167521
0.006922
0.096276
0.022570
0.400719
0.147310
0.125371
0.061164
0.083127
0.001306
0.003779
0.032142
0.018416
0.008063
0.008127
0.045775
0.054450
0.028290
0.026645
0.031436
0.006608
0.000762
0.015236
0.007903
0.007894
0.126005
0.000734
0.008866
0.093523
0.064370
0.129713
0.013502
0.007297
0.067393
0.182692
0.016091
0.024685
0.229987
0.018181
0.188283
0.091279
0.013108
0.008921
0.019303
0.126341
0.010482
0.008954
0.115131
0.028992
0.087423
0.010862
0.068104
0.011322
0.000660
0.034575
0.110625
0.018151
0.079104
0.002988
0.016547
0.215438
0.002434
0.044362
0.047675
0.078866
0.136376
0.064441
0.071937
0.007043
0.098971
0.119545
0.055952
0.026192
0.464504
0.043214
0.491974
0.057020
0.226502
0.135801
0.042347
0.116388
0.001827
0.546488
0.092576
0.002827
0.070714
0.030872
0.006681
0.016178
0.177005
0.004071
0.008096
0.042433
0.048218
0.005045
0.488039
0.172297
0.174247
0.111036
0.160691
0.010700
0.044375
0.154346
0.039774
0.010597
0.069334
0.000969
0.003259
0.000968
0.012813
0.007283
0.112355
0.047536
0.032832
0.049131
0.013303
0.014153
0.011389
0.135783
0.042949
0.027917
0.043134
0.012896
0.178340
0.005493
0.012484
0.001653
0.051561
0.000695
0.174288
0.073340
0.044650
0.010970
0.134571
0.001985
0.036685
0.009019
0.016593
0.004745
0.103481
0.135641
0.044313
0.059042
0.015583
0.010360
0.058520
0.026967
0.004534
0.062826
0.013336
0.238135
0.039090
0.060796
0.575763
0.005492
0.004656
0.041830
0.003288
0.254902
0.405226
0.037593
0.003889
0.003625
0.003793
0.002725
0.024705
0.049272
0.046346
0.025904
0.017622
0.126482
0.003075
0.012818
0.000310
0.091563
0.051207
0.387509
0.075058
0.009355
0.022911
0.007850
0.069696
0.002526
0.038406
0.013830
0.045316
0.016457
0.017825
0.047740
0.045997
0.061485
0.567722
0.042583
0.242972
0.022923
0.013572
0.091838
0.165970
0.388246
0.030246
0.086085
0.001072
0.010933
0.043455
0.004859
0.033787
0.001484
0.142746
0.094497
0.019506
0.052778
0.007252
0.210668
0.124408
0.004798
0.026820
0.067562
0.016227
0.173709
0.195772
0.021920
0.080029
0.017601
0.047355
0.195920
0.817535
0.037684
0.105351
0.034798
0.443168
0.046046
0.000505
0.015223
0.076949
0.001298
0.003854
0.017469
0.152776
0.043958
0.112372
0.128361
0.001888
0.187895
0.013774
0.093523
0.017865
0.040704
0.021447
0.152789
0.010487
0.053301
0.026750
0.039598
0.026118
0.003870
0.309696
0.230243
0.053361
0.166159
0.026217
0.263687
0.067595
0.072997
0.039615
0.017392
0.172278
0.027792
0.069463
0.346591
0.110937
0.329074
0.141100
0.003631
0.049164
0.016858
0.001498
0.043512
0.098912
0.036738
0.009904
0.090673
0.109800
0.006601
0.002284
0.098774
0.103288
0.134495
0.057159
0.001590
0.031965
0.037297
0.015584
0.111901
0.000386
0.072624
0.294480
0.011655
0.117458
0.009342
0.043323
0.031943
0.063680
0.095741
0.118736
0.011963
0.210229
0.084026
0.091203
0.199070
0.033946
0.046810
0.243678
0.050215
0.032126
0.161944
0.008093
0.027982
0.036395
0.049393
0.085241
0.001351
0.100414
0.039814
0.020691
0.000546
0.036874
0.028024
0.153593
0.192845
0.021537
0.027261
0.079659
0.059005
0.012911
0.152964
0.838968
0.299998
0.071875
0.026137
0.264504
0.014230
0.006633
0.028671
0.082092
0.019968
0.223917
0.001700
0.141370
0.198583
0.188099
0.013021
0.511006
0.003553
0.201896
0.020838
0.039290
0.358035
0.068067
0.058222
0.089800
0.001991
0.009822
0.056390
0.019636
0.010327
0.029200
0.003274
0.471518
0.114670
0.030676
0.011596
0.010792
0.034195
0.462401
0.014100
0.046868
0.010834
0.009407
0.027248
0.052790
0.207779
0.061350
0.096052
0.091858
0.009687
0.054519
0.042222
0.021693
0.104987
0.060271
0.074899
0.159981
0.206271
0.483982
0.019637
0.079381
0.018063
0.045850
0.016839
0.059548
0.185375
0.056957
0.294685
0.220670
0.018217
0.081476
0.057607
0.103506
0.105435
0.288491
0.042197
0.005869
0.141987
0.002722
0.058016
0.012921
0.017066
0.057707
0.000737
0.097643
0.114913
0.061490
0.001009
0.009980
0.016334
0.003871
0.005889
0.017120
0.249289
0.468820
0.011104
0.294425
0.179300
0.055605
0.024432
0.013151
0.029656
0.038959
0.037611
0.082603
0.010663
0.023837
0.015663
0.134418
0.004274
0.011410
0.028060
0.119642
0.132461
0.002305
0.024725
0.001705
0.002905
0.151518
0.077851
0.140103
0.127579
0.199114
0.212113
0.051235
0.258590
0.013321
0.336527
0.076160
0.057797
0.000150
0.040440
0.002458
0.021350
0.169392
0.007202
0.536795
0.102308
0.032075
0.001567
0.766153
0.065935
0.069125
0.024692
0.065152
0.061419
0.047020
0.042533
0.028370
0.046054
0.023392
0.040664
0.044508
0.039670
0.554740
0.034350
0.223275
0.003727
0.010464
0.004808
0.003810
0.029742
0.098038
0.074566
0.009264
0.041985
0.036705
0.077671
0.302624
0.038275
0.534398
0.657422
0.176564
0.013432
0.049313
0.007944
0.006200
0.238890
0.024657
0.009279
0.023886
0.804503
0.135545
0.292638
0.052815
0.009922
0.009655
0.327752
0.138437
0.005776
0.041406
0.012522
0.036158
0.676042
0.289630
0.006626
0.128888
0.030946
0.269395
0.003085
0.058433
0.005792
0.562879
0.008835
0.337171
0.399860
0.042229
0.436510
0.027693
0.036945
0.041028
0.007745
0.088819
0.097963
0.147813
0.013284
0.223736
0.010167
0.070214
0.048897
0.012776
0.005396
0.090291
0.007498
0.796377
0.378309
0.000502
0.006271
0.053521
0.032292
0.001077
0.002669
0.001764
0.082287
0.139267
0.051547
0.010575
0.017306
0.226664
0.035890
0.161975
0.010887
0.300748
0.011218
0.005497
0.024492
0.226509
0.012236
0.044440
0.008814
0.016470
0.356524
0.037068
0.138265
0.095144
0.034322
0.092383
0.338282
0.013969
0.110441
0.024096
0.380649
0.035566
0.002378
0.119449
0.079426
0.119875
0.017859
0.019175
0.003856
0.205142
0.013532
0.156067
0.012661
0.575099
0.040713
0.045730
0.618396
0.359091
0.022188
0.163202
0.002980
0.065818
0.125057
0.026635
0.064576
0.032517
0.302723
0.001199
0.022354
0.100124
0.012885
0.338601
0.025912
0.022405
0.853982
0.020099
0.090361
0.059486
0.163202
0.053903
0.024651
0.021616
0.026648
0.095610
0.023892
0.282496
0.131909
0.341928
0.265788
0.006260
0.240211
0.024521
0.191962
0.004752
0.003252
0.003460
0.018285
0.051271
0.628556
0.036014
0.043182
0.284829
0.035993
0.010082
0.027348
0.069014
0.077915
0.031686
0.012275
0.162454
0.070680
0.091711
0.077040
0.148755
0.025312
0.168676
0.018250
0.017706
0.081150
0.293925
0.281397
0.232244
0.052740
0.051721
0.056092
0.014812
0.050224
0.089907
0.030462
0.078961
0.018634
0.097518
0.010428
0.090645
0.279774
0.033748
0.020093
0.100739
0.297531
0.550755
0.441631
0.040346
0.013739
0.077869
0.067948
0.025500
0.197155
0.010937
0.007790
0.105854
0.035119
0.058634
0.010961
0.049440
0.215974
0.004067
0.155283
0.381698
0.353634
0.127728
0.023273
0.170861
0.077667
0.025972
0.065624
0.159857
0.007560
0.001226
0.047714
0.005622
0.010399
0.052475
0.000647
0.006411
0.294435
0.087212
0.006514
0.127045
0.060285
0.019016
0.078722
0.337632
0.021705
0.008385
0.300326
0.012261
0.152205
0.080514
0.057483
0.000693
0.010017
0.001156
0.007102
0.002275
0.149167
0.022146
0.009912
0.005586
0.002635
0.005361
0.024629
0.216827
0.095438
0.004933
0.835449
0.232717
0.387634
0.100230
0.003052
0.005905
0.002970
0.129940
0.078781
0.106242
0.029564
0.022959
0.185095
0.062568
0.043418
0.097208
0.121808
0.002338
0.007336
0.385932
0.144040
0.282228
0.016857
0.110329
0.108892
0.023616
0.014500
0.002185
0.022852
0.082268
0.013540
0.024743
0.010222
0.114499
0.014819
0.197703
0.027067
0.006247
0.016432
0.044087
0.174217
0.027591
0.067537
0.022975
0.078156
0.003298
0.015767
0.030542
0.109824
0.184171
0.045278
0.009526
0.007571
0.023763
0.017476
0.070745
0.437200
0.000900
0.003917
0.001022
0.304058
0.010459
0.064864
0.004725
0.145179
0.303461
0.019769
0.025459
0.812412
0.045381
0.115318
0.056704
0.334691
0.157088
0.028910
0.100204
0.003668
0.057594
0.230180
0.034518
0.253760
0.238861
0.074800
0.205801
0.039001
0.003804
0.130026
0.087831
0.021644
0.010404
0.218728
0.041569
0.145721
0.013068
0.081263
0.476052
0.272907
0.036149
0.014510
0.000258
0.010994
0.148688
0.131057
0.136515
0.006817
0.053936
0.610826
0.009497
0.076659
0.027642
0.437149
0.020512
0.057866
0.005368
0.005515
0.099672
0.027750
0.146664
0.042221
0.011500
0.068833
0.045858
0.129191
0.014483
0.019101
0.066971
0.015261
0.040562
0.008835
0.029638
0.008293
0.020813
0.014432
0.111541
0.003789
0.172616
0.069811
0.163568
0.012980
0.334986
0.035197
0.026031
0.673077
0.002504
0.394129
0.049173
0.023085
0.089192
0.136297
0.058022
0.061596
0.019919
0.572926
0.154841
0.081631
0.144289
0.027126
0.267658
0.531669
0.040626
0.008721
0.617394
0.052951
0.073399
0.033915
0.121581
0.023856
0.044115
0.382401
0.554948
0.028689
0.043091
0.067859
0.121432
0.350788
0.006218
0.022000
0.145842
0.022905
0.015187
0.006026
0.068554
0.003989
0.005508
0.456258
0.432934
0.001250
0.010229
0.017376
0.008847
0.115850
0.034532
0.002601
0.004095
0.015393
0.319060
0.012659
0.123604
0.117663
0.011063
0.022853
0.001359
0.089565
0.217390
0.074559
0.008856
0.267102
0.067264
0.090032
0.175172
0.026779
0.102639
0.000475
0.332475
0.031597
0.070636
0.032781
0.019259
0.341345
0.021075
0.498278
0.014507
0.015749
0.040444
0.184980
0.013826
0.009645
0.001971
0.045850
0.042738
0.081003
0.280300
0.023120
0.032186
0.003765
0.000828
0.004828
0.004110
0.017328
0.047281
0.009273
0.002454
0.017185
0.367185
0.016320
0.087340
0.036004
0.212162
0.316181
0.160029
0.068918
0.034947
0.020860
0.007770
0.651763
0.070932
0.263368
0.080617
0.003385
0.072199
0.048123
0.189270
0.159619
0.010279
0.053474
0.106411
0.144128
0.003601
0.003686
0.036060
0.088558
0.026640
0.010807
0.004342
0.069408
0.107296
0.441840
0.114666
0.242980
0.088754
0.032339
0.007394
0.065232
0.049189
0.002235
0.011508
0.003626
0.003284
0.152002
0.394233
0.036620
0.017787
0.036944
0.011835
0.379012
0.384866
0.004434
0.132822
0.016574
0.006544
0.002918
0.028673
0.004253
0.184644
0.325978
0.007721
0.001404
0.107310
0.013310
0.008607
0.054676
0.045583
0.181244
0.002358
0.067911
0.031567
0.068673
0.034574
0.023901
0.049419
0.098257
0.286729
0.080733
0.013698
0.006219
0.495617
0.301234
0.031251
0.028127
0.018087
0.021341
0.358883
0.046077
0.059901
0.074164
0.025716
0.105915
0.009050
0.015570
0.036865
0.133083
0.338065
0.034176
0.003432
0.238250
0.008111
0.254429
0.037963
0.004016
0.102870
0.053103
0.017103
0.034549
0.307400
0.102928
0.043910
0.001472
0.031698
0.009494
0.065455
0.001532
0.002523
0.185603
0.013009
0.002870
0.011002
0.061729
0.027078
0.014166
0.000332
0.034279
0.008654
0.109080
0.041038
0.083754
0.012748
0.008246
0.009247
0.057199
0.032506
0.601019
0.042578
0.067984
0.060360
0.005442
0.211650
0.002898
0.012303
0.007236
0.370649
0.113971
0.068261
0.002210
0.014849
0.013368
0.040285
0.001424
0.113047
0.016599
0.019736
0.001553
0.080423
0.170481
0.070120
0.176170
0.016607
0.015935
0.010395
0.116411
0.039759
0.105242
0.009793
0.193639
0.071789
0.118560
0.022182
0.066458
0.012794
0.241913
0.025006
0.449597
0.708149
0.036563
0.005720
0.003543
0.019522
0.016120
0.151788
0.352796
0.054190
0.415431
0.145155
0.293455
0.016953
0.027723
0.085108
0.020446
0.287739
0.008721
0.028345
0.028850
0.390455
0.125815
0.046398
0.008638
0.816148
0.209063
0.020460
0.006768
0.009328
0.078537
0.002214
0.228029
0.012084
0.050326
0.028444
0.256183
0.159339
0.092486
0.727900
0.003653
0.032367
0.061202
0.071152
0.095122
0.092128
0.041851
0.007989
0.153533
0.048236
0.159346
0.181305
0.071207
0.127241
0.013772
0.127428
0.007172
0.015786
0.366403
0.042228
0.036915
0.002713
0.032860
0.041057
0.032011
0.022536
0.095143
0.006314
0.089876
0.089056
0.023619
0.048507
0.032615
0.226016
0.014018
0.030634
0.111378
0.003241
0.167732
0.050547
0.021948
0.535757
0.007552
0.038697
0.001281
0.030116
0.024669
0.178323
0.103132
0.179290
0.054240
0.000756
0.011972
0.006705
0.020958
0.020231
0.003058
0.016834
0.473612
0.109536
0.014820
0.031718
0.021422
0.037915
0.016060
0.035446
0.138942
0.172868
0.043216
0.061708
0.025508
0.045081
0.024104
0.038449
0.052825
0.017515
0.096222
0.009961
0.059662
0.078742
0.212595
0.066308
0.041590
0.054404
0.028481
0.031847
0.042494
0.038684
0.045082
0.006888
0.031122
0.025681
0.091277
0.133865
0.024611
0.008701
0.036178
0.005887
0.007759
0.032380
0.102160
0.050866
0.427655
0.261413
0.012161
0.017720
0.349903
0.045941
0.047868
0.001969
0.011649
0.337226
0.073404
0.030074
0.240474
0.004663
0.198807
0.124739
0.073228
0.041003
0.037538
0.049548
0.020008
0.058325
0.026456
0.114919
0.019261
0.151553
0.104230
0.054723
0.011453
0.098714
0.038797
0.057546
0.057257
0.051991
0.015248
0.182001
0.056801
0.069537
0.031487
0.034577
0.077173
0.007568
0.123492
0.009240
0.212304
0.000995
0.129724
0.057806
0.174834
0.043710
0.001623
0.054424
0.190863
0.041450
0.023487
0.054902
0.058920
0.108894
0.122263
0.231536
0.129066
0.014441
0.028278
0.169872
0.044318
0.017543
0.019536
0.032680
0.189579
0.028861
0.003879
0.005799
0.038736
0.072832
0.067086
0.165470
0.034023
0.114117
0.373788
0.047429
0.015468
0.037762
0.001349
0.041957
0.008515
0.126141
0.107569
0.000357
0.029438
0.257378
0.195175
0.006984
0.032932
0.045912
0.124363
0.002004
0.009945
0.019043
0.039342
0.017527
0.024311
0.009774
0.014995
0.227832
0.050166
0.002506
0.155237
0.021936
0.003069
0.460382
0.004686
0.102534
0.009021
0.012611
0.009143
0.005357
0.095040
0.003670
0.003103
0.106532
0.035989
0.104885
0.017822
0.049977
0.122759
0.025816
0.013914
0.067016
0.025587
0.040700
0.005835
0.113064
0.006799
0.041130
0.273248
0.045690
0.032986
0.007822
0.027102
0.049882
0.290916
0.085672
0.122965
0.001998
0.099480
0.039326
0.122803
0.007588
0.026236
0.027494
0.021541
0.031035
0.015437
0.018130
0.012301
0.055087
0.086958
0.062218
0.259372
0.056301
0.003793
0.075331
0.003661
0.103076
0.031867
0.016033
0.016429
0.071322
0.009478
0.011800
0.345351
0.015508
0.076223
0.022098
0.275043
0.033457
0.205153
0.028689
0.081868
0.111550
0.023474
0.013151
0.119450
0.098595
0.401218
0.005458
0.171151
0.684006
0.214498
0.059140
0.036100
0.026146
0.048512
0.320248
0.016608
0.034546
0.095568
0.091127
0.028240
0.217780
0.034959
0.003279
0.178447
0.017083
0.158212
0.224281
0.034486
0.087514
0.005400
0.004420
0.003050
0.035179
0.032819
0.019002
0.123938
0.001293
0.024602
0.059247
0.026056
0.318224
0.031503
0.215901
0.024690
0.023175
0.004536
0.065189
0.097798
0.298053
0.004677
0.033236
0.164076
0.017856
0.050337
0.023592
0.000764
0.057510
0.055104
0.027338
0.168942
0.215839
0.127348
0.090213
0.095648
0.161812
0.038117
0.027898
0.042179
0.510202
0.025106
0.027279
0.018376
0.017258
0.052357
0.013421
0.445971
0.001902
0.057003
0.123164
0.028988
0.010463
0.067671
0.003886
0.021368
0.023264
0.009042
0.513235
0.026707
0.022221
0.008824
0.063722
0.140950
0.107694
0.164995
0.090962
0.002206
0.027851
0.062085
0.008371
0.298524
0.331434
0.024974
0.002754
0.065480
0.077017
0.005213
0.073746
0.011359
0.178919
0.006851
0.056848
0.001620
0.088135
0.020090
0.228746
0.058108
0.344203
0.064001
0.021904
0.009647
0.152204
0.053943
0.068499
0.456527
0.358162
0.052218
0.044168
0.067882
0.065822
0.126946
0.076704
0.012885
0.063097
0.073144
0.012512
0.471216
0.037248
0.116594
0.056530
0.331301
0.232326
0.012617
0.018842
0.020590
0.002511
0.094467
0.051442
0.031133
0.024711
0.053649
0.037972
0.016507
0.331727
0.097182
0.025120
0.016090
0.028454
0.005668
0.103470
0.072823
0.018167
0.012183
0.115800
0.004928
0.232900
0.221210
0.011904
0.005926
0.206882
0.139602
0.022862
0.162051
0.012664
0.078520
0.713344
0.173359
0.004296
0.015754
0.054072
0.070182
0.002274
0.015352
0.020554
0.120346
0.074153
0.050000
0.087607
0.269687
0.161193
0.041349
0.005875
0.013556
0.049911
0.021025
0.006545
0.000800
0.022991
0.044528
0.002128
0.082883
0.038265
0.031516
0.188290
0.002132
0.089728
0.620908
0.013572
0.020450
0.040650
0.143549
0.011718
0.022055
0.011028
0.274648
0.233794
0.010126
0.019792
0.016461
0.013102
0.076849
0.015733
0.174354
0.194518
0.026889
0.015274
0.137557
0.025992
0.051817
0.112752
0.544503
0.086369
0.010410
0.257466
0.002937
0.061057
0.137522
0.095864
0.018327
0.021772
0.130901
0.218953
0.009470
0.406880
0.000542
0.013555
0.001391
0.015836
0.038850
0.031632
0.006794
0.161356
0.069357
0.000816
0.128087
0.131308
0.552832
0.602203
0.004489
0.087745
0.043204
0.014026
0.043083
0.006158
0.066200
0.375431
0.001751
0.012048
0.158968
0.010652
0.052833
0.002026
0.084060
0.059364
0.013702
0.128028
0.100330
0.002313
0.070248
0.271603
0.022914
0.062342
0.057587
0.166846
0.023477
0.054700
0.002966
0.043661
0.033831
0.044596
0.052857
0.118109
0.047872
0.008917
0.034875
0.009841
0.020340
0.710022
0.024106
0.149925
0.003929
0.017827
0.039225
0.045368
0.004699
0.029888
0.001205
0.036079
0.019017
0.047528
0.144687
0.248354
0.030368
0.006063
0.031566
0.004382
0.197369
0.128537
0.289259
0.097872
0.162371
0.330811
0.001618
0.160396
0.289403
0.038140
0.001144
0.092799
0.150242
0.017435
0.096552
0.046774
0.016644
0.189179
0.035755
0.054567
0.007303
0.081469
0.008343
0.409487
0.075837
0.006247
0.079093
0.281881
0.011085
0.086382
0.004714
0.113578
0.062458
0.053679
0.007730
0.095290
0.038259
0.005840
0.071619
0.020203
0.048414
0.166752
0.039723
0.068824
0.046321
0.200837
0.126929
0.026800
0.074282
0.129260
0.029494
0.005703
0.007536
0.094593
0.018748
0.215955
0.846313
0.003424
0.020589
0.024106
0.093682
0.046687
0.006227
0.003494
0.111333
0.035452
0.016404
0.031010
0.089980
0.004772
0.072552
0.005507
0.015743
0.005120
0.000215
0.103890
0.062193
0.112316
0.000530
0.006627
0.085305
0.025537
0.035370
0.162742
0.013286
0.059070
0.011301
0.008740
0.102386
0.233656
0.321396
0.249604
0.010864
0.009807
0.117015
0.014584
0.046871
0.106630
0.008016
0.090618
0.042783
0.003554
0.054014
0.001364
0.149319
0.091448
0.088852
0.014490
0.183311
0.113397
0.008746
0.009094
0.353078
0.018611
0.054758
0.090089
0.009353
0.010496
0.121994
0.029815
0.016767
0.067579
0.258721
0.011357
0.052626
0.004844
0.004890
0.081348
0.244829
0.142659
0.082147
0.009903
0.008579
0.220641
0.177352
0.024275
0.070939
0.029708
0.011355
0.196265
0.015857
0.042336
0.000827
0.022827
0.001738
0.228967
0.009312
0.062330
0.008215
0.003680
0.003524
0.007841
0.310589
0.028817
0.039261
0.039587
0.064378
0.463778
0.648277
0.070645
0.057907
0.035032
0.048390
0.296076
0.008570
0.082181
0.012157
0.042267
0.044005
0.075823
0.005519
0.090602
0.063623
0.004915
0.228866
0.011062
0.019720
0.046953
0.542096
0.033238
0.009554
0.092420
0.032542
0.057193
0.005630
0.103688
0.027947
0.011430
0.038151
0.142983
0.005950
0.009955
0.068437
0.025673
0.055144
0.110675
0.167821
0.032840
0.060260
0.047904
0.027406
0.029726
0.488335
0.083241
0.009817
0.112609
0.014715
0.008535
0.254377
0.126788
0.073110
0.004695
0.029359
0.564593
0.735495
0.132553
0.244230
0.054702
0.004992
0.000486
0.043480
0.373741
0.005211
0.355750
0.052349
0.001111
0.087178
0.011444
0.044853
0.198365
0.022841
0.158868
0.046251
0.719273
0.173098
0.020094
0.238691
0.008452
0.037072
0.071045
0.020232
0.050557
0.005833
0.004641
0.010023
0.161176
0.093116
0.009963
0.019023
0.002160
0.014712
0.223289
0.049119
0.098543
0.145011
0.210730
0.194237
0.065742
0.293985
0.052367
0.072721
0.202717
0.074498
0.040659
0.002872
0.003946
0.332682
0.050250
0.036290
0.103528
0.022027
0.027332
0.002822
0.000769
0.018471
0.145048
0.025152
0.032156
0.042522
0.076643
0.031657
0.074701
0.323252
0.028592
0.342898
0.116822
0.005382
0.008689
0.062210
0.059410
0.020389
0.061495
0.026420
0.027342
0.121908
0.013121
0.119075
0.051472
0.142612
0.094002
0.233468
0.002382
0.172751
0.279874
0.040510
0.039686
0.051435
0.050405
0.024637
0.183124
0.024716
0.320522
0.035223
0.114948
0.354990
0.503559
0.035163
0.048750
0.043732
0.027811
0.078625
0.030102
0.052811
0.118059
0.004751
0.048400
0.074041
0.028794
0.012569
0.031680
0.359388
0.075087
0.490170
0.021700
0.076191
0.003000
0.172478
0.029316
0.007553
0.018497
0.079107
0.041829
0.044151
0.069173
0.217686
0.187868
0.016426
0.013107
0.038988
0.005723
0.026217
0.186156
0.003621
0.067866
0.013582
0.225547
0.134152
0.026295
0.049318
0.016061
0.012812
0.121825
0.022128
0.137861
0.001793
0.033190
0.083692
0.117786
0.052905
0.177314
0.064670
0.007263
0.008823
0.024218
0.010294
0.003938
0.256751
0.065971
0.025838
0.054360
0.006421
0.019423
0.020332
0.000362
0.013416
0.039691
0.021809
0.006983
0.062059
0.132725
0.136531
0.018430
0.101939
0.008804
0.042707
0.025742
0.043593
0.048835
0.037891
0.047231
0.024130
0.023744
0.014871
0.220087
0.002209
0.009754
0.017921
0.004950
0.067065
0.012023
0.115017
0.068823
0.074189
0.031071
0.075545
0.078747
0.101241
0.094530
0.024331
0.056114
0.014669
0.034821
0.009430
0.020366
0.048079
0.244507
0.034439
0.390359
0.040812
0.124048
0.177915
0.064742
0.118143
0.206247
0.029941
0.082245
0.085636
0.047540
0.037514
0.003297
0.049495
0.004811
0.003832
0.017414
0.008532
0.038299
0.010925
0.124841
0.045464
0.011302
0.182200
0.069084
0.204011
0.051130
0.616355
0.083777
0.001863
0.257517
0.121848
0.057598
0.269418
0.090926
0.014177
0.033857
0.024470
0.022916
0.003243
0.132320
0.027056
0.162702
0.126269
0.049274
0.027495
0.032850
0.047236
0.283973
0.008293
0.005346
0.253722
0.002442
0.035025
0.064465
0.253361
0.053780
0.003096
0.038192
0.131478
0.067978
0.009981
0.153404
0.831358
0.048744
0.351605
0.016972
0.021411
0.126319
0.030628
0.029348
0.099453
0.129609
0.012630
0.071806
0.273904
0.177066
0.143329
0.022305
0.103940
0.077471
0.023063
0.017522
0.025426
0.007474
0.036607
0.007481
0.248435
0.155943
0.019778
0.116343
0.036765
0.050254
0.113523
0.025785
0.069661
0.060453
0.048114
0.058419
0.048521
0.043317
0.004659
0.263462
0.159070
0.017282
0.106006
0.015220
0.083835
0.072521
0.024459
0.218301
0.093216
0.014102
0.051183
0.010107
0.014398
0.026132
0.045078
0.015736
0.023997
0.016992
0.017718
0.034315
0.132904
0.007034
0.007390
0.021507
0.044869
0.048874
0.028920
0.004500
0.045953
0.065874
0.009302
0.260365
0.086590
0.001953
0.068441
0.007092
0.049235
0.021146
0.085821
0.004334
0.001880
0.010756
0.071975
0.019735
0.036102
0.028378
0.309860
0.327166
0.063119
0.069451
0.287110
0.357223
0.001956
0.125241
0.279344
0.036103
0.103714
0.120730
0.139174
0.539603
0.151183
0.019740
0.182893
0.007890
0.005102
0.041466
0.041327
0.041746
0.005134
0.107984
0.117520
0.047309
0.081323
0.049211
0.165886
0.532739
0.004784
0.128741
0.029030
0.063285
0.096326
0.014847
0.009025
0.203135
0.019184
0.022940
0.137892
0.004042
0.056437
0.008440
0.076099
0.260649
0.054467
0.091023
0.085885
0.045215
0.034931
0.033031
0.019584
0.392870
0.002752
0.151446
0.040914
0.091988
0.034847
0.010930
0.002651
0.070287
0.056841
0.665969
0.019064
0.048097
0.131117
0.000648
0.011720
0.190469
0.008429
0.737926
0.033520
0.296031
0.209360
0.084469
0.175349
0.028353
0.172544
0.143318
0.028994
0.009282
0.014046
0.157895
0.001483
0.019649
0.160133
0.051116
0.114549
0.112008
0.001061
0.043465
0.217155
0.020916
0.527876
0.000862
0.248783
0.003258
0.072864
0.034425
0.004479
0.072848
0.014578
0.034482
0.029086
0.022899
0.192398
0.064875
0.043481
0.083292
0.240555
0.064410
0.003567
0.041568
0.055016
0.035264
0.043397
0.071847
0.016577
0.447460
0.564552
0.093981
0.021566
0.032159
0.031884
0.011785
0.030137
0.014056
0.030821
0.046162
0.019949
0.026285
0.000605
0.040785
0.032648
0.251731
0.187658
0.083458
0.048897
0.025041
0.002504
0.052882
0.273374
0.081690
0.047189
0.003261
0.004301
0.008686
0.041661
0.015188
0.037193
0.079788
0.083734
0.023730
0.064874
0.013540
0.038439
0.044237
0.098603
0.196082
0.105560
0.018076
0.059941
0.033154
0.059561
0.339480
0.237768
0.057790
0.054508
0.254937
0.152452
0.100484
0.077204
0.212180
0.006651
0.106422
0.032164
0.014672
0.055667
0.031915
0.047386
0.166667
0.016949
0.099926
0.146397
0.139678
0.003575
0.011887
0.004447
0.064061
0.017969
0.276724
0.004424
0.018082
0.048438
0.019561
0.071289
0.103956
0.080542
0.255451
0.061204
0.002413
0.009890
0.029775
0.101402
0.011880
0.038757
0.009927
0.257889
0.020166
0.097476
0.014823
0.141928
0.401958
0.197324
0.006908
0.586835
0.005856
0.711692
0.110476
0.033158
0.013703
0.004113
0.001321
0.161751
0.036815
0.021692
0.038044
0.028657
0.005067
0.002162
0.042228
0.052246
