289
1.532402
4
91
40
10
1
5047
-0.985661
0.492075
0.099064
0.145372
0.315069
-0.356040
-1.000000
0.473247
-0.623466
-0.931298
0.754522
0.189188
-0.257287
0.305780
0.551654
0.421656
-0.938805
0.790646
0.143614
0.438642
0.426268
0.492629
-0.212368
0.685074
0.769806
-1.000000
0.000894
-0.043563
0.197658
-0.471847
-0.400869
-0.211891
0.150608
0.997169
-0.757521
0.982695
0.264317
-0.624938
0.826336
-0.736165
0.076451
0.316346
0.729888
0.481551
0.058980
-0.267421
1.000000
-0.468101
-0.216056
0.772562
-0.173384
-0.271468
-0.308752
0.281792
0.244257
0.971189
0.586199
0.360696
0.752801
-0.312013
-0.107201
-0.728842
0.777606
-0.339303
0.778778
-0.582937
0.384077
0.640874
-0.149160
0.320786
0.365031
-0.488835
-0.133098
0.114780
0.718584
-0.915175
-0.510162
-0.789713
-0.023810
0.091022
0.363990
0.989678
-0.635157
0.611027
0.684103
-0.420196
-0.132248
0.879381
-0.161085
0.357818
-0.025963
0.941301
-0.043417
0.408962
0.339822
0.570878
0.578870
-0.351322
0.438930
0.661465
0.774070
0.933375
-0.986838
-0.731303
0.144871
-0.924125
-0.943467
-0.958387
0.381441
-0.784533
0.021290
-0.188528
0.533433
-0.711488
-0.484335
-0.242770
-0.049276
-0.858094
-0.940766
0.019988
1.000000
-0.208129
-0.746120
0.775674
-0.041118
0.434191
0.937345
0.504449
0.050806
0.731431
-0.163439
0.192787
0.261869
-0.394070
-0.427049
-1.000000
0.922778
0.852019
0.626519
-0.373302
-0.009495
0.898548
-0.234041
0.707758
0.253808
-0.496237
0.149414
0.608238
0.491832
0.110291
0.391454
1.000000
0.242603
0.702390
-0.242351
-0.196923
-0.081503
-0.437978
0.922455
0.007730
0.789162
-0.758754
-0.190927
0.087778
-0.069628
-0.152331
-0.698077
-0.021597
0.211277
0.364934
-0.349649
-0.709656
-1.000000
-0.217681
-0.222650
0.750529
-0.305472
0.608514
-0.005503
-0.401436
0.191948
-1.000000
-0.345268
-0.568148
-0.055697
0.310283
-0.581354
0.339261
-0.095934
0.643929
-0.576115
-0.420972
0.080508
0.807259
-0.734321
-0.056090
1.000000
0.880827
-0.479072
-0.484766
0.638015
-0.565629
0.833808
-0.867560
-0.464548
-0.826876
-0.226878
0.936132
0.109456
1.000000
1.000000
0.199100
-0.929137
0.053469
0.524567
-0.251510
-0.431498
0.926820
-0.319372
0.489097
0.391994
-0.215840
0.897050
-0.716200
0.906682
-0.275037
-0.312690
0.989543
-0.524997
0.797440
-0.981640
-0.393161
0.400585
0.085200
-0.132828
-0.508655
-0.312657
-0.988230
-1.000000
0.191417
0.073281
-0.894676
-0.256016
-0.151394
0.346845
0.953338
-0.517072
-0.827139
0.631605
0.919483
0.081650
0.329758
0.783744
-0.049822
0.087734
0.507102
0.257567
0.394594
-0.620672
0.633418
-0.358727
0.234253
-0.170327
-0.153475
-0.138233
1.000000
1.000000
0.934333
-0.617022
-0.498274
-0.398958
-0.796982
-0.582538
0.215681
0.907341
-0.170049
0.712303
-0.713505
-0.387335
-0.530547
0.449597
-0.709425
-0.047488
-1.000000
-0.359544
-0.605890
-0.243291
-0.430577
0.142172
0.013957
-0.176980
-0.687176
0.066946
0.563047
-0.076733
-0.187138
-0.563672
-0.366200
-0.803812
-0.640434
-0.185086
0.370060
0.759850
-0.186357
0.599329
0.667996
0.075948
0.215746
0.555934
-1.000000
-0.305799
0.558435
0.566820
0.120884
-0.604523
0.106795
-0.813014
0.484383
0.895073
-0.380835
0.471520
-0.161788
0.237970
-0.760544
0.319235
0.724966
0.153427
-0.002373
0.229377
-0.272471
-0.876031
0.227643
0.403259
-0.442132
-0.940499
-0.067345
-0.225211
0.331358
0.739504
-0.295370
0.812003
0.697966
0.939625
-0.902167
0.567938
0.756169
0.787448
-0.054930
0.192820
0.286251
0.936373
0.345004
0.716803
-0.501467
-0.075678
-0.636313
-0.919681
-0.394742
-0.332905
0.449125
-0.790107
0.526861
-0.063670
-0.020297
-0.195953
-0.808214
0.606312
-0.597210
-0.628306
-0.110588
0.897679
1.000000
-0.064501
-0.790380
-0.983605
-0.265382
-0.369754
-0.605013
-0.115895
-0.563810
-0.612481
-0.238729
0.513671
0.935524
-0.984063
-0.388923
0.728731
-0.388874
1.000000
-0.230504
0.274084
-0.185191
0.251770
0.568753
-0.913006
0.091355
1.000000
0.981570
-0.533472
0.213845
0.191365
0.825845
-0.328962
0.610604
-1.000000
-0.900318
-0.277597
-0.938857
-0.061624
0.287539
0.395416
0.633778
0.849165
0.981564
0.178699
0.070670
-0.973854
0.501147
0.321528
-0.470555
-0.166376
-0.577352
-0.741082
-0.778815
0.614653
0.543318
0.804152
1.000000
-1.000000
-0.255145
0.829841
0.994523
1.000000
0.153837
-0.108260
0.242629
-0.106094
-0.051220
0.493459
0.510904
-0.313902
-0.303957
0.628658
0.128763
-0.436959
0.796056
-0.803797
-0.138796
-0.091842
-0.168147
0.220907
-0.254096
0.705046
0.120780
-0.329123
0.255114
-0.141196
-0.315856
1.000000
0.890300
0.628745
0.692877
0.342205
-0.283555
-0.359923
0.888468
0.083299
-0.013382
0.548153
0.495912
0.075645
-0.522493
0.591470
-0.383463
0.030205
0.638572
-0.207581
0.235784
-0.693670
-0.475618
-0.635875
0.084023
0.364989
-0.898957
0.219416
-0.230757
-0.393386
-0.330796
-0.211314
-0.622405
0.375702
0.070108
0.489838
-0.631876
0.061848
0.541924
0.309568
-0.748781
-0.443509
-0.035809
-0.459311
0.855356
0.183581
-0.673288
-1.000000
-0.301148
0.436730
0.148552
-0.030102
-0.788358
0.143340
0.736180
-1.000000
0.548138
-0.507627
-0.563760
0.072209
-0.410756
-0.609874
0.609769
-0.376227
0.339186
-0.755757
-0.359442
-0.786960
-0.533137
0.845550
-0.856011
0.198925
-0.658548
-1.000000
0.305510
0.208567
0.649675
0.216513
0.689156
-0.406681
0.642497
0.076775
0.693685
0.323150
0.187515
0.835591
0.677383
-0.031205
0.049892
-0.397507
0.903832
0.546569
0.721978
0.014266
0.162677
0.386853
-0.914820
0.196705
0.079292
0.100906
0.112731
-0.029974
0.460299
0.271528
-0.417442
-0.417276
-0.314910
1.000000
1.000000
0.369861
0.503491
0.295689
-0.337152
0.834733
-0.204428
-0.414902
-0.146643
0.005724
0.063200
-0.309721
-0.988050
-0.888663
-1.000000
0.212703
0.332669
-0.638825
-0.118747
-0.568884
-0.268499
0.691751
-0.187675
-0.252428
0.884302
0.860440
0.051215
-0.790816
-0.412647
0.285587
0.678181
0.193092
0.214126
0.763898
0.336361
-0.312232
-0.676786
0.973249
0.274166
-0.567047
-0.387781
-0.181440
0.180411
-0.852093
0.156907
-0.624451
0.250320
-0.908603
-0.756498
0.585305
0.080308
0.888978
-0.172530
0.045058
-1.000000
-0.693153
-0.873508
0.765278
-0.205905
-0.428005
-0.212783
-0.313064
-0.686588
-0.746037
-0.121129
-0.543941
-0.407161
0.551526
0.158991
0.427744
0.239008
0.282631
-1.000000
-0.054215
0.090773
0.352023
-0.101042
0.574833
-0.228311
-0.526234
-0.001750
-0.111305
0.730718
0.039174
-0.650758
0.537988
-0.626532
-0.423278
-0.395612
-0.087646
0.142388
-0.176726
-0.543410
0.376165
-1.000000
0.438745
0.279243
0.311446
-0.943103
-0.089007
-0.007519
0.362978
0.161989
-0.519566
-0.574114
0.094485
0.317444
-1.000000
0.159007
-0.736228
-0.857626
-0.848994
-0.482143
-0.079559
1.000000
-0.241620
-0.239508
0.098768
-0.174640
-0.944647
0.123852
-0.273976
0.704077
0.118584
0.106742
0.679274
-1.000000
0.094608
-0.344355
0.136953
-0.745574
0.597143
-0.855152
-0.455531
0.677749
-0.756437
0.599184
0.042070
0.380977
0.231420
-0.048970
0.595653
-0.773687
0.469315
-0.648829
0.880705
0.075891
0.265634
-0.782171
-0.844684
0.350483
-0.242130
0.935427
0.127661
0.715631
0.739256
-0.771071
-0.601176
0.487726
-0.542184
0.205632
-1.000000
0.883487
0.497818
0.083376
0.522551
-0.129659
-0.271982
-0.248961
0.635544
-0.274106
0.564467
-0.193281
-0.298397
-1.000000
0.836526
-0.341461
-0.579011
0.429245
-0.161173
0.988434
0.491865
0.877566
0.304937
-0.628203
0.757627
0.956415
-0.013519
0.442794
-0.173910
-0.001611
-0.383126
-0.393825
-0.987762
0.281057
-0.446750
0.508533
-0.667043
0.856899
-0.340308
0.702938
1.000000
0.672718
-0.220756
0.337242
-0.884546
0.013004
-0.278859
-0.113020
0.473125
-0.200191
-1.000000
-1.000000
-0.779802
0.020226
-0.267426
-0.692340
-0.162315
-0.772684
-0.931115
-0.450323
-0.045858
-0.412296
0.461707
0.265896
0.721370
-0.133827
0.041819
0.714607
-0.386851
0.673351
-0.723543
0.105934
0.419754
0.931743
0.697280
-0.003560
0.554407
-0.130161
0.209248
-0.343022
-0.462647
-0.251534
-0.242076
1.000000
0.177547
0.372652
-0.168510
0.304620
0.088931
0.201072
0.150375
-0.789469
0.135113
-0.003507
0.215226
-0.817104
-0.429771
0.651563
-0.277503
0.300248
0.188007
0.946665
0.026295
0.408416
0.010004
0.122184
-0.560933
0.323252
0.126658
-0.405019
-0.511319
0.198825
-0.272868
-0.585604
-0.624675
-0.259703
0.012624
-0.397000
1.000000
-0.764332
1.000000
-0.197852
-0.605959
0.060330
-0.331413
-0.034437
0.113773
-0.380383
1.000000
-0.647414
-0.131768
-0.544773
-0.700021
-0.088469
-0.915662
-0.136600
-0.216055
0.209119
-0.136338
0.693162
0.742138
-0.240336
-0.821643
0.158959
-0.797248
0.871794
0.276089
0.426208
0.707588
0.253807
0.106461
0.072933
-0.943103
0.696284
-0.973042
-0.063725
0.772709
0.045773
-0.462529
0.012735
0.656941
-0.923421
-0.845920
0.198251
0.814430
-0.412275
0.952718
-0.439377
0.939024
-0.486709
-0.831248
0.232666
-0.249167
0.277305
-0.028430
-0.425122
-0.382920
0.691830
-0.018927
0.276049
-0.748832
-0.206086
0.390396
1.000000
1.000000
0.207760
-0.139728
0.304212
-0.934372
0.072122
-0.880328
0.390532
1.000000
-0.366108
-0.066341
-0.398749
-0.554410
-0.176668
0.585096
0.710650
0.467460
0.098680
0.346910
0.601232
-0.896789
-0.901896
0.288447
0.129618
-0.430345
0.791634
-0.723056
-0.327052
0.584792
-0.093703
0.772333
0.234976
-0.573232
0.970602
-0.338037
0.907546
0.014122
-0.234956
-0.688582
-0.220070
0.395085
-0.615060
-0.215938
-0.910961
-0.605039
-0.272711
0.723683
-0.484035
-0.442202
-0.767509
0.253899
0.020894
0.516508
-0.307784
-0.063692
0.940394
0.547637
0.085927
0.827359
-0.423044
0.547846
0.101643
-0.650535
0.433425
-0.456529
-0.028792
-0.127193
-0.101663
-0.928843
-0.276975
-0.029044
-0.402370
-0.713158
-0.205393
0.118780
0.354272
0.690046
-0.364390
0.426769
0.942537
-0.733019
-0.436112
0.269493
0.312888
0.020634
-0.205936
0.026041
-0.087506
-0.366104
0.443390
0.505755
-0.173103
0.873046
0.905228
-0.394829
0.579831
-0.919806
0.510318
-0.301823
0.239756
0.534834
0.452017
-0.502289
-0.674265
-0.988681
0.826434
-0.774014
0.468179
-0.388490
0.051152
-1.000000
-1.000000
0.665284
0.087327
0.737978
-0.339226
-0.669398
-0.489669
0.991298
0.085386
0.081612
-0.828447
-0.200936
-1.000000
-0.194926
0.303884
0.216530
0.039131
0.231469
-0.515678
0.216841
-0.829286
0.923666
0.548144
-0.296512
-0.222580
-0.754125
0.558205
-0.745281
0.495244
-0.067462
-0.534247
0.169916
0.945331
0.601752
-0.359987
0.950102
-0.766994
-0.729744
0.747259
-0.065506
-0.216798
0.843135
-0.670660
0.145518
-0.337877
0.433511
-0.997286
0.203398
-0.801349
-0.907682
-0.885940
-0.107653
0.421484
0.128151
-0.373010
0.867846
0.933137
0.009085
-0.650025
-0.513037
-0.300567
0.357412
-0.355661
-0.353856
-0.095186
-0.854805
0.065659
-0.782817
0.164613
-0.309835
-0.881749
0.269216
-0.822047
-1.000000
0.482734
0.165067
0.315803
-0.430380
-0.132823
0.685957
0.033066
0.729966
-1.000000
0.581382
0.867730
-0.747068
0.425491
-0.710582
-0.405177
-0.767208
0.147414
-0.669453
0.289385
-0.483880
0.522206
-0.485354
-0.128922
-0.697387
0.098852
-0.578069
0.527435
-0.100243
0.590001
-0.743114
-1.000000
0.836634
-0.283123
-0.862796
0.799558
0.254878
0.240464
0.218981
-0.525817
-0.537578
-0.037656
-0.471279
0.279281
-0.567459
0.517670
0.417974
0.089251
-0.385496
0.664674
-0.031144
-0.786824
1.000000
0.284182
0.588904
0.316650
-0.338258
-0.526426
0.030452
-0.277907
0.333310
0.405862
-0.779775
-0.061080
-0.190200
0.307719
-0.003998
-0.282313
0.596838
0.067949
-0.900353
-0.089744
0.412532
-1.000000
0.598285
-0.901697
0.222651
1.000000
1.000000
0.003133
-1.000000
-0.053414
-0.955564
-0.895876
0.500021
0.496833
0.150617
-0.168746
-0.620702
0.256693
-0.964442
0.932615
0.798333
-0.664192
-0.663497
0.384569
-0.188483
0.023040
-1.000000
0.044136
-0.992122
-0.808878
1.000000
0.099455
0.550572
0.155146
0.408770
-0.849379
-0.920092
0.447420
-0.856415
0.201418
-0.061090
0.696255
-0.489301
0.115636
-0.450284
0.041182
-0.142396
0.515928
-0.750309
0.240142
0.264675
1.000000
0.559671
0.682413
0.249898
-0.957810
-0.547805
-0.633738
0.890898
-0.012569
0.376692
0.749283
-0.104208
-0.053750
0.965301
-0.082012
0.158763
-0.420263
0.722330
0.004440
-0.196150
-0.160335
-0.011494
-0.433595
-0.113695
0.967948
0.648711
0.435634
0.292656
1.000000
0.178785
0.435188
0.874250
0.171527
0.396990
0.716971
0.726083
-0.407007
-1.000000
-0.972556
0.629060
-0.902224
-0.948476
-0.317327
-0.169080
-0.796220
0.378249
-0.060502
-0.317137
-0.823066
-0.639078
0.062138
-0.048745
-0.067379
-0.157812
-0.869112
0.879205
-0.172719
-0.176425
0.706576
0.423823
0.928794
0.304094
-0.740632
-1.000000
-0.779788
-0.775778
0.955017
0.182115
-0.615456
-0.402376
-0.442249
-0.334422
-1.000000
1.000000
0.742439
0.776740
0.350938
-1.000000
1.000000
-0.663451
-0.364899
0.442808
0.080972
-0.553930
-0.773703
-0.583690
-0.493763
0.157677
-1.000000
0.794417
-0.052867
-0.262605
-0.436484
0.343408
-0.244304
-0.144708
-0.186690
0.789245
-0.285680
0.503166
-0.954712
-0.135781
-0.738130
0.001038
-0.864518
-0.795234
1.000000
0.270036
1.000000
0.737497
0.805445
0.600304
-0.108195
-0.869206
1.000000
0.301434
-0.666183
0.640285
-0.800138
0.296703
-0.081794
0.790184
-1.000000
0.574799
-0.674638
0.246116
0.081088
-0.148433
-0.511244
0.430119
0.413940
-0.784677
0.278717
0.015553
0.231073
0.434382
-0.411527
0.138805
0.590922
-0.225576
-0.746380
-0.283302
-0.110375
-0.435015
-0.721636
0.274826
0.210846
0.091887
-1.000000
-0.226167
-0.252925
0.021348
0.026052
-0.266836
-0.286684
-0.033055
-0.868435
-0.570017
-0.170438
0.652438
-0.464128
-0.768500
-1.000000
0.974893
-0.071139
-0.860508
-0.056171
0.200136
0.714112
-0.054884
0.252851
-0.826404
0.759528
-0.031053
0.932470
-0.006747
-1.000000
0.664059
0.443137
-0.792229
-0.525934
-0.626864
-0.957029
-0.248443
0.562226
-0.381080
-0.449571
0.932314
0.192197
-0.657597
0.604410
-0.330363
0.333240
0.722713
-0.158988
0.315704
-0.525355
0.470181
1.000000
-0.883312
-0.193828
-0.581239
-0.384085
-0.119159
-0.603282
-0.004813
0.344953
-0.022302
-0.485987
-0.489563
-0.101528
-0.610199
-0.052483
-0.956701
-0.641388
-0.035272
-1.000000
0.219625
-0.357086
0.479664
-0.333984
1.000000
-0.263151
-0.391702
-0.407123
0.724337
0.519058
-0.052933
1.000000
0.386607
-0.902716
-0.130910
-0.084830
0.393706
0.078125
0.094618
0.402296
0.386697
0.379008
0.936335
0.330545
0.300002
-0.302213
1.000000
-0.024943
-0.409681
0.041160
0.910153
0.292254
-0.227296
0.629222
0.723431
-0.159059
-0.040440
-0.020777
-1.000000
0.012911
-0.316415
0.221670
0.476656
-0.782651
-0.065135
-0.182856
0.865598
-0.156428
-1.000000
-0.777557
0.097028
-0.228606
0.026721
0.653493
-0.024900
-0.866217
-0.173949
0.001861
-0.704310
-0.372992
0.107765
-0.870936
-0.074941
0.528623
0.052910
-0.415526
0.676807
0.146547
0.777044
0.574438
-0.744171
-0.266029
0.781880
0.182973
-0.674507
0.922352
0.768996
-0.422893
0.246462
-0.851332
-0.107846
-0.190849
0.963138
-0.100895
-0.078454
-0.229153
0.593272
-0.367642
-0.078409
0.916830
0.018500
-0.558581
1.000000
-1.000000
0.571470
0.693913
0.156668
-0.718752
0.551205
-0.997261
-0.078000
0.241516
-0.460012
0.492247
-1.000000
-0.048250
-0.238343
0.305645
-0.976594
0.096892
-0.317556
0.172246
-0.067120
0.147291
-0.789792
-0.747492
0.546451
1.000000
0.205722
0.383616
0.301023
-0.736217
0.515413
0.979208
-0.540985
-1.000000
0.120975
-0.494144
-0.044052
0.469915
0.281347
1.000000
-0.656062
0.014893
-0.096142
0.307006
-0.701147
-0.231945
0.039890
0.963607
-0.949189
-0.885319
-0.920658
-0.117600
-0.879852
0.931117
0.348470
0.734241
-0.518401
-0.623549
1.000000
0.198564
-0.134924
0.058849
0.569134
-0.077416
0.827527
-0.325363
1.000000
0.944659
-0.430209
0.113109
0.376418
0.607538
0.127328
0.027199
-0.067447
-0.215810
-0.542039
-0.800775
-0.306077
-0.241500
0.653000
-0.706018
0.156816
0.261922
-0.358089
0.522628
-0.705113
-0.634769
-0.543764
-0.183840
-0.498803
-0.138333
0.007673
0.074774
0.611022
0.621526
-0.800350
-0.765927
0.030159
0.361156
-0.333824
0.266687
0.741318
1.000000
-0.300747
0.452540
-0.846163
-0.204802
0.429210
0.138203
-0.111933
-0.577003
0.900861
-0.450792
-0.308227
-0.742192
0.115239
0.027495
-0.310226
0.602337
-0.124323
0.204125
0.269089
0.714978
0.419890
-0.594984
0.134031
0.436273
-0.265784
-0.360429
-0.991319
0.362810
0.082904
-0.130572
-0.845438
0.474837
-0.984643
0.649106
0.007076
0.764214
-0.998334
0.132496
-0.017489
-0.951431
-0.827398
0.651710
0.325396
0.543855
-0.310357
0.389201
-1.000000
0.203507
0.518352
-0.414999
0.333945
-0.057401
0.113395
0.793260
-0.516677
-0.970086
-0.100625
0.959561
0.566454
0.825915
-0.580732
0.089969
0.072249
1.000000
-0.375731
-0.643972
0.066219
-0.838097
0.256279
-0.298505
-0.821736
-1.000000
0.164488
-0.434168
0.018537
-1.000000
0.541840
-0.889028
-0.619248
0.243953
0.400177
0.668447
-0.882463
0.296977
0.858455
0.984496
-0.581191
0.749448
-0.507343
0.865114
-1.000000
0.748722
-0.026901
-0.339045
0.535355
1.000000
0.517551
0.060412
-0.446818
-0.432023
-0.999152
0.996528
0.355060
0.059416
0.050142
-0.339652
0.160701
0.149243
-0.831090
-0.728049
0.836893
0.785015
-0.876252
-0.169175
-1.000000
-0.358577
-0.206931
0.274438
-0.615963
0.632735
-0.584167
-0.322524
0.013673
-0.553167
-0.898255
-0.971439
-0.748351
0.614697
-1.000000
0.590612
0.975394
0.223856
0.033016
-0.913930
-0.502120
-0.480994
0.473402
0.177908
-0.367513
0.390258
-0.426149
-0.703967
-0.982554
0.555800
-0.493527
0.883084
0.973896
0.063215
-0.301854
0.917122
0.379357
1.000000
-0.213291
-0.049016
-0.849335
0.127363
1.000000
-0.811967
-0.060107
-0.348515
-0.843624
-0.799083
-0.588140
-0.742879
-0.528952
-0.452846
0.895945
-0.341470
0.363417
-0.181771
0.600228
-0.956835
0.829521
-0.311359
0.082368
-0.054037
0.336164
-0.021788
-0.623436
-0.322153
-0.376537
0.109217
1.000000
-0.854438
-0.926342
0.225810
1.000000
-0.326129
-0.254865
-0.260777
0.833832
0.550233
-0.292771
-0.096204
-0.001001
0.613113
0.578227
-0.814172
0.911081
0.565148
0.327187
0.538597
-0.300680
0.477960
0.142334
-0.099564
-0.262198
-0.563014
0.781974
0.511885
-0.748175
-0.914466
0.160850
-0.386256
0.574002
0.801476
-0.613129
-0.168573
0.382465
0.268563
0.014586
-0.571050
-0.519299
0.347557
-0.798062
0.893928
0.798865
0.047385
0.529562
0.311193
0.517281
0.244296
0.873736
-0.504986
0.144710
0.259375
0.166266
0.791844
-0.139764
-0.518474
-0.321806
-0.457360
0.728529
-0.255084
0.888609
-0.246796
-0.486072
0.560168
-0.934535
0.267936
0.189416
-0.670588
0.590835
-0.459743
0.424136
-0.090106
-0.654007
-0.302972
-0.016411
0.477795
0.571570
0.911652
-0.178800
0.439164
-0.178387
0.424673
0.917281
-0.723622
-0.251604
-0.302350
-0.649989
0.423624
-0.786782
0.853540
0.063130
-0.176108
-0.938359
0.358046
-1.000000
-0.934660
-1.000000
0.141546
-0.158651
0.479239
0.548445
-0.051187
-0.090322
-0.401602
0.662195
0.274928
0.244911
-0.812163
-0.924711
-0.607548
0.619117
-0.869715
0.721641
0.137996
0.620368
1.000000
0.801858
-0.425333
0.531184
-0.635696
0.418634
0.299424
0.637085
0.873484
-0.476912
-0.726638
0.953923
0.030487
-0.211378
0.172494
0.328235
0.231178
-0.364216
0.934603
0.710930
0.447303
0.890363
0.500426
0.287592
0.853885
-0.530441
0.235814
0.227971
0.907819
0.627173
0.506037
0.300998
1.000000
1.000000
0.179283
-1.000000
-0.818184
0.041978
0.587298
0.153468
-0.343770
-0.943634
0.432660
-0.514396
-0.996541
-0.778120
0.032734
0.482843
-1.000000
0.203459
-0.167359
0.162279
-1.000000
0.739496
-0.933170
0.583244
-1.000000
-0.535293
-0.356332
-0.889780
0.061324
0.077770
0.247927
-0.820952
-0.683304
-0.420912
-0.240918
0.017808
-0.045664
0.329148
-0.649151
0.195451
0.942661
-0.931554
0.209776
-0.126432
-1.000000
-0.515040
-1.000000
-0.408571
0.934286
-0.299226
-0.495360
-0.773303
-0.562830
-0.298668
-0.783998
-0.108939
0.373087
-0.347471
0.865219
0.503602
0.005688
-0.043265
-0.237655
-0.305686
0.644550
0.555212
-0.788495
-1.000000
0.231350
0.116226
-0.871946
0.835860
-0.110822
-1.000000
0.311843
0.510797
0.430711
-0.226347
0.296377
0.213443
0.218989
0.805997
-0.371342
0.095687
0.082583
0.042556
-0.740758
0.114350
0.894520
0.713792
-0.634468
0.212969
0.122007
-0.231046
0.291411
-0.741127
-0.135624
-0.560749
0.678459
-0.833060
0.249569
0.906052
-0.494509
-0.191043
-0.702593
-0.873487
0.834006
-0.397360
0.385710
0.140661
-0.177499
-0.711002
-0.300789
-0.243108
-0.743550
0.979809
-0.108773
0.610538
-0.164391
0.306542
0.446612
0.248558
-0.368571
-0.599235
-0.722123
0.017210
-0.967673
-0.937170
-0.696356
-0.408628
0.126387
-0.206909
-0.699294
1.000000
0.134012
0.445972
0.792394
0.237318
-0.524565
0.034239
-1.000000
0.047696
-0.285688
-0.195662
-0.524176
-0.181205
-0.184465
-0.007963
0.965672
1.000000
-0.850858
-1.000000
-0.541430
0.825280
-0.584495
-0.565681
0.146342
0.646733
-0.169624
-0.416634
-0.025149
0.099560
-0.065856
1.000000
-0.218008
0.360045
1.000000
0.806477
0.199352
0.987894
-0.817421
0.205042
0.538682
-0.903977
0.484684
0.166410
-0.288602
-0.241099
-0.950335
-0.201649
-0.152653
0.126206
0.560028
-0.044767
0.090567
0.155883
-0.960657
0.154557
0.092848
0.713462
-0.654072
0.651065
0.019680
0.367265
0.560644
-0.523152
-0.037586
-0.368718
-0.659015
-0.415458
-0.801858
0.661346
0.450142
-0.387696
-0.735757
0.807516
0.922544
-0.339781
-0.668129
0.403450
-0.575293
-0.380413
1.000000
-0.070387
0.834023
0.860049
0.740954
0.762893
0.564821
-0.792220
-0.678674
-0.022563
0.081889
0.781314
0.163544
0.108518
-0.235726
0.491935
-0.341303
0.597976
-0.090626
-0.042837
-0.886727
0.333016
-0.686422
1.000000
-0.594359
0.417901
0.480303
-0.932710
0.930429
-0.285771
-0.150358
0.394633
-0.049411
-0.162429
0.516130
0.673616
0.382149
0.018823
0.462938
0.926637
-0.762773
0.459121
0.172276
0.281332
-0.812386
1.000000
-0.643078
0.140777
1.000000
-1.000000
0.166217
-0.481708
0.439107
0.959717
0.334403
0.499350
-0.450348
-1.000000
0.864305
0.269971
0.539523
0.867663
-0.099931
-0.523888
0.194245
-0.845991
-0.278365
0.009352
0.434849
-0.403676
-0.067025
-0.986392
-0.768599
0.091426
0.605613
0.174543
-0.211846
0.989948
0.318720
0.157002
-0.403492
0.196022
0.302802
0.146404
1.000000
-0.697668
0.502155
0.826241
0.165428
-0.772670
0.348047
-0.585831
-0.347812
0.597574
0.013482
-0.769170
-0.836287
0.494656
-0.802342
0.990222
-0.572242
-0.032812
0.787484
-0.538782
0.974925
-0.280202
-0.662500
0.232435
-0.647904
0.055155
0.634217
0.627932
-0.122633
-0.621859
-0.148450
0.210469
1.000000
0.105222
-0.141521
-0.860818
-0.585565
-0.171061
0.344645
-0.234581
0.654017
0.382849
-0.323399
-0.979981
-0.086613
0.387810
-0.712931
-0.526173
-0.288392
-0.625689
0.467573
-0.480575
-0.735767
-0.236978
0.094354
-0.053386
-0.065130
0.240825
0.006661
0.521908
0.212568
0.273320
-0.229526
-0.282748
0.940556
0.004339
0.384757
-0.264106
0.041513
0.454452
0.028690
-0.967329
-0.088333
-0.275754
0.221794
0.700377
-0.082702
-0.634053
-0.056332
-0.298444
0.556010
-0.111561
-0.397978
0.397419
-0.021109
-0.767814
0.396202
0.181812
0.144303
-0.256416
0.208356
0.166936
0.702886
0.507901
-0.337709
0.682520
0.606918
0.845808
-0.482142
-0.494831
-1.000000
0.291052
0.242821
0.641602
0.558666
0.295843
1.000000
-0.874843
-0.118083
0.232953
-0.000069
0.266539
-1.000000
0.245143
-0.158395
0.316020
0.107509
0.214882
-0.833856
0.175100
-0.389484
1.000000
0.594744
-0.058466
-0.085615
-0.588717
-0.196341
-0.052334
0.080881
-0.421412
1.000000
-0.039982
-0.007392
-0.776010
0.256018
0.737527
-1.000000
-0.281577
0.701726
-0.215403
0.853470
-0.605509
-0.593791
0.631263
-0.219529
0.135441
-0.734761
-0.025126
0.780104
0.862655
0.030657
0.125297
0.180764
-0.634792
0.691765
0.305962
-0.198269
-0.922865
-1.000000
-0.810774
-0.630453
-0.190372
-0.900157
0.391649
0.106716
0.045457
0.164488
0.283636
0.522187
0.646761
-0.188418
-0.821967
-0.803862
-0.038615
-0.919514
0.974561
0.580566
0.636183
-0.131027
0.226511
-0.898706
-0.802790
0.799393
0.665909
-0.036266
-0.435204
0.116005
-0.386248
-0.948746
0.041225
0.171799
0.855516
0.084909
0.667703
0.976153
-0.514989
-0.075281
0.790216
0.648299
-0.315450
0.518351
1.000000
0.203957
-0.294091
0.828750
-0.572808
-0.475530
-0.160671
0.084428
-0.378958
0.131423
-0.810112
0.332492
-0.124310
0.693501
0.024347
-1.000000
-0.296804
-0.064543
-0.870805
-1.000000
0.507109
0.475532
-0.846175
-0.964030
0.576902
0.455850
-0.443045
-0.587035
0.254429
0.431693
0.747848
-0.756317
-0.249160
0.860342
-0.614542
-0.082563
1.000000
-0.731656
-0.111189
-0.701555
0.401010
0.094793
0.813371
0.762901
0.209577
0.003870
0.269846
-0.669479
-0.866411
-0.264453
0.022630
0.150803
0.370737
-1.000000
-0.821974
0.739969
0.803128
0.056646
-0.111932
0.547568
-0.143193
0.102332
-1.000000
0.904259
-0.331989
0.395848
-0.688838
-0.697235
0.333226
1.000000
-0.837469
-0.334958
-0.334483
0.061406
0.681304
0.981248
-0.665337
0.591331
-0.182207
0.697327
0.372589
0.593309
0.161040
-0.240316
0.073743
0.538583
0.569778
0.797923
-0.255325
0.858680
0.121551
-0.196978
0.575861
0.242732
0.172340
-0.229267
0.356132
-0.635219
-0.026925
0.169536
-0.630479
-0.582329
-0.502790
0.178804
-0.581549
0.902330
-0.175057
0.822839
0.150552
-0.305012
-0.288361
-0.266118
0.846142
0.955237
-0.925701
-0.130878
-0.796104
0.299364
-0.186670
-0.533643
-0.877820
-0.735861
0.516237
-0.222708
1.000000
-0.427427
-0.351930
0.195858
0.860352
-0.330146
-0.634481
-0.313091
0.393186
-0.022642
0.770279
-1.000000
-0.239714
-0.165408
-0.732214
0.262409
-0.112316
-0.598061
-0.137944
0.691177
-0.667245
0.664886
-0.096065
0.377423
0.067978
0.153648
0.542057
-0.105331
0.846968
0.062564
-0.621396
-1.000000
-0.433306
0.825033
-0.086897
0.913877
-0.596975
0.080857
-0.626697
-0.013048
0.870587
0.362923
0.245066
0.749317
0.469141
-0.975433
-0.197169
0.551923
-0.409939
0.693984
1.000000
0.461044
-1.000000
0.437703
0.281586
0.384341
0.667512
-0.751368
-0.685768
0.369179
-0.471972
0.207193
-0.878158
-0.794337
1.000000
0.969487
0.326625
1.000000
-1.000000
-0.736964
-0.042336
-0.434767
-0.726648
0.214423
-0.413330
0.176469
-1.000000
0.782090
-0.502079
-0.139961
-0.774554
-0.270274
-0.465475
0.600211
-0.296769
-0.693165
0.515173
-0.256631
-0.136618
-0.348975
0.143206
0.734962
0.617538
-0.601585
0.749329
0.755185
0.733152
-0.027515
-0.258898
-0.511008
0.684398
-0.143745
0.185961
0.047579
-0.030810
0.354965
-0.374940
0.412841
0.568891
-0.292405
1.000000
-0.546644
0.298901
1.000000
-0.212663
-0.243615
-0.324959
0.911307
0.771208
0.759481
-0.634877
-0.735528
0.443875
0.013506
0.144147
-0.569941
0.709210
0.660806
-0.083064
-0.221551
0.148885
0.403002
-0.154523
0.075576
0.895277
0.435281
0.724627
0.294219
0.850293
0.620858
-0.902890
-0.773503
0.285762
0.620452
0.413904
0.412621
0.237285
1.000000
0.760046
-0.492745
-1.000000
0.598088
-0.410456
-0.793619
-0.524785
-0.099876
0.484147
-0.012250
-0.425241
0.782377
0.223121
1.000000
0.949348
0.303485
-0.197847
-0.035869
0.947846
-0.603227
0.846083
0.235583
0.584155
0.963175
0.323226
0.203615
0.585757
0.157974
0.353279
0.393143
0.358520
-0.455208
-0.278034
0.663028
-0.926885
-0.253775
-0.369286
1.000000
-0.764088
-1.000000
-1.000000
0.391948
0.003757
-0.989605
-0.353364
-0.267628
0.559368
0.195105
-0.936838
0.443686
0.029810
-0.552163
-0.257204
-0.728922
0.849656
0.074647
-0.563198
-0.057814
-0.056047
0.117284
0.229780
0.170816
-0.540519
-0.238255
-0.546588
0.732509
0.152793
0.591822
0.532860
0.497620
0.302426
0.470177
0.649915
-0.625616
0.307607
0.769761
-0.385628
-0.716429
0.826700
0.008317
-0.860522
0.317794
0.992397
0.703646
0.413591
-0.300817
-0.351878
0.035515
0.710192
0.499037
0.435780
0.771761
1.000000
-0.097441
-0.786056
-0.513133
-0.282996
0.218319
0.695367
0.988453
0.858354
0.840230
0.879305
-0.042692
-0.816424
0.101221
-0.377376
-0.416420
0.275636
-0.710574
-0.124266
1.000000
1.000000
-0.431147
-0.311630
-0.725248
-0.585706
0.012455
0.287560
0.411279
1.000000
1.000000
0.218642
-0.286582
-0.193545
0.026317
0.013989
0.153672
-0.533943
0.530881
-0.329241
-0.484167
0.261251
0.625764
0.055978
-1.000000
-1.000000
0.748925
-0.314508
1.000000
0.305726
0.197816
0.327417
-0.595417
-0.677082
-0.130854
-1.000000
0.910048
0.054141
-0.315449
0.878964
0.005819
0.161083
0.433426
-0.199539
0.009047
-0.499482
-0.038672
0.123065
0.119679
-0.661728
0.925437
-0.161534
0.596198
-0.243084
0.738548
-0.372221
-0.611933
0.275657
-0.295721
0.441995
0.605651
1.000000
-1.000000
0.083978
0.954823
0.622749
0.480128
0.038238
0.868724
0.140557
-0.828348
0.674478
0.617762
-0.212541
0.289097
-0.908842
0.241666
-0.777817
0.675030
0.073003
0.763468
0.336821
-0.322357
0.834883
-0.105482
-1.000000
0.778356
-0.343212
0.061553
0.280599
-1.000000
0.464224
0.146217
-0.310123
-0.345464
-0.796521
-0.862282
-0.832235
1.000000
-0.794919
0.470439
0.796127
-0.954299
0.214032
-0.721269
-0.061817
0.184895
-0.037576
0.443078
0.066549
1.000000
-0.274245
0.032675
0.774668
-0.101943
0.376639
0.361259
-0.383355
0.607640
-0.212265
-0.889803
-0.819994
-0.603034
0.527644
0.429798
-0.426779
0.551850
0.852664
-0.228124
-0.173474
-0.456374
0.244987
-0.872342
-0.080764
0.671083
0.245510
-0.490609
-0.732973
0.352317
0.809427
0.474069
-0.222160
-0.155285
-0.217371
0.153071
0.393283
0.298562
0.608785
-0.235262
0.427441
-0.493598
-0.020662
0.664470
0.426518
0.432472
-0.222605
0.433645
0.062183
0.584233
-0.564199
-0.532655
-0.238762
-0.373812
0.071578
-0.307055
-0.089468
-0.319237
-0.032926
0.234494
0.860391
0.597670
-0.852259
-0.483793
0.498328
-0.220192
0.208057
0.684050
-0.043478
-0.012661
-0.050311
-0.316893
1.000000
0.428690
-0.180317
0.569817
-0.338359
0.273791
-0.858042
-0.272133
0.740324
-0.137852
0.294922
0.675450
-0.481790
-0.408337
0.888405
-0.660304
-0.260967
0.726638
-0.818475
-0.971591
0.369045
-0.588305
-0.094753
-0.413304
0.424859
0.087523
-0.497106
0.687201
-0.045282
0.655194
0.872051
-0.262239
1.000000
-0.874418
0.757814
-0.876698
-0.850986
0.021001
-0.068756
0.197366
-0.591375
0.677501
-0.623738
-0.024511
-0.682795
0.759414
-0.014872
-0.931012
-0.191712
0.671142
0.012047
0.639221
-0.818842
-0.753834
-0.347766
0.528726
0.820410
-0.872852
-0.122977
-0.778883
0.000622
-1.000000
0.347666
0.323720
0.581909
0.877536
-1.000000
0.911876
0.176506
-1.000000
-0.473560
1.000000
0.157677
0.329026
-0.549294
0.546664
0.613283
0.610705
-0.429930
-0.036295
-0.225346
-0.751444
0.349341
-0.961525
0.643305
-1.000000
-0.154078
0.416827
0.314706
0.733975
-0.251095
0.530592
-0.456643
-0.255840
0.423095
-0.046221
0.718064
0.080906
0.250973
-0.303147
-0.766641
0.445065
0.372324
-0.401380
-0.616547
1.000000
-0.185256
0.744843
0.566561
0.870439
-0.054531
-1.000000
0.956006
-0.912399
-0.816402
0.422956
0.741606
-0.202952
-0.246123
-0.784807
-1.000000
0.879395
-0.588655
-0.080039
0.494259
-0.503743
0.212498
0.357611
0.553632
-0.908880
0.489569
-0.177722
-0.464541
0.494819
0.008453
-0.904695
-0.272366
0.850011
1.000000
-0.266805
0.307301
0.093097
-1.000000
0.860905
0.655035
0.693461
0.728624
-0.144506
-0.431475
0.973372
-0.219363
0.120921
0.650036
0.281265
-0.166270
0.710530
0.256302
0.755496
0.565390
-0.136621
0.385761
0.680508
-1.000000
-0.577782
-0.274012
0.116408
0.481123
-0.543331
1.000000
-1.000000
0.119227
-0.807067
1.000000
0.718361
-0.727989
-0.937755
-1.000000
0.352452
0.789316
-0.298522
0.161307
-1.000000
-0.339043
-0.082257
-0.973190
-0.194884
0.248201
-0.291089
-0.987976
-0.193074
0.818925
0.841960
-0.279613
-0.699939
0.434764
-0.727832
0.621193
0.170317
-0.802663
-0.267175
0.515122
-0.582303
-0.477525
0.408332
-0.486039
-0.017804
-0.368484
0.530262
0.231177
-0.233908
-0.088837
-0.487477
-0.918179
-0.154165
0.596791
0.177743
-0.239998
0.040630
0.345594
0.739650
0.780400
-0.329246
-0.817225
0.260690
0.177620
0.440227
-0.111643
-0.421659
0.321717
0.981880
0.718836
-0.270030
-0.312479
-1.000000
-1.000000
0.412907
-0.127610
-0.485751
-1.000000
-0.528672
-0.146017
-0.602553
-0.664912
0.333688
0.581470
-0.592262
0.779489
0.587502
-1.000000
0.449749
0.367597
0.570881
-0.629218
1.000000
-0.373746
0.535070
-0.062909
0.666927
-0.688181
-0.227778
1.000000
0.044430
-0.350858
0.679981
0.626686
0.110943
0.071537
0.448850
-0.509492
-0.453142
-0.318751
-0.253339
-0.981544
-0.147058
-0.326895
0.793206
0.428448
-1.000000
-0.306882
-0.715889
-1.000000
-0.032059
0.202180
0.218720
0.761313
0.470683
-0.423348
-0.858543
-0.939047
-1.000000
-0.097776
-0.368112
0.075748
0.207250
0.495966
-0.138880
-1.000000
-0.370395
-0.490606
0.790992
-0.580223
0.912808
0.939420
-0.289015
-0.658446
-0.379670
-0.817676
-1.000000
-0.027932
0.153008
-0.536769
-0.418678
0.785825
-0.256868
-1.000000
-0.420344
-0.046432
1.000000
1.000000
-0.145673
-0.860726
-1.000000
0.119430
-0.763027
0.695919
0.125495
-0.960867
-0.712755
-0.119047
-0.876626
0.628270
-0.437403
0.412433
-0.360409
1.000000
-0.225819
0.107574
0.681762
-0.964975
-0.220221
0.006446
-0.874940
0.420906
-0.233409
0.952173
0.407327
-0.876203
-0.522814
0.506747
0.936064
0.347625
1.000000
0.557742
-0.103045
-0.324327
-0.205354
0.318072
0.849931
1.000000
-0.331512
1.000000
0.226708
-0.191582
1.000000
0.389803
-0.076103
-0.429118
0.306436
0.074738
1.000000
0.347963
-0.631814
0.822965
-0.011951
-0.927439
-0.531230
0.416598
-0.353298
-0.200616
-0.004589
-0.488772
0.429245
0.519077
0.175197
-0.707128
0.221296
-0.238066
-0.070238
-0.711064
-0.833244
0.976051
0.646976
0.500044
-0.715198
0.027432
-0.328765
-0.498205
-0.597545
0.777507
0.772424
0.507859
-0.006789
-0.264313
-0.204383
-0.407318
0.735765
-0.162678
0.415785
0.285333
0.275726
0.784944
-0.498751
-0.471264
-0.506092
1.000000
0.034962
-0.247770
-0.908099
0.647333
-0.909206
0.740616
-0.346413
0.098016
-0.058717
0.761362
-0.705808
-0.928105
-0.030858
0.372663
-0.599076
0.533381
0.811807
0.771637
-0.603123
-1.000000
-0.222567
0.556798
0.277893
0.837355
0.271365
0.268383
-0.008289
0.003385
-1.000000
-0.178975
0.082097
-0.366681
-0.735446
0.953315
0.931726
1.000000
-0.741599
-0.257220
-0.556638
0.026677
-0.961582
0.284044
0.661206
-0.050562
-0.183547
-0.277361
0.338384
-0.051298
-1.000000
0.149217
0.033851
0.440454
-0.824943
-0.335259
0.472476
-1.000000
-1.000000
-0.327526
-0.277462
-0.371762
-0.883451
0.521080
-1.000000
0.125417
0.456737
0.321523
0.237903
0.309705
0.117606
0.865895
0.862600
0.557377
-0.071254
-0.092981
-0.562296
0.572188
1.000000
-0.071751
-0.189463
0.053997
0.872111
0.667500
-0.851901
0.010462
-0.199465
0.030175
0.499599
-0.075198
-0.133903
0.056741
-0.093122
0.391976
-0.327602
-0.136349
0.250116
0.029854
0.881521
-0.684183
0.872562
0.129931
-1.000000
-0.357789
0.745777
-0.238991
0.303192
0.325662
-0.042148
0.707698
-0.560313
0.952453
0.030459
-0.329332
-0.988333
0.787550
-0.106521
0.752470
0.539614
-0.337478
-0.697123
-0.200125
0.015564
0.276323
0.628149
0.770279
-0.180263
0.305690
0.016503
0.466022
0.495915
-0.245569
0.014482
-0.447907
0.540264
0.060666
-1.000000
-0.768584
0.987696
0.395180
0.393739
-0.994033
-0.076783
0.179670
-0.148823
-0.224665
0.358088
-0.023181
-0.648121
-0.825164
0.278119
-0.997494
-0.729405
-0.069148
-0.152948
0.824638
0.132769
-0.788990
0.881207
0.679864
0.945003
-0.870228
-0.170817
0.297747
-0.138339
0.265182
0.463920
-0.764770
-1.000000
-0.209541
-0.537183
-0.277294
0.382389
-0.322123
0.974684
-0.756301
-0.258896
-0.329273
-1.000000
-0.703225
-0.140217
-0.977063
0.152133
0.151035
-0.982883
0.002579
-0.456601
0.667108
-0.953594
-0.880506
-0.582304
0.683368
-0.439232
-0.412162
0.261362
0.182527
0.864364
-0.233056
0.209918
0.415303
-0.274047
0.839274
-0.453908
-0.730588
1.000000
-0.692731
-0.109638
0.852416
-0.304244
-0.814729
-0.290241
0.720529
0.096350
-0.342174
-0.881327
-0.284370
-0.816622
-1.000000
-0.362147
-0.553352
0.344430
-0.869801
0.058922
-0.565882
-1.000000
0.396507
0.494971
0.291131
0.631100
0.933976
0.025726
0.115998
0.961830
-0.829440
0.078680
-1.000000
-0.773131
0.349712
0.171345
0.962018
-0.118554
-0.886013
0.283989
0.016076
-0.858337
-0.255159
-0.028489
-0.672967
0.068804
0.781209
0.239610
0.191684
-0.435434
-0.057807
-1.000000
0.135294
-0.191861
0.903266
0.137519
-0.177951
0.561976
-0.592807
0.515200
-0.445569
-0.603712
-1.000000
0.853384
0.512271
0.039896
0.433877
-0.653906
-0.328362
0.175920
0.878270
-0.446598
0.685096
-0.145351
-0.379613
0.333122
-0.392351
-0.081150
0.737304
0.891919
0.587700
-0.932751
-0.810323
-1.000000
0.462937
-0.565464
-0.865706
0.352450
0.154041
0.950697
-0.535345
0.042354
-0.529701
0.624887
0.092982
-0.827891
-0.068094
-0.218881
0.217792
0.790331
0.074890
0.643636
0.790834
0.385688
0.124762
0.141283
-0.146316
0.239982
0.500594
0.519454
-0.253182
0.006141
-0.432966
-0.038998
0.175790
0.321282
-0.475844
-0.809388
0.922069
0.021301
-0.555504
0.038667
-0.247870
-0.319043
0.404577
-0.167316
0.988928
1.000000
-0.172160
-0.577068
0.483993
-1.000000
0.209326
-0.874049
-0.446275
-0.107539
0.443348
-0.087842
1.000000
-0.903914
0.165089
-1.000000
0.838529
0.776496
0.322294
-0.254805
-0.454753
0.183262
0.669840
-0.840773
-0.417928
-0.322813
-0.878544
0.962252
0.853964
-0.416453
-0.349470
0.649105
-1.000000
-0.717013
-0.103914
0.599965
-0.802420
0.584994
0.955295
-0.016754
0.984855
0.590692
0.111241
-1.000000
0.194649
-0.983241
0.547049
-0.157464
-0.088892
-0.727286
0.301536
0.042026
0.734679
-1.000000
0.319524
0.879527
0.477276
0.858724
0.898058
0.829939
-0.608999
0.062371
-0.176066
-0.077321
-0.590371
-0.176237
0.194723
-0.056337
0.081817
0.615104
0.273864
-0.049513
0.737262
-0.012674
-0.360611
0.009509
0.923888
0.215573
0.538495
-0.216794
0.031216
-0.189692
0.532592
0.859558
-0.263662
0.724847
-0.135777
-0.845296
-0.455266
0.957197
-0.871467
0.794485
0.950182
-0.314717
0.398802
0.007899
0.088421
0.971567
0.164526
-0.275024
0.363137
-0.728402
-0.823851
-0.397018
-0.242358
0.694999
0.070428
0.053773
-0.314944
0.169695
0.288415
-0.581099
0.379923
0.399826
-0.531040
0.338048
0.685591
-0.008724
0.593996
-0.877855
0.979562
0.456919
0.248906
0.409724
-0.671045
-0.248870
0.561468
0.407241
0.966738
-0.489833
-1.000000
-0.947853
-0.033348
-0.705616
-0.523924
0.059882
-0.354804
0.218562
0.606781
0.148457
0.118423
-0.684311
-0.098685
0.628239
-1.000000
0.872132
-0.867873
0.727634
0.370545
-0.896808
-0.296319
0.534018
0.424190
0.095143
0.722078
-0.537521
0.477712
0.970520
0.586387
-0.050204
-0.453776
-0.552482
0.990520
-0.858435
-1.000000
0.334621
-0.104270
-0.354387
0.815204
0.535914
-0.262808
-0.066471
0.780514
0.592066
-1.000000
-0.026496
-0.025573
0.858425
-0.363335
-0.311013
-0.253323
-0.223040
-0.700954
-0.415106
-0.349152
0.571749
0.785623
0.603099
0.335880
-0.102003
0.636276
0.824330
0.700160
0.250685
-0.488825
0.398299
-0.645040
-0.783701
-0.518814
0.884779
1.000000
0.394572
0.965428
-0.348838
0.636693
-0.561149
-0.142828
-0.619060
-0.189220
0.754231
0.438128
-0.218625
0.331697
0.456474
-0.874374
-1.000000
0.531813
-0.511383
-0.676422
-0.162132
0.649764
-0.540576
0.667518
0.499428
-0.239396
0.337197
-0.342534
-0.476367
0.855008
0.012801
0.590011
0.031280
-1.000000
-0.723943
0.891757
0.282660
0.374404
0.445716
-0.070135
-0.403424
0.032378
-0.226989
-0.209781
-0.253865
-0.354076
0.356044
-0.359154
0.443764
0.639053
0.930424
0.643489
-0.723443
0.757480
-0.252499
-0.198597
-0.667986
0.765375
-0.135366
0.890853
-0.193934
0.969795
0.136820
-1.000000
0.942464
-0.925109
-0.737559
-0.868363
-1.000000
-0.583442
-0.158755
0.008352
-0.382902
0.622744
0.086989
0.492542
0.530073
-0.753493
0.880329
0.310099
-1.000000
0.896697
1.000000
0.797038
0.653264
-0.509427
0.236669
-0.930463
0.026325
-0.506473
1.000000
-0.985177
0.856697
0.488803
0.564007
-0.121040
-0.220961
0.197858
-0.018110
-0.927829
-0.117627
0.645635
0.921737
-0.967684
0.352281
0.973805
-0.707103
0.078869
-0.890994
0.657095
1.000000
0.400357
-0.932624
0.196249
1.000000
0.423610
-0.080949
-0.005757
-1.000000
-0.732830
0.351170
-0.598248
-0.234034
0.506232
0.618386
-0.744092
-0.900031
-0.135173
-1.000000
0.890835
0.144122
0.381167
-0.980702
0.772111
0.755824
0.498968
0.182605
0.387606
-1.000000
0.649036
0.300081
-0.577568
0.638347
0.726519
1.000000
-0.336780
0.415508
0.684677
0.514177
-0.036378
0.056169
0.217635
0.731162
0.146188
0.109436
0.108169
-0.558841
0.388172
-0.511772
-0.559166
0.611688
-0.413947
0.532220
-0.020955
-0.610293
0.143469
0.403665
-0.114449
0.132356
0.896067
-0.496332
0.250759
0.193258
0.914988
1.000000
0.649274
-0.009259
0.059433
-0.221275
0.723158
0.783031
0.813988
-0.039518
0.453241
0.867381
-0.767462
-0.686029
-0.768971
0.269732
0.022177
-1.000000
0.074571
-0.710601
0.930868
-0.302399
-0.396590
-0.668188
-0.454305
-0.026332
1.000000
0.852928
0.543999
-0.794794
-0.288573
0.422121
-0.339023
0.770836
1.000000
-0.113319
0.308589
-0.661266
-0.066561
-0.253297
0.614592
-0.101173
0.696266
0.327402
0.168002
0.767095
0.406580
-0.844182
-0.109642
0.929713
-0.870299
-1.000000
-0.232033
0.392214
0.799147
0.049148
0.265855
-0.204558
-0.909566
-0.880295
0.327998
-1.000000
-0.616927
0.086801
0.149438
0.526042
0.883822
-1.000000
-0.279118
0.337520
-0.299323
0.674525
-0.004911
-0.404343
-1.000000
-0.515743
-0.669446
-0.933431
0.328583
0.229814
0.739189
-0.185471
-0.153722
-0.028639
0.975156
-0.275015
-0.638706
-0.716001
-0.801749
0.251404
-0.418040
1.000000
-0.189822
0.871545
-0.570513
-0.751641
0.090721
-0.832139
-0.126839
0.354556
-0.347560
-0.285624
-0.080319
-0.073385
-0.599569
-0.891971
0.316914
-0.667370
-0.517277
-0.715136
0.985503
0.147053
0.239979
-0.611476
0.310542
-0.653475
1.000000
-0.232696
0.046441
-0.736089
0.079233
-0.106115
0.032208
0.730894
0.633017
-0.990146
0.941464
0.824399
0.747515
-0.657060
0.099507
0.986186
-0.587479
0.079841
-0.525412
-0.470796
0.182445
0.276275
-0.124232
0.033938
-0.876499
0.003046
-0.520249
-1.000000
-0.641049
0.562889
-0.454945
0.265484
-0.717435
0.472111
-0.118363
-0.109237
0.043055
-0.069223
0.529407
0.086887
-0.016631
0.992528
0.577342
0.354594
0.349282
0.616101
-0.403148
0.230144
-0.774871
0.446343
-0.301393
-0.753097
-0.388341
0.180551
-0.740624
0.521365
-0.905286
0.044461
0.778716
-0.880297
0.313351
0.270764
0.670898
0.709533
-0.967422
0.660288
-0.186568
0.977317
0.809683
-0.894209
-0.732448
0.935692
-0.324420
-0.371262
0.446337
0.451830
0.185371
0.018548
0.800853
-0.454936
0.493670
-0.348405
0.301706
-0.922132
-0.612417
-0.539846
-0.044940
-0.538105
0.979961
0.456904
0.360253
-0.965377
0.792298
-0.732135
-0.227998
0.425145
-0.444414
0.008455
-1.000000
0.058022
0.133082
-0.393737
-0.978062
0.081646
0.082497
-0.204285
-0.925891
-0.006789
-0.266068
-0.068736
-0.326793
0.394846
-0.537543
-0.744380
0.166941
0.466483
0.289757
0.117370
0.384726
-0.039920
-0.965831
-0.090737
0.055327
-0.642861
-0.144777
0.069806
-0.233643
-0.033468
-0.320119
0.099077
0.063611
0.725032
-1.000000
-0.747592
-0.226779
-0.190971
0.698037
-0.098161
-0.911338
-0.137684
0.690168
-0.223180
-0.363957
-0.488450
0.811037
0.344406
-0.538729
0.316395
0.276280
-0.565739
0.731295
-1.000000
-0.566383
0.074198
-0.895200
0.705406
0.240874
0.343587
0.562285
0.293822
-0.988923
0.209725
0.509552
-0.882079
0.217807
-0.926848
0.111699
-0.448017
0.902594
-0.912739
-0.682091
-0.888362
-0.307344
0.366271
-0.376896
1.000000
-0.997458
-0.138614
0.468122
0.109854
-0.708323
0.710021
-0.840740
0.299841
-0.659788
0.629911
0.706355
0.068888
0.119003
0.018839
0.300881
-0.786893
-0.366758
-0.942734
-0.781473
0.093004
0.223981
-0.202329
-0.184030
-0.261952
1.000000
0.779433
-0.129373
0.133184
0.265001
0.284696
0.403541
-0.357865
0.279350
0.038327
-0.672686
-0.045010
0.444493
-0.133866
0.442408
-0.838955
-0.691595
1.000000
-0.818689
-0.509944
-0.083362
0.346037
0.368633
0.196375
-0.563492
0.137731
-0.231514
-0.940522
0.119832
0.204326
0.529041
0.433449
0.719409
-0.116398
-0.813643
-0.535448
0.270657
0.495288
-0.537386
0.314323
-0.568328
1.000000
0.097053
1.000000
-0.403768
0.411991
-0.238068
-1.000000
0.835205
0.870996
-0.079867
-0.873353
0.790262
0.531401
-0.531390
0.234852
-0.355772
-0.363690
-0.425512
-0.454216
0.099493
0.006416
-0.865778
-0.960222
0.577883
-0.103790
0.213388
0.424038
-1.000000
-0.726226
0.991104
-0.454833
-0.144371
0.098218
-0.728134
-0.158904
-0.698729
0.883319
0.776403
0.169556
-0.112078
-0.140703
-0.635921
-0.328948
0.488850
0.799666
-0.782425
-0.086829
-0.878138
-0.142881
-0.190521
-0.880873
0.441371
0.332054
0.005052
0.653450
-0.069491
-0.418689
-0.820960
0.417491
0.609503
-0.201489
0.420824
-0.441596
1.000000
0.708477
-0.904028
-0.431970
-0.267825
0.591348
0.891474
-0.269780
-0.142323
-0.059233
0.821640
-0.160314
-0.233311
-0.356934
-0.135560
-0.355058
0.294701
0.191959
-0.897787
0.915359
-0.180963
0.769336
-0.999836
-0.934793
0.599912
0.415488
-0.825992
1.000000
-0.631976
-0.185357
-0.214126
0.633262
0.430548
-0.406832
0.452752
-0.487997
-0.399954
0.587059
0.098774
0.929315
1.000000
0.463404
-0.077829
-1.000000
0.568394
0.648489
0.233800
0.385240
-0.919094
0.869693
0.620600
0.897730
0.094773
-0.368894
-0.304873
0.655941
-0.961360
0.099923
0.128892
0.689176
0.066151
0.416648
-0.562051
1.000000
-1.000000
-0.037212
0.633414
-0.126177
0.342610
0.338787
-0.967925
-0.059689
0.099567
0.010442
0.795607
-0.657987
0.843313
0.062927
0.768743
-0.329439
-0.735058
0.075575
0.953955
-0.443582
-0.323879
-1.000000
-0.303905
0.524220
-0.558228
-0.143055
-0.133834
-0.669790
0.863033
0.553494
0.853471
1.000000
-0.711876
-1.000000
-0.366561
0.400955
0.311459
-0.394167
0.330127
0.251919
1.000000
-0.518326
0.658778
0.397274
0.726091
-0.772217
-0.987274
-0.096646
-0.618336
-0.534368
-0.934515
0.483446
0.692696
-0.308219
0.206191
-1.000000
0.951175
-0.086553
-0.845231
-0.059809
0.863917
-0.337462
0.022344
-0.876976
-0.779743
-0.611470
0.793947
0.293931
-0.904517
0.511282
1.000000
0.194939
0.266237
-0.047800
0.183466
0.859582
0.450132
-0.060276
1.000000
0.346925
-0.208139
0.746130
0.133764
0.497778
0.907831
0.502837
0.314816
-0.909485
0.911187
0.030397
0.004618
0.690123
-0.373113
-0.462335
-0.383869
0.711442
0.426194
-0.033327
0.252156
-0.355196
0.609145
0.126291
0.054496
0.066703
-0.470297
-0.394026
-0.912172
-0.713037
-0.545440
-0.821197
1.000000
-0.072716
-0.755263
0.974936
0.686849
0.500744
-0.795491
-0.226664
-0.251017
1.000000
0.129206
0.182474
-0.342098
-0.626545
-0.448223
-0.904142
0.050627
-0.359834
0.030078
-0.172323
-0.695771
-0.953718
1.000000
1.000000
-0.360027
0.270133
0.426934
-0.027457
0.851480
0.579417
-0.201592
-0.749179
-0.858404
-0.469469
0.951193
-0.388226
0.979908
0.811550
-0.977601
0.475791
0.283945
0.181049
-0.221210
0.170123
-0.892244
-0.498804
-0.299649
-0.690799
0.692650
-0.247457
0.375524
-0.895034
-0.161487
0.678828
0.472500
0.618437
-0.300601
-0.590125
-0.478833
0.433791
-0.355630
0.989353
-0.263741
-0.954138
0.473836
0.957408
0.038993
-0.060715
0.363895
0.369363
-0.327732
-0.993487
-0.377782
-0.014709
-0.651108
1.000000
0.059945
-0.909430
-0.422853
-0.419286
-0.527870
0.203601
0.845517
-0.167182
-0.180704
0.029337
-0.021809
0.937250
0.194298
0.471739
0.366566
0.489350
-1.000000
-0.174421
0.342043
-0.906695
0.545634
0.735636
0.044163
0.807752
0.792115
0.581491
0.747773
0.110405
0.988329
-0.010200
0.932017
0.720542
0.830406
0.115507
0.062641
-0.454060
-0.397586
0.002463
0.415065
-0.254688
-0.251258
-0.366062
-0.013738
0.284130
-0.771678
0.740841
0.310419
-0.838650
-0.663785
-0.545068
-0.254723
-0.072433
-0.254481
0.882876
-0.088118
-0.189514
0.569293
-0.630047
-0.776521
-0.762687
0.348081
0.408182
-0.281065
0.811365
0.228942
-0.095367
-0.494562
0.385125
-1.000000
0.234454
-0.134275
-0.142793
-0.029251
0.510395
-0.317785
-0.780832
0.202559
-0.323514
-0.377823
-0.998206
0.955554
0.709903
-0.250380
-0.184631
-1.000000
0.993971
-0.667259
0.096288
-0.547852
-0.241600
0.276647
0.059037
-0.105346
-0.357070
0.308282
-0.087869
-0.790097
0.224906
-0.054847
0.080131
0.821000
0.630784
0.194882
-0.035290
0.527538
-0.164841
-1.000000
0.245293
0.365761
-0.227129
-0.061483
0.422788
0.842728
0.711787
-0.303216
1.000000
-0.711745
0.170451
-0.935489
-0.650087
0.260795
0.426378
0.828572
-0.822912
0.796083
0.420103
-0.802212
0.250127
1.000000
-0.557929
-0.173651
0.099015
0.438633
0.261951
-0.056356
0.856166
-0.396373
-0.354103
-0.192484
-0.836064
0.150029
-0.600601
0.484766
-1.000000
-0.559267
0.726123
0.987164
0.254540
-0.455186
-0.200359
-1.000000
-0.491151
-1.000000
-0.017853
-0.692156
-0.076488
-0.045963
-0.926419
0.413516
0.997250
-0.240639
-1.000000
0.211774
-0.987818
0.458283
-0.138508
-0.272552
0.287163
0.275973
0.321846
0.466046
-0.812642
-0.292069
0.685119
1.000000
-0.472061
0.070542
-0.373612
-0.566271
0.764797
-0.105884
-1.000000
-0.512082
-0.835385
0.459475
1.000000
-0.504510
-0.853030
0.546066
0.432210
0.261279
0.334589
-0.324643
0.792504
0.257080
-0.260132
0.084507
-1.000000
0.539030
-0.741417
-0.151156
-0.931796
-0.131223
0.985120
0.816701
-0.848056
0.184791
0.517432
0.885811
-0.087722
0.579120
0.943976
1.000000
0.173354
0.326500
-0.012384
1.000000
-0.166886
0.455313
0.396601
-0.417585
-0.018191
-0.967484
0.515377
0.363824
0.054340
0.402076
-0.646992
1.000000
0.941547
-0.162187
0.019522
0.253380
0.059642
0.186589
-0.378915
0.157348
0.091467
0.016411
0.167207
0.208472
0.028316
0.020412
0.058270
0.030833
0.006932
0.040477
0.470586
0.042013
0.021679
0.079067
0.052026
0.090920
0.057708
0.106545
0.016014
0.063543
0.015393
0.048898
0.008935
0.021148
0.015881
0.001358
0.131382
0.012533
0.224980
0.334779
0.038737
0.050822
0.092324
0.028710
0.447184
0.029167
0.023040
0.128858
0.063629
0.106059
0.086579
0.182780
0.151063
0.124579
0.057353
0.044733
0.001101
0.023254
0.010046
0.009725
0.043491
0.064617
0.145948
0.273031
0.067693
0.146568
0.016658
0.024411
0.001334
0.042075
0.010586
0.033994
0.052323
0.073631
0.024254
0.158942
0.016786
0.312585
0.059893
0.010192
0.258971
0.077167
0.008688
0.025373
0.005525
0.123166
0.106198
0.046894
0.012159
0.050036
0.008405
0.013825
0.004091
0.014912
0.015126
0.040273
0.222193
0.104183
0.094360
0.065554
0.030803
0.061256
0.040903
0.250316
0.110459
0.034837
0.046938
0.087269
0.015254
0.005321
0.012941
0.016255
0.172253
0.026597
0.258819
0.041525
0.031006
0.010802
0.044185
0.119255
0.078635
0.022876
0.031883
0.160659
0.005935
0.057035
0.032500
0.013312
0.032325
0.019664
0.007984
0.005549
0.029812
0.020417
0.081117
0.092502
0.043375
0.009636
0.028420
0.026719
0.168864
0.004844
0.003838
0.075814
0.007575
0.003509
0.042410
0.061713
0.204668
0.170483
0.256542
0.035109
0.033587
0.020447
0.034873
0.104330
0.281034
0.048992
0.010988
0.143957
0.030556
0.267639
0.023805
0.035318
0.005123
0.045516
0.027017
0.250587
0.097221
0.134694
0.159515
0.037891
0.097350
0.029397
0.046544
0.652441
0.028266
0.003109
0.065332
0.070336
0.034046
0.010628
0.051137
0.004911
0.159608
0.073041
0.631763
0.037318
0.029672
0.564560
0.035153
0.103128
0.005324
0.047339
0.024624
0.244807
0.145962
0.048459
0.029430
0.016377
0.112929
0.062061
0.084213
0.075183
0.210784
0.148658
0.071823
0.141606
0.012501
0.018015
0.385921
0.034438
0.013431
0.076888
0.055524
0.025224
0.001530
0.413734
0.077701
0.064587
0.009208
0.121153
0.120201
0.435952
0.266905
0.051568
0.038042
0.005998
0.169481
0.023818
0.022899
0.239445
0.166863
0.005125
0.044378
0.014783
0.012737
0.186695
0.133987
0.280923
0.129566
0.065540
0.628851
0.025497
0.115752
0.053433
0.118869
0.018293
0.017619
0.015061
0.069033
0.130407
0.069915
0.019595
0.024132
0.015251
0.217860
0.056973
0.050712
0.013309
0.370764
0.256013
0.578780
0.138581
0.214339
0.016241
0.007129
0.048638
0.013843
0.009875
0.002851
0.071244
0.030213
0.091538
0.061383
0.229079
0.016843
0.093751
0.143566
0.596708
0.038077
0.021155
0.062771
0.021991
0.005716
0.059548
0.022770
0.014785
0.120184
0.038294
0.192702
0.221713
0.015151
0.065191
0.056375
0.056125
0.027630
0.083440
0.007448
0.324172
0.034142
0.050418
0.047574
0.015249
0.068115
0.286995
0.016842
0.082737
0.035921
0.189230
0.111244
0.019994
0.106821
0.107351
0.014074
0.005915
0.137763
0.038432
0.015391
0.047733
0.064057
0.007359
0.030006
0.266284
0.318962
0.226940
0.011873
0.239215
0.262701
0.108304
0.042791
0.034185
0.015594
0.042284
0.004793
0.047008
0.047980
0.275363
0.009041
0.021647
0.022901
0.009554
0.021017
0.056251
0.028807
0.011362
0.022909
0.226815
0.038874
0.100996
0.022706
0.034752
0.118590
0.023666
0.082992
0.071206
0.576788
0.016995
0.002121
0.178849
0.021800
0.059550
0.024605
0.041054
0.027002
0.024736
0.098551
0.111344
0.040147
0.011219
0.012479
0.032255
0.020395
0.010093
0.104179
0.336046
0.012413
0.173563
0.087349
0.709981
0.237507
0.017109
0.100322
0.051047
0.071888
0.531385
0.008289
0.164615
0.063035
0.011544
0.177391
0.067237
0.016162
0.142955
0.016035
0.038052
0.032864
0.093581
0.103254
0.012433
0.099983
0.008900
0.232152
0.133549
0.135027
0.043989
0.011944
0.054263
0.014619
0.075836
0.382108
0.066164
0.051011
0.024819
0.160994
0.061763
0.062643
0.027165
0.792523
0.056935
0.007158
0.004065
0.012949
0.012083
0.047505
0.031597
0.046541
0.041610
0.010955
0.006675
0.099411
0.021343
0.010749
0.091259
0.111045
0.006099
0.010715
0.010095
0.263380
0.026460
0.018584
0.135843
0.542115
0.061847
0.067012
0.030809
0.061784
0.001994
0.175390
0.031301
0.042319
0.064793
0.024614
0.021579
0.039660
0.021947
0.449369
0.004360
0.113715
0.167393
0.098405
0.013027
0.012813
0.252031
0.008386
0.156449
0.078851
0.003086
0.096524
0.012455
0.008777
0.013580
0.108551
0.023501
0.022269
0.014783
0.054088
0.011852
0.018218
0.008211
0.088202
0.192944
0.006917
0.046782
0.008424
0.331030
0.002523
0.119312
0.394886
0.008962
0.068737
0.009304
0.049630
0.085313
0.053924
0.048534
0.043451
0.006837
0.022862
0.086230
0.015918
0.032597
0.008527
0.288974
0.017045
0.007110
0.037325
0.228053
0.055106
0.056367
0.002932
0.011907
0.035033
0.102705
0.014445
0.042237
0.020690
0.073808
0.416272
0.055948
0.015284
0.172225
0.005595
0.012592
0.012483
0.018511
0.188972
0.014905
0.030532
0.057978
0.012896
0.091165
0.170746
0.011965
0.011228
0.017938
0.055233
0.030613
0.023399
0.176075
0.105657
0.070483
0.011740
0.195271
0.050000
0.001765
0.124773
0.204690
0.396572
0.010218
0.004257
0.094675
0.119523
0.211922
0.002729
0.004766
0.058077
0.026904
0.030171
0.120605
0.008519
0.161965
0.043778
0.009797
0.085783
0.108006
0.464973
0.004373
0.009653
0.601037
0.111894
0.299691
0.020541
0.050680
0.059728
0.001938
0.248909
0.009964
0.027598
0.429819
0.026145
0.040733
0.156459
0.279622
0.079235
0.110756
0.137393
0.079561
0.116485
0.146004
0.002927
0.050000
0.042926
0.273639
0.007818
0.048859
0.158311
0.020847
0.006544
0.103680
0.102294
0.013759
0.044675
0.164894
0.018698
0.044892
0.036502
0.014851
0.053463
0.057289
0.056089
0.149840
0.105014
0.034612
0.074177
0.023614
0.017525
0.010389
0.064116
0.125482
0.421643
0.003490
0.075326
0.100679
0.267013
0.009129
0.060883
0.053137
0.054659
0.095062
0.165556
0.015338
0.020857
0.058267
0.026473
0.038122
0.229876
0.006058
0.007595
0.042738
0.117552
0.057416
0.191275
0.030531
0.009738
0.064129
0.138143
0.282008
0.025685
0.113776
0.010678
0.044315
0.117165
0.027891
0.270960
0.020685
0.122989
0.134429
0.069619
0.199335
0.205277
0.093818
0.004456
0.016766
0.175771
0.078182
0.007046
0.034695
0.171406
0.057274
0.047957
0.038100
0.261423
0.154132
0.010361
0.103742
0.019388
0.128378
0.025263
0.013158
0.063703
0.025872
0.015156
0.032995
0.312245
0.184938
0.346236
0.001229
0.023146
0.082548
0.023414
0.313690
0.079288
0.778255
0.004013
0.017866
0.011774
0.048028
0.022444
0.127142
0.035871
0.343864
0.021007
0.050446
0.407799
0.258044
0.051424
0.015332
0.039553
0.406225
0.361060
0.030913
0.356257
0.021142
0.494519
0.126591
0.260039
0.158679
0.038193
0.267864
0.009734
0.019568
0.012549
0.028600
0.005523
0.181619
0.311730
0.071759
0.073750
0.112869
0.025439
0.072000
0.003553
0.112201
0.015466
0.294321
0.271545
0.017139
0.304699
0.075526
0.064276
0.066550
0.108150
0.006693
0.012435
0.071024
0.085375
0.011616
0.046687
0.002968
0.658431
0.717884
0.078052
0.362999
0.565790
0.043460
0.036563
0.072906
0.087534
0.037332
0.041591
0.267147
0.013473
0.016930
0.064279
0.040032
0.023036
0.004096
0.007803
0.010441
0.003673
0.008160
0.038310
0.049282
0.027098
0.084767
0.142051
0.087167
0.023147
0.022723
0.295607
0.483018
0.040692
0.071443
0.009285
0.006555
0.029917
0.196523
0.010367
0.003290
0.448341
0.351656
0.155553
0.036468
0.027598
0.032080
0.264524
0.105674
0.023920
0.060742
0.005457
0.052690
0.009112
0.164850
0.117729
0.047929
0.003840
0.097017
0.037599
0.096071
0.055015
0.009119
0.012595
0.036206
0.003437
0.000520
0.046561
0.042261
0.019684
0.026001
0.114888
0.012278
0.024329
0.690040
0.067610
0.009505
0.060775
0.039365
0.021728
0.037642
0.006653
0.063153
0.010302
0.003694
0.002988
0.011447
0.018577
0.050647
0.014434
0.007329
0.026411
0.026009
0.237420
0.046174
0.011951
0.009848
0.114595
0.070526
0.126799
0.019271
0.101775
0.109190
0.029821
0.029172
0.038691
0.400355
0.120616
0.239579
0.097125
0.014380
0.406640
0.269622
0.248881
0.055864
0.015737
0.061224
0.058034
0.012218
0.399573
0.056783
0.097387
0.145803
0.044845
0.037470
0.032902
0.012844
0.029663
0.320885
0.004848
0.055171
0.052278
0.010325
0.038686
0.467926
0.013392
0.136836
0.027391
0.301708
0.030478
0.002415
0.118039
0.023955
0.019863
0.037259
0.020395
0.046079
0.218473
0.185141
0.087196
0.005178
0.660351
0.062058
0.265070
0.003445
0.122745
0.072228
0.105967
0.098227
0.043402
0.041956
0.014777
0.032955
0.160566
0.006703
0.031779
0.005949
0.023175
0.004534
0.013840
0.099410
0.023009
0.018559
0.027498
0.758440
0.328264
0.015745
0.053171
0.149831
0.215394
0.058669
0.003341
0.067420
0.568111
0.097714
0.021257
0.062924
0.011530
0.026167
0.290245
0.038978
0.004170
0.013111
0.113476
0.029862
0.036846
0.012482
0.009377
0.070180
0.194008
0.308444
0.024968
0.111324
0.031922
0.083238
0.015645
0.174899
0.026742
0.003730
0.039768
0.030329
0.009843
0.018648
0.104227
0.010774
0.193071
0.053872
0.168945
0.023697
0.069413
0.007708
0.077479
0.037978
0.026474
0.201795
0.081267
0.190163
0.016785
0.032447
0.010212
0.043961
0.029268
0.020960
0.311355
0.156007
0.086944
0.036377
0.213130
0.007662
0.259917
0.045030
0.031768
0.017615
0.027452
0.017091
0.015980
0.072525
0.029121
0.020541
0.108225
0.069114
0.288891
0.178401
0.115257
0.456141
0.314753
0.057828
0.300610
0.026403
0.098344
0.037649
0.096681
0.038634
0.112742
0.043682
0.025643
0.006644
0.163098
0.389062
0.032468
0.051477
0.078276
0.063608
0.011390
0.026766
0.189992
0.040688
0.000228
0.016434
0.005480
0.050894
0.010791
0.044186
0.061945
0.026736
0.122295
0.345859
0.182740
0.016593
0.065453
0.019453
0.109406
0.008246
0.020135
0.069880
0.015299
0.022471
0.004226
0.339201
0.019108
0.011929
0.138543
0.071431
0.026310
0.009607
0.010174
0.013122
0.076603
0.149546
0.013806
0.042182
0.044474
0.058003
0.057541
0.073059
0.008079
0.050976
0.061714
0.107621
0.010801
0.102584
0.035047
0.008512
0.368296
0.016789
0.020047
0.018079
0.224226
0.122682
0.016310
0.083700
0.165810
0.781289
0.021161
0.084071
0.034921
0.015888
0.135524
0.020826
0.040400
0.011527
0.002807
0.102735
0.088687
0.023906
0.003551
0.247508
0.158417
0.013729
0.289090
0.176005
0.012358
0.005607
0.098039
0.038978
0.080044
0.173405
0.223496
0.093371
0.193480
0.045019
0.308958
0.094413
0.033431
0.222489
0.120256
0.005506
0.026704
0.320450
0.048922
0.016095
0.018515
0.024798
0.113988
0.011192
0.036792
0.067888
0.031110
0.073457
0.023046
0.041051
0.010475
0.005886
0.006456
0.061918
0.010874
0.068404
0.632579
0.016887
0.086628
0.097004
0.021112
0.293017
0.045384
0.105926
0.011642
0.004017
0.055003
0.040680
0.011816
0.013484
0.050101
0.015263
0.011835
0.021461
0.009512
0.127514
0.023914
0.054935
0.020721
0.527257
0.044554
0.077494
0.017959
0.036737
0.156951
0.074205
0.052614
0.299528
0.019714
0.207959
0.005145
0.003206
0.060272
0.013313
0.051830
0.010135
0.196100
0.015014
0.027435
0.621294
0.014012
0.779573
0.030095
0.044566
0.043771
0.348026
0.076190
0.004044
0.543875
0.035403
0.358681
0.174951
0.063963
0.046407
0.055304
0.067607
0.049687
0.640837
0.246617
0.026214
0.064544
0.226690
0.041045
0.279952
0.006093
0.454910
0.149693
0.000390
0.037469
0.022465
0.170561
0.058085
0.013506
0.044620
0.393697
0.034817
0.011858
0.510457
0.049936
0.150678
0.018453
0.055469
0.250257
0.154462
0.077471
0.010775
0.069796
0.011906
0.063422
0.019344
0.269211
0.315768
0.035577
0.019118
0.029255
0.176681
0.009155
0.025122
0.059608
0.118529
0.044964
0.200512
0.046944
0.011525
0.406416
0.006825
0.001442
0.193366
0.243097
0.045752
0.022707
0.166083
0.080379
0.003909
0.035632
0.105242
0.002790
0.039197
0.002410
0.466803
0.102139
0.027054
0.051268
0.381724
0.098950
0.147443
0.013783
0.015420
0.090080
0.060241
0.009261
0.285717
0.021912
0.007355
0.120777
0.040064
0.001074
0.083951
0.026162
0.056672
0.080772
0.040403
0.063906
0.263122
0.019431
0.041917
0.323450
0.502462
0.260099
0.121050
0.027587
0.053436
0.067205
0.081049
0.031609
0.009022
0.078586
0.119816
0.022523
0.011719
0.007499
0.061085
0.096209
0.488222
0.357316
0.008310
0.136974
0.067759
0.432886
0.094127
0.027867
0.014370
0.005054
0.188953
0.025396
0.204791
0.526292
0.002276
0.010651
0.308062
0.008604
0.104108
0.014991
0.005734
0.005470
0.031863
0.012074
0.007146
0.045790
0.004193
0.026970
0.164949
0.017696
0.081157
0.001634
0.066547
0.076176
0.145612
0.001319
0.169002
0.101454
0.014997
0.121086
0.004492
0.032466
0.236178
0.172896
0.102239
0.005786
0.117762
0.015152
0.010937
0.066327
0.245467
0.369563
0.089130
0.041577
0.006448
0.017031
0.068565
0.036654
0.026218
0.027668
0.040907
0.046371
0.114696
0.020236
0.145643
0.015667
0.017914
0.130843
0.095288
0.113857
0.015214
0.013541
0.022082
0.016570
0.165200
0.039662
0.493585
0.047552
0.139459
0.089761
0.002316
0.062132
0.035784
0.006011
0.077588
0.046294
0.008321
0.084152
0.003989
0.055643
0.224520
0.128133
0.001252
0.572395
0.040893
0.042274
0.008352
0.003671
0.020162
0.300807
0.007832
0.022390
0.009033
0.005411
0.392653
0.109522
0.021226
0.042145
0.040076
0.117272
0.008880
0.317733
0.055843
0.009366
0.157726
0.046145
0.080984
0.025632
0.610929
0.007376
0.056091
0.003662
0.015316
0.061957
0.022444
0.008832
0.113545
0.234519
0.005008
0.049085
0.090373
0.005140
0.072017
0.117495
0.008951
0.056420
0.135144
0.041718
0.016600
0.024521
0.044779
0.009998
0.015504
0.039801
0.842941
0.038576
0.285356
0.061287
0.166498
0.262998
0.010311
0.022203
0.271645
0.104709
0.100809
0.057293
0.111517
0.273236
0.023276
0.030225
0.045309
0.058873
0.004940
0.160656
0.142199
0.011842
0.202219
0.017011
0.125322
0.008397
0.047898
0.265958
0.015403
0.064557
0.075533
0.008154
0.172056
0.002507
0.042420
0.268381
0.061581
0.133059
0.109546
0.079847
0.005282
0.042111
0.015207
0.208387
0.066092
0.049699
0.412371
0.051871
0.251389
0.445918
0.032086
0.210621
0.171708
0.131169
0.029673
0.112589
0.147642
0.041519
0.478990
0.037147
0.009798
0.068137
0.091794
0.026946
0.008689
0.098101
0.105050
0.018179
0.059454
0.023174
0.316351
0.103039
0.044596
0.264537
0.023294
0.068994
0.202597
0.015633
0.044274
0.014823
0.045027
0.108225
0.044652
0.121411
0.012258
0.005263
0.027063
0.045430
0.138888
0.073548
0.004419
0.006258
0.004518
0.382572
0.118687
0.018466
0.027697
0.005153
0.061301
0.008530
0.032527
0.007455
0.014619
0.013344
0.056266
0.712364
0.018746
0.068078
0.004885
0.034205
0.045848
0.129986
0.056150
0.085006
0.079114
0.020814
0.001653
0.058584
0.423646
0.074082
0.018614
0.016060
0.062295
0.515761
0.047469
0.250031
0.280837
0.011113
0.009067
0.012158
0.005612
0.039762
0.021355
0.016960
0.001717
0.009009
0.132878
0.085074
0.043876
0.004850
0.019416
0.023048
0.032558
0.062357
0.011350
0.104453
0.009916
0.147409
0.139018
0.054176
0.161148
0.160148
0.013165
0.002637
0.166628
0.037377
0.024512
0.161836
0.141432
0.997723
0.121212
0.099277
0.049275
0.002719
0.031613
0.623753
0.004783
0.001184
0.052683
0.010327
0.067642
0.043777
0.002222
0.034552
0.048426
0.040890
0.022301
0.005350
0.022988
0.132535
0.182258
0.010295
0.029622
0.072850
0.023612
0.067507
0.003862
0.167799
0.015900
0.007990
0.140759
0.030805
0.010722
0.016313
0.041843
0.027882
0.072162
0.161577
0.137987
0.023826
0.027234
0.028592
0.130268
0.006679
0.066269
0.015176
0.031595
0.036634
0.063186
0.005259
0.115428
0.008303
0.102877
0.076164
0.023973
0.069429
0.136184
0.005486
0.016701
0.243692
0.031542
0.104312
0.020134
0.024710
0.187915
0.040118
0.006188
0.077588
0.058526
0.096344
0.030863
0.035082
0.003616
0.076042
0.010199
0.012653
0.061116
0.058130
0.100545
0.013658
0.012911
0.293793
0.141281
0.126936
0.047213
0.089601
0.012412
0.081407
0.025469
0.260260
0.006374
0.341477
0.028321
0.011366
0.154673
0.037997
0.031404
0.084796
0.009342
0.211590
0.915206
0.225725
0.079387
0.006163
0.008505
0.060839
0.016383
0.025960
0.366367
0.055753
0.401938
0.030495
0.054931
0.067913
0.072365
0.009951
0.016675
0.036605
0.100604
0.122220
0.008448
0.358218
0.091112
0.019802
0.029145
0.014259
0.195568
0.037166
0.096872
0.002145
0.002837
0.068602
0.185075
0.118468
0.018710
0.004590
0.005901
0.036646
0.006091
0.014035
0.079291
0.064456
0.029630
0.109758
0.063526
0.018877
0.111524
0.012657
0.007661
0.040539
0.013701
0.327766
0.020779
0.186270
0.057617
0.026360
0.019691
0.061881
0.031376
0.048566
0.130437
0.022885
0.014349
0.358910
0.175753
0.010908
0.273371
0.030618
0.034699
0.003992
0.009426
0.014837
0.107900
0.082632
0.001153
0.453238
0.012460
0.245476
0.040736
0.067726
0.016153
0.014048
0.035420
0.090250
0.011071
0.059146
0.099398
0.011370
0.258805
0.008592
0.024456
0.115243
0.006120
0.230326
0.878919
0.232207
0.083279
0.031019
0.041185
0.054863
0.207239
0.236366
0.049370
0.020874
0.027076
0.118775
0.004208
0.088552
0.022311
0.006673
0.738576
0.039302
0.007121
0.039438
0.230205
0.014734
0.001875
0.422379
0.061552
0.682599
0.237984
0.019707
0.044252
0.025709
0.067226
0.771592
0.067660
0.045773
0.078330
0.051122
0.023070
0.126017
0.185826
0.036085
0.028561
0.089867
0.135871
0.046381
0.031166
0.001166
0.109930
0.052473
0.112355
0.053153
0.020855
0.033563
0.104594
0.066021
0.024126
0.016570
0.013278
0.021491
0.150941
0.091490
0.003735
0.059145
0.267319
0.017190
0.000568
0.037261
0.027643
0.174748
0.023536
0.121682
0.011789
0.048203
0.102524
0.061529
0.015188
0.018359
0.001136
0.025523
0.065877
0.039381
0.019620
0.023546
0.032676
0.231050
0.042886
0.166076
0.025386
0.038601
0.158184
0.135110
0.107297
0.178966
0.149851
0.113517
0.032423
0.059913
0.021016
0.038673
0.028283
0.010367
0.061184
0.018603
0.048544
0.007587
0.071279
0.167725
0.003852
0.115896
0.039380
0.025565
0.029392
0.038761
0.006383
0.031654
0.014628
0.074521
0.097224
0.099446
0.053454
0.370752
0.099571
0.169197
0.137710
0.150793
0.047367
0.162121
0.010674
0.171091
0.040621
0.047512
0.084936
0.061568
0.009421
0.035216
0.244276
0.059218
0.029181
0.109290
0.031785
0.285709
0.003302
0.026808
0.642503
0.048494
0.162093
0.074592
0.056927
0.031727
0.103723
0.083509
0.233108
0.137087
0.073062
0.073032
0.000958
0.015434
0.101417
0.008634
0.316727
0.020222
0.020947
0.230207
0.013774
0.111537
0.154558
0.014474
0.083828
0.085803
0.087515
0.034671
0.102076
0.003768
0.044737
0.016654
0.171066
0.120787
0.132889
0.346580
0.070686
0.029767
0.039958
0.026864
0.196767
0.157975
0.072282
0.195650
0.024211
0.033770
0.001855
0.259118
0.350815
0.079902
0.100778
0.015851
0.106504
0.125972
0.031267
0.012056
0.119855
0.018771
0.077942
0.796522
0.273520
0.014943
0.371871
0.097930
0.003818
0.018688
0.091839
0.004009
0.034052
0.092818
0.050000
0.220845
0.079276
0.254725
0.033864
0.005797
0.031503
0.034449
0.096283
0.120198
0.067732
0.011053
0.005811
0.013209
0.164801
0.264092
0.015866
0.011846
0.013423
0.009797
0.062831
0.248265
0.021473
0.061150
0.013051
0.012722
0.094908
0.077503
0.033032
0.074400
0.028699
0.011034
0.080512
0.041588
0.048071
0.096886
0.003276
0.166374
0.042327
0.014676
0.016219
0.073325
0.085550
0.018706
0.014809
0.020311
0.083920
0.111604
0.112637
0.040212
0.061457
0.025027
0.050743
0.041326
0.009695
0.100320
0.033727
0.054379
0.006972
0.181789
0.025861
0.029407
0.097226
0.049587
0.009715
0.747507
0.059049
0.183449
0.039083
0.269941
0.031207
0.008209
0.084860
0.048287
0.008217
0.488002
0.037204
0.081297
0.064186
0.064308
0.034068
0.010021
0.028779
0.083766
0.255059
0.117268
0.085326
0.008360
0.019946
0.051756
0.233087
0.042725
0.008591
0.024814
0.241312
0.017252
0.026407
0.096658
0.019845
0.105694
0.031300
0.115455
0.386829
0.005256
0.034484
0.019089
0.004436
0.102582
0.052928
0.041931
0.010212
0.166077
0.012909
0.159736
0.145749
0.019328
0.015746
0.035888
0.026356
0.012478
0.257998
0.041833
0.054681
0.006110
0.003080
0.038584
0.010615
0.033134
0.169577
0.073907
0.032548
0.250894
0.311541
0.138911
0.154714
0.042427
0.010700
0.117837
0.014850
0.065795
0.023974
0.010377
0.041323
0.111246
0.147008
0.052952
0.131834
0.096072
0.077333
0.021995
0.004008
0.015542
0.024627
0.055142
0.641195
0.009901
0.040050
0.112942
0.011705
0.002323
0.186600
0.092644
0.020487
0.129627
0.014187
0.020327
0.041381
0.047701
0.103842
0.020444
0.138774
0.007863
0.051210
0.286091
0.318261
0.137106
0.169067
0.177991
0.343608
0.055796
0.031173
0.017810
0.052164
0.005306
0.302575
0.039509
0.053695
0.008481
0.012896
0.043269
0.076850
0.077024
0.010508
0.017265
0.032763
0.002366
0.042475
0.081363
0.364595
0.043672
0.458705
0.066763
0.074986
0.514168
0.073436
0.099354
0.058964
0.005845
0.023237
0.075106
0.003212
0.071061
0.057484
0.194084
0.011689
0.020243
0.038011
0.014910
0.031367
0.696936
0.088908
0.066620
0.129802
0.034082
0.005998
0.085382
0.021304
0.042218
0.009477
0.018730
0.074521
0.500024
0.075580
0.000787
0.014947
0.061197
0.065211
0.042663
0.009699
0.252771
0.055809
0.033997
0.286757
0.016078
0.023481
0.265987
0.066701
0.040710
0.004092
0.067095
0.002226
0.234192
0.158149
0.140474
0.063712
0.315689
0.366384
0.092336
0.153465
0.063229
0.016218
0.015012
0.281366
0.025976
0.030936
0.031995
0.269803
0.126029
0.014419
0.033215
0.013890
0.015848
0.016602
0.003557
0.016538
0.011712
0.004646
0.072354
0.083669
0.049836
0.289004
0.007100
0.009273
0.082683
0.254301
0.185368
0.018914
0.071000
0.148934
0.007005
0.329571
0.016462
0.020741
0.030793
0.050070
0.019695
0.053886
0.038883
0.032064
0.072928
0.037003
0.198294
0.138812
0.013166
0.037572
0.079367
0.001783
0.182509
0.183329
0.434275
0.022057
0.017001
0.006165
0.076136
0.165373
0.004166
0.103919
0.004353
0.079789
0.027403
0.112865
0.056814
0.104731
0.032372
0.187768
0.026100
0.043900
0.043926
0.035228
0.018580
0.031567
0.133805
0.080840
0.093514
0.151699
0.017464
0.007863
0.043470
0.065895
0.053940
0.038273
0.070706
0.019114
0.010574
0.002952
0.337406
0.064358
0.215435
0.023826
0.226168
0.223201
0.020937
0.451213
0.036780
0.017747
0.087275
0.027267
0.039546
0.127656
0.008835
0.018799
0.030102
0.531128
0.003214
0.153246
0.109660
0.193832
0.052344
0.010799
0.009490
0.297969
0.016634
0.006002
0.022728
0.018990
0.175031
0.033604
0.285657
0.047758
0.603594
0.001603
0.032945
0.015581
0.232250
0.031513
0.025039
0.037820
0.071064
0.336737
0.067434
0.044139
0.447174
0.024101
0.675657
0.174595
0.027400
0.146743
0.062606
0.018973
0.053710
0.221242
0.137432
0.011289
0.092302
0.028280
0.024000
0.108168
0.007517
0.003397
0.015185
0.006296
0.010361
0.242279
0.257969
0.041281
0.180819
0.276521
0.048198
0.011429
0.582080
0.042474
0.115051
0.008842
0.059817
0.017083
0.103024
0.036021
0.359956
0.042394
0.051282
0.126444
0.058733
0.008048
0.011431
0.620599
0.031006
0.040818
0.023354
0.162897
0.288828
0.039346
0.199096
0.006956
0.009089
0.003731
0.006036
0.007094
0.013484
0.022819
0.000993
0.040047
0.024136
0.406889
0.113706
0.002912
0.012019
0.187807
0.074023
0.025894
0.040298
0.344498
0.292895
0.285668
0.014374
0.011029
0.005327
0.037434
0.103775
0.052994
0.043409
0.052071
0.050000
0.246538
0.015155
0.447824
0.024716
0.002956
0.011022
0.051904
0.062939
0.045277
0.005912
0.048040
0.041363
0.014614
0.039897
0.089941
0.214702
0.724805
0.481167
0.166482
0.005554
0.068249
0.031061
0.171440
0.099280
0.233210
0.090197
0.252082
0.066771
0.234946
0.153790
0.070866
0.018932
0.000738
0.140375
0.136217
0.084785
0.010130
0.094425
0.009665
0.032615
0.567667
0.007051
0.250243
0.015059
0.353964
0.003998
0.117874
0.169455
0.043308
0.117091
0.162588
0.019026
0.018105
0.029646
0.013952
0.020966
0.062272
0.002227
0.014463
0.003120
0.061237
0.052933
0.065404
0.059516
0.234115
0.039099
0.019291
0.063767
0.034155
0.121521
0.124323
0.032539
0.770852
0.025812
0.165890
0.010425
0.019490
0.017408
0.268450
0.003039
0.067099
0.018036
0.137220
0.042673
0.142080
0.006110
0.065978
0.093134
0.019958
0.013572
0.017594
0.283479
0.029339
0.030236
0.043314
0.042002
0.013036
0.033222
0.023454
0.052374
0.028952
0.196131
0.052875
0.044905
0.114526
0.020109
0.002989
0.076388
0.022724
0.108042
0.281743
0.206819
0.021731
0.011233
0.019966
0.006904
0.701475
0.089861
0.047743
0.013567
0.006193
0.043959
0.013411
0.016210
0.003057
0.079865
0.144306
0.091607
0.019689
0.007391
0.037130
0.017496
0.059410
0.005495
0.069218
0.005818
0.021125
0.038766
0.017968
0.252155
0.325259
0.187943
0.229490
0.028403
0.145408
0.053237
0.081557
0.282017
0.026773
0.391820
0.040519
0.040765
0.002966
0.028739
0.067291
0.012918
0.251534
0.008570
0.070510
0.008942
0.207608
0.868204
0.018745
0.255771
0.090619
0.011831
0.037247
0.171894
0.024231
0.215433
0.055080
0.049280
0.045966
0.075863
0.136700
0.217644
0.072850
0.051562
0.296944
0.244101
0.121479
0.033332
0.005653
0.013230
0.016886
0.004549
0.005021
0.088295
0.188102
0.027757
0.052440
0.368442
0.003532
0.116811
0.020103
0.021414
0.062704
0.012231
0.029873
0.121798
0.017575
0.131414
0.042185
0.316317
0.236661
0.014239
0.172572
0.126990
0.074157
0.025557
0.198102
0.084744
0.080806
0.122755
0.066450
0.016529
0.229018
0.019964
0.049540
0.243510
0.186216
0.520174
0.509651
0.008286
0.055203
0.029369
0.004779
0.018571
0.092761
0.062447
0.102718
0.106584
0.042613
0.007231
0.002032
0.384146
0.615853
0.141631
0.483277
0.003942
0.034033
0.013043
0.012644
0.037980
0.001512
0.030588
0.234713
0.019494
0.037060
0.013472
0.089510
0.021650
0.016196
0.047946
0.044922
0.011166
0.417956
0.032311
0.405513
0.113175
0.044603
0.028936
0.088710
0.052932
0.162064
0.074141
0.009683
0.014464
0.104735
0.300022
0.360066
0.001082
0.231281
0.062681
0.125426
0.002844
0.037893
0.106665
0.123584
0.471579
0.011188
0.067131
0.077962
0.069183
0.021967
0.120152
0.125816
0.094582
0.032620
0.043169
0.230356
0.014974
0.028593
0.147420
0.019187
0.048547
0.114237
0.009646
0.357563
0.402233
0.111701
0.019717
0.236017
0.002535
0.131463
0.018371
0.015418
0.500346
0.028581
0.122915
0.183473
0.006088
0.019048
0.129924
0.010897
0.008723
0.031466
0.009828
0.722004
0.064544
0.005662
0.017266
0.022486
0.050999
0.077199
0.005256
0.128942
0.006426
0.015917
0.017505
0.025140
0.073634
0.137490
0.025325
0.031781
0.006565
0.257277
0.041587
0.022293
0.187077
0.112804
0.152515
0.021722
0.109448
0.080501
0.011880
0.052993
0.043781
0.222185
0.041939
0.022476
0.144177
0.102526
0.111679
0.145732
0.025848
0.085781
0.045090
0.013577
0.062699
0.345937
0.042508
0.014179
0.046348
0.011150
0.104836
0.019866
0.039849
0.063730
0.003005
0.124495
0.246272
0.031211
0.005785
0.034289
0.092854
0.013912
0.026638
0.017410
0.210328
0.065454
0.036177
0.232772
0.059971
0.064588
0.007479
0.004065
0.192770
0.017763
0.047797
0.011578
0.039416
0.032783
0.016825
0.124429
0.023319
0.033548
0.102925
0.243698
0.122193
0.019077
0.032031
0.008906
0.005115
0.263048
0.119646
0.303059
0.018966
0.045566
0.126710
0.165756
0.191719
0.014427
0.420879
0.021351
0.097146
0.001352
0.051677
0.002647
0.031483
0.048862
0.020388
0.060107
0.063690
0.370606
0.002437
0.087638
0.094264
0.101861
0.288436
0.024550
0.247948
0.029329
0.015032
0.026333
0.013895
0.035863
0.017718
0.111610
0.067772
0.129913
0.028045
0.148767
0.013067
0.018248
0.011174
0.013262
0.009254
0.169830
0.033883
0.023531
0.024780
0.053710
0.187051
0.124496
0.181564
0.498926
0.105778
0.096701
0.023373
0.035916
0.028144
0.042262
0.180372
0.018763
0.021350
0.042644
0.065877
0.241941
0.190976
0.035572
0.016169
0.077477
0.150285
0.041523
0.019377
0.016518
0.062148
0.067370
0.102443
0.248595
0.013785
0.072895
0.053992
0.217830
0.003495
0.145804
0.017979
0.059151
0.028826
0.571815
0.071830
0.031387
0.181079
0.017233
0.030911
0.121101
0.064125
0.044614
0.155292
0.022739
0.012995
0.221764
0.005322
0.075596
0.108552
0.007130
0.080380
0.080760
0.010723
0.735969
0.031775
0.002085
0.690504
0.045841
0.046115
0.002092
0.000543
0.008477
0.128105
0.177247
0.035054
0.040966
0.027327
0.235631
0.015392
0.181527
0.003529
0.088842
0.023221
0.004338
0.043413
0.056400
0.014993
0.029764
0.006808
0.052893
0.687127
0.017578
0.007793
0.046521
0.146051
0.030994
0.087102
0.022332
0.131308
0.213818
0.053558
0.137269
0.006062
0.321822
0.764370
0.108743
0.095491
0.019338
0.010662
0.461317
0.058855
0.051660
0.238853
0.646685
0.011839
0.135422
0.480353
0.234908
0.029425
0.047635
0.019725
0.061933
0.766888
0.052480
0.012137
0.019599
0.048021
0.017403
0.017928
0.087333
0.006404
0.227421
0.089749
0.011369
0.114702
0.006441
0.336349
0.120851
0.152502
0.151374
0.170477
0.084653
0.037115
0.116199
0.080568
0.232924
0.041762
0.231211
0.219920
0.025546
0.114544
0.037543
0.125987
0.011398
0.005644
0.037871
0.031999
0.074192
0.613451
0.135177
0.032365
0.064290
0.013334
0.009668
0.016150
0.055846
0.080236
0.026594
0.070746
0.240289
0.071346
0.054115
0.387941
0.092349
0.009395
0.436091
0.025120
0.036474
0.012714
0.087153
0.040349
0.259253
0.007203
0.072260
0.034309
0.033920
0.017598
0.163998
0.024501
0.098279
0.088276
0.259010
0.002720
0.083030
0.122881
0.063828
0.040490
0.215724
0.397838
0.316568
0.060769
0.048139
0.022205
0.030491
0.191625
0.027100
0.457518
0.009979
0.002867
0.201830
0.036761
0.107515
0.021101
0.282715
0.226708
0.110205
0.130192
0.165534
0.281990
0.200883
0.053921
0.032514
0.118101
0.041726
0.208386
0.150242
0.006059
0.000800
0.054718
0.040525
0.019375
0.015802
0.014903
0.011112
0.212317
0.014590
0.012067
0.049336
0.064248
0.047810
0.050739
0.079304
0.039661
0.003423
0.100255
0.010405
0.088556
0.020768
0.138367
0.003276
0.012410
0.001860
0.005741
0.017644
0.072570
0.002847
0.031701
0.007020
0.002500
0.006322
0.042026
0.446086
0.032633
0.011439
0.287033
0.108204
0.177095
0.119165
0.017079
0.005056
0.007519
0.201723
0.528693
0.048254
0.012470
0.247745
0.062810
0.043300
0.021456
0.058476
0.147576
0.008210
0.537138
0.101807
0.163960
0.848990
0.010947
0.139651
0.074093
0.080738
0.063255
0.003309
0.070239
0.050175
0.218388
0.030228
0.003922
0.023137
0.028269
0.126733
0.011673
0.392717
0.018556
0.092468
0.033497
0.028797
0.057055
0.016580
0.078482
0.010887
0.006557
0.389148
0.093720
0.066791
0.055551
0.053102
0.034867
0.049337
0.006483
0.030691
0.311075
0.004323
0.002924
0.012045
0.059691
0.015918
0.162315
0.008220
0.179358
0.013475
0.340779
0.096305
0.312533
0.011066
0.411681
0.053056
0.149165
0.206658
0.243714
0.114918
0.006485
0.125118
0.188469
0.119690
0.056161
0.160848
0.069184
0.077307
0.107213
0.023460
0.396890
0.036955
0.049556
0.033685
0.104843
0.102000
0.091448
0.044915
0.096210
0.248570
0.048347
0.543710
0.026557
0.000283
0.072228
0.045989
0.095373
0.165098
0.004629
0.073494
0.060811
0.133755
0.084002
0.007509
0.175891
0.034236
0.069999
0.014363
0.017191
0.031252
0.025994
0.048577
0.037562
0.015505
0.110784
0.167058
0.013451
0.005705
0.024415
0.224766
0.033652
0.022449
0.052823
0.100928
0.017581
0.012072
0.011664
0.124056
0.015328
0.129243
0.212742
0.043273
0.005726
0.264463
0.015435
0.026331
0.123075
0.009888
0.065303
0.127630
0.235906
0.052557
0.247190
0.060534
0.078868
0.058396
0.410572
0.037163
0.112002
0.088160
0.321509
0.101387
0.098587
0.037323
0.033681
0.181216
0.051548
0.024639
0.609102
0.069880
0.014672
0.386576
0.117294
0.099364
0.101612
0.041914
0.521588
0.109098
0.093091
0.045334
0.015643
0.480707
0.020429
0.079073
0.026755
0.116560
0.013344
0.153902
0.432826
0.157742
0.002947
0.009061
0.019976
0.039934
0.044427
0.024314
0.013860
0.003468
0.095549
0.132311
0.031031
0.050484
0.054603
0.013202
0.223876
0.002456
0.095992
0.126409
0.029726
0.019467
0.599335
0.020390
0.062104
0.120336
0.019975
0.051839
0.001834
0.438445
0.034878
0.067804
0.161365
0.016726
0.414243
0.029595
0.277657
0.036113
0.016829
0.024955
0.061158
0.009017
0.020127
0.004964
0.133960
0.005999
0.012377
0.209207
0.257979
0.099060
0.003190
0.003091
0.003178
0.016623
0.043335
0.025194
0.008725
0.023854
0.023107
0.234956
0.347709
0.108970
0.051823
0.561021
0.143494
0.069612
0.362852
0.062964
0.016447
0.019325
0.244858
0.177322
0.196626
0.049011
0.008593
0.030803
0.046848
0.062410
0.074786
0.010263
0.096357
0.068286
0.294038
0.002356
0.006572
0.102439
0.038199
0.051651
0.047066
0.011385
0.134109
0.026237
0.111411
0.061161
0.200571
0.079358
0.203110
0.012466
0.170213
0.422621
0.022249
0.047482
0.007189
0.026761
0.136316
0.161189
0.059344
0.065393
0.041107
0.009592
0.083579
0.471518
0.001355
0.033019
0.184714
0.007046
0.023681
0.015381
0.013213
0.418960
0.090929
0.019815
0.007847
0.037264
0.022436
0.055227
0.511930
0.109949
0.160133
0.006868
0.041966
0.053928
0.035496
0.268770
0.062826
0.061129
0.066034
0.165214
0.106685
0.008695
0.022583
0.427098
0.086845
0.017895
0.009043
0.085546
0.019427
0.525161
0.040040
0.279587
0.022228
0.005517
0.284463
0.014640
0.015947
0.021701
0.049506
0.130213
0.006088
0.015667
0.140691
0.009350
0.150800
0.415677
0.006230
0.176449
0.104934
0.014578
0.131929
0.220888
0.069629
0.522792
0.004144
0.028425
0.013048
0.090789
0.002998
0.009842
0.466552
0.031984
0.010708
0.043480
0.013906
0.016619
0.011847
0.001068
0.051138
0.015999
0.057642
0.074300
0.102071
0.009799
0.005524
0.028978
0.098063
0.109826
0.077395
0.033809
0.061410
0.039666
0.004876
0.052568
0.006511
0.061227
0.009815
0.088621
0.166048
0.085806
0.010233
0.019803
0.721304
0.151358
0.004291
0.025114
0.040651
0.007279
0.004765
0.362353
0.058279
0.073937
0.027899
0.090307
0.012185
0.016260
0.056267
0.047553
0.214050
0.047114
0.027987
0.126108
0.148618
0.046704
0.035755
0.011722
0.102906
0.030762
0.112063
0.399489
0.016018
0.001777
0.002722
0.006188
0.030554
0.065489
0.402445
0.079007
0.164889
0.615920
0.071996
0.011716
0.063077
0.042870
0.039209
0.079501
0.047227
0.060346
0.099706
0.177484
0.126018
0.051106
0.058199
0.446593
0.192491
0.048510
0.007534
0.008550
0.016937
0.002554
0.250810
0.155201
0.028203
0.014210
0.223511
0.188891
0.011339
0.548478
0.008807
0.018655
0.143995
0.064974
0.094201
0.071233
0.296346
0.058704
0.058989
0.075135
0.236611
0.138670
0.020206
0.025975
0.012759
0.092315
0.006978
0.050306
0.366847
0.059521
0.023463
0.002008
0.011194
0.047658
0.051955
0.058707
0.109664
0.013862
0.054719
0.017197
0.116300
0.050648
0.013495
0.055105
0.022924
0.129681
0.186789
0.002499
0.035677
0.021308
0.010431
0.262186
0.057306
0.018957
0.001745
0.042463
0.010519
0.167253
0.128278
0.123764
0.037578
0.002958
0.022222
0.006114
0.339817
0.028187
0.020570
0.024649
0.465201
0.023392
0.011595
0.057880
0.672949
0.064499
0.012035
0.268055
0.089484
0.034213
0.023045
0.021041
0.039296
0.028184
0.036607
0.047249
0.041496
0.045107
0.070163
0.068959
0.020146
0.310219
0.093659
0.145619
0.021138
0.047704
0.064286
0.047783
0.010652
0.060081
0.108118
0.025545
0.015442
0.049683
0.025557
0.113407
0.041985
0.309370
0.024492
0.027270
0.022005
0.013361
0.108079
0.409702
0.445585
0.207600
0.010691
0.011592
0.129355
0.031462
0.128070
0.001797
0.012578
0.172508
0.308617
0.028509
0.231596
0.014186
0.156973
0.091464
0.225404
0.058019
0.134645
0.077484
0.108661
0.288950
0.028359
0.082034
0.031424
0.139009
0.140622
0.063636
0.006045
0.066623
0.053087
0.127356
0.261472
0.052434
0.017555
0.299089
0.055723
0.032035
0.032215
0.024199
0.059593
0.020400
0.078440
0.058272
0.111919
0.010282
0.052955
0.037896
0.143127
0.067424
0.004222
0.219790
0.217424
0.009661
0.027355
0.033656
0.031437
0.059652
0.062304
0.229794
0.046138
0.275180
0.016400
0.232483
0.083408
0.034302
0.318377
0.054225
0.139009
0.123115
0.000823
0.018618
0.056899
0.676762
0.339185
0.027076
0.077658
0.126649
0.075901
0.120293
0.044381
0.028643
0.002301
0.018397
0.013081
0.170335
0.080343
0.002174
0.031548
0.114733
0.089992
0.027354
0.112359
0.107237
0.056682
0.024504
0.023134
0.048311
0.045951
0.044342
0.023283
0.011753
0.031595
0.108430
0.052697
0.007209
0.146414
0.028323
0.041991
0.350028
0.023615
0.031697
0.047284
0.037522
0.012188
0.004452
0.102949
0.011945
0.000831
0.144843
0.020734
0.026847
0.039824
0.043632
0.083995
0.011399
0.003335
0.096351
0.020529
0.018131
0.005726
0.086276
0.030388
0.014152
0.036131
0.198777
0.022093
0.010932
0.131264
0.093086
0.125401
0.026737
0.096157
0.024203
0.019037
0.011772
0.120402
0.024434
0.070283
0.009974
0.053384
0.037729
0.020496
0.013739
0.003794
0.022891
0.085579
0.100456
0.015548
0.176968
0.003931
0.165113
0.006995
0.064416
0.609207
0.038721
0.224553
0.054106
0.005739
0.082633
0.387640
0.031893
0.548808
0.049658
0.291108
0.034541
0.236056
0.054380
0.060010
0.127987
0.062509
0.011737
0.011308
0.020268
0.667466
0.011098
0.361914
0.119751
0.221663
0.014595
0.011626
0.108543
0.015889
0.041043
0.084463
0.052799
0.124177
0.047245
0.029250
0.029997
0.063200
0.001201
0.297963
0.014753
0.033767
0.135025
0.053270
0.021277
0.008876
0.009793
0.011953
0.031308
0.040279
0.035015
0.186586
0.001362
0.031362
0.073371
0.014948
0.075372
0.084570
0.071403
0.053266
0.035066
0.023970
0.048348
0.167708
0.129797
0.034632
0.094900
0.031848
0.025412
0.081576
0.024700
0.006417
0.023845
0.057352
0.028862
0.074339
0.100997
0.290100
0.017580
0.598425
0.099845
0.012966
0.014853
0.015014
0.432152
0.035069
0.036314
0.019127
0.051837
0.074703
0.012372
0.062633
0.013891
0.048562
0.076801
0.409526
0.007478
0.064379
0.007179
0.056647
0.009263
0.066047
0.089412
0.021790
0.148607
0.032187
0.568507
0.378959
0.159086
0.035251
0.170614
0.009651
0.034479
0.164408
0.011819
0.049867
0.477858
0.020695
0.020412
0.248891
0.041244
0.016423
0.061914
0.006182
0.165443
0.014459
0.066684
0.007036
0.028796
0.065127
0.368614
0.032206
0.103184
0.113577
0.019609
0.059303
0.758537
0.045753
0.482656
0.191420
0.259721
0.043955
0.017457
0.022439
0.070917
0.091815
0.093464
0.046605
0.039991
0.048246
0.012357
0.142141
0.070933
0.018549
0.303908
0.102510
0.031407
0.089625
0.005886
0.078466
0.012237
0.085724
0.030610
0.025824
0.021371
0.087710
0.048468
0.011761
0.320506
0.076906
0.034499
0.023550
0.027193
0.005495
0.254689
0.042535
0.094735
0.040041
0.171135
0.012936
0.046447
0.071881
0.034002
0.005994
0.134722
0.177137
0.026506
0.106395
0.009861
0.026894
0.040428
0.181462
0.013424
0.011589
0.501632
0.032934
0.002161
0.014024
0.038744
0.404242
0.140367
0.054153
0.018973
0.447741
0.475602
0.040919
0.006523
0.027145
0.095111
0.048664
0.058732
0.007862
0.033682
0.076177
0.006624
0.069001
0.021424
0.036947
0.413270
0.026072
0.009625
0.130377
0.024052
0.057886
0.032780
0.554860
0.014588
0.017918
0.006766
0.074989
0.137130
0.004756
0.154111
0.009177
0.004699
0.052561
0.015898
0.207366
0.169880
0.038152
0.599032
0.075775
0.015178
0.075326
0.033401
0.144844
0.175196
0.012015
0.791101
0.014410
0.056024
0.132916
0.081098
0.015313
0.008086
0.198786
0.264538
0.009814
0.256838
0.003481
0.037328
0.001728
0.018862
0.289952
0.025998
0.013630
0.118769
0.130305
0.003174
0.172439
0.100004
0.166280
0.149831
0.008563
0.022161
0.536792
0.063316
0.123205
0.012739
0.348757
0.339544
0.013635
0.008739
0.064813
0.016970
0.112458
0.009186
0.052959
0.077071
0.024633
0.057214
0.219160
0.008498
0.017066
0.044999
0.380218
0.067124
0.102675
0.038682
0.018970
0.070606
0.016298
0.022291
0.067601
0.029836
0.104701
0.224604
0.032459
0.015725
0.106333
0.008501
0.005807
0.075958
0.061992
0.139353
0.044267
0.075993
0.068406
0.018722
0.006069
0.072560
0.004574
0.019155
0.007857
0.377365
0.189924
0.116599
0.039206
0.052980
0.519137
0.005994
0.170324
0.111059
0.048474
0.178771
0.061527
0.648886
0.004232
0.072800
0.054309
0.084184
0.011499
0.040833
0.131698
0.029137
0.336696
0.090384
0.014639
0.022927
0.050137
0.089034
0.005455
0.271955
0.010296
0.062181
0.856026
0.075452
0.082310
0.128288
0.046223
0.052119
0.006780
0.065149
0.045562
0.073892
0.006530
0.056499
0.092924
0.015207
0.028251
0.075155
0.026404
0.089809
0.107591
0.023379
0.046859
0.021908
0.133961
0.161399
0.107776
0.061380
0.007226
0.009111
0.041306
0.280814
0.092144
0.705760
0.175403
0.019941
0.014684
0.018458
0.110239
0.095238
0.052745
0.026922
0.104973
0.031048
0.014193
0.066627
0.128227
0.021991
0.081966
0.006228
0.079790
0.010009
0.003069
0.028890
0.054165
0.112063
0.001035
0.037822
0.062899
0.014100
0.046432
0.064472
0.317791
0.045086
0.028457
0.060445
0.052663
0.210964
0.326294
0.186376
0.060990
0.016208
0.020507
0.094782
0.027899
0.058433
0.007265
0.052135
0.043671
0.003947
0.092508
0.002190
0.157855
0.189173
0.327704
0.046407
0.043508
0.041842
0.031235
0.009471
0.262953
0.075750
0.170901
0.040374
0.044794
0.008683
0.104450
0.022624
0.074883
0.064976
0.075373
0.008112
0.103390
0.018173
0.001629
0.283974
0.047564
0.046264
0.095096
0.016595
0.011022
0.247301
0.075774
0.042260
0.053224
0.017614
0.022976
0.218827
0.020193
0.053646
0.001545
0.013127
0.001888
0.387902
0.131710
0.069384
0.006756
0.001421
0.005045
0.045490
0.069274
0.065865
0.085352
0.009156
0.125419
0.709150
0.079910
0.097084
0.151710
0.028117
0.035332
0.077841
0.028929
0.236561
0.059335
0.062742
0.102040
0.074902
0.016049
0.011292
0.072908
0.014077
0.120523
0.028305
0.017768
0.445072
0.263549
0.018293
0.012187
0.028209
0.014868
0.052949
0.026387
0.160510
0.003713
0.018181
0.010164
0.236789
0.006739
0.121123
0.040484
0.034487
0.022814
0.123871
0.073468
0.015063
0.374300
0.079049
0.023469
0.036549
0.184072
0.066235
0.014567
0.039669
0.004246
0.024067
0.196319
0.300550
0.012234
0.004051
0.037773
0.131614
0.791589
0.068783
0.193404
0.160011
0.013891
0.000894
0.028229
0.038595
0.047314
0.256147
0.078029
0.004250
0.022956
0.034735
0.039321
0.035450
0.025063
0.157404
0.006027
0.302574
0.040749
0.006068
0.207314
0.012288
0.245744
0.055749
0.068306
0.147194
0.018350
0.003662
0.051902
0.050517
0.079531
0.031488
0.024015
0.007601
0.012878
0.571630
0.022583
0.026967
0.700684
0.175379
0.089304
0.072953
0.199704
0.017263
0.059762
0.179572
0.175960
0.329630
0.011322
0.015056
0.151604
0.034024
0.068820
0.207635
0.021290
0.008673
0.009540
0.003211
0.005051
0.107881
0.030079
0.034358
0.017030
0.012220
0.335188
0.223072
0.658331
0.074071
0.107065
0.066294
0.004573
0.019216
0.051882
0.047787
0.019522
0.036300
0.020048
0.016007
0.119216
0.049481
0.056555
0.022183
0.077852
0.047375
0.062409
0.008583
0.219242
0.031373
0.051239
0.257946
0.048686
0.050228
0.017497
0.296035
0.005370
0.121672
0.033374
0.202971
0.101371
0.065282
0.009558
0.016737
0.029034
0.025822
0.026471
0.008840
0.114969
0.052608
0.058451
0.059627
0.073230
0.018521
0.068911
0.101230
0.151475
0.138375
0.279128
0.055245
0.219668
0.006021
0.077641
0.018911
0.046974
0.017297
0.424018
0.022596
0.123167
0.032910
0.168675
0.217691
0.053285
0.028780
0.221556
0.005626
0.035576
0.052315
0.041945
0.021118
0.003315
0.252481
0.053015
0.053136
0.546718
0.170836
0.018982
0.252222
0.030068
0.164109
0.003407
0.323799
0.063466
0.495903
0.025427
0.051034
0.045056
0.005430
0.040649
0.020584
0.024643
0.009940
0.127654
0.069549
0.011531
0.374955
0.018969
0.008241
0.678133
0.000987
0.025449
0.066620
0.047052
0.033046
0.056872
0.014740
0.046388
0.017643
0.032206
0.018821
0.035091
0.013231
0.134692
0.015290
0.085791
0.110420
0.066965
0.019399
0.004824
0.127893
0.013339
0.033848
0.007752
0.013317
0.064990
0.044630
0.066415
0.051377
0.017652
0.072677
0.011406
0.178161
0.035761
0.256955
0.017194
0.028296
0.005487
0.018079
0.045307
0.059591
0.006934
0.053055
0.128561
0.060211
0.048985
0.044394
0.154463
0.042976
0.087538
0.260490
0.044056
0.086719
0.017073
0.165200
0.029685
0.013767
0.051609
0.004043
0.026143
0.982270
0.085076
0.091156
0.055444
0.313977
0.053935
0.005018
0.092678
0.107630
0.151895
0.046339
0.070994
0.610828
0.006415
0.055799
0.083405
0.047809
0.084109
0.032999
0.031378
0.068540
0.897021
0.024574
0.009545
0.042120
0.090616
0.089909
0.136764
0.429053
0.060699
0.024978
0.061265
0.588202
0.017952
0.049246
0.186925
0.069832
0.003551
0.075510
0.151147
0.021717
0.006419
0.082529
0.226113
0.408811
0.050928
0.151023
0.244712
0.217855
0.210062
0.013455
0.023175
0.137475
0.028840
0.073418
0.230384
0.114701
0.033609
0.249664
0.456549
0.234232
0.068150
0.080334
0.064781
0.038341
0.038365
0.043512
0.014742
0.012522
0.190429
0.051721
0.021787
0.126910
0.030498
0.044177
0.034668
0.022200
0.033064
0.126504
0.059256
0.043314
0.049891
0.042414
0.060297
0.014917
0.081346
0.387712
0.165108
0.062556
0.119862
0.071323
0.037194
0.041296
0.034227
0.212531
0.058082
0.023817
0.629230
0.020824
0.021656
0.152685
0.014870
0.019344
0.049153
0.025608
0.069760
0.059573
0.050660
0.011965
0.034269
0.058277
0.126118
0.061128
0.032007
0.024901
0.020033
0.044253
0.111042
0.133151
0.093526
0.007329
0.030474
0.027063
0.191407
0.049186
0.275647
0.042605
0.003098
0.041047
0.009881
0.071245
0.058472
0.011590
0.048707
0.035051
0.068021
0.058313
0.206842
0.255459
0.022533
0.064758
0.493061
0.014773
0.094452
0.030981
0.201231
0.096692
0.115568
0.519873
0.108188
0.004680
0.015960
0.085169
0.003487
0.041038
0.018069
0.301663
0.030777
0.055832
0.060257
0.050161
0.063002
0.199976
0.027712
0.052894
0.037642
0.086911
0.039818
0.165751
0.017144
0.095373
0.005755
0.037526
0.239865
0.007070
0.111937
0.050596
0.062969
0.097876
0.023146
0.113348
0.088991
0.080330
0.063237
0.042107
0.089724
0.229876
0.006289
0.122370
0.090899
0.096617
0.236460
0.004580
0.025059
0.199594
0.042030
0.202547
0.024579
0.083026
0.037529
0.005450
0.035560
0.153130
0.010269
0.182484
0.023665
0.013822
0.121844
0.037587
0.161151
0.183354
0.036993
0.254997
0.046021
0.013554
0.006678
0.034653
0.010033
0.015669
0.070140
0.319160
0.308194
0.307133
0.001347
0.015632
0.051639
0.012572
0.364390
0.001451
0.062959
0.035914
0.196824
0.009480
0.028868
0.015209
0.023465
0.031487
0.041433
0.022946
0.051913
0.712656
0.050242
0.012159
0.047685
0.020226
0.008918
0.049323
0.072072
0.023479
0.080672
0.076521
0.076806
0.172268
0.101905
0.063904
0.024366
0.057114
0.011746
0.018030
0.643692
0.007893
0.067057
0.051728
0.041984
0.012032
0.000525
0.055093
0.052770
0.441556
0.047245
0.422313
0.019096
0.039385
0.101959
0.060522
0.431324
0.176744
0.071436
0.003559
0.009110
0.049475
0.040826
0.031702
0.023721
0.062348
0.062464
0.996013
0.162626
0.035501
0.011221
0.068161
0.120599
0.135119
0.102194
0.045429
0.099955
0.069635
0.119143
0.303433
0.124685
0.039420
0.053322
0.140748
0.097986
0.111866
0.029936
0.155346
0.023597
0.046728
0.096656
0.019141
0.040675
0.023717
0.103822
0.070012
0.015720
0.129853
0.090900
0.038580
0.003839
0.011020
0.054006
0.389057
0.004366
0.350370
0.004298
0.103433
0.139710
0.022101
0.126639
0.162474
0.022118
0.130882
0.023131
0.014964
0.003057
0.116391
0.188196
0.010314
0.044914
0.005606
0.277562
0.026984
0.493827
0.014632
0.811133
0.136982
0.141062
0.007496
0.141853
0.100538
0.491962
0.219084
0.169997
0.047584
0.006497
0.005993
0.050226
0.018536
0.035971
0.199623
0.109973
0.005547
0.003480
0.099968
0.031534
