156
1.534044
4
91
40
10
1
5047
0.515872
0.648699
-0.158277
0.342180
0.203370
-1.000000
1.000000
0.650349
-0.468914
0.095982
-0.353974
-0.164350
0.092860
-0.925055
0.219561
0.047684
-0.483153
-0.057624
0.244898
0.362628
0.426645
0.481985
0.098438
0.637294
0.385495
-0.666369
0.346848
0.095788
-0.095031
-0.390522
-0.135546
0.463504
-0.028568
0.634774
-0.365859
-0.347890
-0.703986
-0.407463
-0.394451
0.982355
-0.080004
0.020308
0.692281
0.401234
0.109691
-0.528668
0.584259
0.415901
0.365268
-0.199341
0.077017
0.803005
-0.299492
0.101186
0.270639
-1.000000
0.221393
0.067303
-0.385154
0.774573
0.168242
-0.925733
0.501883
-0.432714
0.700886
-0.628089
0.818935
0.591468
-0.224341
0.268559
0.429744
-0.634894
-0.711031
-0.136998
0.631550
-0.302898
-0.611282
-0.448472
-0.054665
0.458389
0.421156
0.933365
0.730434
0.808638
0.109138
0.106596
-0.301825
0.854151
-0.789460
0.050734
0.869112
0.317592
-0.070542
0.597348
0.103255
0.498254
0.614022
-0.259554
-0.558417
0.021699
-0.242744
1.000000
0.712627
-0.882392
-0.027426
-0.515095
-0.523766
-0.831910
0.617623
-0.191384
-0.019876
-0.668162
1.000000
-0.143247
-0.408114
-0.304139
-0.297690
0.017219
-0.860082
-0.248516
0.576415
-0.826227
0.553439
0.525881
0.206297
0.640161
0.676973
0.610048
0.330211
-0.436742
-0.092315
0.135057
0.315699
0.022297
-0.871503
-0.170682
-0.186413
0.698801
-0.376050
-0.244055
0.172148
0.006041
-0.216790
0.667057
0.389545
0.372984
0.158281
-0.589294
-0.009987
0.189745
0.374115
0.076129
-0.269302
0.873714
-0.729178
0.524255
0.061038
-0.628710
0.332562
-0.411185
0.421935
-1.000000
-0.022125
0.068007
0.189970
0.217241
-0.570004
-0.149597
-0.145058
0.216499
-0.648475
-0.669223
-0.164780
-0.571585
-0.172836
-0.411156
-0.992242
0.644602
-0.002154
0.176635
0.777266
-0.764723
0.424050
-0.128890
-0.316637
-1.000000
0.192581
0.222615
0.425614
1.000000
0.275903
-0.058002
-0.680839
-0.823341
-0.577461
-0.076979
0.041581
0.391879
-0.558556
0.980693
0.918803
0.273801
0.460062
0.915522
0.057973
-0.895069
-0.259071
0.173582
0.213404
-0.651280
-0.293536
0.387641
-1.000000
0.130114
0.327804
-0.399336
-0.174651
-1.000000
-0.828049
0.562943
-0.180695
-0.166380
0.718476
-0.313176
0.490319
-0.384680
-0.354800
0.715170
-0.754914
0.888720
0.174611
-0.666468
0.721750
0.044898
-0.285783
-0.178898
0.038315
-0.196463
-0.390778
0.001352
0.607691
-0.975324
0.625305
0.085678
0.202835
0.804916
0.755033
-0.462091
-1.000000
-0.228561
-0.827148
0.070790
0.821478
-0.941936
0.167194
0.630176
0.247883
0.969808
-0.649173
0.040489
-0.388814
0.347806
-0.006252
0.315005
1.000000
-0.687295
0.906775
0.998969
0.376862
-0.566951
-0.276864
-0.348918
0.326198
-0.370010
0.041548
0.259853
-0.974169
0.532783
-0.223198
-0.059615
0.605066
-0.110134
0.025261
-0.221408
-0.364587
-0.015583
-0.447618
-0.986805
0.380715
-0.294280
0.022751
-0.695132
0.073347
0.075508
0.044602
0.084177
0.590513
-0.522349
-1.000000
-0.542129
-0.391793
0.268611
-0.420694
0.594417
0.738926
-1.000000
0.602134
0.285291
1.000000
-1.000000
-0.787795
0.841802
0.275640
-0.371829
0.068687
0.985528
-0.322209
0.371458
0.579739
0.070508
0.508120
-0.157133
0.535136
0.062859
0.248020
0.180319
-0.461350
-0.035913
0.273523
-0.022584
0.300374
0.637965
-0.019628
0.872561
-0.091659
0.960463
0.056142
0.275995
-0.080033
-0.236751
0.415081
0.373256
-0.234393
-0.639649
0.564882
-0.849208
0.631305
0.106019
0.593038
0.075719
-0.039156
0.468140
-0.768268
-0.149518
0.157125
-0.364793
-0.895669
-0.247314
-0.994252
0.983991
0.348996
1.000000
-0.050343
1.000000
0.899060
0.548370
-0.886732
-0.438894
0.209497
-0.579228
-0.171244
0.022509
-0.932674
-0.444248
-0.211432
-0.349191
-0.080800
0.556046
0.722729
0.882355
-0.888213
-0.072725
0.200792
0.842620
-0.769938
0.119649
-0.762134
-0.183014
0.490828
-0.843959
-0.941255
-0.260573
0.275869
0.670466
-0.912268
0.524088
0.264371
-0.853067
-0.462858
0.570487
-0.441363
-0.799043
0.977433
0.393729
-0.273252
-0.818251
-0.245722
-0.721807
-0.054379
-0.152919
-0.135788
-0.204396
-0.684416
0.305496
0.243576
0.051025
-0.742675
-0.995325
0.226811
-0.654714
-0.232172
-0.385263
-0.713146
-0.964794
0.694520
0.246762
1.000000
0.736235
0.763737
-0.893496
0.361588
0.992778
0.146738
0.154299
-0.016712
0.766004
-0.409663
0.309510
0.579823
0.937499
-0.805959
0.014027
-1.000000
0.220014
-0.908156
0.902178
-0.751011
0.013974
-0.409806
0.085441
0.052329
-1.000000
0.531659
0.235519
0.359535
0.287056
-0.319246
-0.071148
0.550566
0.900406
1.000000
0.603287
0.260912
-0.036378
-0.146960
0.800758
-0.693567
-1.000000
0.547086
0.585118
0.116369
0.813980
0.637634
-0.365493
1.000000
0.304173
-0.699082
0.059693
-0.523071
0.040071
-0.680777
0.162983
0.214654
-0.551107
0.334992
0.163770
-0.308266
-0.043344
-0.312125
0.278485
0.496263
-0.015037
0.342667
-0.484568
-0.690593
0.430002
0.530306
-0.710044
0.439013
-1.000000
-0.470763
-0.236377
-0.035011
-0.042707
0.033941
-0.485802
0.159490
0.269137
0.091718
-0.193337
-0.029339
0.737097
-0.263465
0.281435
0.504798
0.082361
0.179682
-0.410142
1.000000
0.893403
-0.418217
-0.031483
-0.653671
-0.032167
-0.443909
-0.822738
0.391785
-0.160745
-0.113877
0.041390
-0.556739
0.127150
0.281703
-0.387265
-0.701707
0.843007
-0.627067
0.040432
0.328255
0.210850
0.345240
0.300669
0.965757
0.305798
-0.090654
0.162531
-0.584307
-0.611802
0.246640
0.882029
0.585372
0.034402
0.875987
-0.994215
0.021363
0.518376
0.178106
-0.107309
-0.737721
0.118594
0.051198
-0.423171
-0.503432
0.154260
-0.266406
0.968963
0.161880
0.594253
-0.047021
0.591698
0.740197
0.961746
-0.875314
-0.442050
0.117247
-0.947840
-0.311237
-0.708475
-0.834740
0.306377
-0.043641
0.015303
0.489625
-0.043995
-0.627714
-0.094334
0.590640
-0.213913
0.414367
-0.160722
0.356533
-0.686182
-0.234768
-0.399089
0.674177
0.935387
-0.395635
-0.061838
0.085595
0.165078
-0.213352
-0.549146
0.932760
0.208556
-0.703282
-0.100982
-0.252568
0.093390
-0.560448
-0.714306
0.211781
0.141640
-0.789856
0.806017
-0.376561
0.069450
-0.154795
-0.090238
-0.198664
0.400299
-0.270669
0.027199
0.831633
-0.249819
-0.403106
0.367806
-0.254018
-0.291718
-0.298029
-0.074261
-0.746196
-0.773089
0.508376
0.992397
0.167758
-0.473744
0.390567
-0.621520
-1.000000
-0.094619
0.278826
-0.456341
0.712047
-0.771199
-0.041270
1.000000
0.386123
-0.242059
0.053475
-0.972041
-0.063535
-1.000000
-0.483789
0.116155
0.852684
-0.630801
-0.473609
-0.455003
-0.010483
-0.122228
0.631377
0.680472
0.672613
-0.714473
-0.479489
-0.224751
-0.728153
-0.037513
-0.805588
-0.859822
-0.336385
0.474921
-0.929706
0.211484
-0.520655
1.000000
-0.872693
-0.576347
0.653457
-0.975736
-0.214871
-0.177315
0.041985
-0.125468
-1.000000
0.532826
-0.492195
-0.130794
-0.080679
-0.090320
-0.921747
0.328121
0.397449
-0.148897
0.261272
0.184336
0.360995
-0.849872
0.945293
0.293770
0.080940
-0.192046
0.724943
-0.528407
-0.188599
0.864203
0.952173
-0.399511
0.415174
-0.624599
0.871268
0.327420
0.545345
0.592162
-0.705886
0.994015
-0.401104
-0.227519
0.044119
-0.314597
0.700649
-0.095362
0.714654
0.803371
0.732158
0.337394
-0.731016
0.588770
-0.108011
0.125951
0.321560
-0.527373
0.557186
-0.142660
0.440729
-0.319643
0.112081
-0.021097
0.744718
0.229399
0.210714
-0.507313
0.491694
0.463193
-0.926234
0.355586
0.401946
1.000000
0.604667
-0.380565
0.153954
-0.633328
-0.336406
0.504586
-0.186778
0.030787
0.006779
-0.384823
-0.889043
0.110433
-0.420054
0.917648
0.123996
0.320413
-0.531423
0.092981
-0.949650
0.038747
-0.646835
-0.068790
-0.985267
0.036818
-0.608772
0.843030
0.404976
-0.048757
0.082282
0.029813
-0.068432
0.470612
-0.029551
-0.682557
0.369693
0.046220
-0.625313
0.209784
-0.193898
-0.354067
0.365817
0.525081
-0.022004
-0.167500
-0.030049
-0.989752
-1.000000
-0.897658
0.161259
-0.137508
0.936023
0.493333
0.945074
-0.010208
0.503215
-0.354317
0.225001
-0.646661
0.946838
-0.512657
-0.548638
0.037996
-1.000000
0.198262
-0.487130
0.064912
0.336093
-0.207592
0.128265
-0.921538
-0.519188
0.029794
0.048246
-0.794144
-0.461567
0.925391
-0.474736
0.467127
0.054610
0.781534
0.457008
0.842478
-0.456210
-0.004576
-0.393965
0.111881
0.010217
-0.083095
-0.631755
-0.882751
-0.382256
-0.500981
-0.350503
-0.257110
0.746399
-0.040002
0.326835
-0.650340
-0.904587
0.467445
0.755508
-0.723527
-0.491786
0.539268
0.153471
-0.248349
-0.055678
-0.538725
-0.390362
0.312070
-0.660581
-0.169998
-0.403120
-0.008253
0.325007
-0.965315
-0.062007
-0.014948
0.313667
-0.500948
0.479255
0.398246
-0.442295
0.354467
0.180331
0.009945
0.689747
0.197253
-0.055617
-0.111016
-0.522319
0.280915
-0.212409
-0.086492
-0.018017
-0.704555
-0.164158
0.093928
-0.752163
-0.956649
0.453699
0.364842
-0.069166
0.149605
0.243612
-0.969309
0.815255
0.145560
-0.951768
-0.855075
0.917031
0.257385
0.303005
-0.497941
-0.675017
0.690906
0.262730
0.570363
-0.756819
-0.242380
0.344863
-0.911437
0.306815
0.224105
-0.044843
-0.427086
-0.281684
0.003235
-0.780949
-0.010510
-0.357139
-0.747941
-0.272638
0.235256
-0.305987
-0.708953
-1.000000
0.339600
0.528928
0.065187
0.757237
-0.336104
-0.797988
-0.773537
0.196663
0.622715
-0.498575
0.430581
-0.418471
-0.185806
0.111870
0.191910
0.398301
0.704907
-0.617492
0.813701
-0.262332
1.000000
-0.144051
-0.501280
-0.479006
-0.048569
-0.475341
-0.206727
0.172798
-0.435298
-0.410149
-0.316977
-0.334023
-0.198153
-0.198768
0.224990
0.854146
-0.592346
0.099363
0.001655
0.156087
-0.365392
-0.321973
-0.394013
0.074536
-0.186357
0.210645
0.777349
-0.415473
0.466129
-0.911728
0.169880
0.375096
-0.214127
-1.000000
-0.345870
0.352661
0.324179
-0.756199
-0.217992
-0.602318
0.247441
0.022154
-0.436296
0.202499
0.465334
-0.351160
0.564515
-0.421377
-0.707762
0.928468
0.244441
-0.768747
-0.201673
0.963165
-0.115630
0.751173
-0.220508
-0.250405
0.685290
-0.203769
0.904427
-0.797139
0.864401
-0.530895
-0.213961
-0.451770
0.264935
-0.507161
-1.000000
-0.411740
0.768866
-0.625482
0.824112
0.276694
0.955919
-1.000000
0.240111
-0.133461
0.568624
-0.306911
-0.308620
-0.910833
-0.448384
0.857233
0.242322
0.185392
0.089125
-0.137921
-0.414471
0.430264
0.262755
0.313500
0.451365
0.509406
-0.979179
0.197153
-0.913564
0.499309
-0.576531
-0.132245
0.009326
-0.679197
-0.099303
0.435476
0.282702
0.067191
-0.805247
-0.261028
0.204688
0.358132
0.817700
0.992663
-0.730746
-1.000000
0.687910
0.020296
-0.630692
0.724317
-0.523979
-0.346114
0.453675
-0.149557
0.020264
-0.140437
-0.750300
-0.891835
-0.674437
0.461940
-0.094000
-0.115513
-0.362778
0.895794
-0.512827
0.209831
0.092814
-0.523864
0.282010
-0.661264
-0.423428
0.586295
0.015917
-0.732384
0.125040
0.016404
0.961671
0.559823
-0.252480
1.000000
-0.387051
0.860138
0.360979
-0.924618
0.535725
-0.049378
0.289961
-0.252248
0.087189
0.394599
-0.809495
-0.189836
0.432135
-0.262330
0.704734
-0.503157
-0.408047
-0.928062
-0.103361
-0.921274
1.000000
-0.850231
-0.316102
-0.818366
-0.205122
-0.636969
0.062513
-1.000000
-0.740241
0.361971
-0.130808
-0.049045
-0.877415
0.743136
-0.196406
-0.737379
0.451683
-0.126822
0.295534
0.530882
-0.983004
0.035811
-0.005989
-0.273198
0.146994
0.093318
0.562351
0.799173
-0.024878
0.005927
0.125457
-0.355275
-1.000000
0.541592
0.353128
0.835810
-0.222433
0.055024
-0.026652
-0.194180
-0.110950
0.572430
-0.164239
-0.874174
-0.063619
-1.000000
0.093316
-0.121239
-0.114286
-1.000000
0.160096
-0.586057
-0.042181
0.503405
-1.000000
-0.090352
-0.439663
0.387027
1.000000
1.000000
0.112849
0.110292
0.545778
-0.309340
-0.729877
-0.044120
1.000000
0.836625
0.030905
-0.322117
0.413620
1.000000
-0.531569
-0.024931
-0.416709
-0.861168
-0.755109
-0.197910
-0.489643
-0.175882
0.058606
0.083918
0.115606
0.551206
0.358653
0.706275
0.046715
-0.588503
0.400511
-0.758864
-0.064226
0.204556
0.017204
-0.527269
0.314937
0.994253
-0.142169
-0.148249
0.237029
-0.506744
0.489174
-0.921056
-0.139711
0.092798
-1.000000
0.439226
0.734553
0.065175
-0.532556
-0.386607
-0.673441
1.000000
-0.388915
0.658926
0.177830
-0.162874
-0.147732
-0.016297
-0.075007
0.204619
-0.299575
0.666653
-0.111292
0.352721
0.781779
-0.074708
-0.331202
0.283923
0.523286
0.583994
0.299377
0.349936
0.030038
-1.000000
0.165493
-0.673221
0.355935
0.266083
0.081741
0.542148
-0.242301
-0.850562
0.211649
0.820262
-0.065203
-0.662796
-0.307001
0.531602
-0.467453
0.361253
0.043449
0.063186
-0.386500
0.293798
0.124646
-0.430300
-0.568968
-0.168347
-0.550906
0.195414
-0.299947
0.974214
-0.953098
0.240161
0.339889
0.334487
-0.289196
-0.154076
-0.768003
-0.594268
1.000000
0.237524
-0.575096
-0.360238
0.102356
-0.756482
-0.128183
0.747043
0.342408
0.375516
-0.939446
0.335050
0.646847
-0.577694
-0.293790
0.448295
0.809834
-0.285884
-0.653984
0.714558
-0.472589
0.241984
0.142866
0.177649
0.623678
-0.108066
-0.431646
0.311423
-0.160970
0.285191
-0.107623
0.994698
-0.300130
0.317441
0.005130
-0.186427
-0.562430
0.058764
-0.842579
-0.933424
-0.051516
0.200721
0.428711
1.000000
0.983126
-0.973569
-0.183198
-0.953628
-0.388424
0.686291
0.925351
0.579742
0.880348
-0.077171
-0.198522
-0.775318
-0.602960
0.577958
-0.395917
-0.551225
0.061940
-0.268043
0.435891
0.036688
0.390097
-0.261106
0.610686
0.190335
0.555309
0.381013
0.695084
0.169274
0.448924
-0.167910
-0.279632
0.732663
-0.048159
-0.267682
-0.615324
0.382474
0.016799
-0.267498
-0.651804
-0.277904
-0.240954
0.266872
0.047768
0.258218
-0.068041
-0.072827
0.206320
-0.289795
-0.109409
0.479096
-0.449226
-0.755508
-0.842075
0.225034
-0.068930
-1.000000
-0.670660
0.399859
0.396409
0.053739
0.224852
-0.693015
0.800587
-0.292431
0.379414
0.028438
-0.994184
-0.896281
-0.229367
-0.566566
-0.250643
-0.333562
-0.244371
-0.502699
0.210575
-0.361573
-0.393461
0.024147
0.620287
-0.573565
0.788001
0.102210
0.976845
0.829373
-0.200648
1.000000
-0.475108
0.427081
0.629874
-0.012895
-0.158267
-0.357355
0.985610
0.280099
-0.205860
-0.732734
0.346364
0.871321
-0.094020
-0.642400
-0.346298
-0.521082
0.562798
-0.950152
-0.419013
0.065467
-0.157525
0.991121
-0.668062
0.965689
0.963386
-0.190643
-0.043587
-0.004418
-0.126486
-0.720868
0.478031
0.160752
-0.666705
-0.309594
-0.610129
-0.293094
0.510748
0.323467
0.187160
0.582586
0.403371
0.452019
0.491806
0.863796
0.244070
0.382613
0.122333
0.695957
-0.158717
-0.851195
0.111484
0.403017
0.778387
-0.277473
-0.352859
-0.699474
-0.839076
-0.774389
-0.094672
1.000000
0.064606
0.229822
0.268359
0.610051
0.582641
0.757989
0.024570
-0.825547
0.162216
0.026358
0.198120
0.732333
0.943351
0.213151
0.631066
0.286318
0.340243
0.285342
-0.313902
0.082257
-0.261086
0.059317
0.106207
-0.005072
0.736647
-0.411465
0.180635
0.734318
0.603489
-0.043029
-1.000000
0.560733
0.332852
-1.000000
0.068138
-0.719779
0.777736
0.781635
-0.332409
-0.014131
0.450959
0.205026
-0.335176
0.210598
-0.213111
0.054399
-0.057553
0.615950
-0.614717
-1.000000
0.663321
-0.002856
-0.262427
-0.519550
-0.248565
0.213966
0.414355
0.114189
-0.963632
0.997092
-0.682265
0.016997
0.161009
-0.438073
0.641027
0.254122
0.008853
-0.470704
0.320265
-1.000000
-0.543537
-0.810722
0.190598
0.104189
-0.251573
-0.522535
-0.721379
0.256724
0.763151
-0.220414
0.328029
-0.069820
-0.642510
-0.337427
0.319391
-0.802466
-0.814032
0.076182
-0.932481
0.046767
0.460652
-0.262898
0.911531
-0.733940
0.163888
0.009003
0.175893
-0.725732
-0.495682
0.111569
0.616694
-0.973027
-0.886928
-0.578787
-0.167091
-0.301969
0.887843
0.088302
0.160131
-0.063770
-0.264127
0.309615
0.114861
-0.063288
-0.508748
0.885802
-0.241127
-0.004117
0.029735
0.366279
0.671323
0.038750
0.325556
0.433761
0.606120
0.543882
0.004674
-0.027920
0.106827
-0.317660
-0.330501
-0.790139
-0.179172
0.928371
-0.929716
0.008336
-0.778860
-0.355413
0.058497
0.783869
0.760090
-0.409087
-0.049019
0.141457
-0.015280
0.456527
0.003169
0.401091
0.722491
-0.789955
-0.141157
-0.197389
0.176124
-0.242077
0.419084
0.942782
0.411665
0.590875
-0.503401
-0.366240
-0.095639
0.487497
-0.764621
0.026255
-0.920170
0.990564
0.096172
0.232581
-0.828613
0.006641
-0.211509
-0.343084
0.833996
0.493330
0.029709
-0.165153
-0.155820
0.352417
-0.316070
1.000000
0.877378
0.745468
0.375118
-0.607637
-0.834802
-0.284305
0.061775
0.882145
0.001110
-0.429345
0.970584
0.304562
0.767570
0.006478
-0.153879
-0.129791
-0.429966
1.000000
1.000000
0.208030
1.000000
-0.352866
-0.016731
-1.000000
-0.740704
0.593816
-0.198891
0.585134
-0.080195
0.624493
0.707137
1.000000
0.155637
-0.465160
-0.846399
0.663189
0.997511
0.161566
-0.098659
0.521333
-0.178617
0.973985
-1.000000
-0.044112
-0.571387
0.343324
-0.674400
-0.832155
-0.342825
-0.402078
-0.289889
-0.070028
-0.306709
0.137835
-0.208592
-0.080141
0.334512
0.044473
-0.631790
-0.573725
0.061173
-0.952407
0.723726
-0.118608
0.702264
-0.133276
-0.600136
-0.317222
-0.395212
0.033012
-0.475284
-0.136356
0.216232
0.825862
-0.256350
-0.546245
-0.266816
-0.740761
0.853037
-0.024613
0.311117
-0.093827
0.286875
-0.208183
-0.090701
-0.639308
-0.267198
-0.228105
0.928119
0.314274
-0.263507
0.904505
-0.304474
0.636751
0.315881
-0.750786
0.944292
-0.981707
-0.198321
-0.299869
-0.471754
-0.917425
-0.927680
1.000000
0.284386
-0.043180
0.653460
0.717804
0.748184
0.111971
-0.809775
-0.857268
-0.313393
0.433775
0.172852
0.761392
0.204638
0.582757
-1.000000
-0.165429
0.542936
-0.166339
0.824790
1.000000
0.211726
0.282176
0.165832
0.325758
0.928304
-0.091149
-0.242933
0.947938
0.154439
-0.582958
-0.672627
0.112664
-0.302528
-0.398065
-0.799412
-1.000000
-0.175611
-0.312985
-0.839946
0.981118
-0.126895
0.253476
-0.066369
-0.233562
-0.699665
0.815419
-0.634229
-0.409237
-0.155080
0.513870
-0.654962
0.864511
-0.271674
-0.326412
0.424994
0.414602
0.753189
0.112910
0.732639
1.000000
0.345746
1.000000
0.363410
0.672665
-0.479042
-0.780541
-0.306279
-0.493392
-0.750477
0.820242
0.480196
0.392232
0.325822
0.881362
0.057727
-0.273708
0.755529
-0.515191
-0.666296
-0.027565
-0.397799
-0.285044
0.275029
-0.321228
-1.000000
0.778752
-0.309109
0.371822
-0.466098
-0.885716
-0.035768
0.496252
-0.721981
0.126964
-0.574026
0.226588
0.075956
-0.910999
0.670451
0.273306
-0.653341
0.545449
-0.981812
-1.000000
0.183978
0.273100
-0.272816
-0.635873
-0.998112
0.288773
0.369684
-0.110641
0.108532
-0.605344
-0.560729
-0.738642
0.184300
0.276451
-1.000000
-1.000000
0.432272
0.925755
-0.216364
0.935782
-0.596995
0.372331
-0.433900
0.595409
-0.085917
-0.542723
0.110184
0.031856
-1.000000
0.645607
0.076176
-0.920258
0.606303
-0.093986
0.104138
0.682805
-0.798378
-0.069831
-0.362784
-0.804410
-0.270731
-0.012706
-0.211551
-0.063614
0.015254
-0.373354
0.514309
0.227730
0.015847
0.999223
0.316939
-0.586246
0.446443
0.685737
0.203458
-0.258534
-0.589325
0.739246
0.010734
-0.192260
0.736892
-0.171825
-0.516976
0.413757
-0.941219
0.076588
0.162029
0.384990
-0.411827
-0.323481
0.121777
-0.190478
1.000000
-0.227293
-0.545662
0.901845
0.587206
-0.733281
0.442968
-0.207361
0.073353
-0.355306
0.042156
0.017794
1.000000
-0.135013
0.731547
0.813452
0.566569
0.187742
0.397759
0.281955
-0.107116
-0.977686
-0.299813
-1.000000
-0.531532
0.650412
0.932718
0.156658
-0.152762
-0.177074
-0.947274
-0.261265
0.359232
-0.636733
0.140513
-0.330885
0.773515
-0.952280
0.882240
-0.472119
0.034040
-0.591853
0.109734
0.487444
-0.641722
-0.045257
0.900538
0.381781
-0.231497
-0.949652
-0.368196
0.528205
-0.947217
-0.769348
0.118052
1.000000
-0.777111
-0.174282
1.000000
0.536053
-0.570497
-0.471386
0.477784
-0.014430
-0.093601
0.706989
-1.000000
-0.539940
0.035540
-0.617695
0.097833
-0.118616
-0.346991
-0.639495
-0.524962
-0.694831
-0.238352
-0.623894
-0.413405
-0.529905
0.441751
-0.920004
-0.341563
-0.322655
0.592221
-0.556297
0.100046
-0.156781
-0.207381
-0.426884
-0.533596
0.187718
0.403198
0.815296
-0.317508
-0.276159
0.966179
-0.003947
-0.067891
0.614967
-0.288349
0.122379
0.305073
-0.278693
0.410289
0.152758
0.588634
-0.013454
0.284693
0.673302
-0.393385
0.109782
-0.546683
-0.284924
0.515703
-0.149753
-0.465688
0.482967
-0.775986
-0.125805
0.104526
0.028576
-0.294584
-0.600369
-0.302494
-0.727559
0.961340
0.779051
0.079946
0.452011
-0.696325
0.732261
-0.586941
-0.189969
-0.787829
0.252757
0.107416
0.045562
0.425819
-0.840166
-0.342994
-1.000000
-0.765529
0.300150
0.022412
0.502309
0.023721
0.092970
0.067620
-0.549661
-0.491498
0.463643
-0.458239
0.020360
-0.560873
-0.154273
0.346358
1.000000
0.365811
-0.754811
-0.407347
0.705588
-0.368604
0.607196
0.921670
0.640163
-0.864034
0.314076
-0.650461
0.108564
-0.350777
-0.199347
-0.361985
-0.941151
-0.059233
-0.151833
0.893835
0.829821
-0.393782
-0.089378
-0.394642
0.714567
-0.067135
-0.093065
0.119648
-0.200036
-0.938209
0.137150
-0.371271
0.208705
-0.083122
0.983710
-0.405839
-0.788049
-0.732738
0.819701
0.326635
-1.000000
-0.145221
0.330520
-1.000000
-0.433583
0.443477
0.518366
-0.287663
0.164111
-1.000000
0.011694
-0.558391
0.979808
0.114351
0.696825
0.208753
-0.918063
-0.867821
0.218275
0.143437
0.354571
-0.961944
0.220741
0.094403
0.232763
-0.041841
-0.249963
-0.254170
-0.250059
-0.119618
0.058250
0.007200
0.323441
0.498674
-0.329376
-0.893462
0.911258
-0.837447
-0.725969
-0.649040
0.338331
0.526330
-0.925201
0.009869
-0.629775
0.825164
0.632624
0.241701
1.000000
0.115971
-0.939696
-0.712554
0.027086
0.339648
0.853080
-0.647161
0.322920
-0.023660
0.376071
0.058839
0.109616
-0.240594
0.258555
0.143679
0.413118
-0.940066
0.918250
-0.638332
0.852284
0.223192
-0.639067
0.713094
-0.263591
-0.489250
0.512597
-0.135832
-0.238462
0.361205
0.090816
0.366617
0.079961
0.874218
-0.718468
-0.180338
-0.185412
0.713885
0.577842
-0.612192
-0.865043
-0.309175
0.674929
0.780741
0.627297
0.107156
0.541218
0.246160
0.721318
0.160376
-0.026994
-0.441292
-0.217159
0.717207
-0.166026
-0.542504
-0.517812
0.999885
-0.264780
0.340273
0.583695
-0.625007
0.692039
-0.103562
0.217430
0.347928
-0.486620
-0.377736
0.495394
0.505302
0.464705
-0.169283
0.091357
-0.688311
0.012238
-0.988029
0.094916
0.625808
0.765837
-0.414363
0.772469
0.494741
0.425144
0.519252
-0.692368
-0.512204
-0.240176
-0.056564
-0.530586
-0.056197
0.157393
-0.754154
0.186168
-0.514779
0.846295
-0.426969
-0.624528
0.572702
-0.414489
0.166721
-0.265256
0.509441
0.368646
-0.784039
0.184135
-0.949472
0.319190
0.183432
-0.286588
-0.608281
0.228985
0.929790
0.264189
-0.232700
-0.743892
-0.811335
-0.094032
0.485276
-0.005730
0.683871
-1.000000
-0.773288
-1.000000
0.191842
0.418676
-0.316782
-0.155619
-0.398965
-0.052666
0.132659
1.000000
-0.627551
-0.065215
0.085560
-0.020997
0.402897
0.275536
0.815629
0.635260
0.165482
-0.980763
0.664183
-0.451899
0.902496
-0.159687
0.712463
-0.039578
-0.284161
0.067738
0.044153
-0.977302
0.380758
0.925400
-0.134993
0.749522
0.958696
-0.376430
0.439586
-0.069159
0.208768
0.963278
-0.474836
-0.169590
0.295896
-0.943142
0.301816
-0.130733
0.232003
0.730900
-0.663968
1.000000
1.000000
-0.382738
-0.434525
-0.628192
0.208383
-1.000000
-0.850632
0.157015
0.280949
0.369960
0.615864
0.189768
-0.102937
0.294430
0.542697
-0.564118
0.214506
-0.641152
-0.182076
0.386512
0.925837
0.376747
-0.355706
0.555946
-0.042702
-0.766024
-0.541601
-0.974406
-0.454893
-0.648072
0.518622
0.098148
-0.501602
-0.900687
-0.108557
-0.122940
0.065531
0.391747
-0.239670
-0.860788
-0.668792
-0.376586
0.970761
-0.971064
-0.004908
-0.510134
0.577470
-0.124776
-0.001387
-0.149444
0.360467
0.726833
-0.076293
-1.000000
-0.123307
0.021985
0.194188
0.935638
0.004695
0.072128
0.148867
-0.716108
-0.325331
-0.425544
0.997745
0.726949
0.627138
-0.522863
-0.563894
-0.171799
-0.545204
0.054243
0.105748
-0.388086
-0.032365
-0.142666
0.454092
0.520308
-0.395214
-0.676143
-0.323393
-0.702421
-0.799252
1.000000
0.244954
0.640889
0.205518
0.516059
0.772930
0.660835
0.667549
0.813521
0.329939
-1.000000
-0.012571
0.133849
-0.898712
-0.217805
0.785321
0.857960
0.128630
0.667297
1.000000
0.385109
0.015674
0.910502
-0.643841
0.234291
0.264362
0.797376
0.390383
0.484150
0.595369
-1.000000
1.000000
-0.226914
-0.058546
0.141752
0.249644
-0.702652
0.163567
-0.371578
0.000401
-0.937891
0.021564
-0.327688
-0.096597
-0.592355
-0.746655
0.215532
0.328403
-0.915262
-0.542573
0.820023
0.403351
-0.327297
0.005403
-0.245864
0.998513
0.208893
-0.225195
-0.179534
1.000000
-0.889719
0.172564
0.493671
0.054559
0.189945
0.592886
0.142670
-0.015244
0.093350
0.711721
0.285848
-0.022758
0.890935
0.674657
0.847049
-0.026046
-0.934607
0.242621
0.147875
-0.877402
-0.701455
-1.000000
0.851012
0.080689
0.037196
-0.384020
0.002566
-0.077066
-0.714755
-0.129345
-0.389175
0.289467
-0.978413
-0.488479
0.087159
0.411326
-0.598700
-0.039864
-0.405729
-0.616490
0.059609
0.090376
0.041812
0.065934
0.802888
-0.286525
1.000000
0.996248
0.082119
-0.908438
0.039453
-0.256452
-0.418908
0.528105
-0.211084
0.691700
0.700210
-0.879484
0.662410
0.104607
-0.060734
-0.206665
0.369513
-0.028236
-0.203235
0.318297
0.435176
-0.618203
-0.304915
0.186743
0.096060
0.187241
0.586378
0.021307
-0.047508
-0.372594
0.088622
-0.257998
0.811528
0.904219
0.380708
0.006858
-0.256238
0.199601
-0.519751
-0.547003
-0.515800
-0.340182
0.811008
0.248918
0.413552
-0.103345
-0.064260
-0.010578
0.826113
0.276282
-0.120771
-0.114723
0.494937
-0.143284
1.000000
-0.328489
-0.237423
-0.092478
-0.547713
-0.689811
-0.706681
-0.175701
-0.187933
0.772519
-0.759629
0.755116
-0.185752
-0.252049
0.000260
-0.454576
0.806741
0.089131
0.440933
0.445838
0.376301
-1.000000
0.208601
0.382731
-0.308566
-0.107244
0.552220
0.039016
0.013274
0.076003
0.956542
0.374293
-0.088223
-0.857467
0.519533
0.126846
-0.077219
0.651879
-0.082511
0.906473
0.087515
0.532699
0.467648
0.012225
0.283966
0.189699
-0.121921
-1.000000
-0.270435
0.138953
-0.982631
0.506434
-0.001469
0.791710
0.671445
0.896892
0.724772
0.836886
0.939605
0.098583
-0.805074
-0.382751
-0.665065
0.010558
-0.385268
0.056046
-0.342885
1.000000
0.110034
-0.132994
1.000000
-0.289801
-0.428333
0.409342
-0.611853
-0.514434
0.435441
-0.289311
-0.788245
-0.348411
-0.930253
0.753287
0.903347
0.029946
0.616518
0.184824
-0.238033
1.000000
0.024416
0.625367
0.836460
-0.295804
0.054332
0.573314
-0.089907
-0.080396
-0.513823
-0.600624
0.482740
-1.000000
0.095699
-0.252053
0.365801
1.000000
-0.601450
-0.179125
-0.302665
0.033701
0.862050
0.362782
-0.408132
-0.094824
0.326524
0.025209
-0.338260
0.327792
0.147453
-0.587674
0.196708
0.002207
0.512165
0.556957
0.021561
0.088414
-1.000000
-0.412141
0.171576
-0.337102
0.415016
0.810028
-0.147309
-0.740661
0.206305
1.000000
0.224830
0.411234
0.254467
-0.054187
0.034152
-0.691629
-0.062277
0.638075
-0.745753
0.648788
0.275526
0.014309
0.718995
1.000000
0.561759
0.867698
0.246111
-0.759372
0.457601
0.041065
-0.308198
-0.281190
0.333643
-0.246834
-0.542058
0.226879
0.050385
0.574164
0.167719
-0.034784
-0.658387
-1.000000
1.000000
0.317970
0.426844
-0.700621
-0.202445
0.395359
-1.000000
-0.268771
-0.461720
0.231700
-0.589172
0.894238
0.480335
0.256903
0.441352
-0.505578
-0.325385
-0.334885
0.071432
0.541084
-0.193860
0.183913
0.715523
-0.427262
-0.229922
-0.564205
0.475615
-0.092095
-0.759489
0.385540
-0.058490
-0.134770
0.111135
0.267601
-0.990334
-0.034365
-0.788057
0.543812
0.176925
0.137518
0.461119
0.541141
0.132771
-0.256498
-0.259478
-0.274267
0.173424
0.924351
0.447430
1.000000
0.501657
-0.152757
-0.789459
-0.926722
-0.702642
0.301899
0.489929
0.031855
-0.317598
0.882568
-0.845753
0.840787
-0.175471
0.454490
-0.752354
0.522195
0.222640
-0.364378
0.151020
0.106354
-0.616923
0.185640
0.098356
-0.820373
0.781727
0.014125
-0.018692
0.071124
0.327889
-0.193914
0.697976
0.348548
-0.077133
-0.543022
0.149464
0.060182
-0.254582
-0.575754
-0.644882
-0.196710
0.091355
0.580291
0.231154
0.207662
1.000000
0.652615
-0.617874
0.307378
0.048330
0.127270
0.158437
0.581999
0.446301
-0.610873
0.875776
0.392074
0.123716
-0.295522
-0.709454
0.918158
-0.010496
0.835770
0.508495
0.436657
-0.444903
-0.447516
-0.532911
0.053913
0.206231
-0.856907
-0.909438
0.134031
0.846074
0.310062
-0.458033
0.530394
-1.000000
-0.269562
-0.813210
-0.045485
0.429340
0.121600
-0.801407
0.643655
-0.603553
-0.266188
0.029427
-0.281211
-0.305895
0.274625
-1.000000
-0.895318
0.634404
-0.070860
1.000000
-0.768452
-0.046891
0.890770
0.747588
0.393028
-0.775697
-0.898794
-0.250494
-0.211337
0.383445
-0.780805
0.270158
0.235741
-0.997297
0.996357
-0.753948
0.439052
-0.595019
0.551921
-0.099306
-0.075489
1.000000
0.221425
-0.022156
0.351077
0.681615
-0.730434
0.321905
-0.756590
-0.736731
-0.449489
-0.830046
0.238860
-0.316903
0.459795
0.510399
-0.542307
-0.982338
0.485585
0.261188
0.304924
0.556362
0.535980
-0.202830
-0.372572
-0.056507
0.431934
0.058611
-0.094209
-0.574923
0.018424
-0.215094
-0.133859
0.385330
0.541952
-0.463266
-0.044126
-0.207952
-0.764942
-0.989493
0.029183
0.289361
1.000000
-0.312014
0.147211
0.240306
0.201732
0.882567
-0.370764
0.521164
0.525231
-0.020089
-0.235061
0.415575
-0.200020
0.204301
0.088552
0.733340
-0.933756
-0.480201
-0.101800
0.001942
-0.149562
0.193959
0.312944
0.630891
-0.035622
0.582120
0.008843
0.575937
0.094302
0.659106
-0.071381
-0.205694
-0.103629
0.060388
-0.277648
-0.269697
-0.493836
-0.962929
-0.153225
-0.003789
-0.061338
-0.174809
-0.644273
-0.035977
0.179727
1.000000
0.535806
-0.193201
-0.122014
0.784952
0.072766
0.619206
1.000000
0.023014
0.461630
0.040028
1.000000
0.391978
-0.138867
-0.138838
0.439209
-0.018905
-0.828070
-0.151743
0.486022
0.676829
0.517128
0.314278
0.922835
0.622395
-0.384950
0.971155
0.039422
-0.216002
0.490588
0.408592
0.193623
0.408865
-1.000000
0.143311
-0.320434
0.292347
-0.440911
-0.360774
0.909921
0.781512
0.882666
-0.881486
-0.263749
-0.525267
-1.000000
-0.050810
-0.902698
0.978536
0.446915
-0.776600
0.326380
-0.898697
0.910760
-0.434553
-0.170819
-1.000000
1.000000
0.342186
-0.685882
-0.082846
0.149270
0.047447
0.733598
-0.330079
0.295108
1.000000
0.447698
0.295048
-0.694393
-0.089865
-0.955916
-0.189130
-0.587524
-0.052696
0.686292
0.823880
-0.441728
0.165180
-0.953314
0.535309
-0.547988
-0.711224
-0.663500
0.451992
0.036985
-0.311306
-0.490896
0.580755
0.175613
-0.318264
-0.218675
-0.308584
-0.511039
0.198428
-0.213257
0.746542
-0.331347
-0.280349
0.605881
0.122915
0.458444
-0.697451
0.313043
0.089079
0.165162
1.000000
-0.613120
0.002416
-0.021032
0.143723
0.959787
-0.570793
-0.435883
-0.248127
-0.040269
-0.615477
0.697835
0.424627
0.874675
0.421426
-0.561499
-0.500932
0.009418
0.768724
-1.000000
-0.338393
0.265954
0.484308
-0.149404
-0.344788
-0.813752
-1.000000
0.598793
-0.716728
-0.059722
-0.077449
0.070249
0.116805
0.506825
0.447689
-0.800580
0.493599
-0.588459
-0.333367
-0.304155
-0.408710
-0.924004
0.156313
0.977624
0.730106
-0.166193
0.802207
0.051392
-0.900236
0.308931
0.042444
0.717492
0.377037
-0.113477
-0.340792
0.038034
0.701374
0.073445
0.741422
0.203516
-0.175725
0.734174
-0.803697
-0.341066
0.566881
-0.003451
0.782692
-0.010937
-0.551839
-0.422569
0.097002
0.092273
0.532890
-1.000000
0.320096
-0.447375
0.163723
-0.252567
0.618654
-0.257044
-0.912047
-0.105473
-0.932213
0.324000
0.654473
1.000000
0.039437
-0.412441
0.074537
-0.320046
-0.462601
-0.978884
0.734548
-0.251176
0.631106
-0.056523
-0.080447
0.895775
-0.274034
-0.604399
0.012585
0.047681
0.533284
0.650794
-0.643489
-0.194629
0.610762
-0.023642
0.345831
0.475332
0.108270
0.755201
-0.385701
-0.312538
0.023468
0.090597
0.737982
-0.199304
-0.311447
-0.092323
0.928509
0.289645
1.000000
-0.018391
0.680464
0.656531
0.207681
-0.342624
1.000000
0.402838
-0.422332
0.483391
-0.065068
-0.970013
0.098478
0.993818
-0.669790
-0.188690
0.284350
0.578492
-0.180627
-0.323101
-0.037178
0.672119
0.249588
-0.076346
0.177418
0.692997
0.030421
0.491690
0.156619
-0.865469
-0.879860
0.330680
0.601470
1.000000
-0.151845
0.194976
0.650446
1.000000
-0.075404
0.893912
-0.057145
-0.910891
-0.241430
-0.217401
-0.407620
1.000000
-0.021422
0.768675
0.652907
0.495772
0.006074
0.212586
-0.363418
-0.316143
-1.000000
-0.568633
0.255993
0.133153
-0.257200
-0.656630
0.923159
0.233884
0.311104
-0.434309
-0.438997
-0.199862
0.649706
0.198979
0.447674
-0.098252
0.103209
-0.935705
0.033805
-0.696072
-0.158483
-0.532998
1.000000
0.555772
0.513993
1.000000
0.684750
0.060207
-0.417128
-0.025126
-0.777256
1.000000
0.473418
-0.216214
-0.543935
0.274509
-0.339797
-0.573834
-1.000000
0.119763
-0.146338
-0.463393
-0.619964
1.000000
0.275385
-0.048256
-0.550319
-0.344528
0.591490
-0.932419
-0.951030
1.000000
0.279848
-0.761625
0.505348
0.385007
-0.972514
0.476133
-0.070412
-0.360543
-0.531789
0.413839
0.621951
-0.406092
-0.689378
-0.654983
-0.436806
1.000000
-0.673471
-0.362235
0.275434
-0.231791
0.176901
0.089519
0.787591
0.108153
-0.856419
-0.443334
0.178955
0.764455
0.407473
0.060435
0.607449
-0.132212
-0.113121
-0.858424
0.394884
0.180384
0.888500
0.271567
0.533432
0.184173
-1.000000
0.946266
0.731976
-0.300481
-0.489811
0.211315
0.424303
0.400017
0.978112
0.414520
0.802018
0.463818
-0.460862
-0.481307
1.000000
-0.427264
0.391938
0.013803
-0.532695
0.194360
0.111876
-0.169269
-0.596991
0.041980
-0.334447
-0.125634
-0.529429
-0.680555
0.563648
0.772555
-0.050054
-0.670974
0.066574
-0.389894
-0.265891
-0.364545
-0.278364
-0.084886
0.537154
0.270797
-0.341766
-0.753939
-0.893514
0.615580
0.652414
0.044251
0.002423
0.255003
-0.505780
-0.976196
-0.025928
-0.808977
-0.570039
-0.686828
0.256877
-0.394906
0.600440
0.345209
0.426682
-0.169951
0.154473
-0.249719
0.074099
-0.935100
0.926041
0.031528
0.261329
0.092717
0.488329
-0.283538
0.893496
-0.544311
-0.499820
0.218720
-0.567158
-0.665681
-1.000000
0.053269
0.141432
-0.286997
0.087672
-0.030043
-0.015545
-0.055944
-0.250778
-0.857970
0.234517
0.885978
0.309641
-0.575435
0.548766
-0.305788
-0.469390
0.555708
0.342007
0.831632
-0.304540
-0.107805
-0.124476
0.389962
-0.266679
-0.797225
0.074851
-0.313431
0.504254
-0.664995
-0.585950
0.379267
0.070645
-0.609035
0.495759
-0.443551
-0.378325
0.613760
0.846768
-0.580680
0.356514
-1.000000
0.740376
0.274123
-0.148337
0.036674
0.717327
0.267098
0.048960
-0.240379
-0.147572
-0.882318
0.378179
-0.193819
-0.258598
0.776631
0.262517
0.813648
0.195371
-0.870828
0.279918
0.067527
-0.088125
-0.423154
-0.148161
-0.274974
0.053178
0.064593
-0.540516
0.775353
-0.376466
-0.984147
-0.156137
0.905926
-0.082458
-0.166331
0.621375
-0.962033
-0.336320
0.198339
-0.355551
-0.115733
0.253383
0.111171
0.801241
-1.000000
0.959384
0.102011
-0.405418
-0.739574
0.603457
0.010562
0.971099
0.634481
0.406733
-0.878103
-1.000000
0.065684
0.267799
0.317934
-0.140752
0.870845
-0.798786
-0.307462
-0.034187
0.785433
-0.170291
0.745554
-0.617318
-0.384275
0.113016
-0.062111
-0.333872
-1.000000
0.607747
0.106156
-1.000000
-0.855810
0.716401
-0.048672
-0.475610
0.557549
-0.224285
-0.913692
-1.000000
0.003343
-0.302255
-0.699231
-0.080336
0.041177
-0.929832
0.222415
-0.430036
0.620324
0.591103
0.897562
-0.520390
0.260301
0.213826
-0.196705
-0.228966
0.539936
-0.177669
-0.727868
-0.400155
-0.511496
-0.241052
0.413675
-0.879474
0.031352
0.379455
-0.292601
0.084193
0.595231
-0.231876
0.102901
-0.899136
0.519517
-0.574208
-0.172516
-0.156877
0.472493
-0.358500
0.998340
-0.394742
-0.582353
-0.865209
0.688049
-0.920359
0.427744
0.168853
0.615305
-0.343929
0.339552
-0.146038
0.693673
0.619387
-0.125543
0.499129
0.164271
-0.707596
-0.194943
0.741446
-0.202130
-0.431088
0.486264
0.190635
0.003481
-1.000000
-0.140141
0.020482
-0.437972
0.989552
-1.000000
-0.740381
0.266261
-0.740822
0.526536
-0.654250
0.505528
0.910682
0.189348
-0.249521
0.636388
0.829087
1.000000
-0.217106
-1.000000
-1.000000
-0.066579
-0.341531
-0.318683
-0.109498
0.489042
0.794479
-0.264040
-0.759645
-0.030108
-1.000000
-0.921199
-0.206404
0.285856
-0.288094
-1.000000
0.196518
0.175416
0.207652
-0.315127
0.113739
0.233545
-0.620651
-0.241656
0.877224
0.080345
-0.150791
0.607058
-0.626574
0.593426
0.050475
0.819105
-0.234793
0.808772
0.243630
0.884058
-1.000000
-0.414684
-0.209427
-0.645752
0.033514
-0.942055
-0.878956
-0.191499
-0.580612
0.575902
-0.692458
-0.158995
-0.296394
0.585976
-0.003739
-0.828014
-0.907255
-0.618908
0.808935
-0.012940
-0.355638
-0.005179
0.342654
-0.122022
-0.945072
-0.478476
0.576755
0.826217
0.067000
-0.314941
-0.042854
0.532521
0.092481
0.720816
0.263132
0.953536
0.977091
0.418624
-0.205120
0.457651
0.534733
0.968777
0.980011
-0.041639
-0.458030
-0.516669
0.741139
-0.017958
0.360252
0.248833
-0.790022
0.737339
-0.639578
-0.081940
-0.709557
0.638720
0.591703
-0.954626
0.120390
0.974017
0.131911
0.354842
0.130470
-0.218373
0.362699
-0.762274
0.497450
-0.579325
-0.291555
0.359670
0.009128
0.362114
0.359470
-0.091205
0.123335
0.201103
0.672779
1.000000
0.202976
-0.782450
0.084695
0.056012
0.679150
0.100780
-0.461289
-0.537792
0.181934
1.000000
-0.704562
-0.128555
-0.437945
-0.347066
0.235538
-0.779043
0.128193
0.402597
-0.265253
0.247388
0.638755
0.126316
-0.472727
-0.313973
0.125444
0.615433
-0.412278
0.240315
-1.000000
0.153696
-0.234953
0.488490
0.351701
-0.016672
-0.334443
-0.234948
-0.490104
0.433306
0.898430
0.792266
0.581210
0.258770
-0.015775
-0.272295
-0.161167
0.010783
-0.660547
0.104640
0.658505
-0.038651
-0.413236
0.848291
-0.250175
-0.175075
-0.032260
0.972845
0.959900
-0.400120
0.436426
0.562334
0.440798
0.108652
-0.182589
-0.115562
-0.019741
-0.252942
-0.428930
0.482112
0.703621
-0.910447
-0.316371
0.830450
-0.704444
0.504916
-0.902724
-0.451213
0.510191
0.007609
0.630025
0.516464
0.160711
-0.420126
0.563633
-0.527615
-0.514577
-0.980642
0.577446
0.916432
0.020696
0.469112
-1.000000
0.139653
0.223502
-1.000000
1.000000
0.243402
-0.497347
0.418922
0.116190
-0.292970
0.503638
1.000000
0.400696
0.554823
0.337349
0.261927
-0.330566
-0.344749
-0.558536
0.718157
0.284566
-0.454467
-0.264968
-0.865951
-0.177577
-0.697610
-0.082382
-0.337310
-0.100525
-0.573830
0.711728
-0.610991
0.110512
0.278523
-0.158745
-0.587102
-0.386905
0.413315
0.196857
0.636860
0.360490
0.892963
0.255809
0.355094
-1.000000
0.687652
0.532198
-0.150718
1.000000
0.410237
0.271877
0.220048
-0.681809
-0.116516
1.000000
-0.714329
-0.595803
0.357149
0.654797
-0.797850
1.000000
0.244062
0.299316
0.811312
0.851689
0.227812
-0.432852
-0.259398
-0.038994
0.279416
-0.718159
0.056896
-0.791555
-0.218932
-0.966870
0.019494
-0.352260
-0.425991
0.702226
0.044110
0.286123
-0.263637
0.594910
-0.543958
0.555773
0.357527
0.553795
0.349007
-0.296389
-0.293113
-0.192982
0.973678
0.766140
0.200417
0.546700
0.695402
0.443446
0.048705
-0.367523
-0.799599
-0.433298
0.762721
0.362652
-0.130474
0.490313
0.676838
-0.721816
-0.331113
0.011017
-0.083088
-0.463824
0.498195
-0.623927
-0.376234
-0.353084
-0.431000
-0.230290
0.445224
-0.371033
0.424776
-0.174701
0.863242
0.146629
0.795558
0.156019
-0.421999
0.243146
0.396568
-0.111481
0.722238
0.900960
-0.431646
-0.228648
-0.365195
0.205593
-0.159910
-0.143300
0.049139
-0.159208
-0.975763
0.754693
-0.122821
-0.141043
0.121333
0.832912
0.148910
-0.006835
-0.851750
0.396711
-0.106331
-0.397561
0.799239
0.264874
0.272539
1.000000
-0.780391
-0.840397
0.116803
-0.849212
-0.936970
-0.266136
-0.561894
-0.032096
-0.446079
0.192888
1.000000
0.483563
0.545725
-0.145950
0.718990
-0.095873
-0.439249
0.434900
-0.167458
0.015485
-0.812875
-0.266602
0.541827
-0.343993
-0.955116
-0.384778
-1.000000
0.018721
0.606103
0.179049
0.729083
0.273624
0.555239
-0.084520
0.945370
0.245300
-0.558953
0.008819
0.991842
-0.692022
0.388014
0.335015
-0.870616
0.083513
0.266224
-0.223719
0.402842
0.584038
-0.250782
-1.000000
0.747911
0.645622
0.054867
-0.127885
0.449347
-0.356876
-0.511762
-0.642825
0.669639
0.552326
0.344596
0.867012
-0.803307
-0.157310
0.564731
0.215281
-0.747968
-0.028160
-0.863795
1.000000
0.460093
-0.848580
0.007916
0.725051
-0.594824
0.640324
0.328587
-0.536283
0.561329
-0.340544
-0.553638
-1.000000
0.579271
0.689041
-0.370534
-0.703954
0.233241
0.386943
0.332200
0.675633
0.989654
0.128679
0.092062
-0.660853
-0.013321
0.778662
0.851694
0.208504
0.436861
-0.152093
-0.383852
-0.602462
0.411332
-0.504891
-0.119806
-0.668335
-0.216309
0.192367
0.346057
0.723165
0.616066
0.661674
0.387481
0.214538
-0.236219
-0.248738
0.453950
0.182977
-0.958423
0.975578
-0.661104
-0.281710
-0.754363
-0.190333
0.014034
0.503030
-0.305221
-0.077233
-0.688118
0.923928
0.317013
0.110536
-0.579173
-0.401588
-0.223877
0.740138
-0.191441
0.166031
-0.512758
-0.341030
0.215454
-0.418139
0.693928
-0.063120
-1.000000
0.305552
-1.000000
-0.078264
-0.501172
0.736189
-0.983203
-0.764005
1.000000
0.131640
0.149409
0.676613
-0.234390
0.217151
0.475949
0.474117
0.790508
-0.608972
-0.047355
0.936950
0.354693
0.073462
-0.213042
-0.292182
0.932196
-0.322427
-0.686977
-0.053071
0.352958
-0.038402
0.313883
0.695288
-0.649744
-0.110222
0.331988
-0.156715
0.582356
-0.234481
0.817515
0.004274
-0.387290
0.200866
-0.146612
0.303510
0.305297
0.222349
-0.172359
-0.120307
0.040482
0.166023
-0.177241
0.186594
-0.180749
-0.202880
1.000000
-0.368271
-0.136372
-0.537744
0.946207
-0.347080
-0.378834
-0.500123
-0.482701
0.191545
-0.795192
0.993958
-0.188285
0.521900
-0.030574
-0.056774
0.284700
0.656346
0.039449
-0.569552
0.176975
0.863661
-0.058149
0.154029
0.564880
0.244258
-1.000000
0.290283
-0.304687
0.329106
0.480591
0.935415
-0.288591
-0.211389
-0.976388
0.808238
0.173380
-1.000000
0.471782
-0.174004
-0.993504
0.424584
0.420265
-0.739202
-0.502272
0.493879
-0.084310
0.167141
0.550124
-0.949457
0.307095
-0.816046
-0.161289
0.373261
0.589774
-0.325643
0.754995
-0.202156
0.119498
-0.220233
0.901059
-0.493041
0.051801
0.055279
-0.024586
0.291108
0.731062
-0.269775
0.300576
0.793718
0.029626
0.216767
0.352007
0.551084
0.274340
-0.999091
0.047652
-0.518399
-0.436336
-0.296657
-0.456277
0.920432
0.638129
-0.775046
-0.088287
-0.317457
-0.183131
0.359052
0.009751
0.175248
0.239926
-0.903323
-0.357175
0.156250
0.971494
0.053764
-0.570299
-0.310473
0.337380
0.253901
-0.832516
-0.356717
-0.248440
-0.312390
-0.890748
0.781646
-0.453951
0.976510
-0.856779
0.044822
0.740001
-0.231456
-0.913220
0.153731
-0.540278
-1.000000
0.373057
0.289406
1.000000
-0.358977
-0.344518
0.016767
0.557718
-0.930439
0.104524
0.938575
0.788848
-0.045544
-1.000000
-0.586674
-0.117190
-0.382541
0.093925
-0.839680
0.196063
-0.268587
0.108045
0.324664
0.106699
-0.530234
-0.084167
-0.119530
0.232196
0.799678
-0.119738
0.560581
-0.667401
-0.109398
-0.849132
-0.104951
-0.308429
-0.035589
0.138596
-0.582834
0.695543
-0.272034
-0.042757
0.094468
0.490019
-0.548038
-0.950792
-0.445632
-0.196548
0.812368
-0.913633
-0.373370
0.724223
0.423720
-0.044760
-0.761475
0.775115
0.286624
0.801418
0.355012
-0.209627
-0.163201
0.473778
0.612814
0.655449
-0.045491
0.097127
-0.125351
0.049506
0.627063
0.181926
0.283842
-0.270478
-0.404157
0.123962
0.743223
-0.762924
0.132217
-0.756711
0.082700
-0.414992
0.827397
-0.214042
-0.202688
0.010919
-0.209979
0.173043
-0.377818
0.009198
-0.282878
-0.418649
0.716339
0.007445
-0.463100
-0.658974
0.111399
-0.002089
0.667282
-0.285786
0.295857
0.040383
-0.318814
0.066573
-0.274017
-0.033711
-0.155681
-0.844857
0.077160
-0.329760
0.083939
-0.215043
0.122181
-0.153614
-0.831212
-0.331741
-0.338890
-0.436875
-0.154039
0.297424
0.246239
-0.150116
-0.335902
0.706312
0.717088
-0.105873
0.494917
-0.832156
0.597181
-0.245286
-0.717149
0.611483
-0.512261
0.870229
-0.795670
0.176520
0.322702
0.214290
-0.375202
-0.447246
0.087416
0.623243
0.130100
0.299492
0.553984
0.330936
0.121420
-0.130992
-0.689012
-0.858730
0.166664
0.509280
-0.195699
0.208397
-0.646275
0.524315
0.796866
0.603111
-0.947754
0.659785
0.040436
-0.129808
-0.719415
-0.845368
-0.123142
-0.778444
-0.853836
0.296539
-0.820899
0.222883
-0.052820
-0.625108
-0.145409
-0.489815
0.264426
-0.432366
-0.459242
-0.011335
1.000000
-0.341431
0.389885
0.213232
0.454701
-0.430323
0.723804
-0.186917
-0.228029
0.085760
-0.911341
-0.787313
-0.451032
0.037979
0.602618
0.129657
-0.267178
0.025755
-0.906469
-0.471276
0.780291
-0.770134
-0.680368
-0.125281
1.000000
-0.085855
0.549902
-1.000000
0.725688
0.070559
-0.539146
0.402183
0.011131
0.622838
-1.000000
-0.412282
0.683489
-0.510809
0.351484
-0.039556
0.832670
0.647620
-0.462283
-0.483394
-0.608604
0.150953
0.735641
-0.286687
-0.609804
-0.314106
1.000000
1.000000
0.033086
0.008604
0.795514
-0.295826
-0.327814
0.152415
-0.255983
-0.150778
0.273693
1.000000
-0.079575
-0.661673
-1.000000
-0.571177
-0.833221
-0.256239
-0.624542
-0.108234
0.695542
0.653724
0.737206
-0.327019
0.061168
-0.318616
-0.351794
0.250129
-0.038951
0.868661
-0.906761
-0.976182
0.059544
-0.335210
0.522225
0.695151
0.296230
-1.000000
-0.651218
-0.684231
0.325944
0.667398
0.068283
-0.263872
-0.511354
0.809471
-0.937202
-0.053637
0.054270
-0.351021
0.270932
-0.408217
0.028217
0.943576
-0.232301
-0.038893
-0.076811
0.145387
-0.302980
0.071237
-0.838084
0.233958
0.419268
0.103584
0.698762
0.010926
-0.344552
0.192107
0.494455
-0.360571
-1.000000
-0.610115
0.048189
0.360958
-0.872846
-0.935729
-0.298736
0.315555
-0.408172
0.939742
0.077667
0.810090
-0.562552
0.669995
-0.148779
0.625374
-0.570710
0.059225
0.237036
0.902625
0.515471
-1.000000
0.235192
0.082107
0.843008
-0.146733
0.962101
0.420564
-0.695003
-0.441328
-0.907540
0.003117
-1.000000
0.294749
-0.585457
0.136753
0.456435
0.165025
0.623066
-0.066198
0.729293
0.009629
-0.025437
-0.053903
0.329729
0.782011
-0.240305
-0.518690
0.355192
-0.989554
0.966245
0.394785
-0.349311
0.675970
-0.631923
0.048732
-0.491190
-0.917228
0.174917
0.170334
0.596625
-0.120054
0.150970
0.470797
-0.629869
-0.103126
0.854011
0.133997
0.730058
0.408384
0.553368
0.766050
0.807336
-0.853381
0.421823
-0.098290
-0.598465
0.565019
-0.218909
-0.605410
-0.387421
0.128791
0.258472
-0.158510
-0.666481
-0.015290
0.105462
0.683745
-0.317923
-0.299685
-1.000000
0.629343
0.521758
0.377616
-0.678706
0.598370
-0.573334
0.639092
0.132985
-0.403440
0.078629
0.104069
0.257962
-0.981112
-0.748533
-0.927283
0.136866
-0.965785
0.050542
0.208734
-0.710377
-0.895054
0.055179
-0.301313
-0.409465
0.343574
0.569614
0.415309
-0.341414
0.893243
-0.054527
-0.095600
0.701400
0.565189
-0.256500
-0.385146
-0.594692
-0.904255
-0.108982
-0.252961
-0.807287
0.947997
-1.000000
0.837101
0.212641
0.139853
0.284175
-0.853749
-0.831181
0.707592
-0.139439
0.618519
-0.221401
-0.370369
0.130123
-0.864448
-0.201488
0.416901
0.650122
1.000000
0.387014
-0.593310
0.351908
0.338106
-0.169300
-0.224627
-0.605482
-0.606190
0.476994
0.998755
0.041156
-0.330898
0.129243
0.259825
-0.657066
0.163496
-0.929085
0.449205
-0.112404
-0.493457
0.281558
-0.749145
-0.448331
-0.868011
-0.360462
-0.180320
1.000000
-0.789930
-0.080096
-0.143174
0.913068
0.298093
-0.115573
0.387927
0.479945
-0.537129
0.173053
-0.283756
0.523895
-0.831150
0.048544
-0.889467
-0.264524
0.111390
0.946041
0.450646
0.966711
-1.000000
0.775999
-0.041241
0.408037
-0.061940
-1.000000
-0.019725
0.505950
0.085130
0.069788
0.015906
0.056421
-0.816923
0.040668
-0.554048
-0.248344
-0.308470
-1.000000
-0.417670
0.316174
-0.989155
0.293729
-0.273373
0.019213
-0.278440
-0.566952
0.740961
-0.162754
-0.968407
0.793829
-0.291819
0.311463
-0.141994
0.654973
0.376626
-0.320922
-0.298854
0.274972
-0.687193
-0.569249
0.311341
-0.720144
1.000000
0.311984
0.165681
-0.092523
0.413763
0.031799
-0.770190
0.714118
-0.531039
-0.278819
0.618778
1.000000
0.674067
-0.525440
-0.098877
0.989908
-0.297061
-0.608656
0.392659
-0.305484
-0.106441
0.083433
-0.319793
-0.464117
0.165328
0.351743
0.193154
1.000000
-0.646706
-0.071514
-0.555772
0.657829
0.679765
-0.859817
0.051967
0.210347
-0.058487
-0.527976
0.219675
0.405800
-0.155152
-0.634168
-0.181118
0.824763
1.000000
0.929803
0.079294
0.809518
0.043987
-0.809476
0.471175
0.184337
0.717144
0.876561
-0.901448
0.175179
-0.974914
-0.115180
-0.187433
-0.134011
-0.104729
-0.224404
0.237520
0.817637
0.079032
0.804663
0.631196
0.072932
-0.259296
0.050654
-0.778657
0.137852
-0.916614
-0.560833
-1.000000
-0.337447
0.364499
0.646002
0.819391
-0.564945
0.047141
0.839305
-0.874275
-0.597265
-0.091006
-0.599154
0.491017
0.258150
-0.513470
0.618809
-0.621904
-0.208267
-0.351432
0.437411
0.114507
0.410866
0.237378
0.558401
0.191389
-0.494631
0.111452
0.389611
-0.152386
-0.109336
0.758751
-0.866659
-0.470306
0.083620
0.457023
-0.991820
0.922892
0.046096
0.172468
0.137171
-0.384866
0.643714
0.765285
0.683628
-0.271873
-0.562661
-0.201688
0.098596
-0.007670
-0.768822
0.940735
-0.038868
-0.319611
-0.109329
-0.361058
0.922205
-1.000000
-0.014302
-0.085936
-0.562987
0.643040
0.058504
0.508545
0.465545
0.840061
0.835312
-0.074115
0.644283
0.991974
-0.407648
0.060090
0.300082
0.118055
1.000000
-0.268831
-0.496615
0.443468
0.624347
-0.022337
0.072439
0.431445
-0.138458
-0.771152
-0.958729
-0.714196
-1.000000
0.574850
-0.018770
0.059290
0.256143
0.018043
-0.120112
-0.000646
0.057255
0.063350
-0.003149
-0.195734
0.083764
0.110915
0.019586
0.056143
0.016490
0.006771
0.154752
0.273991
0.055711
0.027682
0.099451
0.074058
0.038542
0.086192
0.087834
0.010040
0.082523
0.046468
0.144881
0.022380
0.028863
0.039129
0.006677
0.065215
0.044210
0.161848
0.252580
0.041657
0.051227
0.064280
0.023175
0.201939
0.033158
0.027942
0.070910
0.034615
0.086451
0.057527
0.154670
0.262870
0.221706
0.019913
0.013928
0.011306
0.075520
0.016808
0.028364
0.161468
0.042662
0.037644
0.154003
0.012359
0.053113
0.028943
0.002017
0.028129
0.617646
0.014817
0.029650
0.066316
0.052963
0.055538
0.085873
0.009492
0.047360
0.089123
0.053405
0.086168
0.018807
0.019817
0.015402
0.029323
0.154670
0.077741
0.020814
0.028380
0.019444
0.012349
0.019807
0.007671
0.036768
0.068202
0.042018
0.044203
0.095155
0.030813
0.053200
0.063347
0.113053
0.105486
0.532638
0.064947
0.045993
0.010707
0.047777
0.069196
0.038973
0.036914
0.017481
0.214020
0.022958
0.120678
0.326318
0.213519
0.057679
0.035389
0.114572
0.039914
0.023723
0.490225
0.165792
0.041361
0.029165
0.119470
0.064678
0.051159
0.021905
0.009536
0.043460
0.046210
0.012195
0.109210
0.059931
0.072023
0.017169
0.045524
0.041122
0.086748
0.040949
0.021950
0.131362
0.019572
0.018074
0.005431
0.058160
0.050358
0.054983
0.292255
0.050987
0.079024
0.030062
0.031681
0.092550
0.713656
0.018783
0.016484
0.205056
0.030490
0.126459
0.114167
0.198617
0.009727
0.098767
0.133773
0.154384
0.149405
0.097799
0.158769
0.023300
0.056619
0.034029
0.097546
0.305535
0.010667
0.003940
0.018251
0.193632
0.012991
0.036313
0.024585
0.033983
0.103351
0.092800
0.333723
0.035811
0.009961
0.094202
0.035397
0.140878
0.009822
0.095428
0.112567
0.149061
0.146551
0.173912
0.014629
0.400434
0.182473
0.014529
0.117454
0.153223
0.148279
0.017780
0.024402
0.090259
0.006963
0.016821
0.140959
0.097274
0.028530
0.093300
0.051150
0.063749
0.039423
0.154371
0.092212
0.039621
0.018545
0.149675
0.030397
0.094114
0.055588
0.030111
0.057681
0.043900
0.060965
0.018850
0.029835
0.214385
0.029488
0.054352
0.005717
0.010551
0.027959
0.043594
0.182741
0.095942
0.042830
0.048206
0.302991
0.083438
0.036594
0.081506
0.051981
0.040238
0.009444
0.021037
0.077491
0.088763
0.065284
0.018837
0.093897
0.019983
0.242714
0.161024
0.076241
0.051485
0.152148
0.037319
0.244395
0.072811
0.267230
0.029818
0.017629
0.165186
0.012362
0.004745
0.010151
0.054453
0.010772
0.063916
0.160088
0.081335
0.018214
0.040181
0.431664
0.117929
0.018617
0.028301
0.081861
0.037514
0.011486
0.069726
0.084181
0.056856
0.130141
0.052564
0.039818
0.146492
0.022529
0.417290
0.041699
0.041855
0.037943
0.034343
0.007298
0.080314
0.024570
0.109948
0.026331
0.024751
0.061042
0.129852
0.005692
0.099383
0.277364
0.028182
0.100690
0.009411
0.090770
0.089122
0.052511
0.020633
0.115216
0.171450
0.040277
0.107437
0.067866
0.010053
0.051214
0.059534
0.040546
0.063646
0.025537
0.061160
0.047368
0.032831
0.162876
0.076754
0.076357
0.020811
0.010836
0.020121
0.027462
0.045367
0.007967
0.062525
0.070114
0.008681
0.065080
0.033706
0.597189
0.065753
0.048491
0.064026
0.030489
0.026616
0.013487
0.023138
0.065861
0.006917
0.108518
0.052126
0.385675
0.024561
0.002222
0.199721
0.107281
0.024789
0.035716
0.020083
0.016852
0.016301
0.293339
0.050335
0.025902
0.034879
0.043731
0.023703
0.029762
0.020962
0.111048
0.060480
0.003682
0.415802
0.173084
0.186411
0.130520
0.033324
0.061354
0.064829
0.111191
0.087121
0.116997
0.014292
0.025402
0.014573
0.250938
0.054997
0.140638
0.125817
0.044755
0.212842
0.015298
0.290621
0.045429
0.095500
0.239246
0.022213
0.041166
0.189726
0.104345
0.025756
0.029752
0.062854
0.018287
0.063924
0.149567
0.089066
0.027088
0.084491
0.204818
0.184279
0.056762
0.016637
0.276545
0.059771
0.016029
0.023739
0.008562
0.028821
0.084122
0.027858
0.785121
0.139794
0.011855
0.010872
0.144085
0.273903
0.004183
0.025434
0.057711
0.021051
0.035411
0.067575
0.120505
0.072945
0.035618
0.084607
0.366413
0.050973
0.078852
0.034040
0.099820
0.009915
0.097133
0.013209
0.016984
0.028577
0.023003
0.070564
0.126490
0.016533
0.324982
0.021688
0.027992
0.049172
0.044806
0.034589
0.042676
0.128871
0.031512
0.412480
0.043948
0.011615
0.038930
0.014763
0.008241
0.026262
0.060512
0.064382
0.033986
0.041561
0.028591
0.010311
0.011575
0.003778
0.063209
0.409254
0.008479
0.060679
0.034338
0.527101
0.007637
0.020276
0.365904
0.029794
0.196702
0.013368
0.087298
0.024713
0.047507
0.055073
0.019595
0.050189
0.012511
0.030150
0.009440
0.046100
0.006080
0.106750
0.019375
0.017878
0.017773
0.205941
0.057362
0.072372
0.035158
0.016948
0.081446
0.203979
0.061773
0.094090
0.041465
0.052478
0.122276
0.032225
0.059331
0.243118
0.020475
0.117909
0.012999
0.035986
0.074007
0.012543
0.339290
0.151257
0.004852
0.101119
0.265829
0.014847
0.023428
0.031517
0.109655
0.022573
0.050662
0.085763
0.030666
0.027358
0.011111
0.188797
0.517622
0.020696
0.225828
0.197941
0.234676
0.022130
0.029771
0.129584
0.069100
0.095613
0.009962
0.010348
0.106803
0.057495
0.025645
0.128205
0.011812
0.156389
0.013610
0.024494
0.038434
0.093167
0.335332
0.005836
0.008774
0.397462
0.057077
0.046648
0.037021
0.030444
0.133893
0.014327
0.071767
0.007631
0.042943
0.547403
0.023404
0.036649
0.056555
0.181289
0.035804
0.555953
0.090321
0.018748
0.153506
0.531804
0.007888
0.216992
0.032056
0.074879
0.009342
0.032866
0.310006
0.015114
0.010912
0.126757
0.014724
0.014297
0.116377
0.144817
0.128901
0.044395
0.032799
0.017527
0.712397
0.640159
0.039105
0.170775
0.046629
0.051587
0.014910
0.111366
0.010251
0.010658
0.069867
0.207555
0.080711
0.017243
0.049048
0.027432
0.187190
0.016075
0.015745
0.145448
0.032685
0.040166
0.043635
0.018808
0.016430
0.098662
0.036774
0.027452
0.072735
0.006025
0.026448
0.045842
0.062147
0.032100
0.062834
0.024631
0.019274
0.154122
0.017897
0.056450
0.061012
0.068384
0.014100
0.040229
0.102163
0.037478
0.122966
0.033013
0.093730
0.170232
0.090368
0.082229
0.170853
0.163298
0.004233
0.028321
0.042723
0.062180
0.021208
0.035636
0.131153
0.237382
0.052683
0.035026
0.167165
0.026850
0.014773
0.044351
0.030984
0.049150
0.020612
0.057426
0.090064
0.017204
0.058793
0.105383
0.219872
0.129718
0.059242
0.006565
0.008678
0.819763
0.026687
0.278493
0.343096
0.216263
0.006945
0.039987
0.017828
0.089070
0.209462
0.085052
0.010937
0.102288
0.010090
0.019917
0.136799
0.169142
0.029832
0.044692
0.151726
0.142979
0.446340
0.045888
0.433382
0.020936
0.449536
0.048018
0.224412
0.060418
0.482666
0.077477
0.069889
0.054007
0.015645
0.041713
0.012281
0.247764
0.122691
0.219627
0.023532
0.053356
0.029374
0.056164
0.006932
0.050358
0.096875
0.145929
0.266229
0.075286
0.124646
0.030964
0.051324
0.029716
0.010835
0.011374
0.007748
0.041792
0.048479
0.006847
0.053785
0.012575
0.205797
0.111437
0.044597
0.099528
0.146108
0.396046
0.086938
0.015369
0.079240
0.032197
0.052512
0.208854
0.026704
0.016075
0.076719
0.206611
0.044739
0.005359
0.010709
0.010761
0.040583
0.007563
0.065551
0.026381
0.008760
0.070932
0.079854
0.058325
0.018015
0.392355
0.072210
0.127673
0.018336
0.045219
0.027305
0.016282
0.052352
0.048834
0.018497
0.007959
0.065130
0.269290
0.141551
0.024629
0.021301
0.062127
0.120657
0.190174
0.064670
0.040159
0.014304
0.045816
0.038959
0.042680
0.259221
0.156415
0.004957
0.066625
0.395777
0.206032
0.093425
0.022664
0.030753
0.493542
0.027898
0.002218
0.029501
0.061194
0.019892
0.007579
0.136803
0.037233
0.035616
0.150906
0.072039
0.011716
0.119691
0.025900
0.043677
0.094464
0.018551
0.051356
0.041875
0.007718
0.018454
0.018503
0.008293
0.050981
0.023666
0.009714
0.025120
0.052168
0.488495
0.128171
0.037777
0.025291
0.063566
0.178753
0.065915
0.040223
0.043261
0.134264
0.021719
0.015187
0.083370
0.065669
0.175544
0.167843
0.093363
0.021659
0.650128
0.066264
0.195932
0.040215
0.014380
0.210860
0.012955
0.024377
0.112105
0.027950
0.094840
0.427107
0.149085
0.024308
0.023797
0.016043
0.018495
0.105860
0.010463
0.042482
0.028007
0.033985
0.073474
0.128639
0.030753
0.074159
0.029633
0.112803
0.028606
0.007933
0.040949
0.013012
0.063540
0.024942
0.025000
0.053792
0.247072
0.041266
0.035170
0.020295
0.277853
0.101227
0.156594
0.015152
0.016455
0.031082
0.007163
0.050482
0.041978
0.020121
0.046123
0.026481
0.173835
0.019921
0.046219
0.026614
0.017203
0.015391
0.007200
0.087529
0.097843
0.032545
0.066996
0.242797
0.105200
0.038760
0.032674
0.072922
0.184559
0.026107
0.049134
0.128978
0.067986
0.069993
0.028243
0.038246
0.066911
0.057613
0.131588
0.040039
0.014093
0.012828
0.074008
0.027328
0.041931
0.009892
0.039214
0.028720
0.094919
0.200198
0.498281
0.144963
0.030604
0.053599
0.045603
0.274968
0.013434
0.022538
0.050941
0.030637
0.028621
0.034806
0.115238
0.030777
0.092419
0.021743
0.176927
0.085461
0.040735
0.003126
0.043992
0.057003
0.011403
0.101655
0.042296
0.064876
0.016910
0.069458
0.042690
0.056798
0.040025
0.028286
0.058237
0.019456
0.037215
0.125564
0.119948
0.004339
0.162375
0.049196
0.034202
0.016556
0.365932
0.032239
0.025698
0.084821
0.042857
0.012127
0.131218
0.014517
0.178759
0.078455
0.135155
0.093348
0.043240
0.089446
0.139619
0.062069
0.085912
0.046960
0.043241
0.024094
0.086798
0.094112
0.020722
0.008197
0.177725
0.068057
0.128266
0.054521
0.016975
0.045371
0.011163
0.103135
0.266397
0.029454
0.004204
0.059692
0.049159
0.050843
0.002701
0.056182
0.041748
0.055761
0.035768
0.159662
0.094095
0.028630
0.143501
0.020668
0.126814
0.020760
0.009505
0.095705
0.008889
0.049325
0.010732
0.571534
0.123415
0.043654
0.119693
0.041125
0.014961
0.045538
0.026882
0.007947
0.161225
0.051245
0.012312
0.050324
0.013386
0.073246
0.109598
0.073228
0.004035
0.056363
0.030318
0.053839
0.043275
0.060026
0.045147
0.009469
0.305385
0.012810
0.022761
0.037276
0.105224
0.065189
0.023963
0.056508
0.077036
0.311980
0.014077
0.032690
0.038630
0.058259
0.183371
0.017441
0.036240
0.007728
0.032799
0.141774
0.054361
0.023045
0.013938
0.249733
0.112577
0.006076
0.043218
0.142942
0.026656
0.004387
0.047718
0.059503
0.264512
0.110333
0.353578
0.065195
0.092683
0.031475
0.408180
0.057494
0.035046
0.323782
0.053165
0.009105
0.025862
0.102954
0.032421
0.046396
0.143818
0.039429
0.180191
0.008673
0.080038
0.135721
0.054913
0.065824
0.051800
0.160385
0.028545
0.012987
0.010496
0.060112
0.027921
0.055041
0.092284
0.088513
0.087588
0.067019
0.037460
0.070637
0.118228
0.075268
0.037925
0.020845
0.115524
0.039832
0.028781
0.025507
0.070640
0.026264
0.041088
0.034226
0.024971
0.063829
0.043626
0.029247
0.021157
0.254099
0.037281
0.081478
0.013496
0.034166
0.187205
0.318005
0.052194
0.101824
0.017017
0.088103
0.078219
0.014954
0.075901
0.014371
0.007126
0.014679
0.265577
0.022646
0.071520
0.384851
0.019364
0.638031
0.072592
0.022780
0.037361
0.122751
0.085224
0.003060
0.053334
0.076745
0.258926
0.092817
0.023413
0.041158
0.307418
0.245445
0.032578
0.109890
0.443131
0.675225
0.027434
0.059419
0.035241
0.147356
0.008983
0.120981
0.024475
0.003253
0.122574
0.206747
0.162068
0.043249
0.020286
0.020593
0.293672
0.150947
0.033327
0.077091
0.146086
0.055006
0.028030
0.109112
0.129363
0.291627
0.078781
0.013877
0.048369
0.040867
0.061323
0.005481
0.165790
0.183494
0.047129
0.033531
0.005251
0.045710
0.015268
0.032228
0.381116
0.040900
0.029511
0.076743
0.017747
0.008630
0.350546
0.020538
0.014334
0.067342
0.070519
0.050403
0.035430
0.077886
0.131625
0.021411
0.009769
0.200483
0.015378
0.066791
0.011554
0.149540
0.247174
0.058601
0.141818
0.199711
0.043650
0.098406
0.016852
0.059864
0.027586
0.331224
0.041441
0.287069
0.022938
0.022644
0.118239
0.017307
0.008588
0.033218
0.153743
0.110310
0.056369
0.019054
0.048722
0.133671
0.018820
0.015318
0.128635
0.174491
0.170210
0.149071
0.062740
0.388680
0.038977
0.295073
0.068426
0.006461
0.101815
0.129086
0.038663
0.008037
0.006968
0.009625
0.017023
0.344038
0.056518
0.006878
0.052188
0.096256
0.160901
0.090661
0.097640
0.027909
0.005515
0.121735
0.081335
0.155115
0.118172
0.003168
0.010459
0.114309
0.026948
0.190147
0.029371
0.017972
0.025597
0.012644
0.026352
0.015908
0.072133
0.006779
0.057773
0.052532
0.011238
0.055442
0.026711
0.180543
0.049101
0.049362
0.006702
0.093239
0.032473
0.010925
0.216291
0.021028
0.021179
0.103030
0.642017
0.085158
0.013678
0.194759
0.065385
0.025521
0.100878
0.051140
0.251229
0.111033
0.061623
0.010001
0.015975
0.080856
0.037535
0.098787
0.042900
0.147722
0.039538
0.115665
0.027649
0.099243
0.004806
0.007375
0.124745
0.052848
0.249936
0.009228
0.009870
0.025276
0.038551
0.055065
0.089339
0.164290
0.108457
0.090240
0.026106
0.004236
0.121696
0.055869
0.012594
0.042444
0.010583
0.009103
0.125155
0.014004
0.096231
0.070948
0.111272
0.005665
0.299491
0.700841
0.010166
0.020790
0.029639
0.008422
0.067747
0.023818
0.047460
0.115650
0.012908
0.074288
0.061343
0.046670
0.088496
0.023462
0.043241
0.049478
0.062103
0.032247
0.018945
0.044522
0.025162
0.050638
0.043179
0.129884
0.076914
0.060593
0.018288
0.021942
0.058048
0.028371
0.012278
0.116863
0.315490
0.010607
0.120719
0.063151
0.038224
0.031446
0.026199
0.020156
0.101884
0.085499
0.037084
0.005183
0.031083
0.167084
0.020191
0.010892
0.132085
0.025790
0.182131
0.067324
0.055369
0.201164
0.117096
0.031624
0.032638
0.118428
0.055869
0.029749
0.023135
0.106914
0.118561
0.038802
0.027062
0.039978
0.089644
0.029193
0.389336
0.053424
0.024476
0.090557
0.043215
0.058084
0.028537
0.057329
0.481337
0.010743
0.041927
0.084600
0.491736
0.134816
0.018958
0.078540
0.185555
0.062739
0.028297
0.078971
0.150323
0.005780
0.070305
0.027247
0.070665
0.102223
0.059755
0.124341
0.279214
0.085831
0.266800
0.121715
0.200371
0.053842
0.034177
0.032004
0.039832
0.103152
0.016714
0.182860
0.037923
0.024725
0.071317
0.052727
0.023141
0.025039
0.117761
0.118050
0.036852
0.037102
0.023568
0.175200
0.121515
0.036197
0.384179
0.013449
0.072217
0.105845
0.006217
0.027335
0.096843
0.377320
0.066722
0.021189
0.120430
0.017690
0.013310
0.045871
0.156524
0.048507
0.095179
0.030109
0.016839
0.028458
0.121384
0.110567
0.053868
0.030740
0.032453
0.016516
0.058107
0.077245
0.019452
0.007857
0.046307
0.151110
0.104781
0.024071
0.212110
0.004946
0.099516
0.040449
0.193534
0.051707
0.041287
0.174564
0.037475
0.010729
0.028725
0.155995
0.157904
0.002773
0.037920
0.060909
0.108953
0.017478
0.197410
0.066420
0.014274
0.029276
0.005139
0.008383
0.027540
0.017379
0.037224
0.008009
0.010978
0.052345
0.060220
0.035115
0.021208
0.032633
0.033299
0.047053
0.041020
0.025463
0.058992
0.017454
0.254896
0.059900
0.101594
0.227322
0.213001
0.010116
0.005701
0.056297
0.130929
0.048207
0.038362
0.080404
0.103162
0.069359
0.024602
0.041928
0.013503
0.031256
0.682557
0.012637
0.007672
0.034001
0.011544
0.061513
0.178164
0.014112
0.064437
0.041911
0.026345
0.050381
0.018329
0.045878
0.132554
0.067744
0.038255
0.051529
0.130714
0.010479
0.058995
0.015292
0.041474
0.031017
0.027069
0.096036
0.069465
0.018229
0.048484
0.066217
0.024933
0.028501
0.070204
0.093152
0.079796
0.019001
0.018394
0.321124
0.008450
0.060691
0.036152
0.070855
0.026625
0.042677
0.051126
0.063152
0.015189
0.062825
0.082884
0.011116
0.088118
0.053618
0.007857
0.013887
0.499840
0.571824
0.031620
0.031934
0.027552
0.156774
0.055067
0.042382
0.143101
0.055009
0.093567
0.089293
0.032164
0.008310
0.097487
0.014033
0.016450
0.021282
0.073820
0.119516
0.012090
0.081140
0.251525
0.055225
0.358223
0.151876
0.022770
0.086292
0.044862
0.013411
0.059249
0.010238
0.391952
0.068859
0.018179
0.151440
0.068195
0.096949
0.048342
0.014093
0.054342
0.745757
0.129029
0.769201
0.014290
0.033871
0.031599
0.017504
0.078265
0.071592
0.108099
0.147971
0.017180
0.053443
0.059767
0.014851
0.101180
0.007504
0.007887
0.185510
0.111546
0.064977
0.098081
0.053688
0.549963
0.023083
0.018953
0.096092
0.425864
0.123589
0.007097
0.014423
0.179252
0.117866
0.187100
0.055502
0.013088
0.015972
0.074387
0.053731
0.030170
0.031544
0.027888
0.038098
0.017025
0.042741
0.035620
0.023605
0.108157
0.016849
0.098965
0.007110
0.230862
0.022308
0.123262
0.103164
0.032817
0.044386
0.114970
0.111681
0.040864
0.090231
0.028814
0.018552
0.197417
0.110793
0.052063
0.264400
0.024909
0.143590
0.020462
0.019757
0.035996
0.044908
0.019939
0.003022
0.140667
0.030484
0.042367
0.073867
0.042697
0.019397
0.049088
0.039052
0.098558
0.019789
0.108098
0.057212
0.011886
0.087983
0.032446
0.046622
0.174178
0.018833
0.032787
0.162839
0.071535
0.019662
0.069027
0.047266
0.212336
0.047185
0.073619
0.068262
0.007369
0.049294
0.332967
0.018121
0.028054
0.051499
0.054709
0.144055
0.122516
0.020094
0.105500
0.302965
0.047890
0.006800
0.204177
0.080084
0.231136
0.218426
0.693748
0.076881
0.089782
0.193377
0.229619
0.043737
0.256940
0.065229
0.041457
0.044429
0.051047
0.210991
0.032893
0.071533
0.042671
0.064734
0.016784
0.042234
0.005600
0.070207
0.117120
0.078365
0.068083
0.060220
0.103192
0.055793
0.072285
0.436538
0.035236
0.033319
0.013269
0.178103
0.145459
0.010603
0.028421
0.060008
0.010819
0.001709
0.056297
0.022320
0.107787
0.198349
0.157353
0.035727
0.163931
0.047579
0.159122
0.021461
0.057110
0.014723
0.030333
0.055532
0.021798
0.044093
0.022402
0.059699
0.112222
0.144985
0.225916
0.035255
0.092026
0.049418
0.617386
0.023876
0.228337
0.047296
0.016036
0.076088
0.021886
0.024435
0.012545
0.035873
0.020304
0.126436
0.013224
0.511360
0.025911
0.138637
0.189809
0.041315
0.030775
0.108887
0.088813
0.076158
0.071300
0.007006
0.060001
0.048814
0.060580
0.047605
0.136052
0.027354
0.052978
0.080989
0.082404
0.024921
0.228390
0.068692
0.063630
0.041639
0.085196
0.027285
0.131013
0.087809
0.007197
0.060372
0.351276
0.090130
0.110774
0.051813
0.108366
0.017696
0.054037
0.026459
0.054985
0.134023
0.012748
0.076572
0.144632
0.131260
0.053938
0.229146
0.045494
0.140815
0.083090
0.041027
0.046532
0.003793
0.019713
0.028316
0.030217
0.385615
0.026715
0.018802
0.173850
0.013027
0.071446
0.019907
0.010912
0.173804
0.127216
0.050733
0.320786
0.205289
0.011021
0.082569
0.023670
0.039375
0.132527
0.073939
0.179498
0.117544
0.050750
0.070116
0.133720
0.241467
0.047838
0.044794
0.289858
0.109614
0.018171
0.007801
0.183112
0.168578
0.032263
0.032705
0.014794
0.113314
0.069402
0.140383
0.017802
0.055866
0.085859
0.018769
0.176755
0.229507
0.017820
0.216857
0.138752
0.017175
0.021165
0.015618
0.014705
0.012944
0.059498
0.298713
0.231752
0.111777
0.063787
0.050225
0.018325
0.745899
0.038148
0.036798
0.090107
0.055280
0.012855
0.009414
0.052726
0.142299
0.188610
0.027360
0.028309
0.082902
0.023528
0.029564
0.138417
0.018409
0.130524
0.034404
0.019924
0.066744
0.071777
0.075319
0.032364
0.036779
0.025021
0.010514
0.159766
0.009891
0.080930
0.009622
0.032084
0.034607
0.058060
0.043385
0.021767
0.018323
0.016968
0.033590
0.042988
0.126150
0.204279
0.171158
0.072009
0.057372
0.100472
0.073273
0.049942
0.014239
0.022962
0.051743
0.048768
0.020136
0.154590
0.027519
0.239763
0.047728
0.067691
0.020904
0.068462
0.040012
0.079779
0.050000
0.421625
0.026175
0.026718
0.108107
0.042802
0.007026
0.362115
0.032530
0.067354
0.016450
0.048198
0.028384
0.020403
0.011474
0.080749
0.418694
0.115628
0.732387
0.011932
0.020381
0.036266
0.064035
0.074691
0.011574
0.045628
0.025320
0.043323
0.054329
0.037732
0.017990
0.190016
0.047662
0.089551
0.216612
0.006252
0.008685
0.013792
0.063908
0.124026
0.069162
0.022219
0.006864
0.050600
0.097227
0.065115
0.200913
0.031782
0.388159
0.012575
0.014931
0.018968
0.144928
0.046280
0.047907
0.007983
0.006341
0.038172
0.021343
0.066664
0.268948
0.164630
0.041082
0.091126
0.111916
0.061162
0.082005
0.037208
0.041673
0.010049
0.021671
0.021786
0.467222
0.010452
0.018136
0.114286
0.194924
0.051294
0.073370
0.093168
0.071057
0.028624
0.025006
0.038459
0.067978
0.018229
0.200606
0.022213
0.055310
0.113240
0.022962
0.007574
0.023524
0.064651
0.059504
0.221384
0.042064
0.020613
0.091659
0.056662
0.038695
0.025656
0.074111
0.009250
0.029897
0.187747
0.231280
0.190522
0.108163
0.161206
0.072607
0.063272
0.029278
0.019432
0.017674
0.036372
0.083181
0.125728
0.048376
0.017333
0.031086
0.038236
0.042163
0.031961
0.073111
0.077040
0.213376
0.009842
0.074276
0.044032
0.114379
0.059010
0.080795
0.089393
0.042435
0.177048
0.029326
0.090674
0.017027
0.032248
0.006403
0.064008
0.007216
0.089665
0.031563
0.035006
0.044042
0.057228
0.092565
0.066006
0.058985
0.151228
0.071887
0.074258
0.055116
0.159947
0.005424
0.084207
0.054439
0.059789
0.009732
0.019974
0.019444
0.116989
0.037470
0.018310
0.017935
0.071203
0.096034
0.026432
0.016288
0.117368
0.026621
0.131505
0.079710
0.031082
0.066678
0.099176
0.052371
0.021654
0.019585
0.169361
0.007005
0.152155
0.089859
0.016399
0.064021
0.130713
0.199425
0.097527
0.143160
0.188426
0.007679
0.064764
0.255751
0.016423
0.159266
0.062576
0.144212
0.046052
0.008402
0.073463
0.016312
0.058436
0.051071
0.028960
0.018993
0.043988
0.014539
0.018584
0.091031
0.129713
0.259283
0.021462
0.037389
0.047360
0.034020
0.267964
0.012706
0.031619
0.119942
0.008265
0.074898
0.028860
0.023311
0.051146
0.084117
0.011944
0.253326
0.038714
0.025013
0.069554
0.091205
0.058599
0.115971
0.011197
0.016986
0.018022
0.010040
0.209470
0.432877
0.290462
0.042456
0.022648
0.036025
0.097248
0.051021
0.017668
0.046826
0.024737
0.050085
0.084561
0.381620
0.036209
0.038147
0.095248
0.128729
0.030742
0.073020
0.048375
0.027793
0.016631
0.065556
0.209072
0.158343
0.102851
0.141266
0.018046
0.043553
0.033793
0.244389
0.033517
0.021789
0.067074
0.010172
0.020820
0.013074
0.128865
0.035039
0.332716
0.037013
0.530840
0.042801
0.051593
0.056393
0.029934
0.013848
0.211217
0.039099
0.045933
0.019117
0.005999
0.043736
0.038058
0.173463
0.010558
0.053850
0.261538
0.018459
0.061974
0.021855
0.041209
0.099869
0.073876
0.040229
0.035849
0.020265
0.676101
0.032692
0.080845
0.374864
0.318485
0.015186
0.018303
0.037793
0.067871
0.015126
0.133610
0.020716
0.089414
0.182628
0.039191
0.086482
0.187095
0.068843
0.412063
0.119452
0.037948
0.055389
0.030416
0.026442
0.066277
0.123872
0.073573
0.009908
0.179771
0.015007
0.021130
0.066859
0.029196
0.025030
0.016360
0.015586
0.027362
0.158275
0.200243
0.087962
0.042907
0.166898
0.094008
0.020768
0.157881
0.029721
0.119866
0.012555
0.097779
0.005140
0.072767
0.024097
0.327617
0.102642
0.552711
0.108470
0.034739
0.015583
0.116634
0.089876
0.024578
0.048677
0.012234
0.329073
0.110567
0.017372
0.219140
0.048265
0.098768
0.028029
0.023090
0.031555
0.029995
0.091793
0.005051
0.046470
0.138435
0.077409
0.379154
0.015666
0.013132
0.053287
0.092961
0.020932
0.427600
0.128037
0.110060
0.077771
0.030646
0.235945
0.004278
0.042133
0.914284
0.022994
0.101500
0.103271
0.067633
0.112823
0.149182
0.215400
0.043704
0.003969
0.017247
0.089579
0.024676
0.028986
0.041872
0.031324
0.096666
0.029134
0.016858
0.061077
0.103198
0.288189
0.212407
0.061581
0.002895
0.101650
0.053583
0.106714
0.107991
0.168886
0.022136
0.027641
0.040036
0.159408
0.054381
0.026980
0.016059
0.004902
0.115092
0.231571
0.075614
0.022680
0.060196
0.061852
0.068148
0.203436
0.035368
0.302495
0.026094
0.065321
0.023439
0.122731
0.054188
0.018061
0.108715
0.129840
0.013267
0.074588
0.011956
0.011440
0.012730
0.055197
0.035059
0.014249
0.009460
0.026172
0.056926
0.049742
0.093586
0.044557
0.096720
0.032934
0.052211
0.066436
0.153775
0.122245
0.026550
0.221196
0.084196
0.056484
0.014725
0.035157
0.107785
0.075382
0.006869
0.068360
0.098707
0.048495
0.085205
0.056950
0.047572
0.051333
0.082503
0.039424
0.014624
0.015568
0.150742
0.052409
0.121344
0.032658
0.011179
0.016302
0.018177
0.023032
0.098582
0.028698
0.228100
0.038952
0.248415
0.140303
0.051514
0.016010
0.118894
0.026920
0.053267
0.216571
0.128370
0.041353
0.063771
0.026039
0.022379
0.112514
0.045659
0.036142
0.028083
0.004956
0.037884
0.072061
0.031483
0.011484
0.077721
0.192124
0.151008
0.062659
0.015104
0.060600
0.024469
0.059628
0.012531
0.262785
0.017882
0.060823
0.061704
0.034288
0.426664
0.090900
0.265006
0.208217
0.633275
0.057275
0.036494
0.067002
0.051154
0.019997
0.255102
0.012733
0.046695
0.013371
0.031494
0.180711
0.023657
0.096002
0.008759
0.038021
0.031155
0.082082
0.215650
0.025019
0.051651
0.025592
0.014728
0.020545
0.043809
0.032253
0.394730
0.037923
0.066106
0.148922
0.041378
0.033332
0.061351
0.064527
0.073832
0.092133
0.244357
0.060032
0.623579
0.013651
0.039619
0.033727
0.015527
0.008199
0.175923
0.072353
0.039752
0.046164
0.247817
0.001215
0.118431
0.024606
0.033739
0.028617
0.043412
0.145313
0.091269
0.005545
0.138836
0.035830
0.040534
0.065338
0.020677
0.083320
0.095714
0.056037
0.020871
0.120390
0.060117
0.035782
0.169202
0.037815
0.010387
0.221602
0.031395
0.048504
0.101878
0.223099
0.078490
0.713870
0.041127
0.141421
0.026035
0.010500
0.013703
0.077452
0.029596
0.084494
0.091987
0.079735
0.013794
0.013309
0.503329
0.475622
0.126430
0.093148
0.010768
0.019443
0.071915
0.040511
0.036561
0.007507
0.215939
0.096540
0.028195
0.092600
0.026900
0.109092
0.046252
0.011540
0.029029
0.141892
0.007921
0.143381
0.039465
0.067077
0.236532
0.015643
0.028353
0.069731
0.055635
0.087682
0.031482
0.045283
0.019980
0.173917
0.122626
0.052101
0.008756
0.136488
0.031310
0.106269
0.016831
0.070764
0.219024
0.089971
0.188907
0.012236
0.249327
0.022973
0.067401
0.013010
0.430021
0.488723
0.147055
0.054987
0.051017
0.030163
0.157157
0.040300
0.133223
0.025610
0.018442
0.088533
0.029709
0.213822
0.068189
0.068631
0.051710
0.169510
0.013917
0.124178
0.033912
0.049338
0.234147
0.066431
0.082916
0.096242
0.013576
0.031627
0.024894
0.014546
0.043593
0.021212
0.018094
0.037175
0.098645
0.033774
0.089679
0.007534
0.375468
0.079247
0.011164
0.079119
0.030136
0.011455
0.049870
0.104097
0.290286
0.038710
0.011852
0.070399
0.036395
0.226139
0.051691
0.016509
0.118016
0.048336
0.032290
0.039442
0.095439
0.076189
0.039965
0.168135
0.086530
0.545822
0.064326
0.028617
0.079569
0.144162
0.137208
0.028514
0.025948
0.069137
0.082234
0.074001
0.059921
0.012365
0.019687
0.065944
0.088539
0.006696
0.208095
0.028531
0.075830
0.050882
0.005764
0.056349
0.071112
0.100746
0.005903
0.066541
0.082136
0.024402
0.017549
0.025416
0.165243
0.032032
0.053782
0.061643
0.105933
0.009514
0.028557
0.003557
0.139281
0.049812
0.073298
0.017223
0.079916
0.024561
0.017176
0.073102
0.031857
0.034443
0.142619
0.104433
0.178398
0.019884
0.236613
0.021282
0.014158
0.084606
0.089747
0.044287
0.151266
0.021047
0.054326
0.034684
0.094714
0.009489
0.276068
0.022173
0.166845
0.007484
0.251239
0.004489
0.073309
0.036649
0.020096
0.048311
0.060469
0.129441
0.016811
0.287352
0.095284
0.079616
0.054582
0.078326
0.191936
0.046519
0.013377
0.048379
0.028995
0.016396
0.041402
0.226416
0.033024
0.040003
0.135659
0.109001
0.022103
0.010615
0.020090
0.075640
0.030536
0.012238
0.047119
0.017196
0.089405
0.014537
0.314998
0.045185
0.099248
0.344105
0.185220
0.045333
0.010227
0.326925
0.067655
0.037853
0.134421
0.023996
0.102541
0.065609
0.077718
0.207326
0.032730
0.039393
0.048647
0.055000
0.048993
0.527943
0.018940
0.042736
0.018729
0.018942
0.070003
0.089656
0.014092
0.078067
0.166101
0.056586
0.009635
0.076548
0.023751
0.018386
0.012355
0.189812
0.176547
0.028915
0.093366
0.054113
0.032777
0.028620
0.218743
0.062317
0.102586
0.037009
0.020130
0.034571
0.003879
0.055478
0.035449
0.014718
0.056458
0.058792
0.040658
0.327748
0.023511
0.013924
0.053598
0.055403
0.035154
0.017302
0.003323
0.012350
0.067264
0.225256
0.127705
0.036367
0.022113
0.382022
0.028018
0.235537
0.006504
0.072487
0.020068
0.010252
0.043503
0.034018
0.013255
0.010228
0.007097
0.157140
0.199318
0.013405
0.021384
0.100723
0.051487
0.010440
0.034316
0.040009
0.039389
0.192666
0.104038
0.051139
0.009909
0.368512
0.441859
0.044083
0.174681
0.011438
0.024695
0.185406
0.139822
0.083722
0.121697
0.405457
0.015598
0.056593
0.086844
0.054850
0.023584
0.052067
0.027721
0.108504
0.216286
0.025432
0.030020
0.082414
0.021464
0.014095
0.029873
0.067252
0.027896
0.061399
0.058984
0.018071
0.050656
0.046184
0.212366
0.053410
0.110629
0.068248
0.154062
0.039274
0.059662
0.186154
0.058807
0.117941
0.051093
0.166744
0.094080
0.240372
0.100039
0.072280
0.208963
0.065421
0.006539
0.027541
0.042670
0.044428
0.245193
0.083352
0.036805
0.119549
0.025100
0.021654
0.071564
0.013049
0.026789
0.041669
0.075470
0.126115
0.188664
0.333210
0.082034
0.060756
0.024818
0.224988
0.114599
0.012533
0.023746
0.343487
0.076596
0.107531
0.029597
0.019956
0.012411
0.023232
0.062496
0.469424
0.079808
0.095658
0.171127
0.149386
0.055544
0.051399
0.091534
0.085795
0.026511
0.114109
0.174033
0.088954
0.021707
0.025241
0.015862
0.071899
0.589071
0.060491
0.162850
0.020274
0.026648
0.071456
0.060474
0.177841
0.027253
0.062254
0.141821
0.110064
0.126505
0.084740
0.155362
0.369865
0.055111
0.013975
0.122472
0.067296
0.433352
0.352174
0.016377
0.004700
0.103935
0.251321
0.015593
0.018611
0.013834
0.020785
0.271063
0.037320
0.085030
0.061068
0.014649
0.031532
0.078596
0.154394
0.046740
0.025479
0.030496
0.024965
0.071291
0.016341
0.675798
0.006463
0.023977
0.012535
0.023207
0.021271
0.194405
0.009367
0.065663
0.007776
0.007500
0.020176
0.031168
0.062464
0.100105
0.014327
0.203311
0.099249
0.058950
0.058898
0.023116
0.005002
0.004750
0.240008
0.040202
0.042954
0.010330
0.059579
0.082241
0.007971
0.012910
0.072791
0.055036
0.005154
0.419145
0.118856
0.210592
0.273291
0.035121
0.197135
0.128891
0.043425
0.035535
0.015485
0.074909
0.021938
0.069280
0.057535
0.007540
0.009293
0.044100
0.035413
0.032753
0.077570
0.012531
0.113279
0.033926
0.059313
0.023318
0.020953
0.016981
0.046165
0.002344
0.102610
0.014493
0.064291
0.125641
0.103373
0.070140
0.048972
0.029016
0.010784
0.482356
0.010486
0.027542
0.022424
0.054723
0.011903
0.385836
0.016463
0.053174
0.071928
0.092094
0.078566
0.296466
0.033279
0.082753
0.023008
0.049401
0.156655
0.091849
0.109809
0.010168
0.170898
0.272089
0.033272
0.033894
0.090277
0.112021
0.082291
0.082558
0.049765
0.134825
0.011050
0.106684
0.062503
0.059329
0.037399
0.163900
0.048637
0.018339
0.099778
0.022506
0.171142
0.037286
0.001521
0.250265
0.655653
0.157348
0.076211
0.010359
0.051335
0.020958
0.077015
0.364805
0.018958
0.094886
0.089726
0.200844
0.043374
0.004613
0.090790
0.063819
0.023605
0.045521
0.010232
0.034797
0.065228
0.042955
0.016974
0.011856
0.213115
0.015880
0.040620
0.034454
0.025581
0.015584
0.033904
0.069771
0.112920
0.027124
0.068024
0.376701
0.042509
0.013139
0.091434
0.023244
0.066267
0.067454
0.009811
0.011042
0.066353
0.151556
0.035763
0.600553
0.038906
0.045238
0.034541
0.103361
0.171821
0.414709
0.036290
0.068589
0.204374
0.063288
0.048594
0.036926
0.134412
0.036168
0.030651
0.217923
0.055615
0.033295
0.231548
0.073449
0.061408
0.310011
0.175244
0.073695
0.054940
0.161519
0.016958
0.057398
0.144250
0.014984
0.009528
0.016351
0.067329
0.013149
0.034380
0.103703
0.135641
0.018172
0.027122
0.006518
0.020939
0.083875
0.031559
0.027205
0.018784
0.068351
0.147575
0.058044
0.048961
0.011817
0.020759
0.135672
0.003878
0.270949
0.048320
0.072286
0.017855
0.097027
0.034169
0.104480
0.141508
0.094282
0.213705
0.009488
0.185330
0.030398
0.021439
0.214975
0.016916
0.072378
0.004359
0.089397
0.068176
0.068985
0.055662
0.066914
0.038469
0.010743
0.002351
0.126639
0.025608
0.027222
0.103208
0.123509
0.068546
0.009595
0.011951
0.010404
0.038836
0.071392
0.415113
0.038310
0.011908
0.014887
0.188110
0.064855
0.036415
0.069937
0.034746
0.111900
0.140273
0.102099
0.060010
0.023845
0.026012
0.092887
0.132515
0.118450
0.083398
0.012544
0.040454
0.024100
0.021695
0.069030
0.010595
0.036745
0.123715
0.101480
0.010255
0.004537
0.057378
0.040358
0.060024
0.023610
0.017585
0.154313
0.064811
0.031327
0.073442
0.133026
0.036926
0.081729
0.023712
0.041846
0.111326
0.010645
0.037476
0.047222
0.026892
0.115267
0.110409
0.007374
0.049352
0.077322
0.027456
0.032362
0.098030
0.002771
0.062983
0.181468
0.005700
0.013677
0.027831
0.056910
0.252636
0.051268
0.010319
0.012448
0.061277
0.023956
0.013118
0.043631
0.371837
0.103783
0.025465
0.046470
0.061963
0.047751
0.387936
0.098177
0.265619
0.042326
0.319235
0.114574
0.008431
0.069778
0.134242
0.038464
0.024332
0.007789
0.040188
0.023298
0.080461
0.017943
0.253749
0.037287
0.043754
0.134249
0.032281
0.027657
0.019899
0.077705
0.146779
0.008960
0.016027
0.257814
0.032087
0.047304
0.097379
0.010698
0.028813
0.025964
0.122614
0.048009
0.126425
0.035343
0.063644
0.017314
0.065479
0.084157
0.155050
0.012196
0.006551
0.086635
0.624800
0.030114
0.031697
0.026998
0.017723
0.014015
0.019473
0.017189
0.012688
0.117756
0.048740
0.310912
0.031393
0.010168
0.026203
0.034908
0.030577
0.309203
0.026244
0.033777
0.062122
0.011238
0.380175
0.023306
0.384116
0.074389
0.212889
0.125307
0.064567
0.106991
0.017824
0.157871
0.166743
0.066983
0.021336
0.025015
0.013736
0.010257
0.122567
0.050947
0.058062
0.057766
0.028450
0.025102
0.021092
0.086278
0.021651
0.082801
0.093901
0.029644
0.070892
0.070410
0.037351
0.035812
0.014722
0.022183
0.065193
0.056015
0.466057
0.031931
0.008049
0.006123
0.033021
0.225985
0.046902
0.307780
0.047095
0.086518
0.104231
0.041894
0.023746
0.064996
0.019113
0.055019
0.041173
0.025843
0.318535
0.031318
0.118341
0.151558
0.049692
0.341332
0.296802
0.145392
0.037751
0.011640
0.033082
0.018716
0.016241
0.196729
0.318545
0.033092
0.009499
0.038362
0.061894
0.018614
0.082028
0.018650
0.068286
0.036331
0.113526
0.101928
0.060959
0.350232
0.120734
0.212396
0.041421
0.283637
0.116748
0.041748
0.048825
0.037008
0.067069
0.018280
0.057720
0.156530
0.099467
0.075599
0.001012
0.014211
0.068334
0.209024
0.987260
0.105147
0.044789
0.085514
0.011533
0.048799
0.023261
0.098140
0.026790
0.083295
0.019427
0.395639
0.012031
0.029685
0.036050
0.032171
0.147963
0.123621
0.013246
0.005712
0.006042
0.019222
0.091878
0.054240
0.230974
0.020533
0.015509
0.045299
0.020376
0.445138
0.047179
0.041449
0.153666
0.061687
0.033736
0.003433
0.016488
0.080490
0.025529
0.015745
0.136569
0.112875
0.021411
0.070156
0.022262
0.031576
0.019344
0.015885
0.064971
0.277708
0.085114
0.041975
0.110933
0.011354
0.135950
0.078422
0.151009
0.009548
0.026296
0.019740
0.099670
0.067954
0.039371
0.055396
0.043768
0.009654
0.023521
0.060603
0.027855
0.045066
0.257564
0.013876
0.065175
0.074097
0.004050
0.099765
0.071174
0.114390
0.044409
0.123673
0.026571
0.089012
0.039493
0.098774
0.008285
0.025836
0.099069
0.041865
0.067507
0.157169
0.017099
0.199579
0.229429
0.100767
0.060403
0.032155
0.048583
0.084296
0.273111
0.016809
0.031251
0.046704
0.068961
0.023290
0.026976
0.013896
0.057102
0.098873
0.044923
0.143004
0.204171
0.038506
0.286416
0.070678
0.019816
0.089972
0.028073
0.034725
0.026621
0.046724
0.104600
0.112822
0.028360
0.043692
0.060641
0.068064
0.173716
0.015096
0.126073
0.035364
0.009985
0.025947
0.021240
0.071715
0.066213
0.102009
0.191749
0.047662
0.065441
0.007762
0.144221
0.030993
0.200187
0.254520
0.032686
0.150119
0.055908
0.003562
0.061311
0.211965
0.408845
0.071519
0.013784
0.059815
0.022596
0.049435
0.107830
0.221426
0.051752
0.011201
0.018775
0.014160
0.056062
0.082075
0.005552
0.065085
0.063107
0.084625
0.015558
0.139489
0.070051
0.125585
0.031710
0.044038
0.020875
0.024864
0.127614
0.011061
0.033734
0.044574
0.062810
0.033775
0.029332
0.150082
0.049102
0.027140
0.054265
0.023046
0.085078
0.579015
0.054539
0.047443
0.003575
0.046739
0.011144
0.004252
0.012785
0.045833
0.023802
0.070444
0.039077
0.038278
0.014592
0.006791
0.043497
0.158516
0.019752
0.017154
0.049211
0.066071
0.023832
0.054395
0.100765
0.009500
0.029356
0.122065
0.133605
0.221285
0.130810
0.081252
0.040692
0.055770
0.015340
0.064765
0.019814
0.039114
0.008351
0.051310
0.022939
0.050758
0.049299
0.021750
0.032285
0.077309
0.682872
0.009238
0.058310
0.009885
0.149979
0.005549
0.090416
0.099176
0.080706
0.184109
0.069175
0.009003
0.084372
0.033032
0.105057
0.492462
0.072462
0.165368
0.023127
0.470951
0.031070
0.098414
0.129520
0.098331
0.013730
0.057636
0.034021
0.093771
0.013396
0.206742
0.129203
0.062063
0.012444
0.446941
0.062970
0.015026
0.094838
0.105113
0.013030
0.561032
0.015385
0.020925
0.041033
0.243791
0.004661
0.055914
0.067073
0.032863
0.111807
0.052107
0.035166
0.064050
0.010971
0.089319
0.178304
0.033351
0.116836
0.177224
0.007728
0.746710
0.207591
0.010432
0.080933
0.191481
0.050665
0.060419
0.071284
0.015557
0.037086
0.098208
0.033443
0.056009
0.042285
0.046523
0.084333
0.131496
0.221994
0.013030
0.067137
0.351658
0.025215
0.045990
0.023727
0.115780
0.028487
0.040569
0.103721
0.010376
0.029308
0.031334
0.031916
0.019839
0.055231
0.034498
0.032469
0.289152
0.026147
0.113693
0.025156
0.072402
0.235304
0.093922
0.008670
0.041765
0.012625
0.016532
0.009244
0.019630
0.078197
0.008568
0.097745
0.023096
0.102370
0.289378
0.129161
0.020329
0.098540
0.036660
0.102434
0.023778
0.005899
0.167504
0.223693
0.118035
0.048484
0.096577
0.383689
0.049061
0.039229
0.014448
0.084403
0.021414
0.082280
0.029400
0.061856
0.073958
0.097335
0.016441
0.062802
0.040650
0.019725
0.028568
0.160924
0.056990
0.105595
0.157773
0.317464
0.051269
0.065474
0.037580
0.048561
0.017732
0.431043
0.019753
0.031811
0.049654
0.010630
0.088816
0.441748
0.032921
0.056263
0.031809
0.009308
0.132005
0.024691
0.067322
0.029399
0.016588
0.046333
0.032022
0.073154
0.123544
0.077476
0.028750
0.098958
0.157388
0.111643
0.095372
0.016239
0.020101
0.032595
0.021498
0.047947
0.114433
0.224415
0.080283
0.008199
0.021326
0.019434
0.008768
0.359532
0.054921
0.079299
0.056041
0.023635
0.918969
0.038213
0.101948
0.010498
0.011678
0.086508
0.018077
0.009518
0.029657
0.024746
0.083794
0.032728
0.053312
0.013032
0.089371
0.050994
0.011767
0.045020
0.021419
0.091551
0.037784
0.031943
0.013058
0.093096
0.109273
0.039224
0.189684
0.020213
0.026103
0.302097
0.014690
0.022268
0.163696
0.016360
0.064823
0.071693
0.261994
0.083127
0.072122
0.009307
0.078103
0.015027
0.006305
0.182366
0.020867
0.021077
0.045724
0.040697
0.024816
0.053223
0.026623
0.077559
0.117784
0.024198
0.067882
0.049301
0.108374
0.059384
0.016788
0.064710
0.012244
0.097873
0.057042
0.081280
0.018030
0.025085
0.056364
0.137782
0.026661
0.114796
0.008495
0.745469
0.009952
0.044937
0.284834
0.109027
0.026891
0.075104
0.015842
0.064017
0.078995
0.140094
0.146133
0.205529
0.022032
0.055050
0.196020
0.059837
0.285110
0.037442
0.346441
0.360322
0.028090
0.029815
0.047587
0.027524
0.033745
0.008087
0.050832
0.055435
0.026413
0.018265
0.141020
0.009414
0.010749
0.048730
0.087551
0.033867
0.086803
0.094740
0.012892
0.131877
0.034279
0.440626
0.036664
0.017364
0.031052
0.086616
0.013084
0.017087
0.021623
0.010266
0.015559
0.057332
0.023830
0.153201
0.095167
0.019415
0.114452
0.104647
0.005876
0.250668
0.022337
0.023694
0.070991
0.071187
0.203284
0.047227
0.051777
0.064942
0.154043
0.012189
0.098069
0.104202
0.037945
0.057836
0.054306
0.251659
0.003143
0.099638
0.022035
0.041830
0.023241
0.236494
0.026575
0.036424
0.335590
0.211593
0.039106
0.764347
0.083318
0.063821
0.013832
0.145599
0.032344
0.035320
0.478911
0.090947
0.044072
0.126161
0.027090
0.043498
0.031819
0.043452
0.062810
0.033872
0.021862
0.021228
0.066325
0.016233
0.066107
0.055487
0.168869
0.115120
0.036308
0.059215
0.039703
0.008565
0.042609
0.196297
0.063286
0.061434
0.003139
0.010039
0.046515
0.107884
0.068868
0.131415
0.124189
0.033370
0.026742
0.031647
0.011919
0.304673
0.044590
0.023408
0.079628
0.012607
0.011155
0.021885
0.064940
0.023129
0.051020
0.013678
0.025910
0.015343
0.020181
0.027021
0.272512
0.047673
0.004035
0.030449
0.038342
0.023910
0.051359
0.387326
0.149420
0.062597
0.019859
0.104493
0.144829
0.297650
0.221247
0.073240
0.028793
0.012257
0.051198
0.085370
0.028369
0.091770
0.017403
0.049829
0.076223
0.007222
0.223765
0.007586
0.079244
0.213084
0.401758
0.040336
0.054653
0.064944
0.092061
0.010991
0.332867
0.061275
0.053389
0.112221
0.071724
0.024818
0.136050
0.025680
0.127809
0.021234
0.060677
0.020173
0.051996
0.012484
0.006226
0.214333
0.018756
0.018716
0.081345
0.060292
0.014306
0.106704
0.060045
0.047638
0.143603
0.053121
0.048624
0.070202
0.057698
0.146725
0.003695
0.021161
0.004896
0.097734
0.055553
0.106698
0.013424
0.000857
0.026739
0.073616
0.082660
0.249321
0.040991
0.024269
0.117736
0.264680
0.107041
0.094832
0.147180
0.040428
0.058035
0.068428
0.090056
0.102584
0.021753
0.045031
0.075646
0.084239
0.019326
0.023004
0.052211
0.048882
0.017452
0.013240
0.039985
0.396465
0.098536
0.049133
0.019401
0.049158
0.083830
0.009972
0.024707
0.078445
0.010651
0.026047
0.010909
0.121153
0.060683
0.107580
0.070762
0.063770
0.020370
0.133372
0.054995
0.024328
0.052357
0.192559
0.028813
0.068930
0.087389
0.009759
0.069087
0.066178
0.021095
0.056972
0.060252
0.230169
0.020140
0.020690
0.008332
0.037772
0.167469
0.045374
0.044206
0.029501
0.028858
0.001218
0.034912
0.145055
0.024690
0.217604
0.152748
0.018631
0.056894
0.019117
0.034576
0.043297
0.032676
0.297392
0.025470
0.424558
0.112475
0.045292
0.092300
0.019113
0.171734
0.050440
0.052529
0.133281
0.031710
0.007716
0.033449
0.056944
0.086643
0.081533
0.030671
0.117561
0.009543
0.155640
0.038411
0.011025
0.429024
0.074196
0.147103
0.049421
0.183276
0.013819
0.039841
0.072582
0.110632
0.187337
0.036361
0.026009
0.158801
0.047087
0.066209
0.146386
0.024679
0.035939
0.018256
0.004074
0.021741
0.136432
0.052749
0.059466
0.032428
0.008411
0.073855
0.173714
0.125733
0.058669
0.135937
0.080782
0.011422
0.023337
0.108428
0.123637
0.054581
0.041622
0.145771
0.016467
0.009022
0.107172
0.027832
0.013015
0.033080
0.075121
0.026457
0.008605
0.165139
0.011306
0.142214
0.092808
0.042285
0.045533
0.048738
0.234788
0.010340
0.022618
0.138644
0.299004
0.172483
0.065633
0.014231
0.024106
0.268511
0.019536
0.052641
0.019774
0.077994
0.058267
0.036337
0.014868
0.096850
0.017280
0.055319
0.090737
0.125569
0.111971
0.058320
0.042125
0.092177
0.027323
0.048088
0.057836
0.016584
0.065551
0.130661
0.019348
0.072680
0.041342
0.022248
0.079757
0.082925
0.026728
0.065070
0.018981
0.030590
0.090543
0.037842
0.031806
0.019985
0.104389
0.033681
0.111778
0.092639
0.470156
0.033030
0.128664
0.031206
0.131953
0.022967
0.420539
0.088916
0.186152
0.026461
0.089477
0.056599
0.007201
0.077809
0.094322
0.017472
0.017963
0.089557
0.087362
0.024429
0.289829
0.037366
0.012639
0.265303
0.002275
0.016700
0.089155
0.015331
0.075831
0.075050
0.005770
0.078023
0.034581
0.013295
0.114057
0.077963
0.039902
0.149835
0.028020
0.741306
0.044597
0.110829
0.026763
0.042397
0.132450
0.019581
0.048015
0.008456
0.043611
0.058502
0.277716
0.131319
0.036360
0.052899
0.047449
0.027161
0.028588
0.078132
0.096472
0.069608
0.134108
0.007225
0.012265
0.019869
0.052499
0.014083
0.062252
0.161308
0.035027
0.060651
0.034258
0.168076
0.036442
0.071897
0.243456
0.057001
0.053927
0.053009
0.033463
0.117923
0.004859
0.036363
0.004607
0.356803
0.181417
0.055786
0.373399
0.081045
0.047449
0.105883
0.011551
0.113767
0.263668
0.083273
0.028779
0.162749
0.088466
0.037852
0.171223
0.333017
0.037180
0.143323
0.056442
0.072658
0.117311
0.117351
0.036241
0.021475
0.026313
0.072662
0.168085
0.022622
0.097423
0.218171
0.118638
0.056937
0.152570
0.032281
0.070925
0.180086
0.015141
0.009037
0.046653
0.050461
0.051791
0.045296
0.043895
0.086286
0.066492
0.139822
0.081138
0.128858
0.115643
0.057663
0.031619
0.034475
0.067317
0.035456
0.105088
0.106347
0.020821
0.012399
0.142900
0.093662
0.288348
0.025414
0.015615
0.032246
0.106062
0.080456
0.024992
0.020361
0.071509
0.027309
0.334369
0.082353
0.106387
0.039809
0.055648
0.199601
0.013358
0.024324
0.090932
0.045077
0.043022
0.077146
0.311766
0.125850
0.006622
0.635562
0.215313
0.135291
0.166877
0.054430
0.106892
0.029671
0.083874
0.015752
0.035896
0.040581
0.127042
0.106178
0.048198
0.006026
0.111697
0.005665
0.019405
0.026025
0.047957
0.059184
0.040759
0.028103
0.025826
0.044007
0.079971
0.102877
0.069105
0.015301
0.090707
0.011174
0.013793
0.067368
0.197462
0.050934
0.709902
0.053733
0.035003
0.022927
0.034724
0.297433
0.089432
0.031860
0.110403
0.018254
0.079509
0.035206
0.027007
0.051722
0.014650
0.196770
0.025877
0.057492
0.538719
0.120288
0.065487
0.063350
0.026810
0.057857
0.055523
0.144863
0.070911
0.005541
0.064489
0.060047
0.013769
0.030107
0.070398
0.030082
0.037734
0.031588
0.074173
0.700784
0.111166
0.050662
0.026788
0.054257
0.029988
0.013558
0.042002
0.017313
0.046768
0.052213
0.112416
0.013546
0.039454
0.013124
0.034950
0.194894
0.020628
0.089668
0.044656
0.029104
0.011982
0.104534
0.235458
0.071162
0.046197
0.147074
0.035489
0.099874
0.155823
0.006566
0.014384
0.048728
0.161728
0.094839
0.009938
0.063671
0.106375
0.034537
0.043724
0.065406
0.024832
0.023056
0.015148
0.041353
0.060678
0.050027
0.119204
0.043353
0.049124
0.062630
0.028747
0.077164
0.038882
0.011961
0.298713
0.091646
0.027822
0.033308
0.044320
0.051128
0.090488
0.040857
0.162558
0.286126
0.109226
0.003939
0.050825
0.151728
0.008819
0.067874
0.005580
0.034549
0.018658
0.083618
0.032559
0.037494
0.074775
0.051503
0.146430
0.017788
0.077821
0.075208
0.068475
0.266011
0.022133
0.049710
0.052939
0.022676
0.065470
0.421629
0.036174
0.111403
0.142515
0.046587
0.106700
0.041266
0.140163
0.013264
0.015703
0.025943
0.016105
0.086515
0.053791
0.059493
0.008757
0.005836
0.055648
0.005105
0.052143
0.111588
0.200521
0.017655
0.444344
0.040913
0.178560
0.024949
0.051260
0.334845
0.022281
0.029495
0.011162
0.024122
0.038520
0.031597
0.093512
0.031000
0.042259
0.091718
0.369871
0.030245
0.136594
0.020391
0.074498
0.338099
0.056210
0.082994
0.082996
0.057166
0.025888
0.052958
0.286248
0.073646
0.014639
0.111509
0.076392
0.078084
0.185815
0.037969
0.096540
0.029567
0.022900
0.078577
0.046459
0.097656
0.137049
0.146663
0.102187
0.039552
0.212383
0.060864
0.042531
0.010699
0.026307
0.008641
0.218567
0.073722
0.314559
0.015428
0.016738
0.053673
0.033254
0.051703
0.145511
0.019205
0.081978
0.081457
0.017407
0.016566
0.552747
0.521824
0.009692
0.029237
0.011423
0.095012
0.012161
0.123350
0.023632
0.161431
0.077469
0.056817
0.009955
0.048623
0.175505
0.115641
0.176105
0.249055
0.027628
0.024631
0.045909
0.240864
0.006647
0.053747
0.041508
0.159569
0.008383
0.009985
0.048885
0.062063
