154
1.156430
4
91
40
10
1
5047
0.812991
0.688311
-0.212534
0.377304
0.198525
-0.407525
-0.089236
0.326993
-0.323990
0.539732
-0.504470
-0.116558
0.202958
-0.794163
0.148519
-0.431724
-0.514152
0.052843
0.095883
0.194651
0.532976
0.486649
0.320470
0.675097
0.510194
-0.646880
0.452230
0.236651
0.423536
-0.412891
0.735388
0.352153
-0.111263
0.865608
-0.424486
-0.596425
-0.744599
-0.578026
-0.400475
-0.809308
-0.205382
0.022099
0.667013
0.267333
0.077731
-0.340660
0.332354
0.333658
0.420858
0.004037
0.184780
1.000000
-0.206472
0.098996
0.267924
0.856378
0.271997
-0.023121
-0.127523
0.716760
0.031151
-0.855135
0.515465
0.143597
0.953237
-0.617483
0.836083
0.615178
-0.304063
0.142642
0.370930
-0.337911
-0.899377
-0.180749
0.712757
-0.435584
-0.643967
-0.478993
-0.010080
0.515458
0.665552
0.983200
0.637479
0.623580
-0.013346
0.173208
-0.085928
0.842343
-0.110979
1.000000
0.522425
0.313233
-0.072528
0.633238
-0.225577
0.563527
0.565799
-0.329061
-0.977993
-0.142232
-0.492046
0.089715
0.520115
-0.929888
-0.290397
0.134869
-0.412664
-0.960401
-0.302976
-0.767476
0.000862
-0.712978
0.735523
-0.292979
-0.824243
-0.269401
-0.333282
0.294860
-0.555461
-0.376245
0.734628
-0.939340
0.347325
0.461266
0.422932
0.660652
0.652027
0.668837
0.286174
-0.894553
-0.126101
0.215550
0.302679
-0.133523
-0.916605
-0.339765
-0.618005
0.666044
-0.242390
-0.272538
0.172705
-0.086956
-0.586292
0.718935
0.438442
0.003432
0.067461
-0.991838
-0.711010
0.336144
0.390882
0.143853
-0.077051
-0.133322
-0.331690
1.000000
0.577797
-0.461987
0.144651
-0.393840
0.982927
-0.185313
0.023103
0.051294
0.130111
-0.191277
-0.503338
0.091886
0.094224
0.152832
-0.307912
-0.380105
-1.000000
-0.623101
-0.146739
-0.550876
-0.914553
-0.255831
-0.103513
0.341594
1.000000
-0.045973
0.723026
0.055750
-0.397136
0.189694
0.777765
0.284093
0.358634
0.417784
0.818370
0.143366
-0.738584
-0.807885
-0.593481
-0.142926
-0.431493
0.835333
-0.622033
0.682546
0.708311
0.621628
0.150051
0.398660
-0.961116
-0.847071
-0.233280
0.262584
0.254702
-0.614768
-0.471067
0.457997
-0.625620
0.173184
0.191755
-0.419866
-0.197708
-0.532166
-0.753466
0.476810
-0.159322
-0.109277
0.693597
-0.106874
0.559242
-0.625656
-0.132954
0.929385
0.617657
0.665551
-0.030618
-0.805918
0.967611
0.200549
-0.305126
-0.261747
0.548397
-0.188629
-0.394834
0.253180
0.074745
-0.977035
0.862583
-0.352552
0.351601
0.756146
1.000000
-0.524651
-0.941230
-0.688330
-0.723353
0.036976
0.823071
-0.660017
0.137259
0.642286
0.286733
0.770776
-0.625657
0.028273
-0.145499
0.100354
-0.013217
0.438567
-0.855033
-0.884701
0.969798
0.851072
0.594353
-0.741349
-0.286755
-0.443465
0.029354
-0.205768
-0.175518
0.160787
-0.842994
0.840825
-0.157775
-1.000000
0.877188
0.142197
-0.168340
-0.050222
-0.341083
0.170019
-0.444094
-0.926738
0.522410
-0.186835
0.382744
-0.853187
0.078667
0.150328
-1.000000
0.105834
0.553114
-0.566524
-0.531836
0.016905
-0.384614
0.263971
-0.584584
0.952675
0.668971
-0.957246
1.000000
0.250044
0.828389
-0.829402
-0.797699
0.649825
0.329458
-0.168883
-0.003321
0.940884
0.050822
0.126147
0.661205
-0.072128
0.515323
-0.169126
0.503449
0.093986
0.225139
0.069430
-0.369079
-0.040957
0.661671
-0.127848
1.000000
1.000000
-0.023174
0.848521
0.152015
0.936781
0.064783
0.191693
-0.495828
-0.298776
-0.146202
0.575493
-0.608975
-0.653248
0.568214
-0.374128
0.616970
0.200686
0.522878
0.002702
0.038878
0.487600
0.104705
-0.257964
0.187340
-0.234600
-0.960624
-0.349413
-0.914256
0.803186
-0.152877
0.941795
-0.055559
1.000000
0.809790
0.878865
-0.627246
-0.370486
-0.046856
-1.000000
-0.451133
-0.171692
-0.630719
-0.486014
-0.317295
-0.321814
-0.103518
0.390999
0.833052
0.708957
-0.910056
-0.557385
0.210019
1.000000
-0.784402
-0.508672
0.096322
-0.187730
0.694984
-0.806854
-0.851712
-0.223753
0.182944
0.783965
-0.906695
0.936874
0.986287
-0.418440
-0.493067
0.252039
-0.397279
-1.000000
0.518116
0.501599
-1.000000
-0.902637
-0.137630
-0.723891
0.020960
-0.078331
0.079064
0.000234
1.000000
0.672429
0.271463
0.104844
0.150206
-1.000000
0.220407
-0.631117
-0.076294
-0.302906
-0.671631
-0.964012
-0.135786
0.786566
0.950517
0.621968
0.361990
-0.564688
0.288033
0.847301
0.546667
0.157604
0.644511
0.704410
-0.322643
0.500161
0.503444
0.967501
0.473065
0.030015
0.449873
0.117858
-0.633093
0.895173
-0.349404
0.089049
-0.780701
0.101781
-0.106396
-0.999516
0.665334
0.183781
0.410962
0.256878
-0.318099
-0.090939
0.638699
0.700678
0.814908
0.381308
0.282464
-0.044935
-0.136165
0.794878
-0.895731
0.238980
0.494879
0.511094
-0.033941
0.978097
0.642748
-0.302039
0.424221
0.373549
-0.446272
0.028332
-1.000000
0.180334
-0.561873
0.123748
0.313032
-0.066704
0.274875
0.344183
-0.329096
0.020016
-0.276996
0.329271
0.510605
-0.028244
0.384932
-0.716075
-0.709704
0.983467
0.591929
-0.627197
0.335602
-0.849491
-0.131474
-0.710138
-0.201475
-0.068869
0.204807
-0.262161
-0.117421
-0.310109
0.061994
-0.175656
-0.112093
0.759078
-0.251475
0.240356
1.000000
-0.609670
0.179376
-0.454171
1.000000
0.916443
-0.347832
-0.017669
-0.071883
-0.117413
-0.189874
-0.450692
0.517647
0.054997
-0.111332
0.521930
-0.818482
0.231877
0.091903
-0.713429
-0.214371
0.898361
-0.578595
-0.700241
0.670887
-0.050021
0.360335
0.288340
0.978941
0.272720
-0.144053
0.251390
-0.629198
-0.912693
0.290256
0.744625
0.536747
-0.222729
0.343955
-0.985126
0.006462
-0.416050
0.330180
0.037473
-0.918991
0.043790
-0.209921
-0.478374
-1.000000
0.161384
-0.058442
0.424373
0.221649
0.515624
-0.133129
0.013907
0.430701
0.678523
-0.907018
-0.387836
-0.393319
0.926175
-0.277718
-0.773321
-1.000000
0.199178
0.062354
0.200504
1.000000
-0.041751
-0.671060
0.090200
0.461344
-0.251909
0.422474
0.044226
0.477377
-0.441149
-0.234249
-0.419648
-0.695764
0.778750
-0.201696
-0.285312
0.036641
0.108322
-0.141173
-1.000000
0.914362
0.297677
-0.859915
-0.736694
-0.217249
-0.040267
-0.647604
-0.924988
0.578242
0.105810
-0.689548
0.534724
-0.294041
0.086278
-0.082775
0.043509
-0.205759
0.505462
-0.472262
-0.093248
0.847142
-0.229725
-0.362547
0.386792
-0.062731
-0.187304
0.224297
-0.275509
-0.633250
-0.786245
0.498257
1.000000
0.225748
-0.753866
0.383700
-0.393131
-1.000000
0.153451
0.592757
-0.239453
0.848171
-0.829128
0.345807
1.000000
0.312451
-0.685647
0.019700
-1.000000
0.050238
-0.683383
-0.493379
0.114076
0.837526
-0.652165
-0.135120
-0.617335
-0.265890
-0.041918
0.775866
0.583461
0.889425
-0.797633
-0.377140
-0.224541
0.005622
0.115860
-0.640804
-0.923587
0.989852
0.454637
-0.910313
0.207551
-0.492953
0.327369
-0.822835
-1.000000
0.726401
-0.828494
-0.229546
-0.245516
0.000011
-0.312548
-0.580538
0.666163
-0.553468
-0.271847
-0.059352
-0.174817
-0.923740
0.478337
0.155451
-0.226490
-0.911704
1.000000
0.758806
-1.000000
0.909789
0.298450
-0.887503
-0.390057
0.413669
-0.575214
-0.784862
0.756158
1.000000
-0.525469
0.370950
-0.660600
0.782202
-0.344168
0.766919
1.000000
-0.605747
0.787953
-0.473602
-0.239449
0.028819
-0.405568
0.417363
-0.517372
-0.072598
0.089628
0.311156
0.170862
-1.000000
0.537122
-0.135985
0.113166
0.283069
-0.701804
0.401780
-0.124814
0.296473
-0.323032
0.756723
0.008528
0.658104
-0.358991
0.298028
-1.000000
0.336503
0.327782
-0.922016
0.120824
0.123920
0.302832
0.677085
-0.486295
0.151495
-0.423736
-0.159139
0.506272
-0.202489
0.013876
0.176501
-0.412173
-0.370666
0.115520
-0.447452
0.537726
0.243539
0.166581
-0.534286
-1.000000
-0.882456
-0.183814
-0.684487
0.125195
-0.719025
0.116161
-0.580982
0.655262
0.346854
-0.067587
-0.248841
0.613511
-0.938139
0.365162
-0.102240
-0.486458
0.240046
-0.653554
-0.659659
0.358002
-0.230265
-0.319056
0.270076
0.385132
0.134848
-0.596704
-0.061589
-0.708322
-0.257038
-0.648724
0.559943
-0.000145
0.976820
0.818124
0.913321
-0.040692
0.170608
-0.176415
0.170885
-0.634436
0.691145
-0.368019
-0.475841
-0.168932
-0.832957
0.158110
-0.670409
0.094749
0.550919
-0.002139
0.095724
-0.514215
-0.429245
-0.025328
0.038574
-0.798321
-0.440697
0.957152
-0.565847
0.429774
-0.142780
0.849112
1.000000
0.794678
-0.619588
-0.141297
-0.136537
-0.114947
0.090697
0.225976
-0.301600
-0.524085
-0.339476
-0.421182
-0.572963
-0.056929
0.769548
-0.508124
0.137599
-0.555232
-0.963254
0.542959
0.625088
-0.579732
-0.517244
0.511777
0.109429
-0.265721
-0.539720
-0.523911
-0.378627
0.552421
-0.254792
-0.031207
-0.398298
-0.005416
0.257404
-1.000000
-0.009587
-0.016470
0.355662
-0.288241
-0.190021
0.305422
-0.570740
0.407439
0.197632
0.857273
0.582816
0.178842
0.342125
-0.096044
-0.412310
0.133627
-0.082137
-0.090087
-0.899242
-0.817872
-0.134393
0.152806
-0.105660
-0.684492
1.000000
0.394488
0.127329
0.330221
0.263370
-0.972477
0.804596
-0.008327
-0.688253
-1.000000
0.217430
0.168871
0.358831
-0.289599
-0.571081
0.736461
0.263741
0.412165
-0.279450
-0.326020
0.272168
0.076885
0.527577
0.296698
0.031456
-0.202184
0.379103
0.040719
-0.528408
-0.585755
-0.428426
-0.827312
-0.198037
0.169539
-0.829548
-0.866219
-0.043033
0.486721
0.592337
-0.002166
0.906073
-0.430532
-0.789771
-0.705524
0.343744
0.716783
-0.175238
0.881018
1.000000
0.190605
0.045455
0.161228
0.299863
0.068213
-0.788606
0.800618
0.129823
0.980679
-0.201735
-0.378460
0.029948
0.007056
-0.568789
-0.132742
0.162432
-0.522760
-0.449791
-0.310490
-0.496367
-0.046472
-0.185977
0.554647
0.750235
-0.125277
0.002986
-0.006806
0.012013
0.090001
-0.586856
-0.483617
0.232148
-0.256811
0.351402
0.831078
-0.358672
0.484968
-0.783771
0.047519
0.420546
-0.134649
-0.959474
-0.238676
0.224893
0.559773
-0.880122
-0.294701
-1.000000
0.108721
0.575193
0.028667
-0.079790
0.923784
-0.492915
0.734319
-0.531583
-0.910879
1.000000
0.109467
-0.591921
-0.245074
1.000000
-0.129063
0.778235
-0.301049
-0.764093
0.899248
-0.458856
1.000000
-0.878724
0.728290
-0.404952
-0.897013
-0.615081
0.286626
-0.494587
-0.858571
-0.542921
0.285873
-0.608745
1.000000
0.172773
0.752801
-0.929542
0.045199
-0.623170
0.588900
-0.768408
-0.339054
-1.000000
-0.299317
0.846797
-0.356450
0.111494
-0.050846
-0.087463
0.324772
0.797751
0.414916
-0.066900
0.509036
0.638105
-0.433638
0.258241
-0.873322
0.918902
-0.036486
-0.160931
-0.076685
-0.712168
0.204030
0.277579
0.267862
0.052065
-0.828629
-0.099424
0.213328
0.525590
0.966532
0.908594
-0.655332
1.000000
0.639091
-0.057105
-0.633319
-0.490852
-0.386760
-0.305326
0.343218
0.219278
-1.000000
-0.154799
-0.531126
-0.969169
-0.569650
0.940412
-0.174464
-0.134033
-0.320509
0.870412
0.123722
0.448145
0.020481
-0.447642
0.352535
-0.760412
-0.412387
0.608622
0.501505
-0.380590
0.120733
-0.544965
0.951339
0.498588
-0.063042
-0.581923
-0.230596
0.784292
0.480846
1.000000
0.422751
-0.093271
0.691500
-0.024611
0.125220
0.178259
-0.889849
-0.210785
0.401618
-0.822230
0.696231
0.196436
-0.411190
-1.000000
-0.616152
-0.963946
0.873001
-0.574853
0.075513
-0.873211
-0.278080
-0.624206
-0.102773
-0.908927
-0.799254
-0.297163
0.518408
0.026141
-0.977512
0.690419
-0.321942
-0.905714
0.751306
-0.176217
0.338761
0.579104
-0.865497
-0.025778
-0.016793
-0.974148
0.206612
0.479855
0.715353
0.685204
-0.235790
0.152783
0.174665
-0.448705
-0.905524
0.477912
0.163013
0.807271
-0.243099
1.000000
0.118233
-0.489065
-0.398416
0.693714
-0.547095
-0.967111
-0.061625
-0.436200
0.129890
-0.110857
-0.141001
-0.848252
0.295535
-1.000000
0.872274
0.574458
0.056244
-0.651239
-0.335953
0.501848
0.861066
0.611481
0.094547
-0.342039
0.507016
-1.000000
-0.707188
0.034036
0.842132
1.000000
-0.662294
-0.234463
0.097382
-1.000000
-0.172553
0.126280
-0.241507
-0.952590
-0.485679
-0.193796
-0.609531
-0.054471
0.074994
-0.357120
-0.787193
0.067100
0.359138
0.649248
-0.140488
-0.827552
0.476038
-0.628804
-0.204959
0.015962
0.076267
-0.488759
0.312565
0.577591
0.192410
-0.036538
0.277580
-0.597873
0.417820
-0.966604
-0.141225
0.339454
-0.771465
0.103494
0.926509
0.067571
-0.405485
-0.405801
-0.633571
-0.757996
-0.065210
0.668687
0.385891
-0.093127
-0.251680
0.990690
0.085213
0.129078
0.201436
0.518294
-0.127437
0.197345
0.331184
-0.524085
-0.284439
0.272809
0.503810
0.589101
0.071137
0.327864
0.320489
-0.322469
0.090809
0.454512
-0.180815
0.540942
0.122002
0.511429
-0.213734
-0.820860
0.424885
0.838673
0.558129
-0.647999
-0.140673
0.818179
-0.444551
0.380116
-0.063303
0.505793
0.350436
-0.261393
0.091009
-0.669167
-0.460008
-0.118496
-0.531941
0.511408
-0.038263
0.980480
-0.196410
0.517589
0.776148
0.513946
-0.606814
-0.028870
-0.784505
-0.521543
0.719512
0.044424
-0.614444
-0.321252
0.088912
-0.853054
-0.732628
0.512566
0.398238
0.364771
-0.840340
-0.641320
0.723189
-0.811656
-0.159981
0.386673
0.049356
-0.206376
-0.316961
-0.244913
-0.477817
0.238408
-1.000000
0.147526
0.480395
-0.249966
-0.405798
0.155145
-0.155659
0.193776
-0.071630
1.000000
-0.288129
0.462892
0.185074
-0.173196
-0.190450
0.004790
-0.232984
-0.902566
0.137501
0.226428
0.798351
0.613206
0.968790
-0.691046
-0.199400
-0.787927
-0.878732
0.415091
0.334825
0.517231
0.069282
0.155056
-0.177242
-0.616125
-0.368337
0.434554
-0.530536
-0.382922
0.075407
-0.339212
-0.444797
-0.235114
0.408117
-0.228349
-0.350737
0.076204
1.000000
0.453160
0.074437
0.164004
0.405331
0.407117
0.135741
-0.133667
-0.010130
-0.187197
-0.539245
0.050490
-0.345259
0.118424
-0.754347
0.227873
0.247889
0.230656
0.051864
0.070752
-0.461326
-0.078213
0.248004
-0.382832
-0.098642
0.394191
-0.443751
-0.607798
-0.806076
-0.347015
-0.041320
0.410197
1.000000
0.476891
0.388651
0.016932
0.228306
-0.410254
0.846350
-0.281357
-0.364559
0.032779
-0.937373
-1.000000
-0.090495
-0.402421
-0.196230
-0.216826
-0.340004
-0.483784
0.090798
-0.359310
-0.190075
0.041297
0.592057
-0.680967
0.467844
-0.348632
0.965713
0.693632
-0.140421
1.000000
-0.662431
0.467331
0.077353
0.122049
-0.161986
-0.422006
0.717685
0.335815
-0.017326
-0.741882
0.428379
0.825034
0.025330
-0.482136
-0.338147
-0.612744
-0.513235
-0.774274
-0.452268
0.535454
-0.060431
0.837618
-0.632701
0.689371
0.935123
-0.200978
0.055204
0.278140
0.340033
-0.693974
0.266877
0.251730
-0.640422
0.097953
-0.707837
-0.396915
0.740970
0.201605
0.190828
-0.390944
0.597853
0.428604
0.154736
0.943885
-0.072148
0.497796
-0.045726
0.257964
-0.095124
-0.602844
0.056540
-1.000000
-0.193154
-0.312006
-1.000000
-0.595775
-0.642390
-0.718045
0.219978
-0.566118
0.064908
0.623196
0.303443
0.915817
0.536472
0.892720
0.157688
-0.812060
-0.506263
0.336024
0.100793
-0.725515
0.908269
-0.042880
0.541049
0.365951
-0.357888
0.382959
-0.801434
-0.138590
-0.207373
0.329332
0.268316
-0.074810
0.684935
-0.864906
0.464468
0.752565
0.506528
-0.047809
-0.722347
0.500276
0.317067
0.319495
0.064810
-0.560823
0.493315
0.778566
-0.448631
0.361020
0.167538
0.263585
-0.336903
-0.684913
-0.153791
0.083814
-0.120054
0.754362
-0.688526
-0.647521
0.387561
0.107739
-0.425509
-0.881025
-0.338416
0.888978
0.527971
0.253499
-0.887255
1.000000
-0.312666
0.028367
0.176851
-0.332348
0.391811
0.368015
0.084421
1.000000
0.303795
-0.776128
-0.537878
0.138510
0.112132
-0.263199
0.008540
-0.437914
-0.674131
0.194557
0.798435
-0.080997
0.326413
-0.078777
-0.650308
-0.276582
0.263224
-0.918940
-0.993455
-0.036602
-0.831094
0.066001
0.428576
-0.185515
0.916660
-0.665567
0.188019
0.024591
0.149673
-0.577462
-0.378264
0.117648
0.640799
-0.989664
-0.661777
-0.519938
-0.212599
-0.418047
0.762608
1.000000
0.237116
-0.982677
-0.259561
-1.000000
0.068527
-0.080882
-0.483590
0.668939
-0.229234
0.018009
-0.145182
0.882294
0.905513
0.009880
0.109819
0.373621
0.777258
0.092768
-0.039738
-0.020457
0.169047
-0.287594
-0.211790
0.675455
-0.101160
1.000000
-0.709615
-0.050065
-0.698122
-0.413321
-0.052355
1.000000
0.555262
-0.593365
-0.041442
0.711407
-0.019271
0.474459
0.048892
0.414617
0.526057
-0.683347
0.380903
-0.229796
0.162254
-0.166333
0.853257
0.872285
0.373647
0.500918
-0.451533
0.098729
-0.131510
0.344333
0.656976
0.033810
-0.704803
0.863658
-0.032482
0.317217
-0.674907
0.352279
-0.409736
-0.213458
0.969716
0.611061
0.002073
-0.203101
-0.107844
0.389175
-0.331973
-0.279620
0.461432
0.645703
0.396523
-0.710974
0.201041
0.760386
0.183448
0.406061
-0.006711
-0.906229
0.665001
0.346711
0.766163
0.102979
-0.135347
-0.054832
-0.494676
0.699735
0.837164
0.213697
0.779922
-0.459363
-0.012862
-1.000000
-1.000000
0.717904
-0.064017
0.415109
-0.153962
0.220789
0.714473
0.492952
0.201592
-0.462317
-1.000000
0.827482
0.989280
0.164747
-0.081161
0.635529
-0.845515
1.000000
-0.247079
-0.032327
-0.621780
0.345403
-0.720862
-0.402278
-0.554514
-0.584361
-0.483264
-0.044401
-0.179644
0.137031
-0.314735
0.085378
0.321077
0.041845
-1.000000
-0.272867
-0.134326
-0.725518
0.038566
-0.056918
0.841918
-0.127721
-0.706025
0.014893
0.364422
-0.003180
-0.374285
-0.196358
0.458714
0.743436
0.133331
-0.590761
-0.280760
-0.380454
1.000000
0.242818
0.342990
-0.046295
0.208534
-0.162474
0.066935
-0.752072
-0.181418
0.855171
0.923976
0.115561
-0.307957
0.223073
-0.316663
0.881685
0.603525
-0.503386
1.000000
-0.845291
-0.284337
-0.324646
-0.761576
-0.728921
-0.808570
-0.026963
-0.447950
0.020710
0.834415
0.739946
0.541502
0.031748
-0.639007
-1.000000
-0.362528
0.495232
0.165495
1.000000
0.000424
0.632908
-0.920256
-0.466991
0.603817
-0.249674
0.988971
0.638552
0.199035
0.355084
-0.130142
0.411805
0.783373
0.049468
0.066744
0.759809
0.152530
-0.514917
-0.989917
0.067104
-0.245902
-0.554154
-0.838183
-0.455370
0.003647
-0.322776
-0.919092
0.985842
-0.435575
0.120274
0.013080
-0.090224
-0.683975
0.753068
-0.604437
-0.641475
-0.334949
0.346288
-0.923587
1.000000
-0.264490
0.788328
0.827814
-0.535386
0.645326
0.333751
0.424862
0.575828
0.124328
0.619238
0.190339
0.846205
-0.741248
-0.496076
0.130706
-0.518540
-0.841958
0.985249
0.447322
0.587252
0.483263
0.795515
-0.104368
-0.281515
1.000000
-0.715699
-0.333622
-0.334181
-0.313296
-0.122678
0.405155
-0.354341
-0.971460
0.595291
-0.243751
0.393187
-0.365843
-0.639672
-0.133257
0.600320
-0.654920
0.120557
-0.582523
0.551795
0.067898
-0.671436
0.954053
-1.000000
-0.483805
0.182430
-0.941094
-0.852109
0.159422
-0.079287
-0.322861
-0.399187
-0.819339
0.327358
0.430373
-0.073194
0.319769
-0.675100
-0.396656
0.438976
0.076017
0.035526
-0.799134
-0.669279
0.370943
0.699600
-0.375564
0.941220
-0.694221
0.392545
-0.348127
0.507289
-0.331203
-0.581187
-0.580599
0.092713
1.000000
0.518112
-0.047438
0.442024
0.679690
-0.185679
-0.363690
0.810329
-0.844751
0.366514
-0.347725
-0.777536
-0.109619
0.001287
-0.201507
0.633283
0.043651
-0.380416
0.772529
0.271678
-0.006970
0.320173
-0.055969
-0.362435
0.066809
0.514124
0.181094
0.117523
-0.909787
0.697124
0.191007
0.757311
0.946389
-0.939737
-0.588801
0.611602
-0.888044
-0.063393
0.081117
0.168944
-0.328335
-0.330169
0.152984
-0.813966
0.809481
0.043198
-0.237610
0.535737
0.953266
-0.880950
0.786487
0.025711
0.066274
-0.422755
-0.078559
0.280610
0.950141
-0.228929
0.602171
0.851265
0.530463
-0.372687
0.350932
0.269434
-0.211854
-1.000000
-0.324710
-1.000000
-0.326954
0.596270
0.368362
0.295649
-0.314912
0.291413
-0.753647
0.638089
0.946722
-0.656346
0.106036
-0.305433
0.561434
-0.807577
1.000000
0.304755
-0.142230
-0.581746
0.110463
0.619919
-0.843778
-0.214506
1.000000
0.419203
-0.449624
-0.849846
0.324698
0.470876
-0.809732
-0.595247
0.179500
0.455476
-0.441911
-0.077667
1.000000
0.491289
-0.582564
-0.446169
0.492889
0.042029
-0.162324
0.719739
-1.000000
-1.000000
0.205643
-0.274863
0.166247
-0.227321
1.000000
-0.564752
-0.557300
-0.631642
-0.447411
-0.647025
-0.464289
-0.503203
-0.220217
-0.033000
-0.223194
-0.370202
0.481849
-0.697300
0.178897
1.000000
-0.273842
-0.127675
-0.595615
0.140728
0.260790
0.646370
-0.158474
-0.302342
1.000000
0.001833
-0.046042
0.563886
-0.300725
0.134540
0.324800
-0.245870
0.358137
0.166999
0.622239
0.073418
0.306246
0.680064
-0.289043
0.218165
-0.951422
-0.703096
0.725530
-0.852802
-0.467396
0.146039
-0.542534
0.191839
0.041695
0.079311
-0.109739
-0.590464
-0.170322
-0.381125
0.867793
0.511541
-0.251585
0.780349
-0.749506
0.453058
-0.563280
-0.096905
-1.000000
0.148279
0.092221
0.026206
0.624308
-0.658133
-0.353662
-0.073985
-0.997311
0.517273
0.018632
0.628986
0.062924
0.089876
0.026778
-0.741342
-0.411018
0.396481
0.498977
0.010161
-0.378561
-0.058982
0.254574
0.708214
0.362020
-0.604609
-0.535896
0.466086
-0.412563
0.671198
0.885854
0.254349
-0.947363
-0.364448
-0.052534
0.104525
-0.376128
-0.094644
-0.297182
-0.759044
-0.343421
-0.121314
0.893492
0.865835
0.499954
0.116049
-0.655373
0.703155
1.000000
-0.121799
0.115200
-0.100215
-0.499497
0.104060
-0.196241
0.160318
-0.084285
0.720210
-0.501765
-0.469996
0.418072
0.806103
0.285626
-0.780869
-0.312977
0.091294
-0.895609
-0.592934
0.759238
0.519767
-0.289894
-0.089766
-1.000000
0.041083
-0.303881
1.000000
1.000000
0.671398
0.497290
-0.539425
-0.600553
0.278926
0.087983
0.310089
-0.661653
0.293919
-0.036759
0.284862
-0.413875
0.636519
-0.114503
-0.297792
-0.139632
-0.061051
0.003097
0.717402
0.603517
-0.178806
-0.919232
0.629579
-0.719494
-0.716913
0.010507
0.294950
0.642122
-0.909173
-0.069896
-0.221498
0.035802
0.696795
-0.007763
0.964165
0.041661
-1.000000
-0.616266
-0.067166
1.000000
0.909473
-0.751870
0.235138
-0.119501
0.546182
0.076434
0.238624
-0.124846
0.807083
-0.176209
0.439624
-0.789142
0.553180
-0.208850
1.000000
0.094886
-0.635176
0.512357
-0.618314
-0.715025
0.690074
-0.202090
-0.031728
0.347586
-0.125246
0.415593
0.145375
0.811284
-0.697173
-0.123430
-0.142537
0.404784
0.854851
-0.310974
-0.499215
-0.579229
0.560173
0.499962
0.495122
0.083931
0.652448
0.248386
0.399687
0.189470
0.023258
-0.501242
0.363028
0.584527
-0.160927
-0.539403
-0.323759
0.830379
-0.241391
0.260446
-0.225052
-0.519555
-0.417229
0.113305
0.237670
0.047017
-0.659535
-0.259132
0.353556
0.415862
0.981639
-0.139902
0.127416
-0.063855
-0.001254
-1.000000
0.208920
1.000000
0.270737
-0.503947
0.975211
0.517349
0.420951
0.396171
-0.656464
-0.347598
-0.635208
-0.321230
-0.176043
-0.031067
0.225018
-0.713477
0.338301
-0.568346
0.739357
-0.461900
-0.783686
0.586697
-0.407770
-0.695831
-0.565370
1.000000
0.533866
-0.731615
0.293939
-0.594997
0.856381
0.186829
-0.322073
-0.215092
0.276950
0.718172
0.114451
-0.284721
-0.528131
-0.484162
-0.060731
0.135014
0.040819
0.578008
-0.615790
-0.308324
-0.985026
0.490614
0.400774
-0.281651
-0.105270
-0.291385
0.003228
-0.099384
0.135341
-0.666505
-0.130444
0.174763
-0.295065
0.449126
0.239982
0.367892
0.661474
0.353243
-1.000000
1.000000
-0.146111
0.798452
-0.314690
-0.271642
-0.029154
-0.141894
-0.216093
0.413806
-0.972699
0.031645
-0.292204
-0.423671
0.169953
0.575740
-0.467724
0.154801
-0.060874
0.154167
0.773954
-0.606960
-0.390159
0.235690
-0.802224
0.321560
-0.987944
0.242873
0.044443
-1.000000
-0.376839
0.519225
-0.401169
-0.502521
-0.623406
0.161192
-0.859207
-0.866430
0.272123
0.185980
0.379828
0.619566
-0.287455
0.912900
0.329848
0.472523
-0.748791
0.162295
-0.214214
-0.060872
0.450969
0.792512
0.245633
-0.090954
0.745324
0.010438
-0.413506
-0.592207
-0.334203
-0.164113
0.331863
0.544631
0.180734
-0.537399
-1.000000
-0.084289
0.414284
0.076590
0.297623
0.289477
-0.909143
-0.587990
1.000000
0.624944
-1.000000
0.162342
-0.204008
0.272138
-0.109909
-0.119722
-0.205562
-0.799722
0.800140
-0.052907
0.253527
-0.209849
0.116024
0.455287
1.000000
-0.041936
0.042941
0.097693
-0.984619
0.327617
-0.557799
0.225300
0.619105
1.000000
-0.595280
-0.636887
0.334553
-0.382998
0.859525
-0.029207
0.209781
0.005851
-0.101784
0.489350
0.203572
0.063187
0.045824
-0.394369
-0.674978
-0.893318
0.793003
0.559036
0.591860
0.197630
0.574347
0.507145
0.753073
0.658079
0.409431
-0.062523
-0.598634
-0.017289
0.056669
-0.613139
-0.023729
0.919441
0.838050
0.250910
-0.431000
0.535333
0.817967
-0.067160
0.938140
-1.000000
0.476628
0.207455
0.358400
0.555505
0.126746
0.638341
-1.000000
1.000000
-0.253904
-0.141979
0.790393
0.402318
-0.762444
0.120844
-0.237744
-0.145989
-0.041070
-0.621825
-0.740774
-0.072930
-0.582110
-0.931180
0.237544
0.157563
-0.480526
-0.616772
0.471558
0.384753
-0.316331
-0.114437
-0.039077
0.965323
0.563088
-0.343348
-0.181754
0.710740
-0.765201
0.639130
1.000000
-0.217811
0.397483
0.525391
0.317396
0.722933
0.022263
0.562948
0.301425
-0.012134
0.888142
0.681532
0.983589
-0.030496
-0.577114
0.216155
0.673218
0.623188
-0.669185
-0.298446
0.850541
0.359118
0.123157
-0.944941
-0.079374
-0.164407
-0.685838
-0.153719
-0.341065
0.607801
-0.928189
-0.477422
0.054074
0.221163
-0.217211
-0.043126
-0.375536
-0.626029
-0.087978
-0.235268
-0.183354
-0.025130
0.886840
-0.238523
0.967528
1.000000
-0.348048
-0.585809
0.013511
-0.133999
-0.415247
0.626198
-0.267042
0.672735
0.992455
-1.000000
0.709974
0.390605
0.388529
-0.088058
0.691611
0.443322
-0.164947
0.366590
0.249943
-0.392282
-0.250897
0.259222
0.221252
0.370773
0.580873
0.044828
0.008845
-0.505456
0.233059
-0.146023
0.922710
0.861585
0.005708
-0.203261
-1.000000
0.943405
-0.359053
-0.536075
-0.919305
-0.336494
0.878126
0.673494
0.315604
0.032489
-0.074571
-0.002856
1.000000
-0.079273
-0.258588
-0.066019
0.318847
-0.136483
0.741538
-0.202217
-0.540158
-0.079969
-1.000000
-0.325924
-0.256504
0.132746
-0.185841
0.801412
-0.700459
0.843430
-0.107424
0.013819
0.100583
-0.423264
0.939304
0.253287
-0.430365
-0.205720
0.284896
-0.624963
0.083452
0.536543
-0.274629
0.232836
0.734063
0.099272
0.147767
-0.000881
0.956379
0.443307
-0.328536
-0.146746
0.623462
0.152131
-0.109060
0.843404
-0.065500
0.864020
-0.467375
0.561919
0.296551
-0.068438
0.274522
0.161193
0.163025
-0.990562
1.000000
0.132026
-0.488912
0.620734
-0.142427
0.961860
0.919890
0.898883
0.978314
0.363152
0.909042
0.085375
0.837157
-0.369620
-0.732326
0.138826
-0.388812
0.014440
-0.851858
0.993644
-0.174350
-0.470338
-0.097934
-0.285008
-0.682709
0.381551
-0.615862
-0.583548
0.414603
0.348391
-0.787500
-0.310537
-0.506622
0.877019
0.956779
-0.271841
0.810067
0.551533
0.050613
0.914365
0.223173
0.444582
0.852124
-0.198873
-0.556954
0.588694
-0.062717
0.070359
-0.595721
-0.519806
-0.200397
-0.437229
0.087423
-0.032063
0.511305
0.098659
-0.772128
-0.217942
-0.225849
0.008415
0.794312
0.761593
-0.515224
-0.127798
0.292735
-0.005261
0.261023
0.321426
0.349113
-0.063834
0.128541
0.162661
0.349542
0.830239
-0.019910
0.085347
0.815092
-0.270565
0.328771
-0.491121
0.275701
0.528148
-0.136221
-0.718627
0.250493
0.569195
0.220238
-0.698411
0.046396
0.220204
-0.828360
-0.606363
-0.126204
0.113668
-0.743150
0.562088
0.283194
0.310634
0.744135
0.861482
0.084333
0.874339
0.305534
-0.177974
0.409350
-0.726057
-0.301918
-0.298793
0.089905
0.076742
-0.210619
0.190664
0.574347
0.584018
0.190563
-0.038753
-0.424008
0.549344
0.390958
0.170258
0.467384
-0.701631
0.147760
0.496566
-0.754745
-0.243451
-0.430206
0.185021
-0.691493
0.966982
0.370005
0.394285
0.234936
-0.715436
-0.327629
0.126705
-0.133892
0.552178
-1.000000
0.150009
0.689408
-0.005619
-0.280178
-0.577936
0.474028
-0.100555
-0.728453
0.317585
-0.012135
-0.288505
0.109454
0.335653
-0.840005
0.008125
0.302743
0.555087
0.221784
0.137828
0.557975
0.614214
-0.134177
-1.000000
-0.652684
-0.445642
0.249139
0.913951
0.578684
0.794436
0.600523
-0.120438
-0.895803
-0.872494
-0.829159
0.037134
0.558854
0.092093
-0.396707
-0.383123
-0.855686
0.519520
-0.271890
0.504005
-0.899243
0.210898
0.244927
-0.233248
-0.004693
-0.043305
-0.152389
-0.229554
-0.166901
-0.817219
0.559260
0.226487
-0.210909
0.042357
0.320487
-0.296164
0.825457
0.585953
-0.099717
-0.686637
0.319462
0.021475
-0.282397
-0.739848
-0.180586
-0.041944
0.134562
0.806547
-0.138452
0.188479
0.837353
0.694325
-0.652273
0.285719
0.047137
0.158784
0.178941
0.723216
0.186452
-0.627942
1.000000
0.442673
0.032563
-0.717268
-0.718502
0.924822
0.311589
0.665254
-0.117211
0.516319
-0.315521
-0.394001
-0.495345
0.124562
-0.053962
-0.890755
0.225783
0.056734
0.781159
0.124117
-0.168460
0.530855
-1.000000
-0.179038
-0.193453
-0.030345
0.771884
0.092585
-0.534277
0.671490
-0.665615
-0.187028
0.096721
-0.731756
-0.311113
0.014436
-0.996258
-1.000000
0.674631
0.078500
0.981020
-0.308503
-0.005742
0.835265
0.725512
0.405566
-0.606447
-0.663563
-0.207054
-0.064909
0.534697
-0.562250
0.276322
0.178863
-1.000000
0.522495
-0.820008
0.488965
-0.613273
0.512960
0.410159
-0.142050
-0.691582
-0.038362
0.171877
-0.386384
0.373153
-0.657048
0.391742
0.874646
-0.731366
-0.547701
-0.916843
-0.201032
-0.089604
0.480766
0.662531
-0.944155
-0.756199
0.505695
0.372134
0.099967
0.417051
1.000000
-0.213990
-0.220845
-0.110441
0.302349
-0.097458
0.355444
-0.512660
0.040214
-1.000000
-0.051703
0.395755
0.202654
-0.493569
-0.071930
-0.178901
-0.996050
-0.564150
0.108187
0.061574
0.982277
-0.383052
0.183892
0.544284
0.117850
0.349064
-0.343660
0.550011
0.662226
-0.024485
0.113993
0.328691
-0.227914
0.185509
-0.131258
0.731371
0.682419
-0.726345
-0.165006
-0.054955
-0.500103
0.066748
0.335436
0.611794
0.013417
0.757838
-1.000000
0.330149
0.072380
0.575232
-0.417698
-0.061029
0.667220
0.025229
-0.596351
-0.293480
-0.492994
-0.743699
0.106510
-0.009937
-0.062717
-0.176582
-0.579565
0.252417
0.133742
0.964267
0.470870
0.175308
-0.103900
0.787546
-0.028341
0.456844
-0.114519
-0.171871
0.510274
0.033260
0.026485
-0.348945
-0.233127
0.760516
0.494989
-0.022505
-0.254718
0.184605
0.697612
0.290996
0.650147
0.337913
0.843374
0.660169
-0.426469
0.972265
-0.289563
-0.006332
0.400165
0.901477
0.267062
0.637827
-1.000000
0.249103
-0.316027
0.436184
-0.218621
-0.201766
0.552841
0.760087
0.923815
-0.731734
-0.244111
-0.842960
-0.878722
0.426543
-0.916102
0.724488
0.428677
-0.845789
0.373176
-0.862219
0.388322
-0.458519
0.237873
-0.805615
0.542626
0.712922
-0.600423
0.526195
0.516487
0.025646
0.872749
0.123886
0.137646
0.585458
-0.531558
0.519746
0.301573
-0.188970
-0.920236
-0.340590
-0.561051
-0.250601
0.640541
0.814122
-0.330834
-0.364700
0.473648
0.542982
-0.426770
-0.733396
-0.491642
0.650946
0.091704
-0.363493
1.000000
0.674035
1.000000
-0.249093
-0.077715
-0.270250
-0.577031
0.119973
0.693947
0.872263
-0.935294
-0.246973
0.404950
0.267662
0.567257
-0.337951
-0.206543
0.059573
0.008329
-0.132982
-0.682919
0.017543
0.007509
0.285145
1.000000
1.000000
-0.328272
-0.013578
0.035825
-0.531426
0.492649
0.778127
0.845547
0.573302
-0.087854
-0.025887
0.000223
1.000000
-0.853938
-0.113571
-0.817306
0.217423
-0.040420
-0.006223
-0.572597
-0.726786
-0.368967
-0.633611
-0.044537
-0.245182
0.358589
0.147486
0.531507
0.441350
-0.948581
-0.684969
-0.506898
-0.157831
0.091038
-0.455547
-0.971013
-0.110298
0.972415
0.479825
0.030683
0.668153
0.072536
-0.813227
0.197423
-0.309066
0.706119
0.315880
-0.128936
-0.337744
0.055006
0.899292
0.109263
0.861505
0.219797
-0.159992
0.891620
-0.791490
-0.558145
0.027210
-0.134085
0.528011
0.285925
-0.535960
-0.092889
0.085067
0.102303
0.521068
-1.000000
0.368653
-0.292837
0.232722
-0.131344
0.780752
-0.251805
-0.814665
-0.482696
-0.751788
0.354418
1.000000
1.000000
1.000000
-0.447931
0.111157
0.648075
0.313716
-1.000000
0.838819
-0.323001
0.323985
-0.036177
-0.259866
0.869539
-0.269953
-0.605629
0.201736
-0.180709
0.459630
0.546220
-0.666932
-0.077344
0.518499
-0.063232
0.186569
0.405553
0.014979
0.525772
-0.389480
-0.762599
-0.077797
0.322074
0.870698
0.035111
0.037847
0.207573
0.942161
0.253631
1.000000
-0.008989
0.576215
0.627916
-0.053610
-0.356870
-1.000000
0.419816
-0.472285
0.321619
0.234032
-0.977060
0.276404
0.922312
-0.402442
-0.277416
-0.047090
0.010230
0.170718
0.037333
-0.051871
0.814889
0.551854
0.175574
0.643276
0.642623
0.020679
0.684129
0.035620
-0.693885
-1.000000
0.298240
0.710577
0.919003
-0.215681
0.246908
0.771138
0.998007
-0.100491
1.000000
-0.371753
-0.930512
-0.172464
-0.221221
0.857206
-0.947009
0.771690
0.995488
0.562902
0.397173
-0.383469
0.079246
-0.034482
-0.327123
-0.461930
-0.920567
0.230251
0.292907
-0.249539
0.016840
0.853701
0.407560
0.205407
-0.457560
-0.387255
-0.087755
0.669350
0.214131
0.377164
0.133441
0.051475
-0.924704
-0.020339
-0.772895
-0.193638
-0.692882
0.633252
0.868199
0.363213
0.808136
-0.612691
-0.117932
-0.399226
0.202468
-0.791464
0.940528
0.170469
-0.292045
-0.522404
0.264136
0.270354
-0.477816
0.991507
0.089441
-0.036752
-0.540919
-0.575335
0.815212
-1.000000
-0.246283
-0.738770
-0.874935
0.535023
-0.817232
-0.707632
-0.163390
0.172146
-0.702634
0.820559
0.468316
-0.840243
1.000000
0.440457
-0.245764
-1.000000
0.429573
1.000000
-0.195830
-0.560233
-0.486406
-0.665538
1.000000
-0.681462
-0.331163
0.199134
-0.472737
0.120652
0.090633
0.639882
-0.268571
-0.972548
-0.284636
0.132218
0.858423
0.406847
0.041678
0.444781
-0.141803
0.238465
-0.469548
0.336293
0.126273
0.949936
0.363582
1.000000
0.205322
-0.814085
0.871055
0.855954
-0.283635
-0.469284
0.071173
0.430517
-0.070964
0.921863
0.894537
0.770190
-0.176410
-0.386391
-0.483759
0.527389
-0.438322
0.148269
0.038241
-0.948332
0.208881
-0.007022
-0.293545
-0.450575
0.007277
-0.340518
-0.122083
-0.270103
-0.808577
0.612830
0.216123
-0.222498
-0.706520
0.030868
-0.303869
-0.324729
-0.253497
-0.112451
0.301777
0.818991
0.326966
-0.413053
-0.978993
-0.726690
0.647764
0.718157
-0.008758
-0.801531
-0.137868
-0.622440
-0.797003
-0.090853
-0.712551
-0.032478
-0.506773
0.775108
-0.772389
0.561167
-0.119612
0.428583
-0.265614
-0.134835
-0.272294
0.083813
-0.441054
0.353812
-0.017417
0.264844
-0.034262
0.720962
-0.371016
1.000000
-0.459972
-0.502855
0.180817
-0.555911
-0.657002
-0.761457
0.035106
-0.324381
-0.247207
0.221465
0.905018
-0.005260
0.237470
-0.067966
-0.998101
0.293856
0.658261
0.336883
-0.333283
0.610172
-0.438561
-0.495649
0.278321
0.340534
0.917159
-0.708044
-0.115304
-0.072172
0.451953
0.095447
-0.496149
0.410910
-0.284057
0.601539
-0.423459
-0.613689
0.368226
0.174215
1.000000
0.569933
-0.485771
-0.419304
0.615990
0.527060
-0.520742
0.722555
-0.956531
0.619014
0.831068
-0.381434
0.023096
0.754862
0.035579
0.136345
-0.224944
-0.164942
-0.996225
0.351597
-0.245246
-0.418570
1.000000
0.396940
0.685592
-0.023453
-1.000000
0.434084
0.037222
-0.931569
-0.159866
-0.163002
-0.324315
0.194724
0.392480
-0.743737
0.684259
-0.453223
-0.908745
-0.057144
0.874411
-0.333717
-0.560494
0.530824
-0.671439
-0.235561
0.344502
-0.329828
-0.142510
0.306066
0.126146
0.975526
1.000000
0.820026
0.240331
-0.374794
-0.779241
0.531267
0.033393
0.989427
0.643803
0.292837
-1.000000
1.000000
0.083017
0.241527
0.374119
-0.140939
0.753192
0.216975
-0.210167
-0.147434
0.546579
-0.108628
0.002317
-0.552169
0.040751
0.003941
0.384627
-0.165311
-0.968649
0.306267
0.164237
-0.375028
-0.353303
0.796302
-0.290334
-0.501276
0.594042
-0.231773
-0.449854
-1.000000
-0.030248
-0.017638
-0.919847
-0.014214
0.208721
-0.666939
0.231546
-0.404484
0.659461
0.522017
0.667535
-0.429286
0.213981
-0.054630
-0.221455
-0.158903
1.000000
-0.280289
0.757244
-0.521666
-0.500385
-0.156306
0.557537
0.345041
0.101658
-0.760359
-0.324431
-0.732278
0.876952
-0.340329
0.075184
-0.789956
0.464095
-0.435983
-0.263380
-0.337609
-0.832092
-0.268331
-0.352311
-0.262061
-0.651753
-0.314230
0.339964
-0.859554
0.347136
0.143953
0.648152
-0.419169
0.203600
-0.758970
1.000000
0.504146
-0.111305
0.622252
0.337798
-0.642499
0.137361
0.600960
-0.391394
-0.463067
0.545175
0.152988
-0.067388
-1.000000
-0.166514
0.231394
-0.296792
1.000000
-0.454148
-0.592359
0.129396
-0.740320
0.547396
-0.499108
0.453820
0.827533
0.285019
-0.455317
0.641647
0.895302
0.784707
-0.203543
-0.294091
-0.890422
-0.248647
-0.405408
-0.347550
-0.040976
0.540018
1.000000
-0.275095
-0.107176
0.013752
-1.000000
-0.932720
-0.322497
0.245565
-0.221046
-1.000000
0.006683
0.148656
0.233036
-0.314344
0.066184
-1.000000
-0.475065
-0.287034
1.000000
0.155566
-0.268682
0.586086
1.000000
0.410740
-0.034846
0.264360
-0.416208
0.828513
0.256722
0.891795
-0.403620
-0.529234
-0.121600
-0.271227
-0.101895
-0.840010
-0.568755
-0.155120
-0.506100
0.544851
-0.676970
0.051002
0.389405
1.000000
-0.046674
-1.000000
-0.940527
-0.126459
0.344319
0.924957
-0.337666
-0.025423
0.312433
-0.348866
-0.599252
-0.157114
0.544707
0.868960
0.052856
-0.325142
-0.382480
0.571207
0.115405
0.548909
0.186784
0.953271
0.695454
0.408453
-0.322182
0.373322
0.429705
0.968427
0.539844
-0.052883
-0.078429
-0.610990
0.822160
-0.002379
0.425691
-0.073541
-0.489223
0.715755
0.002069
0.048451
-0.779057
0.227298
0.135965
-0.759826
0.305650
0.913150
-0.717487
-0.674817
0.018080
-0.263314
0.164585
-0.361432
0.560412
-0.722940
-0.241532
0.383605
-0.448487
0.189793
-0.024331
-0.300201
0.246222
0.520897
0.483605
1.000000
0.671079
-0.787931
0.097364
0.182261
0.645330
0.020734
-0.370771
-0.528889
0.230696
0.910237
-0.752493
0.005622
-0.451397
-0.412758
0.327203
-0.742176
0.077790
0.458623
-0.185672
0.363852
0.405387
0.430611
-0.579361
-1.000000
0.090291
0.725966
-0.666000
1.000000
-0.766807
0.012550
-0.965909
0.566778
0.374528
-0.137189
0.353234
0.118485
-0.485369
0.507845
0.798548
0.755960
0.272276
0.131138
0.076311
-0.371006
-0.134057
-0.003271
-0.697521
0.391955
0.987762
-0.027157
-0.306418
0.748453
-0.404459
-0.188627
0.139703
1.000000
0.788274
-0.344980
0.696058
0.678941
0.362293
-0.501183
-0.177364
-0.059028
-0.150435
-0.691192
-0.283130
0.693650
0.391102
-0.863368
-0.451037
0.746125
-0.834962
0.430304
-0.053017
-0.687589
0.632905
0.019384
0.569085
0.566090
0.145500
-0.441364
0.720625
-0.389550
0.007842
-0.816679
0.495939
0.915142
0.043202
0.584710
-0.699616
0.111570
0.124601
-0.957697
0.788541
0.218201
-0.140058
0.143821
0.103312
-0.132268
0.608039
0.862231
0.529435
1.000000
0.807011
0.335808
-0.458124
-0.359009
-0.208996
0.713264
0.360381
-0.441770
-0.162279
-0.879441
-0.646092
-0.672235
-0.124793
-0.134178
-0.129008
1.000000
0.728967
-0.430453
0.134587
-0.296642
-0.165675
-0.490382
-0.901008
0.481861
-0.100653
0.513932
0.352511
0.831853
0.052415
0.354642
-0.976664
0.596223
0.657944
-0.127120
-0.652702
0.471902
0.636845
-0.687204
-0.723127
-0.114538
1.000000
-0.510698
-0.772854
0.241720
-0.178558
-0.507082
0.892446
0.248191
0.669818
0.862891
0.849542
0.322836
0.057642
-0.248182
-1.000000
0.353529
-0.804618
0.020645
-0.643452
-0.234399
-0.627088
0.001598
-0.196684
-0.039426
0.559344
0.097498
0.259305
-0.345109
0.262413
-1.000000
0.364131
0.385771
1.000000
0.323327
-1.000000
-0.802806
-0.212976
0.919275
0.690116
-0.008303
0.377943
0.490530
0.623582
0.151322
-0.541979
-1.000000
-0.507924
0.761187
0.407320
-0.057565
0.467607
-1.000000
-0.718538
-0.192765
1.000000
0.170012
-0.410121
0.470777
-0.434221
-0.388472
-0.535446
0.000096
-0.263841
0.478658
-0.263075
0.529793
-0.223427
0.632599
0.138368
0.829170
-1.000000
-0.409368
0.221121
0.063941
-0.121685
0.670758
0.854186
-0.436562
-0.380706
-0.365228
0.182655
-0.252421
-0.109028
-0.418886
-0.194290
-0.995831
0.803756
-0.775099
-0.476397
0.167690
0.881140
0.790423
-0.104792
-0.644124
0.298664
-0.109114
-0.378976
0.547220
-0.538196
0.447862
0.953281
-0.957486
-0.906179
0.202805
-0.721975
-0.924926
-0.217224
-0.638082
0.094986
-0.126251
0.095019
0.894199
0.419267
0.563960
-0.223870
0.723348
0.124418
-0.795617
0.330371
-0.044062
0.774186
0.637665
-0.024083
0.831302
-0.360027
-1.000000
-0.376999
-0.983405
0.022094
0.380992
-0.129456
0.743006
0.334317
1.000000
0.296947
0.990122
0.153204
-0.541446
0.189998
0.731270
-0.038653
0.362480
0.287437
-0.953201
0.069795
0.030377
0.236749
0.094732
0.631971
0.014530
-0.972876
0.314485
0.712886
0.008703
-0.165726
0.381943
-0.358631
-0.667215
-1.000000
0.566507
0.358089
0.387784
0.955617
-0.656220
-0.106189
-0.222814
0.382367
-0.627552
-0.307506
-0.653615
-1.000000
0.621945
-0.993091
-0.020036
0.664195
-0.162967
0.624117
0.281355
-0.504586
0.538626
-1.000000
-0.849955
-0.950992
0.520070
0.225295
-0.474913
-0.656198
0.226773
0.390177
0.566647
0.519914
0.878408
0.125483
0.027948
-0.352885
-0.257888
-0.052134
0.973808
0.145466
1.000000
-0.093775
-0.360568
-0.412515
0.443847
-0.281722
0.337666
0.453348
0.099874
0.343338
0.348072
1.000000
0.618609
0.641358
-0.280651
0.282249
-0.114507
-0.277221
0.550506
0.102866
-0.858397
0.993541
-0.332593
-0.346120
-0.675240
-0.204680
-0.075611
0.524697
-0.204936
-0.163353
-0.610241
0.940814
0.724092
0.053019
-0.912566
-0.482533
-0.254716
0.981432
0.077497
0.019304
-0.865636
-0.308551
-1.000000
-0.461978
0.870992
-1.000000
-0.691069
0.380538
-0.964234
-0.067533
0.110536
0.718782
-0.416784
0.072131
0.293998
0.213726
-0.017177
0.870985
-0.012836
0.662880
0.447145
-0.968628
-0.303747
-0.495198
-0.141135
0.190605
0.324410
0.201208
-0.243191
-0.483822
0.658562
-0.251248
-0.641569
-0.430661
0.375971
-0.033902
0.313762
0.718154
-0.230130
-0.417315
0.622872
-0.078898
0.822312
-0.290649
-0.778441
-0.229230
-0.320154
0.251027
-0.615351
0.274924
0.268344
0.279052
-0.182211
-0.103970
-0.071369
0.282529
0.171479
-0.493376
-0.339147
-0.683016
0.743789
-0.358071
0.183039
-0.524679
1.000000
0.027198
-0.370075
-0.028149
-0.517156
0.144461
-0.656536
0.246296
-0.199286
0.135309
0.107057
-0.117904
0.265028
0.653133
1.000000
-0.568661
-0.100525
0.858231
-0.069586
0.173134
0.465555
0.487197
-0.679685
-0.500821
-0.219245
0.244067
0.339284
0.982965
-0.603286
-0.286598
-0.731268
0.895155
0.166468
-0.793256
0.069129
-0.177406
-0.731683
0.360852
0.516179
-0.738190
-0.570896
0.393074
0.060832
0.061181
0.393198
-1.000000
0.343128
-0.766866
-0.186777
-0.085587
-0.195321
-0.362951
0.302664
-0.163755
0.163622
-0.984710
0.895402
-0.198527
-0.184624
0.068300
0.064615
0.102445
0.924030
-0.131316
0.288937
0.794950
0.184412
0.308012
0.225799
0.520717
-0.464012
-0.713313
-0.113390
-0.544753
-0.428310
-0.214037
-0.476914
0.192578
0.584577
-0.806702
-0.057379
-0.371259
-0.194638
0.295186
0.066291
1.000000
0.115695
-0.933264
-0.310770
0.019934
0.921388
0.001440
0.940150
-0.231989
0.523233
0.048349
-0.442525
-0.563965
-0.028300
0.597737
-0.733918
0.696994
-0.435720
0.759047
-0.638954
0.098282
0.445836
-0.265973
-0.621922
0.119714
-0.557219
-0.026902
0.338073
0.503460
1.000000
-0.439245
-0.046635
-0.340773
0.774313
-0.596877
0.129854
0.316767
0.871607
0.073387
-0.807239
-0.540763
-0.058840
-0.466601
0.087133
-0.930250
0.190345
-0.341258
0.117127
0.386123
0.082642
-0.521295
0.413298
-0.017313
0.218272
0.861037
-0.146843
0.474841
-0.563583
-0.073163
-0.871496
0.045807
-0.173589
0.088919
-0.408963
-0.737119
0.624837
-0.288220
0.014458
0.109736
0.639001
-0.721969
-0.965089
-0.552824
-0.201330
0.744372
-0.663081
-0.479620
1.000000
0.518591
0.089000
0.354224
0.926058
0.129669
0.635465
-0.421761
0.014918
-0.574459
0.890659
0.643063
0.745640
-0.166003
0.098947
-0.211337
0.484911
0.591861
0.028502
0.429495
-0.032751
-0.359900
0.130660
0.662419
-1.000000
0.771388
-0.960053
0.030441
-0.206980
0.472391
-0.259344
-0.238958
-0.002416
-0.173091
0.145253
-0.344733
0.201269
0.038668
-0.186881
0.813663
-0.523120
-0.398439
-0.884667
0.199434
0.030749
0.951536
-0.047527
0.131855
0.668781
-0.266927
0.000561
-0.226415
0.195910
-0.081051
-0.759585
0.174682
-0.962006
-0.023379
-0.263577
0.109723
-0.135329
-0.097017
-0.260175
-0.348612
-0.463300
-0.419609
0.292075
0.415081
0.006356
-0.342177
0.149100
0.480439
-0.154964
0.226416
-0.807890
0.761623
-0.442287
-0.743706
0.576437
-0.456141
-1.000000
-0.517788
0.189616
0.181168
0.107176
-1.000000
-0.613991
0.022437
0.643992
-0.183117
0.310192
0.355878
0.224951
0.050923
0.028468
-0.598819
0.153706
0.158578
0.716477
-0.473264
0.229033
-0.736363
0.340230
0.881975
0.323975
-0.668165
0.757629
0.087326
-0.404161
-0.106011
0.300418
-0.165547
-0.671542
-0.682597
0.440412
-0.889020
0.181311
0.040309
-0.902091
-0.129251
-0.458421
0.212715
-0.366077
-0.383472
0.224980
1.000000
-0.323999
0.548045
-0.082925
0.145587
-0.857607
0.605021
0.183441
-0.112343
0.042610
-0.755518
0.637602
-0.091950
-0.108281
0.918019
0.080022
-0.329950
-0.061531
-0.726222
-0.512170
0.495374
-0.979157
-0.295329
-0.103199
0.370650
-0.090415
0.076317
-0.499719
0.559881
0.434788
-0.486325
0.707317
-0.051754
0.645373
-0.910899
0.703781
1.000000
-0.380978
0.431567
-0.100249
0.659065
0.589975
-0.365523
-0.401185
-0.733791
0.080596
0.735058
-0.190285
-0.625308
-0.319282
0.911464
0.856731
0.258147
0.023724
0.874462
-0.306365
-0.312669
0.148920
-0.357974
-0.673708
0.186683
0.528616
-0.686524
-0.733305
-0.877001
-0.915628
-0.565995
-0.320914
-0.805130
-0.085245
0.367281
0.515957
0.578677
-0.348587
0.028294
-0.171910
-0.246101
0.403961
-0.224596
0.874675
-1.000000
0.216562
0.010337
-0.657764
0.497062
0.765554
0.220689
0.116912
-0.465785
0.740041
0.440749
0.596430
0.071619
-0.240311
-0.842251
0.449094
-0.844472
0.028639
-0.195397
-0.421670
0.289148
-1.000000
0.080784
0.988156
-0.969813
-0.034111
-0.186312
0.146081
-0.270251
0.036444
-0.640587
0.214866
0.222684
0.057056
0.713445
-0.407277
0.289120
0.001865
0.576169
-0.107106
0.067701
-0.695870
0.322904
0.329531
-0.571999
-0.897086
-0.189509
0.384326
-0.414262
0.982646
0.352541
-0.047496
-0.822969
0.601553
-0.401648
0.437782
-0.540316
-0.007928
-0.138836
0.418379
0.585734
-0.272938
0.226474
0.061862
0.785142
-0.227575
0.978105
0.270966
-0.452549
-0.362014
-0.832933
0.066153
-0.189216
0.488422
-0.271474
0.390083
0.861517
0.261343
0.697849
-0.218502
0.853995
0.013414
0.065204
-0.026433
0.464670
0.796800
-0.333644
0.573735
0.041829
-1.000000
0.790387
0.359379
-1.000000
1.000000
-0.598348
0.069672
-0.201920
-0.832375
0.290394
-0.164689
0.573218
-0.187676
0.329022
0.872467
-0.857935
-0.001276
0.321168
0.169275
0.564391
0.467889
0.843608
0.201959
0.809667
-0.661564
1.000000
0.323902
-0.571564
-0.550700
-0.324417
-0.251472
-0.277222
0.151474
0.255630
-0.393881
-0.815402
-0.195548
-0.042696
0.739585
-0.073630
-0.375221
-0.815596
1.000000
0.149673
-0.121891
-0.622794
0.381517
-0.724594
0.629266
0.238530
-0.564659
0.027728
0.128390
0.292341
-0.779845
0.261425
-0.343229
0.133382
-0.933122
-0.140008
0.860700
-0.634464
-0.835427
-0.114275
-0.597117
-0.339795
0.258972
0.367717
0.642760
-0.118899
0.786097
0.915595
-0.343985
0.720710
0.270279
-0.500720
-0.312565
-0.458239
-0.891458
0.570150
-0.231842
-0.786072
0.681370
-0.925961
0.606386
0.508179
-0.176190
0.091112
-0.932655
-0.894989
0.406623
-0.136311
0.304602
-0.463058
-0.384377
0.165465
-0.513779
-0.167463
0.437138
0.658180
0.960105
0.469640
-0.622746
0.447464
0.266765
-0.079104
-0.193832
-0.448025
-0.770249
0.533330
0.666697
0.018990
-0.320884
-0.173337
0.997122
-0.798897
-1.000000
-0.939796
0.568058
-0.176918
-0.837802
-1.000000
-0.468307
-0.409798
-1.000000
-0.440332
0.240541
0.814760
-0.985208
0.160730
-0.164187
0.897194
0.269062
-0.164059
1.000000
0.630622
-0.480394
0.651920
-0.185479
0.097750
-0.948162
-0.016375
-0.991577
-0.268178
0.240921
0.940125
0.427630
0.811817
-1.000000
0.831121
-0.099841
0.509770
-0.136776
1.000000
0.407185
0.432133
0.203334
-0.102108
0.021768
0.045603
-0.995498
0.057837
-0.155936
-0.189422
-0.381148
-1.000000
-0.094044
0.401315
-0.876783
0.449773
-0.490545
0.815653
-0.226671
-0.562346
0.624130
-0.088329
-0.835414
0.585283
-0.081030
0.492738
-0.138842
-0.275208
0.582748
-0.331392
-0.332852
0.629968
-0.755635
-0.725696
0.228021
-0.917980
0.691647
0.524715
0.171125
-0.283890
0.373460
-0.187986
-0.770558
0.471834
-0.931022
-0.254787
-0.375010
0.552749
0.508027
-0.380906
-0.080991
0.692371
-0.164104
-0.649206
0.668897
0.155479
0.021178
0.095860
-0.152120
-0.766348
-0.189351
0.294111
0.836348
1.000000
-0.394601
-0.064542
-0.309112
1.000000
0.671248
-0.831704
0.042122
0.103780
-0.057935
-0.380921
0.505816
0.400110
0.544092
-0.337866
0.185597
0.777249
0.775872
0.769844
-0.326684
0.772058
0.160185
-0.939882
0.007720
0.110314
0.744350
-1.000000
-0.781642
0.357576
-0.763695
0.201198
0.224356
-0.068849
-0.788779
-0.308302
0.105293
0.741682
-0.016666
0.453328
0.734233
0.316692
-0.303992
0.065209
-0.842666
0.093620
-0.792243
-0.593210
-0.812075
-0.384177
-0.461749
0.438855
0.716352
-0.537682
-0.208294
1.000000
-0.749243
-0.523284
-0.078445
-0.595338
0.472945
0.221832
-0.868307
0.617880
-0.799779
0.103693
-0.067617
0.449654
0.553066
0.461208
0.383331
1.000000
0.680779
-0.138998
0.209383
0.382655
-0.087326
0.007689
-0.299262
-0.488529
-0.522205
-0.153120
0.929404
-1.000000
0.727062
0.031224
0.475843
0.119949
-0.562967
0.649025
0.617714
0.525960
-0.638310
0.773465
-0.429788
0.241056
0.626438
-0.330833
0.977574
-0.027379
-0.341155
-0.106636
0.303032
0.696824
-0.925885
0.037206
-0.220929
-0.615299
0.536490
0.243131
0.144243
0.539804
0.760479
1.000000
-0.058200
0.540268
-0.599663
1.000000
0.086008
0.484330
0.097953
0.412444
-0.205661
-0.089803
0.530033
1.000000
-0.046367
0.317094
0.484687
-0.549620
-1.000000
-0.566906
-0.296229
-0.820820
0.589217
-0.092433
0.287137
-0.508774
0.061389
0.069651
0.133765
0.332901
0.094632
-0.049723
-0.048384
-0.315536
0.119740
0.012445
0.075924
0.013461
0.005785
0.109237
0.284737
0.074890
0.021880
0.109628
0.079612
0.022913
0.057669
0.078259
0.018139
0.049474
0.032167
0.126102
0.027557
0.038325
0.034018
0.006727
0.077597
0.036060
0.142986
0.225329
0.034225
0.050196
0.055294
0.020868
0.320648
0.023971
0.014544
0.023597
0.049182
0.087524
0.062928
0.080846
0.225439
0.149479
0.015987
0.009801
0.006520
0.101667
0.029039
0.047160
0.156795
0.041341
0.033111
0.154043
0.020777
0.058705
0.019948
0.001619
0.020563
0.511488
0.019667
0.028751
0.058523
0.105342
0.067663
0.085296
0.006899
0.053896
0.124680
0.034796
0.109289
0.022207
0.018153
0.033515
0.041089
0.113599
0.084050
0.023982
0.025349
0.025325
0.011422
0.020089
0.007702
0.023822
0.045401
0.040803
0.059756
0.097391
0.024711
0.042438
0.076003
0.135308
0.078824
0.466836
0.079124
0.077875
0.009473
0.063002
0.067427
0.041395
0.049217
0.018720
0.175294
0.027058
0.239159
0.142221
0.171290
0.052194
0.036887
0.206132
0.044171
0.026797
0.473966
0.138489
0.024672
0.025037
0.076440
0.078096
0.077354
0.026792
0.008847
0.039856
0.124762
0.011915
0.086821
0.079365
0.053742
0.023822
0.061528
0.052264
0.079256
0.032212
0.025132
0.089010
0.018027
0.024832
0.006387
0.044868
0.099327
0.077675
0.199572
0.062747
0.053811
0.036625
0.020734
0.044779
0.518755
0.019125
0.018829
0.139533
0.022406
0.225495
0.145043
0.186414
0.006858
0.088225
0.085394
0.175754
0.184487
0.079201
0.170073
0.016443
0.052248
0.033278
0.149153
0.221711
0.016862
0.003652
0.020801
0.161706
0.018863
0.027720
0.062761
0.031743
0.037027
0.084864
0.418639
0.026372
0.014069
0.092014
0.022403
0.097522
0.013577
0.116006
0.098691
0.172986
0.233986
0.112300
0.015937
0.617624
0.254170
0.017523
0.127266
0.186258
0.157610
0.021527
0.044996
0.115408
0.005145
0.013201
0.128034
0.150758
0.021367
0.096458
0.066347
0.046716
0.036417
0.097190
0.112269
0.055184
0.023052
0.156762
0.030468
0.056389
0.033108
0.025715
0.050007
0.045969
0.037054
0.010132
0.045926
0.164189
0.026404
0.027071
0.006088
0.010573
0.039160
0.022921
0.184892
0.084930
0.035966
0.056138
0.596390
0.071032
0.064192
0.083618
0.039182
0.047965
0.011205
0.027210
0.073020
0.072188
0.066879
0.027546
0.155376
0.017062
0.270243
0.179402
0.044295
0.045773
0.129969
0.051884
0.137996
0.030700
0.308287
0.028762
0.013581
0.150612
0.014946
0.006102
0.008569
0.048320
0.010489
0.060031
0.156662
0.136337
0.012102
0.037316
0.763945
0.107574
0.011479
0.044852
0.090507
0.042906
0.012907
0.101753
0.041502
0.060293
0.094083
0.024371
0.052549
0.112297
0.031402
0.386934
0.046983
0.037150
0.044637
0.044772
0.006412
0.118447
0.019816
0.135482
0.038493
0.035767
0.068307
0.128366
0.006245
0.037109
0.306013
0.017937
0.229448
0.010921
0.112316
0.151017
0.056867
0.024833
0.166692
0.215061
0.031860
0.123909
0.050460
0.006513
0.059792
0.090315
0.062404
0.082702
0.035836
0.058081
0.024876
0.028546
0.096675
0.068109
0.023585
0.019968
0.009823
0.014423
0.035016
0.029152
0.011288
0.052226
0.035482
0.009766
0.103599
0.028793
0.397517
0.093714
0.048808
0.049253
0.029350
0.021569
0.016977
0.025885
0.049734
0.007292
0.150656
0.056513
0.433037
0.036682
0.002570
0.276509
0.052689
0.022786
0.051225
0.019205
0.023073
0.016151
0.252265
0.061790
0.038747
0.045836
0.033293
0.021350
0.043881
0.022267
0.084124
0.039879
0.004444
0.366274
0.162824
0.195850
0.122024
0.018121
0.042336
0.088796
0.086092
0.053955
0.065564
0.011098
0.037243
0.025594
0.267574
0.050615
0.155848
0.084545
0.055030
0.280645
0.014548
0.354081
0.037196
0.100856
0.284564
0.020130
0.073631
0.181844
0.084221
0.036130
0.022334
0.087057
0.027784
0.054061
0.128225
0.097786
0.026409
0.063812
0.191739
0.138141
0.062642
0.021180
0.257688
0.077952
0.023674
0.030499
0.011500
0.025130
0.086164
0.031084
0.755287
0.150173
0.007340
0.009303
0.125129
0.319487
0.001892
0.039145
0.064243
0.031008
0.035732
0.052054
0.115620
0.098766
0.027045
0.213444
0.383950
0.040017
0.074589
0.052050
0.140691
0.009858
0.159334
0.008152
0.018488
0.021647
0.016882
0.115400
0.122380
0.016719
0.307144
0.018126
0.025937
0.077501
0.098275
0.035313
0.047611
0.107116
0.026171
0.265148
0.037458
0.008037
0.045395
0.013939
0.011228
0.033802
0.090208
0.090965
0.047766
0.033843
0.017366
0.007161
0.015009
0.005326
0.096931
0.370002
0.011569
0.057192
0.018429
0.711643
0.011481
0.024673
0.424621
0.019959
0.397804
0.014142
0.093108
0.018665
0.050837
0.033386
0.028756
0.089574
0.013782
0.054812
0.006051
0.069669
0.006319
0.065190
0.023280
0.013849
0.014075
0.203766
0.038111
0.072136
0.048779
0.025542
0.064342
0.083139
0.045742
0.113501
0.030883
0.075534
0.123141
0.020395
0.070647
0.318163
0.017826
0.104588
0.022478
0.023676
0.073976
0.017668
0.380390
0.230129
0.004188
0.083669
0.148270
0.013186
0.025005
0.026189
0.129376
0.015485
0.042660
0.048011
0.020251
0.025118
0.008050
0.135650
0.234313
0.021343
0.235919
0.244356
0.223248
0.058292
0.031538
0.080534
0.070876
0.112768
0.011297
0.012315
0.080524
0.052970
0.011306
0.186145
0.013095
0.171897
0.010965
0.017415
0.029218
0.072261
0.185365
0.007951
0.004948
0.380496
0.089373
0.027711
0.043794
0.024118
0.259860
0.013041
0.065804
0.011703
0.066764
0.439574
0.022297
0.085464
0.051820
0.134803
0.044661
0.356350
0.069456
0.011152
0.137753
0.366278
0.005212
0.207426
0.042126
0.042811
0.011602
0.031042
0.359894
0.017906
0.015481
0.180450
0.030876
0.010006
0.154784
0.210077
0.097684
0.030210
0.038036
0.028001
0.633422
0.440725
0.017015
0.205698
0.064335
0.050870
0.016180
0.157463
0.007487
0.012953
0.109642
0.236386
0.131786
0.030517
0.041856
0.034573
0.252142
0.027489
0.026293
0.188053
0.024490
0.053087
0.060881
0.063515
0.019825
0.130552
0.043939
0.034351
0.052608
0.004148
0.028619
0.080179
0.063704
0.035953
0.058554
0.018494
0.028980
0.118778
0.017476
0.040095
0.051302
0.057661
0.019181
0.039634
0.096758
0.024747
0.102645
0.041460
0.111066
0.122878
0.062640
0.165836
0.170601
0.209452
0.004895
0.047174
0.033144
0.073892
0.022595
0.056381
0.161036
0.258160
0.040295
0.029460
0.258038
0.048566
0.014182
0.062482
0.063658
0.040405
0.023514
0.057686
0.136542
0.016196
0.076453
0.098834
0.160720
0.130357
0.065245
0.005153
0.012450
0.425351
0.052404
0.286028
0.393420
0.153792
0.005070
0.022989
0.022139
0.098652
0.391171
0.058483
0.010028
0.042461
0.016358
0.024922
0.068446
0.143496
0.034587
0.053940
0.075335
0.184143
0.530109
0.065190
0.399395
0.023531
0.360252
0.078170
0.199465
0.087713
0.554641
0.078884
0.068853
0.044555
0.023795
0.035795
0.013768
0.254294
0.120300
0.209954
0.020023
0.067528
0.032011
0.034870
0.004882
0.032875
0.115450
0.079454
0.297275
0.093654
0.172158
0.029216
0.087352
0.027065
0.014453
0.007941
0.009527
0.044529
0.040719
0.005594
0.050816
0.014187
0.169444
0.078868
0.037677
0.122597
0.064993
0.452123
0.112872
0.010394
0.084520
0.036590
0.049939
0.141681
0.025068
0.019713
0.080138
0.124499
0.086296
0.008661
0.012817
0.006289
0.069740
0.005666
0.072423
0.029047
0.008335
0.116324
0.071210
0.061845
0.012416
0.504076
0.054070
0.112831
0.021648
0.059395
0.043624
0.010720
0.041153
0.067331
0.021086
0.009901
0.043449
0.352596
0.136091
0.030987
0.023420
0.064932
0.101902
0.213858
0.059249
0.052630
0.032748
0.035166
0.040653
0.046546
0.170641
0.150854
0.004964
0.082126
0.217728
0.109838
0.058867
0.016829
0.044789
0.263428
0.038821
0.002306
0.040592
0.038335
0.015472
0.005867
0.066254
0.040760
0.041777
0.075247
0.128168
0.015528
0.101359
0.013770
0.033303
0.092302
0.018011
0.047052
0.044681
0.006206
0.030833
0.014743
0.010108
0.045069
0.021866
0.011306
0.024498
0.064410
0.447063
0.166079
0.041253
0.028992
0.041068
0.120053
0.042175
0.038286
0.056300
0.140685
0.021240
0.008564
0.079431
0.044257
0.194807
0.209946
0.075624
0.017334
0.389790
0.040178
0.088518
0.077289
0.019603
0.179635
0.011359
0.028767
0.109045
0.039857
0.059844
0.558739
0.136900
0.031596
0.018161
0.009225
0.035879
0.123351
0.007664
0.036554
0.023678
0.036013
0.111698
0.166091
0.041620
0.049634
0.034620
0.183022
0.026947
0.012765
0.053442
0.021561
0.034784
0.037725
0.025706
0.074559
0.169859
0.032718
0.028405
0.013991
0.181267
0.142447
0.246194
0.010854
0.018245
0.019695
0.008461
0.042576
0.022774
0.036309
0.065961
0.021429
0.220209
0.018691
0.068139
0.027547
0.033917
0.010683
0.004135
0.096708
0.097905
0.020797
0.047192
0.180179
0.057802
0.038833
0.030847
0.148561
0.132483
0.055276
0.041248
0.170674
0.073411
0.097987
0.019507
0.029818
0.084141
0.053336
0.070511
0.035964
0.011756
0.017765
0.066181
0.028555
0.026531
0.013579
0.061310
0.021351
0.135111
0.146752
0.331256
0.091087
0.057479
0.045467
0.041043
0.153605
0.024025
0.025313
0.039886
0.018521
0.048223
0.020401
0.156042
0.097522
0.077666
0.025012
0.185746
0.101343
0.024212
0.003914
0.037086
0.048002
0.013577
0.059192
0.028742
0.095784
0.030503
0.056298
0.041515
0.077230
0.031513
0.026342
0.064481
0.017311
0.036502
0.132562
0.084121
0.003925
0.128804
0.067568
0.059928
0.026820
0.449101
0.015716
0.023072
0.054977
0.036333
0.015239
0.093891
0.015611
0.128504
0.078378
0.136424
0.058764
0.033148
0.116573
0.118151
0.057426
0.053424
0.036304
0.040190
0.018169
0.102665
0.083639
0.012515
0.011060
0.150043
0.082272
0.133839
0.059739
0.027670
0.034564
0.017814
0.151870
0.206247
0.021138
0.004196
0.050276
0.034863
0.065957
0.002699
0.058240
0.039008
0.084946
0.046930
0.148328
0.115409
0.022437
0.104005
0.023568
0.118594
0.029617
0.016552
0.170824
0.008258
0.042254
0.015674
0.326058
0.124792
0.049860
0.105943
0.051859
0.020551
0.056360
0.029948
0.004368
0.096227
0.059795
0.011580
0.037339
0.020864
0.077321
0.125966
0.088747
0.004544
0.051667
0.027825
0.038354
0.040596
0.088036
0.037935
0.018584
0.301323
0.022896
0.015903
0.050870
0.110921
0.025291
0.023908
0.056473
0.112153
0.380392
0.010941
0.033327
0.036037
0.072903
0.344009
0.015596
0.025006
0.008205
0.026305
0.090850
0.081564
0.030913
0.017748
0.167189
0.068592
0.007288
0.042437
0.187303
0.032844
0.002821
0.097964
0.061111
0.338987
0.076059
0.339991
0.051955
0.061066
0.026544
0.385535
0.064800
0.034893
0.435695
0.072558
0.011459
0.038235
0.107046
0.027410
0.054582
0.122437
0.034800
0.129483
0.010670
0.090816
0.197539
0.057061
0.059075
0.047389
0.146345
0.022412
0.010187
0.007897
0.045001
0.026452
0.044735
0.149463
0.037468
0.088447
0.032246
0.025951
0.051156
0.078782
0.098087
0.062142
0.020602
0.114921
0.037086
0.020106
0.012076
0.057859
0.033911
0.031813
0.073869
0.025211
0.034407
0.028021
0.020666
0.019396
0.280934
0.057615
0.066982
0.016959
0.050295
0.206602
0.356065
0.049994
0.104307
0.021599
0.093797
0.056536
0.018135
0.084637
0.019773
0.007703
0.012508
0.184530
0.024950
0.095621
0.320672
0.022063
0.378578
0.061269
0.045502
0.048518
0.135694
0.058348
0.003518
0.058670
0.039516
0.337182
0.058178
0.031071
0.043257
0.169219
0.296152
0.024173
0.122887
0.548268
0.657561
0.011151
0.030480
0.039054
0.163994
0.010260
0.133817
0.024128
0.002727
0.110518
0.154262
0.297924
0.038343
0.022856
0.024885
0.281856
0.135705
0.038063
0.092793
0.095421
0.053522
0.018836
0.054814
0.158686
0.321840
0.063576
0.015727
0.063498
0.044284
0.109721
0.006853
0.192344
0.141061
0.065013
0.041914
0.006858
0.067027
0.024245
0.018519
0.289592
0.056688
0.022574
0.037281
0.021291
0.010257
0.316815
0.027563
0.018113
0.045475
0.032083
0.045613
0.051672
0.074518
0.139546
0.012462
0.010470
0.253096
0.014054
0.045196
0.014329
0.074431
0.240355
0.062215
0.146371
0.212927
0.044353
0.070734
0.036060
0.084668
0.018099
0.243361
0.046540
0.224491
0.017502
0.027550
0.095938
0.010601
0.008408
0.031655
0.153356
0.152560
0.043306
0.019295
0.050041
0.084680
0.025850
0.014662
0.160943
0.079870
0.114501
0.154204
0.118531
0.570175
0.041724
0.166864
0.057697
0.007337
0.109672
0.147979
0.051598
0.021146
0.006833
0.012575
0.020510
0.464088
0.074928
0.007675
0.057836
0.049390
0.130136
0.093431
0.136061
0.042589
0.009438
0.075055
0.090614
0.188898
0.126017
0.002315
0.008001
0.130106
0.029928
0.207745
0.034515
0.013691
0.036532
0.017890
0.025823
0.038020
0.074003
0.008185
0.037023
0.084137
0.009000
0.097297
0.040843
0.150399
0.068215
0.062817
0.009250
0.153222
0.058456
0.010585
0.238797
0.016353
0.036862
0.069269
0.867140
0.060221
0.018574
0.260951
0.057063
0.032337
0.153814
0.096494
0.332763
0.087197
0.072623
0.013022
0.009865
0.052785
0.035760
0.091026
0.053286
0.208861
0.040247
0.138766
0.020524
0.127319
0.004615
0.011278
0.155033
0.035699
0.205732
0.021496
0.007034
0.040656
0.059417
0.084515
0.068823
0.224495
0.125742
0.077993
0.021726
0.006465
0.073813
0.062881
0.014385
0.032952
0.009986
0.008142
0.127159
0.015232
0.085740
0.044398
0.108790
0.003770
0.249163
0.592519
0.010466
0.027183
0.027672
0.008319
0.087581
0.016046
0.045792
0.102233
0.011702
0.053963
0.052407
0.023160
0.075729
0.020757
0.031519
0.035565
0.051062
0.052504
0.020762
0.064597
0.038022
0.041887
0.038031
0.148278
0.066986
0.054176
0.009903
0.017178
0.057130
0.030627
0.013830
0.125008
0.348395
0.020171
0.099253
0.065500
0.049122
0.028592
0.022102
0.016490
0.080886
0.095289
0.028114
0.005845
0.041537
0.300535
0.016155
0.009836
0.120837
0.029705
0.102260
0.049298
0.070840
0.188320
0.121424
0.045428
0.034117
0.054773
0.044510
0.050691
0.029502
0.087377
0.094357
0.032229
0.073087
0.064441
0.103005
0.027242
0.271823
0.066949
0.026404
0.055912
0.043285
0.078738
0.025436
0.052108
0.411813
0.010533
0.066456
0.075445
0.423779
0.137095
0.020916
0.158811
0.157798
0.064061
0.031707
0.129559
0.270101
0.006642
0.077615
0.023906
0.048474
0.083298
0.042112
0.125591
0.117141
0.107356
0.425593
0.081037
0.218115
0.041014
0.047764
0.038981
0.022788
0.063868
0.017221
0.121253
0.064865
0.037529
0.088366
0.077238
0.018613
0.035178
0.101518
0.095030
0.024625
0.031953
0.027882
0.247809
0.172812
0.044266
0.168717
0.016021
0.067559
0.115495
0.006077
0.025120
0.131530
0.176962
0.082648
0.018622
0.158526
0.020494
0.017729
0.045064
0.181094
0.047963
0.106696
0.064250
0.010139
0.017031
0.092353
0.139168
0.072367
0.040649
0.027958
0.009280
0.105546
0.107121
0.018876
0.012790
0.022879
0.125342
0.140416
0.021529
0.178276
0.008623
0.068402
0.016074
0.205833
0.038040
0.044948
0.076343
0.048057
0.018006
0.036990
0.160666
0.081630
0.003573
0.041991
0.029956
0.144092
0.027185
0.095798
0.052969
0.009999
0.031546
0.006393
0.012579
0.018764
0.020876
0.055648
0.008391
0.012587
0.036464
0.061296
0.027671
0.022782
0.022235
0.038087
0.043960
0.035924
0.019944
0.051228
0.012806
0.202906
0.040256
0.119885
0.228422
0.180039
0.013184
0.006083
0.025448
0.078406
0.028575
0.043278
0.073318
0.064748
0.086233
0.038273
0.071468
0.019356
0.042476
0.446566
0.013355
0.006895
0.028857
0.006080
0.107099
0.228079
0.014330
0.048543
0.060598
0.044756
0.053226
0.024459
0.079955
0.126306
0.050686
0.057069
0.061034
0.190641
0.008721
0.045864
0.009476
0.084925
0.031786
0.033688
0.118756
0.069939
0.018891
0.104912
0.068186
0.022720
0.034747
0.065856
0.158153
0.057611
0.014865
0.019332
0.254952
0.009045
0.065205
0.032896
0.051380
0.018643
0.026409
0.047208
0.044264
0.022131
0.097964
0.061612
0.015198
0.092146
0.042592
0.008479
0.013845
0.346949
0.479499
0.038837
0.034444
0.022251
0.123875
0.063341
0.022444
0.148410
0.034556
0.108914
0.080962
0.024064
0.007017
0.100964
0.012887
0.015354
0.030804
0.094901
0.081587
0.006365
0.073990
0.204778
0.065154
0.333313
0.207723
0.019716
0.073981
0.039607
0.010004
0.078237
0.011266
0.294052
0.063425
0.010154
0.100385
0.105811
0.097059
0.036222
0.011188
0.062750
0.361578
0.095568
0.761553
0.013724
0.037686
0.078711
0.017731
0.057551
0.105922
0.128963
0.113201
0.017887
0.035529
0.077229
0.018862
0.121086
0.006595
0.007392
0.170550
0.103833
0.057060
0.077346
0.078480
0.433931
0.040024
0.019719
0.116981
0.559294
0.112057
0.008785
0.018288
0.131339
0.138692
0.109874
0.039247
0.009857
0.020047
0.041948
0.061931
0.032600
0.028938
0.048533
0.035223
0.036261
0.038404
0.040816
0.036182
0.112021
0.018547
0.025645
0.006990
0.095173
0.025718
0.101020
0.072548
0.029423
0.112944
0.087515
0.140631
0.049844
0.091034
0.016616
0.034903
0.212441
0.094972
0.071200
0.186993
0.031030
0.130681
0.023900
0.027219
0.073239
0.047535
0.020027
0.003132
0.193617
0.035422
0.036782
0.068172
0.066710
0.013173
0.076298
0.026139
0.104410
0.012579
0.161726
0.115543
0.008459
0.058450
0.033392
0.091623
0.446700
0.016196
0.024723
0.163001
0.073771
0.015862
0.050691
0.033198
0.170447
0.020185
0.077701
0.091993
0.011705
0.039245
0.343112
0.011877
0.020434
0.033583
0.054705
0.140316
0.111327
0.020517
0.205017
0.429498
0.029067
0.005689
0.322520
0.075040
0.140108
0.173125
0.682204
0.094696
0.145816
0.200448
0.372658
0.030476
0.095363
0.061450
0.031014
0.064433
0.053154
0.234933
0.021206
0.090474
0.098452
0.060606
0.018625
0.063800
0.005744
0.059121
0.137770
0.091454
0.078072
0.075399
0.101968
0.065599
0.063511
0.245615
0.028906
0.032042
0.015040
0.210631
0.090503
0.015215
0.030930
0.060513
0.015091
0.001822
0.067323
0.021405
0.123505
0.150669
0.153449
0.032337
0.133941
0.057573
0.117380
0.018541
0.058506
0.016392
0.030773
0.053162
0.036065
0.045461
0.019551
0.067510
0.106169
0.115389
0.217607
0.059317
0.083142
0.046180
0.947017
0.018783
0.188912
0.050293
0.020781
0.065658
0.014663
0.019841
0.017393
0.031996
0.013902
0.109525
0.011611
0.439473
0.024205
0.104509
0.193234
0.053648
0.052155
0.169305
0.112976
0.094657
0.070879
0.007424
0.093683
0.076235
0.044720
0.042076
0.101659
0.021239
0.047917
0.059963
0.107374
0.020621
0.207305
0.054396
0.043005
0.044101
0.046204
0.042450
0.060229
0.072911
0.009929
0.051370
0.316036
0.068559
0.121527
0.035076
0.315677
0.026279
0.138813
0.021993
0.062208
0.101874
0.016793
0.067242
0.194443
0.152416
0.069348
0.280418
0.074675
0.128924
0.141585
0.042604
0.041778
0.005142
0.026708
0.025720
0.025982
0.126985
0.014189
0.017198
0.125973
0.015561
0.077746
0.025216
0.007991
0.236772
0.128083
0.057790
0.325896
0.201020
0.009616
0.103075
0.024862
0.050500
0.108765
0.065491
0.311590
0.101631
0.075580
0.044332
0.077026
0.248238
0.077137
0.034315
0.287991
0.087454
0.019433
0.008441
0.144384
0.128695
0.024626
0.019443
0.012629
0.115748
0.053114
0.057266
0.024619
0.035194
0.111722
0.022941
0.240376
0.366736
0.015014
0.202602
0.162956
0.024610
0.017230
0.028412
0.022685
0.010576
0.072659
0.274197
0.380252
0.146819
0.073002
0.038666
0.016910
0.564477
0.044324
0.066012
0.064531
0.054985
0.018596
0.012977
0.079241
0.064910
0.193804
0.033618
0.018278
0.062763
0.032600
0.033934
0.154728
0.021096
0.059997
0.052321
0.023228
0.134347
0.050023
0.115672
0.061646
0.041520
0.014478
0.009996
0.172353
0.006749
0.084757
0.006016
0.054291
0.037862
0.034986
0.042308
0.026278
0.029587
0.024446
0.019695
0.049935
0.155932
0.154075
0.182439
0.087681
0.022295
0.092213
0.064579
0.045072
0.010221
0.030517
0.045831
0.075935
0.018972
0.142975
0.027652
0.369449
0.062130
0.067873
0.022528
0.065922
0.049290
0.047453
0.504247
0.286583
0.030790
0.033506
0.120951
0.034771
0.009963
0.330069
0.025527
0.082408
0.017422
0.040926
0.039392
0.011955
0.018918
0.121307
0.320062
0.119591
0.616241
0.008972
0.023058
0.083356
0.106707
0.060470
0.009727
0.039879
0.029531
0.051503
0.034271
0.041666
0.028190
0.240344
0.045012
0.145756
0.156782
0.006657
0.011575
0.021509
0.049823
0.096747
0.046154
0.019179
0.007768
0.047508
0.097472
0.038459
0.128313
0.023207
0.286416
0.010958
0.013074
0.020814
0.147202
0.041781
0.050737
0.010101
0.006960
0.054707
0.022122
0.058739
0.358166
0.138948
0.052656
0.176341
0.227485
0.055986
0.070245
0.048228
0.039320
0.011905
0.028107
0.038014
0.299755
0.011621
0.030734
0.164679
0.152683
0.048723
0.030176
0.094383
0.063471
0.028186
0.028439
0.036933
0.036121
0.017502
0.178774
0.015773
0.076030
0.180779
0.035059
0.007635
0.024245
0.082804
0.047500
0.146895
0.029927
0.025829
0.079054
0.064840
0.045448
0.024280
0.070443
0.005713
0.039282
0.100890
0.296036
0.146940
0.113829
0.179921
0.116579
0.074758
0.028735
0.026064
0.023139
0.019230
0.119308
0.097932
0.049882
0.012120
0.039750
0.057421
0.038808
0.044438
0.057569
0.118400
0.249646
0.011155
0.052192
0.072636
0.125217
0.070852
0.053356
0.045932
0.035585
0.189662
0.023267
0.093017
0.022711
0.049261
0.015028
0.036957
0.008195
0.053707
0.034981
0.035124
0.036265
0.034814
0.086217
0.038401
0.084435
0.146520
0.089149
0.090961
0.082837
0.167684
0.005479
0.057784
0.042343
0.063675
0.005562
0.019700
0.020895
0.148610
0.041962
0.024120
0.017772
0.101476
0.064001
0.023086
0.012621
0.166886
0.044761
0.088401
0.073024
0.060606
0.095428
0.066870
0.078009
0.011829
0.018852
0.199896
0.014447
0.092501
0.091698
0.013698
0.058914
0.242238
0.222061
0.079545
0.150384
0.187486
0.013902
0.057539
0.145246
0.015939
0.075905
0.065671
0.105237
0.064848
0.005035
0.089436
0.024670
0.047055
0.059526
0.041686
0.023892
0.044772
0.015350
0.026276
0.146184
0.143148
0.307951
0.028890
0.019996
0.046802
0.046463
0.354530
0.009681
0.033409
0.087865
0.006725
0.076671
0.030526
0.015927
0.075852
0.065853
0.007354
0.115438
0.052874
0.018222
0.051764
0.093024
0.092528
0.056451
0.016779
0.015476
0.038029
0.017868
0.150179
0.214247
0.265037
0.059168
0.029170
0.044064
0.109199
0.021374
0.025033
0.081091
0.032505
0.048866
0.098550
0.204914
0.051353
0.020565
0.118766
0.079145
0.033551
0.070524
0.065863
0.024849
0.024847
0.075282
0.242625
0.144164
0.136430
0.129192
0.029168
0.039703
0.032839
0.183473
0.037208
0.027720
0.079850
0.009303
0.034027
0.008228
0.103459
0.038937
0.293779
0.065599
0.251559
0.057933
0.051743
0.039694
0.033988
0.012940
0.227399
0.032518
0.032408
0.024885
0.007052
0.024960
0.051197
0.123266
0.016847
0.103084
0.143487
0.007026
0.070138
0.017385
0.030677
0.113170
0.090729
0.029058
0.030388
0.029269
0.037088
0.034672
0.072245
0.240584
0.495151
0.017257
0.017258
0.039602
0.066174
0.021394
0.115875
0.012487
0.080469
0.171672
0.025442
0.094318
0.206964
0.058432
0.243210
0.120092
0.041085
0.075162
0.050304
0.017627
0.059785
0.169866
0.081414
0.007173
0.167815
0.013653
0.019877
0.054444
0.047805
0.015196
0.014451
0.014062
0.034570
0.086108
0.143413
0.110300
0.053682
0.295590
0.079397
0.022940
0.159736
0.041317
0.135699
0.015444
0.055200
0.005368
0.081834
0.018479
0.177823
0.205620
0.611071
0.055090
0.036370
0.011585
0.114978
0.065456
0.015434
0.034224
0.016684
0.298933
0.082136
0.019079
0.267417
0.035542
0.112933
0.024989
0.018389
0.032363
0.069113
0.114405
0.010591
0.035589
0.092412
0.117235
0.485526
0.006790
0.013028
0.077158
0.143376
0.033243
0.357822
0.097628
0.122130
0.058817
0.059904
0.137020
0.003863
0.043216
0.511901
0.019385
0.072751
0.128096
0.071922
0.061228
0.144073
0.129799
0.062712
0.005889
0.014952
0.060152
0.022263
0.036136
0.047090
0.035181
0.113498
0.035024
0.014714
0.053505
0.096975
0.248122
0.185919
0.057366
0.003453
0.076814
0.077893
0.104428
0.080482
0.220370
0.027381
0.030715
0.037764
0.091454
0.059863
0.017009
0.025224
0.008141
0.073604
0.111923
0.097637
0.015799
0.063782
0.036261
0.088907
0.208370
0.032576
0.335750
0.036205
0.069335
0.031806
0.151280
0.037310
0.024806
0.120036
0.090957
0.014665
0.055150
0.021891
0.008333
0.023536
0.054001
0.030077
0.013246
0.012433
0.026939
0.052583
0.048086
0.132998
0.046162
0.078958
0.026459
0.046899
0.071923
0.166461
0.070584
0.018502
0.193136
0.096093
0.043224
0.015427
0.034111
0.159278
0.068778
0.007089
0.101971
0.083287
0.045758
0.151709
0.023076
0.023303
0.034649
0.109025
0.034539
0.010686
0.010836
0.118859
0.059934
0.126357
0.024510
0.012688
0.022657
0.015818
0.017323
0.147416
0.037032
0.228564
0.049300
0.265311
0.102121
0.037712
0.018900
0.098562
0.024336
0.089268
0.172689
0.086631
0.027627
0.045281
0.026237
0.012668
0.140506
0.047845
0.048859
0.026015
0.004928
0.024529
0.082959
0.043868
0.023650
0.078779
0.086320
0.094142
0.101429
0.015236
0.042259
0.034618
0.040737
0.014677
0.278762
0.013323
0.065618
0.046959
0.044356
0.449356
0.077434
0.193801
0.149960
0.566655
0.045091
0.020368
0.077444
0.047881
0.036642
0.177247
0.015562
0.058331
0.016628
0.045349
0.113540
0.024536
0.109339
0.010891
0.022897
0.020347
0.072417
0.104886
0.033911
0.051283
0.041080
0.018897
0.013275
0.078665
0.041221
0.482294
0.026449
0.088814
0.117163
0.040056
0.039221
0.058149
0.062485
0.052845
0.095049
0.196439
0.056519
0.435850
0.012210
0.027882
0.039440
0.010511
0.008061
0.122662
0.110427
0.033870
0.031051
0.135690
0.001337
0.112074
0.032116
0.018899
0.038931
0.049976
0.281279
0.081086
0.007523
0.136249
0.038363
0.035297
0.050359
0.021625
0.074204
0.057625
0.059798
0.039868
0.139915
0.059775
0.032393
0.169401
0.031180
0.015668
0.297938
0.061084
0.072110
0.120662
0.119091
0.061462
0.653788
0.043798
0.121623
0.037280
0.016515
0.014815
0.067579
0.039472
0.065210
0.085690
0.099380
0.011478
0.014324
0.318538
0.480431
0.130116
0.143343
0.009277
0.021023
0.047923
0.039271
0.053474
0.006653
0.145210
0.054589
0.029807
0.122106
0.052577
0.065066
0.038417
0.022389
0.028465
0.165485
0.007677
0.148328
0.035364
0.077382
0.238156
0.008738
0.035905
0.065169
0.053764
0.120096
0.028337
0.093705
0.026292
0.249405
0.120679
0.060319
0.012551
0.116978
0.019645
0.080359
0.021024
0.087274
0.302249
0.063773
0.305870
0.008440
0.250793
0.017140
0.085039
0.014993
0.476299
0.526843
0.231035
0.060182
0.113899
0.021775
0.091311
0.029307
0.138675
0.041279
0.020824
0.106008
0.047819
0.142715
0.110773
0.091786
0.050881
0.130346
0.007805
0.087906
0.084618
0.058914
0.556430
0.058385
0.067073
0.060478
0.010924
0.031568
0.017234
0.009798
0.022930
0.017638
0.013317
0.025983
0.061116
0.024407
0.076110
0.011742
0.343184
0.035377
0.008831
0.062793
0.052888
0.018978
0.029067
0.247513
0.217491
0.059329
0.012284
0.074356
0.032565
0.144061
0.059622
0.023502
0.114702
0.038030
0.042840
0.073879
0.068121
0.082409
0.053628
0.154622
0.101830
0.335194
0.147297
0.043570
0.059875
0.105299
0.100893
0.017514
0.022201
0.078297
0.068374
0.083129
0.061409
0.016742
0.023507
0.085574
0.084653
0.009547
0.170284
0.037634
0.096517
0.050695
0.008880
0.039219
0.094478
0.077048
0.004854
0.084167
0.112983
0.022099
0.014713
0.037649
0.205405
0.039532
0.043504
0.056211
0.168374
0.007248
0.019852
0.004627
0.201145
0.070025
0.050325
0.030486
0.066740
0.017496
0.019423
0.071471
0.026153
0.030729
0.141485
0.084974
0.124240
0.012298
0.249966
0.020807
0.010933
0.065631
0.095484
0.067210
0.309123
0.019709
0.060076
0.047194
0.151076
0.007907
0.195645
0.030236
0.122939
0.005344
0.229544
0.007381
0.103013
0.035137
0.024750
0.048942
0.032481
0.106211
0.020284
0.380215
0.094799
0.044848
0.036671
0.062275
0.110096
0.057318
0.009455
0.067729
0.026596
0.011541
0.040535
0.137622
0.043500
0.045472
0.118939
0.123562
0.027417
0.013960
0.022308
0.092171
0.031487
0.014790
0.080607
0.012412
0.078582
0.025859
0.184132
0.046096
0.125921
0.256786
0.186832
0.027528
0.010373
0.164464
0.047493
0.036329
0.144044
0.031639
0.091086
0.051584
0.086200
0.179472
0.039652
0.067069
0.047447
0.045540
0.030864
0.450533
0.016419
0.042906
0.011631
0.013180
0.095547
0.104941
0.009008
0.036828
0.224789
0.041951
0.012305
0.109537
0.016841
0.017366
0.010964
0.132581
0.104530
0.025304
0.087274
0.050263
0.026239
0.017076
0.184580
0.051635
0.086926
0.054073
0.014100
0.070370
0.002380
0.038777
0.025304
0.012582
0.045128
0.053978
0.045948
0.387675
0.022587
0.011501
0.064996
0.080348
0.040602
0.011786
0.006254
0.019124
0.076336
0.152005
0.163116
0.038688
0.015425
0.329819
0.026863
0.210935
0.009110
0.065187
0.018229
0.007576
0.032007
0.032575
0.011477
0.011532
0.005491
0.086017
0.106216
0.013887
0.024551
0.116917
0.081609
0.011474
0.047652
0.048916
0.041582
0.262482
0.136247
0.049890
0.008524
0.210671
0.469048
0.127526
0.288752
0.013011
0.023047
0.177842
0.201486
0.098897
0.102546
0.303996
0.023323
0.051054
0.061897
0.037015
0.019817
0.046685
0.029474
0.106747
0.249532
0.033341
0.060043
0.081287
0.029154
0.016144
0.037994
0.087230
0.031906
0.096660
0.050305
0.015126
0.042789
0.029086
0.144154
0.072756
0.112584
0.075000
0.103618
0.033902
0.047494
0.190815
0.123358
0.183484
0.048708
0.216302
0.105213
0.280790
0.095324
0.084557
0.212437
0.057571
0.006103
0.020839
0.043838
0.021179
0.206837
0.111586
0.055245
0.159033
0.015478
0.041308
0.064479
0.011725
0.058049
0.032582
0.047674
0.093049
0.172814
0.313390
0.079897
0.064427
0.027173
0.193151
0.083863
0.012990
0.030450
0.307620
0.071911
0.110435
0.040718
0.031228
0.017303
0.017653
0.055360
0.328892
0.041474
0.138007
0.134953
0.117951
0.070359
0.579670
0.160856
0.087350
0.022609
0.108713
0.255799
0.043441
0.021397
0.011842
0.021701
0.169212
0.343077
0.054249
0.317807
0.013473
0.018207
0.060448
0.057065
0.164022
0.021811
0.080724
0.183547
0.114638
0.122020
0.076057
0.132948
0.373225
0.060216
0.012803
0.096485
0.088442
0.280725
0.414462
0.012778
0.004906
0.066601
0.133963
0.012394
0.014198
0.013873
0.018182
0.306559
0.036977
0.059602
0.037434
0.018967
0.026691
0.058345
0.113005
0.054440
0.035647
0.031158
0.033281
0.066073
0.026330
0.593683
0.008005
0.032524
0.014087
0.032703
0.023953
0.225159
0.010530
0.074702
0.008878
0.005875
0.020511
0.026940
0.103773
0.069274
0.021346
0.145058
0.183851
0.069184
0.047187
0.021347
0.002531
0.007190
0.237813
0.027017
0.041464
0.011208
0.048220
0.104855
0.009659
0.024355
0.071284
0.047219
0.005706
0.536721
0.115409
0.124519
0.155278
0.057923
0.130950
0.099539
0.043537
0.031004
0.012732
0.091769
0.030168
0.079768
0.066583
0.003770
0.012001
0.055981
0.035377
0.031845
0.178159
0.025054
0.047248
0.030824
0.067686
0.025205
0.020564
0.016927
0.090228
0.003062
0.046758
0.019967
0.061834
0.153951
0.122416
0.061028
0.035751
0.023058
0.008504
0.048767
0.008699
0.031240
0.018466
0.045100
0.015924
0.412698
0.013129
0.070951
0.087622
0.092003
0.049739
0.214726
0.020552
0.125399
0.034944
0.049806
0.215265
0.098160
0.091099
0.011173
0.166783
0.173956
0.043768
0.071188
0.053064
0.077319
0.065013
0.138077
0.045340
0.139245
0.006200
0.112633
0.057425
0.063419
0.026654
0.103355
0.055256
0.015428
0.075059
0.037993
0.155731
0.024213
0.001966
0.191536
0.734755
0.280718
0.070601
0.014106
0.049668
0.035998
0.070781
0.563759
0.008811
0.118678
0.103019
0.135298
0.063051
0.009647
0.104343
0.053475
0.028354
0.059797
0.011646
0.017257
0.062014
0.048844
0.021007
0.015415
0.315242
0.015969
0.053914
0.024150
0.022675
0.017974
0.030098
0.092722
0.337691
0.019741
0.079028
0.388124
0.065595
0.016666
0.071170
0.026080
0.062683
0.053935
0.015880
0.016867
0.045187
0.140220
0.027683
0.570874
0.021668
0.042340
0.035345
0.219083
0.157622
0.441846
0.036839
0.053275
0.122731
0.048277
0.043087
0.030378
0.194534
0.030333
0.028449
0.304667
0.050192
0.023207
0.116911
0.122471
0.098467
0.373672
0.151179
0.094235
0.073393
0.152516
0.012590
0.074003
0.097148
0.016076
0.010214
0.027212
0.063724
0.028774
0.021924
0.088564
0.063687
0.027479
0.029238
0.008572
0.022397
0.099198
0.048829
0.054839
0.017098
0.068212
0.166985
0.112763
0.059884
0.016084
0.034941
0.125503
0.002120
0.207370
0.042728
0.081940
0.016890
0.066437
0.042448
0.100525
0.126298
0.083211
0.158167
0.009432
0.219133
0.054563
0.022100
0.108948
0.018629
0.067359
0.003846
0.097421
0.031522
0.072695
0.067631
0.063809
0.026953
0.010605
0.002872
0.101877
0.026169
0.025569
0.065243
0.205963
0.084011
0.009424
0.015291
0.014873
0.061390
0.040485
0.404140
0.041899
0.015629
0.013298
0.335399
0.059927
0.045679
0.051364
0.032120
0.115347
0.115843
0.117889
0.075460
0.026767
0.041253
0.052013
0.155419
0.072901
0.112722
0.010582
0.089807
0.018279
0.040883
0.046755
0.014178
0.040864
0.111478
0.152307
0.009455
0.005667
0.079998
0.065547
0.074619
0.015532
0.018106
0.172995
0.054720
0.041741
0.070731
0.122128
0.022372
0.062758
0.024874
0.039336
0.069733
0.006701
0.053230
0.030101
0.026931
0.060254
0.104164
0.019325
0.041714
0.041194
0.031404
0.040609
0.141053
0.002865
0.040308
0.102718
0.005129
0.011682
0.033094
0.100662
0.272672
0.035378
0.009677
0.019310
0.032643
0.032937
0.009555
0.026285
0.269611
0.095154
0.024605
0.032585
0.034957
0.060430
0.209519
0.122478
0.089900
0.083854
0.269696
0.152269
0.011752
0.076986
0.163339
0.102213
0.028255
0.008823
0.028922
0.025352
0.065243
0.023318
0.165911
0.036386
0.046541
0.088600
0.056537
0.026178
0.029336
0.086655
0.110737
0.007599
0.012003
0.314610
0.043498
0.042150
0.066476
0.012810
0.044145
0.028030
0.097002
0.052039
0.096868
0.026196
0.084019
0.014106
0.052443
0.097328
0.162828
0.022881
0.009238
0.095538
0.667985
0.045404
0.021879
0.029116
0.021459
0.016623
0.011731
0.020882
0.016266
0.088899
0.074637
0.242825
0.020915
0.015417
0.016454
0.029442
0.048107
0.219013
0.017205
0.035340
0.049370
0.013204
0.222655
0.031407
0.288049
0.126722
0.167133
0.079915
0.097925
0.136357
0.014593
0.240109
0.131917
0.046499
0.033803
0.036726
0.010649
0.010102
0.094857
0.060197
0.053373
0.036990
0.062633
0.037071
0.025873
0.103528
0.030049
0.059152
0.100082
0.031282
0.068071
0.069937
0.034515
0.063036
0.019969
0.022906
0.093661
0.109768
0.246363
0.033473
0.013693
0.007830
0.032825
0.161532
0.034150
0.262775
0.071573
0.199106
0.115387
0.053117
0.024527
0.062687
0.021971
0.037750
0.046131
0.015173
0.351915
0.036809
0.144508
0.149727
0.056864
0.340200
0.246162
0.189663
0.029213
0.025557
0.018643
0.018869
0.017741
0.130103
0.292006
0.066543
0.010918
0.032349
0.050239
0.035788
0.093031
0.028315
0.071900
0.043223
0.089675
0.066151
0.037274
0.300874
0.145727
0.164829
0.056824
0.204356
0.096704
0.085275
0.034002
0.039445
0.036373
0.019985
0.101878
0.193019
0.173748
0.058241
0.001974
0.016379
0.048218
0.129968
0.576934
0.143901
0.062747
0.095786
0.016532
0.050130
0.030072
0.054965
0.023352
0.202670
0.033755
0.294702
0.011762
0.033618
0.054627
0.042100
0.251041
0.102765
0.010693
0.006196
0.004572
0.023734
0.211570
0.040603
0.201916
0.034756
0.015949
0.030403
0.014455
0.468035
0.038337
0.047504
0.125049
0.048717
0.031968
0.004848
0.014927
0.100628
0.032668
0.022667
0.139485
0.140747
0.020677
0.061348
0.032043
0.041058
0.011229
0.015917
0.078241
0.288041
0.072611
0.046739
0.149068
0.011021
0.093936
0.103587
0.135810
0.011928
0.016906
0.025500
0.198994
0.054165
0.059746
0.089641
0.037524
0.012631
0.015545
0.051684
0.019800
0.045875
0.195505
0.014224
0.071352
0.067595
0.005209
0.088502
0.044656
0.102222
0.065749
0.059340
0.023279
0.078594
0.032070
0.105562
0.009156
0.027427
0.111108
0.031153
0.139622
0.246492
0.018110
0.363119
0.151188
0.156663
0.044078
0.052664
0.077462
0.121415
0.185975
0.017144
0.026673
0.044572
0.085247
0.020449
0.029977
0.016595
0.059690
0.109527
0.033570
0.151327
0.199319
0.050559
0.319541
0.055887
0.016013
0.074721
0.023026
0.029681
0.021294
0.039980
0.108109
0.097597
0.024881
0.039104
0.088009
0.096337
0.148651
0.027125
0.105011
0.048968
0.014133
0.030550
0.013601
0.052997
0.042649
0.157789
0.084431
0.064349
0.046324
0.003788
0.093870
0.028558
0.139175
0.135102
0.022761
0.137465
0.044068
0.003106
0.046848
0.126608
0.170317
0.062506
0.010914
0.086011
0.029622
0.041080
0.156660
0.246291
0.093996
0.012657
0.037381
0.024245
0.056566
0.072951
0.006656
0.048744
0.042291
0.087840
0.022028
0.068210
0.058723
0.106989
0.034444
0.052984
0.019589
0.062781
0.149424
0.012121
0.020958
0.056392
0.053265
0.018470
0.022645
0.136415
0.046601
0.022748
0.035710
0.020418
0.079675
0.444534
0.050635
0.040378
0.002727
0.032209
0.011716
0.007611
0.009192
0.057580
0.033746
0.088114
0.075072
0.061084
0.009792
0.011719
0.055110
0.152142
0.046302
0.027636
0.057299
0.045199
0.027055
0.076409
0.085666
0.007045
0.020737
0.108920
0.071957
0.371209
0.084970
0.215354
0.060712
0.046261
0.019626
0.085713
0.017582
0.045728
0.007339
0.065586
0.019102
0.066630
0.037647
0.021063
0.033111
0.074610
0.566065
0.013867
0.046234
0.015289
0.145729
0.004549
0.055394
0.111036
0.067222
0.231987
0.107622
0.006803
0.102235
0.071380
0.087185
0.308812
0.111666
0.131138
0.031527
0.228056
0.026956
0.063407
0.163742
0.105246
0.017697
0.085797
0.025721
0.142463
0.013407
0.207800
0.060766
0.043295
0.015380
0.819274
0.067828
0.010914
0.068040
0.083224
0.019251
0.498087
0.016486
0.033765
0.050259
0.178010
0.003417
0.108356
0.079888
0.042789
0.126301
0.064899
0.035264
0.053737
0.010585
0.056101
0.320692
0.019931
0.077849
0.204157
0.008367
0.740747
0.143393
0.011157
0.075577
0.144400
0.056605
0.044244
0.098299
0.021680
0.026802
0.134054
0.077539
0.059121
0.042351
0.047554
0.128210
0.125492
0.356668
0.015668
0.063895
0.522991
0.020234
0.022857
0.044488
0.074816
0.020157
0.067095
0.067968
0.014164
0.025616
0.041091
0.039246
0.018963
0.058961
0.024120
0.027642
0.216684
0.029243
0.119013
0.037919
0.072183
0.203814
0.085257
0.007783
0.064016
0.018717
0.014982
0.018595
0.014523
0.081509
0.014500
0.097088
0.045784
0.084109
0.173950
0.128135
0.013935
0.096774
0.027532
0.098873
0.030902
0.004102
0.238923
0.271049
0.187932
0.088821
0.039543
0.713165
0.021021
0.055885
0.011668
0.107566
0.019239
0.073790
0.027459
0.044916
0.096544
0.075105
0.012143
0.025335
0.038802
0.016666
0.023704
0.180006
0.040508
0.123784
0.149100
0.245049
0.025808
0.066039
0.027008
0.070958
0.018413
0.437143
0.020105
0.025451
0.043310
0.012918
0.097301
0.291808
0.031790
0.063789
0.043726
0.015432
0.108847
0.032166
0.108094
0.022874
0.019448
0.044272
0.026820
0.092928
0.098860
0.051892
0.020299
0.095983
0.284073
0.170471
0.109234
0.007976
0.026829
0.017225
0.024314
0.061621
0.081587
0.282955
0.110306
0.007760
0.017199
0.035350
0.009960
0.263777
0.048743
0.053156
0.054986
0.023870
0.993792
0.025524
0.072920
0.007191
0.007684
0.145915
0.017712
0.012199
0.027797
0.018757
0.100487
0.029875
0.055872
0.010454
0.067287
0.030271
0.011084
0.055446
0.037173
0.081096
0.043075
0.050140
0.012412
0.053445
0.169177
0.037514
0.182508
0.027637
0.023811
0.392532
0.009933
0.026400
0.224260
0.023426
0.074112
0.057974
0.194710
0.175951
0.107664
0.005700
0.081469
0.018627
0.004104
0.139314
0.026524
0.039814
0.028974
0.035964
0.022533
0.044444
0.031573
0.056650
0.068116
0.043792
0.083182
0.034936
0.085253
0.036839
0.021253
0.089483
0.009529
0.131932
0.105236
0.076740
0.011223
0.016306
0.057960
0.141211
0.035092
0.098084
0.009848
0.378112
0.013136
0.059627
0.206627
0.188466
0.025802
0.074449
0.020008
0.097870
0.097845
0.206179
0.077738
0.239397
0.014887
0.066925
0.120266
0.060676
0.255980
0.053720
0.369160
0.388841
0.022527
0.020533
0.108788
0.021885
0.039675
0.006495
0.051357
0.058455
0.018448
0.031127
0.116983
0.010549
0.005496
0.070207
0.129955
0.036187
0.088469
0.067611
0.021287
0.181561
0.069367
0.310044
0.041887
0.015594
0.024226
0.078860
0.014920
0.018365
0.021830
0.009417
0.018837
0.073333
0.035668
0.148505
0.087086
0.017818
0.120952
0.102651
0.005969
0.223768
0.027985
0.027254
0.116512
0.103339
0.245296
0.042061
0.045732
0.088828
0.169167
0.011858
0.089043
0.048967
0.042001
0.054541
0.054392
0.324389
0.006498
0.110123
0.017439
0.040258
0.019654
0.149841
0.023923
0.037465
0.252789
0.158175
0.023064
0.294086
0.074214
0.071274
0.027270
0.104451
0.034353
0.034613
0.292925
0.048357
0.065444
0.091155
0.035903
0.068669
0.031528
0.032221
0.061789
0.033040
0.011045
0.027738
0.055947
0.014573
0.037749
0.059111
0.190853
0.095878
0.023418
0.094819
0.044135
0.016980
0.085502
0.129683
0.088513
0.047582
0.002611
0.009086
0.079952
0.103873
0.049066
0.183226
0.098749
0.037223
0.013513
0.020000
0.014496
0.316226
0.042777
0.013238
0.066443
0.007595
0.014549
0.029475
0.181558
0.013545
0.085679
0.013857
0.017243
0.021582
0.022381
0.030035
0.324337
0.051069
0.005281
0.011350
0.018272
0.040708
0.052719
0.367680
0.139764
0.053857
0.026429
0.079685
0.142532
0.172023
0.278870
0.100830
0.039113
0.011759
0.044312
0.056711
0.038008
0.090127
0.022519
0.078301
0.050689
0.008059
0.198427
0.005543
0.061420
0.166415
0.298365
0.050762
0.072486
0.048355
0.069842
0.007566
0.335732
0.076148
0.038979
0.093186
0.038461
0.017908
0.112525
0.022789
0.132569
0.029577
0.057472
0.017188
0.049061
0.010261
0.005948
0.319309
0.019998
0.022473
0.113834
0.045281
0.020321
0.068622
0.070172
0.042961
0.114315
0.028252
0.073362
0.095851
0.072740
0.127093
0.008954
0.028713
0.004311
0.109428
0.039479
0.157999
0.010084
0.001053
0.017394
0.088837
0.052707
0.243928
0.041382
0.020675
0.108401
0.153154
0.075017
0.223373
0.225862
0.033799
0.026230
0.091540
0.051504
0.113129
0.020525
0.036152
0.048660
0.052555
0.031526
0.022828
0.060230
0.064511
0.018267
0.008269
0.021014
0.407679
0.136473
0.045357
0.022381
0.057790
0.080934
0.010540
0.017574
0.077851
0.011689
0.046159
0.008412
0.109627
0.124308
0.111968
0.082703
0.047453
0.018023
0.165432
0.098422
0.021751
0.083469
0.164617
0.024665
0.044888
0.097674
0.008833
0.105409
0.101408
0.016836
0.046233
0.081148
0.244650
0.016184
0.020244
0.008243
0.026566
0.123025
0.042387
0.026509
0.027825
0.052139
0.000882
0.033379
0.237875
0.016457
0.175852
0.134146
0.023833
0.078011
0.020590
0.027487
0.047190
0.031957
0.171571
0.025584
0.559221
0.160775
0.053240
0.116665
0.017578
0.292783
0.108267
0.050995
0.183910
0.043320
0.010013
0.048306
0.117878
0.067522
0.077034
0.027757
0.172149
0.005739
0.176999
0.063252
0.008935
0.278085
0.061150
0.109709
0.029184
0.184762
0.019518
0.051684
0.060239
0.138201
0.230968
0.023895
0.041703
0.124257
0.066142
0.035241
0.164846
0.027230
0.030879
0.024847
0.004822
0.045509
0.203836
0.063356
0.055544
0.036911
0.005505
0.045844
0.189235
0.222513
0.094580
0.186610
0.061284
0.009902
0.015616
0.123168
0.181933
0.072906
0.034372
0.090095
0.015187
0.015613
0.066678
0.016731
0.012695
0.037601
0.059235
0.026670
0.012752
0.089239
0.012069
0.160081
0.153126
0.030477
0.061198
0.047717
0.172702
0.011820
0.019982
0.154911
0.291960
0.218864
0.077529
0.013032
0.020467
0.192450
0.028208
0.042583
0.022668
0.114808
0.055861
0.049942
0.018280
0.077303
0.018990
0.056118
0.048020
0.109311
0.081716
0.039404
0.043711
0.062388
0.048218
0.037268
0.057929
0.016224
0.045974
0.103507
0.014324
0.102902
0.060971
0.037413
0.067111
0.121760
0.022203
0.090074
0.018474
0.022439
0.104249
0.031285
0.021891
0.012140
0.076634
0.041774
0.114727
0.123374
0.884646
0.028259
0.115515
0.029844
0.090182
0.028154
0.204969
0.071339
0.180044
0.022580
0.100828
0.045403
0.007046
0.041003
0.106940
0.018460
0.031891
0.086632
0.132178
0.038285
0.236692
0.022935
0.016889
0.224904
0.003117
0.020868
0.085886
0.011943
0.071956
0.138047
0.008014
0.100478
0.046127
0.012631
0.133376
0.107496
0.030091
0.143355
0.018023
0.602483
0.069974
0.089259
0.032229
0.056662
0.086764
0.015641
0.032712
0.011271
0.079035
0.060997
0.205801
0.160770
0.026591
0.072835
0.025312
0.026087
0.031390
0.086812
0.103937
0.053391
0.170514
0.007088
0.014729
0.025316
0.039793
0.026283
0.035708
0.090315
0.031379
0.062308
0.035907
0.126782
0.047731
0.052821
0.190989
0.057421
0.056119
0.054609
0.032620
0.090270
0.003516
0.026675
0.005425
0.979722
0.139190
0.056623
0.335082
0.103117
0.095059
0.190153
0.028175
0.154089
0.230928
0.052341
0.019347
0.104597
0.066493
0.034548
0.139761
0.220328
0.042825
0.119683
0.069252
0.095465
0.070059
0.063746
0.061538
0.041177
0.021071
0.123920
0.170670
0.024403
0.089246
0.177916
0.091626
0.065817
0.142926
0.030972
0.050020
0.187422
0.020156
0.004472
0.043334
0.088527
0.046467
0.042193
0.048354
0.075814
0.068375
0.089435
0.077085
0.084984
0.152127
0.074630
0.032374
0.050816
0.110298
0.031637
0.102324
0.060497
0.025028
0.013314
0.091670
0.134803
0.235717
0.018167
0.029231
0.028661
0.108182
0.134792
0.024150
0.019342
0.075751
0.014641
0.350329
0.053097
0.079040
0.042916
0.065183
0.118042
0.028991
0.017833
0.159142
0.049469
0.055670
0.106747
0.203886
0.071201
0.004998
0.581535
0.158907
0.097675
0.180391
0.049497
0.121093
0.021766
0.044333
0.015124
0.047069
0.037728
0.118586
0.110898
0.060855
0.008371
0.084689
0.012912
0.011839
0.036982
0.050089
0.127596
0.044462
0.021464
0.017406
0.031725
0.047447
0.119600
0.044834
0.018660
0.079061
0.011929
0.020021
0.072171
0.106158
0.045305
0.846563
0.037846
0.045988
0.027886
0.076234
0.247290
0.113405
0.028373
0.103631
0.023273
0.123355
0.042851
0.034798
0.052634
0.017203
0.088118
0.022792
0.079719
0.801344
0.098196
0.039257
0.047693
0.021536
0.047701
0.057407
0.092599
0.053659
0.010610
0.035041
0.054488
0.011140
0.040095
0.057097
0.035530
0.039513
0.054891
0.102644
0.480526
0.073323
0.052049
0.033985
0.062741
0.030853
0.022795
0.033877
0.028079
0.047322
0.051703
0.085235
0.015389
0.026016
0.019634
0.042168
0.140220
0.022836
0.133167
0.039997
0.016404
0.025794
0.188000
0.174725
0.069642
0.051102
0.146353
0.048533
0.081502
0.171986
0.008964
0.010071
0.060104
0.205849
0.065112
0.012803
0.091564
0.064574
0.027651
0.051254
0.066376
0.018516
0.021376
0.014350
0.037674
0.054467
0.070954
0.180677
0.036951
0.035476
0.062876
0.020296
0.075477
0.050688
0.010136
0.145542
0.028187
0.027576
0.031452
0.040378
0.057045
0.058116
0.034500
0.157532
0.301454
0.168757
0.004496
0.059614
0.118998
0.008028
0.073063
0.008787
0.048028
0.027696
0.119771
0.034310
0.050667
0.031628
0.041736
0.105077
0.022236
0.081996
0.049910
0.060300
0.160728
0.016166
0.055391
0.061739
0.018574
0.041923
0.300626
0.077928
0.072582
0.091551
0.081190
0.106063
0.027749
0.173016
0.007066
0.010433
0.016034
0.009603
0.085653
0.034047
0.073182
0.007755
0.006931
0.094882
0.008369
0.047456
0.126162
0.210977
0.020024
0.335230
0.038959
0.237384
0.031472
0.049862
0.392188
0.017157
0.037440
0.007080
0.030857
0.023269
0.044402
0.142982
0.030937
0.036454
0.057957
0.320396
0.021453
0.110300
0.024893
0.058262
0.633034
0.044765
0.039458
0.058534
0.048295
0.057970
0.043677
0.234991
0.095560
0.013851
0.095266
0.079954
0.090595
0.075961
0.040481
0.144223
0.028367
0.028058
0.045319
0.052951
0.087976
0.209154
0.144515
0.076027
0.033342
0.142858
0.077169
0.048671
0.017955
0.023999
0.009211
0.191530
0.142624
0.275234
0.021761
0.016063
0.042229
0.026917
0.030064
0.111665
0.027152
0.127345
0.083133
0.018117
0.026967
0.393387
0.452602
0.006741
0.023790
0.012940
0.129024
0.016155
0.095214
0.038990
0.188444
0.095242
0.038880
0.014526
0.087152
0.187321
0.120622
0.209888
0.125654
0.040594
0.030395
0.060893
0.274951
0.008213
0.035316
0.019101
0.195775
0.006532
0.009590
0.050011
0.107855
