68
1.688416
4
91
40
10
1
5047
0.401933
0.430421
0.816917
1.000000
-1.000000
-0.986277
0.262496
-0.220891
0.285875
0.427620
-0.177415
0.069948
0.775860
0.414049
0.027456
0.188164
0.092571
-0.854960
-0.370847
-0.213342
0.046590
-0.429696
0.871729
0.463687
0.607304
0.035838
-0.519647
-1.000000
-0.617631
-0.124350
-0.947191
-0.110920
0.072551
-0.369757
0.023694
0.045193
-0.338001
-0.150454
0.072786
-0.101145
-0.297586
0.720543
0.064160
-0.630276
-0.347427
-0.304522
-0.198617
-0.287005
0.217196
-0.883902
-0.385795
-0.838439
-0.050189
-0.235950
-0.839347
0.116274
-0.806723
0.289203
0.404211
-0.119396
0.452222
-0.115762
-0.322440
1.000000
0.585138
0.445032
-0.499876
-0.370570
-0.701661
-0.172936
-0.844624
-0.202750
-0.227769
-0.058412
0.436205
0.113624
0.555399
0.422131
0.314554
-0.942783
-0.146753
0.541418
0.680816
0.411879
-0.827545
-0.120096
0.354761
-0.170472
-0.001713
-0.344548
-0.275213
-0.262911
0.018948
-0.233224
0.473584
0.009687
-0.024480
0.327826
-0.136896
-0.185784
0.059920
-0.101879
-0.317613
0.186874
-0.467602
-0.113165
0.044952
0.696207
-0.739214
0.450326
0.498786
-0.491681
-0.254800
-0.328354
0.229607
0.062026
0.660375
0.003061
-0.390524
0.162380
0.089357
0.183038
0.539365
-0.580833
0.559684
0.099728
-0.224263
-0.924566
0.756268
-0.135575
0.520323
-0.764506
-0.051788
-0.217388
-0.434873
0.175847
0.699790
0.075688
-0.176301
0.383971
-0.182388
0.124377
-0.326969
0.128272
0.476240
0.339346
1.000000
-0.222073
-0.009148
0.010687
-0.396928
-0.185326
-0.372711
-0.997750
0.371630
-0.168427
-0.460601
-0.195498
0.254378
-0.251954
0.153561
-0.454391
0.129880
0.006983
0.114901
0.569043
0.388975
-0.282375
0.003461
-0.310307
-0.006849
-0.267005
0.056587
-0.561689
0.575088
-0.317082
-0.400335
0.232397
0.018779
-0.346983
-0.361542
-0.444395
-0.276149
-0.228380
-0.191371
-0.830382
0.228484
0.732353
0.790749
0.171102
-0.234179
0.027050
0.432616
-0.084152
-0.490182
-0.174509
0.220783
-0.034570
0.816204
-0.104638
-0.401448
-0.300893
0.008505
-0.296078
0.160768
-0.434628
-0.075686
-0.456118
0.007487
0.881337
-0.099622
-0.782480
-0.490512
0.834135
-0.003098
0.690775
0.201570
0.506879
0.101384
0.000978
0.778517
0.525240
0.459116
0.083607
0.747570
0.556183
-0.197275
-0.652608
-0.152145
-0.072211
0.931052
-0.112069
0.009630
0.252042
0.487029
-0.209762
-0.021524
-0.959320
0.963320
0.138575
-0.087302
0.669344
-0.499330
0.518278
-0.295640
0.315103
-0.544939
-0.166474
-0.034553
0.818529
-0.194337
0.432023
0.751312
-0.306797
0.109330
-0.777874
-0.935889
0.210602
0.181130
0.968104
-0.174156
-0.298028
-0.228626
-0.194762
0.162771
0.125109
0.995398
-0.173317
0.324360
0.241807
1.000000
-0.388333
-0.088513
-0.053516
0.869842
0.085755
0.151047
0.298841
-0.961184
-0.284696
0.126172
-0.289777
-0.373423
-0.420617
0.903761
0.072516
-0.844162
-0.081018
0.781036
0.141081
0.046739
-0.094683
-0.304871
0.395411
-0.948168
0.353393
-0.066901
-0.275392
-0.753027
0.542569
0.570276
-0.338687
-0.242603
1.000000
-0.111346
-0.495891
-0.388297
-0.133782
-0.364939
0.481096
-0.139802
-0.333361
0.818890
-0.211874
0.240888
-0.956391
0.389279
-0.069424
0.149261
0.124401
-0.352542
-0.039385
0.223392
0.111718
-0.092550
-0.448487
0.723244
0.122773
0.280402
-0.898864
0.361968
-0.228884
0.011759
-0.056658
0.300628
0.386057
0.591156
-0.780687
-0.472582
-0.833308
-0.210776
-0.418796
-0.749183
0.204137
-0.368578
0.555203
0.374323
-0.695235
-0.030740
1.000000
-0.100304
0.046690
0.056840
0.436737
0.021045
-0.032020
0.905984
0.002777
0.280642
-0.529440
0.278613
0.378680
0.232183
-0.189952
0.733311
0.538423
-0.850761
-0.368954
0.080976
0.280101
-0.980177
-0.175758
0.400279
-0.153549
-0.898276
0.132579
0.007511
-0.152561
0.701700
-0.042354
0.347763
-0.198784
-0.588717
0.355098
-0.154594
0.768331
0.332327
0.152668
0.895058
0.158324
0.435492
0.256113
-0.442496
0.919251
-0.119428
0.825754
-0.235269
0.165232
-1.000000
0.148786
0.297401
-0.062679
-0.250873
0.454455
0.104949
-0.741559
-0.987149
0.319441
0.549906
-0.363432
-0.260555
-0.029908
0.144594
0.396169
0.160752
0.207038
0.781124
0.116909
-0.063045
0.361370
0.183385
0.121728
-0.878947
0.324443
0.205836
0.047108
-0.587542
0.279305
-0.149191
0.026439
-0.519980
-0.118394
0.576983
-0.700118
-0.002986
0.350033
0.391676
0.613183
-0.290669
0.581585
0.088083
0.096438
-0.389924
-0.498790
-0.042418
-0.683054
0.059172
0.295307
-0.573406
-0.169057
-0.696075
-0.203744
-0.681353
-0.064945
-0.487107
0.077977
0.642922
-0.103497
-0.298230
0.106595
0.430475
-0.636537
0.641259
0.636003
-0.871116
0.637455
-0.134222
0.093966
-0.339393
0.364962
0.821776
-0.926682
-0.072566
0.266559
0.173552
0.232887
-0.284802
0.201931
-0.843464
0.209877
-0.181815
-0.695791
0.010586
0.345775
0.188111
0.651241
-0.057317
0.251020
0.420675
0.112652
-0.910640
-0.161854
-0.410464
0.521411
0.083782
0.165701
0.457325
-1.000000
-0.573859
-0.556882
0.030152
-0.907770
-1.000000
0.461198
0.170814
0.371314
0.813947
0.308530
-0.268304
-0.486938
0.221761
0.429991
-0.024357
-0.349372
0.271191
-0.861198
0.449638
0.079500
0.432560
-0.333006
-0.454112
0.078807
0.493795
-0.188582
-0.035870
0.098487
-0.215172
-0.506151
0.548659
0.203078
0.172702
0.272359
0.680057
0.135432
-0.018894
0.108078
0.064984
0.320593
0.211977
0.016052
-0.007735
0.354692
1.000000
0.736205
-0.534246
0.321564
-0.341797
0.234871
-0.776873
0.148607
0.777387
-0.259846
-0.553926
-0.163526
0.040047
0.042188
0.659279
-0.116471
0.423832
1.000000
-0.312728
0.705335
-0.311577
0.545834
-0.137962
0.010965
-0.169872
0.676947
-0.021474
-0.491462
0.152199
-0.620194
0.175958
0.154893
0.879809
0.085492
0.970528
-0.255972
-1.000000
0.496484
-0.356858
-0.185027
-0.002163
0.229712
-0.098040
0.151834
0.641914
-0.202599
-0.422709
-0.040559
-0.028913
-0.007401
-0.421816
-0.191587
-0.093037
0.690080
0.604306
-0.337309
-0.513830
0.011858
-0.811394
-0.200174
-0.960165
0.804824
-0.098860
-0.128071
0.152961
-0.950516
-0.202789
0.947590
0.386724
0.389402
-0.851358
0.283104
-0.785324
-0.166309
-0.002886
-0.543802
-0.355267
0.364117
-0.667063
0.375283
-0.682286
0.159969
-0.181392
-0.772982
0.461419
0.838239
0.513814
1.000000
-0.189835
0.071138
-0.362348
0.057152
-0.167472
-0.055659
-0.335022
-0.082173
0.074812
0.294530
0.185817
-0.025219
0.005889
0.614234
0.209872
0.296487
-0.089091
-0.328558
0.594061
0.008086
0.201957
-0.314832
-0.221026
-0.351161
-0.328399
0.086476
-0.460661
0.149717
-0.023438
-0.140195
0.058618
0.395134
0.271276
-0.006185
-0.333409
0.232005
-0.320161
0.104025
0.088455
-0.449433
0.264952
-0.051921
0.129637
0.169204
-0.411475
0.456962
-0.427769
0.982533
0.803557
0.030003
0.284809
0.085127
-0.355054
-0.445016
-0.423042
0.539865
0.834379
0.128549
-0.159988
-0.073179
0.321800
0.159967
0.412183
0.286105
-0.309977
-0.473301
1.000000
0.046187
-0.253479
0.981325
-0.557988
0.157593
-1.000000
1.000000
-0.017222
0.182700
-0.173529
0.522537
0.207265
-0.310158
0.254485
-0.012855
0.029098
-0.122707
-0.046927
-0.557142
-0.172126
-0.300578
-0.669062
0.144070
-0.510521
0.037553
-0.023194
0.591344
-0.075900
-0.794159
0.044441
-0.457258
-0.180344
-0.582260
0.216062
-0.363489
0.123384
-0.132274
0.013712
0.676801
-0.084883
0.524872
0.387432
0.036634
-0.053257
-0.830918
-0.552171
-0.136483
0.602538
0.031189
0.708988
0.992235
-0.412012
0.067716
0.350737
-0.040338
-0.350189
0.473336
-0.073983
0.217370
-0.513224
0.157166
-0.929411
0.173502
-0.054712
0.801026
-0.045379
0.235097
0.903093
-0.146195
0.094325
0.374965
-0.532012
-0.316335
0.088331
0.040313
0.202377
0.526011
0.282799
0.451135
0.030028
0.517930
-0.413881
0.145089
-0.677850
-0.134381
0.507279
0.512084
0.252497
0.517039
0.010249
0.456868
-0.114382
-0.025204
-0.037058
-0.196396
0.202728
0.082015
-0.395777
-0.861989
-0.204358
0.112126
0.184123
-0.409676
-0.127857
0.242445
0.140735
0.101072
-0.752865
0.532502
-0.673751
0.405147
0.168498
0.177638
-0.240030
0.489979
-0.028829
0.353236
-0.042533
0.769364
-0.214451
-0.080287
0.024985
0.535832
-0.411916
0.311947
-0.520746
-0.074154
-0.107767
-0.499126
0.460627
0.155908
-0.021890
-0.278245
0.933883
-0.766250
-0.122236
0.400889
0.278200
0.242926
-0.189104
0.270888
0.070366
-0.193953
0.262301
1.000000
0.441994
-0.995704
-0.051407
0.115390
0.826363
0.149404
-0.509239
0.274092
-0.494545
0.730248
-0.079193
-0.129090
0.239151
0.328424
0.605902
0.388273
0.482355
-0.753376
-0.320563
0.261740
0.216231
-0.238950
0.468226
0.013535
-0.140677
0.035802
0.007249
0.261931
0.121972
-0.874135
0.368895
-0.092657
0.144903
-0.162171
-0.468042
-0.283908
0.948119
0.748970
-0.662006
0.293287
-0.146673
-0.270260
0.514233
-0.121857
-0.803635
-0.005318
0.118498
0.121237
0.053881
-0.628743
-0.567055
-0.221532
0.745595
-0.317484
0.235820
-0.198175
0.004268
-0.640352
0.167023
0.787457
0.309090
-0.214461
-0.061566
0.734580
-0.342634
-0.330723
0.401593
-0.941248
0.367448
-0.321943
0.665898
-0.476322
-0.429642
-0.549640
-0.457627
0.115323
-0.826539
-0.190360
-0.322473
-0.000890
0.442039
0.059943
1.000000
0.323345
-0.294139
-1.000000
0.285918
0.345187
-0.500578
1.000000
0.131902
-0.156888
-0.216432
0.221544
0.527201
0.595755
-0.377939
0.554827
-0.132278
-0.337561
0.093860
0.415278
-0.223193
-0.624115
0.343575
-0.288899
0.188145
0.726956
0.010147
0.474854
-0.110941
0.005198
0.073921
-0.586819
-0.285766
-0.053632
0.713648
-0.017658
-0.078403
0.977070
-0.412645
-0.023839
0.544195
-0.091805
-0.621547
0.959746
0.257359
0.071517
0.235533
-0.037473
-0.835645
-0.101525
0.885540
-0.256059
-0.445698
-0.173672
0.078843
-0.200805
0.472538
0.335248
0.002733
0.164124
0.230177
0.724208
-0.738212
-0.050362
0.118130
0.607786
0.251386
-0.004360
-0.208977
0.722956
0.473852
0.153002
0.513306
-0.238058
-0.626402
-0.735488
-0.112263
0.381141
0.193842
0.124429
0.279308
-0.503736
-0.385147
-0.243663
-0.003772
-0.595631
-0.006800
-0.299489
0.300030
-0.002756
-0.230455
0.148498
-0.517995
-0.537869
-0.109029
-0.322815
0.500592
0.544658
-0.663489
-0.200316
0.724187
0.034108
-0.597061
0.251106
0.837448
0.525955
0.628025
0.170849
-0.361233
-0.478618
0.539587
-0.080801
0.781395
-0.387481
-0.340838
-0.279933
-0.010652
-0.628871
-0.188762
0.403649
-0.051693
0.041428
-0.327110
-0.089086
0.558300
-0.374426
-0.240922
0.217279
-0.163863
0.532012
0.255332
0.358422
0.329186
0.624781
0.000046
-0.294410
-0.656786
0.249733
0.946345
-0.115442
-1.000000
0.123778
-0.846547
-0.089868
-0.066417
0.302970
-0.399477
0.041710
-0.104171
-0.333164
-1.000000
0.788854
-0.342906
-0.045179
1.000000
0.236698
0.312941
-0.408404
-0.216924
0.003921
-0.016788
0.435052
0.968754
-0.005451
0.149137
-0.760311
0.360727
-1.000000
-0.015914
-0.360152
0.155095
-0.180019
-0.464685
-0.649535
-0.158115
0.676877
0.558500
-0.162555
0.617734
0.184039
0.293903
-0.933918
-0.198051
-0.534559
0.553854
0.012157
0.377638
-0.689818
-0.705208
0.525382
-0.695049
-0.581299
-0.255794
-0.695952
0.354149
0.386199
0.539013
-0.506442
-0.334479
-0.147660
0.256645
-0.045088
-0.221857
-0.053988
0.734492
0.235300
-0.351644
-0.306679
-0.028136
-0.387769
-0.249539
0.050991
-0.136478
-0.017273
0.446401
0.219027
0.123971
0.620243
-0.186966
-0.330776
0.199823
0.089006
0.923478
0.088993
-0.010721
0.165052
0.719040
0.113620
0.145947
-0.821396
-0.893799
0.773131
0.532400
0.424136
-0.132581
0.714905
0.050555
0.278959
0.210313
-0.115116
-0.368390
-1.000000
0.390885
0.537870
0.385421
0.026767
0.285066
0.179783
0.034556
-0.081272
-0.216328
0.263404
-0.035245
-0.399855
0.245270
0.159346
-0.034124
-0.925458
-0.201958
-0.049887
0.289965
-0.062257
-0.103328
0.153869
-0.274705
-0.142067
0.122074
0.937436
-0.024493
-0.049641
-0.774327
0.811276
-0.435658
0.419843
0.010855
0.171390
0.009768
-0.014646
-0.214820
0.273713
0.551042
-0.025193
-0.450224
0.048857
-0.366311
0.200932
-0.408124
0.636059
-0.835315
-0.196834
-0.187099
-0.041088
-0.178541
0.085319
-0.511838
0.256526
-0.400331
0.512111
0.052533
-0.769861
0.412817
0.762637
-0.458378
-0.015267
0.383444
-0.475360
-0.159505
0.300087
0.486390
-0.481488
-0.178062
-0.583021
0.061245
-0.423577
-0.163049
0.938228
-0.661043
-0.475913
0.488722
-0.547098
-0.433667
0.441707
-0.443416
-1.000000
-0.296676
-0.203002
0.260367
0.674213
0.250272
0.373888
0.840836
-0.244721
-0.282413
0.404552
-0.571380
-0.075728
-0.305339
0.236036
0.329729
0.083089
-1.000000
0.144610
-0.518291
-0.283152
0.330890
0.132593
-0.044043
0.011014
0.499268
-0.563515
0.471339
0.598819
-0.264810
-1.000000
-0.360371
-0.343867
-0.202144
0.556936
0.953285
-0.257085
-0.245494
-0.136339
-0.208717
-0.207831
-0.406425
0.180664
0.340580
0.294564
-0.029146
0.411699
-0.280781
0.476832
-0.658809
0.039348
0.156859
0.706568
0.280094
0.006415
0.593775
0.203048
0.034029
-0.362751
0.178587
-0.591669
-0.051449
-0.370235
0.388735
0.425325
-0.840063
0.161657
0.031592
-0.126133
-0.319515
-0.154628
0.079110
-0.262444
-0.235964
-0.169825
-0.567519
0.407903
-0.391961
0.002916
0.636008
-0.097715
-0.470581
0.206562
-0.612927
-0.168491
0.836236
0.378678
0.042927
0.543219
0.112207
-0.587322
0.470238
-1.000000
-0.949989
-0.015666
0.318211
-0.558511
-0.142481
-0.365751
-0.532866
-0.291839
0.229903
0.740187
0.197993
0.237894
-0.088267
0.313244
0.074189
-0.336734
0.149310
0.528984
-0.055794
0.445941
-0.285327
-0.634277
-0.893258
0.567455
0.201981
0.189864
-0.461880
-0.119932
-0.124357
-0.334117
-0.034024
-0.213534
0.650045
-0.700784
0.021007
-0.218089
-0.689331
0.207918
-0.097608
0.094886
0.291115
0.097892
0.114379
-0.457273
0.051097
-0.339184
-0.989565
0.755750
-0.130474
-0.252756
-0.058892
-0.093455
0.522614
0.262812
0.135195
-0.561238
0.103539
0.770968
-0.207478
-0.463705
-0.410661
0.218340
-0.279281
0.115605
-0.912842
-0.393919
0.353317
-0.142953
-0.097299
0.162289
-0.195382
0.284481
-0.447114
0.126225
0.440713
0.747157
0.104410
-0.128719
-0.014237
-0.419616
-0.165262
0.244599
0.567154
-0.198340
0.324987
0.625496
-0.158007
-0.849215
-1.000000
-0.735079
-0.519067
0.825156
0.249025
-0.165387
0.111839
0.014004
0.333616
0.196727
-0.258581
0.085132
-0.211891
-0.112149
1.000000
-0.221705
-0.312556
0.117412
-0.267731
-0.673023
-0.951438
-0.639362
-0.019524
-0.042105
0.038312
0.316409
0.386519
0.771916
-0.036948
-0.429076
-0.478593
0.668743
-0.939455
0.300220
-0.074689
-0.282368
-0.002032
0.158989
0.332668
-0.050994
-0.393055
0.581283
-0.222268
-0.001240
0.245193
0.305813
0.510136
-0.197009
-0.086844
0.079724
-0.247356
-0.073911
0.246308
0.700841
-0.528303
-0.027645
1.000000
-0.458402
-0.140325
-0.392757
-0.320200
-0.371984
-0.539969
-0.245427
0.349181
0.069651
-0.427794
-0.379138
-0.611116
0.286122
-0.166335
0.351358
-0.626975
0.624073
0.190553
0.023408
-0.957496
-0.577865
-0.137568
-0.344058
-0.237011
-0.620241
0.638859
-0.177873
0.416697
-0.410720
0.238167
-0.194149
0.885929
0.376383
0.678944
-0.090030
0.133688
-0.534635
-0.749572
-0.312785
-0.203746
0.023529
0.425562
0.939144
0.692076
-0.107270
-0.450324
0.113673
0.238991
-0.517743
0.122629
-0.399733
0.037421
-0.137568
-0.184491
-0.406410
-0.282578
0.237277
0.777193
-0.256308
0.174079
0.047514
-0.676915
-0.760215
-0.374869
-0.221580
-0.168559
-0.432654
-0.332434
-0.615938
-0.759895
-0.129839
-0.086704
0.805231
0.243339
-0.889190
-0.715100
0.558114
-0.244781
0.467806
0.291572
-0.241298
-0.013499
0.000439
-0.097552
-0.386072
-0.397773
0.168375
0.337913
-0.426820
0.033095
0.103538
0.073187
-0.152222
0.010113
-0.201854
-0.083532
0.299968
0.085720
0.528633
0.293653
0.103969
0.664788
0.020518
0.228211
0.145604
-0.071396
-0.080449
-0.639940
0.706807
0.353176
-0.403151
0.105448
0.167373
-0.732792
0.284153
-0.928561
-0.539540
0.057594
-0.832248
-0.601120
-0.055812
0.220808
-0.854809
0.231847
-0.522576
0.047468
-0.330400
0.512732
-0.224227
-0.090788
0.672620
0.386357
0.533472
-0.322594
-0.115400
-0.446622
0.425109
0.795302
-0.248670
-0.624347
-0.062480
-0.398474
0.159602
-0.979055
0.406044
-0.182598
-0.161141
-0.525511
0.214304
-0.347593
-0.002779
0.357593
0.058157
-0.647495
1.000000
0.269303
-0.411679
-0.129726
-0.408314
0.101541
-0.110868
-0.106694
-0.217272
-0.027236
0.102057
0.151133
0.741079
0.253038
0.079837
0.934422
0.579339
-0.628409
-0.804454
0.423470
-0.055823
0.680124
-0.087670
-0.448246
0.266256
-1.000000
-0.052437
1.000000
1.000000
0.544952
0.784445
-0.473094
0.090597
-0.172889
0.208100
-0.420712
0.306253
-0.269921
0.727051
0.122288
0.359336
0.295464
0.293272
-0.155300
-0.001164
0.354468
0.111740
-0.116363
-0.847251
-0.334546
0.431015
0.017525
-0.297615
0.018544
-0.615576
0.263538
0.031968
-0.312755
-0.709697
-0.326068
-0.111088
-0.795181
-0.419522
0.361158
-0.178366
0.903035
-0.009672
-0.277203
0.228500
-0.292898
0.160571
-0.478215
0.546488
0.806717
-0.772129
0.832234
0.185995
-0.131369
0.237089
0.462401
0.338200
0.193500
0.555964
0.098303
0.420939
0.267164
-0.453829
0.072719
0.207272
-0.366395
0.042213
0.067943
-0.603663
-0.115851
-0.060057
-0.579356
0.055621
0.238465
-0.014479
-0.190887
-0.185558
-0.212166
-0.231874
1.000000
0.433368
0.514858
0.016951
-0.990075
0.138902
0.414563
-0.064155
-0.396898
1.000000
-0.060473
-0.297442
-0.450842
-0.953493
-0.235958
0.068781
0.107051
0.528818
-0.318419
0.124736
0.020409
-0.151778
-0.290365
0.290185
-0.343376
0.136982
0.118735
-0.045097
0.570666
0.076925
0.213905
-0.519715
0.070797
-0.562300
0.412970
0.623711
0.015444
0.044581
-0.073354
0.445938
0.572153
0.688422
-0.646166
0.273696
0.671372
0.232602
-0.555614
-0.221435
0.222680
-0.409939
0.244271
0.563437
-0.157821
-0.285330
-0.298353
-0.047692
0.460286
0.137706
0.007777
-0.093021
-0.434646
-0.601590
0.988374
-0.142525
0.093524
-0.202223
0.025610
0.444418
0.021228
0.219913
1.000000
0.658771
-1.000000
-0.287242
-0.014697
0.053786
0.007937
-0.372609
0.134470
0.208986
-0.664969
0.727578
-0.055618
0.150647
-0.286893
-0.058715
0.167828
0.118459
0.947863
-0.150432
0.006837
0.655722
0.351864
-0.322897
-0.731999
0.068466
-0.528409
-1.000000
0.479315
-0.467762
-0.597612
0.127947
0.369861
-0.118466
0.245535
-0.366349
-0.751674
-0.739421
-0.518120
-0.053304
0.346326
0.214652
0.123345
0.913158
0.752455
-0.535585
0.098211
0.199153
-0.022526
-0.017469
-0.347203
-0.754412
0.936189
-0.041327
-0.336099
0.417571
0.434695
0.150049
0.283451
-0.032477
-0.303161
0.193304
-0.070496
-0.089774
-0.052642
-0.090962
-0.242451
0.444393
-0.107797
0.372278
-0.724244
0.821530
0.181654
-0.037666
-0.343382
0.544314
0.765474
0.088308
-0.852733
0.034232
-0.460797
-0.017957
0.679841
0.807315
0.157296
-0.227883
-0.273145
0.693495
-0.117460
-0.883525
-0.621750
0.284398
-0.278039
-0.051145
0.356004
-0.530710
-0.546591
-0.055723
-0.483557
-0.384167
0.022360
0.084426
-0.271468
-0.256675
-0.887063
0.113115
0.433531
-0.037294
-0.126935
0.041029
0.206025
-0.784808
1.000000
-0.194522
0.586960
-0.240939
-1.000000
-0.103727
0.301896
0.678288
0.407873
0.213551
-0.124842
-0.374075
-0.132253
0.518410
-0.976394
0.198906
-0.685570
-0.451574
-0.089333
0.344165
-0.025700
-1.000000
0.156248
0.401285
-0.295928
0.675533
0.013054
0.314359
0.383685
-0.519444
-0.328442
0.059720
0.467469
0.811688
0.409034
0.773921
-0.031931
0.296478
-0.754753
0.049572
-0.487062
0.152488
-0.019250
-0.268997
-0.121068
-0.383922
0.328572
0.104932
0.475873
-0.917456
-0.383538
0.242537
0.482168
-0.350722
0.331279
0.226023
-0.126453
-0.157375
-0.161803
-0.073696
0.203212
-0.620868
0.108305
-0.002434
-0.570745
0.378543
0.237374
-0.942113
-0.370656
0.312727
-0.948628
0.071464
0.093206
0.456403
-0.608109
-0.471902
0.585124
0.048351
-0.637363
0.196299
-0.224442
0.294243
-0.306929
0.078938
0.228069
0.091831
0.609914
-0.562642
-0.025088
0.904410
0.152008
0.840039
0.388744
-0.453032
0.071937
0.525016
-0.296871
-0.820387
0.985405
-0.042534
0.382156
0.105095
0.428194
0.220512
0.095911
0.019543
-0.273261
0.022411
-0.079729
-0.274499
-0.125893
-0.153691
0.615400
0.103103
0.158627
-0.717145
-0.070686
0.198065
0.674172
-0.337048
-0.324926
0.476814
0.235209
-0.494836
-0.008218
-0.447063
0.149362
-0.106479
0.327273
0.426439
-0.469586
-0.068026
0.142399
0.188756
-0.600303
-0.353677
-0.559530
-0.411762
-0.245001
-0.648119
0.229209
-0.085340
0.792279
1.000000
0.229750
-0.247362
0.722558
0.875064
-0.668261
0.228649
-0.143182
0.590134
-0.206241
-0.244349
0.346336
-0.312813
0.179442
0.875945
0.127856
0.497279
0.236615
-0.105204
-0.431677
0.313243
-0.231688
-0.664145
-0.171368
-0.661168
0.018994
0.736861
0.045738
-0.424008
-0.218017
0.066140
-0.393157
0.349875
0.122006
0.186324
0.976807
0.206824
-0.064428
0.052922
0.117332
0.329632
0.084451
-0.209705
0.044406
-0.491556
-0.534874
0.656705
-1.000000
-0.024692
-1.000000
-0.434710
0.404652
-0.558653
0.046928
-0.573131
0.203296
-0.151127
-0.796458
-0.073413
-0.169103
0.542435
0.070434
0.294220
0.353308
-0.078920
0.192924
0.104997
-0.534676
0.210100
0.348992
-0.094256
0.196617
-0.276460
0.854094
-0.228079
0.505977
-0.267790
-0.307411
-0.053636
0.103578
-0.501925
-0.113243
0.279697
0.223171
-0.478153
-0.511898
-0.518453
-0.059285
0.328965
0.036281
-0.104478
0.435643
-0.032115
-0.983526
-0.145064
0.492723
-0.077023
-0.107796
0.387753
-0.112595
-0.207638
-0.213427
-0.144374
0.238826
-0.701075
0.523461
-0.378556
-0.944702
-0.350062
-0.346837
-0.128433
0.236680
0.415775
-0.259011
0.040100
0.767798
0.839310
-0.776467
-0.575504
-0.444181
0.072549
-0.344702
-0.624835
0.330698
-0.227745
-0.419541
0.888416
-0.170173
0.772785
-0.268540
0.066971
-1.000000
-0.131086
0.170308
-0.715355
-0.769448
0.470892
-0.207081
0.819001
0.271371
-0.083724
-0.809062
0.223543
-0.539085
-0.365205
-0.393528
-0.662964
0.602671
0.872149
0.264900
0.636510
0.325923
0.148326
-0.007978
-0.582649
-0.045629
0.208107
-0.029895
0.465485
0.276608
-0.082992
0.403837
0.596530
-0.835953
0.370541
0.254853
0.476977
-0.794304
-0.362988
-0.632033
-0.090724
-0.034172
-0.023051
0.382852
-0.085698
0.672386
-0.434924
-0.282099
0.397041
0.379314
0.241950
0.086832
0.550113
-0.836936
0.277140
0.394796
-0.115502
-0.110202
-0.013205
0.379389
0.767981
-0.280010
-0.617474
-1.000000
-0.103686
-0.246326
0.229845
-0.094263
0.322428
-0.406596
0.136393
-0.284267
0.254729
0.373635
0.178749
-0.256533
-0.380272
0.732591
-0.953731
0.852422
0.587234
0.103290
-0.355370
-0.047433
-0.951336
0.185909
-0.706448
-0.283262
-0.453390
0.373583
-0.031756
0.147217
-0.338813
-0.709246
-0.240998
-0.227922
0.093201
-0.308568
-0.211716
0.260619
0.097398
-0.102239
0.638913
-0.025918
-0.250946
-0.130396
-0.757944
0.490790
0.140990
-0.367023
-0.017341
0.025672
-0.263114
-0.146383
0.057088
-0.071192
-0.356701
0.032256
-0.238817
-0.991791
-0.476153
-0.121443
-0.671771
0.400956
-0.046657
-0.648932
-0.165691
-0.309471
0.887550
-0.317621
0.625659
0.165478
-0.334342
0.222860
-0.521190
-0.227680
0.438363
0.208919
0.209960
-0.798626
0.306259
-0.015817
-0.326400
-0.219389
-0.273289
-0.007487
-0.322474
0.933658
0.556129
0.657985
-0.566323
-1.000000
-0.286742
0.281326
-0.570027
0.042725
-0.115393
-0.816192
0.135127
-0.170900
0.084571
0.373260
-0.297464
0.547187
0.201110
0.215136
0.611422
-0.018218
-0.144950
-0.303605
0.009265
0.099409
-0.677562
0.607287
-0.221095
-0.078190
-0.186919
0.055710
-0.672915
-0.483601
0.552314
0.282070
0.278153
-0.172818
0.741713
-0.499744
-0.120729
0.313924
0.443226
0.960465
-0.159242
0.053071
-0.632976
-0.348026
-0.435911
0.221798
0.049194
-0.182677
0.234971
0.227652
-0.002834
0.342174
-0.115405
0.453591
0.302884
-0.489911
0.371635
-0.184573
0.783261
-0.374236
0.307845
-0.051084
-0.134100
-0.153922
-0.249802
0.155946
-0.778534
-0.742882
-0.273007
0.924741
-0.334116
0.274242
0.361516
0.073310
-0.107459
0.101280
-0.547019
-0.448800
-0.052967
0.464727
0.175878
-0.140193
-0.476032
-0.038510
-0.398277
0.014545
0.375469
0.078729
-0.448022
-0.146121
0.093968
-0.505678
0.426661
0.050319
-0.080366
-0.317713
-0.012392
0.572023
0.192459
1.000000
0.044352
0.485731
0.211542
0.009582
0.903390
-0.475275
-0.410812
0.707333
0.222310
-0.819165
-0.217210
0.039013
0.388113
-0.368801
0.053115
-0.077270
-0.013098
-0.485682
-0.096334
-0.335027
-0.204222
0.645872
0.407233
-0.298227
0.494278
0.254805
0.180326
-0.238931
0.192334
-0.633182
-0.969444
-0.575956
0.772233
-0.479653
0.014485
-0.476843
0.204171
0.372537
0.145708
0.243554
0.443372
-0.120510
-0.209667
-0.261043
-0.678436
-0.759839
0.392627
-0.714850
-0.977278
0.933894
-0.109476
-0.075635
0.132136
-0.160580
-1.000000
0.256071
-0.242277
0.055823
-0.257924
-0.344815
-0.187461
0.827612
-0.512078
-0.735444
0.954099
0.906059
0.283134
-0.216610
-0.020803
0.031720
-0.408551
0.041034
0.230955
-0.022169
-0.068521
0.108168
-0.273433
0.484189
0.060259
0.519902
-0.029941
0.911473
-0.023274
-0.394596
0.438099
0.601710
-0.400787
0.538468
1.000000
-0.285124
-0.014382
0.482573
0.577061
-0.168626
0.036298
0.201050
-0.628184
-0.904546
0.290844
-0.171596
1.000000
0.472594
0.180303
-0.106024
0.321716
-0.374847
0.620176
-0.020600
0.673809
-0.034020
0.193237
0.151865
-0.706703
-0.209874
-0.203785
0.413989
-0.296230
-0.181430
-0.053779
0.803045
-0.030229
0.378717
-0.040451
1.000000
-0.749459
0.160720
-0.045016
1.000000
-0.191110
0.368812
-0.191131
0.882122
0.177950
0.353041
0.089259
0.343817
-0.334400
0.168394
-0.465894
0.281876
-1.000000
-0.707150
-0.461051
-0.436819
-0.400307
0.181317
0.729130
1.000000
0.518454
0.335577
0.054930
-0.506149
0.114563
-0.053462
-0.274184
0.441043
-0.235967
-0.003258
0.247895
-0.117879
-0.439630
0.876725
0.395150
0.464168
0.722761
-0.327232
0.244164
-1.000000
-0.011610
-0.074791
0.410305
0.079947
0.265239
-0.329209
0.142665
-0.458621
-0.099913
-0.584118
-0.302460
-0.444557
-0.697807
-0.018288
0.055509
0.269151
-0.135612
-0.084451
-0.584591
-0.147909
-0.182999
-0.120554
0.050015
0.655411
0.210794
-0.707902
-0.455461
-0.696065
-0.018365
-0.130257
-0.006382
-0.565362
0.375806
-0.976353
0.094412
0.094169
-0.426968
0.008793
-0.414417
0.247341
1.000000
-0.436655
0.775114
-0.140957
-0.664687
0.251764
0.203898
0.005500
0.447490
0.141073
0.708216
0.713384
0.822561
-0.170929
0.638104
-0.942086
1.000000
-0.456766
0.390519
0.124019
0.163953
0.185154
-1.000000
0.239103
-0.350238
0.167313
-0.157746
-0.276807
0.473190
1.000000
-0.410394
-0.622394
0.406105
-0.094440
0.186825
0.072213
-0.063592
0.227463
0.370431
-0.609862
0.224929
0.576724
-0.217875
0.149664
0.338800
-0.329226
-0.004033
-0.060301
0.757848
-0.211136
-0.449603
0.487569
-0.372692
1.000000
0.199413
-0.226832
0.810884
0.073248
-0.348511
-0.211232
0.088589
0.407366
-0.117206
0.868024
0.270338
0.161393
-0.259469
-0.484075
-1.000000
0.194786
1.000000
-0.302883
-0.615078
0.717698
-0.242446
0.504870
0.110524
-0.968748
0.327904
0.613400
0.368911
-0.018697
0.091716
0.519402
0.295707
-0.320669
-0.255941
-0.328935
-0.096805
-0.019332
0.196592
-0.788148
-0.770442
0.650031
-0.326786
0.245522
0.546627
0.929750
-0.436425
-0.058976
0.263470
0.371995
-0.357523
-0.335200
0.383338
-0.151741
-0.273076
0.383755
0.412932
0.199301
-0.112463
0.571643
0.441681
-0.261366
-0.540342
0.714642
-0.145357
0.216168
-0.270366
-0.160863
-0.145294
0.234221
-0.384732
0.141098
-0.176776
-0.248226
0.038362
-0.160776
-0.602324
0.970245
0.120884
-0.115739
-0.796122
-0.199287
-0.279164
-0.035769
0.109723
-0.646218
0.051269
0.448602
0.169780
-0.849441
-0.213325
0.454819
0.040005
0.483094
-0.619148
0.160216
-0.822014
0.442437
-0.006502
0.233943
0.624110
-0.490501
0.208734
-0.746682
0.137182
-0.024557
-0.428719
-0.865915
-0.072211
-0.158648
0.703541
0.302293
-0.303435
0.280962
0.411436
-0.046227
0.338655
0.153782
0.496635
0.018647
-0.300057
0.007961
-0.017867
-0.180089
-0.003912
-0.633142
0.214167
-0.210452
-1.000000
-0.913536
0.264938
-0.273766
-0.618443
-0.006194
0.429060
-0.433255
-0.373318
0.137192
-0.438536
0.410713
0.189003
0.368414
-0.262940
0.165194
-0.993497
0.439172
-0.281735
-0.030866
-0.687455
0.550155
-0.073377
0.609302
0.210112
0.344112
-0.919651
-1.000000
0.258910
0.406627
-0.792976
0.683865
0.300148
0.374423
0.089020
0.110794
0.945908
0.202754
-0.150953
-0.924027
-0.165094
0.205802
-0.746210
0.736893
-0.084353
0.919821
-0.925334
-0.325595
-0.196293
-0.474912
-0.762571
0.466931
-0.729079
-0.129784
-0.857219
-0.480710
0.764382
0.339932
0.015461
0.417966
0.173695
-0.982848
0.910701
0.377155
-0.016343
0.350394
-0.189516
0.711654
0.324572
0.309814
-0.955771
-0.201627
-0.529064
0.395524
0.442165
0.331962
0.798028
-0.476491
0.083826
0.799523
0.086020
-0.308290
-0.482762
-0.960085
0.132449
0.904251
0.356939
-0.737328
0.405502
-0.126975
-0.086151
0.215091
0.581009
-0.297034
0.885724
-0.232144
0.345148
0.782311
0.894662
0.285858
-0.206087
-0.250083
-0.749987
0.056887
0.278574
0.071839
0.645445
-0.193311
1.000000
-0.017101
-0.104121
-0.465547
0.700852
-0.666779
-0.028930
-0.055333
-0.096139
0.744338
0.161891
0.143224
-0.250225
-0.061276
-0.833322
0.587969
0.541905
0.945954
-0.054739
-1.000000
-0.233243
-0.052749
0.658863
0.420231
-0.228876
0.305420
0.344118
-0.147526
-0.279018
0.382693
0.055273
-0.281169
0.071738
0.361984
0.127215
-0.551565
-0.495260
-0.190537
-0.186990
0.142322
0.914825
-0.246849
-0.367737
-0.186582
-0.296050
-0.197727
0.732667
0.319303
0.440336
0.306464
-0.641196
0.233630
-0.149651
-0.114674
-0.080656
-0.360510
0.204234
-0.195082
-0.313027
0.508173
0.765466
0.547684
-0.097223
-0.116261
-0.278158
-0.207961
-0.731877
0.786403
-0.979933
-0.226052
-0.158579
0.559554
0.384269
0.371883
-0.134139
0.684277
0.910821
0.448022
-0.203723
-0.346285
-0.180586
0.559991
-0.938109
0.241276
0.013733
-0.174135
0.115108
-0.237822
-0.473403
-0.343478
0.624909
0.119271
0.342708
0.030522
-0.280321
0.005230
-0.025456
0.133272
0.282823
-0.950807
0.361064
0.618378
-0.881783
0.058328
0.451973
0.131774
-0.453742
0.685817
-0.294816
0.487740
0.098591
-0.271462
0.929345
-0.023740
-0.883782
-0.569957
0.269556
0.486582
1.000000
0.213533
-0.852546
-0.720857
0.190645
-0.083350
0.130380
-0.019576
-0.400349
0.023487
-0.137516
0.679961
0.289860
-0.502906
0.926175
-0.421239
-0.800086
0.576677
-0.057229
0.501994
0.353226
-0.134136
-0.381331
0.226673
-0.137056
0.284516
-0.307538
0.218261
0.625818
0.612301
0.401703
-0.435892
0.316407
0.037139
0.165307
0.872126
-0.114695
0.317178
-0.962615
-0.945703
0.055663
-0.163573
-0.135802
-0.049354
-0.034937
0.268961
-0.089162
-0.081294
0.030372
0.022448
0.155709
1.000000
0.920045
-0.145750
0.111006
-0.246868
0.192002
0.529118
-0.096741
-0.363053
-0.445282
-0.002458
-0.078467
0.073319
0.709661
-0.561873
-0.012641
0.099961
-0.172334
0.637505
-0.541779
0.331105
0.322214
-0.903600
-0.933492
0.112074
-0.197659
-0.044997
0.180527
-0.444481
-0.432051
0.194927
0.945737
0.168191
-0.192071
0.041475
-0.327699
-0.383552
0.404318
-0.240448
0.841442
-0.182104
0.123144
0.031144
0.408756
-0.194261
-0.725340
-0.281178
-0.134292
-0.467515
-0.029978
-0.217450
-0.303551
-0.404843
-0.186102
0.012487
-0.792199
1.000000
0.046628
0.472185
0.731590
0.002893
0.014953
0.286456
-0.032741
0.274550
-0.359829
0.704871
-0.001006
-0.456864
0.238989
0.276752
-0.145846
0.227731
0.109219
-0.197700
-0.926619
-0.174111
-0.198381
-0.088573
-0.387051
-0.165828
-0.705441
0.093565
0.309686
-0.969758
0.869478
0.009463
0.207263
0.792290
0.108909
0.479575
0.551686
0.159829
0.185620
-0.678865
-0.410383
-0.409474
0.631432
0.624965
-0.220786
0.701478
0.082161
0.414277
-0.171232
0.588168
0.041261
-1.000000
0.392116
0.249325
0.429669
0.278666
-0.380242
0.549291
0.523190
0.191465
0.040866
-0.005908
-0.180515
0.489874
-0.729784
-0.553533
-0.016567
0.939029
-0.676137
0.195175
0.444004
-0.174184
0.331758
-0.642026
-0.180124
0.498280
-0.131318
0.071950
0.469797
0.651907
-0.796722
0.367036
0.232847
-0.424397
-0.042588
0.250660
0.672360
-0.109749
0.270320
-0.194181
0.817158
-0.115831
0.224487
-0.771342
0.059825
0.322099
0.412915
-0.039308
-0.875803
-0.040774
-0.425990
0.184394
0.357993
0.413360
-0.117579
0.677810
-0.198636
-0.237836
-0.020070
0.045888
-0.118159
0.413008
-0.751336
1.000000
0.100106
-0.635706
0.829707
-0.014135
0.403649
0.224803
-0.027562
-0.266183
0.296628
-0.615852
0.685969
-0.417268
0.230885
-0.019223
-0.760855
-1.000000
-0.242568
-0.804727
-0.338286
0.197166
0.434531
-0.420188
-0.134139
0.636120
0.086781
0.977788
-0.115870
0.031517
-0.358152
-0.566812
0.040575
-0.220043
0.263484
0.152847
0.960557
-0.165142
0.223596
-0.704289
0.733088
0.081637
1.000000
-0.195333
0.222099
0.307897
0.101220
-0.796382
-1.000000
0.467345
-0.310446
0.099295
-0.523228
0.006844
0.129961
0.462445
-0.289681
0.369093
-0.158003
0.231885
0.066975
-0.372091
-0.649471
-0.418411
0.484114
-0.324084
-0.915008
0.188232
0.012921
0.034026
0.884648
0.954658
0.164779
-0.495760
-0.001176
0.670701
0.830608
-0.696406
-0.050407
-0.295807
0.647315
0.050515
0.168404
0.514907
0.063321
0.296077
-0.188159
-0.661820
0.094317
0.016961
0.597591
-0.208107
-0.267184
-0.323233
0.150077
-0.696688
-0.491869
-0.363453
0.198407
-0.478558
-0.243772
0.461035
-0.381387
-0.336730
0.110680
0.272405
-0.135816
-0.335177
0.057364
0.587009
-1.000000
-0.289061
0.293869
0.454534
0.035002
-0.135716
-0.416143
-0.143551
0.369692
-0.014497
-0.642580
-0.453782
-0.175661
0.000521
-0.703690
-0.527330
0.203279
0.196706
-0.277333
-0.828154
0.005762
0.255184
-0.293295
-0.088848
-0.236187
-0.332344
-0.352581
0.215536
0.136676
-0.653682
0.289261
-0.337754
0.208580
-0.027544
1.000000
-0.699297
-0.115723
-0.167302
-0.192414
-0.064859
-0.037771
0.253452
-0.411177
-0.665316
-0.600336
0.349541
-0.765868
0.208170
-0.470704
-0.668307
0.633678
-0.980616
-0.088656
-0.557960
0.632501
-0.288451
-0.366685
0.234108
-0.690841
-0.105070
-0.152196
-0.218291
-0.316327
0.700008
-0.452043
-0.130005
-0.300707
-0.150273
0.170413
0.147044
0.552357
-0.031207
0.049244
-0.273823
-0.471546
0.988038
-0.253057
-0.425471
0.118961
-0.917242
-0.299174
0.039964
0.456712
-0.211496
-0.340436
-0.377028
0.577298
0.234527
-0.220001
0.130715
-0.101344
-0.061111
-0.325697
-0.478327
0.176908
-0.178020
-0.072428
-0.226224
-0.842038
0.381797
-0.910916
0.011407
0.124801
0.093176
-0.103098
-0.957740
0.517010
-0.402017
-0.473356
0.219529
-0.035770
0.234615
0.155628
0.629851
-0.267296
0.486230
-0.221479
-0.156954
0.444723
0.207709
0.811389
0.206107
0.283805
0.218113
0.171862
-0.582529
-0.380938
0.452633
-0.281714
0.054486
-0.035256
-0.137268
-0.213112
-0.707979
0.075452
0.045401
-0.184712
-0.133085
-0.584994
0.004328
0.823706
0.540800
-0.073351
-0.222722
-0.358570
0.461155
-1.000000
-0.416858
-0.076741
0.790294
-0.209345
0.599345
0.197478
-0.334081
0.096269
-0.306696
0.071690
-0.099091
-0.021768
-0.387508
0.386150
-0.050759
-0.021239
0.363856
-0.030636
0.168788
0.006365
0.273233
0.573485
0.312531
-0.193784
0.637024
0.551409
-0.682531
0.064775
-0.555579
-0.902689
-0.321460
-0.462378
0.094848
0.673273
0.577782
-0.921505
-0.893774
0.318592
-0.281973
0.296141
-0.445393
0.599616
0.482427
-0.072521
0.016291
0.366314
0.151152
-0.863626
-0.480737
-0.309703
0.648286
-0.253676
0.306743
-0.402441
-0.267321
-0.220949
-0.703950
0.076928
-0.384324
0.146102
0.113693
0.177347
-0.208554
0.384171
0.702738
-0.307251
-0.234559
0.214141
-0.433526
0.086893
0.805681
-0.343805
0.358824
-0.483081
-0.312317
0.217267
-0.241765
0.137134
0.277490
-0.015093
-0.080963
-0.688132
-0.063376
0.418310
-0.306502
0.332228
-0.727867
-0.432857
0.085913
-0.381018
-0.038055
0.843042
-0.548594
-0.833913
-0.079254
-0.106884
0.393887
0.387768
-0.417337
-0.137362
0.318812
0.188111
-0.250606
-0.270630
-0.631225
-0.107669
-0.794167
0.153445
-0.691323
-0.192793
-0.477327
-0.492610
-0.263028
-1.000000
0.125127
0.277998
0.081965
0.649635
-0.331792
0.226469
0.103807
-0.147873
0.913140
0.294095
0.599166
-0.366246
-0.204443
-0.594647
-0.047539
-0.210254
0.106098
0.530106
0.676213
0.423145
0.789805
0.048620
0.061605
0.496802
-0.528100
0.346276
-0.518243
0.033556
0.396601
0.362261
-0.712708
0.389576
-0.246732
-0.241095
-0.312597
-0.206430
0.387164
0.053389
-0.953269
-0.430149
-0.496866
-0.933834
0.434186
0.755341
-0.842884
-0.205249
-0.282565
-0.567035
0.941459
0.082256
0.644388
0.002119
0.130790
0.339452
-0.290385
-0.453228
-0.071543
-0.134617
0.033431
0.172288
-0.076560
0.364356
0.192880
0.189384
-0.390639
-0.453998
0.256442
-0.421840
-0.066654
0.359134
0.096419
-0.030983
0.233592
0.276160
-0.591138
-0.759964
0.810918
-0.849523
-0.568804
-0.500224
0.539084
0.191996
0.062618
-0.648434
-0.210313
0.390321
-0.506530
-0.672848
0.494830
-0.144897
0.069661
0.195390
-0.670034
-0.100358
0.443408
-0.564413
-0.296754
-0.394356
-0.087554
0.657093
-0.249596
0.089720
0.288268
-0.177511
0.161159
-0.226135
0.483383
0.632082
0.058112
-0.071807
0.397795
0.804084
-0.500711
-0.412245
-0.559263
0.228646
-0.415204
-0.545680
-0.437700
-0.048976
-0.128916
0.335420
0.393345
0.079310
0.340118
-0.473331
0.194637
-0.287076
-0.158276
0.003867
-0.434692
0.378381
-0.892311
-0.257409
-0.414578
0.095218
-0.541076
0.222417
0.130644
-0.408028
0.013579
1.000000
-0.176601
-0.243945
-0.590451
0.674968
0.413411
0.386182
-0.485484
-0.403110
-0.389654
-0.034798
0.191760
0.958831
-0.085917
-0.663882
-0.154757
-0.269482
0.138705
0.004333
1.000000
-0.069976
0.244999
-0.974894
-0.490825
-0.073881
0.468853
0.130278
0.166715
-0.188152
-0.190187
0.682427
-0.716507
-0.208663
0.342455
-0.132478
-0.335734
0.133612
-0.254797
-0.180783
0.733390
0.087231
-0.960971
-0.351754
-0.527982
-0.009449
-0.689510
0.277397
-0.125606
0.348903
0.363389
-0.826347
-0.258809
-0.748290
-0.384504
-0.206231
0.261913
-0.624036
-0.873697
0.849555
0.398177
0.330379
-0.017162
-1.000000
0.137255
-0.254712
-0.029223
-0.657703
0.127710
0.226994
0.520901
0.032028
-0.882048
-0.269764
0.079537
-0.101071
0.014547
-0.275217
-0.111299
0.556424
-0.542447
-0.478594
-0.912778
-0.577060
-0.323892
0.176114
-0.136998
-0.643820
0.009646
0.318809
-0.494653
0.544306
0.098955
0.585513
-0.735475
0.309467
0.222220
0.077875
-0.329130
0.594122
0.122857
-0.059284
0.336547
-0.169187
-0.104031
-0.708671
-0.707879
0.572710
0.067875
0.118878
-0.600789
0.150914
-0.246404
-0.929869
-0.285162
-0.557908
0.020228
-0.351946
0.483420
0.550658
-0.923742
0.081493
-0.614022
0.164748
-0.566781
0.431085
-0.263214
-0.782843
0.129539
-0.862307
-0.212507
-0.713969
-0.138858
0.450055
0.772281
0.382560
-0.139046
-0.137826
-0.387750
0.330722
0.474703
0.504378
0.390054
-0.719040
0.523713
-1.000000
0.412686
0.169147
-0.251758
-0.369201
-0.115179
0.700634
-0.198574
-0.567851
-0.703283
-0.497622
0.190826
-0.229328
-0.215239
0.175498
-0.787004
0.399321
-0.861294
0.407010
0.897872
-0.438767
0.000512
-0.355263
-0.581383
-0.626276
0.270993
-0.038365
0.074378
-0.050964
0.047768
0.363159
0.330449
0.062546
-0.372785
0.640080
-0.272789
-0.457820
0.006220
0.488422
-0.201446
0.980542
0.327208
0.628969
0.950504
-0.361813
0.274830
0.405425
0.005990
-0.028289
-0.105433
0.174288
-0.501731
-0.410519
0.417656
0.557072
0.382646
-0.751856
-0.199269
-0.163162
-0.578212
0.053808
-0.855413
-0.044242
0.160708
-0.118291
0.218635
-0.112848
0.871396
0.221324
-0.704597
0.717405
-1.000000
-0.283805
0.355619
0.104995
0.576009
0.114461
0.109702
-0.803325
-0.065777
0.170166
-0.011931
-0.678383
0.137084
0.432100
-0.603751
0.029653
0.317153
0.468834
0.109180
0.593202
-0.628208
0.201657
0.501196
0.153204
-0.035595
-0.195430
-0.063433
-0.225127
-0.225549
0.477300
-0.200319
-0.004062
-0.712761
-0.351742
0.423923
0.672080
0.019552
-0.067890
-0.524899
0.740777
0.177597
-0.620093
0.068482
0.064850
-0.137672
0.256074
-0.736276
-0.045923
0.216796
0.645320
-0.657018
-0.868871
0.298930
-0.053826
0.680043
0.137518
0.163450
-0.015142
0.045006
0.118102
-0.045657
0.804268
-0.347113
-0.353988
-0.672093
-0.159213
-0.366335
0.150502
0.023307
0.465196
0.271968
0.156263
0.424386
0.885170
0.029747
-0.200856
-0.198802
-0.092137
-0.299596
0.641990
-0.091107
-1.000000
0.100555
0.256338
0.340906
0.131157
0.020146
-0.691054
-0.194726
-0.292023
-0.394806
-0.122548
0.568164
0.067554
-0.576794
0.029040
0.551809
-0.247490
-0.128412
0.317938
-0.967788
-0.100685
-0.569735
-0.899699
-0.132078
-0.073796
0.027262
0.536857
-0.698644
-0.549845
0.212841
-0.352378
0.313109
0.363491
-0.202740
-0.596044
0.464911
0.142691
0.275010
0.250087
-1.000000
0.123736
0.004753
-0.167572
-0.078620
0.413907
0.951808
-0.050118
-0.277536
0.146700
0.085600
0.875196
0.558429
0.010135
-0.174899
-0.469068
-0.136364
-0.153248
-0.023796
1.000000
-0.702444
0.362776
-0.202823
0.126340
0.051235
-0.990848
-0.024844
0.720405
-0.566882
-0.287104
-0.382592
-0.156178
0.371581
-0.347513
-0.201256
0.313842
-1.000000
-0.136211
-0.268163
0.125108
0.161743
0.613780
0.413225
0.148650
-0.571473
-0.062280
-0.557488
-0.256378
0.481388
-0.008016
-0.892805
-0.505821
0.168648
0.193005
-0.046975
-0.743144
-0.630530
-0.067043
0.214648
-1.000000
0.360514
0.190366
1.000000
0.237145
0.581200
0.309292
-0.220072
0.077958
0.226901
-0.408999
-0.468902
-0.536450
0.312866
0.341721
-0.601581
0.366820
0.218541
0.224429
0.306380
-0.578366
0.053472
0.142031
0.126781
0.171461
0.395490
0.047938
0.448454
-0.029337
-0.053328
0.133818
-0.097032
0.204104
-0.052705
0.499580
0.757575
0.425446
-0.175536
0.584339
0.421010
-0.439307
-0.119180
-0.014802
0.557052
-0.040406
0.110620
0.120463
0.096065
-0.188132
0.159724
0.042725
0.735283
0.034471
0.132335
-0.180733
-0.711559
0.819415
-0.175708
-0.138855
-0.071765
0.640772
-0.092636
0.911442
-0.079042
0.698156
-0.119746
0.143748
0.221891
-0.216542
0.625816
-1.000000
-0.469942
0.082392
0.222374
-0.093083
1.000000
0.600122
-1.000000
0.575878
-0.837174
-0.152091
0.538954
-0.641803
0.416541
0.119532
0.396104
-0.555455
-0.328762
0.125786
0.487304
-0.148334
-0.241227
0.676619
0.495743
-0.156377
0.415569
-0.067790
0.282733
0.577976
-0.040665
-0.011457
0.651835
-0.289972
-0.103024
0.296205
0.678937
-0.060524
0.153825
0.380049
-0.843689
-0.232220
0.733660
-0.890518
-0.200130
0.375446
0.608239
-0.647181
0.834122
-0.604426
-0.419110
-0.718530
0.057634
-0.518731
0.368052
-0.091248
-0.806801
-0.936914
-0.202519
-0.581336
0.352331
-0.117619
0.010467
0.031391
1.000000
-0.710875
0.701906
-0.556453
0.123958
0.195522
0.871315
1.000000
0.177412
0.569673
0.165984
0.181987
0.581617
0.133835
0.400354
-0.040429
-0.453848
0.461346
0.020125
0.683997
-0.030323
-0.353212
0.138182
-0.732237
0.909463
-0.257177
-0.305752
0.158506
-0.321168
-0.368654
0.150469
-0.598885
0.299370
0.561902
0.227617
-0.172352
-0.720699
-0.873566
-0.057281
0.225479
-0.266614
0.169496
-0.717966
-0.442881
-0.292724
0.951914
0.253163
0.287401
-0.247362
0.266319
-0.032015
0.474038
-0.235181
-0.451486
-0.314883
-0.576460
0.010377
-0.337836
0.236698
-0.145318
1.000000
0.122735
0.434549
0.388282
-0.006241
-0.004859
-0.436928
0.544410
-0.485703
0.058622
0.548431
-0.677110
-0.056662
-0.080552
0.110188
0.236762
0.115493
0.223988
0.666630
-0.473608
-0.308899
-0.104501
0.256956
-0.206606
-0.068750
0.036793
-0.257311
-0.199653
-1.000000
-0.339862
-0.724110
0.189180
0.018749
0.196371
0.368956
-0.278953
-0.878156
0.276309
0.246448
-0.001932
0.289937
-0.254497
-0.210452
1.000000
0.478443
-0.316568
-0.270225
-0.216569
0.168489
-0.035731
0.829590
-0.419112
-1.000000
0.313203
0.036270
0.417224
0.968159
0.737427
-0.730153
-0.118002
0.042689
0.544297
-0.560239
-0.123887
0.945026
-0.281581
-0.179632
0.293814
1.000000
-0.042407
0.476975
-0.122304
0.294746
0.355228
-1.000000
0.459631
-0.077557
-0.197671
-0.244912
0.444888
0.186083
0.519488
-0.499359
-0.337112
0.167358
-0.672686
0.714449
0.784764
0.375100
0.223916
-0.135162
0.163656
-0.214664
-0.037390
0.472988
0.791338
-0.029468
-0.257817
-0.377615
-0.834932
-0.307869
-0.191725
0.079574
0.191400
0.264083
0.455513
-0.053459
-0.610976
0.862410
-0.037483
0.207719
-0.161331
0.896889
0.136210
-0.121658
-0.057095
-0.041480
-0.803281
0.637993
0.448834
-0.183396
-0.131176
-0.042843
-0.201169
0.964075
-0.340139
0.915518
-0.932113
0.065024
0.056339
0.557923
0.806439
-0.345798
-0.793223
0.658578
0.410289
-0.579416
0.055603
-0.719754
-0.696044
-0.683782
0.202164
-0.538978
-0.010215
-0.124336
0.330993
0.150161
0.089502
-0.315500
0.286195
-0.482105
0.604300
-0.011801
0.301613
-0.075811
-0.595247
-0.107061
-0.098464
0.588028
-0.634205
0.182987
-0.562462
0.123846
-0.055498
0.193244
0.482898
-0.475691
-0.743385
0.367239
-0.162351
-0.095657
0.546199
0.346949
0.487618
0.291538
0.309940
0.533853
-0.473837
-0.276510
-0.949727
0.242178
-0.791391
-0.325974
-0.335221
0.051429
-0.029394
-0.198535
-0.360198
0.340136
-0.480646
0.038230
0.199435
-0.726312
-0.009360
0.182023
0.075549
-0.246006
-0.993844
-0.189464
0.310264
0.098385
0.205768
-0.215333
-0.876137
-0.120246
-0.364648
0.555684
0.207147
0.049975
-1.000000
-0.111419
0.464625
-0.468117
0.333774
0.014863
0.182958
-0.072876
0.613335
-0.088815
-0.838070
0.475805
0.267506
-0.275256
0.242674
-0.371445
-0.203154
0.345332
-0.303843
-0.501289
-0.183586
0.392188
-0.423303
-0.874165
0.181454
0.586686
0.112617
-0.929047
-0.393213
-0.278286
-0.367725
-0.694393
0.336941
0.021360
-0.838402
0.908219
-0.530241
-0.203850
-0.260203
-0.179662
-0.109178
-0.214122
0.991875
-0.145899
-0.071962
-0.322727
0.545411
-0.271873
0.961629
0.369096
-0.248145
-0.483697
-0.036355
0.219195
-0.465442
0.030946
0.407917
-0.307126
1.000000
0.858343
-0.268188
-0.116440
-0.709827
0.238876
0.244386
-0.132109
0.207516
0.581573
-0.949380
-0.450986
0.555277
-0.694329
-0.473828
-0.007730
0.310312
0.138563
0.044648
-0.037692
0.203473
0.579117
0.601384
0.802721
-0.134628
-0.090997
0.025444
-0.097554
0.257126
0.726596
0.396738
-0.020924
-0.049331
0.225465
0.444862
0.092654
-0.322311
0.177372
0.629116
0.201095
0.657615
0.339702
-0.001229
-0.351664
-0.422317
0.257007
-0.057273
-0.190049
0.532006
-0.499402
-0.547783
0.040223
0.468332
-0.020590
0.315955
1.000000
0.797049
-0.188409
0.006342
0.252214
0.634765
0.134790
0.285665
0.931479
0.002705
-0.395563
-0.936733
0.118316
0.632638
0.307604
-0.334293
-0.577519
-0.176544
0.023258
-0.094526
-0.393110
0.781707
-0.125882
0.015234
0.127834
0.163080
0.390544
-0.542202
-0.211223
-0.266156
-0.152877
0.048445
-0.732349
-0.124126
-0.294528
-0.263978
-0.263374
-0.205865
0.143359
-0.037310
0.535066
0.313364
0.044282
0.265500
0.731881
0.967046
-0.235203
1.000000
-0.538990
0.084531
0.090644
-0.909174
-0.421097
0.676908
-0.394978
-0.430393
0.216833
0.403171
1.000000
0.283227
-0.020044
-0.341981
-0.347248
-0.884849
-0.189646
0.039394
-0.225162
-0.246550
0.367676
0.100667
0.172768
0.176726
-0.422372
-0.372074
-0.345401
-0.559453
-0.028481
0.136635
0.386123
-0.095942
-0.476634
0.250911
-0.482526
-0.639604
0.415422
-0.057959
0.266254
-0.150924
-0.070492
-0.164161
0.141004
-0.104491
0.451496
-0.386559
0.078953
-0.302651
-0.945294
0.029235
-0.090916
0.027195
-0.434904
0.685643
-0.017159
0.044635
0.299888
-0.122910
0.227831
0.967405
-0.528048
-0.208422
0.442378
-0.473397
0.049182
0.712803
0.499733
-0.178184
-0.435519
0.571314
-0.096669
-0.007288
-0.264607
-0.074356
0.081245
1.000000
0.151162
-0.340092
-0.287825
-0.068524
-0.729101
-0.312075
0.573229
-0.200712
-0.124279
0.261888
-0.506759
-0.146077
-0.959042
-0.043162
-0.571544
0.383844
-0.082032
0.954985
0.293505
0.047264
0.112858
-0.095574
-0.341680
0.326311
0.567294
0.274565
0.407336
0.244283
-0.307317
0.138526
-0.916871
-0.124554
0.204778
-0.229184
0.012412
-0.706568
-0.427742
0.303481
-0.030144
0.871843
0.412915
-0.561770
0.068794
0.033326
0.029792
-0.648079
-0.029645
-0.528761
0.674819
0.856234
0.927326
0.944722
-0.707636
0.035679
0.692545
-0.449325
-0.447180
0.600906
-0.449539
-0.191499
-0.424765
0.021593
0.147291
-0.230289
-0.084808
0.233097
0.404814
-0.006585
-0.568487
0.004150
-0.429781
-0.099214
0.962016
0.151127
0.559753
-0.108227
-0.268070
0.331099
0.171284
-0.249857
-0.096498
-0.462288
0.068845
0.245266
-0.168016
-0.373735
-0.016918
-0.105828
-1.000000
-0.375798
0.586408
-0.403397
-0.568028
0.084502
-0.238780
-0.238460
0.334571
0.034946
0.076145
-0.502840
-0.412335
0.315468
-0.508608
0.232922
0.188506
0.069714
0.096726
-0.346922
-0.229027
-0.158299
0.271898
0.410762
-0.995165
-0.365606
-0.192939
-0.078489
-0.577499
0.481172
0.338799
0.622379
0.269512
0.681874
-0.360185
-0.563561
-0.343241
-0.862794
-0.529028
0.079246
-0.116473
-0.180206
-0.191443
0.386166
0.544947
0.153314
-0.452257
0.621699
0.004241
0.206579
-0.436779
0.284584
0.344370
0.511113
-0.094672
0.764493
0.095761
-0.153790
-0.222684
-0.334558
1.000000
-0.423543
-0.629693
-1.000000
0.122563
0.075714
-0.704998
0.690108
-0.815420
0.145310
0.390071
0.536166
-0.622278
0.300160
0.549492
-0.716642
0.705438
0.698325
0.434247
0.404137
-0.109495
0.038193
0.048118
0.366390
-0.228304
0.379507
0.389369
-0.494518
0.320221
-0.739642
-0.027008
0.361490
-0.216742
0.630128
-0.190812
-0.442455
-0.145599
0.010724
0.059044
0.176725
-0.312025
-0.198870
0.202105
-0.422241
-0.211010
1.000000
0.315091
-0.556765
-0.001507
0.465683
-0.588282
0.012956
0.477922
0.680979
0.107087
0.153663
0.785748
0.395071
0.048198
0.032982
-0.930987
-0.282673
0.170335
-0.341353
0.343621
0.557451
0.081505
-0.808128
-0.064776
0.148362
0.398316
-0.102773
-0.113841
-0.337845
-0.571856
0.077905
0.043644
0.152558
0.079425
0.144027
0.080392
0.125288
0.008735
0.049938
0.061272
0.014765
0.042650
0.077882
0.020553
0.026511
0.057817
0.039416
0.066160
0.031066
0.069366
0.025354
0.066480
0.115803
0.056917
0.042042
0.018891
0.026042
0.085303
0.089455
0.080773
0.081571
0.029441
0.081630
0.060022
0.019436
0.043252
0.011275
0.050727
0.039314
0.048387
0.044946
0.048801
0.012533
0.042944
0.105585
0.011516
0.065887
0.025501
0.012362
0.095008
0.029339
0.088760
0.024524
0.014451
0.083344
0.015850
0.072087
0.054510
0.026931
0.026219
0.055752
0.035451
0.073486
0.107254
0.059346
0.073224
0.293567
0.028588
0.036407
0.074461
0.154142
0.027387
0.127776
0.046031
0.093652
0.019491
0.078139
0.060004
0.041291
0.132498
0.014895
0.084751
0.115456
0.013478
0.026552
0.039880
0.035492
0.077595
0.085601
0.046156
0.095022
0.057231
0.022902
0.020508
0.056381
0.099278
0.048603
0.035247
0.041865
0.088877
0.021109
0.045721
0.015896
0.070587
0.079041
0.082541
0.046810
0.127989
0.060010
0.015477
0.075938
0.056931
0.066141
0.062121
0.045337
0.133592
0.139090
0.018278
0.035126
0.074002
0.043832
0.019675
0.082788
0.058452
0.026830
0.023460
0.041872
0.118172
0.043205
0.048945
0.031763
0.105020
0.042746
0.060066
0.029987
0.040365
0.015622
0.084740
0.064993
0.034077
0.161125
0.032385
0.061199
0.026745
0.091075
0.025757
0.136073
0.062098
0.040124
0.039575
0.042579
0.098002
0.150640
0.253230
0.181681
0.033769
0.065906
0.036955
0.064678
0.013997
0.079915
0.083283
0.037427
0.057532
0.070921
0.093576
0.066268
0.059110
0.035335
0.065263
0.192998
0.022338
0.027762
0.144439
0.051049
0.223730
0.067662
0.052578
0.043488
0.127349
0.100090
0.037315
0.009112
0.061597
0.028824
0.016617
0.057304
0.161825
0.177072
0.018207
0.073878
0.040526
0.091829
0.048860
0.018598
0.035925
0.035025
0.032528
0.106961
0.052397
0.038269
0.066618
0.023899
0.023452
0.064535
0.160357
0.027292
0.094002
0.010872
0.130007
0.019171
0.079695
0.016912
0.059508
0.027494
0.023133
0.036725
0.031420
0.044855
0.166531
0.035445
0.036888
0.064982
0.020330
0.165488
0.248533
0.093718
0.094323
0.028714
0.117358
0.009231
0.070417
0.176611
0.019885
0.040681
0.072165
0.056113
0.249327
0.055048
0.022492
0.081699
0.029553
0.048998
0.058488
0.102434
0.088344
0.083035
0.066154
0.031908
0.091480
0.044973
0.082557
0.100278
0.050400
0.034243
0.256169
0.057953
0.018500
0.050552
0.068672
0.060355
0.096973
0.009643
0.054996
0.206401
0.008696
0.013589
0.075731
0.075954
0.045471
0.269951
0.031598
0.018355
0.031593
0.035435
0.008239
0.074579
0.043449
0.094199
0.022827
0.040582
0.040797
0.107990
0.016963
0.099205
0.097861
0.133415
0.079637
0.127196
0.079387
0.020675
0.036134
0.159598
0.033276
0.053349
0.023689
0.011142
0.032229
0.043200
0.056326
0.084237
0.057284
0.102861
0.083751
0.023397
0.049553
0.086480
0.065740
0.118891
0.047688
0.015658
0.064852
0.106700
0.018688
0.021566
0.139879
0.110790
0.028568
0.009327
0.025204
0.101973
0.006969
0.056274
0.044757
0.019465
0.030446
0.208077
0.085794
0.051263
0.072387
0.028657
0.065603
0.011341
0.036375
0.019153
0.054245
0.074910
0.033108
0.079786
0.107298
0.032499
0.024797
0.064879
0.067713
0.047375
0.039143
0.054881
0.167142
0.252274
0.176099
0.043289
0.082104
0.040874
0.038541
0.055501
0.020955
0.084940
0.039752
0.120943
0.061668
0.045586
0.030469
0.044839
0.138161
0.053936
0.156948
0.132049
0.185192
0.021186
0.064655
0.073358
0.039424
0.081332
0.003638
0.086242
0.095684
0.026816
0.037946
0.081999
0.062487
0.052488
0.030590
0.047702
0.019468
0.036853
0.077817
0.038896
0.087306
0.228744
0.132028
0.189760
0.109043
0.062628
0.115215
0.026262
0.048622
0.059451
0.257557
0.045176
0.043770
0.108396
0.030083
0.114786
0.069295
0.040503
0.157088
0.044326
0.137664
0.037056
0.072755
0.016690
0.041394
0.031309
0.036178
0.032316
0.026463
0.034761
0.104114
0.054840
0.023973
0.010921
0.047656
0.024081
0.065995
0.046783
0.028956
0.068219
0.045402
0.040612
0.061242
0.057307
0.104731
0.110418
0.066629
0.053815
0.023637
0.065550
0.041047
0.079566
0.069172
0.029457
0.029262
0.092465
0.068238
0.011458
0.272942
0.049940
0.033009
0.092221
0.157666
0.090067
0.039148
0.033352
0.017795
0.068965
0.043917
0.059536
0.046214
0.039935
0.114671
0.051898
0.040985
0.067721
0.164612
0.030698
0.025011
0.102672
0.026266
0.075920
0.072166
0.123422
0.082599
0.019397
0.037701
0.047980
0.016792
0.080409
0.038119
0.084976
0.056536
0.059643
0.050367
0.015263
0.043374
0.035100
0.049493
0.058590
0.196288
0.205877
0.103847
0.063220
0.031542
0.064394
0.031200
0.066206
0.049784
0.109667
0.362713
0.037814
0.225187
0.022003
0.137546
0.110846
0.139607
0.027447
0.018588
0.065571
0.068444
0.020933
0.038027
0.031017
0.037993
0.032996
0.050860
0.042687
0.123742
0.080923
0.016281
0.304615
0.064161
0.043924
0.038818
0.035713
0.046062
0.127109
0.023733
0.127960
0.039764
0.020561
0.038376
0.085021
0.062443
0.173947
0.036951
0.027939
0.027417
0.034285
0.022045
0.035400
0.106694
0.015408
0.056017
0.457222
0.084835
0.043328
0.053159
0.067605
0.034860
0.111488
0.093499
0.077248
0.035866
0.054371
0.018881
0.025745
0.016061
0.064702
0.056476
0.087013
0.175662
0.025721
0.128182
0.033856
0.058347
0.015646
0.052181
0.064208
0.074673
0.022448
0.040943
0.099486
0.058459
0.052211
0.068541
0.132099
0.053751
0.099096
0.015271
0.095171
0.011107
0.037186
0.035044
0.063106
0.027257
0.042786
0.034122
0.079659
0.023028
0.019582
0.014773
0.026745
0.011217
0.069631
0.074713
0.040062
0.054118
0.122471
0.017516
0.044857
0.040620
0.077709
0.027639
0.073041
0.056395
0.013315
0.078178
0.033775
0.053306
0.050967
0.046733
0.161474
0.031254
0.024623
0.068766
0.070077
0.053866
0.043663
0.089865
0.094320
0.024066
0.082765
0.062205
0.059516
0.083651
0.047810
0.029209
0.062123
0.056376
0.059705
0.150401
0.029600
0.048717
0.083791
0.032619
0.018594
0.044751
0.049138
0.040543
0.035229
0.047324
0.016163
0.038645
0.020802
0.032871
0.104372
0.024944
0.015169
0.097638
0.102960
0.089373
0.062522
0.020530
0.020556
0.038102
0.033506
0.049048
0.051286
0.082196
0.016737
0.032250
0.066343
0.035775
0.036686
0.034955
0.089566
0.141101
0.036531
0.086401
0.036464
0.021750
0.031513
0.160159
0.066109
0.050319
0.049205
0.083047
0.016871
0.105415
0.143672
0.026997
0.041474
0.047097
0.108099
0.013890
0.057309
0.117333
0.068513
0.162925
0.017198
0.016420
0.051352
0.136818
0.053125
0.034875
0.078624
0.045763
0.139071
0.068481
0.036578
0.065081
0.025804
0.087128
0.088913
0.066095
0.074479
0.042538
0.018418
0.055718
0.027962
0.059784
0.009374
0.126437
0.085915
0.128160
0.038639
0.090251
0.066785
0.023686
0.073538
0.087146
0.021010
0.029201
0.043850
0.059491
0.090339
0.069587
0.010477
0.080766
0.046171
0.086923
0.072094
0.014456
0.026918
0.034278
0.036200
0.055543
0.032258
0.018007
0.103492
0.052199
0.073725
0.132751
0.032654
0.018329
0.046954
0.040329
0.062636
0.100967
0.066150
0.032482
0.033617
0.093006
0.070361
0.146118
0.124275
0.048498
0.016046
0.078063
0.065619
0.013054
0.018390
0.077328
0.029218
0.034748
0.112041
0.029475
0.230556
0.120655
0.070604
0.069076
0.052349
0.043921
0.056375
0.096034
0.028138
0.040681
0.069402
0.047451
0.180453
0.035906
0.074768
0.044347
0.014636
0.051442
0.067994
0.137093
0.021060
0.032346
0.043666
0.028410
0.112839
0.103316
0.031201
0.031381
0.057234
0.047263
0.050386
0.096153
0.058530
0.065803
0.029902
0.027434
0.046041
0.054557
0.064340
0.133999
0.104184
0.040867
0.055303
0.062319
0.047625
0.060020
0.011158
0.074019
0.037457
0.072675
0.042594
0.031446
0.074717
0.078452
0.045353
0.056636
0.107909
0.043201
0.158422
0.066551
0.055721
0.045889
0.112672
0.101979
0.062537
0.050735
0.032733
0.054200
0.017146
0.134855
0.028813
0.054304
0.017236
0.039356
0.108998
0.155362
0.144323
0.057627
0.042089
0.041750
0.113007
0.087257
0.047536
0.023108
0.158720
0.160419
0.052218
0.061997
0.038064
0.093529
0.105380
0.029957
0.024970
0.108082
0.053454
0.054342
0.045107
0.086730
0.159819
0.121866
0.064484
0.020119
0.058787
0.034295
0.120205
0.051289
0.048931
0.050393
0.039207
0.028857
0.028425
0.049988
0.092660
0.063342
0.043486
0.034853
0.055100
0.018549
0.041538
0.027370
0.148351
0.020953
0.038858
0.028547
0.039668
0.078616
0.057987
0.013750
0.046627
0.085244
0.073393
0.012506
0.034961
0.138681
0.040095
0.034978
0.028211
0.026559
0.019205
0.078282
0.072535
0.085754
0.023176
0.024955
0.048326
0.049332
0.074432
0.173946
0.026026
0.148570
0.025814
0.060191
0.043456
0.034902
0.051291
0.033524
0.014174
0.065873
0.140513
0.023410
0.166445
0.113788
0.024164
0.026776
0.038299
0.217812
0.035364
0.069369
0.039802
0.034357
0.061553
0.059663
0.018310
0.186955
0.050840
0.034418
0.032719
0.078679
0.029525
0.060178
0.016667
0.059898
0.034010
0.074135
0.093967
0.049017
0.021976
0.017033
0.055941
0.040586
0.068135
0.032295
0.076541
0.056874
0.128412
0.059430
0.029827
0.066512
0.060489
0.035459
0.183940
0.083618
0.036519
0.039934
0.054819
0.023652
0.028992
0.141351
0.050161
0.021892
0.072977
0.024648
0.031308
0.012875
0.023533
0.051861
0.049533
0.112506
0.036706
0.089180
0.091460
0.051662
0.022894
0.028515
0.052820
0.045336
0.120454
0.099557
0.049545
0.048479
0.050881
0.185354
0.033462
0.075344
0.014190
0.016015
0.204394
0.031091
0.042582
0.055466
0.056571
0.045998
0.054933
0.068019
0.009390
0.038163
0.049126
0.051921
0.009515
0.069471
0.032054
0.045022
0.029449
0.038552
0.039370
0.083286
0.058502
0.045405
0.113337
0.066578
0.038189
0.159528
0.099733
0.076485
0.026288
0.032654
0.026188
0.020170
0.065517
0.042504
0.090509
0.069509
0.174745
0.023835
0.101745
0.081302
0.013547
0.075616
0.053893
0.102520
0.050077
0.050436
0.048213
0.021138
0.065390
0.041855
0.021298
0.009530
0.029106
0.012368
0.024430
0.076489
0.067906
0.030760
0.034530
0.077779
0.068865
0.064827
0.327763
0.050764
0.063806
0.033042
0.026809
0.042698
0.116400
0.084374
0.029545
0.121960
0.183045
0.046765
0.019496
0.034208
0.105299
0.039135
0.045429
0.059472
0.059514
0.021108
0.069194
0.131517
0.038905
0.058591
0.022193
0.131042
0.020162
0.075805
0.031870
0.012190
0.047322
0.168553
0.017977
0.051763
0.027289
0.127711
0.052511
0.032848
0.045730
0.013606
0.067481
0.067451
0.058742
0.034287
0.070372
0.015164
0.027022
0.044733
0.034316
0.064101
0.019839
0.151631
0.030897
0.084067
0.078652
0.088927
0.088948
0.178724
0.045030
0.034549
0.021945
0.049991
0.024589
0.075184
0.037253
0.118103
0.100983
0.094102
0.058552
0.016667
0.031177
0.051489
0.041311
0.066963
0.039270
0.065093
0.033112
0.073657
0.022835
0.046470
0.030488
0.099621
0.039468
0.078045
0.016942
0.125709
0.057854
0.096360
0.092901
0.137147
0.074492
0.113884
0.098635
0.031992
0.013812
0.133971
0.030750
0.054066
0.068002
0.058497
0.061298
0.082735
0.040912
0.051545
0.032218
0.214348
0.085944
0.077585
0.120781
0.088877
0.014280
0.008837
0.021366
0.110933
0.073313
0.022013
0.042723
0.082803
0.012850
0.093472
0.042969
0.234710
0.028397
0.107618
0.007503
0.059118
0.025072
0.107425
0.025333
0.014420
0.039154
0.056846
0.036461
0.049012
0.033034
0.014384
0.026178
0.059522
0.059943
0.033248
0.028180
0.030112
0.021202
0.090094
0.122845
0.025677
0.010124
0.048851
0.055910
0.012831
0.031835
0.044394
0.042885
0.045498
0.086664
0.094873
0.032993
0.079223
0.025066
0.099494
0.171394
0.059707
0.011979
0.037677
0.078311
0.088110
0.013337
0.048488
0.086401
0.188919
0.086368
0.065248
0.043123
0.029827
0.159304
0.116246
0.036369
0.114919
0.099294
0.077150
0.044490
0.064087
0.037969
0.112228
0.060324
0.087808
0.041057
0.049603
0.022923
0.063466
0.039997
0.071087
0.068787
0.026580
0.040101
0.078384
0.024687
0.049602
0.070001
0.155846
0.089489
0.043904
0.061271
0.021832
0.010833
0.191660
0.089628
0.035151
0.102902
0.048020
0.062368
0.044076
0.044877
0.130743
0.046925
0.039019
0.033190
0.046495
0.195458
0.045647
0.060842
0.064307
0.038917
0.063284
0.072034
0.046146
0.031495
0.059880
0.056671
0.048934
0.057289
0.019224
0.037391
0.021255
0.047550
0.102628
0.046090
0.059384
0.081648
0.043784
0.043917
0.129553
0.044005
0.069717
0.015218
0.012885
0.048260
0.039370
0.042471
0.083775
0.036193
0.071534
0.055977
0.036202
0.189069
0.046558
0.061648
0.049785
0.042482
0.025432
0.035978
0.023658
0.068286
0.030376
0.034706
0.042421
0.014182
0.043196
0.098233
0.044647
0.050411
0.034898
0.016710
0.048721
0.034537
0.197777
0.076497
0.060063
0.045832
0.118332
0.019528
0.078043
0.135031
0.033712
0.079370
0.047225
0.008152
0.033293
0.006152
0.059246
0.019376
0.017479
0.080429
0.063926
0.086645
0.049731
0.014335
0.125205
0.023522
0.065127
0.036992
0.063022
0.017831
0.021233
0.035508
0.267602
0.041467
0.051523
0.064007
0.102786
0.047531
0.060353
0.054699
0.027171
0.020373
0.083839
0.048315
0.063257
0.028016
0.112579
0.012195
0.039923
0.137263
0.041353
0.060419
0.065380
0.064655
0.035777
0.059927
0.051886
0.118610
0.031191
0.046380
0.056860
0.048963
0.043457
0.019220
0.108835
0.021854
0.015256
0.056860
0.018424
0.094121
0.040481
0.070016
0.077224
0.120468
0.125255
0.055380
0.135751
0.081899
0.053422
0.068692
0.094585
0.108996
0.091556
0.061067
0.108614
0.049922
0.086735
0.025585
0.024630
0.068961
0.045475
0.096196
0.077324
0.155070
0.047850
0.108936
0.010484
0.023380
0.101577
0.188479
0.020064
0.072672
0.032273
0.040871
0.025647
0.079994
0.025931
0.112898
0.028773
0.052209
0.141692
0.085169
0.104930
0.012424
0.067223
0.027625
0.034038
0.093203
0.091003
0.029867
0.007586
0.011100
0.045515
0.069565
0.019720
0.030990
0.064270
0.020176
0.021294
0.041834
0.024704
0.045668
0.030282
0.024204
0.054606
0.021636
0.011888
0.041036
0.057536
0.088501
0.058365
0.040551
0.010996
0.008164
0.033545
0.091881
0.012258
0.028885
0.112724
0.069121
0.026380
0.013444
0.033398
0.036689
0.083987
0.066947
0.023468
0.067372
0.027381
0.079313
0.042103
0.039650
0.087979
0.042340
0.167543
0.067345
0.021495
0.129513
0.036280
0.067925
0.050530
0.062747
0.040955
0.045714
0.060820
0.131014
0.069257
0.118896
0.045008
0.101433
0.052073
0.119354
0.106380
0.062140
0.028199
0.070699
0.033972
0.018795
0.020644
0.025607
0.089493
0.078515
0.028792
0.048105
0.026782
0.059419
0.154235
0.020856
0.076455
0.022130
0.075469
0.068481
0.024895
0.093221
0.184513
0.062229
0.071712
0.014026
0.032768
0.029752
0.015699
0.191633
0.131033
0.094534
0.102492
0.032032
0.043559
0.117034
0.100162
0.167674
0.029777
0.096221
0.063672
0.090826
0.032792
0.140030
0.012450
0.022669
0.030340
0.034423
0.100072
0.036489
0.112772
0.049900
0.053679
0.024920
0.025241
0.038617
0.072896
0.036034
0.055256
0.018729
0.046024
0.171533
0.039350
0.038517
0.036830
0.017082
0.269703
0.117168
0.040582
0.041292
0.043607
0.087567
0.022433
0.046249
0.015247
0.030671
0.091489
0.032466
0.016179
0.042660
0.050957
0.112848
0.114028
0.122819
0.052152
0.039293
0.077685
0.049911
0.124188
0.061315
0.203773
0.076870
0.088552
0.081482
0.009047
0.062818
0.213926
0.018968
0.150078
0.023399
0.044903
0.046071
0.065373
0.030462
0.018433
0.035764
0.028468
0.112985
0.044791
0.112927
0.041896
0.036785
0.030791
0.035821
0.054816
0.010733
0.026776
0.107554
0.070720
0.098986
0.181143
0.103032
0.014094
0.052270
0.112117
0.067286
0.051248
0.161431
0.034952
0.049046
0.047408
0.076004
0.186995
0.082072
0.016924
0.083804
0.025859
0.039949
0.137881
0.082205
0.021504
0.053475
0.061689
0.041158
0.018084
0.090463
0.031931
0.124052
0.125462
0.149383
0.081550
0.040414
0.051602
0.069071
0.048202
0.025368
0.038050
0.039532
0.038352
0.041696
0.014293
0.032157
0.020979
0.033985
0.032387
0.058894
0.043446
0.014114
0.087143
0.092670
0.036442
0.051607
0.154263
0.145627
0.034018
0.034851
0.146153
0.081378
0.067847
0.076050
0.014485
0.098122
0.083926
0.110235
0.048031
0.211355
0.016466
0.004824
0.056634
0.026731
0.056760
0.088462
0.053838
0.023753
0.048801
0.045559
0.043113
0.026561
0.013869
0.126247
0.056082
0.106604
0.130139
0.011265
0.033204
0.040455
0.115456
0.059624
0.047836
0.181075
0.063188
0.017496
0.138896
0.060740
0.017406
0.033510
0.030607
0.083059
0.026623
0.042246
0.054130
0.043624
0.021468
0.164275
0.157906
0.049825
0.087024
0.056439
0.043893
0.050813
0.091911
0.037492
0.231830
0.013623
0.079971
0.019950
0.064558
0.041829
0.186762
0.105401
0.137671
0.061008
0.057084
0.018307
0.071932
0.062360
0.064292
0.056738
0.010126
0.033890
0.056925
0.127770
0.067186
0.041103
0.011604
0.038551
0.101713
0.047139
0.035956
0.134537
0.038086
0.126441
0.058138
0.232619
0.072605
0.052209
0.101497
0.047766
0.043817
0.062550
0.076512
0.033703
0.075046
0.017837
0.049406
0.036151
0.045382
0.039779
0.150064
0.049610
0.071526
0.066608
0.072106
0.116788
0.066914
0.087326
0.069369
0.059281
0.069882
0.023501
0.041688
0.072355
0.028820
0.079764
0.031583
0.061535
0.076010
0.010254
0.037714
0.093746
0.033023
0.064157
0.063994
0.059429
0.032717
0.040188
0.094110
0.053868
0.043869
0.042761
0.014505
0.143391
0.103660
0.028588
0.027217
0.049250
0.023709
0.044996
0.009783
0.038115
0.152506
0.071130
0.410406
0.037447
0.022045
0.074900
0.046217
0.127868
0.044695
0.061928
0.039558
0.044870
0.049267
0.012020
0.077521
0.045329
0.052471
0.062187
0.058377
0.017152
0.041433
0.030753
0.048813
0.021293
0.087513
0.058229
0.023996
0.027076
0.029586
0.082801
0.025322
0.025832
0.012530
0.103386
0.164880
0.055139
0.114850
0.029216
0.086593
0.069897
0.018219
0.032897
0.073819
0.035842
0.070137
0.056117
0.077718
0.021860
0.035027
0.110785
0.027903
0.119911
0.086587
0.089472
0.179819
0.046616
0.032420
0.025039
0.026289
0.053177
0.232073
0.063267
0.126379
0.041883
0.009546
0.027013
0.033500
0.130172
0.024690
0.055087
0.070337
0.017904
0.033190
0.048601
0.049035
0.065362
0.040963
0.078987
0.052857
0.090122
0.050675
0.041753
0.188290
0.020835
0.068243
0.079721
0.069070
0.062562
0.040058
0.126833
0.145367
0.018225
0.101757
0.051314
0.027773
0.014420
0.074465
0.018395
0.024922
0.050300
0.022121
0.122791
0.048339
0.021098
0.018780
0.070007
0.101289
0.031619
0.023404
0.015262
0.029928
0.042375
0.045177
0.043349
0.020048
0.101396
0.041681
0.064088
0.050819
0.031782
0.018919
0.038497
0.033535
0.071383
0.048555
0.045193
0.048390
0.041131
0.086633
0.066184
0.016429
0.063951
0.032532
0.033003
0.027462
0.022620
0.067503
0.080167
0.023498
0.104123
0.008540
0.043583
0.017629
0.056756
0.027737
0.036916
0.093855
0.012125
0.081864
0.098103
0.034886
0.011657
0.045694
0.015092
0.054805
0.291608
0.031998
0.090499
0.016704
0.147749
0.049035
0.046671
0.098909
0.044796
0.054716
0.075375
0.097999
0.062534
0.022893
0.049589
0.047325
0.096329
0.256136
0.017210
0.084079
0.038815
0.066010
0.101991
0.063439
0.053382
0.095590
0.045113
0.093223
0.122271
0.086503
0.062998
0.042119
0.044320
0.057821
0.025231
0.078318
0.087244
0.007758
0.040090
0.046353
0.098286
0.024842
0.050417
0.023709
0.019727
0.067853
0.051277
0.136019
0.078090
0.014149
0.109719
0.161697
0.048721
0.185557
0.056092
0.078499
0.061442
0.103709
0.024974
0.124091
0.052369
0.043858
0.037799
0.255144
0.017873
0.052087
0.072946
0.033257
0.092872
0.035045
0.039103
0.054121
0.069793
0.145804
0.064420
0.048130
0.049559
0.102028
0.094706
0.106744
0.037560
0.040459
0.047148
0.050681
0.163626
0.048566
0.020913
0.076252
0.029151
0.043294
0.051440
0.135067
0.145173
0.081498
0.033495
0.033172
0.047015
0.067685
0.028774
0.129252
0.018446
0.045461
0.032636
0.010986
0.021354
0.010412
0.071251
0.100222
0.055057
0.029689
0.055798
0.055371
0.117793
0.024804
0.027224
0.017247
0.006545
0.071847
0.137155
0.083310
0.242702
0.054140
0.108585
0.025147
0.142611
0.101006
0.063900
0.049786
0.021009
0.063120
0.044918
0.044962
0.064475
0.039994
0.013063
0.030372
0.011762
0.021603
0.034858
0.038444
0.031169
0.080225
0.085871
0.011649
0.011345
0.025417
0.027476
0.053727
0.043146
0.192435
0.032761
0.004290
0.008672
0.044838
0.048138
0.033225
0.041259
0.012480
0.068268
0.093963
0.031325
0.037224
0.016950
0.021705
0.084728
0.034785
0.051979
0.044337
0.012284
0.066105
0.065182
0.043714
0.028261
0.098720
0.016216
0.264456
0.048372
0.066521
0.046790
0.021690
0.131867
0.059718
0.041628
0.026428
0.056984
0.037391
0.136063
0.023564
0.068531
0.226183
0.038849
0.051166
0.025962
0.021819
0.080079
0.069402
0.035782
0.027727
0.021824
0.052404
0.022051
0.121783
0.055186
0.055386
0.186890
0.032132
0.068805
0.045391
0.101881
0.054831
0.060956
0.071808
0.124021
0.054074
0.046553
0.036254
0.118785
0.018846
0.035282
0.055818
0.070330
0.031921
0.090618
0.163968
0.028335
0.051848
0.039957
0.039634
0.025683
0.087161
0.045001
0.071002
0.014587
0.027353
0.037812
0.070376
0.172975
0.036055
0.024491
0.062947
0.055386
0.066247
0.033677
0.038823
0.048463
0.025900
0.047847
0.031452
0.027301
0.087284
0.040355
0.040811
0.045329
0.054423
0.035589
0.038971
0.116884
0.078036
0.068076
0.084530
0.041494
0.048485
0.052469
0.214618
0.074427
0.016073
0.078949
0.055102
0.029674
0.086197
0.082524
0.044662
0.102266
0.021488
0.040561
0.019103
0.035251
0.083436
0.028816
0.042841
0.023475
0.093527
0.090962
0.040142
0.079979
0.033186
0.053525
0.120615
0.044617
0.065000
0.046301
0.063531
0.136176
0.017733
0.039115
0.049842
0.096414
0.032067
0.048010
0.016792
0.044854
0.053048
0.062106
0.054701
0.023689
0.169036
0.139515
0.029774
0.019790
0.023730
0.059013
0.041981
0.125272
0.067566
0.020631
0.061498
0.048192
0.025453
0.022059
0.220876
0.012596
0.059894
0.086124
0.028439
0.072884
0.019755
0.043341
0.130371
0.040695
0.020397
0.071010
0.167184
0.032303
0.082446
0.022531
0.012851
0.027941
0.060059
0.097072
0.048464
0.030680
0.037541
0.090742
0.070200
0.026630
0.015923
0.038181
0.082592
0.043248
0.075487
0.114809
0.057542
0.067740
0.027051
0.092118
0.048912
0.017490
0.036707
0.029848
0.045606
0.061649
0.022048
0.046134
0.019328
0.050593
0.144263
0.090675
0.076371
0.080912
0.040391
0.042544
0.103713
0.045925
0.090850
0.117695
0.108469
0.023498
0.025716
0.033908
0.027432
0.034312
0.016059
0.056851
0.057574
0.046645
0.097939
0.020680
0.037390
0.044098
0.050047
0.018761
0.031716
0.098087
0.030268
0.138152
0.034007
0.055953
0.010993
0.095259
0.054078
0.020040
0.046751
0.046324
0.025347
0.043776
0.021022
0.122831
0.051089
0.047271
0.028395
0.133108
0.115131
0.030612
0.177712
0.069345
0.159028
0.043444
0.057743
0.057796
0.176026
0.036897
0.104232
0.064746
0.022249
0.072321
0.012123
0.096810
0.050558
0.174320
0.024347
0.046713
0.019559
0.104905
0.067321
0.032608
0.013282
0.078406
0.039275
0.010101
0.109271
0.064192
0.046732
0.008575
0.029869
0.019862
0.048082
0.057000
0.014940
0.128853
0.010914
0.098103
0.035552
0.115293
0.022326
0.167979
0.024023
0.035127
0.126116
0.027921
0.085569
0.205257
0.018808
0.134413
0.102461
0.055410
0.112501
0.159356
0.365720
0.012254
0.023253
0.022547
0.049934
0.047900
0.021427
0.056783
0.120704
0.015878
0.044669
0.018423
0.035509
0.046006
0.309547
0.119566
0.119654
0.031752
0.043741
0.118815
0.040854
0.036807
0.117936
0.024604
0.042241
0.033755
0.074862
0.046369
0.080391
0.225018
0.039639
0.042070
0.053339
0.077479
0.101352
0.062393
0.119680
0.055763
0.082121
0.039318
0.029114
0.121924
0.089191
0.059805
0.120368
0.033080
0.077450
0.062285
0.073156
0.102188
0.150405
0.055970
0.064132
0.036474
0.023218
0.026433
0.056951
0.025746
0.071914
0.072873
0.158970
0.029931
0.077740
0.065326
0.053111
0.033279
0.121501
0.032085
0.048158
0.035020
0.056005
0.058831
0.033726
0.096258
0.233335
0.067133
0.053994
0.307918
0.094175
0.009236
0.044598
0.025706
0.039223
0.090213
0.030011
0.056818
0.096376
0.032890
0.023083
0.023196
0.100959
0.098962
0.045639
0.041152
0.161757
0.013793
0.167800
0.062185
0.057664
0.049859
0.033650
0.089188
0.053304
0.052498
0.058483
0.062516
0.043526
0.075493
0.012503
0.118236
0.082909
0.037320
0.028731
0.105793
0.246275
0.012336
0.028160
0.102195
0.048719
0.062374
0.069911
0.007783
0.025177
0.043401
0.105031
0.056733
0.054336
0.036243
0.082883
0.035317
0.019071
0.046096
0.084599
0.076728
0.099838
0.031270
0.039772
0.054828
0.093642
0.027929
0.076400
0.077889
0.025871
0.012392
0.119802
0.031198
0.060805
0.060007
0.060444
0.057599
0.044749
0.044502
0.043636
0.063953
0.051574
0.102221
0.095224
0.039326
0.040633
0.068956
0.031013
0.087290
0.032983
0.080774
0.023569
0.047690
0.070650
0.034617
0.028304
0.034340
0.036949
0.067834
0.063780
0.046314
0.032289
0.033553
0.046654
0.139598
0.035949
0.237969
0.053910
0.056174
0.047166
0.026633
0.016226
0.025873
0.024621
0.082383
0.062571
0.054192
0.122678
0.007620
0.029862
0.055180
0.058062
0.097332
0.098152
0.082403
0.061368
0.037913
0.072482
0.021089
0.144831
0.034806
0.030815
0.062194
0.088293
0.033701
0.040264
0.056349
0.085904
0.043848
0.108287
0.075758
0.036985
0.043047
0.082514
0.017418
0.044164
0.034230
0.095891
0.009906
0.060890
0.174458
0.060622
0.067838
0.044008
0.025755
0.020615
0.015725
0.032874
0.026509
0.060559
0.034510
0.017030
0.035367
0.093078
0.058740
0.035522
0.052630
0.062922
0.051069
0.228692
0.031822
0.048369
0.046012
0.016532
0.100654
0.103094
0.038346
0.067411
0.024799
0.092355
0.051118
0.025623
0.056372
0.114996
0.076862
0.054599
0.113821
0.012404
0.036789
0.185528
0.025795
0.144722
0.194498
0.035800
0.094533
0.094013
0.027503
0.037475
0.141337
0.019159
0.045888
0.056870
0.041963
0.034357
0.104237
0.027548
0.020653
0.040101
0.030908
0.033482
0.032435
0.010998
0.083521
0.042378
0.040281
0.035591
0.017458
0.133859
0.151047
0.129224
0.017240
0.046477
0.022604
0.043780
0.075657
0.132725
0.096777
0.031528
0.104576
0.099514
0.021526
0.060467
0.143573
0.049658
0.032283
0.065308
0.074672
0.253315
0.035386
0.048065
0.066041
0.023468
0.053304
0.023931
0.147251
0.051195
0.058193
0.040588
0.114514
0.047794
0.060822
0.046895
0.039629
0.159565
0.021937
0.018872
0.075798
0.058565
0.228754
0.104293
0.032506
0.011543
0.153334
0.068509
0.033358
0.035632
0.026775
0.096611
0.046740
0.089957
0.047750
0.020497
0.039411
0.078792
0.012270
0.030817
0.091770
0.062391
0.026704
0.013347
0.112830
0.015242
0.137196
0.079625
0.075700
0.166715
0.027502
0.057938
0.032642
0.233569
0.052354
0.019500
0.024781
0.038874
0.031410
0.156343
0.050540
0.044701
0.067865
0.020407
0.036033
0.144331
0.088235
0.098564
0.052676
0.046985
0.044709
0.033710
0.079650
0.037238
0.057418
0.085886
0.019953
0.022627
0.038612
0.047286
0.116521
0.027040
0.152548
0.039042
0.088610
0.228819
0.031433
0.054772
0.218561
0.024990
0.080937
0.120610
0.079839
0.038993
0.032155
0.051659
0.066962
0.055356
0.053995
0.020495
0.015993
0.105237
0.207177
0.024462
0.066935
0.029728
0.052126
0.055494
0.060001
0.024846
0.132698
0.054543
0.153323
0.018027
0.198955
0.129818
0.092691
0.172867
0.053475
0.081376
0.028937
0.057271
0.126322
0.052390
0.030869
0.061028
0.073211
0.094004
0.030073
0.035380
0.021217
0.072678
0.074082
0.056104
0.057274
0.031650
0.059611
0.222233
0.046271
0.058259
0.050925
0.065553
0.046979
0.099440
0.062092
0.066819
0.081003
0.114092
0.109332
0.038836
0.056384
0.027824
0.059964
0.027090
0.047347
0.062182
0.063878
0.155524
0.060419
0.109384
0.048455
0.072067
0.041182
0.037024
0.018469
0.058778
0.028105
0.072413
0.058599
0.043760
0.022989
0.101497
0.049120
0.218696
0.056403
0.015877
0.014518
0.032305
0.062475
0.018638
0.129390
0.043367
0.099167
0.061555
0.040520
0.034969
0.030368
0.045094
0.029286
0.116784
0.096495
0.045652
0.233841
0.018397
0.018033
0.022987
0.024020
0.037741
0.054598
0.027940
0.017802
0.065625
0.045216
0.058998
0.103173
0.037496
0.021038
0.142735
0.054778
0.016835
0.085364
0.039186
0.123335
0.065459
0.099959
0.057254
0.026259
0.051300
0.061539
0.035119
0.084506
0.050678
0.078871
0.041272
0.101351
0.030197
0.011199
0.016210
0.027920
0.052093
0.049325
0.033911
0.083539
0.077559
0.035892
0.070036
0.020013
0.057613
0.021835
0.022927
0.111629
0.044309
0.019374
0.149152
0.036757
0.042620
0.033401
0.139936
0.057185
0.024120
0.042652
0.071190
0.080011
0.146284
0.056791
0.022560
0.058371
0.056597
0.063439
0.109147
0.040821
0.008451
0.057851
0.035998
0.037819
0.118352
0.030140
0.014484
0.029231
0.049888
0.012858
0.029046
0.111957
0.068285
0.049259
0.062718
0.045784
0.043067
0.074204
0.056500
0.043823
0.011850
0.126290
0.022709
0.025689
0.136856
0.071925
0.032797
0.018063
0.019964
0.094225
0.051507
0.057407
0.294991
0.055619
0.063144
0.045953
0.046329
0.085445
0.016125
0.022724
0.096525
0.063974
0.036219
0.106291
0.084846
0.054981
0.120205
0.045419
0.071421
0.033275
0.062196
0.018072
0.048802
0.039280
0.032107
0.041165
0.023845
0.091024
0.081153
0.062084
0.033971
0.058847
0.017359
0.050950
0.063216
0.038849
0.062703
0.031621
0.056569
0.104473
0.043154
0.021902
0.034297
0.062237
0.027416
0.036999
0.046167
0.045743
0.077843
0.027624
0.061887
0.146184
0.107686
0.018091
0.044667
0.045294
0.017339
0.028913
0.008105
0.034385
0.045018
0.031211
0.026015
0.167503
0.083202
0.043996
0.034926
0.028797
0.162053
0.054127
0.035750
0.047685
0.030664
0.045592
0.088300
0.036756
0.022059
0.056352
0.040387
0.029825
0.087159
0.013760
0.048056
0.020210
0.081584
0.009414
0.036049
0.091819
0.031570
0.090123
0.136266
0.038955
0.010016
0.038677
0.027606
0.092741
0.029681
0.052438
0.061835
0.050147
0.033371
0.073373
0.036999
0.046716
0.013727
0.034589
0.103658
0.081738
0.060672
0.068764
0.097208
0.044985
0.013071
0.067329
0.008712
0.095753
0.064283
0.057529
0.017226
0.032672
0.030382
0.037492
0.017492
0.084275
0.020358
0.074478
0.047897
0.104460
0.055113
0.015856
0.134388
0.055447
0.076270
0.230662
0.027086
0.086903
0.130109
0.091003
0.047180
0.061118
0.018872
0.093062
0.051143
0.027225
0.047562
0.029513
0.058595
0.049545
0.033895
0.069336
0.037273
0.222152
0.098202
0.065661
0.052715
0.036622
0.038255
0.089945
0.036713
0.027829
0.033589
0.039950
0.024014
0.039412
0.108159
0.029090
0.025728
0.082768
0.082362
0.075410
0.088520
0.049636
0.035667
0.065864
0.059856
0.134654
0.070063
0.040559
0.076618
0.073210
0.059957
0.045164
0.055955
0.013145
0.012406
0.066803
0.045418
0.063662
0.060015
0.060874
0.036018
0.047615
0.053770
0.080055
0.049963
0.058153
0.146311
0.100052
0.015739
0.022901
0.047681
0.078532
0.027042
0.076306
0.122279
0.040415
0.029123
0.054820
0.040619
0.034801
0.030974
0.042122
0.022438
0.077702
0.061734
0.189844
0.052217
0.028321
0.020908
0.076731
0.073224
0.015590
0.130568
0.162671
0.039908
0.047623
0.043806
0.030046
0.048823
0.068504
0.032180
0.017089
0.083778
0.031482
0.039225
0.103244
0.035815
0.091290
0.026959
0.239657
0.026521
0.026056
0.018923
0.291179
0.030438
0.039285
0.038425
0.024827
0.073552
0.244443
0.067961
0.042169
0.039496
0.019752
0.134174
0.029535
0.041530
0.066032
0.042500
0.039731
0.056426
0.050126
0.141002
0.090995
0.069616
0.087558
0.023755
0.013482
0.145590
0.070478
0.020677
0.043118
0.076769
0.151903
0.022233
0.022365
0.021795
0.034651
0.011611
0.070562
0.050992
0.026293
0.058281
0.041139
0.109197
0.022362
0.111673
0.020726
0.224036
0.072614
0.020207
0.081482
0.083472
0.050528
0.175048
0.068102
0.033606
0.160807
0.160372
0.152384
0.037268
0.120234
0.061099
0.121048
0.026810
0.037517
0.071255
0.018699
0.040949
0.029725
0.026146
0.035891
0.015532
0.032188
0.050774
0.022888
0.026279
0.027534
0.039606
0.038088
0.081418
0.037308
0.064137
0.106570
0.047083
0.082244
0.034193
0.146253
0.272430
0.017484
0.054454
0.041194
0.039768
0.024568
0.255503
0.020274
0.079405
0.088093
0.054495
0.102770
0.046609
0.026807
0.049994
0.087712
0.044113
0.141874
0.023430
0.103797
0.050438
0.071724
0.037071
0.015785
0.034289
0.039799
0.024549
0.115657
0.041430
0.119589
0.100418
0.042017
0.036310
0.058733
0.053108
0.056252
0.039101
0.080163
0.007513
0.061369
0.036165
0.017386
0.055990
0.077914
0.019170
0.083753
0.035635
0.025486
0.030230
0.035307
0.071616
0.226634
0.197833
0.027426
0.025777
0.098496
0.107384
0.032213
0.044279
0.039969
0.039186
0.021602
0.184767
0.113006
0.064237
0.026416
0.072262
0.062295
0.105805
0.078663
0.045729
0.036099
0.018304
0.024399
0.050284
0.217867
0.093458
0.215100
0.042230
0.058127
0.054414
0.038388
0.060265
0.062554
0.042761
0.052447
0.122316
0.050024
0.025300
0.021283
0.070480
0.027048
0.057663
0.026539
0.027148
0.074046
0.022912
0.048602
0.080376
0.034306
0.130803
0.024828
0.052566
0.023939
0.027739
0.062433
0.096975
0.029347
0.054293
0.050509
0.029882
0.071583
0.043085
0.037241
0.018363
0.030070
0.042513
0.055287
0.013857
0.146018
0.048750
0.012551
0.033238
0.066233
0.033113
0.172372
0.054006
0.012316
0.117160
0.050189
0.102188
0.031163
0.076806
0.203476
0.039395
0.041191
0.084389
0.078985
0.029503
0.069492
0.085844
0.051090
0.069470
0.050202
0.025562
0.012055
0.060956
0.089289
0.067149
0.018610
0.047221
0.016535
0.011077
0.033092
0.043845
0.056270
0.045899
0.035900
0.021368
0.018545
0.060413
0.107994
0.022854
0.027690
0.019993
0.120351
0.014900
0.027832
0.049236
0.033556
0.047291
0.029424
0.078445
0.053480
0.044692
0.060234
0.101034
0.055861
0.009691
0.035998
0.082218
0.048212
0.087064
0.322012
0.046834
0.044024
0.120470
0.019103
0.071783
0.086314
0.093452
0.047330
0.054100
0.066181
0.035812
0.039933
0.033515
0.031873
0.062017
0.022999
0.034252
0.061144
0.030048
0.058457
0.024474
0.018662
0.050818
0.210935
0.062352
0.100629
0.053218
0.050553
0.069635
0.097489
0.030582
0.035405
0.070385
0.031632
0.052773
0.084348
0.242722
0.030256
0.039442
0.075319
0.031190
0.025262
0.068136
0.037725
0.070041
0.027753
0.130257
0.062618
0.052392
0.037185
0.050314
0.092230
0.036063
0.024327
0.060855
0.126058
0.061515
0.054991
0.053700
0.050282
0.147667
0.010145
0.057628
0.087303
0.013382
0.029289
0.060658
0.055723
0.020531
0.048431
0.074582
0.036429
0.017590
0.034484
0.136887
0.035708
0.105696
0.075533
0.048105
0.024823
0.063788
0.053653
0.037159
0.052667
0.022533
0.067433
0.058935
0.052141
0.068008
0.029482
0.024277
0.042390
0.079506
0.078157
0.038995
0.052483
0.057845
0.068431
0.021699
0.137867
0.035917
0.087862
0.009005
0.070203
0.078817
0.046837
0.069706
0.140211
0.046489
0.021427
0.060382
0.056268
0.059795
0.039592
0.077266
0.042340
0.059914
0.050403
0.074310
0.044344
0.095697
0.028153
0.193187
0.033991
0.074032
0.153245
0.036441
0.057231
0.034657
0.040974
0.159855
0.069344
0.028902
0.028730
0.028811
0.028449
0.176875
0.025013
0.103215
0.021460
0.015344
0.026096
0.041776
0.037732
0.033975
0.049207
0.039472
0.021749
0.046179
0.105413
0.027828
0.074547
0.124184
0.071901
0.153496
0.043361
0.025838
0.030441
0.033420
0.029057
0.069677
0.066992
0.034545
0.061855
0.039341
0.041171
0.092286
0.020860
0.006698
0.018593
0.071995
0.070650
0.067709
0.028818
0.034735
0.033201
0.070890
0.308767
0.062776
0.029157
0.028641
0.028125
0.057079
0.033251
0.757362
0.019542
0.147082
0.025858
0.122564
0.038881
0.066264
0.039043
0.057588
0.056879
0.075435
0.042255
0.064969
0.032959
0.017470
0.039182
0.037806
0.067790
0.047452
0.061341
0.026448
0.090430
0.049824
0.073167
0.036195
0.075057
0.062190
0.018169
0.028982
0.046378
0.056118
0.097318
0.034625
0.122511
0.177369
0.090722
0.072283
0.075335
0.057004
0.118965
0.021123
0.116218
0.138968
0.060609
0.047209
0.056951
0.088861
0.022454
0.132352
0.008864
0.038677
0.024357
0.046975
0.061017
0.075183
0.030076
0.073089
0.050337
0.050500
0.101979
0.026924
0.258356
0.021845
0.092457
0.038646
0.015895
0.033486
0.029866
0.024005
0.055040
0.066602
0.031985
0.043072
0.033418
0.025287
0.056721
0.038577
0.083889
0.065193
0.069609
0.059630
0.070506
0.140413
0.098527
0.166864
0.029625
0.104194
0.075158
0.010667
0.028056
0.030316
0.151782
0.257805
0.056125
0.081457
0.115071
0.099323
0.051252
0.072950
0.028396
0.072380
0.120356
0.025974
0.027440
0.028226
0.175294
0.113831
0.075998
0.040294
0.026485
0.054417
0.057597
0.173696
0.025978
0.117857
0.411579
0.095554
0.011612
0.068925
0.035948
0.112737
0.071593
0.020055
0.128468
0.033700
0.086702
0.095628
0.147306
0.016707
0.089667
0.037749
0.082064
0.036609
0.082098
0.031973
0.077893
0.069195
0.037129
0.066422
0.045662
0.172980
0.066546
0.018895
0.048699
0.110896
0.027912
0.049824
0.045130
0.038155
0.080523
0.031863
0.067493
0.026669
0.054140
0.052778
0.050007
0.074857
0.233389
0.017081
0.186756
0.081891
0.072215
0.036809
0.029106
0.043660
0.040559
0.038661
0.135551
0.069234
0.028749
0.115488
0.034402
0.090558
0.068603
0.057281
0.039029
0.097128
0.030294
0.067196
0.104148
0.033093
0.142084
0.027480
0.079390
0.027424
0.210477
0.035754
0.095556
0.027661
0.015834
0.035624
0.142283
0.012078
0.126034
0.178556
0.163949
0.036714
0.058312
0.068907
0.041957
0.028622
0.087986
0.071234
0.028175
0.028990
0.019062
0.098722
0.014072
0.006827
0.040246
0.024842
0.058704
0.052354
0.050151
0.133967
0.061866
0.170437
0.038759
0.086761
0.077670
0.092349
0.058756
0.010552
0.080652
0.054353
0.014944
0.015129
0.009879
0.047778
0.024814
0.040273
0.153417
0.054362
0.057256
0.031455
0.174716
0.056954
0.066003
0.060099
0.042925
0.031066
0.017610
0.049525
0.038107
0.015001
0.045869
0.020168
0.051821
0.137332
0.142430
0.040740
0.028993
0.102888
0.047754
0.042072
0.020460
0.041240
0.030835
0.027889
0.063272
0.064797
0.070522
0.138909
0.068732
0.046805
0.109780
0.084524
0.007285
0.045069
0.033808
0.040391
0.134817
0.037036
0.035361
0.123711
0.046571
0.040833
0.056565
0.033344
0.033720
0.022639
0.219480
0.010635
0.073269
0.118243
0.007649
0.025939
0.078106
0.046893
0.045958
0.064339
0.083527
0.078090
0.118775
0.023523
0.062532
0.055018
0.049111
0.071102
0.068416
0.106919
0.030415
0.051270
0.079847
0.031458
0.056044
0.017095
0.018170
0.031257
0.026552
0.112337
0.060751
0.136967
0.054802
0.160857
0.100303
0.106728
0.107868
0.064865
0.037797
0.026417
0.046337
0.055945
0.041270
0.005806
0.008852
0.076478
0.107914
0.080196
0.049061
0.383664
0.022065
0.036720
0.043066
0.042782
0.073826
0.039311
0.034805
0.084826
0.055975
0.022461
0.200852
0.068228
0.022976
0.010760
0.109032
0.020276
0.051726
0.059326
0.119360
0.064243
0.049211
0.108220
0.021806
0.043123
0.036551
0.117716
0.078169
0.033826
0.064839
0.015557
0.050942
0.107970
0.041301
0.064052
0.030718
0.048279
0.034801
0.100996
0.085648
0.069229
0.028868
0.038974
0.063472
0.034078
0.131354
0.085803
0.017449
0.098189
0.052881
0.067983
0.060826
0.011769
0.082254
0.067052
0.033747
0.051818
0.029521
0.246746
0.112679
0.042014
0.015290
0.006206
0.039183
0.116720
0.064012
0.159297
0.140769
0.058075
0.017009
0.073402
0.032808
0.012866
0.037135
0.072222
0.140792
0.025891
0.025901
0.019518
0.065380
0.048971
0.066445
0.008365
0.008951
0.087682
0.118527
0.095182
0.024838
0.025906
0.097595
0.037008
0.054251
0.105831
0.037818
0.049061
0.053599
0.042942
0.073982
0.297268
0.030049
0.035025
0.215994
0.083206
0.116820
0.044899
0.271212
0.016345
0.034197
0.054963
0.113502
0.107375
0.042385
0.108469
0.037752
0.061588
0.014169
0.027910
0.077439
0.086582
0.044807
0.034163
0.060099
0.044015
0.027673
0.063849
0.025183
0.008043
0.010113
0.119701
0.030797
0.041982
0.037166
0.044593
0.066418
0.031631
0.087358
0.056967
0.073766
0.033731
0.058650
0.066397
0.015059
0.061405
0.056249
0.056589
0.026162
0.037289
0.069854
0.033601
0.061430
0.023782
0.128347
0.021713
0.093931
0.062549
0.042676
0.036067
0.059779
0.090995
0.046740
0.157389
0.045421
0.021669
0.024384
0.035286
0.044742
0.010677
0.127764
0.198337
0.064956
0.054788
0.250605
0.076776
0.063278
0.054727
0.093220
0.092412
0.089640
0.068039
0.078400
0.104235
0.102653
0.045861
0.026692
0.089742
0.028681
0.089422
0.049581
0.017094
0.026072
0.036626
0.050265
0.074878
0.045599
0.053643
0.038128
0.102760
0.016368
0.073961
0.041475
0.071652
0.040375
0.029047
0.026637
0.060084
0.059101
0.033251
0.074679
0.073970
0.118413
0.106795
0.016963
0.018032
0.043650
0.077305
0.121560
0.059801
0.024830
0.052732
0.018215
0.038587
0.072231
0.083310
0.219463
0.133011
0.273069
0.014189
0.056227
0.013845
0.070076
0.060007
0.112548
0.057959
0.206499
0.033456
0.031240
0.025221
0.067999
0.123082
0.051401
0.030431
0.006895
0.043553
0.083879
0.028074
0.051416
0.020782
0.046968
0.022577
0.114968
0.033145
0.162859
0.014990
0.045212
0.101991
0.076531
0.040793
0.027600
0.042171
0.038388
0.113331
0.040855
0.123438
0.020297
0.029727
0.122155
0.016269
0.037767
0.156401
0.040822
0.074108
0.050009
0.021915
0.099437
0.053016
0.045430
0.202538
0.041404
0.035351
0.170460
0.029092
0.189413
0.021462
0.049228
0.032378
0.026630
0.117805
0.059745
0.036585
0.019043
0.025458
0.182265
0.079650
0.025896
0.059465
0.144805
0.071270
0.046996
0.032298
0.089482
0.116122
0.062260
0.058464
0.037439
0.057888
0.060782
0.053785
0.027058
0.044083
0.076021
0.030305
0.073656
0.040863
0.022814
0.073507
0.019194
0.038036
0.046927
0.020889
0.062042
0.184241
0.054632
0.049262
0.026895
0.051484
0.032164
0.059303
0.052067
0.010942
0.021982
0.032029
0.064190
0.112857
0.028993
0.155049
0.048512
0.045310
0.020915
0.021549
0.039536
0.056049
0.157788
0.068295
0.094402
0.071279
0.056878
0.031505
0.056550
0.050436
0.139384
0.100540
0.035246
0.077966
0.023117
0.028295
0.052614
0.118264
0.042176
0.019778
0.114224
0.082575
0.165069
0.041754
0.098388
0.080302
0.263666
0.074158
0.098369
0.104047
0.043557
0.024597
0.031126
0.080468
0.040832
0.033769
0.032450
0.172006
0.021463
0.099666
0.017688
0.018900
0.042067
0.039148
0.031827
0.030420
0.177192
0.181508
0.016788
0.060549
0.057725
0.043376
0.150783
0.082290
0.043053
0.031315
0.032633
0.028764
0.057371
0.075300
0.096901
0.089791
0.025328
0.017363
0.124042
0.111374
0.042118
0.072348
0.033320
0.099465
0.100999
0.035249
0.039877
0.095408
0.039583
0.143215
0.196702
0.115293
0.144201
0.026204
0.059760
0.066639
0.042119
0.047555
0.024496
0.024602
0.082728
0.162565
0.153949
0.029230
0.066022
0.079406
0.050821
0.020659
0.082119
0.047929
0.096890
0.056370
0.023576
0.105215
0.023315
0.071772
0.103116
0.032336
0.025318
0.038951
0.063748
0.056029
0.016554
0.051565
0.039339
0.058976
0.044011
0.069248
0.041715
0.076213
0.085244
0.046301
0.053880
0.020466
0.034578
0.105897
0.191619
0.092620
0.221296
0.028516
0.022814
0.030060
0.086281
0.060759
0.012756
0.047519
0.072379
0.063443
0.034548
0.127295
0.047650
0.035570
0.020724
0.023645
0.039542
0.053605
0.023175
0.026090
0.051372
0.032761
0.022690
0.075733
0.038670
0.082983
0.045892
0.029744
0.038427
0.055807
0.077762
0.090366
0.072651
0.024294
0.034375
0.110723
0.016747
0.992746
0.067320
0.049111
0.017598
0.023297
0.024602
0.012142
0.018951
0.032600
0.013638
0.040049
0.039431
0.125713
0.075750
0.284140
0.017013
0.024294
0.037589
0.069075
0.037002
0.061693
0.049144
0.030627
0.025716
0.046581
0.049016
0.027708
0.221953
0.125477
0.087392
0.038905
0.028283
0.088680
0.034644
0.044940
0.030168
0.068222
0.083220
0.034372
0.026283
0.044270
0.044399
0.033833
0.027421
0.054364
0.035324
0.025084
0.020722
0.113685
0.032908
0.039327
0.080123
0.011694
0.022684
0.030931
0.060596
0.060137
0.100851
0.099303
0.052759
0.014704
0.044333
0.083074
0.059746
0.106348
0.013279
0.022714
0.109839
0.114622
0.042427
0.049551
0.127936
0.069818
0.026487
0.021464
0.021139
0.070892
0.064653
0.021141
0.094706
0.066509
0.048091
0.015423
0.194720
0.032584
0.063430
0.052198
0.088974
0.060644
0.032305
0.033374
0.063489
0.044797
0.112768
0.052355
0.022966
0.097354
0.152902
0.054250
0.027743
0.086377
0.194845
0.126155
0.093534
0.022962
0.025235
0.048102
0.070762
0.045452
0.058162
0.095323
0.035750
0.022393
0.092038
0.050363
0.095293
0.033271
0.074744
0.073537
0.033862
0.037307
0.054831
0.016902
0.088488
0.112883
0.029058
0.037096
0.022820
0.010829
0.228506
0.041734
0.033055
0.024724
0.045783
0.227389
0.024850
0.049442
0.069955
0.163441
0.109913
0.077356
0.077205
0.023805
0.022919
0.010355
0.140842
0.078718
0.015322
0.028354
0.033876
0.009719
0.050716
0.035544
0.032485
0.104696
0.019670
0.059352
0.041746
0.097613
0.047511
0.094387
0.061858
0.052545
0.112531
0.189699
0.087757
0.033604
0.051624
0.027703
0.046389
0.079639
0.145728
0.056778
0.093350
0.011674
0.026512
0.043218
0.037936
0.059386
0.020053
0.028614
0.029304
0.046704
0.029895
0.148527
0.025594
0.085838
0.071802
0.075072
0.131286
0.022328
0.024430
0.037457
0.054175
0.081440
0.031174
0.055866
0.160645
0.047057
0.026701
0.100658
0.072081
0.160301
0.062133
0.063076
0.022240
0.029169
0.016923
0.064153
0.054239
0.079381
0.063114
0.061874
0.030044
0.037775
0.076501
0.014625
0.025202
0.031726
0.047247
0.092040
0.144351
0.010665
0.030232
0.038121
0.064973
0.082247
0.131919
0.043764
0.039182
0.064537
0.066587
0.048247
0.021904
0.121182
0.067811
0.409709
0.023592
0.053737
0.074300
0.037048
0.085973
0.022444
0.116168
0.049332
0.022685
0.052904
0.053607
0.067591
0.077404
0.142283
0.079133
0.041977
0.028451
0.113720
0.012304
0.033754
0.015187
0.005031
0.013123
0.078753
0.117094
0.060943
0.051765
0.024905
0.016911
0.026009
0.031370
0.015862
0.054111
0.040763
0.091665
0.051602
0.034391
0.047790
0.069519
0.036857
0.059874
0.032085
0.030603
0.016646
0.093359
0.150734
0.047824
0.035683
0.043919
0.113352
0.052176
0.092995
0.053856
0.020194
0.042053
0.038468
0.230201
0.028573
0.052529
0.026471
0.032115
0.063437
0.031407
0.042721
0.043329
0.072712
0.057661
0.062604
0.130152
0.088273
0.066205
0.012297
0.046376
0.052733
0.058672
0.055425
0.014899
0.033035
0.041128
0.029506
0.026500
0.060148
0.045405
0.019723
0.090715
0.034992
0.149809
0.031516
0.039279
0.019005
0.047164
0.060226
0.079549
0.079245
0.063005
0.096139
0.039559
0.106244
0.028346
0.022730
0.050643
0.068868
0.084343
0.052636
0.059019
0.051911
0.035594
0.074355
0.004157
0.082623
0.016597
0.013508
0.092309
0.026424
0.024618
0.035402
0.075103
0.040890
0.062338
0.100333
0.113091
0.101064
0.021691
0.062061
0.202905
0.139552
0.232408
0.012604
0.010662
0.029122
0.074363
0.040529
0.025804
0.033753
0.031659
0.093316
0.059101
0.063579
0.094602
0.067056
0.026051
0.053266
0.027883
0.071402
0.010212
0.030335
0.010852
0.029006
0.058727
0.013564
0.237313
0.053478
0.029751
0.021198
0.080753
0.129988
0.043499
0.036423
0.075900
0.082028
0.036085
0.033536
0.041653
0.049373
0.114652
0.084366
0.035233
0.013836
0.052231
0.038535
0.030753
0.028772
0.051270
0.109379
0.038964
0.055154
0.040361
0.067713
0.038623
0.091320
0.060880
0.022310
0.059433
0.045065
0.135323
0.047578
0.060266
0.061888
0.047879
0.022487
0.038696
0.117763
0.062601
0.114926
0.025332
0.051943
0.046623
0.032402
0.059239
0.006541
0.216285
0.085446
0.058440
0.050004
0.084413
0.041658
0.062278
0.048590
0.256410
0.030118
0.099070
0.134571
0.032438
0.065397
0.063267
0.221695
0.074409
0.125634
0.069195
0.086878
0.042213
0.034330
0.041489
