68
2.035825
4
91
40
10
1
5047
0.009895
0.601730
0.649518
0.398906
-0.788012
-0.715337
-0.430994
-0.077678
0.190120
0.429464
-0.181892
0.025926
1.000000
0.336878
0.002718
0.424499
0.156585
-0.613427
-0.232480
0.311214
0.080012
0.374710
1.000000
0.168499
0.353811
0.146320
-0.217639
-0.835763
0.068937
0.810256
-1.000000
-0.060526
0.195797
0.095981
-0.029530
0.150143
-0.402661
-0.065163
0.074156
0.089358
-0.592080
0.574740
0.116206
-0.107444
-0.439106
-0.405842
0.037560
-0.462447
0.205882
-0.756418
-0.346847
-0.812529
-0.132608
-0.191460
-0.706867
0.060352
-0.624304
0.460186
0.408482
-0.050323
0.552488
-0.110546
-0.492374
0.919443
0.218056
0.120305
0.215772
-0.299973
-0.170622
0.014952
-0.807401
-0.178907
-0.417798
-0.003011
0.255207
0.108552
0.908612
0.607206
0.585229
-0.534133
-0.213279
0.344742
0.383056
0.361124
-0.811814
0.065013
0.564778
-0.233735
-0.413378
-0.569177
-0.437688
-0.543439
0.055092
-0.208391
0.166487
0.024771
-0.081973
0.442705
-0.087504
-0.139071
0.121502
-0.208873
-0.482487
0.317887
-0.400092
0.593381
0.484810
0.152856
-0.640646
0.264327
-0.014352
-0.586243
0.107222
-0.165509
-0.122550
0.326090
0.832220
0.081857
-0.209219
0.228432
-0.201905
0.251223
0.444045
-0.210746
0.648346
0.217999
-0.135500
-0.614981
0.598205
0.088244
0.397617
-0.635227
-0.274251
-0.343018
-0.413304
0.507389
0.673929
-0.082715
0.231577
0.452739
-0.519567
-0.073071
-0.309710
0.081728
0.363366
0.262909
0.759339
-0.119990
-0.070076
0.119880
0.077412
-0.845262
0.354491
-0.855869
0.309572
-0.032924
-0.763150
0.290343
0.540074
-0.279138
-0.007189
-0.367710
0.217509
0.085152
0.205783
0.120466
-0.134600
-0.679490
-0.109852
-0.113158
-1.000000
-0.268669
-0.061792
-0.228617
0.502379
-0.329166
-0.508869
0.197122
0.172310
-0.628669
-0.762230
-0.243921
-0.232320
0.139045
-0.231342
-0.827468
0.164648
0.255670
-0.202111
0.201477
-0.425291
0.094827
0.188870
0.231834
-0.451688
-0.038549
0.238635
-0.217396
0.200688
0.004630
-0.384115
-0.535416
-0.020414
-0.503382
-0.092676
-0.038857
-0.220104
-0.382181
0.111922
0.672416
-0.098869
-0.966933
-0.632463
0.511078
-0.546425
0.628264
0.251334
0.153408
-0.096366
0.038150
0.384755
0.543162
0.095275
0.134264
-1.000000
0.751804
0.132862
-0.241566
-0.217583
-0.310567
0.823270
0.332758
-0.947128
0.102105
0.304527
-0.122830
-0.111374
-0.428564
0.989020
0.119387
-0.543080
0.744636
-0.351581
0.234815
-0.271644
0.507608
-0.952758
-0.196246
-0.164352
0.559691
0.190641
0.918965
0.502291
-0.101384
-0.532018
-0.431006
-0.673257
0.049701
-0.042862
0.515478
0.092186
-0.254677
-0.323572
-0.111780
-0.260711
0.123293
0.994720
-0.046469
0.939071
-0.246583
-1.000000
-0.408976
-0.098035
0.084075
0.428349
0.011892
0.125158
0.323160
-0.120246
-0.315008
0.346288
-0.160768
-0.085954
-0.550092
0.700792
0.740681
-1.000000
0.706308
0.520322
-0.135149
0.074357
-0.119403
-1.000000
0.364556
-0.419427
0.394836
0.013102
-0.290233
-0.532044
0.389809
0.654351
-0.331279
-0.031730
0.783956
-0.155436
-0.417445
-1.000000
-0.107739
-0.973806
0.374702
-0.098796
-0.244723
0.811461
-0.315475
0.190270
-0.906838
0.028437
-0.199102
0.213888
0.102881
-0.304698
0.016972
0.338123
-0.104277
-0.278966
-0.259062
-0.679140
-0.034370
0.046694
-1.000000
0.404485
-0.111873
0.014789
0.014534
0.433405
0.137406
0.678962
-0.569849
-0.000341
-0.608153
-0.530154
-0.327285
-0.886588
0.023653
-0.255679
0.621175
0.198585
-0.504364
0.022834
0.136589
0.098894
0.846854
-0.162943
0.295571
-0.058288
-0.072997
0.631687
0.088532
0.195349
-0.296824
0.339714
0.434803
-0.173423
-0.906906
0.629415
0.322035
-0.898419
0.350093
0.084359
0.112674
-0.912549
-0.095400
0.201028
-0.135914
-0.477536
-0.158944
-0.034206
-0.024078
0.134195
-0.153360
0.293107
-0.377507
-0.074550
0.355262
-0.080682
0.807201
0.403749
0.143290
0.530227
0.186640
1.000000
0.130174
-0.806395
0.821434
-0.039218
0.940028
-0.151819
0.675911
-1.000000
0.027483
0.454075
0.071303
-0.212393
-0.015600
0.074206
-0.168221
-0.457868
0.681982
0.539412
0.205014
-0.298377
0.460472
0.313663
0.561595
0.036649
0.141594
0.762979
-0.465959
-0.334900
0.512885
0.180683
-0.259088
-0.603980
0.474911
0.356733
0.107143
0.337068
-0.080019
-0.018248
-0.226507
-0.840740
0.550504
-0.049378
-1.000000
0.143324
0.282362
-0.023213
0.482523
-0.019183
0.535536
0.027040
0.086969
0.318809
-0.716568
-0.064781
-0.159165
0.106825
0.094347
-0.469105
-0.300088
-1.000000
-0.382096
-0.628907
-0.210278
-0.155674
-0.369622
0.862199
-0.079842
-0.652801
0.528787
0.803972
-0.412443
-0.061549
0.678030
-0.899672
0.818023
0.387993
0.349941
0.045909
-0.361590
0.877492
-0.775059
-0.001483
0.627844
0.813790
0.330024
-0.764129
0.043889
-0.347447
0.436238
-0.321734
-0.393328
-0.024650
0.356886
0.075673
0.318727
0.352950
-0.067900
-0.643696
0.180217
-0.743456
-0.117362
-0.379679
0.440827
0.059155
0.147358
0.680088
0.011713
-0.619913
0.966997
0.163942
-0.856503
-0.756293
0.873950
0.486084
0.387935
0.710066
0.030005
-0.110461
-0.397798
0.123602
0.459373
0.183160
-0.212949
0.223886
-1.000000
0.460397
0.041019
-0.701607
-0.230898
-0.452442
0.236594
0.199904
-0.380300
0.434242
0.066343
0.298400
-0.450838
0.604039
0.202298
0.200198
0.124518
0.611667
0.160454
-0.135085
0.071639
0.036277
0.461993
0.061878
0.078993
0.062707
1.000000
0.945404
0.202620
-0.432103
0.567660
-0.100394
0.006446
-0.804273
-0.133686
0.768328
-0.296143
-0.596559
-0.008707
-0.222037
-0.010711
0.609444
-0.111023
0.454115
0.315284
-0.092740
0.698900
-0.410321
0.614917
-0.085937
0.124535
-0.128203
0.677216
-0.023720
-0.154095
0.402508
-0.266394
0.168799
0.492075
0.668651
-0.084976
0.572433
-0.200126
-1.000000
0.477296
-0.325279
-0.039271
0.335277
0.572250
-0.391830
-0.111781
0.225337
-0.392059
-0.567629
-0.133668
0.007379
0.008248
-0.249959
-0.110697
-0.133699
0.892061
-0.133881
-0.191920
-0.439375
-0.146418
-0.524841
-0.299212
-0.406341
0.893708
-0.141825
0.075294
-0.176325
-0.667674
-0.297651
0.866343
0.662036
0.301790
-0.698484
0.440923
-0.835167
0.333747
-0.068931
-0.224241
-0.299021
0.227730
-0.797787
0.684389
-0.993186
0.059085
0.347428
-0.472310
-0.087364
0.755863
0.041787
0.478808
-0.275532
0.154917
-0.065339
-0.205142
-0.174905
-0.059560
-0.440044
0.055982
0.177886
0.062590
0.201453
0.031342
-0.086540
0.727308
0.018268
0.261655
-0.097542
-0.461288
0.124720
-0.275564
0.007217
-0.274562
-0.073046
0.114004
-0.118302
0.264226
-0.954562
0.258082
0.122271
0.117613
0.205200
-0.392910
0.123078
0.011695
-0.306196
-0.140021
-0.257211
-0.049975
-0.050558
-0.408852
-0.036344
-0.235061
0.561874
0.710852
-0.328051
0.298399
-0.490486
0.529845
0.171722
-0.091314
0.336765
-0.551431
0.056125
-0.409430
-0.112102
-0.537724
0.955579
0.886535
-0.028219
0.114605
0.145785
-0.472625
0.295866
0.610999
0.307345
-0.385306
0.625234
0.217020
-0.541459
0.884021
-0.864018
0.864822
-0.263321
0.525387
-0.045565
0.173317
-0.161894
0.600352
0.403015
-0.100914
0.267868
-0.164235
0.408318
0.273953
-0.064706
-0.383912
-0.449597
0.004110
-0.906923
-0.181782
-0.493656
0.186479
0.205620
0.231050
-0.529473
-0.791819
0.011630
-0.260740
0.012946
-0.147827
0.110875
-0.419961
0.143834
-0.120235
0.182670
0.364551
-0.086223
0.416362
-0.110780
-0.126234
-0.622912
-0.923978
-0.594730
-0.199083
0.856211
0.141036
0.938753
0.645835
-0.782664
-0.177440
0.234935
0.925233
0.211474
-0.262118
0.428398
-0.055655
-0.623293
0.731846
-0.925181
0.173304
-0.215731
0.249303
-0.097713
-0.148122
0.745297
-0.232289
-0.138581
-0.048565
-0.398462
-0.179251
0.140040
0.182670
0.060737
-0.044754
0.076855
0.539954
0.346669
0.118553
-0.659942
0.223686
-0.819519
0.156499
0.458346
0.269887
0.192357
-0.463239
0.252359
0.357589
0.087254
-0.467158
-0.403683
0.058647
0.029132
0.193785
-0.358657
-0.526315
0.077882
0.243670
-0.759140
0.011165
-0.152914
0.126092
0.306868
0.219835
-0.625273
0.336162
-0.440711
0.438369
0.157403
0.130797
-0.498557
0.500461
-0.053995
0.066311
-0.264635
0.477444
-0.278928
-0.215123
-0.244945
-0.107233
-0.442413
0.110519
0.415432
-0.366156
-1.000000
-0.606169
0.188462
0.008563
0.078214
-0.270946
0.667415
-0.864111
0.110716
0.211338
0.212896
-0.042717
0.053206
0.157409
0.129756
0.127914
1.000000
0.742848
0.500758
-1.000000
-0.166089
-0.020368
0.348119
-0.555244
-0.344301
0.197971
-0.784250
-0.503702
-0.260896
-0.214805
0.439079
0.302287
0.802837
0.412813
0.440507
-0.458874
-0.151027
0.123080
0.425275
-0.633088
0.778466
-0.023726
0.102292
-0.039811
-0.228069
0.445141
-0.201511
0.169064
0.150509
-0.266610
0.052542
-0.028376
-0.599056
-0.556139
0.868581
0.564479
-0.501707
0.167997
-0.092194
-0.317401
0.608234
0.046817
-0.980670
-0.044272
-0.120645
0.144410
0.104514
-0.894227
0.142445
-0.150989
0.837424
-0.630464
-0.384528
-0.309312
0.067397
-1.000000
0.175622
0.826999
0.233291
-0.104627
-0.040270
0.563213
-0.472697
-0.354622
0.412016
-0.721747
0.256172
-0.434799
0.657197
-0.812501
-0.251403
0.406804
-0.316182
0.076789
-0.843255
-0.235648
-0.405133
-0.059121
0.335209
-0.372703
0.807242
0.224662
0.149842
-0.818728
0.278607
0.592985
-0.400850
0.057615
0.363573
0.032281
-0.467270
0.253258
0.331663
0.502333
-0.448513
-0.236426
0.205958
-0.549336
0.119086
0.634706
-0.295514
-0.465171
0.374752
-0.045625
0.157213
-0.287110
-0.702349
-0.074817
-0.012423
0.039611
-0.029156
-0.733700
-0.140015
-0.104156
-0.804195
-0.073885
-0.181440
1.000000
-0.518756
-0.740100
0.159571
-0.198623
0.454209
0.847234
0.534814
0.065508
0.015126
-0.107789
-0.807389
-0.528296
0.715056
-0.169583
-0.315259
-0.008705
0.043929
-0.231419
0.440994
0.277049
0.377079
0.723807
0.356835
0.533141
-1.000000
-0.192375
0.002919
0.705720
0.343601
-0.004303
-0.596818
0.831427
0.029668
0.157721
0.352754
-1.000000
-0.615258
-0.648406
-0.085847
0.239050
0.244385
0.196556
0.368927
-0.843273
-0.108187
-0.137878
0.336476
-0.364984
-0.069446
-0.475243
0.525148
0.161716
-0.260679
-0.280067
-0.450608
-0.519938
-0.118736
-0.393999
0.209914
0.668874
-0.374327
-0.148616
1.000000
-0.137221
-0.329090
0.265060
0.907259
0.251596
0.429377
0.367016
-0.329288
-0.617781
0.485204
-0.111290
0.868688
-0.237214
-0.181457
-0.256813
-0.597628
-0.349050
-0.132140
0.018099
-0.209266
0.445926
-0.463156
0.453452
0.903584
-0.553596
-0.392737
0.266389
-0.065066
0.352969
0.444383
0.297900
0.530806
0.958821
0.102601
-0.124756
-0.579566
1.000000
0.599714
0.607917
-0.697916
-0.123606
-0.545427
0.284803
-0.134593
0.250100
-1.000000
-0.697561
0.227207
-0.345507
-0.820218
0.464299
-0.308761
-0.306843
0.914516
0.007195
0.249464
-0.593019
0.417822
-0.253352
0.278826
0.283727
0.849901
0.109929
0.078501
-0.948621
0.407387
-0.180459
-0.092952
-0.357019
0.519646
0.799783
-0.506307
-0.632878
-0.105912
0.484128
-0.140438
-0.178455
0.466879
0.051711
0.433351
-1.000000
0.126724
-0.265490
0.745336
0.120211
0.430091
-0.685285
-0.544229
0.240833
-0.844071
-0.818337
-0.000065
-0.545495
0.175283
0.238704
0.882627
-0.499487
-0.415569
-0.062596
0.374234
-0.208453
-0.212833
-0.196377
0.130394
0.028382
-0.284165
-0.657957
-0.120300
-0.393295
-0.207707
0.019780
-0.199551
-0.309916
0.387211
0.425312
0.059713
0.726256
-0.155567
-0.228210
-0.085045
0.195729
0.823327
0.092235
-0.107653
0.908785
0.591627
0.099282
-0.005086
-0.867825
-0.820423
-0.144728
0.797162
0.398169
-0.128008
0.976924
0.146871
0.833837
0.359837
-0.058723
-0.124030
-0.600748
0.235723
0.762928
0.129331
1.000000
-0.126521
-0.470807
0.062331
-0.170750
-0.242741
0.304553
-0.118455
-0.436716
0.262108
0.092179
-0.297518
-1.000000
-0.105787
0.726531
0.237879
-0.613320
-0.385378
0.270739
-0.234075
-0.375103
0.269280
0.334430
-0.157859
0.119694
-0.552226
0.900286
-0.476706
0.168078
0.214585
0.216926
-0.001717
-0.177271
-0.306276
0.159043
0.572850
-0.218493
-0.597459
-0.087737
-0.324017
0.266031
-0.354389
0.776792
-0.094186
-0.198640
-0.328915
-0.196532
-0.168778
-0.204596
-0.098535
-0.084923
-0.344649
-0.097794
-0.064617
0.014945
-0.239632
0.896842
-0.592201
0.361639
0.089213
-0.045465
-0.128817
0.339105
-0.108134
-0.797965
0.225199
-0.770082
0.193633
-0.116191
-0.290215
0.114194
-0.061423
-0.122635
1.000000
-0.680948
-0.378804
0.378064
-0.234101
-0.731433
-0.432850
0.301372
0.315685
0.677219
0.101717
0.467168
0.928750
-0.054385
-0.216446
0.340145
-0.140453
0.024775
-0.270152
0.622566
0.476573
-0.159895
-0.568332
0.369724
-0.556133
-0.523991
0.483707
1.000000
-0.271446
-0.124586
0.521416
-1.000000
0.510263
0.391311
-0.451501
-1.000000
-0.384664
-0.549971
-0.331404
0.454175
0.408960
-0.270120
0.134508
0.025876
-0.407127
-0.002862
0.170991
0.255258
0.255838
0.221813
-0.262795
0.218368
-0.301381
0.225926
-0.749287
-0.049784
0.204774
0.835108
0.256851
0.005839
0.957257
0.214808
0.199052
-0.750197
-0.114082
-0.356866
0.068370
-0.429353
0.464670
0.180660
-0.794871
-0.067317
0.063015
0.218874
0.185949
-0.123161
-0.983097
-0.155188
-0.223652
0.004878
-0.536341
0.524628
-0.227800
-0.084851
0.491497
0.030545
-0.436000
0.036232
-0.543002
-0.215053
-0.230719
0.558484
0.087328
0.657419
0.337564
-0.697962
0.544147
-0.813562
-0.870754
-0.009851
0.271043
-0.024867
-0.450853
0.140275
-0.392893
-0.215199
0.740380
0.991181
0.306968
0.446914
-0.101482
0.498693
0.136153
-0.507892
-0.335915
0.490140
-0.252912
0.347867
-0.355369
-1.000000
-0.909839
0.415083
0.249715
0.341847
-0.530040
-0.000043
0.319819
0.005508
-0.321718
-0.212838
0.781112
-0.597810
-0.221503
0.189811
-0.034171
0.245478
-0.170138
-0.076705
0.308835
0.236775
0.085328
-0.045235
0.001071
-0.575315
-0.725890
0.776649
0.046588
-0.586783
0.069356
-0.038507
0.622540
-0.024136
0.877058
-0.629897
0.281890
0.666882
-0.130570
-0.357424
-0.435424
0.751638
-0.179727
0.091898
-1.000000
-0.354943
0.146851
-0.019847
0.086073
-0.534408
-0.310952
-0.318697
-0.604554
0.698989
0.589719
0.529891
-0.108499
0.118358
0.857771
-0.942797
-0.096676
-0.255669
0.296418
0.179013
0.434722
0.538311
-0.159786
-0.969803
-1.000000
-0.806733
0.916958
0.579754
-0.175619
-0.195443
0.306838
0.209365
-0.914042
0.023890
-0.582665
0.157428
-0.005882
-0.078709
0.959993
-0.495124
-0.567196
0.008596
-0.122025
0.621116
-0.521181
-0.935206
-0.032625
-0.131518
0.048467
0.445021
0.528516
1.000000
-0.152853
-0.397062
-0.457757
0.921426
-0.605405
0.215001
0.265241
-0.328909
0.040744
0.086975
0.085504
0.001570
-0.305625
0.295940
-0.063885
-0.180230
0.184945
0.219377
0.488428
0.286802
0.026786
0.133242
-0.261503
-0.079020
0.055083
0.447418
-0.064955
-0.040326
0.968327
-0.260978
0.330512
-0.226009
-0.208253
-0.108897
-0.632949
-0.848495
-0.088256
-0.140641
-0.181532
-0.349210
-0.041304
-0.069005
0.020200
0.030882
-0.822673
0.415875
-0.284197
0.288549
0.101719
-0.537070
-0.303078
-0.199352
-0.167630
-0.242072
0.826369
-0.015860
0.034020
-0.763391
0.077290
-0.448873
0.535970
0.741041
0.010434
0.155227
0.442708
-0.721174
-1.000000
-0.241968
-0.204651
0.311246
0.467772
-0.080974
0.638985
-0.007722
-0.037714
0.041936
0.731570
-0.185205
0.019400
-0.067029
0.081168
-0.741742
-0.147504
-0.546372
-0.060918
0.380046
0.975244
-0.016337
0.136606
-0.124557
-0.282344
-0.855410
0.977225
-0.455076
-0.683104
-0.349096
-0.244270
-0.213753
-0.708900
0.367448
-0.331954
0.829455
-0.624601
-0.222376
0.133125
0.383019
0.014137
0.374394
0.365128
-0.449286
0.085535
0.214844
-0.078335
-0.009227
-0.048698
0.218718
-0.048613
-0.484159
-0.012971
0.520879
0.079196
-0.397047
0.068033
-0.288874
0.352942
0.077335
0.078396
0.413439
0.451821
0.648407
0.403649
0.041780
0.228857
0.264115
0.013172
-0.193292
-0.933796
0.697066
0.234581
-0.141083
-0.035471
-0.012771
-0.608671
0.114011
-0.821624
-0.979912
0.119801
-0.605280
-0.497814
0.095963
0.123336
-0.947744
0.560040
-1.000000
0.139992
-0.220163
0.341917
-0.205666
-0.222032
-0.528724
0.245159
0.794284
-0.302455
-0.099785
-0.226133
0.484346
0.739715
-0.424591
-0.352017
0.067848
-0.268248
0.138921
-0.417996
0.228309
-0.325856
0.029152
-0.507003
0.460755
-0.364120
0.071030
0.439697
-0.097714
-0.649921
0.691574
0.478470
-0.278306
-0.004292
-0.857036
0.260901
0.139161
0.737963
-0.254482
-0.186207
0.029334
0.325101
-0.318056
0.032993
0.133154
0.868369
0.564677
-0.691566
-0.564663
-0.185630
0.037213
0.583099
0.256416
-0.211508
0.314510
-0.819043
0.190042
0.822027
0.430130
-0.693643
0.985207
0.078636
-0.108540
-0.001948
0.003094
-0.148611
0.112606
-0.374216
0.715098
0.281235
0.333188
0.411437
0.259380
-0.068310
0.042555
0.314553
0.534734
-0.181693
-0.018408
-0.466204
0.585467
0.244017
-1.000000
0.908816
-0.471134
0.267312
0.889625
0.101980
-0.133947
-0.471545
-0.141112
-0.670736
0.248357
1.000000
-0.294428
0.744054
-0.120074
-0.280342
0.125901
-0.128926
0.121356
-0.678298
0.629429
0.876353
-0.733600
1.000000
0.215999
-0.071584
0.266535
0.644593
-0.053518
-0.354668
0.642288
0.088988
0.386727
0.150849
-0.530627
0.369973
0.113969
0.771367
-0.256390
-0.112004
-0.915563
-0.401481
0.040135
-0.636764
-0.000086
-0.003513
-0.154688
-0.086369
-0.150701
-0.025554
-0.474709
0.527285
-0.566382
0.554544
0.722757
-0.988580
-0.383655
0.027445
-0.003496
-0.373759
-0.485357
-0.043033
0.117175
-0.434123
-0.763358
-0.253473
0.168074
-0.484406
0.308708
-0.249734
0.174793
0.128124
-0.451287
0.279124
0.199420
-0.219669
0.134193
-0.332235
-0.454420
0.443440
-0.267247
0.343633
-0.586895
0.189605
-0.238873
0.871960
0.623000
-0.495626
0.281301
0.386793
0.238536
0.496932
0.430966
-0.704275
0.432448
1.000000
0.481560
-0.264285
-0.030502
0.565937
-0.250838
0.362157
0.660960
-0.227882
0.190223
-0.144561
-0.144161
0.305037
-0.045172
-0.089869
-0.082456
-0.453451
-0.638095
0.518034
0.073542
0.347698
-0.484162
0.075311
0.305889
-0.055403
0.139446
0.548867
0.928980
-0.941837
-0.011382
-0.051789
0.079850
0.108670
0.104297
0.282418
-0.055793
-0.617720
0.660937
-0.148321
-0.900014
-0.274421
-0.417396
0.009622
-0.023763
-0.281370
-0.174797
0.133130
0.507223
0.163772
-0.428241
-0.638497
0.093999
-0.402170
-0.824356
0.386210
0.660277
-0.302988
-0.147205
0.056064
-0.004102
0.942805
-0.202884
-0.853957
-0.988477
-0.394345
-0.213299
0.357968
-0.255266
-0.167435
0.958147
0.398833
-0.427675
0.219024
0.108179
-0.048378
0.004934
-0.321401
-0.787170
0.967412
-0.039342
-0.398411
0.595178
0.129858
0.168748
0.304501
-0.217452
0.955491
0.905790
-0.104247
-0.043447
-0.001550
-0.181476
-0.664097
0.518659
-0.008849
-0.125555
-0.506698
1.000000
0.307494
-0.190965
-0.287422
0.745692
0.536054
0.137751
-0.818650
0.033145
-0.293554
-0.410920
0.553529
0.366662
0.126169
-0.061898
-0.667915
-0.847996
-0.251256
-0.077053
-0.629410
0.298272
-0.280866
-0.141271
0.377238
-0.337234
-0.721953
-0.027874
-0.495537
0.024567
0.141392
-0.001705
0.036903
-0.037506
-1.000000
0.252629
-0.058418
-0.181345
-0.159950
-0.611722
0.259054
-0.636357
1.000000
-0.220291
0.666371
0.037661
0.532673
0.420334
0.270337
0.763274
0.746336
0.108465
-0.276456
0.050079
-0.085225
0.444308
-0.987184
0.089921
-1.000000
-0.365057
-0.212565
0.161982
0.122711
0.694439
-0.023567
0.551447
-0.467360
0.605408
-0.119881
0.230145
0.499171
-0.567336
0.223978
0.087766
0.238064
0.706663
0.439917
0.724973
-0.032871
0.349620
-0.658763
-0.309380
-0.468889
0.155586
0.083072
0.342924
-0.283538
-0.631469
0.009236
0.028312
0.368412
-0.858741
-0.254841
0.380209
0.159865
-0.325540
0.599656
0.244427
-0.044683
-0.110271
-0.216000
-0.272705
0.368822
-0.659124
0.211023
-0.131462
-0.338069
-0.343211
0.254953
-0.994402
-0.207498
0.440524
-0.528169
0.255824
0.106332
0.430276
0.725428
-0.248309
0.423192
-0.025064
-0.470314
0.096059
0.008781
0.842819
0.144247
0.205376
-0.065071
0.495547
0.584673
-0.819260
0.076707
0.208384
0.106435
0.882051
0.853287
-0.550006
0.158373
-0.127110
-0.263091
-0.644045
0.244929
-0.271700
0.484888
0.160008
0.272983
0.537221
0.036795
-0.243394
0.242985
-0.011046
-0.123310
0.024967
-0.183824
-0.219028
0.967983
0.125661
0.145356
-0.676042
-0.256973
-0.135210
0.487093
-0.470306
-1.000000
0.383540
0.524493
0.496218
0.008886
-0.629803
1.000000
-0.331910
0.028609
0.505166
-0.407655
-0.338162
0.414105
-0.008056
-0.627700
-0.217334
0.208316
-0.283094
0.050948
-0.517959
0.408968
-0.105772
1.000000
0.571232
0.065602
-0.265980
0.514558
1.000000
-0.304416
0.232004
-0.228302
0.682601
-0.095305
0.071566
0.178689
-0.134223
0.141119
0.984325
0.030583
0.626131
0.063440
0.401579
-0.749665
0.041074
-0.195954
-0.622850
-0.372239
-0.568129
0.002416
-0.281028
-0.006337
-0.824776
-0.251103
0.103675
-0.602197
0.291926
0.382193
-0.121445
0.918360
0.332812
0.074581
0.130095
0.654199
0.613401
-0.176643
-0.139689
0.007750
-0.856986
0.535398
0.555456
-0.973673
-0.012332
-0.841602
-0.407122
0.641079
-0.914017
0.182184
-0.760183
0.467924
-0.180875
-0.914026
-0.107227
-0.556569
0.419302
0.090040
0.134723
0.246198
-0.020826
-0.014259
0.206209
-0.501879
-0.002879
0.421030
0.091947
0.124702
-0.152602
0.864030
0.140275
0.533241
-0.267540
-0.860477
-0.079008
0.136474
-0.505027
0.286991
0.099924
0.065931
-0.263049
-0.332738
-0.559955
0.163273
0.274619
0.024844
-0.369945
0.860529
-0.142746
-0.991342
-0.084148
0.428802
0.330590
0.136921
0.125183
-0.049613
-0.039569
-0.262249
0.586880
0.378275
-0.737564
0.294560
-0.300091
0.054948
-0.185037
-0.264860
-0.189562
0.438183
0.142553
-0.058061
-0.152566
0.299483
0.218532
-0.547729
-0.513639
-0.434059
0.056353
-0.406473
-0.391092
0.364812
-0.377788
-0.174529
0.819553
-0.120303
0.388891
-0.513234
-0.111250
0.725781
-0.210432
0.718990
-0.440395
-0.436468
0.210128
-0.255748
1.000000
0.777443
0.193643
-0.785033
0.252729
-0.322292
-0.283790
-0.689058
-0.823191
0.374071
0.669616
0.310358
0.851486
0.367212
-0.425129
0.001980
-0.495659
-0.093451
0.157441
-0.077877
0.462405
0.170244
0.024845
0.440496
1.000000
-0.992258
0.565439
0.124506
0.606177
-0.195734
-0.175837
-0.818138
-0.062371
0.110469
0.012577
0.593101
-0.319017
0.801408
0.221288
-0.424151
0.439930
0.737903
0.272143
0.051263
0.549318
-0.631856
0.768700
0.442357
-0.080855
-0.137191
0.304560
0.215225
0.210277
0.153545
-0.576207
-0.791371
0.228444
-0.135966
0.865804
-0.238079
0.265918
-0.653097
0.276099
-0.403830
0.384380
0.304562
0.061421
-0.152065
-0.287676
0.626477
-0.742458
0.973529
0.500267
0.066318
-0.173003
0.150030
-0.389576
0.246706
-0.481486
-0.156703
-0.315179
-0.117996
-0.056992
0.208023
0.241160
-0.504022
-0.127993
-0.246354
-0.053440
-0.211325
-0.211894
-0.090331
-0.042703
-0.019432
-0.293558
-0.208071
-0.285210
-0.016611
-0.491155
0.173441
0.226370
-0.544317
0.069597
0.073027
-0.046531
0.353475
-0.172851
-0.108873
0.568475
0.034568
-0.196076
-0.681316
-0.509338
-0.353891
-0.615786
0.204647
0.954384
-0.666349
-0.154418
-0.483152
0.167029
-0.544107
0.521955
0.261190
-0.242874
0.299938
-0.800234
0.595164
0.730713
0.071495
0.241305
-0.598942
-0.033795
-0.214753
-0.290005
-0.295141
-0.179305
-0.093224
-0.985983
0.470232
0.249191
0.454421
-0.350449
-0.531536
-0.132182
0.205577
-0.579404
-0.077843
0.147135
-0.800446
0.136932
-0.379700
-0.142514
0.248644
0.856638
0.085719
0.091669
-0.154382
0.587007
-0.214970
0.369520
-0.302409
0.650003
-0.380814
-0.742084
0.462376
-0.247320
-0.131562
-0.338253
0.298819
-0.469588
-0.714383
0.344361
0.348966
0.302011
-0.217626
0.703215
-0.469563
-0.188183
0.159148
0.337596
0.663223
-0.584738
0.235232
-0.678447
-0.196891
-0.420133
0.058475
-0.109701
-0.256693
0.345617
0.382058
-0.166778
0.102497
-0.004598
0.013393
0.000829
-0.675758
0.414256
-0.443780
0.553603
-0.080844
0.461706
0.219711
-0.203628
-0.186949
-0.057878
0.442930
0.305049
-0.606944
-0.223204
0.518163
-0.188612
-0.016262
0.386971
0.380820
-0.064635
0.323052
-0.445561
0.023827
-0.218532
0.638955
-0.120778
-0.341583
-0.474844
-0.497783
-0.335899
-0.012099
-0.556197
0.312569
-0.170453
-0.237799
0.100643
-0.500416
0.327940
0.086495
-0.012866
-0.083197
-0.014067
-0.564346
0.049634
0.675499
0.022745
0.971504
0.317654
0.124059
0.688000
-0.134927
-0.959158
-0.422329
0.289508
-0.344771
-0.045328
0.189437
0.409992
-0.569235
0.246867
-0.067975
-0.023902
-0.650982
-0.223378
-0.034242
-0.286814
0.451154
0.831503
-0.340610
0.535486
0.210359
-0.101222
0.253023
0.102334
0.276609
-0.580692
-0.567692
0.677386
-0.819275
0.069923
-0.514492
0.531602
0.149041
0.223670
0.202857
-0.138364
-0.020128
-0.259703
0.178469
-0.370958
-0.657547
0.184609
-0.497511
-0.833081
0.743884
-0.205364
-0.418578
0.354704
-0.401174
-0.619019
0.627425
0.100807
-0.040462
0.519417
-0.242321
-0.239753
0.607928
-0.269918
-0.085596
0.280960
0.967677
0.242409
-0.224962
-0.217617
-0.043545
-0.960235
-0.062600
0.208321
-0.002005
-0.861940
0.081169
-0.568464
0.272093
-0.283364
0.396666
-0.340545
0.823509
-0.444155
-0.314073
0.606605
0.890884
-0.540317
-0.405335
0.198719
0.096219
-0.037484
0.485210
-0.142863
-0.175965
0.358566
0.210542
-0.857039
-0.769031
0.051859
-0.104742
0.348419
0.574991
0.155211
-0.102974
0.637990
-0.280957
0.653414
-0.329046
0.041926
-0.156785
0.974905
-0.176166
-0.629708
0.022758
-0.535229
-0.366072
-0.468151
0.211647
0.367399
0.933148
0.357073
0.479484
-0.190874
0.974300
-0.923143
0.030342
-0.082392
0.620036
-0.525697
0.456890
-0.048353
0.654693
0.161774
0.484962
0.061574
0.333696
-0.109572
0.489905
-1.000000
0.418763
-0.823990
-0.805253
-1.000000
-0.209298
-0.239528
0.622627
0.739469
0.979226
0.625619
0.458570
0.000388
-0.928906
0.180470
0.094167
-0.240517
0.896291
-0.228073
-0.076220
0.208999
0.130755
-0.582179
0.890982
0.188406
0.639925
0.801121
0.162733
0.799364
-0.918616
0.422542
0.099845
0.869140
-0.068367
0.281919
-0.394321
0.164319
-0.245459
-0.162941
0.179803
-0.356239
-0.288826
-0.472333
-0.348962
0.014254
0.203946
-0.419207
-0.299544
-0.369460
-0.666055
-0.230622
0.009116
-0.008211
0.502189
0.255859
-1.000000
-0.055322
-1.000000
0.185742
-0.034603
-0.074025
-0.723269
0.407309
-0.778625
0.239682
0.189351
-0.336284
-0.071143
-0.493247
0.418094
0.831852
-0.141040
0.468847
-0.204186
-0.800268
0.279645
0.111496
0.033802
0.910167
0.039927
0.626970
0.747629
0.725831
0.080067
0.641916
-0.957763
1.000000
-0.391975
-0.104663
0.082072
0.376225
-0.213940
-0.811980
0.333483
-0.127584
0.355335
0.805069
-0.309661
0.549985
0.755535
-0.565791
-0.666960
0.388362
-0.216727
-0.004597
-0.059703
0.047870
0.369246
0.223484
-0.452646
0.024584
0.255473
-0.496779
-0.398199
0.620679
-0.981485
-0.003858
0.010062
-0.208148
-0.321182
-0.662787
0.223212
-0.330299
0.707513
0.332419
0.054196
0.927468
0.036749
-0.037339
-0.169542
-0.062146
0.575311
0.150371
0.596095
0.462326
0.695431
-0.288651
-0.297972
-0.260805
0.200913
0.399844
1.000000
-0.520574
1.000000
0.050431
0.265602
0.531613
-0.674184
0.266681
0.347130
0.236103
-0.128145
-0.073631
0.650065
0.362228
-0.498161
0.227396
-0.376526
-0.104105
0.125238
0.133528
-1.000000
-0.562888
0.198171
-0.116381
0.293533
0.535574
0.550672
-0.597926
-0.031511
0.364351
0.174859
-0.299917
-0.465066
0.613318
0.448894
-0.391766
0.953530
0.363407
0.176945
-0.415438
-0.236770
0.383092
-0.124115
-0.703135
-0.145185
-0.752213
0.364207
-0.160907
0.447876
-0.024698
0.107898
-0.472411
-0.427430
0.122832
0.096487
-0.238435
-0.991262
-0.159862
0.887599
0.072607
-0.152864
-0.729088
-0.170802
-0.160401
-0.170628
0.292763
-0.899762
0.246339
0.057061
0.219811
0.276373
-0.519366
0.117700
-0.509735
0.385414
-1.000000
0.265871
-0.995935
0.421322
0.049888
0.210081
1.000000
-0.440727
0.155003
-0.757164
0.194101
-0.184619
-0.536703
0.000337
-0.093785
0.032748
0.224454
0.163373
-0.273548
0.259147
0.500464
-0.040981
-0.396572
0.090304
0.344203
0.052907
-0.125390
-0.091957
0.157084
-0.414267
-0.268996
-0.570391
0.050487
0.000366
0.482708
-0.987793
0.134662
0.092012
-0.490577
-0.182397
0.553114
-0.223492
-0.177075
-0.194769
-0.414892
0.414802
0.027471
0.603977
0.025326
-0.688639
-0.948099
1.000000
-0.116518
0.275243
0.333230
0.614793
-0.162218
-0.258655
0.248490
-0.180162
-0.610253
-0.693215
0.365704
0.533263
-0.927688
0.660354
0.646907
0.258075
0.105294
0.157966
0.811797
-0.435931
-0.420037
-0.676496
-0.154497
-0.189634
-0.257260
0.962942
-0.043025
0.677304
-0.798218
-0.026213
-0.262047
-0.270915
-0.688394
-0.240513
0.569808
-0.258039
0.223009
-0.626144
0.614983
-0.606210
0.136669
0.428277
0.178619
-0.934110
0.552411
0.340606
0.008998
0.271531
0.183944
0.435282
0.043336
0.597774
-0.922603
-0.038622
-1.000000
0.268493
0.508217
0.186082
0.694413
-0.074887
0.369415
0.484399
0.039517
-0.450004
-0.344151
-0.669601
0.227936
0.745896
0.283007
-0.547872
0.271471
-0.305190
0.262437
0.524016
-0.023363
-0.833511
0.354676
-0.073189
0.830631
0.809623
0.984726
0.282739
-0.401371
-0.269151
-0.491828
0.159918
0.520754
0.107440
0.106635
-0.082522
0.021414
-0.097147
-0.130582
-0.372402
0.584448
-0.855025
0.052885
-0.634835
0.218870
0.233636
0.318818
-0.155952
-0.274501
-0.178615
-0.598683
0.616952
0.487872
0.295543
0.085502
0.307246
-0.122501
0.060457
0.682254
0.523707
-0.145725
0.905250
0.321834
-0.204665
-0.462493
0.227094
0.477863
0.468599
-0.060754
0.352761
0.695597
-0.649566
-0.498848
0.268596
0.165623
-0.185824
1.000000
-0.346204
-0.569029
-0.100957
-0.353269
-0.006295
0.548759
0.290125
0.095031
0.185001
-0.506679
-0.395410
-0.179730
-0.104716
-0.099904
-0.338805
-0.177163
-0.051987
-0.175042
0.345374
0.375962
0.226581
0.216291
-0.285775
-0.418477
-0.249195
-0.715864
1.000000
-0.435198
-0.272762
0.616826
0.062474
0.126355
0.221995
-0.230705
0.582978
1.000000
0.584858
-0.358870
0.072821
0.669577
0.508173
-0.815803
0.697559
-0.998741
-0.038205
0.976320
-0.419286
-0.450674
-0.409467
0.581249
-0.143981
0.458906
0.124716
-0.286834
-0.026822
-0.130657
0.093441
0.223825
-0.308840
0.390587
0.864588
-0.464346
0.154543
0.597112
0.220288
-0.232791
0.751711
-0.327094
0.636477
0.041609
-0.425906
0.429088
-0.143186
-0.886507
-0.583782
0.279482
0.645862
0.816069
0.359334
-0.804596
-0.764415
0.240165
-0.191649
0.321845
-0.163041
-0.534320
-0.065971
-0.864785
0.526611
0.268854
0.009905
0.863816
-0.045464
-0.859157
0.230021
0.282002
0.604452
-0.015611
-0.515676
-0.569377
0.260948
-0.290414
0.381690
-0.202721
-0.216253
0.168568
0.964130
0.933865
-0.420916
0.354240
0.232204
0.087897
0.674137
-0.086941
0.438188
-0.087699
-0.003868
0.092466
-0.197683
-0.145682
0.209146
-0.139129
0.236410
-0.120891
0.152876
0.092254
-0.012474
0.224265
-0.166869
0.660715
-0.130850
0.097979
0.028700
0.306360
0.677411
-0.045646
-0.462375
-0.244384
-0.143520
-0.173934
0.718543
0.668402
-0.348190
0.216862
0.132452
0.269354
0.672781
-0.457289
0.166288
0.226213
-0.972203
-0.619010
-0.049215
-0.080474
-0.307140
-0.091218
-0.504914
-0.053783
0.140574
0.801595
0.468772
0.387403
0.097704
-0.117818
-0.657436
0.412060
0.499616
0.886989
-0.198333
0.094621
-0.058630
0.441916
-0.203007
-0.896947
-0.402436
-0.616492
-0.267479
-0.084558
-0.122083
-0.249327
-0.676411
-0.036962
-0.107243
-0.294736
0.437808
0.313675
0.479000
0.740941
-0.573540
-0.084977
0.264789
-0.018325
0.692349
-0.513185
0.581496
0.005054
-0.046668
0.153422
0.368643
-0.132219
0.531211
0.187629
-0.150446
-0.961985
-0.242327
-0.273856
0.052471
-0.203907
-0.494797
-0.991534
0.174891
0.192980
-0.603424
0.684680
-0.495927
0.313595
0.410183
0.126089
0.607153
0.442637
0.108162
-0.384588
-0.670838
-0.113087
-0.362742
0.721453
0.122835
-0.323640
0.404786
0.427979
-0.004001
-0.247442
0.566641
0.093924
-0.882146
0.373275
0.275427
0.502815
0.317979
-0.142796
0.402780
0.728195
0.024919
0.008883
0.975577
-0.708768
0.195600
-0.760717
-0.642004
0.063693
0.747929
-0.695183
0.024523
-0.069475
-0.208378
0.491095
-0.795475
0.387274
0.243645
-0.153847
0.046718
0.344150
-0.190401
-0.903443
0.234038
0.463199
-0.237562
0.162992
0.214240
0.863874
-0.607126
-0.109091
-0.482165
0.279566
0.102309
0.175077
-0.819624
0.262605
0.102369
0.137855
0.109920
-0.319219
0.153348
-0.324311
0.256351
0.331807
0.198190
-0.257914
0.660702
-0.022273
-0.038591
0.272846
-1.000000
-0.052035
0.447484
-0.756291
0.562713
-0.114077
-0.610487
0.909323
0.940669
0.361656
0.203921
0.015054
0.020217
0.403547
-0.511248
0.579910
-0.315092
0.556588
-0.121006
-0.799080
-0.410778
-0.222338
-0.069714
-0.196504
0.753659
0.456192
-0.306652
-0.296940
1.000000
0.033190
0.910576
-0.054493
0.061456
0.088414
0.130207
-0.112468
-0.284447
0.047247
0.100134
0.593070
-0.119347
0.138029
-0.442251
0.792593
-0.118507
0.939872
0.262395
0.632017
0.481862
0.219547
0.021216
-0.880448
0.384967
-0.340549
-0.153200
-0.143900
0.151918
-0.222096
0.300627
-0.186547
0.365066
0.007215
-0.036156
0.037038
-0.297313
-0.571571
-0.302400
0.908567
-0.538588
-0.606334
0.183316
-0.316575
-0.053884
0.415274
0.819659
0.067348
-0.464407
0.612136
0.721022
0.842655
-0.910252
0.399745
0.403331
0.346086
-0.347598
0.178722
0.812004
-0.058018
0.916081
0.044159
-0.618921
0.544548
0.005939
0.817002
-0.069477
-0.160697
-0.383971
0.247234
-0.871253
-0.710628
-0.339667
0.348133
-0.410496
-0.026742
0.427642
-0.161870
-0.303201
0.241610
0.357037
-0.061053
-0.181993
0.206090
0.861530
-0.452681
-0.201644
0.306596
0.274053
-0.006923
-0.117970
-1.000000
0.324463
0.598971
0.493266
-0.550673
-0.328632
-0.058029
0.114156
-0.418018
0.013418
0.364892
0.281368
-0.332711
-0.812198
-0.046218
0.156414
-0.119488
-0.067664
0.166616
-0.127369
-0.599451
-0.377483
0.194329
-0.678225
0.817670
-0.297924
0.303693
-0.406655
0.942803
-0.968086
0.166440
-0.552961
-0.305703
0.472607
0.041120
0.282491
-0.806668
-0.702238
-0.697623
0.193556
-0.728552
0.155421
-0.282961
-0.957731
0.715161
0.078917
-0.872011
-0.396936
0.477890
-0.075107
-0.329266
0.430587
-0.547693
-0.243902
-0.290602
0.058901
-0.735533
0.612628
0.249308
0.053360
0.083197
0.166658
0.024802
0.206509
0.507374
-0.022310
-0.065437
-0.282214
-0.711199
0.211902
0.808947
-0.825497
0.386611
-0.519617
-0.368854
0.121596
1.000000
0.288632
-0.530728
-0.270286
0.068635
0.129293
-0.002483
0.200833
0.219949
-0.372142
-0.322860
-0.495933
-0.038121
0.036098
-0.135166
0.081664
-0.864869
0.619890
-0.696094
-0.053559
0.023157
-0.065443
-0.051189
-0.811284
1.000000
-0.152815
-0.082755
0.192178
-0.243032
-0.001960
0.187149
0.382337
-0.198554
0.632311
-0.056156
0.099729
0.416110
0.773178
0.946319
0.217164
0.229762
0.016102
0.150963
-1.000000
-0.142118
0.379122
-0.322609
-0.476386
0.380093
-0.005590
-0.159606
-0.563388
0.065020
0.282624
-0.526706
-0.024645
-0.365084
-0.582762
0.573432
0.368501
0.345509
-0.489629
-0.440393
0.435152
-0.823862
-0.472765
-0.525269
0.565911
0.066683
0.590149
0.190426
-0.217570
0.351862
-0.198956
-0.063142
-0.202331
-0.035374
-0.159078
0.316971
-0.175829
0.027917
0.256883
-0.066341
-0.159146
0.020092
0.237454
0.585978
0.467830
-0.015201
0.688718
-0.001013
-0.751234
-0.136458
-0.306055
-0.659833
-0.169749
-0.519371
0.181029
0.561665
0.609621
-0.700461
-0.828148
0.198899
-0.115505
-0.501510
-0.368717
-0.418547
0.276684
0.143384
-0.217958
0.273062
-0.115019
-0.946651
-0.660331
-0.406660
0.701627
-0.175074
0.392944
-0.654475
-0.246146
-0.034753
-0.708105
0.125075
-0.333745
0.160582
0.337141
-0.173503
0.670590
0.460305
0.739104
-0.246621
-0.086384
0.303413
-0.179494
-0.245445
0.488706
-0.229646
-0.358621
0.941950
-0.414787
0.092622
0.354387
0.181214
0.266479
0.148199
-0.281123
-0.436321
-0.016816
0.083667
0.063115
0.150238
-0.572482
-0.405036
0.210882
-0.287356
0.033616
0.958182
-0.686389
-1.000000
-0.302228
-0.047013
0.278359
-0.575801
-0.410431
-0.138507
-0.526171
0.087565
-0.261960
-0.105453
-0.695804
0.043388
-0.331545
-0.190587
-0.877613
-0.262944
-0.512746
0.595534
-0.214636
-0.528253
0.605959
0.000346
0.076313
0.482218
-0.442553
-0.128922
-0.079211
-0.615673
0.945143
0.654758
0.560529
-0.220028
-0.210302
-0.563171
0.070011
0.050516
0.175609
0.403070
0.505792
0.433853
0.675015
-0.073678
-0.898223
0.578191
-0.086552
0.250876
-0.266177
0.163333
0.638940
0.063617
0.283863
0.352983
-0.262183
-0.125776
-1.000000
-0.455515
0.606148
0.416314
-0.867849
-0.341113
-0.392079
-0.920972
0.259578
0.701091
-0.865544
-1.000000
-0.248728
-0.343687
0.715825
0.216142
0.822745
-0.055740
-0.088093
0.696219
-0.095356
-0.297101
0.147870
-0.030378
-0.074010
-0.405069
-0.032601
0.402214
0.113988
0.024011
-0.346097
-0.571233
-0.031103
-0.260419
0.099100
0.124331
0.142590
-0.005429
0.136364
0.175578
-0.046875
-0.379188
1.000000
0.001757
-0.642681
-0.389493
0.303474
0.152583
0.196314
-0.642293
-0.667361
0.471657
-0.444793
-0.556411
0.658560
0.174185
-0.076081
0.218633
-0.564443
0.205125
0.586362
-0.512749
-0.555606
-0.176791
-0.292736
0.686987
-0.260514
-0.231841
0.427380
-0.298294
0.122209
-0.475111
0.695540
-1.000000
0.095303
-0.570964
0.346890
0.052251
-0.713642
-0.530727
-0.390858
0.283552
0.009072
-0.049859
-0.519661
-0.015002
-0.187348
0.445512
0.468490
0.163308
-0.138062
-0.638621
-0.291887
-0.381294
-0.183508
0.008006
0.238180
0.104614
-0.952819
-0.640618
-0.220382
0.113040
-0.198952
0.319476
0.341408
-0.506373
0.273092
0.460351
0.337062
-0.063358
-0.248563
0.334231
0.237562
0.523275
-0.527769
0.568780
-0.636562
0.164879
-0.114302
0.462784
0.313992
-0.747202
-0.139970
-0.477591
0.093313
-0.696501
0.329720
-0.240348
0.170272
-0.594058
-0.310131
0.072184
-0.462302
0.152451
0.406673
-0.192063
-0.702827
0.808149
-0.907956
-0.085274
0.404191
-0.103384
-0.794231
0.169351
-0.237201
-0.246045
0.659556
0.182628
-0.870375
-0.229681
-0.315433
-0.152323
-0.874866
-0.118352
0.044544
0.572500
0.428860
-0.649000
-0.460864
-0.316799
-0.413552
-0.299758
0.178608
-0.415317
-0.774381
-0.097826
0.508829
0.239762
0.544760
-0.986999
-0.010431
0.158283
0.111334
-0.049032
-0.064788
0.068327
0.556657
-0.057864
-0.250146
0.121503
-0.001138
0.243704
-0.276367
-0.245073
-0.382836
1.000000
-0.215725
-0.280550
-0.842962
-0.219123
-0.372768
-0.080427
-0.492983
-0.095089
-0.149227
0.594389
-0.176433
0.433383
-0.149954
0.372709
1.000000
0.319125
0.128319
0.142553
0.311867
0.519872
0.202574
-0.011513
0.554598
-0.441565
0.159480
-0.404560
-0.247311
0.548840
0.193260
0.081523
-0.766321
0.974316
-0.313858
-0.489668
-0.284441
-0.465056
0.132539
-0.078136
0.179746
0.698611
-0.395016
0.591302
-0.438493
-0.036976
0.381341
0.255677
-0.336385
-0.176401
0.337050
-0.751882
-0.158500
-0.850886
0.301606
0.949059
0.363502
0.262592
-0.253289
-0.001361
-0.097708
0.343082
0.579914
0.085512
0.120249
-0.515358
0.485213
-0.455254
0.480657
-0.188762
-0.425152
-0.542594
-0.124525
0.590224
-0.393823
-0.451909
-0.883295
-0.406335
0.393914
-0.009807
-0.897111
0.253874
-1.000000
-0.220370
-0.506408
0.335323
0.658033
-0.109884
-0.124304
-0.151733
-0.948638
-0.936631
0.544368
0.207923
0.122978
0.872481
0.002408
0.401096
0.295878
-0.111446
-0.532464
0.658331
-0.003673
-0.822005
-0.229270
0.281393
-0.052562
-0.041285
-0.012324
0.354714
0.927103
-0.301552
0.925397
0.446657
0.025570
0.079429
-0.111319
0.521847
-0.475246
-0.320262
0.092585
0.374266
0.227274
-0.709038
-0.004828
-0.189953
-0.426575
0.269805
-0.891356
-0.135833
0.239512
-0.516402
0.425691
-0.070631
0.488756
0.395772
-0.901248
0.599623
-0.858555
-0.515017
0.477597
-0.362929
0.485679
0.257902
0.189120
-0.888500
0.244787
0.551214
0.168860
-0.345200
0.158611
0.480628
0.009068
-0.049212
0.604606
0.284370
0.129701
0.521087
-0.260852
0.473620
1.000000
0.532777
0.096893
0.705622
0.207624
-0.585601
0.093399
0.146461
-0.276444
0.200623
-0.257924
-0.347662
0.279662
-0.164793
0.100924
0.008450
-0.447499
0.719529
0.125821
-0.250860
0.212845
0.020500
0.505393
0.184540
-0.818510
0.134047
0.075928
0.804277
-0.595589
-0.550837
0.345675
-0.139049
0.531461
0.203677
0.701846
0.079608
0.043462
0.166854
0.025520
0.892555
0.164605
-0.985065
-0.746227
-0.282541
-0.454100
0.075302
-0.508774
0.567383
0.331183
0.132752
0.949572
0.335738
-0.236300
-0.209983
-0.201292
0.204244
-0.256799
0.791171
-0.074655
1.000000
0.043236
0.447705
-0.170554
0.253393
0.602681
-0.810141
-0.283264
-0.043289
-0.021179
-0.161700
-0.388190
-0.277670
-0.540076
0.116034
-0.289540
-0.155904
-0.118297
0.268277
-0.922039
-0.182274
-0.507422
-0.275750
0.262505
0.069717
-0.105731
0.472615
-0.716074
-0.503171
-0.082033
-0.355977
0.215745
0.681461
0.032194
-0.618193
0.511808
0.077844
0.119268
-0.397157
-0.926004
0.022532
0.409604
-0.359293
0.277865
0.532722
-0.096252
-0.530174
-0.282343
-0.226120
0.020465
0.783190
0.582422
0.075469
-0.012665
-0.560257
-0.016825
-0.090522
-0.023218
0.720580
-0.818621
0.606200
-0.249252
0.111482
-0.085413
-0.517166
-0.137990
0.924591
-0.701619
-0.347435
-0.391785
0.031366
0.376659
-0.434650
-0.212207
0.457797
-0.118040
-0.000056
-0.335820
0.025833
0.162313
0.289967
0.211586
0.146108
-0.533268
-0.140245
-0.735232
-1.000000
0.552392
0.037548
-0.731962
-0.340926
-0.264732
-0.178947
-0.144302
-0.645965
-0.943325
0.154823
-0.409432
0.684591
0.240045
0.098877
-0.323502
0.985956
0.176544
0.149822
-0.246527
0.315232
0.144072
-0.463059
0.671540
-0.786848
0.235647
0.056609
-0.602304
0.382367
0.177054
0.018952
0.340423
-0.664785
0.060006
0.268783
0.696898
-0.221197
0.375819
-0.364345
0.368945
0.064315
-0.106641
-0.025006
-0.238761
0.297071
0.066236
0.641114
0.739539
0.327721
0.118369
0.464604
-0.045681
-0.474182
-0.237246
-0.166618
0.365685
0.109875
-0.111870
0.417796
0.089814
-0.239965
0.316936
0.192229
0.180864
0.099347
-0.081587
-0.142110
-1.000000
0.632750
-0.383746
-0.090955
-0.206878
0.916860
-0.207549
0.319875
0.096291
0.537258
0.014260
-0.244175
0.202137
-0.210704
0.685250
-0.606734
-0.368739
0.014042
0.734376
-0.094257
1.000000
0.721422
-0.026565
1.000000
-0.738167
0.039088
0.279377
-0.810415
0.301659
0.157673
0.259663
0.502271
-0.252001
-0.412985
0.518041
-0.019835
-0.422513
0.251624
0.687892
0.024736
0.153732
0.039070
0.169767
-0.144989
-0.113470
0.095184
0.380339
-1.000000
0.045225
0.218710
0.416146
0.125811
0.189175
0.353258
-0.929058
0.048012
0.526761
-0.863563
-0.146328
0.390466
0.069456
0.218070
0.815106
-0.455604
-0.351549
-0.936139
0.060420
-0.639937
0.572383
0.364061
-0.734569
-0.752042
-0.622385
-0.525432
0.565268
-0.206349
-0.109063
0.348426
0.342317
-0.478409
0.066148
-0.417640
0.275067
0.139612
0.594651
1.000000
0.507095
0.447974
0.111679
0.227544
0.728175
0.172192
0.157248
0.127434
-0.317676
0.512642
0.185582
0.618823
-1.000000
-0.326267
0.233712
-0.370476
0.963860
-0.093763
-0.216926
0.004768
-0.101996
0.374362
0.120710
-0.940344
0.150031
0.745718
0.955051
-0.277158
-0.717488
-0.016143
0.293515
0.023599
-0.267877
0.149015
-0.906087
-0.551962
-0.171284
-0.565494
0.317456
0.424173
0.332955
0.174640
-0.927169
0.357725
-0.111798
-0.231639
-0.324909
-0.878093
-0.128043
-0.138935
0.329406
-0.034705
-0.570743
-0.365489
0.574708
0.473113
0.290512
-0.053525
-0.236386
0.283342
-0.980653
0.009088
0.488529
-0.355378
-0.058867
-0.277922
0.136720
0.175495
0.176444
0.136559
0.557748
-0.454621
-0.320348
0.159323
0.258843
0.497280
-0.054512
-0.315809
-0.383106
-0.149048
-0.889537
-0.432598
-0.487592
-0.150504
-0.087659
-0.102342
0.179350
0.235429
-0.461751
0.337052
-0.034997
0.204912
0.112459
-0.284320
-0.052984
0.872100
0.422003
-0.433592
-0.274808
-0.321343
0.296305
-0.233404
0.546264
-0.079148
0.175745
0.294443
0.316987
0.150513
0.617091
0.350628
-0.177829
-0.454653
0.062627
0.026004
-0.501367
-0.091027
0.943049
0.020486
-0.130543
0.258064
0.453369
0.337430
0.992290
-0.245781
0.317592
0.307974
-0.921420
0.262260
-0.126074
0.568635
0.080355
0.366774
0.028703
0.883162
-0.642163
-0.545877
0.199258
0.315496
0.776674
0.307010
0.456157
0.219877
0.375209
1.000000
-0.200138
-0.198236
0.179212
1.000000
0.000130
-0.074070
-0.506719
-0.777571
-0.088259
-0.265615
0.500029
0.061414
0.140309
0.340405
-0.074785
-0.289513
0.528040
-0.008548
0.060524
-0.023008
0.176195
0.085137
-0.139822
-0.217509
-0.035522
-0.065232
0.696556
0.581327
-0.276117
0.159230
0.055859
0.151040
-0.163480
-0.183969
0.541083
-0.999760
-0.037683
0.111097
0.460064
0.761855
-0.305277
-0.667782
0.657230
0.253394
-0.663798
-0.112929
-0.965976
-0.406365
-0.360367
0.017996
-0.737787
-0.161993
-0.360755
-0.031974
0.179612
0.269511
-0.250686
0.586027
-0.141816
0.764620
-0.115819
0.206246
0.220355
-0.366768
-0.115132
-0.094811
0.645595
-0.548047
0.360929
-0.092050
-0.210210
-0.115956
0.071090
0.418074
-0.634942
-0.656566
0.167743
-0.381594
-1.000000
0.020601
-0.973473
0.720908
-0.035071
0.195362
0.482711
-0.674085
-0.393219
-0.329467
0.133548
-0.885720
-0.273005
-0.536092
-0.136254
0.249293
-0.157549
-0.467689
0.282813
-0.609682
-0.020767
0.207713
-0.955397
-0.039158
0.329631
0.116249
-0.238615
-0.310944
-0.178180
0.249156
0.167059
0.283192
-0.141522
-0.393779
0.521332
-0.448876
0.317293
0.045269
0.005503
0.836868
-0.211427
0.331128
-0.546943
0.414310
0.136413
0.182106
-0.114583
0.489693
-0.029048
-0.707860
0.132341
0.299012
-0.100470
0.172642
-0.212930
-0.136937
0.367456
-0.286886
-0.425041
-0.315923
0.884994
-0.419572
-0.826916
0.170249
0.452235
-0.206218
0.706202
-0.901323
-0.231294
-0.160527
-0.551699
-0.145343
-0.043926
-0.853526
0.699027
-0.126632
-0.176829
-0.148099
-0.122684
-0.171197
-0.369391
0.373723
0.091068
-0.265946
-0.392937
0.719282
-0.134904
0.858352
0.076047
-0.037594
-0.605247
0.031168
0.035472
-0.446653
-0.347564
0.255975
-0.266856
0.677430
0.068002
-0.050991
0.078706
-0.577116
-0.000137
0.457110
-0.100501
0.113779
0.257422
-0.492920
-0.338556
0.838329
-0.003414
-0.728494
0.073779
0.485860
0.172800
0.299167
-0.082523
0.350464
0.580389
0.863547
0.438707
-0.232072
0.519644
0.049392
-0.047240
-0.004994
0.809525
0.594799
-0.001502
0.110540
0.314338
0.488487
0.404504
-0.243875
0.425101
0.489480
0.412810
0.676755
0.214501
1.000000
-0.753279
-0.216574
-0.082885
-0.152873
-0.155587
0.143255
-0.219704
-0.244116
-0.226125
0.007013
-0.084048
0.367956
0.094087
0.740310
0.189221
-0.155271
-0.136273
0.923427
-0.016805
0.408441
0.613978
-0.106331
0.102602
-0.659069
0.146151
0.470660
0.425008
-0.229690
0.438107
-0.033904
0.288777
0.022125
-0.300177
-0.101502
-0.116357
0.222858
0.184946
0.605513
0.135026
-0.091956
-0.182714
0.061362
-0.434748
0.095478
-1.000000
-0.209175
-0.251403
-0.142057
-0.015041
-0.196186
-0.054589
0.082109
0.742824
-0.632675
-0.191948
0.207919
0.634567
0.253486
-0.431038
0.705662
-0.485220
-0.159137
-0.357249
0.908618
-0.505146
0.187569
-0.378947
-0.671841
0.491473
1.000000
0.639331
0.178703
0.218724
-0.259917
-0.388790
-0.703235
0.057936
0.249533
-0.093123
-0.096706
0.576155
0.249166
-0.014405
0.559938
-0.472253
0.147715
0.192616
-0.152374
0.517858
0.165184
0.297043
0.013822
-0.810153
-0.212968
-0.591984
-0.544763
0.441113
0.260902
-0.050742
0.544343
-0.450863
0.257287
0.640821
-0.460186
0.557659
-0.512035
0.030741
-0.051083
-0.932218
0.318325
-0.034817
-0.385311
-0.045246
0.854313
-0.050589
0.067525
0.394988
-0.190685
-0.651746
0.943405
-0.470659
-0.286606
0.459659
-0.336839
0.149961
0.386933
0.607219
-0.142441
-0.110598
-0.020910
0.210015
-0.386604
-0.372528
-0.629787
0.281601
0.128814
-0.210322
-0.098440
0.586466
-0.055133
-0.668006
-0.351709
-0.237149
-0.162205
-0.182198
0.336431
-0.781796
-0.161926
-0.522869
0.000478
-0.461631
0.167741
0.020819
1.000000
0.309373
-0.322446
-0.065935
-0.103629
-0.177746
-0.577753
-0.867208
0.266204
0.227535
0.371771
-0.131695
0.268291
-0.968204
-0.075393
-0.094922
-0.469454
-0.112581
-0.647915
-0.232754
0.383901
0.216501
0.556958
0.135554
-0.583901
-0.029810
-0.106292
-0.768221
0.295617
0.300775
-0.580294
0.222111
0.939468
0.918640
0.360873
-0.700567
0.076959
0.618651
-0.766036
-0.557440
0.645144
-0.325827
-0.207959
-0.084006
-0.174682
0.282667
-0.491903
-0.052678
0.053934
0.130368
0.487368
0.097916
0.080291
-1.000000
-0.211675
0.761391
-0.111499
0.418746
-0.000607
-0.296055
0.006819
0.457875
0.112198
-0.199004
-0.107404
0.305950
0.210210
0.112150
-0.567355
-0.365948
-0.078811
-0.617832
-0.162544
0.515515
-0.257213
0.119814
0.092379
-0.809079
0.036192
0.373510
0.604829
0.292641
-0.368820
-0.363329
-0.210417
-0.426616
0.117987
0.144525
-0.541417
0.118305
-0.331574
-0.250637
-0.173805
0.140663
0.378402
-0.898870
-0.414345
-0.335316
-0.483966
-0.725800
0.565954
0.375860
0.810473
0.736452
0.523985
-0.403225
-0.819044
-0.109067
-0.548111
-0.509159
0.053656
-0.169631
-0.092733
0.211976
0.630089
0.398297
-0.076416
-0.569103
0.771062
-0.301613
-0.060447
-0.300965
0.473355
0.290202
0.297394
-0.081255
0.919419
0.180315
-0.384075
-0.222449
-0.372094
0.897819
-0.434828
-0.952398
-0.982287
-0.070961
0.044852
-0.769678
0.413845
-0.403069
0.007962
0.309841
0.335116
-0.555746
0.270835
0.534172
-0.823869
0.278625
0.203114
0.225057
0.355565
0.024228
-0.113452
0.204316
0.326340
-0.364904
0.922429
0.748225
-0.470977
0.202369
-0.925033
-0.059489
0.347864
-0.426444
0.699862
-0.262103
-0.499839
0.439414
-0.000117
0.185473
-0.157947
-0.141875
-0.265701
0.069513
-0.114409
-0.473614
0.161199
0.301486
-0.916940
-0.169915
0.630641
-0.686242
-0.002429
0.834779
0.917757
0.060665
0.004656
0.411181
0.191067
-0.123908
0.016280
0.518877
-0.275913
0.716105
-0.897387
0.404933
0.585763
0.320869
-0.355004
-0.259084
0.472229
0.662235
0.179005
0.086937
-0.495075
-0.842856
0.064791
0.039885
0.097834
0.070033
0.177903
0.060099
0.216710
0.011188
0.068129
0.058834
0.012522
0.031678
0.046575
0.022070
0.012176
0.070108
0.034889
0.085373
0.030262
0.074687
0.037790
0.038590
0.047731
0.046189
0.030903
0.027882
0.021450
0.061875
0.069851
0.079169
0.098435
0.053068
0.049969
0.059878
0.023787
0.070247
0.015641
0.037957
0.044360
0.063406
0.034938
0.066329
0.018093
0.040967
0.060475
0.019364
0.063744
0.019598
0.013904
0.088849
0.019310
0.144435
0.033530
0.012314
0.088276
0.018030
0.050098
0.048311
0.013768
0.026892
0.069990
0.041725
0.110181
0.108537
0.052152
0.042607
0.296048
0.040016
0.082659
0.055182
0.181539
0.022162
0.086584
0.044405
0.124861
0.016076
0.055326
0.074051
0.037930
0.206998
0.012731
0.072512
0.068133
0.016254
0.030948
0.060044
0.036259
0.100265
0.102619
0.060921
0.126937
0.080874
0.021755
0.015016
0.059668
0.062002
0.032696
0.049593
0.064734
0.070452
0.032087
0.066789
0.019635
0.062292
0.061190
0.075217
0.060077
0.089314
0.049637
0.013841
0.056825
0.040149
0.082264
0.069937
0.045293
0.104677
0.105798
0.007005
0.048791
0.086068
0.028757
0.024383
0.036324
0.031019
0.033030
0.032277
0.061208
0.126380
0.039857
0.064624
0.045649
0.061857
0.040017
0.076812
0.026422
0.062179
0.024252
0.025801
0.054039
0.025584
0.131502
0.036112
0.070334
0.030026
0.076597
0.063416
0.135943
0.047096
0.031384
0.047253
0.035266
0.140521
0.080534
0.185155
0.077770
0.025477
0.066338
0.048023
0.069820
0.014473
0.070968
0.078935
0.024083
0.055600
0.044018
0.061166
0.086105
0.048514
0.021682
0.050388
0.146460
0.028985
0.023470
0.072202
0.025555
0.255276
0.052891
0.026951
0.039481
0.077593
0.100473
0.072906
0.016151
0.097673
0.031174
0.013484
0.039946
0.206473
0.113500
0.022341
0.096964
0.041457
0.062148
0.050377
0.013453
0.094791
0.046338
0.013589
0.165307
0.057572
0.024276
0.068038
0.018974
0.058049
0.051946
0.221810
0.031861
0.059517
0.007189
0.098936
0.021792
0.098157
0.019183
0.062262
0.038339
0.012071
0.036724
0.045142
0.047640
0.174479
0.057979
0.026516
0.066174
0.030048
0.290202
0.194237
0.115434
0.124893
0.040091
0.073340
0.014816
0.077512
0.086128
0.015084
0.054184
0.067436
0.062629
0.120840
0.074881
0.030641
0.079678
0.035315
0.077243
0.078403
0.216943
0.083550
0.058984
0.036803
0.040089
0.062485
0.071216
0.064961
0.048055
0.062679
0.064157
0.196607
0.049039
0.047681
0.059515
0.036202
0.067057
0.046630
0.021983
0.045263
0.132100
0.010588
0.020747
0.067379
0.073991
0.072179
0.254440
0.055934
0.019200
0.033667
0.032079
0.010164
0.056228
0.071658
0.093330
0.013626
0.022544
0.069916
0.140444
0.030622
0.058437
0.079617
0.160370
0.122845
0.096554
0.096749
0.023714
0.043789
0.248807
0.023143
0.046260
0.047325
0.017112
0.036343
0.043311
0.074637
0.107780
0.043962
0.079364
0.074409
0.026235
0.043053
0.287074
0.064699
0.233231
0.051208
0.024781
0.042920
0.134702
0.022141
0.038438
0.177099
0.291825
0.062195
0.007703
0.031202
0.083205
0.017060
0.082940
0.045144
0.023393
0.029829
0.094816
0.050218
0.100557
0.128446
0.024132
0.033361
0.007598
0.042528
0.015311
0.039357
0.039344
0.052644
0.106898
0.086494
0.051811
0.033154
0.093564
0.089516
0.079272
0.031113
0.051803
0.141041
0.118868
0.123767
0.076466
0.105344
0.030292
0.057523
0.043407
0.036756
0.084124
0.024059
0.099590
0.053015
0.024073
0.027342
0.047250
0.146035
0.098684
0.260658
0.084214
0.082979
0.016102
0.079685
0.077507
0.037132
0.062075
0.005573
0.172096
0.094052
0.045178
0.042352
0.083172
0.056043
0.033276
0.050534
0.034304
0.015715
0.020344
0.056195
0.046584
0.113820
0.199399
0.113099
0.354281
0.149424
0.063027
0.080769
0.028343
0.046558
0.040427
0.217569
0.044449
0.027883
0.052260
0.032347
0.094663
0.053913
0.036653
0.147106
0.072958
0.083935
0.032391
0.071063
0.008488
0.065047
0.038774
0.027954
0.030668
0.020800
0.048355
0.089166
0.055819
0.016711
0.010413
0.056829
0.029956
0.072033
0.052981
0.025367
0.069721
0.056489
0.026811
0.052644
0.103682
0.107780
0.091008
0.085801
0.068089
0.026146
0.038192
0.079287
0.053308
0.081481
0.070306
0.017220
0.075512
0.064509
0.015657
0.417716
0.074095
0.020414
0.047170
0.131592
0.075596
0.034832
0.044134
0.026119
0.026111
0.058087
0.092929
0.031399
0.037672
0.097210
0.035313
0.034111
0.058259
0.081693
0.045706
0.048950
0.141018
0.031392
0.028510
0.076577
0.073068
0.082413
0.030291
0.045935
0.058163
0.012619
0.099569
0.038099
0.042854
0.036996
0.049979
0.037375
0.026663
0.045064
0.023066
0.033926
0.040732
0.219850
0.116901
0.118154
0.039257
0.029749
0.037594
0.034659
0.043103
0.048317
0.106464
0.508488
0.033711
0.258106
0.019633
0.099110
0.075122
0.094407
0.081946
0.017017
0.061099
0.095945
0.045647
0.042536
0.029358
0.035451
0.044643
0.039562
0.049182
0.222709
0.052569
0.017723
0.248285
0.042368
0.021913
0.052193
0.048699
0.048938
0.061889
0.016577
0.115042
0.029914
0.013366
0.029182
0.064786
0.050827
0.125104
0.035555
0.048803
0.020628
0.031629
0.013358
0.044360
0.074761
0.025543
0.133226
0.265809
0.056877
0.052233
0.040805
0.044766
0.037897
0.134837
0.074878
0.068663
0.066075
0.040940
0.021938
0.028214
0.024045
0.095962
0.096920
0.065066
0.133423
0.026166
0.059684
0.023101
0.050160
0.016335
0.050484
0.080390
0.078317
0.019951
0.040675
0.124916
0.051135
0.035053
0.041522
0.114179
0.053043
0.084965
0.014515
0.063188
0.015138
0.022000
0.021849
0.044443
0.045899
0.058524
0.038331
0.078774
0.030837
0.013902
0.014950
0.031707
0.020341
0.067087
0.047173
0.048635
0.041940
0.123352
0.011809
0.047054
0.047619
0.042454
0.044070
0.078998
0.041892
0.020412
0.067046
0.062252
0.118533
0.084924
0.069631
0.145175
0.041058
0.042330
0.056991
0.050326
0.067150
0.029569
0.070329
0.090060
0.018021
0.058269
0.029428
0.099753
0.109692
0.023194
0.032274
0.079263
0.047809
0.103056
0.096644
0.018951
0.067856
0.053721
0.029154
0.024019
0.033469
0.052548
0.040620
0.034323
0.044039
0.026530
0.044119
0.044955
0.027470
0.087334
0.054910
0.012251
0.104932
0.090142
0.093794
0.042282
0.018232
0.029231
0.075514
0.058359
0.042927
0.115204
0.086253
0.014010
0.087359
0.069295
0.062547
0.034866
0.032662
0.062119
0.187663
0.044956
0.062347
0.036193
0.024724
0.040728
0.077969
0.092845
0.069632
0.033983
0.039218
0.031417
0.048956
0.148910
0.054686
0.015762
0.060367
0.105717
0.008095
0.060119
0.152283
0.075509
0.084889
0.027060
0.034529
0.040821
0.132628
0.045732
0.049272
0.104913
0.046726
0.086041
0.056080
0.040365
0.049085
0.069229
0.086474
0.133379
0.196567
0.048924
0.017452
0.017481
0.048924
0.022934
0.050172
0.010305
0.070374
0.079002
0.149110
0.041796
0.113410
0.053790
0.025294
0.032136
0.090764
0.023235
0.028962
0.054810
0.066590
0.094701
0.071573
0.013878
0.064736
0.024273
0.060760
0.043656
0.015244
0.026242
0.028815
0.031007
0.066919
0.026879
0.021207
0.076749
0.077547
0.060687
0.141484
0.025123
0.051679
0.051251
0.035493
0.109415
0.066585
0.026382
0.027943
0.020588
0.090552
0.046994
0.107134
0.073948
0.034858
0.019780
0.095560
0.042605
0.024457
0.020493
0.063042
0.040091
0.040856
0.084167
0.059622
0.184088
0.134968
0.038236
0.089982
0.100463
0.047890
0.079228
0.081343
0.020157
0.058799
0.063636
0.037596
0.123222
0.030079
0.062060
0.046178
0.017668
0.033733
0.058088
0.127984
0.042353
0.022091
0.051514
0.026397
0.099573
0.152660
0.083235
0.035589
0.033957
0.020602
0.086215
0.073995
0.092588
0.064143
0.073314
0.036283
0.048585
0.064410
0.083647
0.094442
0.089521
0.048078
0.048302
0.047287
0.096660
0.045177
0.015098
0.091390
0.036346
0.070160
0.067188
0.024848
0.076392
0.046282
0.045801
0.037241
0.176593
0.065751
0.258388
0.055414
0.027658
0.044856
0.175017
0.066741
0.064177
0.055051
0.059983
0.068290
0.012590
0.098489
0.036037
0.049493
0.016223
0.054396
0.103604
0.108397
0.078258
0.046717
0.033308
0.057758
0.054203
0.120264
0.065708
0.017890
0.097230
0.115255
0.046870
0.046336
0.053604
0.077021
0.075216
0.016192
0.022761
0.143276
0.015936
0.037859
0.084526
0.083343
0.166208
0.057998
0.056304
0.020149
0.063911
0.040162
0.052517
0.081494
0.040796
0.058704
0.055685
0.044233
0.030461
0.050394
0.117715
0.062185
0.037545
0.036212
0.047301
0.019942
0.042416
0.040323
0.100119
0.018220
0.055163
0.025122
0.033701
0.133344
0.057222
0.010694
0.035967
0.042354
0.110839
0.022637
0.041371
0.149860
0.040561
0.040773
0.023126
0.046104
0.017087
0.055321
0.059415
0.097944
0.016083
0.045787
0.074475
0.036117
0.060102
0.230180
0.024458
0.363103
0.022002
0.044156
0.054350
0.022827
0.051041
0.035823
0.015124
0.060959
0.085994
0.016963
0.228318
0.057312
0.018898
0.029492
0.035487
0.227379
0.043276
0.041363
0.066394
0.032651
0.054939
0.047703
0.038080
0.199577
0.063892
0.013595
0.025241
0.066533
0.033182
0.028299
0.023997
0.030497
0.025424
0.069597
0.068005
0.032276
0.038792
0.012033
0.043035
0.040579
0.114512
0.035894
0.069558
0.040069
0.096600
0.053871
0.024477
0.123572
0.061353
0.076399
0.162245
0.078909
0.050071
0.060482
0.041672
0.024955
0.033517
0.094490
0.057070
0.021943
0.074540
0.021473
0.043938
0.022624
0.023079
0.039176
0.042754
0.113499
0.060927
0.081663
0.202566
0.043135
0.028928
0.045314
0.058302
0.034117
0.109326
0.110739
0.048229
0.054465
0.067874
0.152610
0.033500
0.074558
0.025276
0.006080
0.186164
0.028405
0.034231
0.096323
0.046936
0.028705
0.079573
0.099893
0.009629
0.030515
0.055193
0.056413
0.011981
0.050592
0.017607
0.023857
0.037141
0.031965
0.021473
0.066590
0.050826
0.044616
0.074267
0.052094
0.040162
0.099521
0.100121
0.089292
0.030130
0.031585
0.024445
0.024999
0.041298
0.054572
0.055854
0.065689
0.130913
0.028259
0.117262
0.062049
0.014742
0.068820
0.042731
0.049342
0.041430
0.051597
0.044979
0.058625
0.050156
0.016697
0.013915
0.019625
0.039552
0.013439
0.034684
0.068484
0.052101
0.036925
0.035372
0.107247
0.075599
0.108507
0.212556
0.032031
0.058055
0.026389
0.017071
0.024853
0.122194
0.066603
0.079049
0.118341
0.167753
0.099296
0.023557
0.050248
0.081885
0.055549
0.066006
0.057847
0.078705
0.057225
0.080356
0.158710
0.027831
0.052112
0.014282
0.064414
0.016455
0.126231
0.025556
0.013776
0.048160
0.168300
0.015741
0.036407
0.022293
0.116912
0.086996
0.027981
0.107496
0.037875
0.030796
0.115874
0.101813
0.042161
0.076988
0.026024
0.034881
0.033094
0.040409
0.072378
0.034047
0.086689
0.050528
0.066059
0.081404
0.086409
0.050771
0.256281
0.033261
0.028978
0.025382
0.045933
0.032516
0.054156
0.021076
0.072845
0.082242
0.073973
0.068720
0.022325
0.051709
0.033734
0.028822
0.071666
0.019530
0.090102
0.037009
0.036993
0.013878
0.048631
0.039660
0.086446
0.040826
0.091613
0.026245
0.163202
0.032873
0.060391
0.094998
0.165780
0.117038
0.093478
0.075089
0.030187
0.024656
0.089953
0.013034
0.074398
0.085010
0.060903
0.091946
0.090572
0.040692
0.030204
0.047001
0.405042
0.084701
0.153447
0.147169
0.052547
0.018492
0.009096
0.024045
0.131183
0.068840
0.017679
0.051428
0.066162
0.024207
0.128708
0.024812
0.086265
0.032225
0.105607
0.015074
0.063241
0.043034
0.083267
0.045209
0.024798
0.029317
0.034403
0.038458
0.022066
0.042534
0.014118
0.018189
0.045144
0.097318
0.056851
0.033859
0.048803
0.022446
0.068325
0.089579
0.034454
0.019458
0.053281
0.075937
0.007867
0.031002
0.063550
0.030836
0.062025
0.096580
0.124161
0.035176
0.106016
0.011420
0.143741
0.135868
0.041765
0.010775
0.070235
0.056561
0.094468
0.018110
0.081018
0.128245
0.108914
0.089921
0.107115
0.044611
0.030923
0.058082
0.143009
0.096733
0.065855
0.123918
0.091966
0.038600
0.041030
0.063294
0.097882
0.042913
0.104958
0.039690
0.055939
0.014563
0.053966
0.043596
0.059190
0.041113
0.024970
0.059422
0.074938
0.028592
0.035028
0.075480
0.070454
0.090489
0.034130
0.034963
0.022158
0.021390
0.204685
0.091848
0.025973
0.115373
0.044832
0.036409
0.059790
0.049077
0.138878
0.106423
0.035944
0.053891
0.070522
0.145173
0.072481
0.085430
0.104667
0.018562
0.051722
0.091372
0.033312
0.026270
0.061969
0.045739
0.036608
0.045054
0.021340
0.027711
0.041219
0.038521
0.078170
0.070872
0.047167
0.124197
0.045389
0.039016
0.108867
0.037095
0.091950
0.034729
0.017497
0.036061
0.043703
0.042027
0.042181
0.031529
0.050546
0.066462
0.031765
0.145594
0.035626
0.066037
0.061584
0.041689
0.058699
0.078240
0.035331
0.126217
0.018630
0.044597
0.048904
0.012769
0.022396
0.112322
0.036696
0.049592
0.034694
0.030545
0.099971
0.026717
0.131592
0.067279
0.041084
0.037447
0.184101
0.057476
0.074408
0.073114
0.027812
0.061733
0.072741
0.010913
0.040854
0.017491
0.097120
0.020893
0.046716
0.045524
0.067015
0.057756
0.030424
0.010574
0.180386
0.042249
0.066810
0.045291
0.068408
0.012438
0.017733
0.032304
0.355593
0.032247
0.049562
0.099936
0.075536
0.042543
0.080461
0.121939
0.040200
0.018548
0.110190
0.035385
0.046899
0.030554
0.075417
0.015001
0.027191
0.068589
0.035006
0.074713
0.094434
0.173809
0.032281
0.040928
0.027198
0.103287
0.032960
0.055400
0.065480
0.056622
0.029847
0.030224
0.067178
0.038077
0.022060
0.040322
0.020868
0.082949
0.028208
0.105490
0.097669
0.061162
0.130223
0.058948
0.183824
0.062916
0.051567
0.066794
0.081827
0.142938
0.086206
0.042293
0.143481
0.051978
0.047606
0.038053
0.020497
0.030034
0.039799
0.125777
0.061237
0.164610
0.059107
0.056613
0.015098
0.029551
0.133152
0.167645
0.027172
0.043639
0.077808
0.030529
0.018177
0.047120
0.021100
0.060960
0.012322
0.047305
0.172100
0.093864
0.071969
0.013374
0.073057
0.021196
0.021327
0.066717
0.129312
0.032876
0.007575
0.011789
0.070992
0.057060
0.011822
0.058158
0.068015
0.030331
0.016164
0.040535
0.018971
0.042478
0.048979
0.028532
0.039639
0.017525
0.011928
0.042388
0.082757
0.071731
0.069768
0.038796
0.013341
0.016074
0.021256
0.117718
0.009742
0.039367
0.149188
0.061200
0.019110
0.029331
0.038094
0.029364
0.085409
0.068324
0.020053
0.033930
0.019953
0.098083
0.060317
0.035401
0.055459
0.066409
0.194956
0.063431
0.024946
0.165121
0.018528
0.040514
0.043629
0.059641
0.041083
0.035570
0.058807
0.114321
0.065002
0.138933
0.063664
0.055525
0.036737
0.113997
0.084765
0.081785
0.049594
0.093969
0.100032
0.011884
0.024163
0.026953
0.088865
0.061888
0.041404
0.070730
0.023231
0.057761
0.087834
0.013778
0.075740
0.039915
0.060141
0.107996
0.037564
0.051272
0.112222
0.060152
0.085058
0.013318
0.023811
0.066744
0.019011
0.140432
0.046032
0.062980
0.067685
0.016816
0.069704
0.035523
0.099401
0.093387
0.032278
0.098070
0.053896
0.095375
0.024001
0.106927
0.014379
0.030755
0.023976
0.047466
0.159118
0.059242
0.086643
0.034382
0.052900
0.036706
0.035663
0.028405
0.042410
0.037328
0.068827
0.009903
0.044607
0.109770
0.044654
0.031686
0.105280
0.023405
0.553581
0.088241
0.048985
0.054595
0.033143
0.046891
0.026762
0.061192
0.010385
0.054005
0.107339
0.028633
0.019116
0.047287
0.044953
0.101390
0.225768
0.104834
0.072353
0.038432
0.055850
0.015159
0.090726
0.054953
0.225611
0.057452
0.096702
0.114636
0.018712
0.078942
0.176571
0.048430
0.092801
0.018352
0.020970
0.017452
0.111694
0.067650
0.022144
0.054416
0.026622
0.087971
0.067805
0.127509
0.043351
0.054762
0.076829
0.032975
0.050283
0.006972
0.013686
0.197199
0.058881
0.103309
0.142016
0.114052
0.019505
0.026650
0.150901
0.045199
0.038715
0.081914
0.039677
0.034352
0.023392
0.074116
0.305415
0.044828
0.028896
0.056302
0.030016
0.041724
0.050850
0.099164
0.055978
0.047107
0.044829
0.034261
0.021699
0.107810
0.047356
0.075450
0.124785
0.355323
0.064088
0.083340
0.035948
0.080891
0.034570
0.030326
0.048309
0.029679
0.047857
0.035788
0.015539
0.054545
0.027875
0.031881
0.078719
0.025096
0.036187
0.010757
0.115675
0.075754
0.037043
0.060888
0.127758
0.131241
0.061246
0.058165
0.176929
0.095914
0.061937
0.045092
0.012035
0.063522
0.070390
0.105361
0.029764
0.127667
0.007925
0.003841
0.045795
0.017622
0.044752
0.075019
0.070166
0.049572
0.047499
0.051566
0.027120
0.035932
0.021839
0.076150
0.038027
0.096703
0.056237
0.010989
0.040508
0.046118
0.055376
0.061707
0.053470
0.222118
0.072407
0.019327
0.119373
0.052175
0.016931
0.045565
0.024616
0.055991
0.039789
0.043079
0.046713
0.029598
0.053359
0.135639
0.143836
0.042312
0.077678
0.052814
0.070013
0.047117
0.084517
0.058167
0.170395
0.012388
0.081988
0.019675
0.088930
0.032705
0.110445
0.098032
0.085213
0.060416
0.054110
0.024622
0.086472
0.051120
0.023646
0.040726
0.010563
0.055550
0.057709
0.217509
0.087780
0.037527
0.014108
0.079510
0.148327
0.062600
0.040801
0.087197
0.026298
0.160568
0.059348
0.144652
0.030946
0.057141
0.127526
0.095340
0.028273
0.034610
0.038731
0.085781
0.077668
0.028483
0.052917
0.034111
0.052660
0.034929
0.129745
0.043406
0.106723
0.075526
0.069401
0.101486
0.109913
0.124540
0.103379
0.038716
0.048444
0.015858
0.046416
0.053345
0.022065
0.113246
0.026770
0.049134
0.070626
0.009505
0.032416
0.085664
0.092975
0.065932
0.042923
0.063126
0.036153
0.063411
0.099180
0.025970
0.056786
0.051313
0.018667
0.078977
0.060283
0.023407
0.018559
0.030220
0.027384
0.068109
0.018012
0.036758
0.102594
0.075017
0.304572
0.071100
0.033532
0.047370
0.062741
0.140174
0.069650
0.051704
0.053889
0.076967
0.051098
0.011392
0.054964
0.028584
0.068859
0.073402
0.088054
0.014798
0.055569
0.026535
0.103378
0.018996
0.080009
0.042791
0.034460
0.026141
0.048719
0.042288
0.045147
0.022679
0.015865
0.117787
0.082387
0.071828
0.067849
0.013386
0.067145
0.065378
0.018470
0.042120
0.050476
0.039610
0.083689
0.041761
0.069349
0.011219
0.030798
0.199047
0.036525
0.123683
0.184764
0.077189
0.100690
0.037858
0.035174
0.047017
0.030613
0.048274
0.141600
0.064875
0.073482
0.017258
0.006830
0.038522
0.030394
0.178544
0.041111
0.087016
0.128754
0.019342
0.057923
0.037060
0.057159
0.090688
0.029337
0.079213
0.059517
0.112146
0.028802
0.041102
0.102759
0.012519
0.078875
0.070949
0.065518
0.039026
0.029705
0.248530
0.060247
0.024802
0.103029
0.038434
0.031064
0.033088
0.111818
0.039244
0.017427
0.116310
0.048805
0.116125
0.026668
0.066654
0.026942
0.091058
0.121355
0.053465
0.034732
0.018574
0.036633
0.080192
0.036447
0.040573
0.020566
0.114059
0.037583
0.093763
0.044885
0.043600
0.025896
0.043800
0.050751
0.094849
0.069259
0.023043
0.052401
0.044541
0.084384
0.178918
0.016842
0.107762
0.039449
0.043473
0.040444
0.017340
0.068619
0.043712
0.010380
0.104719
0.016106
0.039113
0.014155
0.079736
0.019708
0.061624
0.070523
0.010254
0.054058
0.112266
0.073685
0.008854
0.024691
0.029283
0.047988
0.143124
0.028242
0.047161
0.008403
0.182265
0.076684
0.044112
0.072462
0.076530
0.048629
0.090691
0.110081
0.089448
0.031833
0.046718
0.051267
0.055773
0.288852
0.019782
0.066013
0.031949
0.034371
0.066658
0.083332
0.057208
0.129000
0.044165
0.121725
0.152480
0.039010
0.060950
0.043734
0.044960
0.048310
0.016782
0.061498
0.094111
0.003682
0.043015
0.087790
0.112733
0.019488
0.041391
0.017230
0.030350
0.102531
0.080442
0.108089
0.117019
0.015297
0.143273
0.166952
0.037934
0.125537
0.034044
0.053987
0.060311
0.124791
0.036230
0.079247
0.051753
0.046985
0.018148
0.232815
0.034507
0.041399
0.128172
0.014892
0.072360
0.048839
0.053171
0.059101
0.049827
0.063250
0.063451
0.035106
0.029088
0.088008
0.087419
0.076817
0.042447
0.030127
0.046380
0.047255
0.109033
0.025941
0.021961
0.144657
0.046693
0.027263
0.039836
0.111475
0.127556
0.052446
0.043135
0.033320
0.038059
0.044115
0.033211
0.132564
0.012182
0.035435
0.019976
0.022394
0.030366
0.008088
0.044444
0.067808
0.042770
0.038323
0.046465
0.077066
0.069853
0.045424
0.039310
0.024475
0.007254
0.087289
0.151867
0.053442
0.149715
0.023422
0.106190
0.023593
0.072211
0.101449
0.046726
0.054063
0.022574
0.044521
0.060039
0.054263
0.027859
0.057887
0.010215
0.021879
0.010062
0.025089
0.022785
0.058965
0.025350
0.051942
0.054104
0.015207
0.020346
0.020233
0.027564
0.068574
0.051613
0.076947
0.093465
0.004436
0.008457
0.029536
0.088592
0.019570
0.086135
0.016738
0.111350
0.074684
0.043327
0.012757
0.032815
0.049842
0.083941
0.043319
0.051650
0.028233
0.016094
0.127058
0.087230
0.040779
0.033289
0.042927
0.017301
0.286691
0.029596
0.096044
0.040513
0.042675
0.089537
0.064966
0.030152
0.054839
0.034931
0.032791
0.105576
0.021552
0.093240
0.134464
0.069156
0.054419
0.035504
0.031099
0.087473
0.077914
0.025406
0.066721
0.017128
0.098176
0.022404
0.092777
0.072760
0.038079
0.278340
0.026931
0.072948
0.022327
0.135413
0.039159
0.094559
0.088220
0.107907
0.037283
0.055653
0.016668
0.148374
0.019256
0.032189
0.053970
0.065342
0.030600
0.049842
0.148310
0.033474
0.055644
0.065469
0.031881
0.019213
0.049630
0.033960
0.133907
0.052312
0.052207
0.028520
0.108026
0.170538
0.036567
0.042065
0.054171
0.106750
0.087581
0.017476
0.031720
0.077715
0.026458
0.084207
0.045316
0.065401
0.054578
0.057929
0.036056
0.074939
0.032396
0.051160
0.026049
0.131521
0.058765
0.052608
0.059046
0.024159
0.042253
0.036217
0.303181
0.068368
0.015541
0.097679
0.050828
0.026988
0.063104
0.087215
0.054510
0.095474
0.035007
0.033684
0.017350
0.036265
0.043808
0.029778
0.039068
0.008853
0.099867
0.148804
0.048515
0.064410
0.025297
0.048320
0.214260
0.037583
0.046472
0.058447
0.057133
0.329271
0.033817
0.059428
0.025750
0.104539
0.030965
0.058799
0.030441
0.093991
0.034416
0.102160
0.060718
0.031873
0.125274
0.081172
0.021124
0.019266
0.014013
0.024881
0.027534
0.064410
0.089667
0.030556
0.073424
0.056180
0.022295
0.015177
0.158447
0.021322
0.089098
0.179348
0.030922
0.060017
0.017434
0.059374
0.087139
0.051622
0.025787
0.051416
0.161754
0.041933
0.111699
0.036248
0.012227
0.012163
0.061099
0.109637
0.061375
0.037276
0.034034
0.185345
0.079186
0.027775
0.013196
0.038052
0.093122
0.016772
0.068955
0.096547
0.042688
0.075950
0.024962
0.092732
0.039277
0.048820
0.024474
0.033965
0.079231
0.115371
0.011085
0.067367
0.025243
0.024439
0.137617
0.086831
0.066576
0.058636
0.028910
0.059781
0.065475
0.058646
0.116698
0.083282
0.145735
0.035965
0.036843
0.036056
0.044749
0.020840
0.011086
0.073688
0.083423
0.049447
0.052198
0.022089
0.037920
0.051040
0.061574
0.023521
0.056549
0.069326
0.047726
0.132514
0.032232
0.037524
0.018971
0.130029
0.052747
0.017157
0.026925
0.080785
0.027422
0.063624
0.021206
0.107104
0.026078
0.033001
0.073557
0.083604
0.051653
0.032682
0.102149
0.094983
0.137072
0.040955
0.065963
0.113275
0.130715
0.043555
0.059190
0.054814
0.047736
0.080566
0.011536
0.078519
0.053508
0.127845
0.018726
0.077239
0.025498
0.051380
0.060059
0.035322
0.012512
0.113425
0.019761
0.005778
0.182271
0.059912
0.051054
0.024668
0.023819
0.029343
0.056931
0.067588
0.015657
0.124573
0.012574
0.179316
0.040731
0.133240
0.035336
0.169873
0.025394
0.037097
0.206835
0.038744
0.159927
0.204578
0.011189
0.078239
0.100714
0.052815
0.128932
0.066268
0.128925
0.015694
0.017266
0.041278
0.062652
0.045621
0.018515
0.088735
0.206553
0.016373
0.081138
0.010377
0.043706
0.055290
0.361578
0.135326
0.148574
0.017580
0.039357
0.177724
0.033214
0.044283
0.094237
0.022412
0.030739
0.022237
0.067165
0.078000
0.065600
0.191916
0.031117
0.045933
0.033559
0.067699
0.068775
0.085688
0.056080
0.035004
0.069103
0.036346
0.058044
0.262093
0.067330
0.059002
0.125179
0.053601
0.101231
0.087998
0.071817
0.144121
0.175440
0.062485
0.050964
0.025866
0.036885
0.045436
0.068206
0.036118
0.077161
0.068291
0.141563
0.019135
0.066666
0.091634
0.061237
0.030848
0.100178
0.055000
0.058778
0.028379
0.056887
0.065085
0.085463
0.113282
0.130532
0.088767
0.042920
0.176615
0.130881
0.008656
0.039725
0.019762
0.036271
0.139525
0.024936
0.063555
0.102667
0.056203
0.026691
0.028873
0.080444
0.073216
0.044435
0.056356
0.142157
0.022340
0.088563
0.038848
0.060224
0.036001
0.034434
0.064683
0.031747
0.028614
0.053655
0.061917
0.037952
0.074240
0.023119
0.085599
0.076786
0.027801
0.040876
0.152093
0.172909
0.009237
0.033591
0.145734
0.037529
0.049977
0.114898
0.008175
0.034157
0.029679
0.085190
0.064945
0.047658
0.033440
0.201629
0.031082
0.030443
0.111747
0.069372
0.069736
0.107400
0.065833
0.039258
0.116856
0.066555
0.021084
0.034294
0.080705
0.025653
0.014265
0.149093
0.023161
0.073560
0.078543
0.057479
0.046516
0.071115
0.061165
0.072474
0.081905
0.090725
0.057982
0.166487
0.048051
0.027820
0.138338
0.022697
0.058216
0.045213
0.115385
0.015281
0.030174
0.053245
0.078228
0.020700
0.029080
0.067888
0.090194
0.094157
0.092001
0.027376
0.041637
0.053008
0.098823
0.030722
0.287260
0.070123
0.122855
0.024664
0.032615
0.021710
0.047970
0.024684
0.115177
0.053478
0.089373
0.133605
0.019573
0.021624
0.045364
0.061246
0.040203
0.068368
0.064339
0.053495
0.058388
0.073343
0.047085
0.138616
0.032473
0.038797
0.095651
0.140279
0.023414
0.069156
0.070090
0.082332
0.060377
0.113815
0.052080
0.053176
0.052852
0.093915
0.021183
0.066183
0.037920
0.163585
0.020196
0.080133
0.120007
0.048806
0.064577
0.032286
0.032156
0.031102
0.015579
0.040867
0.030229
0.063045
0.037298
0.027555
0.063379
0.077660
0.054783
0.055773
0.029433
0.068778
0.039445
0.241943
0.034861
0.073927
0.040457
0.015159
0.061293
0.079109
0.032836
0.086419
0.025245
0.093578
0.038616
0.041522
0.052635
0.071664
0.064705
0.068043
0.096532
0.041539
0.050717
0.209082
0.027659
0.142543
0.121390
0.021289
0.092347
0.070673
0.052938
0.039487
0.098351
0.019634
0.049268
0.058223
0.047089
0.028011
0.074897
0.025648
0.029443
0.026514
0.026890
0.029317
0.060475
0.010029
0.096780
0.070787
0.037913
0.050488
0.033593
0.219091
0.134661
0.098870
0.016406
0.026428
0.054087
0.045233
0.094997
0.127014
0.076988
0.029575
0.095823
0.069678
0.014718
0.032865
0.176316
0.062850
0.033394
0.078522
0.102249
0.210155
0.061532
0.029178
0.052588
0.017535
0.047422
0.017764
0.153533
0.063060
0.127098
0.069845
0.340733
0.063410
0.064518
0.055857
0.030171
0.107285
0.028472
0.017572
0.120080
0.039798
0.166496
0.075708
0.034422
0.019968
0.141544
0.071017
0.049451
0.030470
0.044196
0.171513
0.102742
0.119432
0.051000
0.020220
0.026240
0.117767
0.016764
0.034286
0.059969
0.061314
0.033879
0.017637
0.133561
0.022972
0.054452
0.117412
0.063922
0.073584
0.026967
0.103092
0.038188
0.181286
0.041723
0.021331
0.019307
0.036924
0.035523
0.071481
0.113972
0.050943
0.057742
0.022392
0.062446
0.124709
0.102692
0.033606
0.037256
0.074558
0.032897
0.027447
0.092740
0.043806
0.050960
0.063509
0.019560
0.030185
0.038225
0.050845
0.055583
0.028044
0.196923
0.036790
0.131628
0.233602
0.031626
0.043724
0.190256
0.031525
0.067388
0.147262
0.052032
0.032999
0.038998
0.096922
0.050772
0.056771
0.050184
0.022123
0.020272
0.059028
0.234231
0.032040
0.084552
0.035993
0.055420
0.093135
0.032773
0.035966
0.074919
0.046256
0.140699
0.019854
0.174035
0.111745
0.128907
0.262292
0.050969
0.115439
0.038837
0.065015
0.120468
0.037839
0.116893
0.057191
0.086267
0.112114
0.029364
0.046240
0.016865
0.096742
0.049350
0.046005
0.074131
0.023788
0.069720
0.318715
0.034962
0.049777
0.085734
0.116986
0.028874
0.058330
0.045541
0.037647
0.056607
0.144694
0.110956
0.053429
0.061861
0.021346
0.054580
0.022813
0.071662
0.035970
0.032259
0.166522
0.064160
0.094908
0.042053
0.047768
0.062490
0.038187
0.014909
0.057030
0.018597
0.086367
0.031284
0.084618
0.009954
0.128206
0.039821
0.101145
0.078327
0.019336
0.016058
0.019342
0.055170
0.015816
0.134808
0.035658
0.146512
0.043225
0.062007
0.027538
0.022822
0.067009
0.057078
0.092786
0.070823
0.046593
0.281869
0.054669
0.015584
0.024651
0.034764
0.069312
0.086283
0.032312
0.018479
0.048238
0.082419
0.074441
0.069194
0.047605
0.032675
0.142336
0.045487
0.011343
0.094527
0.032384
0.168870
0.051926
0.127857
0.023772
0.029862
0.077907
0.027250
0.036335
0.042556
0.062124
0.044418
0.038300
0.099679
0.018088
0.010965
0.023362
0.034731
0.059156
0.028016
0.045221
0.071437
0.028534
0.043610
0.028976
0.021148
0.049516
0.021645
0.019136
0.096801
0.150307
0.019549
0.076645
0.044494
0.040132
0.036997
0.101637
0.054020
0.044360
0.042156
0.102077
0.098674
0.280433
0.068105
0.029238
0.061853
0.112053
0.039955
0.098390
0.047637
0.011933
0.054060
0.013005
0.036760
0.138106
0.031613
0.016718
0.024193
0.077708
0.010072
0.026740
0.047680
0.064583
0.050164
0.042783
0.025869
0.049588
0.112927
0.064805
0.029679
0.008336
0.051730
0.043501
0.030430
0.183865
0.082259
0.058764
0.021441
0.031626
0.131345
0.043935
0.028454
0.313317
0.060152
0.112042
0.046598
0.110466
0.117438
0.021723
0.029826
0.088887
0.064264
0.020988
0.117665
0.069924
0.061208
0.051517
0.038268
0.059951
0.035530
0.068079
0.032323
0.086896
0.055046
0.042023
0.042820
0.037365
0.127718
0.069206
0.049839
0.110568
0.030866
0.015061
0.041708
0.081063
0.027859
0.064688
0.051034
0.066304
0.093510
0.034834
0.012177
0.039026
0.095174
0.036909
0.030919
0.032551
0.024396
0.052752
0.033761
0.034356
0.143484
0.102662
0.018823
0.028493
0.052748
0.009596
0.028689
0.017574
0.040818
0.025389
0.063813
0.035699
0.113875
0.060563
0.035945
0.044942
0.022590
0.050058
0.049479
0.038295
0.032647
0.026022
0.040977
0.076082
0.060767
0.027592
0.081347
0.039547
0.050519
0.125322
0.016543
0.040426
0.027324
0.155113
0.012715
0.022494
0.068094
0.031879
0.088166
0.126410
0.033164
0.012666
0.039189
0.066915
0.107068
0.038235
0.043193
0.048545
0.063466
0.032681
0.062521
0.045210
0.060137
0.018913
0.046921
0.040863
0.080655
0.043129
0.076106
0.061680
0.064209
0.022579
0.025055
0.013020
0.090011
0.053877
0.055634
0.024607
0.045673
0.018500
0.042040
0.027523
0.072523
0.008839
0.039324
0.035968
0.060416
0.083735
0.029769
0.123727
0.048584
0.063450
0.107721
0.018648
0.068902
0.157093
0.156856
0.047330
0.030318
0.013431
0.085619
0.063075
0.043771
0.118552
0.025155
0.048046
0.036001
0.020534
0.031212
0.059135
0.159116
0.123415
0.074870
0.040553
0.030382
0.021964
0.076680
0.055331
0.053005
0.030524
0.068155
0.021095
0.024440
0.116718
0.030773
0.033557
0.087781
0.075910
0.119101
0.088256
0.088621
0.026040
0.093160
0.125894
0.104423
0.079100
0.062148
0.093911
0.062774
0.038761
0.042868
0.078936
0.014769
0.019543
0.066918
0.068242
0.062433
0.024412
0.028618
0.037204
0.043878
0.060601
0.071943
0.044117
0.031305
0.113177
0.084107
0.020202
0.023086
0.064874
0.075898
0.026205
0.066522
0.200037
0.052832
0.023406
0.082694
0.057128
0.061122
0.036626
0.027321
0.020303
0.098829
0.063521
0.242507
0.070958
0.014929
0.014292
0.050913
0.047671
0.023913
0.192190
0.230869
0.038464
0.050359
0.040042
0.017093
0.046982
0.072713
0.023805
0.015962
0.075052
0.041915
0.030022
0.133036
0.027217
0.091473
0.029488
0.241382
0.045160
0.022565
0.025104
0.202809
0.018180
0.039180
0.046729
0.020055
0.061525
0.219279
0.123474
0.048144
0.034394
0.034744
0.102110
0.050212
0.037324
0.024650
0.060833
0.067642
0.077933
0.025509
0.128958
0.136228
0.084788
0.119941
0.066373
0.023248
0.164059
0.054010
0.022774
0.045149
0.116474
0.075575
0.020152
0.022460
0.013451
0.054698
0.020790
0.039601
0.069029
0.017452
0.059388
0.070601
0.050909
0.032608
0.072301
0.021063
0.276996
0.083388
0.012748
0.044908
0.065960
0.049286
0.184911
0.034187
0.059178
0.135542
0.074116
0.123563
0.024828
0.080050
0.055472
0.079254
0.037832
0.042243
0.043804
0.017626
0.040258
0.017917
0.026110
0.026928
0.034931
0.041794
0.066438
0.032299
0.011959
0.027537
0.051327
0.067447
0.058332
0.061095
0.089382
0.078849
0.066038
0.059393
0.034147
0.139307
0.270560
0.029659
0.042481
0.064021
0.028252
0.036164
0.173581
0.047018
0.040966
0.081182
0.044293
0.106741
0.061192
0.025505
0.035949
0.091978
0.037015
0.081680
0.026022
0.048602
0.044284
0.092908
0.069888
0.025873
0.046194
0.050458
0.049382
0.065162
0.033396
0.094071
0.159381
0.025346
0.031290
0.073046
0.037111
0.058336
0.029692
0.052808
0.016282
0.109817
0.032205
0.013654
0.111858
0.051447
0.025576
0.035442
0.083576
0.023327
0.037890
0.035409
0.149081
0.270800
0.148745
0.020195
0.049514
0.050283
0.083158
0.062061
0.059204
0.038894
0.057428
0.022592
0.188195
0.217648
0.186712
0.030105
0.030802
0.054507
0.069486
0.065506
0.064522
0.048110
0.036829
0.017954
0.073952
0.275877
0.159832
0.273160
0.038671
0.087269
0.044236
0.021553
0.088173
0.051295
0.042322
0.062854
0.078467
0.052253
0.030080
0.016469
0.056847
0.033427
0.066234
0.021098
0.023025
0.075223
0.027221
0.070739
0.059726
0.080245
0.110494
0.023319
0.083176
0.025694
0.027893
0.071462
0.127571
0.070416
0.058514
0.041926
0.057947
0.030183
0.031193
0.028044
0.014471
0.042325
0.064281
0.034977
0.012795
0.095392
0.049406
0.017249
0.017924
0.083584
0.044249
0.125395
0.072732
0.022210
0.090076
0.062041
0.106313
0.035758
0.107335
0.161995
0.065534
0.034147
0.050127
0.036520
0.023490
0.077616
0.087796
0.091371
0.035075
0.072870
0.024446
0.010267
0.068680
0.071239
0.068865
0.056824
0.082386
0.023044
0.011637
0.056186
0.101012
0.020513
0.056895
0.030172
0.016092
0.027087
0.045461
0.143351
0.047443
0.025922
0.022213
0.070337
0.028105
0.019305
0.035191
0.034606
0.050395
0.035484
0.083738
0.072633
0.072722
0.027806
0.068300
0.068031
0.016246
0.044714
0.053090
0.063346
0.103308
0.149365
0.051885
0.067424
0.156446
0.025819
0.064935
0.110156
0.050500
0.030579
0.054360
0.027447
0.045067
0.029187
0.084535
0.054158
0.082643
0.027034
0.031127
0.044084
0.032200
0.061784
0.018614
0.012205
0.051361
0.177867
0.073768
0.066922
0.025938
0.040545
0.070061
0.068827
0.028992
0.038865
0.071049
0.062580
0.038740
0.057087
0.145501
0.046265
0.051294
0.032052
0.033228
0.037342
0.066275
0.037540
0.045097
0.047150
0.103747
0.048741
0.040719
0.036670
0.045289
0.093380
0.057444
0.025939
0.082490
0.162556
0.062407
0.053655
0.045830
0.040732
0.117106
0.015660
0.044965
0.080092
0.011031
0.053522
0.041790
0.051528
0.025019
0.030944
0.069125
0.030505
0.017630
0.028143
0.118031
0.061862
0.147752
0.060797
0.048371
0.032835
0.066559
0.035584
0.025774
0.043344
0.063972
0.058763
0.080172
0.034332
0.064411
0.049650
0.022295
0.035714
0.057997
0.038786
0.060730
0.053461
0.059796
0.038396
0.029115
0.223583
0.066324
0.101415
0.019343
0.107708
0.089190
0.047331
0.071742
0.071235
0.030209
0.024517
0.045713
0.082179
0.051068
0.038543
0.110172
0.059161
0.088915
0.064547
0.103830
0.041018
0.130327
0.016765
0.171768
0.020921
0.051516
0.164103
0.040144
0.087886
0.029684
0.036319
0.208871
0.062980
0.053673
0.036789
0.037509
0.043532
0.106274
0.053266
0.097409
0.021638
0.035903
0.030250
0.048070
0.049861
0.028668
0.031577
0.031086
0.017535
0.063256
0.060064
0.029547
0.123202
0.076549
0.078318
0.167325
0.022630
0.023998
0.021046
0.031517
0.036495
0.073527
0.138894
0.072797
0.059245
0.043682
0.025207
0.033920
0.046620
0.009306
0.022680
0.048156
0.030937
0.045622
0.031231
0.030464
0.047406
0.037844
0.213839
0.065111
0.017328
0.046401
0.029952
0.066981
0.042309
0.621725
0.021808
0.096343
0.050948
0.101378
0.036192
0.053674
0.029687
0.037872
0.072484
0.118485
0.050076
0.061246
0.026701
0.018842
0.061718
0.035116
0.086302
0.044065
0.060580
0.013957
0.062094
0.053881
0.050630
0.054231
0.052985
0.101370
0.036126
0.038944
0.052896
0.063917
0.097983
0.057015
0.163459
0.111404
0.059498
0.052934
0.063228
0.066168
0.100881
0.027348
0.119142
0.154265
0.045832
0.068218
0.061958
0.062102
0.044815
0.091326
0.007535
0.028180
0.034693
0.067556
0.062096
0.043724
0.011820
0.093215
0.032974
0.036403
0.102488
0.030186
0.192415
0.027165
0.146615
0.074688
0.014814
0.042602
0.034432
0.046466
0.048857
0.044007
0.048648
0.043007
0.062908
0.028556
0.056265
0.026379
0.058653
0.032696
0.103677
0.033865
0.028646
0.119566
0.084886
0.177492
0.015901
0.184906
0.059527
0.012314
0.038873
0.038117
0.166003
0.251455
0.095029
0.124521
0.128773
0.084574
0.026351
0.124832
0.020414
0.057995
0.055792
0.053087
0.013082
0.031304
0.136610
0.095608
0.087743
0.061510
0.026804
0.034571
0.069273
0.101853
0.039247
0.099712
0.385277
0.079926
0.018591
0.049455
0.045146
0.197486
0.054741
0.029389
0.131740
0.019441
0.051198
0.056903
0.219559
0.016872
0.120363
0.053999
0.045221
0.026031
0.052767
0.039806
0.088143
0.047590
0.026044
0.120112
0.046473
0.103557
0.072992
0.040238
0.058178
0.180426
0.046480
0.094482
0.110804
0.031590
0.069007
0.036730
0.038868
0.025693
0.041615
0.043457
0.060731
0.053309
0.114725
0.022172
0.112981
0.065204
0.069087
0.036171
0.031086
0.054431
0.087086
0.097805
0.117582
0.093221
0.025850
0.097450
0.036533
0.056760
0.075681
0.076867
0.035039
0.121557
0.036076
0.042589
0.103661
0.044131
0.126562
0.024266
0.052220
0.025372
0.195894
0.045392
0.095196
0.045428
0.029638
0.027841
0.161967
0.012099
0.095165
0.250998
0.095688
0.050967
0.061220
0.045108
0.042318
0.045465
0.074028
0.083044
0.056745
0.025095
0.014448
0.088433
0.011071
0.006587
0.054749
0.029401
0.060555
0.058738
0.047576
0.104540
0.037801
0.128043
0.046688
0.129697
0.055554
0.061360
0.102294
0.023100
0.086343
0.025901
0.014574
0.034682
0.011874
0.080777
0.033966
0.027685
0.089623
0.032325
0.085421
0.040768
0.185379
0.036741
0.054547
0.098923
0.085769
0.032452
0.034094
0.079083
0.097310
0.020088
0.067542
0.033789
0.077766
0.086818
0.154388
0.035810
0.024639
0.145954
0.031444
0.034995
0.036287
0.048162
0.033162
0.071140
0.046461
0.085908
0.035001
0.091602
0.073877
0.081293
0.108925
0.047879
0.009702
0.016791
0.062803
0.046522
0.117668
0.041941
0.031944
0.216031
0.066126
0.044246
0.049047
0.040458
0.032234
0.054706
0.231846
0.010749
0.039162
0.156859
0.013303
0.038254
0.099591
0.056969
0.056884
0.077603
0.066175
0.064203
0.181605
0.030161
0.065870
0.039640
0.033205
0.046994
0.045053
0.092369
0.027391
0.026837
0.083146
0.024484
0.047867
0.023271
0.023797
0.034949
0.020854
0.127009
0.071458
0.090202
0.058830
0.220583
0.056613
0.061412
0.122622
0.062881
0.050754
0.034074
0.079635
0.162508
0.039611
0.006070
0.011123
0.119965
0.114860
0.086045
0.035332
0.290208
0.031657
0.036369
0.052270
0.094264
0.071792
0.030426
0.045442
0.091388
0.046006
0.020487
0.153268
0.046437
0.030668
0.022547
0.110665
0.019377
0.025579
0.056022
0.124779
0.086433
0.075617
0.077676
0.019523
0.032029
0.029653
0.154867
0.086279
0.039873
0.070812
0.021464
0.039737
0.062624
0.030439
0.060265
0.062904
0.047886
0.029568
0.108361
0.065881
0.058904
0.037585
0.038182
0.047826
0.059612
0.295611
0.100597
0.019241
0.107899
0.036141
0.075353
0.035028
0.014050
0.109882
0.034007
0.031312
0.039839
0.053288
0.285955
0.089206
0.039312
0.018422
0.008856
0.037012
0.094788
0.058103
0.178304
0.100542
0.113864
0.015503
0.065073
0.052598
0.019169
0.024549
0.048609
0.207248
0.025067
0.020662
0.019327
0.046785
0.050143
0.039202
0.012305
0.012932
0.101034
0.119824
0.159942
0.024936
0.034450
0.161390
0.041801
0.078414
0.055301
0.054447
0.070519
0.125034
0.032924
0.058101
0.111787
0.063678
0.025531
0.228803
0.073471
0.072772
0.023421
0.222222
0.038280
0.041044
0.021725
0.175413
0.071585
0.029833
0.157555
0.067723
0.100467
0.014304
0.078774
0.059631
0.092133
0.071929
0.043013
0.066588
0.048260
0.015910
0.081685
0.022605
0.020692
0.008689
0.081404
0.030049
0.049862
0.064059
0.031248
0.042050
0.028896
0.088824
0.041888
0.090825
0.022154
0.083877
0.039722
0.021099
0.049516
0.032654
0.051568
0.036519
0.051278
0.050019
0.057649
0.050230
0.046160
0.084618
0.020643
0.099502
0.060346
0.036602
0.050384
0.051865
0.084510
0.034327
0.139479
0.041477
0.033812
0.025253
0.029315
0.020859
0.011054
0.077935
0.179946
0.135223
0.052563
0.109432
0.084152
0.056816
0.055160
0.083352
0.080026
0.117048
0.038427
0.039873
0.094423
0.105815
0.035388
0.022144
0.219579
0.029041
0.084835
0.061546
0.021392
0.044304
0.044686
0.037381
0.045891
0.035707
0.074943
0.056812
0.066669
0.018836
0.089061
0.113075
0.183788
0.022849
0.021533
0.025583
0.047217
0.089083
0.022261
0.044315
0.073828
0.089374
0.081709
0.008721
0.026982
0.028410
0.075093
0.064399
0.067036
0.016776
0.053660
0.028706
0.045326
0.034316
0.100594
0.551536
0.074012
0.179737
0.019309
0.072989
0.025863
0.038404
0.054565
0.073493
0.072960
0.220276
0.035067
0.041964
0.029818
0.052414
0.102197
0.052034
0.030576
0.007079
0.047740
0.095133
0.046827
0.050132
0.047406
0.022900
0.032366
0.081350
0.025160
0.176820
0.017821
0.113905
0.083603
0.135788
0.032448
0.019733
0.050513
0.046352
0.141775
0.070999
0.169752
0.019964
0.040793
0.117862
0.039914
0.042950
0.162509
0.029905
0.069468
0.034562
0.031402
0.075807
0.052104
0.053602
0.177792
0.041477
0.037102
0.147327
0.039240
0.200368
0.017109
0.028334
0.044152
0.016586
0.156992
0.037619
0.038171
0.032872
0.028710
0.232320
0.089405
0.025991
0.062600
0.241961
0.087995
0.035388
0.025112
0.155284
0.175346
0.067708
0.050079
0.060040
0.037591
0.057516
0.037774
0.024780
0.072353
0.099909
0.015584
0.072827
0.046149
0.014571
0.101874
0.046425
0.034130
0.029197
0.021446
0.059515
0.070984
0.052213
0.050451
0.020183
0.049333
0.062950
0.080746
0.064302
0.012058
0.044616
0.061286
0.067216
0.120486
0.021759
0.103137
0.046426
0.064851
0.022700
0.038129
0.038694
0.055504
0.182772
0.046136
0.093280
0.063640
0.070055
0.023667
0.030035
0.081729
0.230503
0.072441
0.034175
0.066120
0.028071
0.021826
0.062936
0.149529
0.057709
0.020498
0.060953
0.067703
0.088056
0.039063
0.083647
0.083200
0.132799
0.078521
0.061585
0.064805
0.054927
0.020922
0.059810
0.137541
0.027386
0.016202
0.055546
0.055604
0.020161
0.095890
0.035462
0.018704
0.037966
0.119982
0.068575
0.016018
0.252560
0.116409
0.038334
0.043293
0.038560
0.066880
0.085001
0.080736
0.043515
0.027260
0.025572
0.030965
0.088627
0.136773
0.055064
0.100408
0.023442
0.020872
0.121953
0.074518
0.028528
0.040010
0.023164
0.078903
0.085679
0.037092
0.027826
0.127534
0.026252
0.181298
0.191620
0.088036
0.124564
0.033739
0.053442
0.046766
0.059596
0.073464
0.042057
0.037886
0.073781
0.091700
0.166862
0.030360
0.068301
0.049625
0.044949
0.011126
0.066400
0.049400
0.062388
0.082314
0.024021
0.114522
0.028280
0.055562
0.054506
0.032645
0.029236
0.031174
0.070704
0.044455
0.029211
0.044387
0.028345
0.028497
0.033419
0.062471
0.056441
0.097115
0.111512
0.058135
0.044570
0.032859
0.046381
0.061560
0.163514
0.060886
0.170012
0.016960
0.044809
0.041161
0.088429
0.066596
0.012991
0.088263
0.084892
0.068307
0.032752
0.078173
0.027001
0.016179
0.016455
0.021283
0.033369
0.032262
0.026888
0.034619
0.046997
0.034164
0.038873
0.066227
0.042408
0.104064
0.050928
0.033070
0.045207
0.062618
0.047834
0.089395
0.075478
0.028940
0.037155
0.098397
0.042620
0.419921
0.053746
0.042316
0.012467
0.049520
0.037843
0.010749
0.007321
0.066455
0.017609
0.045066
0.072489
0.113971
0.031121
0.205661
0.029467
0.026291
0.031357
0.037615
0.048924
0.045608
0.071223
0.032025
0.056442
0.034816
0.034456
0.014703
0.278699
0.049996
0.062799
0.058359
0.017744
0.113059
0.038343
0.047881
0.025229
0.084241
0.091254
0.039615
0.020903
0.027439
0.097816
0.058673
0.023031
0.076234
0.049276
0.029173
0.057233
0.089165
0.016509
0.042889
0.102244
0.023429
0.027494
0.034723
0.066871
0.040039
0.031486
0.072525
0.043221
0.032661
0.055897
0.091090
0.052760
0.085800
0.022640
0.023915
0.086149
0.062016
0.025069
0.040507
0.079074
0.070340
0.023566
0.017082
0.016730
0.059281
0.109270
0.028197
0.034684
0.069235
0.037516
0.017420
0.184282
0.043055
0.034586
0.062741
0.054752
0.045100
0.036377
0.052119
0.051907
0.068747
0.137421
0.041272
0.040744
0.063142
0.111174
0.056394
0.019451
0.278163
0.110770
0.151448
0.079162
0.043139
0.042665
0.038768
0.029862
0.032772
0.034411
0.180275
0.062895
0.043554
0.051740
0.046211
0.106520
0.036260
0.150298
0.080626
0.030360
0.053006
0.060401
0.020936
0.065168
0.108661
0.032354
0.036311
0.018450
0.012456
0.176588
0.046541
0.029765
0.015990
0.054481
0.109324
0.021332
0.049359
0.060965
0.111640
0.093063
0.041739
0.042042
0.034670
0.038672
0.018202
0.170206
0.032702
0.019352
0.028551
0.031945
0.013620
0.062479
0.051534
0.037373
0.080444
0.053093
0.032664
0.056068
0.096807
0.044127
0.091883
0.047981
0.060853
0.068931
0.177756
0.053442
0.037164
0.031296
0.039571
0.062457
0.074602
0.077121
0.051728
0.058637
0.011215
0.043968
0.055801
0.025753
0.070712
0.037597
0.027629
0.035319
0.024702
0.036882
0.148502
0.040881
0.090518
0.137285
0.050017
0.084456
0.045526
0.038427
0.047029
0.115454
0.151368
0.021394
0.037376
0.083884
0.051005
0.025420
0.078508
0.035253
0.120135
0.086107
0.065147
0.024207
0.022095
0.015412
0.062714
0.070242
0.067231
0.027002
0.083248
0.033570
0.035686
0.055481
0.016958
0.024404
0.037632
0.109160
0.087017
0.062346
0.011725
0.059070
0.022229
0.064030
0.052551
0.048459
0.045668
0.046032
0.075122
0.041051
0.076723
0.022831
0.108372
0.050132
0.437730
0.022791
0.047474
0.054946
0.036786
0.065667
0.021949
0.178713
0.052429
0.026390
0.065854
0.052054
0.080634
0.070362
0.129738
0.095949
0.032468
0.037842
0.252964
0.010189
0.064105
0.039622
0.005108
0.016970
0.145991
0.142890
0.078025
0.046198
0.030610
0.027621
0.023615
0.048283
0.010843
0.050599
0.073707
0.089465
0.027136
0.047244
0.034349
0.041317
0.044006
0.064615
0.023653
0.043019
0.041309
0.155231
0.214703
0.059168
0.033033
0.058291
0.169266
0.055473
0.121680
0.054774
0.029995
0.035588
0.048105
0.168600
0.032842
0.038201
0.042680
0.046875
0.065326
0.021630
0.067796
0.038620
0.056620
0.041378
0.063965
0.076029
0.099905
0.108429
0.010634
0.027975
0.075005
0.043916
0.062726
0.018296
0.056731
0.061595
0.031164
0.056722
0.083887
0.043038
0.021098
0.071234
0.038337
0.114168
0.027008
0.049522
0.042924
0.054558
0.092275
0.058383
0.037090
0.075536
0.038525
0.026031
0.096509
0.013748
0.035747
0.053889
0.052655
0.080379
0.050209
0.118416
0.082207
0.027717
0.101079
0.007212
0.036753
0.024313
0.024171
0.042397
0.048247
0.030587
0.060555
0.286723
0.110462
0.056253
0.070540
0.075463
0.059417
0.024013
0.064242
0.208012
0.173372
0.153120
0.010855
0.022641
0.036214
0.095890
0.038440
0.024033
0.025550
0.040670
0.099499
0.056875
0.043169
0.172802
0.041968
0.029209
0.029781
0.023468
0.083532
0.022594
0.032130
0.023381
0.020350
0.068736
0.014252
0.182788
0.044599
0.035332
0.019942
0.101712
0.076342
0.060032
0.020158
0.094670
0.121444
0.051026
0.041891
0.035820
0.040407
0.077642
0.059933
0.032665
0.013044
0.047547
0.031595
0.033643
0.055376
0.037678
0.212036
0.042098
0.024957
0.026668
0.042705
0.051316
0.081780
0.071916
0.026588
0.048766
0.041484
0.077377
0.043692
0.069144
0.059472
0.029172
0.049481
0.031809
0.116005
0.046063
0.057822
0.043253
0.053413
0.019209
0.051496
0.070506
0.004600
0.153496
0.084322
0.073605
0.055367
0.094792
0.070262
0.059624
0.093234
0.152171
0.038885
0.179260
0.107612
0.048459
0.046183
0.072766
0.220987
0.036887
0.163183
0.034685
0.053815
0.042321
0.016573
0.080574
