66
1.624809
4
91
40
10
1
5047
0.873340
0.128248
-0.121111
1.000000
-0.236255
-0.558279
-0.551042
0.048878
0.380318
0.395802
-0.211865
-0.077714
-0.081551
0.155043
0.103790
0.453186
0.127901
-0.832905
-0.518542
-0.585912
0.878147
-0.211727
0.700924
0.179201
0.392956
0.466303
-0.143583
0.465151
-1.000000
-0.070363
-0.382335
0.144179
0.481170
0.498181
-0.051013
0.202622
-0.330470
0.327090
0.611778
0.023438
-0.064613
0.729917
0.004180
0.465430
-0.035036
-0.337655
-0.486616
-0.763513
0.110551
-0.421542
-0.164876
-0.032814
-0.258250
-0.309169
-0.568737
0.198155
0.027500
0.203915
0.281545
0.038537
0.434482
-0.227060
-0.658296
0.077047
0.624120
-0.179844
-0.237221
-0.764200
0.139126
-0.261918
-0.283167
-0.083054
0.202555
-0.134195
0.302774
0.102212
0.346829
-0.167611
0.472015
-0.423582
0.017649
0.583650
0.444671
0.362134
-0.011946
-0.076210
0.307649
0.558290
-0.067299
-0.374281
0.968160
-0.041606
0.159491
-0.536371
0.457717
0.041015
0.239485
0.019844
-0.001398
-0.653422
0.119753
-0.047460
-0.410714
0.311948
-0.581136
0.285118
0.237556
0.046011
-0.406197
-0.062610
-0.030623
-0.340751
-0.074924
0.103369
0.467433
0.077760
0.842915
0.116316
-0.544580
-0.323263
0.249723
-0.039905
0.642676
-0.254680
0.516445
0.285652
-0.332804
-0.825813
0.457672
-0.199555
0.420072
-0.620793
-0.187925
-0.058546
-0.064538
0.096657
0.623114
-0.344420
0.378301
0.715458
-0.490899
0.228087
-0.643118
0.080857
0.063692
0.097363
0.996998
-0.325492
-0.152542
1.000000
0.065858
-1.000000
0.234480
0.078258
-0.562637
-0.176701
-0.713868
-0.093997
0.172274
-0.230152
0.093090
-0.123731
-0.051265
-0.126391
0.458520
0.660950
-0.036693
-0.571125
-0.130417
-0.093309
-1.000000
-0.426322
-0.178907
0.443343
0.603673
0.177077
-0.279555
0.611399
0.459691
-0.593674
-0.707261
-0.364454
-0.203657
0.351336
-0.448502
-0.615996
0.476860
0.393593
-0.392553
0.069002
-0.312978
-0.251352
-0.401396
0.457153
-0.477336
0.092624
0.398844
0.016600
-0.382580
0.220637
-0.561510
-0.558220
0.027185
-0.478024
0.856683
0.595142
0.114725
-0.459038
0.097009
0.345062
0.203136
0.068961
-0.551170
0.648205
-0.621561
0.509528
0.808573
-0.053608
0.350816
0.680761
0.357988
0.081399
0.028928
0.397908
0.985593
0.814018
-0.062270
-0.004720
-0.182864
0.063645
0.990214
-0.421496
-0.323169
0.289843
0.684044
0.013287
-0.488039
0.188749
0.679377
0.036932
0.158832
0.671237
-0.247676
0.326392
-0.122979
0.641555
-0.237119
-0.255015
-0.161569
0.864526
0.163979
0.072320
0.355491
0.670792
0.085850
0.236894
-0.305089
0.262858
-0.239501
0.375880
-0.355400
-0.274295
-0.242220
0.352073
0.574598
0.026029
0.945806
-0.128273
-0.002288
0.434267
0.173459
-0.830584
0.048503
0.149725
0.656685
0.046303
0.266155
0.665986
-0.643827
-0.270627
0.043836
-0.378620
-0.553865
-0.548404
0.364156
0.034969
-0.570646
0.511327
0.094666
-0.436644
0.031526
-0.177073
-0.705955
0.368492
-0.410920
0.523907
-0.104038
-0.366171
-0.980870
0.151039
0.744180
-0.249156
-0.316553
0.448710
-0.032890
-0.146133
0.389933
-0.471873
-0.711647
0.811794
-0.094798
0.312785
0.333042
-0.360046
0.787858
-0.360492
0.808796
-0.163908
0.262904
-0.143718
-0.878579
0.006032
0.138670
0.093031
-0.057710
-0.222638
-0.485349
-0.243961
-0.690005
-0.184529
0.725159
-0.234142
0.008489
0.195360
0.196696
0.513236
0.173295
-0.569419
-0.008775
-0.046799
-0.232004
-0.129634
-0.763567
-0.300784
-0.360881
0.422476
0.030902
-0.363004
0.197250
0.066772
-0.120463
0.069532
-0.312715
0.166774
0.990114
0.380400
0.203378
-0.016750
0.081343
0.029738
0.163662
0.271034
-0.194595
-0.326249
0.573064
0.912746
-0.478394
-0.366930
0.266090
-0.559387
-0.561738
-0.133039
0.089334
-0.082917
-0.168793
0.083893
-0.233659
0.543785
-0.002659
-0.425306
0.298291
-1.000000
-0.397471
0.258552
-0.022048
0.090621
-0.438620
0.627937
-0.010426
-0.254550
-0.544824
-0.399683
0.535225
0.144623
0.083652
1.000000
-0.593470
0.512782
-0.976936
0.238828
0.154971
-0.312636
-1.000000
0.804517
-0.060974
0.045779
-0.629302
-0.157876
0.577155
-0.644050
-0.305725
-0.494796
-0.008675
0.497403
0.249883
-0.109374
0.765840
-0.869899
0.534796
0.405322
-0.334030
0.290108
-0.754377
0.347731
0.771902
-0.463970
-0.302892
-0.022546
0.026906
-0.225210
-0.455591
0.654122
0.209189
0.428671
0.778739
0.708586
0.402311
0.831525
-0.042757
0.580862
0.190223
-0.049262
0.015706
0.492150
-0.243230
0.143402
0.510025
0.379179
0.781124
0.554851
-0.701792
-0.812947
-0.334339
-0.390591
-0.451826
-0.211391
0.333938
-0.043506
-0.281006
0.138679
0.147157
0.280844
0.136446
0.482644
-0.878374
0.134197
-0.328453
-0.232562
-0.097834
-0.292763
0.895036
-0.723714
-0.159667
0.673104
0.276429
0.300978
0.083165
0.220586
-0.133670
0.582416
-0.518347
-0.261938
0.089369
0.075689
0.012522
0.347369
-0.297337
-0.005030
-0.664103
-0.328132
-0.444163
0.392223
-0.244840
0.294050
-0.043413
0.152585
0.792431
-0.137410
-0.500284
0.217244
0.182549
-1.000000
-0.101311
0.673695
0.762207
0.319094
0.485548
0.257306
-0.797461
-0.305546
0.397616
0.710379
0.406584
-0.454652
-0.050544
-0.423540
0.211723
0.007737
0.836018
-0.534807
-0.231283
0.111763
0.767798
-0.305229
-0.438712
0.201119
-0.149144
0.120647
0.632412
0.029324
0.449045
-0.027627
0.651087
0.028743
0.044664
-0.054135
-0.131600
0.531350
0.063298
0.158398
0.110744
0.807962
0.205372
0.601167
-0.120137
0.486128
-0.041051
-0.655198
0.758967
0.038946
0.642569
-0.687871
-0.807319
-0.116408
-0.264871
-0.236371
0.079869
0.342007
0.782536
0.434950
-0.275719
0.059875
-0.375150
0.394432
-0.115901
0.189522
-0.293656
0.897376
-0.153122
-0.508122
0.463213
-0.311456
0.196494
-0.209113
0.371941
-0.187572
-0.402981
-0.333159
-0.587961
0.685293
-0.079715
-0.152337
-0.160126
-0.131614
-0.090971
0.261251
0.155581
0.088480
0.170229
-0.308165
-0.182002
-0.051589
0.207445
-1.000000
0.104706
0.284721
-0.291337
-0.141731
-0.622755
-0.348607
-0.667021
-0.665256
-0.489743
0.500972
-0.068606
-0.427339
0.107128
-0.557267
0.224734
0.214331
-0.364488
0.231752
-0.458519
0.163447
-0.661238
-0.136199
-0.112945
1.000000
-0.350758
0.206373
-1.000000
1.000000
0.071400
0.503724
0.127997
-0.459136
0.903150
-0.166843
-1.000000
0.700482
-0.351397
0.184280
0.511467
-0.616475
-0.570306
0.409580
-0.173347
-0.450709
-0.042386
0.731541
0.227901
-0.236724
0.060974
0.141084
-0.477376
-0.080233
-0.042833
-0.015105
-0.269103
-0.972325
-0.339932
-0.066619
-0.756056
-0.827532
-0.672654
0.108102
0.137001
-0.252912
-0.064393
0.284535
0.338146
0.341848
-0.056765
0.244492
0.438612
0.337376
-0.328438
-0.257853
0.101965
-0.461520
0.192236
-0.131846
-0.974334
0.010555
-0.228668
0.364505
-0.272150
-0.110846
0.631559
0.145710
0.377118
-0.142779
-0.777781
-0.498012
0.389135
-0.411239
0.390593
0.380361
-0.128867
0.016575
0.240535
-0.965424
0.512738
0.791471
-0.732578
-0.181105
1.000000
-0.340364
-0.449347
0.741361
-0.535063
0.726223
-0.786225
0.128451
0.487482
-0.038945
-0.190727
-0.250239
0.056182
0.069408
0.218338
-1.000000
0.744194
-0.334401
0.217717
-0.920066
0.080580
-0.254187
-0.467779
0.039936
-0.587337
-0.184975
0.434482
0.228499
-0.316346
-0.852164
0.121353
0.222455
-0.224962
0.294807
-1.000000
-0.241178
0.243626
0.092376
0.208216
0.585836
-0.372299
0.428388
-0.287686
0.439585
-0.337428
-0.117721
-0.377211
-0.323170
-0.711497
-0.146072
0.460751
0.289651
-0.987520
-0.487744
0.150671
-0.154275
-0.169951
-0.684787
0.766182
0.027364
-0.314519
-0.194641
-0.540982
0.368370
-0.019931
0.597801
-0.288491
0.627200
0.585627
0.555161
0.149702
-0.183283
-0.039202
0.551066
-0.065408
0.342068
-0.184813
0.400759
-0.076235
0.685741
-0.237846
0.185909
-0.830640
0.101780
-0.941093
0.093192
0.828072
0.619434
0.451017
0.828917
-0.077254
0.228634
0.091867
-0.422683
-0.161230
0.256891
-0.100825
0.011922
0.127275
-0.687037
0.223158
-0.324934
-0.487125
-0.092616
0.030160
0.530567
-0.008276
-0.296625
-0.722640
0.818890
-0.827714
0.037683
0.216683
-0.217696
0.007619
0.115449
0.055954
0.185353
-0.139206
0.842795
0.110758
-0.323706
0.401337
0.219232
-0.235813
0.425140
0.771908
0.120310
0.864625
-0.337313
0.173819
-0.244790
-0.197250
0.508475
0.773969
-0.422062
-0.295704
-0.100007
0.373879
-0.158427
0.000593
-0.222683
0.310136
0.034719
-0.578585
-0.650732
0.377923
-0.274940
-0.894938
0.354259
0.238606
0.540799
-0.330729
0.107769
-0.098470
-0.003275
0.140749
-0.334261
-0.227696
-0.212296
-0.684763
0.304921
0.118617
-0.357156
0.043131
-0.341188
0.060686
-0.326061
0.740267
0.366131
0.556477
0.035310
-0.089846
0.439513
0.227369
-0.355310
0.239104
0.227548
0.716418
-0.110493
-0.313210
0.170614
0.395025
0.679905
-0.667261
-0.024785
-0.085325
-0.396816
0.516416
0.333346
-0.696587
-0.514973
-0.436748
-0.014566
-0.085769
-0.182958
0.775163
-0.065615
0.863539
-0.699825
0.004681
-0.219482
-0.216176
-0.981359
0.399429
0.589544
0.197089
0.055122
-0.121965
0.292715
-0.499849
-0.512618
0.277071
-1.000000
0.180684
0.130168
0.478649
-0.970221
-0.248426
1.000000
-0.483545
-0.391459
-0.318312
-0.098400
-0.337597
-0.079023
0.444444
0.174086
0.883748
0.120082
0.846085
-0.334398
-0.008845
0.233985
-0.160878
0.795934
-0.002279
-0.311804
-0.247493
0.309064
-0.020083
-0.074439
0.223943
0.397064
-0.182432
-0.639994
-0.264411
0.380182
-0.123214
-0.719669
0.370641
0.139908
0.019824
0.468994
-0.641769
-0.030681
-0.272316
-0.202524
-0.899535
-0.485432
-0.048545
-0.372574
0.177172
0.178957
-0.484258
0.658647
-0.657947
0.220365
0.246305
-0.177099
0.098554
-0.007428
0.383980
-0.084020
-0.256430
0.234271
-0.581948
0.031160
0.398044
-0.111735
0.169302
-0.023097
0.150170
0.186490
0.559696
0.500905
0.198836
-0.250921
-0.283288
1.000000
0.394995
-0.144649
0.178731
0.313269
0.698319
0.256353
-0.951854
0.221290
0.033020
-0.062653
0.701894
-0.352987
-0.598248
-1.000000
0.019124
0.267155
-0.532180
-0.119400
0.640218
-0.259849
0.220429
-0.406761
0.353520
-0.086376
-0.003830
-0.489199
-0.157381
-0.161587
-0.227570
-0.522597
-1.000000
-0.454340
-0.408156
-0.267738
0.308149
-0.140905
-0.196385
0.142113
0.369097
0.332735
0.223201
-0.814844
0.256316
-0.112781
0.639495
-0.010615
-0.084313
-0.605987
0.366955
0.158790
0.979365
-0.130553
-0.781965
-0.256186
-0.634229
-0.415606
-0.169206
0.120217
0.342792
0.510688
-0.364965
-0.443794
0.777432
-0.327015
-0.018383
0.192508
-0.507928
0.453314
0.152313
-0.087645
0.370335
0.130577
0.441192
-0.349182
-0.955812
0.193235
0.731891
0.991949
0.435145
-0.063522
0.387864
0.152753
-0.312051
0.333101
0.045973
0.282528
-0.137575
-0.964521
0.549518
0.842443
-0.241573
-0.219613
0.225883
-0.148813
-0.353631
-0.417668
-0.945288
-0.130478
-0.276688
0.533329
0.607602
0.112889
0.057282
-0.933373
0.068550
-0.968408
-0.000136
-0.385647
0.356007
-0.833745
-0.513398
-0.381409
-0.245113
0.164303
0.357073
-0.319452
0.514658
-0.196710
0.500990
0.213459
-0.381969
-0.075017
0.037459
-0.043459
0.318603
-0.658053
-0.567925
0.547367
-0.488028
-0.358592
-0.012638
-0.178993
0.371529
0.074140
0.610181
0.248762
-0.918580
0.057723
0.197347
0.079849
-0.166433
0.371920
0.493933
0.633974
0.550316
-0.228660
0.424332
-0.213097
-0.236241
0.012688
-0.409017
-0.233499
0.198250
0.245421
-0.236484
0.234230
-0.220739
0.071591
0.313395
-0.200073
0.801248
0.695154
-0.094690
0.628487
0.484420
0.622015
-0.205780
-0.121518
-0.491936
0.503652
0.808779
0.067299
-0.168703
0.090075
-0.006164
-0.023719
-0.199403
-0.231751
-0.074163
-0.506471
0.323997
0.410057
0.380523
-0.976949
-0.245819
0.687274
0.336275
-0.044747
-0.307377
0.251284
0.178518
0.216720
0.374874
0.237862
-0.192621
-0.775073
-0.183317
0.179273
-0.755971
-0.297720
-0.307888
-0.187702
-0.233625
0.321863
0.190046
0.372010
0.377336
0.009027
-0.596313
0.781567
0.382476
0.154919
0.267021
-0.165099
-0.057127
-0.014296
0.496519
0.454021
0.422498
0.351963
-0.574997
-0.135252
-0.034032
0.216020
-0.275495
0.593784
-0.523655
-0.408495
-0.244718
-0.126334
0.086396
-0.004736
0.185838
0.161262
-0.381831
0.306031
-0.021993
0.101035
-0.050358
0.853660
0.016573
0.471612
-0.289901
0.306434
-0.016030
0.184205
-0.135475
-0.942443
0.177404
0.118738
0.112046
-0.425466
-0.226708
0.051773
-0.178913
0.963266
-0.359342
-0.492261
-0.109507
0.314491
-0.921612
0.335053
-0.431208
-0.065498
0.123278
0.920957
0.183156
0.652320
-0.059448
-0.247600
-0.319270
0.359689
-0.723967
-0.522331
-0.428773
0.378137
-0.531758
-0.080544
-0.642047
0.191105
-0.899788
-0.492230
0.153216
-0.896737
0.576664
-0.326015
0.763074
-0.484481
0.501194
0.285902
-0.829226
-0.035464
0.342560
-0.457720
0.058642
-0.261316
0.606769
0.402981
0.014826
0.676300
-0.241520
0.180310
-0.690159
-0.910753
0.074066
0.130410
-0.470284
-0.150288
-0.345387
0.404540
-0.577480
-0.062526
-0.121104
0.133515
0.889883
0.019982
0.346317
0.122451
0.319740
-0.952411
0.196067
-0.684364
-0.186161
-0.092528
0.406733
0.388434
-0.361661
0.151529
-0.096196
0.410323
-0.152704
-0.186879
-0.369016
-0.220874
-0.273231
0.193895
-0.213404
0.249178
-0.315854
0.048434
0.266601
-0.314313
0.170914
-0.198327
-0.427205
0.078275
-0.685755
0.641308
0.213570
0.339882
0.245481
-0.012614
0.474256
0.223153
-0.948749
0.559938
0.084294
-0.798203
-0.264422
-0.148713
-0.036993
-0.312796
0.646532
0.600222
0.224489
0.487382
-0.083167
1.000000
0.258023
-0.103882
-0.239229
0.658265
0.348301
0.393627
-0.234326
0.091750
-0.829252
-0.010103
-0.079463
0.288830
-0.495774
-0.126287
-0.138335
0.416663
-0.296223
-0.006114
-0.655977
-0.094577
0.187072
0.072030
-0.396173
0.094810
-0.183085
-0.130473
0.621127
0.034814
-0.036135
0.901609
0.029568
-0.392963
-0.358018
0.524490
-0.069034
-0.767469
-0.494740
0.070084
0.997122
-0.034473
0.128336
-0.485159
0.151102
0.108545
-0.481473
-0.246853
-0.457355
0.573386
-0.185548
0.078693
-0.260639
-0.141719
-0.331920
-0.447059
-0.076056
-0.136074
-0.684491
-0.673978
-0.524253
0.338762
-0.184163
0.847114
-0.071532
0.556619
-0.426298
-0.641148
-0.034763
0.222693
0.343309
0.102731
0.475243
0.403672
-0.111655
-0.680434
0.028317
-0.981841
1.000000
0.501879
-0.568801
-0.425758
0.584523
0.418650
-0.755346
0.230267
0.050626
0.619403
-0.146779
-0.123896
-0.259600
-0.272325
-0.896992
0.065201
-0.397810
-0.872383
0.413558
-0.452360
0.010158
-0.387856
-0.009733
0.581173
-1.000000
0.889156
0.044697
-0.431056
-0.182449
0.798311
-0.624398
0.206534
-0.129384
-0.292197
0.316573
0.313036
0.097160
-0.517204
-0.579088
0.447139
-0.176029
0.116316
0.243970
0.308737
0.530090
-0.582159
-0.633656
0.246685
0.196685
-0.136561
0.166107
0.566351
-0.596249
-0.017039
0.802536
-0.181295
-0.039307
-0.218265
-0.289207
0.157353
-0.160135
-0.288915
0.857155
-0.063677
0.660211
-0.207828
-1.000000
0.276442
-0.063745
-0.470471
-0.923938
0.242949
-0.268900
0.006706
0.018177
-0.530852
-0.495579
-0.174034
-0.976555
-0.497953
0.858445
-0.147287
0.078951
-1.000000
-0.199765
-0.190276
-0.089263
-0.277648
0.692208
0.573598
0.607467
-0.566635
-0.690337
-0.764030
-0.087936
0.190795
0.761007
0.128670
0.515962
-0.027564
0.061873
-0.184212
0.295699
-0.796863
0.322702
-0.132687
0.183176
-0.901708
0.430111
-0.028707
0.213933
-0.592917
0.465561
-0.024297
0.351281
-0.050139
-0.019534
-0.665728
0.335190
0.024544
0.522729
-0.164747
0.211394
0.710985
-0.038974
-0.665275
0.329233
0.694263
-0.208387
-0.215933
-0.456245
0.432587
0.955046
0.426207
0.370783
0.161064
0.164941
-0.598952
0.181184
-0.309552
-0.123722
0.144350
0.256667
-0.683521
0.195023
0.742421
-0.059824
-0.191183
0.047117
0.116349
0.617489
0.365471
0.203247
0.429596
0.729605
0.546514
-0.090941
0.300727
-0.548528
0.402221
-0.104122
0.051674
-0.762586
0.672701
-0.359841
0.136575
0.228716
0.213688
-0.517331
-0.054194
-0.096512
-0.050269
0.231571
-0.578433
-0.574740
0.981765
0.583180
-0.486397
0.733525
-0.786273
-0.338047
-0.444429
0.114188
-0.304313
-0.142558
-0.915417
0.049541
-0.246834
-0.111486
-0.409670
-0.301281
0.069537
0.853659
-0.343231
-0.243378
-0.045359
-0.907385
-0.164306
0.278050
0.271774
0.444977
0.055972
-0.402617
-0.021285
-0.185946
-0.055767
-0.041379
-0.321786
-0.661591
0.960608
0.233555
-0.148149
-0.211004
-0.945620
0.051289
-0.233597
0.094926
-0.084549
-0.086699
0.213363
0.153734
0.428769
0.027940
0.073757
-0.037554
0.660847
-0.337872
-0.482392
0.007832
-0.196319
1.000000
0.049447
-0.196359
0.222491
-0.810048
0.128383
0.628278
0.545100
-0.569011
0.128281
-0.239875
0.196140
0.239681
0.071720
0.440918
0.952026
-0.194920
0.390715
-0.033569
0.155220
-0.652553
0.541014
-0.198514
-0.166077
-0.155184
0.676091
-0.183647
0.098290
-1.000000
0.298555
0.094138
0.017254
0.705416
-0.401001
0.583096
-0.630405
0.271258
-0.232958
-0.801551
-0.036103
-0.699296
-0.290900
0.867958
0.181397
-0.931840
-0.094240
-0.327920
-0.016369
-0.028941
-0.105762
-0.339391
-0.069240
0.476540
0.373723
0.880938
0.122294
-0.103002
0.158526
-0.042877
-0.152441
0.734567
0.346775
-0.024538
0.206631
0.007710
-0.741601
0.539279
-0.268382
-0.349002
-0.268662
-0.064483
0.640285
0.495569
0.156653
0.021944
-0.188809
-0.571062
-0.212569
-0.098577
-0.453888
-0.314856
-0.383682
0.301516
-0.268578
0.304991
-0.631940
-0.684985
-0.458174
0.293380
-0.370849
-0.325792
0.320046
-0.032554
-0.363436
-0.433767
-0.577212
-0.922381
0.821385
0.161845
-0.375607
-0.005572
0.772970
0.024135
0.181488
-0.409930
0.212748
-0.093772
-0.159513
0.004098
-0.706251
-0.535254
-0.059916
0.537056
-0.581348
-0.027278
0.405610
0.761159
0.416841
0.043344
-0.016853
0.427184
0.673247
-0.253653
0.656270
0.014558
-0.320665
0.037576
0.416803
-0.316376
0.529018
-0.307188
-0.385592
0.114753
0.191675
-0.115934
-0.420907
-0.221917
-0.622242
1.000000
-0.124862
0.518629
-0.983464
0.521733
-0.503772
0.928034
0.079385
0.334309
-0.447791
-0.137839
-0.363119
-0.616625
0.046900
0.113149
0.501663
-0.510618
0.211167
-0.058812
-0.210232
-0.192153
0.149675
-0.772194
0.197768
-0.652209
0.847787
-0.005008
1.000000
-0.214172
-0.265583
-0.228407
0.392222
-0.293974
0.142665
0.107167
0.386277
0.112665
-0.661527
-0.808999
0.197957
-0.389233
-0.806097
0.043697
-0.310867
-0.397640
0.107091
-0.266514
-0.338675
0.345809
-0.927211
-0.743725
-0.714569
-0.284453
-0.003211
0.433654
0.195527
-0.362562
0.868108
0.620372
-0.949768
-0.034825
-0.134800
-0.241378
0.086853
-0.183389
-0.899645
0.348027
-0.317559
-0.331677
0.157391
0.086582
-0.271057
0.481337
0.112746
0.214753
0.950829
-0.062974
-0.344516
0.042245
0.303442
-0.393144
0.305846
-0.195637
0.160115
-0.273725
0.590199
0.276731
0.274451
-0.394452
0.730921
0.972419
0.642280
0.291212
0.660945
-0.184379
-0.165558
0.410284
0.286992
0.121828
-0.070191
-0.560505
-1.000000
0.102128
-0.712354
-0.487984
0.036193
-0.563876
-0.200550
-0.403685
-0.108363
-0.772311
0.425211
-0.467285
0.269250
0.381549
-0.094718
-0.081683
0.254942
-0.181359
0.619404
0.136466
-0.319951
0.020189
0.635548
0.411271
-0.292521
0.995512
-0.246028
1.000000
-0.736772
0.275413
-0.023604
0.247276
0.916692
0.489621
0.419347
-0.190714
-0.841770
0.217750
0.443893
0.649350
0.044113
0.581556
-0.460380
-0.078099
0.218330
0.275473
0.157685
0.078448
0.528749
-0.280447
0.736193
-0.382075
0.035742
-0.079567
-0.423917
-0.467021
-0.293748
0.148079
0.269241
0.419233
0.369139
0.074801
0.242892
-0.154248
0.193069
-0.089679
0.144681
-0.053304
-0.194524
1.000000
-0.501707
-0.205226
0.057168
0.608658
-0.727366
-0.258482
0.842357
-0.337886
-0.273579
-0.475392
0.307852
0.096278
0.042584
-0.483368
-0.112337
-0.674795
-0.311720
0.241505
0.317602
0.511700
-0.918539
0.421482
-0.610651
-0.217775
0.363244
-0.856857
0.556149
-0.303120
0.150468
0.387459
0.462569
0.062729
0.341114
-0.423041
-0.122820
0.158325
-0.687147
-0.038405
0.149198
-0.094889
0.126867
0.859818
0.073565
0.114776
0.217948
0.271619
1.000000
-0.534737
0.107531
0.336683
0.646746
-0.421185
-0.888656
0.036550
0.051435
0.622999
-0.019154
-0.229134
0.066667
-0.108476
-0.578478
-0.657539
0.008097
-0.054839
-1.000000
-0.106415
-0.172991
0.881124
-0.036413
-0.101034
-0.100523
-0.329811
-0.034371
0.338228
-0.210958
-0.005667
0.276058
0.651747
0.508680
0.618574
-0.652808
0.660657
-0.958889
0.140916
-0.138260
-0.033187
0.288085
-0.091831
-1.000000
-0.342363
-0.217797
0.194210
-0.250253
0.266746
-0.234291
0.089375
-0.255480
-0.174082
0.917538
0.680654
-0.145345
-0.154453
0.621056
-0.013185
0.400606
0.480270
0.787971
-0.029608
-0.087884
0.199084
-0.347016
0.110040
1.000000
-0.217649
0.562707
0.043945
-0.446949
-0.355821
-0.846520
-0.053581
-0.517211
-0.540183
-0.578983
0.144857
0.326450
0.047847
-0.864621
-0.146696
-0.213425
-0.554914
0.383367
0.090309
0.825226
0.896243
0.504160
0.204327
0.446378
0.156505
0.583510
0.085291
0.012031
0.039190
-0.762673
0.208646
0.278722
-0.588630
0.389682
-0.769914
-0.691712
0.941718
-0.306143
0.308399
-0.450200
0.507030
-0.016278
-0.644364
-0.642427
0.096966
0.116954
0.299745
0.158917
0.238066
0.098529
-0.223538
-0.099369
0.159103
0.292410
-0.011211
0.178243
0.121279
0.389500
0.635685
0.813925
0.733923
-0.067167
-0.476123
-0.027427
0.205745
-0.003439
0.066412
0.016236
-0.779058
-0.452268
-0.598321
0.108556
0.507955
0.787464
-0.068229
-0.242076
0.612668
-0.579095
-0.622883
0.083020
0.727686
-0.414850
0.071576
0.237731
0.191709
-0.071263
-0.141599
0.639778
0.070208
-0.704023
0.064954
-0.404347
0.498056
0.386046
-0.318403
-0.081501
0.340246
0.248653
0.001021
-0.068916
0.604894
-0.563392
-0.474945
-0.412977
-0.317438
-0.026755
-0.316694
-0.095326
0.432593
-0.329476
-0.332629
0.059068
-0.399346
0.456035
-1.000000
-0.040544
-0.376394
0.198479
0.033279
-0.979274
0.323365
0.764550
0.581582
0.085860
0.458664
0.259507
-0.323481
0.541774
-0.501060
-0.036309
-0.616478
-0.681837
0.835278
0.351293
0.384839
1.000000
0.174674
0.236360
0.859224
-0.364389
-0.353502
0.129037
0.203760
0.547336
0.063112
-0.274947
0.317429
0.515128
-0.481529
0.467907
-0.344726
0.554586
-0.651779
-0.514033
-0.240820
-0.562143
0.317352
0.006254
-0.078155
-0.120834
0.856554
0.806800
-0.629522
0.333076
0.826204
0.055638
0.142350
0.217039
-0.906058
0.714361
0.208659
-0.212573
0.202308
0.290663
0.070182
0.700196
0.161253
-0.460574
-0.942568
-0.215585
0.080099
0.228278
-0.746381
0.713358
-1.000000
-0.052908
-0.298616
0.420619
0.664606
0.228304
-0.107862
-0.151851
0.757821
0.375845
-0.267055
0.241323
0.456738
-0.515298
0.266206
-0.448671
0.290982
-0.231047
-0.246397
0.067434
0.551845
0.243042
-0.082942
0.136119
-0.378297
-0.196850
0.001707
0.189784
-0.021761
-1.000000
-0.172727
0.157844
0.007960
-0.407795
-0.163466
-0.164011
-0.106859
-0.816694
0.085582
0.607231
-0.236953
-0.428916
0.355040
0.055967
0.134999
0.003831
-0.086399
-0.502019
-0.121946
-0.059269
-0.676481
-0.462417
-0.247523
-0.476069
0.363811
0.335784
-0.292091
0.252508
-0.452094
-0.334445
-0.213656
-0.515130
-0.111631
-0.330414
0.456607
0.018421
0.466530
0.170587
-0.236547
-0.349232
-0.626961
-0.469743
-0.214859
-0.242394
-0.049350
-0.281402
0.142798
-0.737822
0.918338
-0.456714
0.619811
-0.422297
-0.542934
-0.578635
0.277498
-0.867420
-0.016155
0.298044
-0.781666
0.183812
0.421998
0.016402
0.450119
0.438292
0.969398
0.948354
-0.005435
0.364635
0.286282
-0.220403
-0.168782
0.140330
-0.552608
-0.715407
0.985172
0.107222
-0.059006
-0.078955
0.308794
-0.608942
-0.390443
0.672390
-0.545436
-0.138413
-0.123853
0.893528
-0.717844
-0.146924
0.377499
0.404069
0.593754
-0.816841
0.870611
-0.511860
-0.257836
-0.283467
-0.008917
-0.273764
-0.318430
0.108690
0.531687
-0.009393
-0.039199
0.014257
0.124770
0.308052
0.094779
0.988193
-0.496752
0.426365
0.227691
1.000000
-0.054937
-0.821644
0.148464
-0.076048
0.487394
-1.000000
-0.598510
0.785609
0.910278
-0.553699
-0.002338
0.372708
0.514758
0.025088
0.705580
-0.458373
0.355306
0.077759
0.546539
-0.568107
-0.303087
-0.469111
-0.089556
-0.228822
-0.030619
-0.243860
0.377025
0.090602
-0.109214
-0.054705
-0.170005
0.122588
0.047198
-0.053191
0.287048
-0.133179
-0.953980
0.080678
0.885869
0.220277
-0.374799
0.134225
0.103376
0.811686
-0.267822
0.940618
-0.569467
0.303101
-0.619703
-0.047208
-0.464505
0.552790
0.177694
0.206474
-0.215872
-0.079705
-0.503398
-0.339780
-0.263013
-0.069588
0.462805
0.334132
-0.428996
-0.029993
0.093219
0.166181
0.011174
-0.585795
-0.787958
-1.000000
-0.655172
0.917370
-0.799800
0.054523
-0.155518
0.196332
0.356794
0.455364
0.246697
0.334729
-0.082710
0.183890
0.324014
-0.244893
-0.723360
0.348908
-1.000000
-0.926378
0.696285
-0.384959
-0.500104
0.610726
-0.334023
-0.542967
-0.747641
0.357326
-0.001167
0.014899
-0.515979
-0.327958
0.177326
-0.367557
-0.545846
-0.310733
0.221603
0.139371
-0.163542
-0.009662
0.140488
-0.996844
0.078261
-0.494840
-0.567014
-0.705773
0.038637
-1.000000
0.933256
0.137172
0.167273
0.112346
0.155010
-0.386995
-0.401886
-0.343992
1.000000
-0.242704
0.061693
-0.037216
-0.221630
0.043005
0.118334
-0.113339
-0.105206
-0.169174
0.285963
-0.892034
-0.665292
0.017116
0.264482
-0.393167
0.178591
-0.042549
0.009316
-0.432625
0.082297
0.859006
-0.146751
0.080572
0.029360
0.845363
-0.063480
-0.361803
0.247247
-0.144456
-0.415527
-0.651776
0.218983
0.004297
0.189710
0.264158
0.887559
-0.047151
0.257551
-0.717785
-0.072174
0.056518
0.312336
0.050922
0.516245
-0.114170
0.976537
-0.266523
0.274726
-0.529562
0.272101
-0.396477
0.436786
-0.200321
-0.691065
-0.141401
-0.535372
-0.472347
0.259377
-0.366719
0.240914
0.023742
1.000000
-0.766528
0.535762
-0.281932
-0.980478
0.279979
0.274664
-0.656464
1.000000
-0.298482
-0.180897
-0.677745
0.247629
-0.873248
0.409424
0.272058
0.292187
1.000000
-0.097454
0.408222
-1.000000
0.152958
0.358830
0.554757
0.395461
0.347670
-0.156363
0.207465
0.108896
0.025259
-0.405384
-0.217145
-0.120565
-0.659737
0.488554
0.062379
0.088669
-0.113168
0.405653
-0.914149
0.047695
-0.268960
-0.248339
0.462978
0.303290
0.426799
-0.270612
-0.619515
-0.853677
0.304668
0.479631
-0.159363
-0.174643
0.306676
-0.601707
0.364955
0.157762
0.217860
0.213599
0.007291
0.032373
0.845309
-0.376147
0.897701
0.552197
-0.471241
-0.150746
-0.436239
0.215504
0.398867
-0.015527
0.328039
0.927514
0.228330
-0.085050
0.152933
-0.715206
0.815898
0.168801
-1.000000
-0.274051
0.065111
0.164966
-0.689920
0.173546
-0.336476
0.293566
0.313010
-0.077647
0.256639
-0.068473
-0.597375
-0.066700
0.446980
0.018066
0.006009
0.199323
-0.270538
0.057481
-0.025693
-0.649370
-0.099493
0.127475
-0.244894
-0.324225
0.147869
-0.876892
0.423001
0.259883
0.257862
-0.342653
-0.011373
0.332836
-0.322067
0.813585
1.000000
-0.208448
0.223609
-0.000846
-0.063656
-0.124786
0.034599
0.430392
-0.156627
0.461048
0.402036
-0.159515
-0.147968
-0.279326
0.914250
0.070292
0.797347
0.654210
-0.347363
0.770842
-0.184288
0.352159
0.700117
0.902416
0.294420
0.337052
0.407908
-0.078656
0.113249
0.992492
0.261907
-0.388174
-0.256683
-0.242711
-0.436055
-0.265268
0.168788
-0.726493
-0.825997
0.292817
-0.726067
-0.023842
0.728937
-0.794728
-0.978768
-0.204329
0.383531
0.470278
-0.053187
0.161309
-0.675937
0.964970
-0.281975
0.175022
0.140015
0.155716
-0.248096
-0.412440
0.393492
-0.326957
-0.687792
-0.650734
-0.604336
0.016167
-0.808008
-0.029221
-0.152587
0.206098
-0.653265
-0.386959
-0.340562
-0.836694
0.295846
-0.019481
0.448124
0.944351
-0.177813
0.287610
-0.578897
-0.236522
-0.156130
0.045818
0.070520
0.644332
0.424559
0.163244
0.369120
0.788409
-0.935333
-0.558248
-0.378327
0.602639
-0.178478
0.334111
-0.595522
0.648241
-0.416761
0.004284
-0.255584
-0.507820
0.349064
-0.179263
0.047460
-0.429830
-0.385746
0.004360
0.064536
-0.280441
0.379080
0.286379
-0.281980
0.216563
-0.112191
-0.096756
0.318134
-0.084909
0.446631
-0.097485
0.175947
-0.062321
0.012670
-0.307348
0.419904
-0.622192
0.052943
-0.125245
-0.924202
-0.739212
-0.031999
0.120829
-0.164782
-0.027121
0.284599
-0.365657
-0.289704
-0.416513
-0.755792
0.392679
-0.239542
0.504605
0.291679
-0.391968
-0.864017
0.562159
0.391190
0.090421
0.104456
0.519469
0.258563
0.000004
0.330079
0.286275
-0.674796
-1.000000
0.403361
-0.576059
-0.550895
-0.072202
-0.086188
0.374215
-0.077569
0.246446
0.834989
0.010119
-0.287612
-0.708195
-0.371839
-0.006655
-0.050253
0.482108
0.319986
0.310132
-0.425634
1.000000
-0.222723
0.668973
-0.943711
0.695034
-0.468519
0.239384
-0.472273
-0.289956
0.679816
0.396602
0.515576
0.256175
0.081141
-0.637101
0.568714
0.412618
0.028076
0.383877
0.258940
-0.270518
-0.498779
0.001648
-0.822706
-0.530115
0.482033
-0.071325
0.125123
0.515962
0.461257
-0.505613
-0.917216
0.195744
-0.551737
-0.272586
-0.902926
-0.653739
0.054928
0.684272
0.148937
0.005916
0.709034
-0.562038
0.228536
0.582168
0.440960
-0.469092
0.359989
-0.525443
0.645317
0.953946
0.725932
0.184875
-0.951605
0.048149
-0.581484
0.071766
0.261897
0.118448
0.565107
-0.033012
-0.376489
0.240998
0.054378
-0.271191
0.740748
-0.163096
-0.016005
-0.562154
-0.005525
-0.168550
-0.135728
0.416410
-0.088424
0.130010
-0.509490
0.290646
-0.100284
0.635781
0.706213
0.938333
0.449559
0.048206
0.631040
0.703016
-0.520937
-0.246331
0.041439
-0.386346
-0.156829
0.057509
0.280025
0.517997
-0.019461
0.282506
0.272538
-0.603607
-0.478704
-0.734970
-0.021434
-0.559030
0.641396
-0.691665
-0.229810
-0.119766
-0.185345
-0.612587
0.399268
-0.230554
0.466451
0.642859
0.052844
0.756866
-0.190803
-0.096477
0.104117
-0.467389
-0.393214
-0.098587
-0.285932
0.182947
-0.638483
-0.095188
-0.233483
-0.711527
-0.009433
-0.327487
-0.970409
-0.355964
-0.964732
-0.198726
0.101592
0.362030
-0.339525
0.862213
0.255648
0.627242
0.990556
0.816164
0.226689
0.134869
0.292497
0.846822
-0.963299
0.441884
0.107596
-0.521951
-0.016153
-0.106223
-0.540729
0.501152
0.462728
0.409096
-0.022463
0.281245
-0.038603
-0.132858
-0.045187
0.071627
0.478879
-0.731920
0.407869
0.257829
-0.520997
0.095135
1.000000
0.622112
-0.701729
0.831402
-0.262110
0.497393
0.039250
-0.094470
0.232858
-0.116605
-0.895235
-0.395586
-0.048249
0.216958
0.231874
0.176307
-0.536633
-0.542443
-1.000000
-0.190514
0.144130
-0.332943
-0.542037
0.129614
0.434785
0.561157
0.013738
-0.033858
0.989634
-0.354942
-0.427895
0.202013
0.111529
0.383701
0.395062
-0.265611
-0.480785
0.315752
0.127999
0.380997
0.019021
0.027503
0.196270
0.710955
0.292910
-0.854167
0.390605
-0.200937
0.513720
0.680462
0.280639
-0.139679
-0.250341
-0.796279
0.226482
-0.148369
-0.119405
-0.267898
-0.126700
0.117928
0.124403
0.136993
0.702500
0.289167
-0.238548
-1.000000
0.936460
0.184758
-0.234481
-0.058035
0.352917
0.915281
-0.085840
-0.148332
-0.152266
0.517392
-0.860312
0.862073
0.483750
-0.230160
0.509724
-0.163421
0.248316
0.871193
-0.187079
-0.125373
0.111327
-0.718663
0.013739
0.749282
0.294601
0.018216
-0.221623
-0.364945
-0.412426
0.116877
0.862807
0.233528
0.065240
0.123350
-0.351425
0.284964
0.583540
-0.552949
0.287118
-0.201172
0.100226
-0.043268
0.688326
0.661098
-0.699907
-0.132744
-0.096265
0.102929
-0.018925
-0.353494
0.455937
-0.925525
-0.039611
0.016079
-0.106226
0.893279
0.673469
0.538026
-1.000000
-0.545265
-0.630546
0.203014
-0.021927
0.133338
-0.670051
-0.311620
-0.062764
-0.750871
-0.218312
0.489243
-0.154421
0.452115
0.515378
0.300179
-0.458648
-0.688024
-0.636004
0.150485
-0.215062
-0.192512
-1.000000
0.361924
0.260787
0.267942
0.447356
-0.912794
0.207384
0.280542
0.089739
-0.035544
0.208750
0.371210
0.442063
0.051292
-0.151721
0.089610
0.691651
0.056670
-0.555474
-0.823877
-0.605251
-0.361315
-0.533511
0.617875
-0.509994
-0.701950
-0.351673
0.145120
0.224963
0.158376
-0.469958
0.099264
0.590462
0.052969
0.092896
0.838417
-0.022197
0.404689
-0.819892
-0.175088
-0.092651
0.436276
0.081533
0.482492
0.471795
0.308417
-0.058400
-0.354503
0.066105
0.142980
0.371451
-0.014941
0.461568
0.649825
-0.074396
-0.377534
-0.144213
-0.293914
-0.101041
0.350526
0.537245
0.387902
0.435597
-0.218213
0.434399
0.523881
0.063854
-1.000000
0.238210
-0.669065
0.180501
0.006325
-0.386638
0.278990
-0.390808
0.280026
0.477075
-0.327866
0.079017
0.363246
-0.038842
0.060479
0.342923
0.820776
-0.090376
0.141917
-0.668734
0.801729
-0.048479
-0.345899
0.566144
0.360793
0.614843
-0.219025
0.382798
-0.196755
0.268790
-0.093996
0.592548
-0.418964
1.000000
0.337087
-0.714143
-0.474127
-0.493140
-0.034860
-0.371811
-0.078569
-0.192374
-0.435190
-0.009344
-0.067797
0.000662
0.394571
-0.382468
0.074801
0.334663
-0.900815
0.725769
-0.118993
-0.205467
0.339205
0.960391
-0.105327
0.621696
-0.412704
0.607428
0.039099
0.313085
0.327891
0.619783
0.313373
0.575449
-0.995773
-0.963124
0.356941
0.274511
-0.439414
-0.197034
0.679462
0.664052
0.608681
-0.346780
0.208247
-0.128526
0.316711
-0.069593
-0.628738
-0.200035
-0.112569
0.661205
0.242627
-0.085887
0.435329
-0.408895
-0.268297
0.202466
1.000000
0.473427
-0.446388
-0.024057
0.168196
0.865793
-0.900513
-0.860592
-0.051460
-0.207335
-0.020472
0.199910
0.225703
0.119471
0.313185
-0.442034
-0.567592
0.218830
0.002066
0.771228
-0.221336
-0.256091
-0.672059
-0.259744
-1.000000
-0.772337
-0.102683
0.679179
-0.368207
0.172991
0.358785
-0.028204
-0.383501
-0.548856
0.328840
-0.219902
0.871972
0.156707
0.684861
0.280840
-0.134315
0.398873
-0.118712
0.119364
0.098177
-0.388774
0.034313
0.225922
0.561369
-0.442368
0.187702
-0.278689
0.035998
-0.836236
0.144270
0.464377
-0.027873
-0.065393
-0.758252
-0.122537
0.218222
-0.102629
-0.053130
0.026642
0.676125
-0.002315
-0.223249
-0.171041
-0.687754
0.570304
-0.294257
0.442120
-0.038879
0.939712
-0.815450
0.282183
-0.643589
-0.138725
-0.555233
0.150174
0.344648
0.091602
-0.654680
-0.593345
0.415893
-0.979816
-0.201781
-0.204158
-0.843927
0.749318
-0.795864
-0.712957
-0.424015
0.187497
0.245228
-0.347669
0.471227
-0.705777
0.281970
0.010987
0.094447
0.401734
0.497574
0.131115
0.156882
0.136048
-0.061935
0.043986
0.162492
0.356009
0.009244
-0.384698
0.071013
-0.498142
1.000000
-0.122021
0.845678
0.262067
-0.316183
0.089769
0.190811
0.871934
0.068740
-0.240515
-0.091003
0.612442
0.212083
-0.515507
0.002859
0.019911
-0.317112
0.077093
-0.143130
0.259587
-0.034526
0.299497
-0.485214
0.972755
0.270894
0.235619
-0.143073
1.000000
-0.039138
-0.065260
0.007873
0.854584
-0.149607
-0.743588
0.419079
0.070104
-0.154065
0.049886
0.427248
-0.036253
0.420521
0.106819
0.333276
0.361333
0.584524
-0.101230
0.345981
-0.166362
-0.433284
0.127723
-0.229751
-0.530558
0.411701
0.270737
0.125372
0.501905
-0.332247
-0.530640
-0.498774
0.379619
0.098007
-0.196940
-0.110146
-0.197420
-1.000000
0.562617
0.168103
0.299367
0.100963
-0.211386
0.316891
-0.162758
-0.333637
-0.524205
0.936495
-0.042783
0.754179
0.135404
-0.178394
0.155177
-0.513550
0.300560
0.126887
-0.194537
-0.459781
0.104456
0.534809
0.063271
0.128886
0.132998
-0.069566
0.106760
0.411816
0.695295
0.413282
-0.982693
0.312684
-0.272167
-0.363275
-0.073653
-0.641481
-0.894298
-0.095382
-0.504398
0.143625
0.698264
0.183805
-0.290902
0.054935
-0.046238
0.239652
-0.030481
-0.437573
-0.192426
0.494271
-0.068193
-0.284735
0.139236
-0.102321
-0.762891
-0.112455
-0.649503
0.635946
-0.122824
0.478493
-0.033141
-0.374960
0.033952
1.000000
0.660433
-0.285153
-0.441137
-0.176285
-0.278454
0.785047
-0.290421
0.998280
0.074429
0.138517
0.194750
-0.163451
0.162355
0.484173
-0.285766
0.364384
0.926585
-0.041423
0.046543
-0.022977
0.316809
0.559254
0.948466
-0.041217
-0.065297
0.488229
-0.252723
0.252777
0.636228
0.050565
-0.856865
0.248150
-0.129113
-0.246351
0.455187
-0.702160
-0.493407
0.149658
-1.000000
0.358506
0.428598
-0.372300
0.118814
0.644633
0.074946
0.011923
1.000000
-0.409060
0.281169
-0.510005
0.134552
-0.434725
0.118096
-0.584004
-0.082036
0.386703
-0.049156
-0.062810
0.101707
0.017001
0.005651
-0.500281
-0.419696
-0.127269
-0.284943
0.447457
0.459660
0.659257
0.117133
-0.022287
-0.510262
-0.131982
0.249067
0.461121
0.741291
0.532641
0.043330
0.609519
0.214802
0.656147
0.251915
-0.412651
0.413625
-0.815201
-0.195388
0.424624
0.150129
-0.116117
0.609674
-0.403307
-0.146979
-0.449780
-0.781520
0.642566
-0.769424
-0.891751
-0.492187
-0.328837
-0.501374
0.253544
0.304497
-0.569223
0.252752
0.021889
0.034072
-0.259652
0.244902
0.017303
0.264954
0.036910
0.884288
-0.436717
-0.328897
0.105927
-0.212852
0.150033
-0.231885
-0.072685
0.711707
-0.212405
0.177619
-0.743415
0.091114
-0.112698
-0.099680
0.076167
0.433308
-0.019158
-0.168836
-0.625430
0.263669
-0.302022
-0.322796
0.005398
-0.823169
-0.194744
-0.527100
0.551151
0.756687
0.096459
-0.718938
0.732113
0.305552
-0.282396
-0.418223
0.371324
0.582708
-0.481653
0.228040
-0.501036
0.981024
0.436415
-0.398615
-0.555512
-0.465657
-0.323771
0.220594
1.000000
-0.244994
0.329857
-0.278069
-0.171717
0.188251
0.297621
0.435852
0.190544
-0.687978
0.564318
0.177352
-0.410316
-0.246430
-0.546061
0.033547
0.015468
-0.453096
-0.716635
-0.682545
-0.203679
0.721953
-0.066443
-0.009765
-0.448046
-0.291641
-0.142799
-0.083540
-0.919927
-0.141156
-0.382009
0.328451
0.053831
-0.080108
-0.250750
0.199346
-0.860261
0.215763
-0.098138
-0.158655
0.577514
0.275387
0.026892
-0.321455
0.082516
-0.034361
-1.000000
0.157468
-0.126947
-0.493191
-0.507024
-0.219715
0.149358
-0.050793
0.152423
0.587425
-0.365366
-0.040252
0.321337
-0.977581
0.457233
-0.382667
0.305879
-0.295500
-0.390046
-0.509023
-0.604203
-0.060468
0.405548
0.039889
-0.913525
-0.130868
-0.764778
-0.377812
0.323011
-0.369990
0.059668
0.239412
-0.488023
-0.380712
0.124118
-0.188491
-0.325022
0.168168
-0.902439
-0.355554
0.468093
0.107423
-0.679322
0.947181
-0.228316
-0.924945
-0.535423
-0.318752
-0.405653
-0.388105
-0.130132
-0.707104
-0.433017
0.502926
-0.115735
-1.000000
0.485153
-1.000000
0.012532
-0.443167
0.113261
0.185509
0.683399
0.081235
0.962133
0.427962
0.184221
-0.249026
-0.332216
0.016772
0.235932
0.073827
-0.032362
0.984421
-0.712334
-0.039297
1.000000
-1.000000
-0.299789
-0.722545
-0.109046
0.540562
0.448868
0.072935
-0.002274
0.379771
0.590715
0.238637
-1.000000
0.154955
0.752117
-0.459056
-0.457414
0.242427
-0.449575
-0.359588
-0.130714
-0.434757
0.019262
-0.664339
0.314544
-0.461529
0.002482
-0.123523
-0.114444
-0.058868
0.140333
-0.907579
-0.135483
-0.492699
0.774810
0.163556
-0.418110
0.583663
-0.427865
0.532671
-0.465705
-0.566950
0.493250
0.410777
0.056483
-0.125936
0.656963
-0.255623
-0.266476
0.458925
-0.163988
0.262600
0.655425
-0.058379
-0.119127
0.703341
0.203143
-0.102108
-0.127530
0.716959
0.083166
-0.465753
0.272515
-0.262876
0.131774
-0.120335
0.951137
-0.179338
-0.356936
0.776685
-0.766311
-0.242196
0.401979
-0.248910
0.091960
0.113018
-0.513243
0.173843
-0.669635
0.931813
-0.117561
0.348214
0.429306
-0.630991
0.188473
-0.247122
-0.100677
-0.746255
0.308949
0.004156
0.161114
0.806413
0.038415
0.499510
-0.186972
-0.156966
-0.383817
0.448039
-0.127041
0.202939
-0.105754
0.059469
-0.001939
-0.531560
0.239118
0.558831
-0.033892
-0.228056
0.364169
0.448024
0.039074
-0.068523
-0.076154
0.376897
-0.322205
-0.238754
0.467781
0.526500
-0.207125
-0.749171
-0.457763
-0.418492
-0.443941
0.231319
-1.000000
-0.320353
-0.015199
0.010772
0.173135
0.001047
0.334829
0.365802
0.095090
0.297011
-0.851551
-0.674083
0.571264
-0.547274
-0.533646
0.231406
0.166981
-0.891647
0.152930
0.547585
0.497475
-0.668132
-0.070706
0.721596
-0.274637
-0.558685
0.264722
0.081462
0.159783
0.757730
0.447032
0.013983
0.738182
-0.139047
0.084248
-0.001117
-0.094054
-0.323876
-0.086715
0.502978
-0.214959
0.267225
0.123862
-0.230746
0.481940
0.724182
0.051381
0.123674
-0.350195
-0.193738
-0.151608
0.420804
-0.814893
0.122958
-0.423705
-0.252072
-0.615354
0.182434
0.058905
-0.401308
-0.451609
-0.686088
0.286035
-0.250572
0.212322
0.229201
0.764833
-0.169535
0.170506
0.063358
-0.011059
0.078935
-0.284677
-0.784499
-0.497464
1.000000
-0.655413
0.074872
-0.550487
0.903800
-0.268306
0.371121
0.502073
0.483679
-0.074040
-0.059228
-0.145149
-0.011523
-0.028805
0.695634
-0.020545
-0.289058
0.252333
0.455108
-0.036024
-0.054942
-0.980058
-0.670952
-0.635673
0.452453
-0.154446
-0.075944
0.091986
0.368707
-0.819000
0.088833
-0.025067
0.141184
-0.333366
0.127462
-0.436550
0.457124
-0.127249
-0.219731
-0.143723
-0.351277
0.299298
0.249094
-0.996159
-0.161194
0.432511
-0.223716
0.035544
0.622065
-0.107192
-0.815417
0.725062
-0.331215
0.366643
0.020517
-0.702468
-0.187181
-0.172146
-0.629970
0.005315
0.079143
0.682667
-0.138556
-0.409806
-0.010073
-0.295692
0.990229
-0.038296
-0.115450
-0.396217
-0.265394
-0.016492
-0.341572
0.036505
0.000240
-0.055117
-0.049218
-0.238494
0.131809
-0.183680
-0.234513
-0.346057
0.105934
-0.147460
-0.234867
-0.282758
0.209661
-0.446233
-0.465270
-0.286658
-0.077587
0.467191
0.078074
-0.290244
0.191525
-0.271783
0.611510
0.253233
0.340676
-0.480090
0.107561
-0.381076
0.004366
0.517388
0.094628
-0.764606
-0.129881
0.050526
-0.353130
-0.140051
-0.259274
-0.301262
0.052400
-0.619558
0.898418
0.423624
0.213720
0.780527
0.658337
0.112185
0.066957
-0.322053
0.083640
-0.362133
-0.332893
0.259403
-0.025518
0.284469
-0.450277
-0.748162
0.268744
0.015671
0.451475
-0.780770
-0.122424
0.589032
0.174261
-0.666075
0.525053
0.261353
0.087240
0.288223
-0.225957
-0.228777
-0.028538
-0.223414
-0.305748
0.500624
0.527422
0.565088
0.518484
-0.333104
0.047949
-0.633252
-0.586556
0.119895
0.163623
0.453192
0.200473
-0.259513
0.951094
0.197446
-0.206498
0.818043
-0.085491
-0.024831
-0.029218
0.756090
-0.096906
-1.000000
0.320550
-0.070804
-0.650137
-0.245630
0.407422
0.518589
0.506899
-0.012176
0.054149
-0.067570
0.296217
0.318201
-0.333729
0.111856
-0.749155
0.218441
-0.005231
0.512668
0.567800
0.073910
0.834978
-0.345683
0.488028
-0.625932
0.481640
0.292507
0.718878
-0.624309
0.494515
0.315316
-0.215721
-0.185095
-0.167962
0.767155
0.031472
-0.196075
0.502640
0.554140
-0.147944
0.103109
0.396305
0.147457
0.184393
0.070168
0.016755
0.347057
-0.621762
-0.047280
0.089587
0.504116
0.051570
0.033276
0.306598
-1.000000
-0.400205
-0.782584
1.000000
-0.255264
0.243368
0.951814
0.013434
0.515145
-0.224273
-0.784108
-0.563070
0.085173
-0.250980
0.617281
0.695329
0.461365
0.240450
-0.862665
-0.704729
0.367340
-0.281014
-0.118224
0.014759
0.178291
-0.899730
0.350264
-0.394052
0.680541
0.166656
0.378163
-0.218280
-0.104368
0.828378
0.084041
-0.227160
0.552677
0.183031
0.191926
0.867358
-0.723179
0.818514
0.179113
0.596505
-0.243888
-0.354121
0.023901
-0.252549
0.197508
0.067652
0.057986
0.007268
-0.004635
-0.013716
0.518563
-0.803882
0.113313
0.534370
-0.615491
-0.119609
-0.541066
-0.712990
-0.283853
0.040159
-0.058870
0.284320
0.666601
-0.141510
0.020197
-0.757791
0.186808
0.508182
-0.582987
0.184055
-0.722295
0.273870
-0.007359
-0.481885
-0.162233
0.715852
-0.208772
-0.263989
0.415297
0.021238
0.268909
-0.615565
0.637648
0.366719
-0.150305
0.674609
-0.323462
0.539601
-0.006591
0.673107
0.910604
-0.252070
0.002822
-0.389475
0.362584
0.164688
-0.010134
0.100544
0.795822
-0.164343
-0.748741
-0.375011
0.257836
0.281982
-0.178658
-0.304721
-0.397265
0.213091
-0.993256
-0.384491
-0.318802
0.104875
-0.528215
0.907235
0.280468
0.235414
-0.558280
0.148707
0.425890
0.233184
-0.193927
0.121318
0.121925
0.896491
0.476056
-0.736113
-0.054804
-0.105194
-0.034826
-0.309414
0.580064
-0.323150
-0.469716
0.535833
0.150646
0.257798
0.674123
0.061441
-0.511758
-0.086538
-0.015270
-0.412005
-0.668774
-0.021404
0.490243
-0.016078
0.343588
0.209253
0.519515
0.526359
0.759904
-0.178005
0.055325
-0.392736
-0.188951
0.782335
-0.209800
0.163886
-0.317612
0.647212
-0.484706
-0.228132
-0.320501
-0.363738
0.020874
0.028937
0.779719
-0.975412
0.107092
0.057182
0.293447
0.231957
-0.455200
-0.263757
0.157861
-0.273976
-0.203352
-0.246510
-0.293370
-0.321669
0.232956
-0.572507
-0.449217
-0.310223
0.218921
0.154647
0.105089
0.447368
0.152554
-0.210226
-0.037763
-0.151654
0.111864
0.946453
0.222235
-0.829007
0.248070
0.039663
0.557907
0.248344
0.554023
0.153944
0.019088
0.272616
0.943672
-0.530356
0.459232
-0.513187
-0.371419
0.016330
0.281074
0.109492
-0.464864
-1.000000
0.341879
0.265475
-0.122990
-0.087831
-0.168400
-0.151970
-0.248212
0.047878
-0.588577
-1.000000
-0.235270
0.632682
-0.058956
0.161111
-0.278854
0.516002
0.133661
0.935101
0.042116
-0.035205
0.481247
0.478475
0.009772
-0.120645
0.928426
0.123714
0.363492
0.209953
0.196442
0.704770
0.498814
-0.038611
0.025163
-0.734747
0.156420
-0.275691
-0.637254
-0.482581
0.869209
0.556100
0.118163
-0.056497
0.327285
-0.316685
-0.031442
-0.649189
0.003676
-0.661887
-0.336428
-0.466376
-0.067056
0.294965
-0.103199
-0.332399
0.104118
-0.386865
0.185173
0.205569
-0.357083
-0.001916
0.222055
0.009557
0.097751
-0.543540
-0.193827
-0.054452
0.252465
0.430180
-0.053558
0.641340
0.274649
-0.447215
0.154232
-0.250851
0.055295
-1.000000
0.207100
0.044105
-0.428544
0.318870
0.368203
0.221194
-0.207437
0.072972
-0.489651
-0.250883
0.562724
-0.659094
-0.144958
-0.688185
-0.476115
0.034423
0.275751
-0.257983
-0.375943
-0.314613
1.000000
-0.790865
-0.834174
0.018238
0.439516
-0.508792
0.108520
0.083310
-0.983405
0.183333
-0.678905
0.584941
0.027300
-0.387162
0.960098
0.401849
-0.236195
0.057412
-0.322103
0.033496
-0.387983
1.000000
-0.101512
0.415432
0.065774
0.071638
-0.273109
-0.744040
0.082820
0.227309
0.882252
0.052479
0.075222
-0.722934
-0.969736
0.553071
-0.017236
0.376846
0.119137
-0.155627
0.560187
0.417184
0.183388
-0.261211
-0.215387
0.563040
0.280398
-0.059744
-0.534258
0.430054
-0.249287
-0.051553
-0.010398
0.258979
0.070768
-0.234652
-0.312976
0.288303
0.300320
0.233424
0.767373
-0.346373
0.215312
0.135808
-0.094315
-0.486243
0.820864
0.426154
-0.174193
0.012206
0.179698
0.884948
-0.782402
0.066638
0.839003
-0.052612
0.486803
0.618113
-0.320571
-0.366751
-0.965069
0.385318
1.000000
-0.194728
0.185886
0.330327
-0.229775
0.235356
-0.577739
0.075367
0.363854
0.116487
0.582503
0.276925
-0.697017
-0.239789
0.432394
0.587195
-0.146501
0.495749
-0.059277
0.328729
0.748174
-0.459583
0.203613
0.413259
0.328294
-0.327025
0.083153
-0.298935
-0.126084
-0.281618
0.291043
0.398159
0.095835
0.950137
-0.660239
1.000000
-0.225089
-0.293713
-0.311055
-0.206694
-0.226275
0.047003
-0.281872
-0.153073
-0.637658
-0.120475
-0.189426
-0.182646
-0.122243
-0.478599
-0.420352
0.371516
-0.219592
-0.056606
0.861283
1.000000
-0.282996
0.282712
-0.192185
-0.571246
0.025534
-0.702038
-0.071190
0.215870
-0.167648
-0.550415
0.622655
0.724675
0.544076
0.237998
0.412769
-0.234440
-0.248378
-0.222175
-0.102540
0.253620
-0.085764
-0.261941
0.496557
0.010710
0.194584
-0.018496
-0.331661
-0.279652
0.146988
-0.044083
0.076817
0.149163
0.611299
-0.200015
-0.613622
-0.051139
-0.641422
-0.423917
0.137178
0.444554
-0.031021
0.290395
-0.211114
-0.989437
0.270057
-0.916493
0.415894
-0.476737
0.008125
-0.355066
-0.228385
0.464327
-0.722052
0.710083
-0.225072
0.047055
0.325608
0.084638
0.657228
-0.098041
0.033608
0.423619
-0.321869
-0.335465
0.535169
-0.508775
0.954978
-0.151996
0.361638
0.008277
0.070831
0.248037
0.002993
0.262192
-0.102124
-0.242919
0.260633
-0.480534
-0.000972
-0.223594
-0.297972
-0.043747
-0.891277
-0.149188
-0.085765
-0.023943
-0.196768
0.492769
-0.035705
0.018380
0.087341
0.051291
-0.510809
0.673642
0.072747
-0.930103
0.171960
0.088264
0.030184
-0.102457
-0.197578
0.422124
-0.830620
-0.093111
0.126723
0.351404
-0.147406
0.220611
-0.711415
-0.127060
0.155359
0.591076
-0.582921
-0.603585
-0.208642
0.567826
0.201714
0.437017
0.370961
-0.494987
0.366552
0.067605
0.620972
0.394376
-0.076444
-0.338905
0.790212
-0.133567
0.271986
0.059384
-0.933785
0.282588
0.642519
-0.380952
-0.095588
0.599461
-0.151966
0.002457
-0.135249
0.756589
0.294601
-0.037637
-0.400073
-0.270171
0.786510
0.426637
-1.000000
0.291506
0.007825
-0.262152
0.269811
0.597045
1.000000
-0.149125
-0.272078
-0.197091
-0.009604
-0.035278
-0.041397
-0.272364
0.463267
0.430461
-0.364840
-0.639983
-0.567751
-0.155010
-0.691800
-0.302652
-0.003279
0.345945
0.194859
-0.005670
-0.548190
0.086628
-0.002178
0.256415
-0.216446
-0.526174
-0.359973
-0.181660
-1.000000
0.257144
-0.396041
-0.263845
0.034195
0.344594
-0.125997
-0.106763
0.068659
0.333184
-0.109579
-0.112039
-0.580754
-0.449240
-0.198737
0.351429
0.418006
0.876628
0.557857
1.000000
-0.178526
0.098991
-0.002669
-0.873963
-0.047279
0.016351
-0.099830
-0.106679
-0.770670
-0.403464
0.343960
0.077583
-0.368730
-0.158795
-0.946939
0.197234
-0.784649
0.215393
0.147711
-0.048009
-0.107767
-0.145245
-0.018085
-0.233538
0.064985
0.053237
0.963711
-0.350918
0.760515
-0.315747
0.000252
0.262729
-0.930682
0.591134
-0.743144
0.127480
-0.687697
0.257793
-0.426543
0.102546
0.298317
-0.831514
-0.260772
0.925387
0.742639
0.442972
-0.099084
0.145076
0.335589
0.554184
-0.199765
0.600494
0.228069
-0.146503
0.586974
-0.687744
0.471386
0.729756
-0.031507
0.527606
0.385076
-0.484369
0.230074
-0.030362
-0.001686
-0.223843
-0.361473
0.052577
-0.250447
0.656094
0.018700
0.335262
0.212416
-0.554142
0.340105
0.603758
-0.822018
-0.015227
0.245537
0.957423
0.403384
0.124251
1.000000
-0.516901
-0.237725
0.016285
0.167086
-0.810486
0.368269
-1.000000
0.354026
0.254693
-0.574694
-0.953532
-0.613983
0.192603
0.509825
0.023256
0.304824
-0.387662
-0.262936
0.043095
0.109810
0.155964
0.075063
0.166498
0.049125
0.106452
0.023218
0.038745
0.027510
0.022265
0.082761
0.099635
0.018655
0.018668
0.026380
0.034683
0.082547
0.067995
0.096809
0.101888
0.050247
0.107176
0.008812
0.054254
0.029227
0.035796
0.096351
0.179690
0.055123
0.178325
0.056120
0.082219
0.059297
0.019683
0.096490
0.011804
0.034676
0.057801
0.062869
0.058264
0.055833
0.010799
0.040744
0.110173
0.026264
0.065597
0.030564
0.025213
0.047258
0.042656
0.064717
0.066290
0.019529
0.122188
0.032785
0.050333
0.044565
0.058501
0.086067
0.065106
0.041731
0.054468
0.129752
0.060183
0.019709
0.134445
0.048942
0.070336
0.039152
0.189548
0.026713
0.051600
0.074032
0.037963
0.014177
0.040526
0.118774
0.036743
0.084287
0.023448
0.085842
0.049675
0.018019
0.053865
0.015597
0.021219
0.063337
0.130457
0.047850
0.148851
0.048986
0.027157
0.040099
0.043820
0.106271
0.061341
0.065111
0.052519
0.075743
0.023622
0.161275
0.017161
0.038917
0.086980
0.075907
0.044802
0.093005
0.097485
0.022174
0.039733
0.043484
0.054505
0.032118
0.046286
0.110711
0.145286
0.025365
0.092451
0.092928
0.052101
0.023481
0.052463
0.048947
0.035743
0.025767
0.120438
0.078928
0.032278
0.048965
0.037187
0.081931
0.026016
0.025444
0.014232
0.025600
0.044383
0.065395
0.046417
0.024794
0.108247
0.067790
0.028746
0.020618
0.041994
0.023746
0.117162
0.069117
0.028986
0.397810
0.069226
0.051801
0.039334
0.066348
0.077179
0.042501
0.061917
0.037948
0.016166
0.021760
0.092503
0.024548
0.081706
0.113292
0.057863
0.119195
0.072164
0.033273
0.039041
0.028257
0.057369
0.039586
0.026674
0.074713
0.058451
0.112498
0.032030
0.021286
0.022160
0.063053
0.125369
0.066699
0.009096
0.089241
0.065120
0.062923
0.037311
0.121940
0.230464
0.016460
0.065878
0.034518
0.074155
0.038191
0.011629
0.055729
0.045187
0.049579
0.139866
0.068674
0.042160
0.097265
0.023723
0.029551
0.023903
0.155579
0.055885
0.057298
0.012145
0.059604
0.031696
0.069446
0.020877
0.031197
0.030004
0.057142
0.036147
0.045428
0.080346
0.089110
0.038634
0.021669
0.042690
0.118768
0.218954
0.194825
0.034420
0.070059
0.075358
0.094032
0.049678
0.108329
0.063343
0.019506
0.065203
0.059524
0.110234
0.035211
0.067539
0.022966
0.054462
0.050509
0.091183
0.036314
0.036238
0.142005
0.120392
0.038222
0.031267
0.027254
0.024340
0.067839
0.040401
0.170192
0.062672
0.116819
0.029465
0.038733
0.024733
0.032770
0.029433
0.070549
0.028739
0.069404
0.264377
0.008849
0.026184
0.029177
0.097621
0.041536
0.169764
0.048608
0.029410
0.039579
0.058781
0.020580
0.024128
0.029404
0.040871
0.015381
0.048152
0.066091
0.099529
0.030042
0.078491
0.073580
0.083525
0.111025
0.117736
0.037434
0.013610
0.023959
0.283884
0.032937
0.038034
0.036884
0.035007
0.025686
0.063539
0.032413
0.090389
0.028686
0.038995
0.056830
0.018362
0.037301
0.044027
0.039617
0.099364
0.064716
0.010283
0.175961
0.090118
0.023364
0.058629
0.092227
0.066650
0.050729
0.059460
0.029328
0.165319
0.019019
0.062279
0.052675
0.043910
0.021529
0.165942
0.028382
0.087349
0.142716
0.057259
0.076446
0.020698
0.063728
0.031257
0.069174
0.046431
0.068786
0.065705
0.053717
0.056835
0.017703
0.059603
0.048238
0.030302
0.071643
0.114243
0.109368
0.136504
0.082705
0.038836
0.052813
0.042356
0.021184
0.124657
0.053678
0.115926
0.023701
0.043797
0.020026
0.027948
0.034486
0.130849
0.101913
0.062015
0.122692
0.023823
0.067209
0.031332
0.103643
0.091075
0.101832
0.058047
0.012465
0.079587
0.038301
0.027372
0.046225
0.028388
0.038786
0.061589
0.082223
0.040594
0.030537
0.043625
0.108554
0.040796
0.050848
0.101424
0.094907
0.296728
0.257380
0.114242
0.079565
0.032364
0.034292
0.064380
0.105698
0.043511
0.058205
0.080838
0.032629
0.072392
0.087657
0.054072
0.052030
0.080939
0.075140
0.026545
0.074630
0.032421
0.090001
0.056209
0.013872
0.054412
0.055412
0.050158
0.092400
0.091054
0.034510
0.040262
0.036801
0.055050
0.070769
0.052098
0.045078
0.043745
0.084106
0.011959
0.024066
0.037741
0.196061
0.089499
0.082221
0.075402
0.051311
0.103191
0.196512
0.042777
0.044225
0.052968
0.039603
0.220350
0.045939
0.039037
0.237227
0.038131
0.034430
0.077443
0.117443
0.096075
0.051292
0.045832
0.017857
0.041566
0.042933
0.046709
0.019781
0.081094
0.110391
0.042183
0.035739
0.059690
0.043444
0.025472
0.090432
0.067753
0.042491
0.018076
0.049228
0.100675
0.049097
0.020680
0.047240
0.057352
0.013025
0.144793
0.020262
0.052663
0.076251
0.075135
0.100584
0.037490
0.046322
0.022463
0.037025
0.025740
0.214042
0.132270
0.130540
0.028627
0.057000
0.059815
0.041819
0.166273
0.065099
0.084395
0.163442
0.044204
0.148205
0.039802
0.086782
0.054691
0.172130
0.035908
0.042554
0.036016
0.081521
0.079425
0.017166
0.033933
0.033618
0.058099
0.054590
0.071815
0.106431
0.040551
0.057595
0.293693
0.100210
0.054961
0.107769
0.119121
0.062439
0.059890
0.015901
0.147058
0.061930
0.022341
0.019131
0.037431
0.060947
0.044347
0.032926
0.043867
0.025401
0.078635
0.018411
0.034527
0.061334
0.023017
0.101351
0.155004
0.030109
0.049686
0.089940
0.040650
0.052835
0.114517
0.070194
0.095928
0.106021
0.082232
0.023680
0.017083
0.035201
0.053731
0.153821
0.058768
0.065676
0.013817
0.046521
0.033747
0.025483
0.018276
0.012471
0.041933
0.057095
0.033084
0.036367
0.076801
0.023247
0.064915
0.029648
0.260639
0.018073
0.063280
0.019762
0.022745
0.027843
0.027464
0.047048
0.101135
0.053833
0.081586
0.020843
0.012807
0.030100
0.044258
0.015938
0.025529
0.012164
0.041874
0.109531
0.041561
0.048709
0.103100
0.014095
0.030142
0.044526
0.082923
0.048653
0.095777
0.142263
0.030015
0.023004
0.071317
0.074178
0.069523
0.078713
0.181246
0.027530
0.060320
0.052477
0.081481
0.036402
0.034854
0.067430
0.026659
0.026568
0.029158
0.070014
0.074741
0.069685
0.010610
0.042437
0.039975
0.079726
0.146110
0.064444
0.033667
0.036720
0.059622
0.069689
0.017368
0.073145
0.055634
0.046748
0.018377
0.062969
0.019242
0.045271
0.101376
0.032144
0.179620
0.085790
0.018150
0.092873
0.078547
0.048538
0.063696
0.042051
0.055977
0.043153
0.104352
0.068043
0.021149
0.047246
0.010981
0.065760
0.079022
0.037925
0.066202
0.032146
0.108348
0.157420
0.044072
0.048923
0.075981
0.061730
0.034142
0.150860
0.136703
0.067106
0.055512
0.031718
0.015307
0.203077
0.062015
0.036175
0.028754
0.050627
0.067981
0.032764
0.137115
0.055764
0.077399
0.095989
0.020463
0.031627
0.025870
0.113029
0.065068
0.079230
0.090720
0.033128
0.077480
0.071275
0.044538
0.057626
0.062056
0.131503
0.080309
0.067323
0.027173
0.046309
0.025276
0.064587
0.017547
0.093206
0.007945
0.111079
0.041918
0.120259
0.069024
0.066279
0.068373
0.047842
0.059932
0.111072
0.008100
0.029484
0.033838
0.049713
0.175417
0.029048
0.065392
0.087461
0.036369
0.038815
0.054006
0.016966
0.038892
0.026611
0.020241
0.039884
0.046225
0.026510
0.054862
0.068873
0.053014
0.082832
0.028393
0.030198
0.103049
0.038276
0.041390
0.233907
0.061279
0.040400
0.027289
0.069561
0.084804
0.085905
0.175940
0.020023
0.029067
0.096195
0.101014
0.031241
0.025187
0.029839
0.029591
0.067381
0.094374
0.073986
0.065620
0.074225
0.073425
0.070651
0.030041
0.019825
0.025271
0.050954
0.040119
0.031410
0.048615
0.079970
0.149854
0.035804
0.040213
0.065187
0.048762
0.030483
0.122513
0.078062
0.025112
0.051221
0.046764
0.029179
0.044728
0.055143
0.045857
0.022076
0.062803
0.027255
0.039776
0.146875
0.033887
0.054093
0.046626
0.061692
0.051175
0.145861
0.086212
0.085927
0.116090
0.072328
0.059770
0.077161
0.025512
0.102237
0.018094
0.066951
0.051016
0.086978
0.075422
0.021227
0.024139
0.040617
0.030797
0.030921
0.293609
0.034218
0.098033
0.066861
0.038855
0.071196
0.038677
0.143295
0.046181
0.151267
0.030948
0.035891
0.017592
0.099416
0.015977
0.088539
0.024290
0.033413
0.121371
0.114429
0.085499
0.140423
0.049156
0.015263
0.021416
0.054002
0.055557
0.016111
0.073223
0.051507
0.095745
0.031457
0.042537
0.055540
0.108491
0.020012
0.017482
0.076658
0.068878
0.072673
0.031220
0.116305
0.118840
0.081149
0.038567
0.023285
0.017957
0.033334
0.087148
0.041883
0.060971
0.080290
0.119345
0.041826
0.050490
0.060739
0.027111
0.041202
0.038138
0.031357
0.030189
0.010654
0.029833
0.077363
0.055290
0.044491
0.054136
0.014538
0.036916
0.151481
0.041846
0.016552
0.027751
0.128179
0.038157
0.053438
0.035525
0.157970
0.119983
0.045965
0.013059
0.017876
0.018014
0.055315
0.081533
0.039327
0.032551
0.061464
0.085117
0.043567
0.070892
0.261233
0.030072
0.247797
0.022803
0.168378
0.145449
0.014499
0.030770
0.065750
0.025716
0.021006
0.093607
0.024434
0.122934
0.045543
0.019488
0.018794
0.074372
0.109168
0.045982
0.071073
0.064580
0.048137
0.027568
0.077689
0.042416
0.037671
0.033144
0.036523
0.046356
0.102698
0.021244
0.056150
0.021074
0.021481
0.013825
0.063841
0.097586
0.037580
0.041995
0.036101
0.292607
0.072075
0.027514
0.039405
0.055775
0.032763
0.092963
0.042305
0.018902
0.051988
0.094632
0.084982
0.122229
0.100682
0.029771
0.023962
0.067597
0.035813
0.017190
0.137978
0.037829
0.052087
0.054446
0.050295
0.035022
0.021239
0.034310
0.044244
0.033786
0.065689
0.033478
0.087283
0.042968
0.059855
0.012885
0.034244
0.064882
0.097857
0.134951
0.079747
0.055993
0.085072
0.120814
0.039825
0.065159
0.041359
0.019897
0.031383
0.259678
0.054760
0.075444
0.035720
0.031603
0.025979
0.081581
0.038231
0.018188
0.026771
0.063319
0.086110
0.022604
0.051522
0.077144
0.052452
0.022796
0.062336
0.018373
0.051877
0.097647
0.044606
0.046934
0.073076
0.052606
0.158962
0.050372
0.056292
0.039499
0.018283
0.039257
0.024792
0.043621
0.041656
0.048931
0.052972
0.091477
0.007923
0.038131
0.057260
0.024880
0.040060
0.024315
0.027234
0.109200
0.050576
0.036062
0.023425
0.189490
0.015081
0.026800
0.012232
0.048440
0.040871
0.048487
0.115098
0.059792
0.031010
0.025914
0.119986
0.076191
0.118345
0.229543
0.040958
0.066576
0.017820
0.022149
0.077296
0.053625
0.042868
0.029714
0.089002
0.093885
0.094471
0.043514
0.035742
0.225612
0.080269
0.087511
0.068865
0.137694
0.013312
0.107306
0.032706
0.142721
0.039214
0.036782
0.153329
0.049430
0.026836
0.051169
0.040620
0.024005
0.073481
0.011449
0.012389
0.025830
0.096687
0.070733
0.041416
0.032124
0.046557
0.073710
0.098851
0.054228
0.029160
0.017944
0.040934
0.038581
0.049547
0.025054
0.068639
0.027513
0.081627
0.031424
0.093667
0.110820
0.083281
0.030866
0.070368
0.047257
0.033214
0.016916
0.022609
0.014938
0.093123
0.032315
0.081683
0.081989
0.040290
0.032626
0.043978
0.024236
0.054235
0.045742
0.098932
0.049058
0.136616
0.025347
0.041460
0.031737
0.061827
0.056103
0.134927
0.022446
0.021777
0.014506
0.109963
0.116572
0.165420
0.096752
0.121852
0.064581
0.134018
0.053343
0.031203
0.016747
0.205382
0.022069
0.033032
0.046415
0.050099
0.036121
0.071606
0.062985
0.044344
0.041498
0.138863
0.063638
0.103974
0.093281
0.026072
0.012653
0.010912
0.043426
0.210593
0.038310
0.010636
0.026191
0.195079
0.016693
0.110294
0.135552
0.141998
0.033853
0.150088
0.016960
0.056235
0.038370
0.053359
0.061461
0.028775
0.037775
0.084581
0.079355
0.173434
0.021968
0.028870
0.022245
0.045392
0.081122
0.063143
0.030610
0.073907
0.026129
0.196682
0.067109
0.031952
0.021825
0.127178
0.028730
0.027613
0.038491
0.098469
0.112509
0.035763
0.075237
0.034809
0.050188
0.032124
0.012450
0.107518
0.074654
0.050395
0.052342
0.036051
0.039386
0.020712
0.022667
0.019687
0.065533
0.066843
0.067257
0.131220
0.048788
0.099702
0.092246
0.088378
0.038476
0.117478
0.162521
0.069338
0.059381
0.027251
0.107419
0.058170
0.061753
0.119737
0.084009
0.267580
0.008935
0.049531
0.050868
0.091171
0.047763
0.015418
0.059886
0.048190
0.045206
0.056514
0.074640
0.113442
0.280021
0.067952
0.048936
0.020862
0.034290
0.140902
0.072889
0.075161
0.086921
0.056095
0.063423
0.050247
0.029692
0.041474
0.062238
0.055237
0.048285
0.034213
0.163247
0.032397
0.035111
0.104445
0.025122
0.040355
0.042944
0.040815
0.035743
0.112633
0.087228
0.062960
0.068601
0.031103
0.056224
0.021247
0.091678
0.072753
0.177363
0.056444
0.092081
0.021776
0.037391
0.108770
0.024890
0.094124
0.031708
0.090557
0.035051
0.030110
0.078494
0.051191
0.026568
0.127734
0.083174
0.030403
0.084914
0.027719
0.120152
0.045312
0.034853
0.053741
0.028568
0.032027
0.030582
0.025179
0.030810
0.072032
0.024504
0.032181
0.162959
0.083444
0.061008
0.048101
0.041279
0.124502
0.025708
0.124752
0.086414
0.094993
0.041272
0.145965
0.019712
0.015999
0.040273
0.012845
0.052076
0.027386
0.012754
0.054590
0.014844
0.114359
0.010446
0.029282
0.027723
0.034029
0.028371
0.019716
0.011222
0.084762
0.044837
0.043086
0.067763
0.063396
0.078370
0.006194
0.027282
0.123237
0.029344
0.045244
0.052533
0.063354
0.031313
0.050892
0.043824
0.023206
0.017763
0.063464
0.052733
0.023617
0.025679
0.072804
0.022440
0.027172
0.072155
0.023522
0.077976
0.123636
0.071924
0.029910
0.071704
0.078684
0.023073
0.046449
0.034653
0.111412
0.031007
0.025901
0.010003
0.151326
0.057769
0.019529
0.130065
0.040143
0.132402
0.043360
0.095475
0.079396
0.036366
0.152112
0.037803
0.130808
0.037756
0.064831
0.076789
0.076014
0.050636
0.031384
0.025448
0.046241
0.025083
0.011663
0.016812
0.089707
0.026053
0.056367
0.026439
0.059457
0.132063
0.046158
0.042282
0.032454
0.069182
0.049744
0.120553
0.013234
0.040860
0.043038
0.047721
0.019357
0.167143
0.018201
0.104940
0.033193
0.046804
0.076773
0.087416
0.070388
0.028256
0.141267
0.013972
0.048990
0.168452
0.070612
0.041558
0.017327
0.018717
0.020145
0.132196
0.019636
0.045526
0.095716
0.023112
0.027561
0.022519
0.030823
0.095516
0.071545
0.014837
0.037910
0.031400
0.015774
0.033405
0.051042
0.024118
0.037229
0.054494
0.006718
0.019561
0.034152
0.061434
0.017285
0.031117
0.078085
0.053637
0.013628
0.016881
0.065002
0.041903
0.056145
0.107244
0.023361
0.112921
0.024691
0.171607
0.076197
0.040213
0.167659
0.039290
0.275640
0.049448
0.068305
0.230375
0.023840
0.017237
0.079292
0.091808
0.072755
0.070008
0.103220
0.089489
0.048145
0.101936
0.079266
0.090271
0.053498
0.146390
0.053653
0.067867
0.043268
0.132470
0.105012
0.013893
0.027433
0.036712
0.043430
0.067106
0.046426
0.035742
0.024499
0.106112
0.066654
0.014104
0.024912
0.043900
0.080090
0.066516
0.087269
0.083013
0.065173
0.138555
0.090460
0.015875
0.020909
0.137757
0.021175
0.329702
0.050991
0.052981
0.052051
0.053066
0.134628
0.094166
0.075204
0.092039
0.059298
0.213984
0.050294
0.059585
0.064977
0.134240
0.066622
0.017809
0.052774
0.056447
0.101534
0.075169
0.146167
0.043181
0.034955
0.049980
0.039171
0.033881
0.033224
0.051566
0.030610
0.023078
0.024980
0.180959
0.037049
0.012322
0.022150
0.064371
0.211980
0.096454
0.079108
0.050712
0.045418
0.071192
0.013691
0.036297
0.037024
0.077789
0.186287
0.036562
0.010871
0.036688
0.029277
0.062695
0.063966
0.071325
0.075701
0.109206
0.060729
0.030561
0.206958
0.094692
0.188095
0.041135
0.048896
0.060536
0.018376
0.155085
0.236315
0.089685
0.029400
0.024350
0.069311
0.046462
0.068502
0.123578
0.031032
0.046744
0.020264
0.054664
0.060085
0.195874
0.022521
0.081888
0.056724
0.022862
0.018308
0.013215
0.019830
0.174071
0.059413
0.105587
0.066442
0.042600
0.013024
0.036435
0.058784
0.102075
0.032223
0.039715
0.049587
0.041184
0.058018
0.068534
0.103089
0.040082
0.024614
0.050112
0.020920
0.053500
0.073405
0.059415
0.029501
0.097929
0.033285
0.041087
0.039594
0.123014
0.019615
0.035983
0.049569
0.133398
0.043840
0.021647
0.041638
0.059494
0.015200
0.118756
0.075518
0.024099
0.069462
0.050565
0.032167
0.054947
0.042639
0.019165
0.046760
0.060846
0.090378
0.021079
0.044376
0.104388
0.045728
0.073360
0.064321
0.056577
0.021105
0.034857
0.068130
0.048612
0.028618
0.024841
0.016050
0.068483
0.056325
0.080191
0.047760
0.286509
0.014028
0.018115
0.118280
0.022012
0.060084
0.061831
0.029661
0.077111
0.125609
0.065933
0.016434
0.026389
0.023776
0.042792
0.048677
0.059915
0.073705
0.012510
0.019228
0.064256
0.096967
0.095639
0.066803
0.104743
0.060787
0.026756
0.059507
0.080436
0.040591
0.051282
0.014205
0.020346
0.095096
0.056821
0.060101
0.055634
0.012899
0.116519
0.048945
0.081582
0.148050
0.062867
0.018224
0.052015
0.039966
0.037731
0.129291
0.006801
0.026238
0.031794
0.089981
0.058835
0.170537
0.157105
0.080315
0.015972
0.081992
0.022100
0.058890
0.125059
0.031846
0.027106
0.012641
0.034577
0.072595
0.156985
0.121546
0.031096
0.023958
0.052112
0.106181
0.034592
0.082809
0.094104
0.031938
0.245055
0.097413
0.208146
0.034424
0.053025
0.097744
0.039187
0.077123
0.028553
0.046781
0.092172
0.077139
0.038432
0.057215
0.044534
0.106712
0.071224
0.284277
0.073855
0.034263
0.021182
0.051037
0.076761
0.088092
0.037579
0.029702
0.040145
0.013902
0.029299
0.038306
0.091078
0.030148
0.042585
0.059891
0.041669
0.071391
0.012379
0.040868
0.101932
0.100180
0.052871
0.027241
0.034142
0.043246
0.045623
0.092184
0.056899
0.065405
0.043070
0.029853
0.112826
0.046482
0.018978
0.041904
0.050820
0.022656
0.046757
0.016560
0.069254
0.077708
0.037716
0.137849
0.042834
0.030128
0.086295
0.054915
0.103743
0.072670
0.032376
0.111145
0.094249
0.030130
0.026960
0.125571
0.026094
0.043387
0.029351
0.091874
0.014708
0.031869
0.023741
0.096156
0.033180
0.033623
0.080177
0.021865
0.024941
0.017531
0.014308
0.024754
0.018190
0.031422
0.048509
0.063854
0.026207
0.089631
0.028628
0.092359
0.101147
0.048001
0.086826
0.062495
0.034942
0.056474
0.025414
0.056615
0.007808
0.035252
0.125331
0.065123
0.258820
0.117441
0.039139
0.105963
0.023973
0.058017
0.059721
0.025596
0.026190
0.232118
0.190785
0.152400
0.020015
0.016157
0.053485
0.033400
0.142660
0.034854
0.210034
0.136296
0.019368
0.030485
0.042590
0.065884
0.065722
0.054524
0.036585
0.045987
0.086690
0.022131
0.040024
0.105699
0.036226
0.093030
0.062476
0.035998
0.050077
0.050183
0.300158
0.105074
0.036120
0.181776
0.080645
0.025382
0.052003
0.073115
0.030920
0.025670
0.097121
0.037215
0.107653
0.047459
0.052209
0.045165
0.054286
0.075355
0.019522
0.040406
0.036649
0.055607
0.083481
0.012056
0.012543
0.064041
0.058009
0.076343
0.047279
0.090467
0.065895
0.031180
0.021947
0.068699
0.076128
0.059086
0.062988
0.022778
0.072970
0.039618
0.118783
0.025184
0.026707
0.049502
0.026056
0.034209
0.028868
0.058085
0.028495
0.059480
0.103983
0.017062
0.034662
0.023667
0.075203
0.023472
0.097958
0.069000
0.017240
0.055976
0.085269
0.105665
0.034092
0.033082
0.023819
0.025479
0.120645
0.028459
0.062091
0.031001
0.107358
0.044146
0.024754
0.062400
0.093774
0.036059
0.041423
0.099181
0.049764
0.032799
0.052744
0.095727
0.105557
0.121481
0.021497
0.078547
0.020182
0.049117
0.148947
0.041033
0.033087
0.065866
0.020236
0.059947
0.066821
0.024654
0.066340
0.078205
0.087490
0.087643
0.023683
0.013716
0.102981
0.007646
0.040903
0.121399
0.078434
0.035877
0.187473
0.017531
0.027159
0.146917
0.065597
0.140721
0.036752
0.038648
0.056677
0.102862
0.090949
0.075272
0.031683
0.042714
0.064369
0.102871
0.019107
0.067243
0.041405
0.083537
0.037362
0.355927
0.024736
0.033018
0.028580
0.009203
0.086282
0.034841
0.035811
0.048074
0.077884
0.039688
0.056169
0.053549
0.049078
0.031042
0.104277
0.077753
0.064559
0.033209
0.045880
0.025023
0.176897
0.042314
0.015127
0.343528
0.030029
0.029316
0.026816
0.118414
0.181679
0.165924
0.022846
0.051526
0.079548
0.016857
0.017555
0.062192
0.022133
0.045977
0.044792
0.059370
0.022023
0.015033
0.030559
0.055968
0.050276
0.051352
0.043717
0.070967
0.056177
0.040517
0.021628
0.025564
0.008307
0.074910
0.090982
0.104568
0.261459
0.080070
0.119444
0.061907
0.125733
0.054214
0.056575
0.076439
0.035504
0.084196
0.043032
0.040691
0.065088
0.016430
0.034509
0.024644
0.024449
0.013488
0.042745
0.034942
0.083973
0.100860
0.055955
0.051023
0.022782
0.052073
0.040632
0.082152
0.027225
0.051601
0.047484
0.022346
0.014314
0.131617
0.011974
0.026566
0.056757
0.027387
0.057587
0.090902
0.093911
0.043185
0.047003
0.024165
0.026382
0.114653
0.032858
0.014557
0.043299
0.068686
0.040503
0.058951
0.059708
0.052432
0.026323
0.173902
0.061992
0.076715
0.059386
0.068928
0.048291
0.059154
0.065786
0.026547
0.020602
0.040180
0.140492
0.035180
0.086313
0.053635
0.020841
0.038660
0.029129
0.026163
0.074263
0.033730
0.018270
0.057783
0.037542
0.028726
0.016699
0.044133
0.052559
0.041942
0.091736
0.067452
0.073058
0.093132
0.059196
0.035712
0.121772
0.065319
0.056032
0.043493
0.027329
0.022040
0.100040
0.028522
0.035268
0.045665
0.170403
0.075067
0.037546
0.109523
0.015207
0.069453
0.042500
0.077311
0.037947
0.054888
0.064348
0.071062
0.024630
0.072011
0.047429
0.066058
0.064128
0.088836
0.058669
0.043598
0.044563
0.063364
0.048865
0.044012
0.032992
0.036984
0.022434
0.049608
0.071536
0.097359
0.038756
0.040956
0.057946
0.042379
0.019685
0.071524
0.055749
0.110837
0.055856
0.152281
0.054986
0.066599
0.057689
0.166231
0.106717
0.027428
0.200286
0.055950
0.025609
0.043540
0.146404
0.071756
0.050235
0.040264
0.026002
0.012245
0.054346
0.064646
0.019216
0.034846
0.005173
0.094365
0.322945
0.029003
0.051427
0.094880
0.064445
0.366825
0.054006
0.052482
0.055296
0.031648
0.122959
0.027254
0.053198
0.071484
0.065814
0.018675
0.033104
0.062767
0.022551
0.102642
0.100578
0.129430
0.065871
0.143742
0.077280
0.041277
0.096237
0.017779
0.023125
0.050663
0.100094
0.109757
0.032303
0.105289
0.037606
0.018458
0.038466
0.050243
0.027115
0.059635
0.032768
0.021487
0.072606
0.013822
0.019343
0.065719
0.113368
0.045521
0.039297
0.080618
0.045631
0.080039
0.035581
0.007898
0.024263
0.110769
0.157787
0.078044
0.033770
0.052203
0.113796
0.053373
0.022586
0.010531
0.023103
0.038004
0.036652
0.116608
0.189691
0.125053
0.054654
0.025191
0.134587
0.052187
0.023580
0.023307
0.027620
0.032164
0.071332
0.040730
0.061569
0.024325
0.050800
0.058807
0.075583
0.132946
0.041725
0.042688
0.013853
0.075248
0.052275
0.151550
0.089248
0.137389
0.074290
0.030776
0.024408
0.041002
0.026876
0.021625
0.070197
0.033213
0.083956
0.030330
0.015013
0.086801
0.015886
0.033293
0.027816
0.025711
0.073299
0.029357
0.111220
0.018024
0.061661
0.037798
0.117692
0.029861
0.012707
0.029546
0.055103
0.049007
0.085948
0.008693
0.119219
0.088110
0.076136
0.100455
0.059860
0.041404
0.040108
0.184638
0.087261
0.141532
0.070290
0.063460
0.067308
0.197860
0.036869
0.085252
0.022940
0.058116
0.062665
0.018876
0.053670
0.045956
0.116202
0.034037
0.046931
0.025437
0.064244
0.078440
0.032113
0.027607
0.018309
0.047488
0.014550
0.082487
0.064903
0.040017
0.045212
0.015212
0.072220
0.027535
0.042668
0.017194
0.080818
0.029201
0.106297
0.018827
0.296898
0.036703
0.029103
0.027112
0.014120
0.063799
0.021994
0.193473
0.126096
0.009193
0.021358
0.057964
0.046637
0.030581
0.112260
0.161398
0.011544
0.077627
0.065926
0.096636
0.028430
0.033657
0.071748
0.155933
0.018776
0.119597
0.017121
0.046713
0.040886
0.084829
0.061059
0.129434
0.019147
0.042114
0.291098
0.017360
0.047464
0.041086
0.031240
0.027849
0.033775
0.055918
0.055109
0.098044
0.119792
0.040145
0.017318
0.021772
0.203403
0.047384
0.064803
0.085838
0.111642
0.089088
0.030888
0.033622
0.083814
0.027214
0.059223
0.070295
0.083696
0.296355
0.043832
0.022548
0.073100
0.148007
0.043550
0.042759
0.019177
0.042152
0.027233
0.085073
0.028714
0.064555
0.066271
0.093740
0.025114
0.105474
0.067938
0.059967
0.038977
0.067894
0.073680
0.038818
0.032718
0.041228
0.085264
0.027380
0.049177
0.031070
0.062597
0.020727
0.080038
0.033866
0.013556
0.036038
0.017387
0.013610
0.051558
0.029971
0.031264
0.075329
0.021384
0.015710
0.021221
0.093550
0.111677
0.029478
0.025650
0.053329
0.019546
0.096072
0.036404
0.066672
0.061215
0.037075
0.074803
0.024965
0.009291
0.038524
0.119338
0.032322
0.062771
0.045194
0.040549
0.110706
0.040485
0.052781
0.070289
0.094568
0.021881
0.033477
0.052985
0.027438
0.058843
0.073670
0.007896
0.021081
0.095011
0.091822
0.107698
0.053686
0.051263
0.246883
0.028936
0.062729
0.023282
0.159161
0.102508
0.069163
0.030874
0.043713
0.179329
0.105147
0.041881
0.087214
0.046408
0.033621
0.017015
0.061909
0.041798
0.044858
0.087542
0.049240
0.066986
0.139885
0.047369
0.039261
0.098650
0.044536
0.143904
0.037790
0.082161
0.050953
0.112197
0.027831
0.089253
0.037921
0.112306
0.035756
0.041516
0.052565
0.040452
0.017277
0.021672
0.037739
0.071387
0.076832
0.039789
0.019027
0.043328
0.159887
0.123750
0.029632
0.173038
0.061792
0.052419
0.040083
0.070310
0.018385
0.027258
0.046707
0.121332
0.042731
0.047475
0.189618
0.016209
0.043528
0.048169
0.113907
0.032282
0.092241
0.064596
0.071384
0.080264
0.121725
0.017283
0.088569
0.038633
0.033714
0.070914
0.063194
0.040281
0.069395
0.097581
0.055496
0.035485
0.153755
0.036753
0.034580
0.028385
0.080863
0.013429
0.045807
0.026783
0.098667
0.016990
0.031907
0.075282
0.023452
0.051385
0.022193
0.046512
0.016545
0.036434
0.028040
0.017702
0.029538
0.049628
0.046185
0.011051
0.057532
0.053991
0.023648
0.022027
0.087104
0.038164
0.111450
0.035378
0.071995
0.038153
0.020175
0.125371
0.113715
0.031197
0.187398
0.069833
0.043928
0.018049
0.016771
0.047156
0.118281
0.210602
0.078816
0.086264
0.016351
0.080741
0.256550
0.047495
0.104832
0.229977
0.047613
0.147213
0.048725
0.025203
0.030424
0.093185
0.016629
0.014491
0.057028
0.026058
0.019614
0.056895
0.032513
0.026063
0.031867
0.014640
0.049040
0.054619
0.023241
0.087815
0.041269
0.055701
0.083887
0.016220
0.053338
0.070804
0.089475
0.021832
0.023454
0.062780
0.041919
0.092052
0.068357
0.058945
0.013191
0.099931
0.077109
0.035789
0.069442
0.063811
0.052336
0.039324
0.054504
0.121870
0.249008
0.038623
0.057906
0.060300
0.016598
0.037922
0.036800
0.153203
0.019676
0.186615
0.038465
0.090266
0.067070
0.088379
0.030821
0.044635
0.044703
0.031947
0.038189
0.105048
0.046735
0.139945
0.031310
0.023627
0.016746
0.043459
0.077474
0.065669
0.030559
0.031451
0.038992
0.037250
0.128561
0.037202
0.075213
0.015299
0.095851
0.015535
0.028212
0.071376
0.017042
0.051361
0.022565
0.070629
0.033823
0.121919
0.075751
0.060249
0.058583
0.027540
0.042709
0.025558
0.130879
0.042734
0.029487
0.030855
0.041573
0.029983
0.110968
0.070313
0.028499
0.048619
0.012614
0.056821
0.132339
0.186495
0.027967
0.122698
0.042245
0.039313
0.038875
0.039168
0.034797
0.031415
0.068088
0.064083
0.064858
0.035061
0.035108
0.114243
0.030158
0.074700
0.043339
0.135131
0.135454
0.028562
0.097330
0.226289
0.011769
0.041252
0.033627
0.110540
0.082413
0.055200
0.056204
0.035625
0.031448
0.048162
0.037715
0.016678
0.147278
0.155323
0.122457
0.216011
0.054765
0.068622
0.045754
0.068213
0.043897
0.065577
0.168946
0.077941
0.025719
0.209029
0.047876
0.077212
0.077222
0.064746
0.167585
0.017947
0.071107
0.033368
0.034976
0.032248
0.122087
0.073744
0.053504
0.044624
0.049007
0.023520
0.087953
0.075937
0.051346
0.038910
0.035772
0.061230
0.116099
0.042604
0.062014
0.047578
0.061896
0.057366
0.062354
0.039333
0.039266
0.028825
0.117623
0.070021
0.043165
0.043619
0.022866
0.045910
0.043638
0.067834
0.034344
0.063175
0.082618
0.065236
0.065097
0.038833
0.059826
0.124929
0.028292
0.017724
0.068835
0.027225
0.034458
0.040338
0.041136
0.021468
0.033955
0.010497
0.131917
0.032926
0.022582
0.037780
0.034230
0.073199
0.007950
0.072863
0.051785
0.073022
0.045715
0.073012
0.032469
0.036309
0.042960
0.047401
0.075703
0.071712
0.097293
0.080971
0.047095
0.036834
0.011408
0.033651
0.025962
0.114731
0.018887
0.018786
0.032667
0.075573
0.067201
0.035964
0.063447
0.010932
0.165916
0.156956
0.018402
0.165385
0.022623
0.116695
0.039814
0.048247
0.021262
0.040845
0.041484
0.063198
0.069349
0.041602
0.059083
0.022094
0.031137
0.053914
0.044215
0.010336
0.019002
0.051103
0.026501
0.037032
0.019974
0.073904
0.122928
0.020291
0.118110
0.087338
0.027387
0.020101
0.029530
0.039650
0.037719
0.023609
0.054035
0.033237
0.025585
0.077163
0.082418
0.058609
0.096578
0.041397
0.066481
0.076793
0.069507
0.046900
0.039622
0.026130
0.053705
0.041824
0.068537
0.031856
0.028468
0.104058
0.044536
0.060860
0.145184
0.029091
0.023423
0.022591
0.063894
0.023390
0.045798
0.061004
0.126023
0.029392
0.096758
0.033310
0.051573
0.053037
0.079854
0.053666
0.028816
0.024860
0.039993
0.032104
0.066671
0.039642
0.138466
0.022697
0.041561
0.095012
0.084194
0.033008
0.196908
0.024692
0.085419
0.036420
0.088591
0.119903
0.038958
0.025056
0.243871
0.106947
0.037695
0.052585
0.060394
0.048208
0.022859
0.094799
0.039413
0.028420
0.056585
0.017562
0.026845
0.037517
0.035411
0.043279
0.044297
0.078457
0.063867
0.063153
0.078957
0.033626
0.011818
0.056406
0.117649
0.027507
0.060403
0.035543
0.066931
0.059659
0.080458
0.012806
0.043112
0.128141
0.010819
0.060101
0.049317
0.039232
0.079529
0.015116
0.030201
0.141230
0.033529
0.029972
0.059939
0.124248
0.014534
0.053712
0.013334
0.049142
0.017590
0.073276
0.110659
0.105675
0.099196
0.063204
0.043671
0.025646
0.110552
0.040625
0.033069
0.044186
0.015181
0.047574
0.115726
0.070181
0.028903
0.038103
0.054190
0.021427
0.065421
0.011280
0.032876
0.014819
0.103844
0.018707
0.041711
0.121495
0.021836
0.051520
0.044985
0.032963
0.014934
0.041233
0.037302
0.133289
0.033735
0.053644
0.049337
0.038836
0.021176
0.033256
0.070340
0.098463
0.008517
0.023149
0.030544
0.058635
0.093959
0.070826
0.205139
0.100742
0.033415
0.049116
0.021509
0.135676
0.074561
0.036067
0.030208
0.021897
0.129328
0.042431
0.046896
0.160588
0.022023
0.037582
0.059306
0.051745
0.022814
0.039467
0.173106
0.074403
0.131732
0.112788
0.043505
0.123093
0.181050
0.095581
0.042719
0.091400
0.014253
0.038432
0.033243
0.054301
0.079237
0.045378
0.026989
0.064373
0.033632
0.016102
0.051325
0.134676
0.072351
0.049695
0.030230
0.086959
0.048678
0.041117
0.108030
0.084105
0.021713
0.040446
0.036250
0.013041
0.058635
0.025372
0.049938
0.149006
0.093387
0.086795
0.053725
0.059066
0.018043
0.119665
0.106030
0.090628
0.150199
0.049570
0.110137
0.193140
0.049039
0.059312
0.098600
0.014521
0.026056
0.082148
0.069031
0.072749
0.022454
0.058247
0.077895
0.059211
0.056058
0.056965
0.059022
0.054382
0.080903
0.122486
0.031595
0.061594
0.054904
0.129705
0.032196
0.053007
0.109124
0.017448
0.049132
0.016933
0.046336
0.079028
0.113125
0.026626
0.028133
0.016023
0.066555
0.293449
0.033905
0.031614
0.008948
0.096187
0.015441
0.034066
0.102140
0.116004
0.034836
0.045551
0.020903
0.020011
0.045051
0.055010
0.035147
0.015801
0.158703
0.037339
0.046839
0.084720
0.045876
0.067805
0.018849
0.280854
0.029479
0.016992
0.052635
0.155938
0.048669
0.102306
0.041071
0.010799
0.061216
0.121286
0.047049
0.016216
0.033086
0.031061
0.067186
0.030385
0.032325
0.080130
0.041187
0.031140
0.036726
0.024283
0.132403
0.033913
0.087213
0.080786
0.033134
0.048369
0.192670
0.178693
0.024126
0.035743
0.083493
0.177372
0.046629
0.042321
0.056861
0.060823
0.019202
0.163802
0.062208
0.084112
0.064378
0.045295
0.059326
0.045945
0.065360
0.038749
0.061466
0.039925
0.037278
0.030004
0.055156
0.050012
0.243218
0.029655
0.083737
0.086308
0.067572
0.054372
0.013951
0.067260
0.033385
0.054225
0.028807
0.038486
0.111298
0.025680
0.023640
0.035843
0.008357
0.057035
0.045624
0.046705
0.103012
0.039354
0.062023
0.080699
0.029981
0.119413
0.027394
0.027164
0.065108
0.209082
0.076002
0.029009
0.037007
0.122393
0.131069
0.019679
0.020825
0.046452
0.016577
0.006366
0.105260
0.047331
0.085222
0.068045
0.070440
0.048248
0.054284
0.015238
0.027930
0.039034
0.067288
0.048842
0.023837
0.038492
0.059511
0.092928
0.034865
0.017630
0.057207
0.072448
0.045062
0.093752
0.041359
0.056494
0.079745
0.035608
0.073979
0.073620
0.097455
0.045841
0.034255
0.062373
0.017703
0.080458
0.034707
0.024146
0.083925
0.033665
0.047866
0.036408
0.049805
0.017276
0.036163
0.030491
0.055703
0.070732
0.063836
0.015836
0.053378
0.027046
0.079749
0.056163
0.076848
0.022427
0.028627
0.018625
0.143210
0.082690
0.083998
0.028055
0.152949
0.062987
0.072082
0.038813
0.047887
0.016616
0.029245
0.037601
0.049091
0.162283
0.064548
0.174543
0.027560
0.061091
0.085880
0.017420
0.056196
0.019718
0.042213
0.110294
0.028812
0.032166
0.077105
0.016720
0.172077
0.078954
0.047404
0.032104
0.060122
0.024479
0.081140
0.131286
0.126367
0.020147
0.106841
0.023873
0.108853
0.020562
0.020167
0.192300
0.109627
0.024699
0.142753
0.038030
0.053271
0.040221
0.029400
0.037369
0.065673
0.041901
0.037531
0.134319
0.075036
0.073690
0.078413
0.024608
0.024144
0.089125
0.036230
0.124671
0.122069
0.011703
0.181173
0.033068
0.026072
0.040972
0.104953
0.028509
0.032171
0.035241
0.041522
0.032842
0.022524
0.131286
0.076557
0.098051
0.065075
0.075168
0.063697
0.011232
0.078770
0.159334
0.111075
0.065891
0.110205
0.021557
0.010929
0.082258
0.156193
0.019485
0.033084
0.021939
0.026396
0.059968
0.034613
0.064617
0.020800
0.048875
0.040968
0.100769
0.012845
0.035587
0.049530
0.019084
0.070654
0.094038
0.032489
0.046041
0.020973
0.019034
0.056481
0.031160
0.013124
0.042837
0.064579
0.053550
0.097029
0.070264
0.053151
0.089360
0.076596
0.035527
0.140689
0.077641
0.128865
0.014348
0.024419
0.064923
0.039463
0.023582
0.060431
0.064571
0.052449
0.035123
0.073084
0.066939
0.020466
0.150107
0.031883
0.028408
0.059607
0.109353
0.090438
0.069598
0.078663
0.063377
0.028326
0.046279
0.014700
0.050682
0.058531
0.017786
0.030137
0.140328
0.084636
0.055973
0.029266
0.146482
0.012798
0.046413
0.056695
0.015142
0.189971
0.048011
0.201549
0.065318
0.030604
0.066366
0.154458
0.049470
0.046608
0.026577
0.111183
0.086824
0.076956
0.088064
0.089106
0.034652
0.043935
0.017717
0.054105
0.110714
0.011111
0.052798
0.109419
0.081737
0.018726
0.051364
0.074825
0.044421
0.037183
0.016116
0.068819
0.044331
0.057725
0.095599
0.074193
0.027346
0.049654
0.038344
0.036300
0.050751
0.023968
0.038001
0.043067
0.029757
0.076439
0.029973
0.013586
0.023797
0.047091
0.027918
0.074657
0.020908
0.032797
0.075757
0.072286
0.201408
0.030392
0.162824
0.007858
0.059376
0.059532
0.024830
0.129286
0.049668
0.023790
0.025223
0.044317
0.027602
0.038364
0.074408
0.128901
0.047119
0.065878
0.085873
0.053138
0.020914
0.095887
0.034551
0.093633
0.080082
0.080113
0.082175
0.040325
0.065014
0.015599
0.067012
0.067561
0.065859
0.064934
0.041841
0.025617
0.038527
0.084206
0.029069
0.128992
0.044492
0.016778
0.052061
0.038240
0.022587
0.068633
0.036819
0.047505
0.039510
0.031893
0.081447
0.077457
0.063778
0.213970
0.075360
0.096884
0.041630
0.021431
0.017399
0.079360
0.016079
0.168561
0.222019
0.058020
0.052854
0.051378
0.046722
0.058684
0.039618
0.012472
0.019680
0.139359
0.020272
0.071924
0.030112
0.020759
0.023645
0.028689
0.482964
0.048414
0.032960
0.063419
0.050788
0.039843
0.020743
1.273211
0.021195
0.037178
0.120344
0.087338
0.033359
0.050617
0.057065
0.067056
0.035685
0.025123
0.060476
0.111381
0.034763
0.022420
0.020117
0.038523
0.065437
0.055149
0.053799
0.015407
0.125230
0.058544
0.047161
0.079213
0.041380
0.036607
0.024423
0.028034
0.036041
0.085436
0.040333
0.078837
0.102259
0.218900
0.034128
0.192281
0.095546
0.078065
0.060070
0.117240
0.100308
0.157526
0.046739
0.037525
0.045963
0.033840
0.046398
0.063537
0.024388
0.044812
0.012718
0.076655
0.088743
0.042471
0.014807
0.198563
0.065193
0.076849
0.168612
0.035617
0.209937
0.024579
0.096587
0.051599
0.013499
0.059164
0.032093
0.056178
0.026956
0.069006
0.092661
0.031542
0.050618
0.053609
0.065702
0.026760
0.128272
0.032187
0.092716
0.035281
0.061940
0.115713
0.068878
0.239602
0.058608
0.187529
0.021586
0.026641
0.028899
0.076113
0.036037
0.130179
0.037550
0.134424
0.064529
0.047841
0.028460
0.046296
0.049447
0.031292
0.044787
0.038843
0.040414
0.019226
0.380574
0.054985
0.118400
0.017846
0.053741
0.053342
0.044953
0.058313
0.029819
0.079181
0.321102
0.208850
0.017007
0.096235
0.029269
0.055805
0.121468
0.029322
0.040089
0.034929
0.108520
0.119507
0.418062
0.013336
0.037625
0.033767
0.054389
0.031300
0.111944
0.018326
0.064571
0.028281
0.035222
0.040661
0.054018
0.068544
0.053753
0.037614
0.021728
0.063454
0.082099
0.064837
0.022928
0.068711
0.082144
0.041481
0.058453
0.048907
0.025236
0.052723
0.028154
0.066344
0.204513
0.157249
0.076560
0.085470
0.037591
0.109032
0.129726
0.130070
0.054089
0.123295
0.115510
0.031281
0.035943
0.117428
0.035571
0.074214
0.105730
0.083914
0.072693
0.084274
0.023079
0.041393
0.046176
0.045852
0.082431
0.028522
0.059983
0.021431
0.202974
0.074300
0.089663
0.056268
0.030583
0.029997
0.147051
0.024200
0.074618
0.067745
0.071859
0.050569
0.028763
0.040501
0.020078
0.033567
0.097095
0.060895
0.041771
0.034861
0.040872
0.050734
0.017191
0.021406
0.046024
0.033187
0.016129
0.084857
0.085056
0.056663
0.025747
0.148801
0.021064
0.081745
0.068500
0.064245
0.132275
0.028727
0.079852
0.080580
0.011350
0.017385
0.014178
0.117620
0.020027
0.031350
0.114390
0.060435
0.053517
0.105384
0.121345
0.052916
0.040144
0.054922
0.208139
0.028168
0.044105
0.085588
0.037602
0.055219
0.079842
0.022686
0.123570
0.093240
0.107013
0.053199
0.043269
0.102635
0.079065
0.054344
0.017903
0.038298
0.079007
0.099859
0.059017
0.053577
0.019189
0.054148
0.024124
0.025110
0.056662
0.089072
0.031189
0.033560
0.042885
0.064053
0.112319
0.032350
0.017610
0.054697
0.079500
0.032256
0.048852
0.033845
0.068710
0.051408
0.116287
0.016556
0.040808
0.074870
0.012344
0.035190
0.079447
0.033088
0.021280
0.055231
0.074951
0.049553
0.048370
0.058683
0.128476
0.049136
0.045162
0.153506
0.036249
0.102887
0.026936
0.031534
0.087744
0.031009
0.075666
0.062014
0.055704
0.019602
0.037246
0.081991
0.069200
0.065226
0.042634
0.130651
0.048068
0.054280
0.028167
0.027220
0.071942
0.030849
0.053091
0.185999
0.022226
0.005688
0.012724
0.033335
0.055070
0.074473
0.046037
0.132224
0.035714
0.043471
0.043816
0.046172
0.086442
0.042858
0.050533
0.104774
0.049041
0.033952
0.130011
0.030059
0.023470
0.025793
0.065777
0.027051
0.040073
0.054030
0.077055
0.133445
0.077559
0.058646
0.042165
0.030809
0.047872
0.065644
0.070891
0.098480
0.075455
0.035998
0.024177
0.051600
0.031018
0.087293
0.038850
0.062110
0.041311
0.081752
0.031071
0.031581
0.045381
0.081536
0.080352
0.038299
0.105496
0.042569
0.015846
0.086064
0.023783
0.094520
0.060358
0.015943
0.041905
0.044121
0.088303
0.047019
0.027034
0.112769
0.099220
0.037620
0.018745
0.006115
0.043459
0.074213
0.100591
0.121157
0.163014
0.049640
0.030167
0.088664
0.051813
0.038345
0.012463
0.025901
0.082665
0.050157
0.024593
0.016217
0.042112
0.043499
0.046912
0.023162
0.031826
0.083334
0.155372
0.084492
0.084585
0.015371
0.105545
0.043227
0.069775
0.073329
0.052459
0.070363
0.064335
0.042633
0.044998
0.202699
0.057167
0.031608
0.211151
0.105108
0.103124
0.015673
0.064187
0.015424
0.043099
0.051626
0.110764
0.066095
0.041763
0.125753
0.029433
0.045588
0.013309
0.030186
0.095972
0.044543
0.041138
0.045565
0.080420
0.080698
0.021137
0.047658
0.088214
0.040886
0.028076
0.031081
0.032152
0.054677
0.034681
0.050962
0.022075
0.061270
0.059449
0.063447
0.070815
0.064184
0.070477
0.071044
0.011974
0.030485
0.039491
0.064115
0.043286
0.020273
0.063662
0.033313
0.142253
0.027466
0.163305
0.010899
0.103985
0.056009
0.083194
0.026141
0.037005
0.040426
0.094179
0.079330
0.040064
0.016580
0.026571
0.035242
0.010760
0.027057
0.077968
0.226135
0.030559
0.034232
0.055578
0.105774
0.073624
0.038355
0.134574
0.042085
0.028441
0.044400
0.066306
0.107232
0.146012
0.061740
0.035982
0.209449
0.019357
0.050885
0.097304
0.022258
0.028945
0.041042
0.058210
0.027943
0.019196
0.041743
0.015459
0.053130
0.021241
0.059615
0.082323
0.080983
0.043426
0.020185
0.044585
0.039782
0.169717
0.049406
0.067857
0.059672
0.240023
0.312424
0.021224
0.035519
0.100024
0.038410
0.125279
0.086224
0.058157
0.066762
0.012452
0.040696
0.042289
0.128848
0.167763
0.146868
0.077661
0.023311
0.083395
0.023106
0.036192
0.118155
0.094720
0.070429
0.086498
0.050632
0.101261
0.051328
0.067979
0.136423
0.066208
0.066990
0.018027
0.024366
0.071229
0.045999
0.050011
0.088863
0.068445
0.021412
0.137615
0.014103
0.096235
0.019303
0.058563
0.096057
0.040376
0.053407
0.035370
0.077177
0.047601
0.047468
0.055606
0.083407
0.011675
0.028254
0.084569
0.060809
0.029129
0.114656
0.081481
0.058773
0.048856
0.027428
0.105703
0.036029
0.023840
0.110887
0.059569
0.017644
0.291510
0.031400
0.188109
0.019778
0.020146
0.051200
0.034478
0.160534
0.027567
0.021863
0.023651
0.013000
0.208389
0.079983
0.016296
0.092795
0.030400
0.065513
0.030841
0.021538
0.061494
0.079925
0.047639
0.030160
0.034274
0.077895
0.040794
0.033341
0.034247
0.032676
0.066282
0.024023
0.031832
0.028186
0.028978
0.070705
0.036073
0.023990
0.015365
0.040937
0.170336
0.137670
0.056604
0.019873
0.055060
0.250191
0.041611
0.037937
0.022144
0.021504
0.043062
0.082341
0.035616
0.039537
0.014627
0.056615
0.033557
0.034877
0.029077
0.021070
0.023485
0.053722
0.084315
0.040022
0.093157
0.038390
0.067029
0.015487
0.028859
0.059699
0.068324
0.108697
0.015485
0.065811
0.073993
0.014590
0.066438
0.071798
0.052499
0.025341
0.108907
0.074951
0.066413
0.050438
0.040577
0.124297
0.084816
0.169874
0.159932
0.124820
0.042369
0.068552
0.044411
0.099234
0.052540
0.067961
0.025892
0.062451
0.058938
0.077185
0.022142
0.010048
0.105774
0.076730
0.075953
0.016480
0.085389
0.053255
0.034574
0.032493
0.039257
0.049835
0.054228
0.031428
0.058907
0.025638
0.041327
0.030910
0.039173
0.134638
0.042732
0.064757
0.022864
0.019612
0.110660
0.048989
0.020268
0.047502
0.040427
0.027956
0.027040
0.025280
0.025443
0.038451
0.029870
0.272309
0.189522
0.059554
0.128036
0.031689
0.142395
0.064353
0.067434
0.035387
0.037817
0.086996
0.057867
0.079466
0.091947
0.048323
0.108334
0.039989
0.052381
0.014784
0.128242
0.126364
0.078346
0.048966
0.024965
0.090599
0.029922
0.037060
0.056685
0.037010
0.037524
0.037148
0.055699
0.173356
0.037455
0.027625
0.029168
0.053230
0.039288
0.142411
0.044236
0.148410
0.048267
0.023917
0.113079
0.056996
0.029756
0.087953
0.107925
0.134892
0.145686
0.027275
0.052405
0.079623
0.027299
0.045994
0.013968
0.073696
0.031671
0.064535
0.044186
0.148999
0.044758
0.026180
0.043175
0.019563
0.052876
0.032986
0.018080
0.023414
0.039447
0.053378
0.026674
0.028866
0.066448
0.206028
0.050138
0.029164
0.057921
0.065075
0.067442
0.056968
0.066010
0.036192
0.028463
0.043765
0.023026
0.578207
0.074203
0.039582
0.022285
0.040522
0.027424
0.025503
0.007912
0.018886
0.053971
0.066612
0.055841
0.110702
0.062477
0.162972
0.029898
0.028351
0.031195
0.086950
0.032549
0.054440
0.066811
0.061279
0.040722
0.012378
0.030822
0.067850
0.132176
0.138391
0.060384
0.074214
0.038349
0.067050
0.043002
0.049458
0.068189
0.033130
0.080683
0.017915
0.018237
0.043512
0.060984
0.146064
0.039184
0.035637
0.038754
0.044755
0.049767
0.094097
0.023300
0.017039
0.201173
0.012805
0.041437
0.098981
0.067331
0.026155
0.016586
0.032813
0.029408
0.057598
0.100796
0.155535
0.051008
0.056444
0.026380
0.020655
0.143839
0.093508
0.045647
0.025741
0.036068
0.092903
0.071036
0.023420
0.020205
0.094862
0.051238
0.023756
0.073444
0.083553
0.022185
0.030103
0.150361
0.042220
0.032004
0.133195
0.038619
0.035222
0.031509
0.076422
0.035072
0.125927
0.138625
0.064046
0.056074
0.060229
0.128844
0.108352
0.033651
0.083050
0.043257
0.137616
0.130147
0.032435
0.017693
0.030457
0.107894
0.040617
0.047066
0.043954
0.016435
0.047320
0.079446
0.121167
0.054629
0.035549
0.039058
0.056345
0.043927
0.040411
0.074610
0.034171
0.078036
0.157974
0.038460
0.022346
0.037746
0.012758
0.075242
0.040087
0.034870
0.037880
0.015572
0.092931
0.030892
0.062921
0.091238
0.091689
0.064336
0.096131
0.025730
0.033872
0.037155
0.013167
0.061198
0.096490
0.061618
0.036472
0.033615
0.027046
0.040924
0.066570
0.140666
0.060437
0.029642
0.055769
0.051414
0.129920
0.066443
0.039952
0.041048
0.107888
0.103567
0.123590
0.051654
0.022677
0.044236
0.043964
0.060987
0.037645
0.099011
0.038398
0.032359
0.004125
0.033468
0.053806
0.033253
0.090136
0.019456
0.017506
0.032371
0.039350
0.027942
0.053550
0.037189
0.077324
0.065124
0.058155
0.077555
0.068035
0.024444
0.027955
0.025806
0.029044
0.026949
0.058131
0.300264
0.098141
0.011118
0.101438
0.046338
0.054816
0.100094
0.085682
0.055925
0.033882
0.016534
0.040927
0.073452
0.063139
0.141525
0.044285
0.037561
0.026543
0.037689
0.013426
0.055031
0.054727
0.059736
0.060024
0.084162
0.016971
0.037556
0.079829
0.072173
0.058818
0.076591
0.032307
0.035436
0.041269
0.042215
0.051885
0.027158
0.060345
0.029927
0.193070
0.019175
0.038290
0.034649
0.051291
0.023078
0.051578
0.132356
0.086797
0.061988
0.064686
0.051586
0.116996
0.056441
0.128132
0.124921
0.042913
0.065558
0.109964
0.053718
0.023858
0.018983
0.008236
0.024501
0.137507
0.080851
0.043305
0.037770
0.037152
0.040038
0.032221
0.037552
0.012713
0.082027
0.062668
0.099214
0.034041
0.041753
0.055877
0.028351
0.020794
0.077782
0.017145
0.062899
0.026571
0.117889
0.124753
0.043188
0.044037
0.026617
0.072929
0.041077
0.141038
0.015518
0.018026
0.040224
0.052552
0.083712
0.020880
0.044926
0.024017
0.023267
0.045759
0.047167
0.085315
0.027394
0.059723
0.127414
0.075181
0.105165
0.075424
0.078194
0.020964
0.068529
0.069133
0.089606
0.056550
0.020337
0.043965
0.035869
0.015772
0.039216
0.028375
0.029878
0.020393
0.115140
0.027275
0.089196
0.036867
0.075421
0.055410
0.057948
0.114055
0.019645
0.030540
0.042824
0.024486
0.136345
0.055122
0.035089
0.053567
0.071535
0.087896
0.105445
0.071992
0.037278
0.034030
0.026566
0.059246
0.006047
0.116462
0.024176
0.038643
0.096143
0.030572
0.028362
0.032873
0.271013
0.049063
0.050574
0.125184
0.055429
0.081929
0.025833
0.078837
0.118405
0.096449
0.051181
0.019083
0.022167
0.039258
0.101390
0.123896
0.021082
0.021684
0.075735
0.071284
0.053743
0.033202
0.103701
0.019292
0.019529
0.074369
0.058272
0.081945
0.013759
0.067832
0.046928
0.081263
0.132286
0.005578
0.173399
0.094325
0.027552
0.010896
0.025348
0.072024
0.036270
0.049066
0.120647
0.046376
0.022175
0.118123
0.039947
0.059000
0.047920
0.087988
0.048935
0.036401
0.047968
0.020319
0.026950
0.068909
0.099337
0.049758
0.036995
0.031889
0.051643
0.067839
0.085216
0.126698
0.179149
0.029490
0.081510
0.068021
0.090825
0.028925
0.062847
0.050634
0.030502
0.032738
0.023013
0.067774
0.137532
0.075173
0.085150
0.081982
0.028956
0.042730
0.081650
0.009920
0.203871
0.071786
0.059686
0.066986
0.104307
0.047341
0.077519
0.070448
0.111781
0.078953
0.122760
0.070703
0.014709
0.137434
0.036439
0.109596
0.107528
0.141510
0.051203
0.036366
0.057407
0.013513
0.046894
