67
1.807848
4
91
40
10
1
5047
-0.199662
0.561403
0.613419
0.292365
-0.940013
-0.945956
0.273080
-0.110910
0.149712
0.581801
-0.220854
0.124408
0.952034
0.310827
0.019402
0.436405
0.177622
-0.760632
-0.291802
-0.074975
0.056259
0.235613
1.000000
0.346587
0.506738
0.157392
-0.243817
-0.814585
0.163730
0.093470
-1.000000
-0.233578
0.000700
0.118459
-0.001788
-0.011234
-0.415606
0.076914
-0.083235
0.045882
-0.546107
0.727507
0.123177
-0.202856
-0.425600
-0.336502
0.200349
-0.537738
0.194953
-0.755273
-0.321852
-0.836844
-0.243854
-0.177840
-1.000000
0.032049
-0.521557
0.503789
0.396062
-0.027677
0.948872
-0.161672
-0.621716
1.000000
0.385782
0.151974
-1.000000
-0.423084
-0.334746
0.017577
-0.756973
-0.249357
-0.372166
-0.155872
-0.037388
0.061117
0.762663
0.844360
0.421313
-0.987293
-0.249066
0.157204
0.556881
0.361315
-0.859338
-0.062683
0.556049
0.076628
-0.288261
-0.678705
-0.585790
-0.503075
0.083450
-0.248118
0.215845
0.014248
-0.152216
0.462084
-0.102842
-0.262124
0.144555
-0.098547
-0.385410
0.427122
-0.401942
0.513611
0.180302
0.533094
-0.699932
0.325989
0.013598
-0.716342
0.043839
-0.339235
-0.095542
0.613117
1.000000
0.083287
-0.223163
0.002515
-0.183564
0.240492
0.353126
-0.216971
0.604075
0.246083
-0.224063
-0.796860
0.725763
0.062857
0.201298
-0.408810
-0.306869
0.048494
-0.416503
0.281961
0.689239
-0.077310
0.280333
0.445176
-0.418299
-0.135906
-0.366084
0.185402
0.205748
0.523065
0.893231
-0.071780
-0.157524
0.009743
0.120447
-0.483353
0.029735
-1.000000
0.460297
-0.078787
-0.476723
0.273425
0.319488
-0.279655
0.207427
-0.351540
0.143856
-0.108159
0.187659
0.074298
-0.241697
-0.739035
-0.084478
-0.071309
-0.505341
-0.293449
-0.051106
-0.306163
0.447152
-0.558761
-0.516097
0.152887
0.160020
-0.584465
-0.909876
-0.183238
-0.218911
0.024152
-0.317071
-0.824304
0.324065
0.428864
-0.104061
0.115200
-0.439046
0.020235
0.164193
0.182056
-0.462337
-0.110894
0.109528
-0.229143
0.397735
0.110598
-0.405428
-0.702308
0.000900
-0.250306
-0.083978
0.105897
-0.166063
-0.533057
0.104948
0.744098
-0.097490
-1.000000
-0.636540
0.534925
-0.542543
0.648840
0.224063
0.186771
-0.089795
0.552862
0.424717
0.567112
0.087173
0.026608
-0.215147
0.315842
0.067050
-0.696260
-0.276794
-0.277429
0.896115
0.450559
-0.239995
0.124718
0.392914
-0.213040
-0.155720
-0.339707
0.756592
0.140782
-0.526368
0.752713
-0.280528
0.216148
-0.957605
0.205352
-0.989935
-0.161902
-0.157050
0.498505
-0.000104
1.000000
0.517958
0.033336
-0.317141
-0.620057
-0.719425
0.053629
-0.026194
0.497739
0.256150
-0.176836
-0.273321
-0.209024
0.235378
0.080913
0.989137
-0.026020
0.496621
-0.323779
-0.485637
-0.533834
-0.127369
0.094205
0.513404
0.024075
0.256728
0.331522
-0.254980
-0.287895
0.274252
0.013498
0.007943
-0.514501
0.803939
0.718596
-1.000000
0.678388
0.639359
-0.178805
0.041023
-0.203970
-0.663196
0.319746
-0.517129
0.453120
-0.008980
-0.279646
-0.631662
0.112827
0.764838
-0.276779
0.075498
0.861624
-0.033576
-0.380056
-0.226997
-0.072284
-0.181402
0.307221
-0.143721
-0.161509
0.735817
-0.353475
0.297702
-0.602538
0.384378
-0.378770
0.198075
0.138482
-0.128106
-0.006048
0.720710
-0.034970
-0.190130
-0.199937
-0.849265
0.084233
0.173566
-0.745107
0.360176
0.009238
0.021984
0.074312
0.434529
0.220099
0.718893
-0.666200
-0.234460
-0.737785
-0.526844
-0.354681
-0.797350
0.262196
-0.357235
0.612697
0.148914
-0.386619
0.083552
0.492387
0.234262
0.697369
-0.088282
0.270095
-0.014205
-0.023023
0.532001
0.109966
0.471409
-0.426255
0.420993
0.434161
-0.039626
-1.000000
0.587635
0.948383
-1.000000
0.566010
0.073091
0.238591
-0.842324
-0.293747
0.214459
-0.133773
-0.618265
-0.235505
-0.021135
0.017581
0.037256
-0.023111
0.370298
-0.197185
-0.060239
0.358875
-0.108434
0.827414
0.517997
0.184409
0.785048
-0.046795
0.994226
0.542286
-0.765458
0.779646
-0.158888
0.711822
0.014520
0.982847
-0.960019
0.084370
0.336068
-0.031716
-0.572777
0.141686
0.008559
-0.456077
-0.276690
0.440755
0.416503
0.245470
-0.293946
0.369659
0.341950
0.601403
0.164021
0.128574
0.720346
-0.234727
-0.011362
0.519533
0.163950
-0.133466
-0.609857
0.605245
0.515401
0.130705
0.277335
0.010762
-0.116908
-0.174552
-0.810190
0.492323
0.321361
-0.312624
0.282128
0.223866
0.091611
0.627719
-0.283432
0.816378
0.249744
0.036816
0.327159
-0.528965
-0.048437
-1.000000
0.146920
0.120830
-0.474570
-0.255401
-0.923227
-0.300615
-0.650909
-0.283916
-0.145301
-0.241058
0.730824
-0.001106
-0.636737
0.618595
0.751615
-0.493926
-0.087621
0.754104
-1.000000
0.805806
0.425874
0.274955
-0.055049
-0.366189
0.857167
-0.907004
-0.057925
0.619315
0.875705
0.279747
-0.461578
0.050262
-0.323123
0.300905
-0.364400
-0.371278
-0.096345
0.274789
0.106464
0.524927
0.380952
0.575296
-0.181476
0.075721
-0.758582
-0.199208
-0.359341
0.411093
0.024200
0.138273
0.532490
-0.601350
-0.659656
0.315277
0.170403
-0.754473
-0.792983
0.879660
0.630646
0.338017
0.728891
0.137122
-0.062728
-0.452327
0.181561
0.475953
0.256193
-0.259403
0.306138
-0.428293
0.504018
0.055901
-0.831505
-0.322527
-0.432734
0.228105
0.154701
-0.414049
0.352171
0.116155
0.208529
-0.443387
0.618132
0.155113
0.027785
0.166269
0.250991
0.204566
-0.064351
0.051601
0.070469
0.462605
0.017457
0.172305
0.108828
0.631882
0.420504
0.468480
-0.361486
0.592901
-0.070871
0.094394
-1.000000
0.146423
0.609143
-0.258266
-0.494822
-0.053876
-0.117965
0.009310
0.543522
0.126163
0.457342
0.215072
-0.050715
0.567240
-0.309089
0.473044
-0.084115
0.241435
-0.147442
0.763399
0.040711
-0.448766
0.468541
-0.291194
0.111495
0.434893
0.348332
0.176920
0.276953
-0.184477
-0.901736
0.517363
-0.347064
-0.013223
0.191443
0.550694
-0.445166
-0.053845
0.091784
-0.336817
-0.545802
-0.146370
-0.081651
-0.013956
-0.115673
-0.096259
0.070709
0.792647
0.349258
-0.221749
-0.394259
-0.470622
-0.686557
-0.348372
-0.519428
0.961894
-0.108794
0.236891
-0.246564
-0.795801
-0.007726
0.814429
1.000000
0.079076
-0.868497
0.470620
-0.753380
0.142331
0.005194
-0.337649
-0.468757
0.264362
-0.788260
0.710190
-1.000000
0.250101
0.379440
-0.531450
0.212858
0.604660
0.349292
0.285984
-0.233965
0.036114
0.037762
-0.055416
-0.330530
-0.003326
-0.360887
-0.141400
0.108789
0.067525
0.224301
-0.043818
-0.078795
0.581720
-0.331870
0.173443
-0.094544
-0.118379
0.158293
-0.272809
0.118505
-0.277024
-0.113959
-0.130261
-0.023261
0.202794
-0.796976
0.176479
0.107645
-0.186044
0.130792
-0.335063
0.018150
0.082591
-0.312816
-0.148501
-0.466583
-0.263750
-0.025365
-0.417877
0.179399
0.013339
0.476032
1.000000
-0.201432
0.326327
-0.528376
0.479794
0.818599
-0.195381
0.289969
-0.402125
0.184016
-0.434676
-0.404705
-0.457496
0.739587
0.875427
0.018890
0.083695
0.097869
-0.227843
0.359989
0.611754
0.214554
-0.251397
0.914121
0.245374
-0.413150
0.770467
-0.468736
0.840980
-0.128774
0.716659
-0.008677
0.225233
-0.241391
0.483422
0.400391
-0.260416
0.235196
-0.295853
0.649958
0.984042
-0.004249
-0.308760
-0.284854
-0.017976
-0.759555
-0.277834
-0.517148
0.207113
0.149523
0.197977
-0.641774
-0.664874
0.019410
-0.272933
-0.104529
-0.221450
0.291870
-0.338571
0.235840
-0.172932
0.335777
0.393726
-0.143803
0.327425
-0.177221
0.011614
-0.672832
-1.000000
-0.616954
-0.351057
0.590527
0.094392
0.862335
0.796077
-0.792430
-0.201577
0.178327
0.676455
0.190747
-0.204260
0.764879
0.016558
-0.568621
0.695868
-0.742067
0.113304
-0.186638
0.243857
-0.038685
-0.101979
0.597291
-0.138631
-0.073047
0.129619
-0.223233
-0.177078
0.103763
0.091646
-0.269578
0.039028
-0.026806
0.423774
0.221294
0.273753
-0.684925
0.231914
-0.827405
0.239806
0.558965
0.292459
0.100643
-0.027284
0.200115
0.257603
-0.077567
-0.483627
-0.222409
-0.285681
0.017337
0.217662
-0.398670
-0.656418
0.081526
0.166276
-0.412816
0.312952
-0.067641
0.252798
0.200784
0.238366
-0.651948
0.297708
-0.534716
0.535501
0.384191
0.063508
-0.382141
0.393496
-0.056080
0.032020
-0.055770
0.451553
-0.018499
-0.211836
0.080775
-0.192981
-0.483769
0.108880
0.084864
-0.229628
-0.257067
-0.635622
0.193296
0.008880
0.038653
-0.216732
0.748811
-0.757025
-0.138923
0.320782
0.233491
-0.041342
0.043863
0.189932
0.099749
0.087776
0.808320
0.382396
0.637350
-0.754729
-0.089095
0.023456
0.439077
-0.313765
-0.125772
0.159096
-0.908932
-0.017921
-0.301731
-0.213211
0.362715
0.281625
0.540241
0.396167
0.357830
-0.665550
-0.133719
-0.017415
0.364469
-0.441439
0.592856
-0.050278
0.021644
0.044890
-0.165243
0.502438
-0.090008
-0.318067
0.074829
-0.246886
0.115189
-0.085385
-0.546613
-0.423197
0.860655
1.000000
-0.438274
0.143648
-0.026212
-0.354074
0.658943
-0.024674
-0.909003
-0.104274
-0.138212
0.137928
0.167164
-1.000000
0.355603
-0.130637
0.861207
-0.596829
-0.376152
-0.280571
0.001771
-0.799608
0.143573
0.785741
0.292265
-0.056207
-0.016381
0.484128
-0.654064
-0.085401
0.416546
-0.678805
0.007406
-0.359910
0.312904
-0.865342
-0.179951
0.806981
-0.326288
0.201899
-0.876455
-0.264285
-0.514033
-0.167506
0.361448
-0.722980
1.000000
0.233666
0.264972
-0.777394
0.256709
0.573847
-0.345529
0.736346
0.365691
0.045534
-0.328100
0.226044
0.429166
0.540761
-0.391664
-0.797755
-0.170083
-0.547770
0.061257
0.479771
-0.179708
-0.519176
0.486295
-0.127029
0.116599
-0.342269
-1.000000
0.035338
-0.059958
-0.025572
-0.049524
-0.785520
0.166714
0.001044
-0.599422
-0.132257
-0.220621
0.948137
-0.501544
-0.699323
0.247920
-0.464196
0.154905
0.807391
0.489097
0.188497
-0.036463
-0.088497
-0.820154
-0.647369
0.416997
-0.234817
-0.411811
-0.018965
-0.093719
-0.254554
0.519410
0.265677
0.397731
0.788042
0.297162
0.646103
-0.918484
-0.390491
0.017352
0.725979
0.198533
0.112474
-0.453432
0.841256
0.027320
0.266348
0.480725
-0.455778
-0.635701
-0.878611
-0.073529
0.260746
0.035248
0.240049
0.329478
-0.846678
-0.049796
-0.154212
0.230691
-0.311471
-0.055993
-0.498579
0.375120
0.384737
-0.290483
-0.099219
-0.416447
-0.434827
-0.149183
-0.301076
0.241447
0.598843
-0.433916
-0.103586
1.000000
-0.054787
-0.293703
0.051577
0.867484
0.372820
0.445190
0.217237
-0.302359
-0.554849
0.421039
-0.150016
0.805756
-0.207198
-0.066087
-0.264865
-0.678771
-0.028778
-0.158031
0.065026
-0.305402
0.218557
-0.533514
0.368977
0.784616
-0.611443
-0.395331
0.276462
-0.102964
0.336549
0.440915
0.318131
0.438581
0.679124
-0.048979
-0.145247
-0.683009
0.753381
0.522218
0.495033
-0.824193
-0.017727
-0.350877
0.206384
-0.130640
0.345545
-0.791601
-0.727306
0.160225
-0.304440
-0.030344
0.694516
-0.322783
-0.438725
0.842371
0.022901
0.209228
-0.558606
0.132820
-0.212061
-0.210155
-0.115473
0.804409
-0.004499
0.069257
-0.720013
0.386477
-1.000000
-0.127170
-0.335182
0.615423
1.000000
-0.534254
-0.597028
-0.079078
0.838761
-0.103637
-0.147253
0.792673
0.012621
0.320402
-0.549642
0.045857
-0.366626
0.786707
0.134508
0.496896
-0.582380
-0.532989
0.229803
-0.776072
-0.713436
-0.083344
-0.464866
0.174271
0.379714
0.952315
-0.396069
-0.412111
-0.118233
0.239660
-0.214169
-0.226322
-0.066616
0.215422
-0.022606
0.171577
-0.671336
0.186975
-0.455644
-0.122098
-0.001319
-0.127262
-0.265296
0.333632
0.092994
0.000373
0.710080
-0.166273
-0.161762
-0.073130
0.257631
0.845888
0.226007
-0.164249
0.369074
0.572771
-0.068654
-0.137616
-0.613410
-0.737896
0.050448
0.902752
0.337562
-0.164714
1.000000
0.130899
0.669178
0.140528
-0.182870
-0.019830
-0.469758
0.282835
0.806897
0.216081
-0.115153
-0.190836
-0.527415
0.175387
-0.062829
-0.255215
0.294376
-0.067400
-0.213358
0.221940
0.117226
-0.200060
-0.909879
-0.123797
0.417103
0.199870
-0.247613
-0.401834
0.551356
-0.225480
-0.460351
0.328476
0.206661
-0.143234
0.004940
-0.618716
0.976736
-0.390193
0.226084
0.231920
0.188227
0.002553
-0.267948
-0.028149
0.257770
0.549120
-0.044865
-0.618799
-0.165078
-0.117851
0.301706
-0.403035
0.813732
-0.224789
-0.226451
-0.360621
-0.249340
-0.173551
-0.127949
-0.162385
-0.059281
-0.351420
0.141331
-0.022318
-0.409938
-0.856017
0.961903
-0.594762
0.392204
0.129005
-0.225645
-0.131021
0.288281
-0.049190
-0.986296
0.618952
-0.390651
0.112447
-0.099732
-0.255298
-0.006720
-0.309803
-0.129309
0.352410
-0.768379
-0.242299
0.441357
-0.166777
-0.985661
-0.340638
-0.020211
0.483929
0.878894
0.088594
0.695348
0.938514
0.027698
-0.125435
0.374178
-0.075382
-0.138689
-0.228367
0.396354
0.693700
-0.489790
-0.618948
0.283254
-0.627783
-0.536432
0.486441
0.703755
-0.173083
-0.094384
0.887947
-0.888968
0.368956
0.386593
-0.358059
-0.577637
-0.796495
-0.538264
-0.304300
0.473332
0.404929
-0.243793
-0.186713
0.283934
-0.400970
-0.057566
0.038278
0.261227
0.272083
0.415199
-0.375748
0.185241
-0.323775
0.230379
-0.787994
-0.087452
0.183614
0.926536
-0.082038
-0.094629
0.975586
0.199281
0.306175
-0.929433
-0.092142
-0.431445
-0.132810
-0.418449
0.429114
0.299586
-0.867310
-0.171568
0.027034
0.226557
0.111250
-0.093483
-0.674818
-0.074538
-0.222499
-0.103053
-0.554081
0.778734
-0.177751
0.043300
0.793329
-0.038992
-0.510181
0.001368
-0.508411
-0.198858
-0.192574
0.413799
0.152613
0.576600
0.284840
-0.407415
0.642735
-0.890703
-0.825896
-0.069550
0.379548
-0.435508
-0.317774
0.272729
-0.108482
-0.242303
0.591851
0.580857
0.292073
0.342904
-0.107761
0.724996
0.170669
-0.446132
-0.254175
0.516547
-0.104473
0.376331
-0.353319
-0.205784
-0.912835
0.372354
0.221814
0.466176
-0.524753
-0.026880
0.136282
-1.000000
-0.264101
-0.254152
0.925912
-0.579241
-0.401381
0.003879
-0.337974
0.212871
-0.162386
0.220235
0.372501
0.106669
-0.006472
0.041187
-0.001956
-0.523230
-0.591009
0.780541
-0.265933
-0.350034
-0.748978
-0.015168
0.562079
-0.122539
0.874008
-0.689068
0.135926
0.597127
-0.209838
-0.303218
-0.447187
0.994031
-0.168327
0.121606
-0.719324
-0.307387
0.208156
-0.058604
-0.043490
-0.473226
-0.199163
-0.394388
-0.436306
0.818544
0.437062
0.626710
0.015052
0.146520
0.897808
-0.715144
-0.073075
-0.578463
0.364052
0.073681
0.501684
0.481752
-0.119792
-0.876107
-0.645879
-0.736542
0.254443
0.483050
-0.159606
-0.245406
0.226387
0.406507
-0.551704
0.008279
-0.564570
0.325421
-0.091726
-0.111112
0.980299
-0.464852
-0.715373
0.022596
-0.159363
0.038371
-0.417306
-0.788479
-0.007723
0.001010
-0.006402
0.506852
0.559115
0.652781
-0.198492
-0.392897
-0.473639
0.675244
-0.520374
0.226378
0.130542
-0.305539
0.195087
0.087720
0.072955
-0.031109
-0.177300
0.335491
-0.059997
-0.237192
0.163318
0.244995
0.551169
0.356149
-0.348161
0.256442
-0.168310
-0.020553
0.081934
0.488394
-0.409485
-0.020277
1.000000
-0.317888
0.313227
-0.216502
-0.329301
-0.150643
-0.743869
-0.688654
-0.230499
-0.049124
-0.213664
-0.308610
-0.447531
-0.113695
0.090437
-0.031761
-0.805708
0.681206
-0.155443
0.266210
-0.144136
-0.524208
-0.285585
-0.315763
-0.225844
-0.303816
0.749602
-0.044849
-0.018544
-0.777772
0.161922
-0.624989
0.631379
0.745018
0.330937
0.190902
0.374091
-0.519216
-0.919127
-0.328578
-0.197795
0.315879
0.494244
0.178371
0.733700
0.003250
-0.143477
0.075880
0.882000
-0.052871
0.001675
-0.264397
0.131145
-0.618730
0.134918
-0.592685
-0.206531
0.414078
0.938127
-0.026906
0.163575
-0.109911
-0.380944
-0.825459
0.257641
-0.460629
-0.497654
-0.401157
-0.258088
-0.226144
-0.700498
0.407393
-0.260986
0.765179
-0.451927
-0.278519
0.064979
0.489724
-0.006245
0.416179
0.365443
-0.444659
0.292821
0.664711
0.068195
-0.382907
-0.023834
0.302039
-0.042906
-0.466683
-0.040064
0.436204
0.096264
-0.188609
0.012456
-0.160632
0.276107
0.218518
0.094402
0.088039
0.351392
1.000000
0.496279
0.078554
0.236245
0.192023
0.099227
-0.159656
-1.000000
0.711581
0.366536
0.041669
-0.042459
0.033511
-0.559146
-0.006372
-0.789027
-1.000000
0.062411
-0.659168
-0.532609
0.312651
0.135724
-0.991630
0.383602
-0.924114
0.013013
-0.363448
0.425106
-0.196814
0.128800
-0.577073
0.149274
0.688707
-0.273199
-0.175293
-0.210270
0.328513
0.429472
-0.370339
-0.364817
-0.031611
-0.241039
0.197678
-0.620220
0.192128
-0.388176
-0.039993
-0.537435
0.463305
-0.350236
0.041720
-0.127923
-0.108227
-1.000000
0.833588
0.501524
-0.335783
-0.057775
-0.790588
0.266958
-0.050807
0.711723
-0.292887
-0.258231
0.112811
0.338156
0.727426
0.135355
0.118157
1.000000
0.659184
-0.741198
-0.365762
0.029496
-0.037939
0.790532
0.179828
-0.287544
0.369794
-0.608098
0.176234
0.833002
0.655217
-0.632431
0.819914
0.326149
0.000623
-0.115359
0.017949
-0.191342
0.036920
-0.346544
0.716359
0.147009
0.294060
0.239647
0.234808
0.077807
-0.248111
0.322698
0.499167
-0.170228
-0.546681
-0.067709
0.526451
0.197663
-0.714241
0.588537
-0.680860
0.252620
0.751987
0.101472
-0.189688
-0.349779
-0.151703
-0.706337
0.380099
1.000000
-0.173004
0.732698
-0.166031
-0.261750
-0.043862
-0.129263
-0.100682
-0.654479
0.564336
0.934227
-0.724864
0.934045
0.253856
-0.002710
0.280294
0.597627
-0.013078
-0.467154
0.734627
0.068936
0.400166
0.379491
-0.523598
0.394493
0.259903
0.741281
-0.158057
-0.050205
-0.682658
-0.365879
0.024176
-0.664473
-0.047375
0.041567
-0.201455
-0.132573
-0.241696
-0.167898
-0.334164
0.127809
0.154682
0.549405
0.382958
-0.913315
-0.155555
0.149803
-0.019961
-0.544144
-0.022917
-0.048099
-0.252870
-0.455278
-0.567279
-0.350027
0.947219
-0.380971
0.333356
-0.267552
0.120044
0.051563
-0.397325
0.035454
0.222172
-0.205127
0.106393
-0.176518
-0.445104
0.922987
-0.415161
0.302057
-0.588454
0.051367
-0.448545
0.715594
0.581107
-0.099483
0.314966
1.000000
0.440119
0.668079
0.536455
-0.676924
0.631674
0.792249
0.320228
-0.163269
-0.039852
0.439509
-0.200763
0.331088
0.616443
-0.145537
0.317534
-0.206439
0.370163
0.333598
-0.042972
-0.009909
-0.083903
-0.281551
-1.000000
0.599018
0.248322
0.284662
-0.407106
0.089869
0.230562
-0.013238
0.145950
0.374533
0.955188
-0.808497
-0.049253
-0.046372
0.041262
0.287666
0.263919
0.129961
0.006707
-0.800808
0.552163
0.157821
-0.833118
-0.343257
-0.568756
0.013733
0.078808
0.033060
-0.015402
0.139714
0.501731
0.203633
-0.398671
-0.634079
0.152558
-0.439761
-0.827316
0.167187
0.764978
-0.432763
-0.140567
0.268097
-0.213003
0.912338
0.018125
-0.828975
-0.995969
-0.369810
-0.194179
0.391688
-0.364180
-0.083001
1.000000
0.331439
-0.398499
0.184595
0.084319
-0.120347
-0.122809
-0.303958
-0.980418
0.890518
-0.054176
-0.442578
0.447235
0.117216
0.117568
0.352864
-0.217082
1.000000
0.976984
-0.130026
-0.168715
0.065619
-0.261553
-0.640537
0.481235
-0.226406
0.140796
-0.537154
0.775644
0.315318
-0.344534
-0.303290
0.756556
0.613968
0.066683
-0.578620
-0.301340
-0.031971
-0.246650
0.686684
0.398718
0.112031
-0.028086
-0.418785
-0.964111
-0.377247
-0.476101
-0.624765
0.276014
-0.252093
-0.156497
0.753087
-0.275914
-0.335149
-0.202566
-0.518076
-0.024682
0.098029
0.176318
0.147796
0.037011
-0.710600
0.004940
-0.219863
-0.201830
-0.156171
-0.565811
0.289649
-0.503500
0.830398
-0.147930
0.551175
0.041324
0.284573
0.351419
0.339367
0.260621
0.568019
0.137418
-0.296061
0.166112
-0.039121
0.427256
-1.000000
-0.094438
-0.529745
-0.212549
-0.120181
0.229120
0.015051
0.538050
-0.022363
0.517072
-0.488498
0.678343
0.013877
0.149273
0.537325
-0.504014
0.256520
0.125980
0.394131
0.779185
0.342884
0.711580
0.120419
0.415854
-0.803190
-0.013583
-0.416488
0.077358
0.085747
0.566695
0.145941
-0.625278
0.159530
0.107081
0.217128
-0.884901
-0.172935
0.543447
0.155085
-0.335238
0.644475
0.202052
-0.012818
-0.066331
-0.598362
-0.236129
0.406803
-0.435245
0.181462
-0.055730
-0.369490
-0.085228
0.261815
-0.921468
-0.448943
0.416867
-0.409740
0.202104
0.262508
0.438986
0.924280
-0.287081
0.407663
0.092468
-0.323032
0.283883
-0.158764
0.805049
-0.100186
0.181313
-0.025545
0.477551
0.423565
-0.155699
0.019499
0.506084
0.169407
0.811898
0.949872
-0.297827
0.024479
-0.076360
-0.120774
-0.583638
0.316433
-0.167637
0.478553
0.053949
0.179824
0.495561
0.040264
-0.510802
0.416056
0.014650
-0.288891
0.039818
0.126154
-0.244356
0.883404
0.090438
0.101797
-0.588744
-0.161253
-0.196858
0.479012
-0.414800
-0.822718
0.832225
0.518795
0.241996
0.122672
-0.725059
0.845616
0.008711
0.078207
0.591446
-0.354610
-0.422010
0.377225
0.420486
-0.601843
-0.371453
-0.338206
-0.317508
0.075337
-0.375228
0.316561
0.062370
0.939937
0.530907
0.169446
-0.294106
0.481645
0.852770
-0.614649
0.462742
-0.289991
0.648485
-0.200275
-0.004849
-0.241553
-0.187739
0.116314
0.850182
0.129172
0.625691
0.117141
0.224097
-0.876734
0.078692
-0.166420
-0.639116
-0.357754
-0.476150
0.030576
-0.120746
0.026643
-1.000000
-0.305804
0.100709
-0.597234
0.319765
0.536188
-0.165210
0.895291
0.314456
0.050523
0.311130
0.643600
0.457841
-0.142499
-0.165394
-0.010737
-1.000000
0.357187
0.595703
-0.956561
0.070616
-0.966454
-0.381348
0.344855
-0.503404
0.212676
-0.706692
0.398192
-0.050476
-0.651853
-0.138258
-0.444560
0.487401
0.060392
0.265646
0.234946
-0.045478
0.037451
0.261013
-0.495472
0.143433
0.513909
-0.014111
0.204653
-0.156432
0.806478
0.261995
0.630748
-0.080773
-0.862929
-0.070065
0.154371
-0.471639
0.195974
0.051865
0.063442
-0.280443
-0.279172
-0.365777
0.132918
0.265760
0.018784
-0.313553
0.577282
-0.025322
-0.795022
-0.008901
0.442601
0.220819
0.320529
0.211928
-0.096924
-0.134465
-0.298314
0.594021
0.365110
-0.817949
0.161637
-0.296692
-0.386407
-0.076777
-0.222217
-0.183229
0.511330
0.156868
-0.246582
-0.134758
0.521648
0.229344
-0.535261
-0.631401
-0.504991
0.016905
-0.463650
-0.468139
0.388395
-0.514947
-0.207370
1.000000
-0.068023
0.275813
-0.425656
-0.169218
0.005052
-0.195890
0.818896
-0.486320
-0.299971
0.324884
-0.215969
1.000000
0.858466
0.102662
-0.687333
0.288631
-0.389452
-0.239650
-0.623877
-0.920689
0.573256
0.792773
0.451987
0.632085
0.372372
-0.370441
-0.089818
-0.516486
-0.085711
0.102489
-0.043628
-0.009026
0.169850
0.179353
0.511235
0.836106
-0.923091
0.411565
0.069374
0.641936
0.099115
-0.218591
-0.816395
-0.023592
-0.031267
-0.023001
0.732470
-0.372873
0.868263
0.211363
-0.354886
0.419789
0.423673
0.289966
0.132738
0.628288
-0.409256
0.693593
0.559742
0.156669
-0.178551
0.192154
0.164019
0.713853
0.152051
-0.517774
-0.687178
0.061640
-0.225937
0.886957
-0.223529
0.079373
-1.000000
0.267041
-0.468377
0.381843
0.354557
0.235004
-0.216650
-0.391681
0.649652
-0.731659
1.000000
0.417202
0.038137
-0.193246
-0.022056
-0.633304
0.242186
-0.409496
-0.241304
-0.068920
0.029321
-0.057495
0.240439
0.187736
-0.335815
-0.122666
-0.358553
0.031630
-0.310870
-0.146417
0.485060
0.055204
-0.059808
0.566820
-0.006259
-0.257070
-0.011555
-0.473098
0.229131
0.271392
-0.749848
0.042325
0.059270
-0.331801
0.236467
-0.106542
-0.098690
0.600195
0.076872
-0.062603
-0.674451
-0.610337
-0.290886
-0.716450
0.258339
0.876926
-0.674372
-0.155258
-0.504345
0.114770
-0.440449
0.717780
0.302114
-0.235659
0.248073
-0.808328
0.467779
0.430406
0.162309
0.249035
-0.706879
-0.246561
-0.399023
-0.273614
-0.159073
-0.119454
-0.108624
-0.806847
0.192152
0.215062
0.323732
-0.321602
-0.836704
-0.094365
0.327461
-0.578028
-0.067871
0.190478
-0.835372
0.142440
-0.175068
-0.147503
0.249539
0.805141
0.044191
0.111661
-0.518379
0.657020
-0.206796
0.359186
-0.325346
0.525395
-0.207345
-1.000000
0.524537
-0.368117
-0.198296
-0.226863
0.269172
-0.514608
-0.462799
0.470848
0.271774
0.367476
-0.182262
0.807033
-0.377777
-0.146061
0.197463
0.441721
0.714640
-0.376256
-0.246176
-0.754826
-0.128100
-0.469512
-0.037962
-0.001730
-0.245578
0.327744
0.463230
-0.188271
0.079063
-0.043931
0.428826
0.024761
-0.656719
0.094890
-0.197034
0.339193
-0.276473
0.288528
0.029034
-1.000000
-0.224151
0.138663
0.181375
0.473608
-0.794349
-0.288576
0.608793
-0.201703
0.058351
0.411817
0.333246
-0.180957
-0.002206
-0.428768
-0.272663
-0.080106
0.511898
0.011727
-0.371554
-0.447844
-0.577428
-0.352155
-0.014443
-1.000000
0.407980
-0.193774
-0.209998
0.063360
-0.510304
0.222034
0.050621
-0.048099
-0.431942
-0.038502
-0.821858
0.144934
0.849394
-0.006777
0.660590
0.319977
0.052884
0.773368
-0.202582
-0.754921
-0.377528
0.266132
0.041399
-0.272905
0.080674
0.799486
-0.671426
0.524716
-0.047187
-0.103011
-0.526504
-0.239753
-0.070388
-0.264695
0.210744
0.400420
-0.305385
0.501210
0.218666
-0.053125
0.211220
-0.667551
0.093836
-0.200900
-0.594939
0.731770
-0.802549
0.088428
-0.345022
0.507258
0.096177
0.083683
0.255379
0.022446
-0.264364
-0.417009
1.000000
-0.354718
-0.492414
0.196800
-0.635172
-0.907126
1.000000
-0.112209
-0.314045
0.369748
-0.427437
-0.669598
0.785253
-0.084670
0.086481
-0.260331
-0.379888
-0.420158
0.610465
-0.415977
-0.302904
0.553640
1.000000
0.081358
-0.126046
-0.178647
0.136598
-0.906399
0.037766
0.269844
0.138576
-0.880888
0.154617
-0.532101
0.303766
-0.135156
0.356706
0.110933
0.744082
-0.426642
-0.297358
0.695524
1.000000
-0.212167
-0.406591
0.310978
0.171261
-0.037463
0.466200
-0.610318
-0.176833
0.314187
0.244347
-0.754101
-0.778535
0.047623
0.053210
0.192355
0.473806
0.118605
-0.033367
0.532022
-0.366052
0.558968
-0.207406
-0.131723
-0.065724
0.904737
-0.037627
-0.610899
-0.061058
-0.384111
0.001403
-0.528943
0.315346
0.230612
0.840177
0.329916
0.626916
-0.207476
0.819940
-0.908153
0.109561
0.039513
0.926150
-0.781184
0.464389
-0.043786
1.000000
0.143547
0.452679
0.060089
0.325668
-0.097282
0.432467
-0.651737
0.392990
-0.754605
-0.914470
-0.849708
-0.257889
-0.228996
0.649831
0.758163
0.948686
0.659330
0.300499
-0.055779
-0.658561
0.206281
0.108742
-0.262420
0.986719
-0.221147
-0.069693
0.073818
0.116352
-0.477940
0.831868
-0.072740
0.689361
0.840837
0.136279
0.791439
-0.760000
0.517337
-0.136313
0.950435
0.040704
0.360138
0.053202
0.160808
-0.233725
-0.345203
-0.048746
-0.319466
-0.419669
-0.587307
-0.539636
-0.029099
0.283555
-0.408919
-0.097821
-0.434256
-0.378832
-0.224610
-0.118559
0.042621
0.408348
0.272660
-0.903204
-0.223338
-0.828802
0.202326
-0.017980
-0.088977
-0.545235
0.346994
-0.972749
0.498397
0.258943
-0.622796
-0.098857
-0.602452
0.324863
0.982767
-0.213574
0.204903
-0.164178
-0.571141
0.443359
0.092823
-0.013659
0.704458
-0.071338
0.737806
1.000000
0.552831
0.018402
0.408472
-0.922269
0.946287
-0.231052
-0.100497
-0.042956
0.384862
-0.149943
-0.461507
0.355633
-0.095355
0.327415
0.491215
-0.329434
0.903304
0.952404
-0.437113
-0.499788
0.265371
-0.144563
0.064843
-0.034803
0.008799
0.243828
0.240228
-0.454433
0.029320
0.195089
-0.328018
-0.467169
0.303753
-0.962918
-0.004386
-0.170348
-0.395876
-0.317605
-0.600731
0.159820
-0.365431
0.600020
0.371059
0.085197
0.989332
0.096331
0.000714
-0.145612
-0.093027
0.512756
0.037620
0.467729
0.650043
0.686122
-0.286178
-0.240473
0.480609
0.088812
0.724946
0.950441
-0.499824
0.905247
0.031838
0.331266
0.496865
-0.909810
0.343784
0.448612
0.414717
-0.087502
0.004379
0.588995
0.441419
-0.475692
0.182059
-0.326029
-0.047565
0.366620
0.107265
-1.000000
-0.467554
0.161504
-0.123011
0.202156
0.431253
0.794621
-0.429982
-0.025819
0.367756
0.193056
-0.346145
-0.635927
0.301847
0.840366
-0.384100
0.869936
0.364171
0.235222
-0.239930
-0.518926
0.379491
-0.211069
-0.665284
0.050563
-0.470399
0.301934
-0.199832
0.286708
0.003743
0.132346
-0.521849
-0.353317
0.210624
-0.376522
-0.118921
-0.921813
-0.373527
0.954156
0.205174
-0.009732
-0.926226
-0.172800
-0.110417
-0.684749
0.302616
-0.709181
0.107114
0.087125
0.203997
-0.100553
-0.455538
0.524864
-0.414433
0.485135
-0.776126
0.509122
-0.973682
0.603541
0.015372
0.202039
0.882705
-0.494811
0.126851
-0.947767
0.281562
-0.252150
-0.516647
0.088590
-0.193979
0.039270
0.637145
0.147495
-0.253706
0.199296
0.523485
-0.089666
-0.540828
0.081315
0.298905
0.008182
-0.236888
0.031933
0.035922
-0.341564
-0.170544
-0.582730
0.041142
-0.252964
-0.000606
-1.000000
0.129115
0.005205
-0.405530
-0.086805
0.479194
-0.293121
-0.094270
0.089098
-0.515715
0.411462
0.041651
0.495436
0.019387
-0.618741
-0.950879
1.000000
-0.143187
0.489492
0.053812
0.696741
-0.283851
0.220334
0.282032
-0.320754
-0.867313
-0.596428
0.256140
0.392917
-1.000000
0.645277
0.468345
0.461547
0.082687
0.185866
0.729756
-0.907130
-0.398174
-0.491854
-0.118788
-0.079013
-0.449056
0.969129
-0.036994
0.625755
-0.797107
-0.111495
-0.234330
-0.381397
-0.293230
-0.302051
-0.012671
-0.390276
0.404376
-0.686351
0.521488
-0.528501
0.056526
0.080846
0.066357
-0.469100
0.871941
0.234522
-0.039174
0.267402
0.099056
0.484560
0.163678
0.357978
-0.951557
-0.236941
-0.837045
0.194122
0.386287
0.399869
1.000000
-0.020029
0.317313
0.309900
0.044434
-0.504193
-0.477957
-0.803196
0.311397
0.811407
0.306176
-0.312592
0.292740
-0.369719
0.227884
0.538781
0.190170
-0.864565
0.493055
-0.049989
0.918066
0.848001
0.886902
0.288354
-0.467736
-0.208732
-0.890116
0.121610
0.379852
0.113319
0.341006
0.009424
-0.275156
0.080854
-0.134771
-0.337752
0.511894
-0.786840
0.028211
-0.318039
0.166715
-0.326056
0.307361
0.079343
-0.161423
-0.201546
-0.728274
0.700997
0.193480
0.197931
0.114017
1.000000
-0.085515
0.035926
0.756646
0.464086
-0.223488
0.286884
0.295657
-0.164397
-0.417853
0.077332
0.283155
0.274181
-0.034553
0.333732
0.510961
-0.665699
-0.474572
0.121642
0.234006
-0.337066
0.940773
-0.414907
-0.518403
-0.123591
-0.218371
0.020938
0.554598
0.478140
0.192916
0.219572
-0.555365
-0.050775
-0.148135
-0.101222
-0.082117
-0.324258
-0.172735
-0.072229
-0.128500
0.340610
0.461227
0.162072
0.179284
-0.239765
-0.357756
-0.306333
-0.743787
0.647247
-0.129729
-0.282663
0.606995
-0.008778
0.057310
0.253970
0.129394
0.474348
0.998006
0.698923
-0.295320
0.101797
0.811421
0.318761
-0.815270
0.728012
-0.452059
-0.103775
1.000000
-0.531437
-0.471443
-0.302420
0.613757
-0.126757
0.336915
0.129509
-0.261257
-0.077670
-0.304513
0.119623
0.259842
-0.409768
0.541061
0.804263
-0.428523
0.110834
0.606012
0.220170
-0.189675
0.649979
-0.370644
0.809231
0.026512
-0.280136
0.793012
-0.356441
-0.794986
-0.585903
0.231559
0.620509
0.832379
0.334836
-1.000000
-0.507872
0.044719
-0.260197
0.350101
0.293690
-0.528392
0.007536
-0.811548
0.682459
0.341426
0.196809
0.682761
-0.175266
-0.830482
0.339086
0.082517
0.508072
0.222935
-0.447024
-0.600871
0.157204
-0.376896
0.370065
-0.275212
-0.495469
0.159503
1.000000
0.232453
-0.407978
0.334102
0.078793
0.099015
0.653481
0.114919
0.448529
-0.269535
-0.228493
0.164093
-0.203777
-0.235104
0.227769
-0.121147
0.147833
-0.065275
0.106328
0.203293
-0.043686
0.231196
-0.023604
0.963113
-0.130257
0.054780
-0.161201
0.305333
0.585324
-0.003041
-0.463788
-0.225238
-0.301767
-0.223097
0.286158
0.821224
-0.248405
0.092450
0.049972
0.369066
0.610597
-0.497889
0.131163
0.275275
-0.967264
-0.702790
-0.003117
-0.145421
-0.226399
0.075292
-0.520182
0.094023
0.148256
0.744568
0.447394
0.761923
0.102112
-0.115917
-0.708265
0.346302
-0.129260
0.456239
-0.092705
0.083815
-0.193755
0.355527
-0.086557
-0.830674
-0.499252
-0.485330
-0.233440
-0.029878
-0.168465
-0.095860
-0.631076
-0.003050
-0.067448
-0.285370
0.684297
0.322724
0.584849
0.570562
-0.495303
-0.123202
0.259759
-0.039137
0.504546
-0.379771
0.477305
0.010926
-0.029499
0.075549
0.338703
-0.136109
0.159359
0.200356
-0.173072
-0.961293
-0.251317
-0.488331
0.021692
-0.332132
-0.395330
-1.000000
1.000000
0.194124
-0.727292
1.000000
-0.537722
0.252091
0.366073
0.135599
0.480750
0.256348
0.076356
-0.108713
-0.606589
-0.175190
-0.325003
0.658324
0.090234
-0.494007
0.576128
0.084928
-0.125367
-0.353388
0.644430
-0.042358
-1.000000
0.310536
0.403072
0.549566
0.287957
-0.063031
0.312383
0.336288
0.043759
-0.236070
0.872255
-0.590616
0.178351
-0.841611
-0.474513
0.018822
0.631020
-0.342225
-0.091207
-0.030533
-0.103144
0.558195
-0.732812
0.277677
0.444724
-0.078628
0.012732
0.466275
-0.384712
-0.632106
0.268888
0.337372
-0.225195
0.147148
0.308430
0.794986
-0.267701
-0.010327
-0.414569
0.269608
0.431522
0.241704
-0.784826
0.206429
0.358602
0.170188
0.207939
0.010592
0.174116
-0.449212
0.064777
0.387984
0.211434
-0.293403
0.571595
-0.050401
-0.343427
0.267009
-0.397424
0.035307
0.359296
-0.720748
0.482182
-0.225951
-0.596293
0.919812
1.000000
0.448071
0.016751
0.157272
-0.027625
0.333550
-0.357185
0.514175
-0.281923
0.456843
-0.044981
-0.809040
-0.685005
-0.218514
-0.081532
-0.147199
0.689864
0.449184
-0.415476
-0.270021
1.000000
0.001788
0.804952
-0.109013
0.042270
0.012890
0.053221
0.140165
-0.268480
-0.039463
0.078989
0.540251
-0.017480
0.363960
-0.540736
0.689914
-0.151355
0.962342
0.327954
0.504725
0.393274
0.225913
0.028280
-0.974377
0.374150
0.049981
-0.017755
-0.219824
0.242447
-0.280224
0.108476
-0.241031
0.422255
-0.000928
-0.065742
0.066216
-0.323756
-0.349022
-0.298005
0.614679
-0.548813
-0.461071
0.278271
-0.169992
-0.023199
0.789743
0.723665
0.063247
-0.457508
0.505245
0.647287
0.903490
-0.941258
0.477559
0.181289
0.325371
-0.070703
0.122522
1.000000
0.192117
0.858761
-0.020479
-0.594494
0.511956
0.010220
0.905011
-0.171279
-0.201157
-0.277529
0.260011
-0.750393
-0.615648
-0.392368
0.328057
-0.464002
-0.007443
0.501398
-0.074092
-0.300572
0.083093
0.051782
-0.037229
-0.230626
0.222450
1.000000
-0.599378
-0.308799
0.091028
0.299093
0.036548
-0.067584
-0.899300
0.138865
0.781485
0.361471
-0.601308
-0.019110
0.050543
0.143840
-0.311015
-0.162742
0.351969
0.267916
-0.298399
-0.606767
0.004962
0.036639
-0.325224
-0.079566
0.260299
-0.304969
-0.499989
-0.375617
0.166530
-0.593350
0.552012
-0.354993
0.239441
-0.577072
1.000000
-1.000000
0.046581
-0.382454
-0.299741
0.308293
-0.225578
0.315543
-0.374977
-0.666985
-0.659571
0.129555
-0.705225
0.167002
-0.380339
-0.848953
1.000000
0.015130
-0.590650
-0.356613
0.245040
-0.049165
-0.451853
0.458632
-0.555218
-0.148555
-0.241780
0.117859
-0.350148
1.000000
0.318895
0.070140
0.201845
0.101838
0.047834
0.420841
0.532154
-0.050890
-0.129674
-0.294470
-0.618718
-0.275086
0.804857
-0.797877
0.262736
-0.474135
-0.305864
0.261417
0.887207
0.261504
-0.651221
-0.188479
0.489403
0.111522
-0.021694
0.233616
0.269107
-0.261233
-0.473563
-0.507536
0.064664
0.023555
-0.119055
0.171444
-0.813576
0.444648
-0.969264
-0.132901
0.060895
-0.075448
-0.050656
-0.775614
1.000000
-0.607186
-0.215567
0.288832
-0.189963
-0.003732
0.199941
0.458590
-0.195812
0.534504
-0.052470
0.045843
0.433723
0.400297
0.938740
0.245419
0.242569
0.192829
0.000574
-0.732500
-0.225079
0.409933
-0.729243
-0.572579
0.514245
-0.160451
-0.031182
-0.630767
0.301993
0.149926
-0.544398
-0.128917
-0.363561
-0.489215
0.585662
0.136900
0.288155
-0.755225
-0.472390
0.453668
-0.874552
-0.565978
-0.419363
0.770301
0.108136
0.568575
0.154962
-0.254592
0.149334
-0.201080
0.190573
-0.157558
-0.070827
-0.285978
0.315455
-0.166500
0.072447
0.413360
0.013370
0.073027
0.012592
0.200396
0.524575
0.523779
-0.125270
0.705311
0.029664
-0.756505
0.038586
-0.402683
-0.919394
-0.118149
-0.500256
0.148459
0.549684
0.820837
-0.720839
-0.749896
0.235654
-0.106254
0.104214
-0.306994
-0.158386
0.682309
0.203320
-0.218254
0.310126
-0.035879
-1.000000
-0.611791
-0.415113
0.576569
-0.133016
0.435404
-0.546910
-0.221095
-0.244713
-0.619306
0.094962
-0.346479
0.231679
0.470645
0.065521
0.776695
0.409490
0.715893
-0.320166
-0.083036
0.369202
-0.165944
-0.004393
0.705290
-0.202894
-0.477722
0.351159
-0.376687
0.018624
0.324969
0.258081
0.237601
0.407338
-0.360309
-0.311868
-0.060591
0.650356
0.215744
0.285613
-0.737095
-0.167455
-0.042286
-0.252535
-0.165793
0.738512
-0.561003
-1.000000
-0.440838
-0.159481
0.099244
-0.527942
-0.421495
-0.171181
-0.720554
0.100190
-0.236454
-0.130964
-0.783393
-0.019323
-0.385263
-0.298498
-0.936070
-0.278750
-0.437606
0.840489
-0.322104
-0.280353
0.489133
-0.063097
0.150542
0.519812
-0.566538
-0.060745
0.043573
-0.225022
0.944353
0.725693
0.369329
-0.012481
-0.234713
-0.636422
0.072966
0.074437
0.328756
0.450082
0.625505
0.335322
0.557345
0.024056
0.494875
0.642818
0.300811
0.307872
-0.363134
0.072325
0.503075
0.089782
0.082717
0.396695
-0.280558
-0.105705
-0.663152
-0.359786
0.675442
0.357940
-0.956887
-0.291578
-0.378639
-1.000000
0.332419
0.380417
-0.836425
-0.310944
-0.246067
-0.118974
0.932559
0.119272
0.660066
-0.013047
-0.154201
1.000000
-0.021214
-0.224241
0.025594
0.092535
0.019815
-0.455715
-0.084718
-0.036765
0.119399
0.004312
-0.358563
-0.634429
0.110595
-0.429990
0.094846
0.235765
0.121769
-0.036068
0.085726
0.116018
-0.133513
-0.445170
0.907089
-0.323061
-0.519194
-0.431723
0.348438
0.175409
0.006805
-0.662244
-1.000000
0.454170
-0.251253
-0.482236
0.595757
0.212338
-0.163635
0.221349
-0.598843
0.094536
0.474123
-0.439970
-0.642770
-0.182181
-0.129611
0.669743
-1.000000
-0.230444
0.369749
-0.164432
0.205583
-0.235031
0.720595
0.258127
0.228726
-0.440282
0.139083
-0.013881
-0.621510
-0.796878
-0.336510
0.330114
0.030239
0.131983
-0.635031
-0.075637
-0.157956
0.366752
0.530911
0.139770
-0.346958
-0.477505
-0.142861
-0.404683
-0.253712
0.065261
-0.010417
0.306342
-1.000000
-0.601936
-0.186698
0.095308
-0.165401
0.200790
0.524729
-0.712402
-0.125971
0.213589
0.356487
-0.018614
-0.318139
0.143267
0.400631
0.585506
-0.771682
0.393375
-0.649218
0.014861
0.120763
0.596661
0.292083
-0.382756
-0.160341
-0.503981
0.144983
-0.658461
0.237873
-0.077465
0.162518
-0.628634
-0.309162
0.025361
-0.015768
0.172847
0.740645
-0.089084
-1.000000
0.703621
-0.885424
-0.246969
0.254968
-0.079751
-0.630254
0.171466
-0.208653
-0.255559
0.501488
0.081449
-0.858716
-0.266619
-0.487477
-0.128959
-0.845822
-0.266821
0.005081
0.781075
0.299121
-1.000000
-0.474717
-0.700211
-0.468544
-0.271908
-0.067188
-0.314065
-0.987998
-0.781125
0.756175
0.535172
0.480295
-1.000000
0.011596
-0.346306
0.071284
-0.080255
0.082050
0.083215
0.501953
-0.105848
-0.418733
0.408130
0.191231
0.377204
-0.249097
-0.228558
-0.453603
0.760053
-0.307892
-0.407357
-0.907580
-0.429038
-0.302297
0.005183
-0.380971
0.008320
-0.294699
0.531235
-0.441556
0.479213
-0.254425
0.243580
1.000000
0.328197
0.892223
0.102089
0.211412
0.545991
0.019829
-0.069279
0.295035
-0.520754
0.135706
-0.492752
-0.351172
0.509617
0.400976
0.176833
-0.672146
0.762230
-0.388842
-0.796531
-0.181253
-0.464914
0.151213
-0.072764
0.195578
0.640561
-0.619441
0.418241
-0.312428
-0.069119
0.020829
0.387850
-0.108847
0.004157
0.249097
-0.782646
-0.160606
-0.710694
0.145736
0.791814
0.065989
0.433457
-0.136128
-0.227365
-0.296671
0.388817
0.698401
-0.029781
0.155955
-0.303741
0.276252
-0.536463
0.395433
-0.127801
-0.669135
-0.555510
-0.081956
0.556734
-0.116895
-0.524737
-0.627514
-0.440179
0.396499
-0.064123
-0.832955
0.216300
-0.933944
0.033431
-0.600985
0.175487
0.603207
-0.256381
-0.110285
-0.330488
-0.965598
-0.779327
0.519507
0.155667
0.157860
0.772463
-0.009764
0.369226
0.422983
-0.045639
-0.566674
0.746454
-0.179327
-0.942944
-0.063010
0.603234
-0.117945
0.106341
-0.050765
0.276566
1.000000
-0.372511
0.696749
0.395882
0.050340
0.053893
-0.081070
-0.044090
-0.511821
-0.479590
-0.072035
0.416992
0.043767
-0.724636
0.081115
-0.146983
-0.549378
0.291179
-0.860240
-0.126984
0.260836
-0.468744
0.320381
-0.031698
0.466069
0.311682
-1.000000
0.480016
-0.798352
-0.476027
0.440816
-0.733736
0.518063
0.204380
0.170621
-0.870493
0.213174
0.285930
0.306888
-0.175780
0.225023
0.701492
-0.108466
-0.242442
0.802738
0.311796
0.148249
0.551651
-0.360208
0.207463
0.975870
0.407870
0.020561
0.135049
0.135958
-0.514841
0.079738
-0.056813
-0.233192
0.127430
-0.063422
-0.399954
0.296914
-0.005739
0.085897
0.112011
-0.500806
0.724440
0.047252
-0.099830
0.045495
-0.019489
-0.104957
0.031314
-0.667990
0.016191
-0.000771
0.860473
-0.606599
-0.592101
0.409986
-0.078863
0.512259
0.229180
0.593873
-0.035234
0.083990
0.084141
0.025227
0.663529
0.015862
-0.763590
-0.605747
0.075833
-0.298869
0.302342
-0.434295
0.604166
0.455194
0.109156
0.681655
0.498403
-0.207130
-0.196360
-0.174002
-0.093460
-0.414417
0.835197
-0.020351
0.918298
0.069452
0.492673
-0.092335
0.019428
0.465892
-0.672196
-0.331323
-0.041807
-0.148435
-0.176003
-0.539470
-0.091331
-0.535313
0.154951
-0.198224
-0.126550
-0.208981
0.239859
-0.608000
-0.387090
-0.679273
-0.123161
0.184823
0.068936
-0.057776
-0.223610
-0.754585
-0.560407
-0.192699
-0.307647
0.246650
0.682597
-0.015310
-0.417294
0.614665
0.035410
0.155326
-0.074531
-0.777549
-0.042604
0.254680
-0.315804
0.253631
0.460453
0.595060
-0.346142
-0.251789
0.161235
-0.049869
1.000000
0.687909
0.057288
-0.101481
-0.532283
0.040902
-0.138748
-0.010500
0.900594
-0.908990
0.575761
-0.265550
0.114307
-0.012326
-0.795243
-0.162985
0.934666
-0.499873
-0.296027
-0.394275
0.105271
0.319706
-0.454328
-0.196761
0.452760
0.507686
-0.050350
-0.282772
0.014440
0.100791
0.149330
0.344045
0.152350
-0.539043
0.076309
-0.912548
-0.387690
0.565251
0.139474
-0.890928
-0.527521
-0.183204
0.006785
-0.025242
-0.719412
-1.000000
0.142721
-0.477437
0.380197
0.446411
0.054656
-0.443724
0.944840
0.335765
0.072769
-0.875874
0.146975
0.119560
-0.484172
0.469998
-0.783562
0.281459
0.736000
-0.467775
0.245382
0.208714
0.063120
0.413878
-0.688101
0.097903
0.097565
0.431574
-0.113393
0.414479
-0.450224
0.370982
0.041599
-0.094523
-0.054918
-0.305855
0.304459
0.048825
0.628367
0.745885
0.476425
-0.188915
0.556933
-0.083989
-0.567704
-0.096168
-0.239160
0.348767
-0.100631
-0.079367
0.395919
0.140338
-0.218678
0.281055
0.260516
0.330146
0.246466
-0.426458
-0.110365
-1.000000
0.464915
-0.257581
-0.233011
-0.119114
0.835404
-0.175097
0.090497
0.125314
0.603750
0.014419
-0.247773
0.190663
-0.233182
0.735775
-0.553242
-0.828242
0.307032
0.687536
-0.379180
0.979321
0.830486
-0.256414
0.931584
-0.798967
0.120970
0.380840
-0.605232
0.123529
0.145296
0.254770
0.659769
-0.258132
-0.329898
0.359988
-0.037811
-0.308156
0.463170
0.492855
-0.176763
0.153010
0.148909
0.085381
0.037578
-0.187297
-0.096148
0.865002
-1.000000
0.037134
0.168945
0.397480
0.170934
0.289118
0.272942
-0.963706
0.319043
0.599378
-0.881099
-0.148967
0.287338
0.129381
-0.023711
0.759131
-0.321773
-0.401128
-0.813336
0.054143
-0.781357
0.614036
0.335750
-1.000000
-0.623814
-0.896363
-0.581475
0.459777
-0.212790
-0.077108
0.312120
0.336238
-0.421196
0.974094
-0.465426
0.324558
0.248804
1.000000
0.661677
0.507255
0.404456
0.107591
0.170927
0.561275
0.157022
0.225301
0.073727
-0.310120
0.532823
0.228692
0.913993
-0.846614
-0.353283
0.450228
-0.289147
0.805394
-0.042250
-0.136797
-0.154972
0.012058
0.209824
0.151191
-0.989998
0.135162
0.774216
0.799774
-0.213594
-0.834936
-0.296299
0.266073
0.316141
-0.164462
0.153089
-1.000000
-0.581296
-0.142768
-0.771817
0.265091
0.365946
0.320481
0.081158
-0.849064
0.371004
-0.105395
-0.273178
-0.332026
-1.000000
-0.204810
-0.241705
0.427275
0.021304
-0.882065
-0.019803
0.536103
0.405156
0.165024
-0.060278
-0.216317
0.352809
-1.000000
-0.044679
0.514723
-0.290497
-0.139604
-0.229287
0.259458
0.289107
0.126337
0.127387
-0.193505
-0.397145
-0.412624
0.190691
0.282888
0.190161
-0.058498
-0.147599
-0.362135
-0.126356
-0.775705
0.172913
-0.513918
-0.127008
-0.092527
-0.157511
0.234767
0.233769
-0.724195
0.316800
-0.095745
0.292624
0.139352
-0.443616
0.006999
0.819621
0.311855
-0.419896
-0.310394
-0.331818
0.412690
-0.268702
0.993642
0.049858
-0.203176
0.235223
0.404898
0.164287
0.652121
0.616769
-1.000000
-0.239918
-0.074032
0.250200
-0.414619
-0.162939
0.811289
-0.105136
0.221427
0.303258
0.440348
0.558174
0.787010
-0.304395
0.349035
0.272921
-0.805149
0.260343
-0.107105
0.564934
-0.286063
0.419280
0.055481
0.732847
-0.733687
-0.452950
0.233552
0.229486
0.741474
0.500659
0.416543
0.203878
0.238322
0.655182
-0.013613
-0.216098
0.273933
0.980936
0.017482
-0.070856
-0.475110
-0.924527
-0.222269
-0.173891
0.359384
0.045859
0.066361
0.248825
-0.062491
-0.259087
0.440505
0.286144
0.115612
-0.067714
0.150682
0.179661
-0.178142
-0.142539
-0.013312
0.121924
0.784412
0.497519
-0.275660
-0.157236
0.050720
0.421403
0.268464
-0.252627
1.000000
-0.968794
0.146226
0.111502
0.533959
0.679118
-0.261991
-0.636250
0.814689
-0.118863
-0.567462
-0.087785
-0.978495
-0.730691
-0.375832
0.021847
-0.724576
-0.197194
-0.474419
0.054844
0.173008
0.037471
-0.248575
0.557211
0.003536
0.644184
-0.176333
0.177186
0.271339
-0.386892
-0.140642
-0.055956
0.578656
-0.408926
0.309690
0.032902
-0.134706
-0.368216
0.414476
0.431094
-0.613520
-0.710330
0.233155
-0.507317
-0.901140
-0.033491
-0.352983
0.630954
-0.021656
0.263332
0.575434
-0.717950
-0.355248
-0.544900
0.078492
-1.000000
-0.296750
-0.692267
-0.178443
0.261834
-0.153706
-0.422280
0.233042
-0.610737
-0.002335
0.209699
-0.854362
0.032818
0.253689
0.101858
-0.157405
-0.431455
-0.233834
0.153304
0.169679
0.275496
-0.077056
-0.476042
0.451353
-0.330358
0.066028
0.232442
-0.004650
0.942727
-0.127313
0.298461
-0.559961
0.543394
0.082133
0.127053
-0.097050
0.441845
-0.058135
-0.534998
0.343856
0.265621
-0.117363
0.367151
-0.173247
-0.063965
0.438807
-0.181532
-0.509247
-0.341657
1.000000
-0.480170
-0.869839
0.336280
0.493146
-0.240633
-0.335560
-0.818191
-0.299296
-0.141149
-0.528284
-0.425744
-0.050214
-0.801084
0.791873
0.122943
0.141376
-0.131135
-0.156119
-0.115156
-0.504786
0.451719
0.012181
-0.168921
-0.380405
0.699459
-0.212803
0.863178
0.079361
0.063620
-0.875497
0.137058
0.093726
-0.524523
-0.097216
0.373097
-0.302444
0.764252
-0.019724
-0.170636
0.067976
-0.555679
0.234482
0.586002
-0.100880
0.165286
0.134811
-0.544916
-0.427910
0.634101
-0.069923
-0.629311
0.036156
0.460770
0.197090
0.320812
0.201847
0.377858
0.483115
0.896016
0.537898
-0.200259
0.350516
-0.140410
-0.065016
0.229073
0.885413
0.536403
0.028780
0.238100
0.183553
0.174438
0.696170
-0.219150
0.370739
0.519713
0.113173
0.849997
0.264904
0.530333
-0.745905
-0.184518
-0.155734
-0.129080
-0.169633
0.160024
-0.252665
-0.253249
-0.238003
0.524491
-0.009286
0.427200
0.224029
0.680506
0.082281
0.005342
0.168467
1.000000
-0.013356
0.495727
0.682989
-0.077800
0.088542
-0.867492
0.064127
0.502114
0.408961
-0.227433
-0.118096
-0.097623
0.233849
-0.000195
-0.323900
0.824378
-0.113216
0.342403
-0.050858
0.537953
0.400689
-0.173449
-0.315683
-0.041959
-0.557648
0.069947
-1.000000
-0.061483
-0.214419
-0.258261
-0.047814
-0.204227
0.081917
-0.030796
0.565736
-0.592111
0.018510
0.051649
0.540056
0.542324
-0.358270
0.796489
-0.417596
-0.327574
-0.443673
0.457741
-0.370596
0.130188
-0.281274
-0.731969
0.549094
0.977093
0.494121
0.139484
-0.021198
-0.249798
-0.200588
-0.672182
-0.104578
0.489092
-0.105881
-0.056142
0.558133
0.148451
-0.090225
0.295576
-0.522713
0.294438
0.034704
-0.239818
0.211519
0.385810
0.139543
-0.066727
-0.718264
-0.043071
-0.632477
-0.606451
0.540691
0.149720
0.023346
0.525381
-0.454762
-0.026233
0.464973
-0.609536
0.496868
-0.518422
0.050428
-0.114645
-0.684676
0.308711
-0.075559
-0.301435
-0.138982
0.834281
0.171159
0.086048
0.382675
-0.272062
-0.351828
0.723169
-0.488540
-0.290203
0.529271
-0.314075
0.345122
0.592745
0.687653
0.040071
-0.125310
-0.028661
0.096976
-0.233855
-0.317878
-0.757253
0.246963
0.599734
-0.182350
-0.112033
0.399488
-0.147175
-0.453078
-0.358191
0.079970
-0.101941
-0.125370
0.336146
-0.848229
-0.300484
-0.657228
0.121319
-0.261290
0.169278
0.012351
1.000000
0.282469
-0.190075
-0.078161
-0.116894
-0.205126
-0.686278
-0.915294
0.382878
0.203401
0.244670
-0.272633
0.180121
-0.965498
-0.080355
-0.058942
-0.326104
-0.177371
-0.649446
-0.350866
0.311663
0.066781
0.648212
0.188190
-0.506003
-0.174014
-0.022374
-0.925274
0.560904
0.351513
-0.419690
0.427923
0.595863
0.946484
0.544296
-0.804547
0.059875
0.531430
-0.555162
-0.527897
0.737462
-0.405788
-0.162633
-0.215621
0.064419
0.303433
-0.428917
0.005200
-0.137877
0.247037
0.406961
0.180784
0.264223
-1.000000
-0.173586
0.683048
0.201856
0.560864
-0.068136
-0.371643
0.090947
0.253135
-0.112257
-0.284429
-0.104977
0.097646
0.168636
0.115326
-0.425973
-0.446076
-0.105960
-0.593885
-0.114736
0.410071
-0.189208
0.079435
0.036524
-0.870952
0.157932
0.335745
0.462135
0.301854
-0.406755
-0.252454
-0.172198
-0.626217
0.023556
-0.456039
-0.353142
0.154828
-0.299527
-0.236942
-0.025394
0.232580
0.381627
-0.940576
-0.470642
-0.346058
-0.561787
-0.874734
0.442250
0.131940
0.856016
0.658971
0.640421
-0.352248
-0.811182
-0.056426
-0.488648
-0.972035
0.073556
-0.167895
-0.167090
0.105373
0.553291
0.389500
0.007321
-0.554791
0.687462
-0.145224
0.014454
-0.683226
0.471989
0.366609
0.281825
-0.081059
0.975323
0.178388
-0.394349
-0.284303
-0.392697
0.888494
-0.410242
-0.531352
-1.000000
-0.123429
0.032781
-0.674489
0.450322
-0.348254
0.155072
0.111013
0.313237
-0.445604
0.330791
0.506600
-0.800035
0.561565
0.226807
0.337701
0.364891
-0.041396
0.107887
0.162096
0.202364
-0.351352
0.671277
0.869043
-0.394176
0.294535
-0.808946
-0.014519
0.265790
-0.531365
0.672998
-0.241733
-0.583566
0.362529
-0.175532
-0.213490
0.008591
-0.244372
-0.120941
0.019444
-0.272256
-0.539514
0.394495
0.256072
-0.880638
-0.155329
0.460189
-0.745467
0.001833
0.701839
1.000000
-0.071666
0.118587
0.690467
0.047825
0.091727
0.015679
0.456114
-0.284403
0.322299
-1.000000
0.395013
0.519307
0.380067
-0.188813
-0.242932
0.447524
0.564347
0.410497
0.004858
-0.520949
-1.000000
0.085351
0.033307
0.111601
0.080890
0.106119
0.059858
0.187059
0.015997
0.042732
0.055298
0.012463
0.037643
0.047171
0.021106
0.014112
0.068575
0.036009
0.073122
0.021039
0.079721
0.033036
0.035189
0.050443
0.056254
0.030998
0.026162
0.016467
0.088132
0.071464
0.112560
0.142359
0.055046
0.050250
0.046521
0.016233
0.053420
0.012833
0.054680
0.050591
0.066605
0.031764
0.056670
0.021218
0.042669
0.082747
0.014643
0.058108
0.017949
0.015450
0.102362
0.024874
0.148008
0.049021
0.012219
0.096121
0.018211
0.056550
0.042440
0.013789
0.023575
0.064538
0.054934
0.095226
0.163918
0.055395
0.040944
0.376151
0.048689
0.065700
0.070556
0.157966
0.024989
0.071612
0.046365
0.134352
0.018795
0.068737
0.063875
0.037173
0.180285
0.013746
0.081894
0.075599
0.011011
0.032741
0.055650
0.041202
0.127011
0.099478
0.052427
0.116103
0.067668
0.016854
0.016389
0.050513
0.086542
0.022343
0.048559
0.059448
0.055866
0.030049
0.076895
0.025543
0.058018
0.045219
0.094619
0.055910
0.093867
0.039032
0.017396
0.053396
0.041836
0.077828
0.055665
0.034419
0.096797
0.130625
0.009638
0.045976
0.085823
0.027294
0.019876
0.050606
0.027787
0.038851
0.039064
0.057510
0.133928
0.035804
0.066515
0.055816
0.053658
0.033160
0.076195
0.025184
0.061618
0.023545
0.019809
0.054503
0.026660
0.157746
0.045607
0.047317
0.030260
0.071186
0.061742
0.113281
0.054745
0.039194
0.065456
0.037263
0.126188
0.079824
0.146481
0.105239
0.022825
0.073312
0.050785
0.064838
0.014822
0.071903
0.081404
0.028351
0.060400
0.045144
0.062247
0.106594
0.047260
0.028975
0.034824
0.148034
0.027692
0.017338
0.060397
0.025858
0.236075
0.061737
0.040578
0.037246
0.074081
0.072673
0.056302
0.013702
0.071792
0.032571
0.018201
0.049634
0.236437
0.141740
0.017879
0.087214
0.051877
0.063613
0.049914
0.015533
0.081954
0.033236
0.017030
0.160127
0.059140
0.025148
0.093268
0.019917
0.047755
0.049959
0.153462
0.026807
0.058736
0.007289
0.107958
0.022311
0.100172
0.020631
0.064691
0.042271
0.012561
0.034811
0.037428
0.046938
0.171843
0.067619
0.049271
0.063819
0.031520
0.254342
0.218988
0.066823
0.145757
0.031635
0.083178
0.016795
0.066145
0.109735
0.018747
0.055652
0.044250
0.057414
0.132702
0.068108
0.028071
0.085867
0.031935
0.065212
0.092241
0.179414
0.086804
0.075418
0.043216
0.046294
0.064690
0.053374
0.067795
0.051393
0.060415
0.070549
0.228403
0.060275
0.044592
0.065436
0.032694
0.084139
0.048854
0.020529
0.042937
0.103287
0.010597
0.033526
0.070941
0.066189
0.064274
0.314205
0.046264
0.018580
0.041188
0.041852
0.010644
0.055307
0.049764
0.095177
0.015099
0.018724
0.065392
0.184380
0.032887
0.087593
0.073500
0.135114
0.080752
0.106727
0.093435
0.030712
0.053933
0.220168
0.022607
0.036045
0.034084
0.016197
0.037664
0.038700
0.062835
0.103306
0.042183
0.075838
0.115556
0.022844
0.047932
0.262810
0.055293
0.157130
0.068435
0.018091
0.048765
0.139936
0.027720
0.032818
0.180218
0.226835
0.044918
0.009545
0.027896
0.071848
0.016836
0.072133
0.042679
0.022959
0.034347
0.126479
0.051838
0.090943
0.120848
0.023159
0.031445
0.007284
0.037045
0.016277
0.039088
0.034088
0.060931
0.093580
0.071407
0.051502
0.031919
0.096031
0.080683
0.079889
0.038028
0.051212
0.128412
0.131815
0.129605
0.075474
0.092706
0.027458
0.045664
0.046706
0.031840
0.108557
0.032269
0.076523
0.046288
0.030009
0.030761
0.040704
0.121817
0.090154
0.279528
0.078342
0.075854
0.017789
0.084358
0.074232
0.042066
0.044597
0.005851
0.134003
0.110878
0.036276
0.035471
0.092897
0.073741
0.043214
0.034786
0.034008
0.020392
0.019384
0.066808
0.046023
0.087574
0.167398
0.089960
0.239870
0.162446
0.057612
0.098509
0.029854
0.061180
0.049785
0.179237
0.055897
0.030315
0.066059
0.034100
0.097032
0.060584
0.038384
0.130958
0.078034
0.072445
0.029398
0.073644
0.009754
0.068845
0.037857
0.031875
0.031143
0.026577
0.042491
0.091688
0.046699
0.015718
0.011960
0.051759
0.041774
0.064996
0.064227
0.025547
0.102524
0.061677
0.022281
0.051588
0.099717
0.133308
0.098982
0.108172
0.053704
0.033116
0.041397
0.079661
0.083390
0.066945
0.050648
0.012926
0.076363
0.052694
0.012349
0.319256
0.052832
0.019023
0.050428
0.118794
0.085050
0.039406
0.049062
0.036234
0.030732
0.071599
0.074053
0.025442
0.035349
0.101471
0.040332
0.030595
0.062569
0.080528
0.054182
0.046030
0.157920
0.035578
0.039054
0.111939
0.074166
0.065379
0.024031
0.051899
0.055157
0.013142
0.122928
0.036002
0.051123
0.038192
0.050502
0.036577
0.027429
0.048674
0.021658
0.027402
0.028820
0.198125
0.127265
0.106763
0.042574
0.029414
0.062674
0.030189
0.046148
0.054125
0.110144
0.395890
0.040756
0.186976
0.022950
0.126882
0.065422
0.117033
0.080743
0.019412
0.055894
0.113385
0.050248
0.056416
0.030383
0.047606
0.044006
0.042948
0.042453
0.222581
0.046056
0.013816
0.215027
0.051208
0.025103
0.055507
0.049191
0.038400
0.057245
0.016525
0.095158
0.026034
0.012258
0.030027
0.064339
0.049561
0.139582
0.027869
0.040908
0.030958
0.038179
0.010027
0.041417
0.065951
0.023615
0.153936
0.351150
0.052426
0.050481
0.039433
0.049300
0.044682
0.141848
0.072060
0.081021
0.076707
0.045358
0.021436
0.025588
0.020399
0.082549
0.093712
0.061170
0.160349
0.017463
0.052217
0.025571
0.073878
0.017288
0.061707
0.079158
0.060077
0.015186
0.047112
0.114802
0.046653
0.032600
0.044411
0.100947
0.037952
0.119451
0.014560
0.067622
0.017197
0.020168
0.019741
0.067549
0.049325
0.045184
0.046336
0.079123
0.030618
0.016279
0.019829
0.032282
0.019670
0.057449
0.040245
0.059251
0.050020
0.130087
0.012075
0.050037
0.056384
0.055220
0.032158
0.094162
0.036976
0.019820
0.063789
0.060653
0.133446
0.087756
0.071196
0.162451
0.041997
0.046798
0.069990
0.060051
0.079207
0.031819
0.081498
0.115645
0.018889
0.046035
0.028172
0.082064
0.122609
0.025462
0.025444
0.065229
0.044144
0.108172
0.110052
0.017751
0.060430
0.047478
0.031406
0.025147
0.038499
0.050180
0.046767
0.034558
0.047343
0.020355
0.045346
0.053788
0.030754
0.069047
0.065011
0.011474
0.076810
0.080327
0.086265
0.037424
0.019203
0.030477
0.079658
0.062980
0.052421
0.109660
0.085376
0.019105
0.057880
0.068286
0.073949
0.032302
0.037344
0.077832
0.167783
0.040326
0.061670
0.035946
0.023482
0.041797
0.074867
0.079292
0.088468
0.044935
0.044759
0.028154
0.059188
0.143464
0.069352
0.026101
0.059322
0.117711
0.012104
0.065798
0.121416
0.080248
0.082382
0.031307
0.032960
0.046901
0.143410
0.047232
0.036952
0.094205
0.039988
0.123453
0.054513
0.038920
0.048561
0.059036
0.088042
0.133946
0.117800
0.049596
0.020275
0.022110
0.053687
0.023810
0.054203
0.013169
0.080716
0.084667
0.160462
0.037013
0.100130
0.054279
0.022413
0.039018
0.104813
0.027912
0.039949
0.053318
0.057188
0.100021
0.088703
0.014731
0.060457
0.027484
0.051127
0.036608
0.020325
0.025035
0.021620
0.039767
0.068451
0.030200
0.026927
0.066965
0.081698
0.055978
0.162034
0.031636
0.055909
0.053568
0.033718
0.103387
0.056871
0.034766
0.033800
0.021133
0.104958
0.035436
0.096819
0.058881
0.040103
0.019168
0.064669
0.068607
0.025836
0.027965
0.087467
0.045234
0.058040
0.088693
0.066209
0.189831
0.119036
0.048504
0.126896
0.090066
0.052146
0.092132
0.082056
0.019852
0.056400
0.067103
0.033319
0.142327
0.027836
0.050816
0.046472
0.017642
0.037558
0.059738
0.108908
0.037109
0.018827
0.047833
0.031818
0.110962
0.102998
0.101179
0.031041
0.041430
0.018218
0.106166
0.094327
0.087510
0.053910
0.084718
0.028197
0.051210
0.071798
0.087490
0.068946
0.113880
0.031291
0.053451
0.045647
0.079923
0.051900
0.012926
0.102256
0.048420
0.066592
0.076749
0.033682
0.072421
0.042514
0.060141
0.033379
0.254982
0.053651
0.259562
0.045211
0.029551
0.051596
0.160910
0.060703
0.065974
0.065017
0.057263
0.075317
0.010213
0.067335
0.031916
0.068418
0.019094
0.050113
0.147352
0.133113
0.064235
0.056300
0.047583
0.059998
0.060076
0.141868
0.063810
0.023133
0.107046
0.107142
0.038441
0.053012
0.041012
0.066888
0.074520
0.022373
0.019211
0.109211
0.028001
0.051995
0.077420
0.088684
0.148879
0.062400
0.073584
0.023707
0.073428
0.041591
0.082897
0.068177
0.054894
0.047865
0.042530
0.056369
0.040064
0.055499
0.093958
0.072993
0.036781
0.027586
0.049545
0.025402
0.039230
0.037170
0.140779
0.021342
0.056835
0.025602
0.035711
0.120073
0.074266
0.010784
0.036496
0.037098
0.088868
0.016980
0.035604
0.174433
0.050742
0.033161
0.021907
0.030955
0.013565
0.056338
0.062193
0.074101
0.018411
0.038898
0.070250
0.033227
0.061065
0.195764
0.031778
0.377244
0.023815
0.064466
0.041959
0.020924
0.042640
0.034368
0.021018
0.077495
0.103509
0.018454
0.201367
0.047741
0.019624
0.027184
0.048872
0.180036
0.031729
0.033552
0.068812
0.027117
0.063760
0.052824
0.040374
0.152176
0.066936
0.011113
0.030357
0.081170
0.034670
0.033135
0.020459
0.038154
0.023431
0.069618
0.081420
0.041689
0.032627
0.011583
0.045586
0.038902
0.085748
0.035635
0.066151
0.038801
0.076727
0.058876
0.020358
0.122289
0.065071
0.062090
0.158484
0.088399
0.045360
0.057724
0.061102
0.020019
0.030258
0.106304
0.059325
0.023857
0.085077
0.022125
0.047719
0.019096
0.025114
0.026293
0.042857
0.106760
0.052531
0.076892
0.151126
0.045240
0.028720
0.040060
0.052495
0.031162
0.079206
0.097105
0.057347
0.056783
0.059504
0.132871
0.033547
0.107239
0.023481
0.006837
0.180995
0.032025
0.029032
0.061642
0.049368
0.027296
0.065036
0.104868
0.010354
0.036014
0.043317
0.050142
0.008413
0.038626
0.018658
0.023641
0.033204
0.037202
0.023092
0.059033
0.067571
0.047403
0.077664
0.054534
0.034159
0.083772
0.108020
0.070647
0.031986
0.021894
0.025101
0.027808
0.034514
0.043993
0.050459
0.063063
0.117467
0.029017
0.120619
0.079605
0.012081
0.055513
0.042500
0.063746
0.035337
0.047966
0.043154
0.048054
0.058368
0.018103
0.011610
0.019759
0.045051
0.015735
0.032566
0.084381
0.063804
0.037051
0.042866
0.130630
0.064860
0.081737
0.192140
0.028886
0.054447
0.030263
0.021703
0.020856
0.122327
0.064810
0.055963
0.106463
0.176759
0.062261
0.019268
0.049380
0.074848
0.046912
0.046624
0.048944
0.066176
0.055891
0.088041
0.132586
0.037222
0.046122
0.011802
0.066459
0.020906
0.130162
0.029754
0.015140
0.040475
0.116314
0.012709
0.040588
0.023207
0.143910
0.096007
0.023868
0.103174
0.029459
0.028633
0.094216
0.065172
0.042296
0.070013
0.019571
0.046010
0.043855
0.034828
0.063757
0.044630
0.097282
0.048425
0.097376
0.081463
0.082428
0.063262
0.294511
0.026060
0.031672
0.035661
0.043046
0.025956
0.059941
0.024808
0.102649
0.129160
0.065463
0.068276
0.019308
0.055670
0.047812
0.041983
0.066502
0.022883
0.087059
0.032477
0.036271
0.013393
0.043977
0.034398
0.075612
0.036930
0.095794
0.021062
0.159527
0.040294
0.080858
0.112197
0.119522
0.108112
0.107616
0.074727
0.035368
0.019660
0.072575
0.019887
0.065264
0.072314
0.062420
0.103580
0.078943
0.039480
0.041909
0.048793
0.431765
0.078845
0.125343
0.137295
0.062806
0.013011
0.008913
0.023072
0.129393
0.090944
0.018640
0.049152
0.059211
0.018071
0.103110
0.022433
0.091988
0.026781
0.105890
0.015455
0.072962
0.041536
0.079030
0.058657
0.025885
0.054227
0.040295
0.025392
0.031457
0.036073
0.020030
0.016018
0.046118
0.096214
0.053999
0.031265
0.043312
0.015491
0.083698
0.093314
0.024898
0.016948
0.058664
0.052931
0.009779
0.026357
0.051992
0.027211
0.088113
0.088401
0.113213
0.031054
0.097054
0.015491
0.167518
0.126614
0.054751
0.009505
0.059342
0.061061
0.117832
0.019335
0.077307
0.154909
0.104892
0.071524
0.067929
0.034929
0.037691
0.094383
0.163645
0.100999
0.060593
0.176149
0.112635
0.042812
0.046795
0.037322
0.121142
0.035056
0.122914
0.030674
0.077183
0.012366
0.041944
0.036966
0.057152
0.059255
0.025664
0.043649
0.078526
0.024622
0.045820
0.118935
0.096652
0.082080
0.038221
0.036383
0.022881
0.022921
0.242178
0.081779
0.033039
0.116211
0.045956
0.044770
0.044471
0.059578
0.122942
0.095161
0.038965
0.041571
0.065799
0.123145
0.063166
0.082102
0.073822
0.017184
0.054602
0.071636
0.042363
0.029848
0.055937
0.064901
0.040694
0.053802
0.023231
0.040610
0.041539
0.035390
0.070036
0.096346
0.039664
0.112336
0.042301
0.035004
0.128350
0.032722
0.079068
0.036746
0.014224
0.031981
0.047384
0.043136
0.055424
0.028306
0.040183
0.051401
0.028853
0.137949
0.033888
0.058796
0.063855
0.050577
0.049017
0.057731
0.044697
0.108500
0.014077
0.042138
0.052209
0.011528
0.018709
0.109177
0.038858
0.048485
0.038392
0.029058
0.081088
0.030218
0.144582
0.059659
0.045568
0.038445
0.243837
0.049771
0.064944
0.070945
0.030576
0.047581
0.068816
0.009241
0.042126
0.018233
0.083050
0.020435
0.046386
0.048853
0.060502
0.073639
0.029552
0.013231
0.155029
0.037716
0.053299
0.047029
0.074730
0.013445
0.019293
0.045466
0.284159
0.037645
0.041501
0.090438
0.112547
0.044682
0.064421
0.100243
0.030327
0.017665
0.081935
0.024690
0.046765
0.023197
0.081784
0.014466
0.020175
0.103103
0.034922
0.057613
0.083600
0.159959
0.038052
0.053909
0.051898
0.112594
0.031242
0.041945
0.037069
0.047057
0.029541
0.031407
0.075101
0.044085
0.020016
0.038601
0.028372
0.090072
0.030068
0.102090
0.089166
0.065646
0.156172
0.052221
0.169070
0.067171
0.058708
0.054271
0.097783
0.102546
0.096738
0.045171
0.109989
0.037969
0.060614
0.032612
0.022020
0.027127
0.044591
0.070568
0.054663
0.138126
0.051876
0.061177
0.013788
0.028045
0.128404
0.196222
0.027742
0.042484
0.088323
0.018442
0.018610
0.051172
0.018116
0.066855
0.011629
0.040982
0.162591
0.123261
0.072986
0.014467
0.074550
0.018027
0.020487
0.065944
0.122115
0.037316
0.010653
0.013012
0.068769
0.053987
0.012726
0.041303
0.064544
0.030601
0.012192
0.035923
0.022480
0.048678
0.040157
0.029887
0.040550
0.016595
0.009507
0.041339
0.065663
0.092826
0.065565
0.037834
0.012655
0.015348
0.015997
0.095214
0.013195
0.032926
0.102630
0.051839
0.031863
0.024233
0.037327
0.040814
0.088844
0.057062
0.019100
0.040753
0.024721
0.096191
0.051519
0.032044
0.059130
0.075672
0.173354
0.081598
0.026862
0.182564
0.026270
0.045121
0.050368
0.051051
0.058840
0.027153
0.041412
0.116582
0.067078
0.148972
0.073446
0.064316
0.050460
0.134862
0.060811
0.079637
0.044075
0.104649
0.075822
0.013016
0.024930
0.022599
0.096631
0.053550
0.035484
0.059128
0.029438
0.054293
0.125308
0.019243
0.073444
0.042288
0.063413
0.108804
0.032417
0.068089
0.143815
0.069089
0.075993
0.015790
0.024094
0.058727
0.015699
0.133857
0.038496
0.074571
0.072395
0.019425
0.084632
0.049700
0.098925
0.103604
0.040473
0.072312
0.056335
0.072492
0.038045
0.130789
0.015838
0.028520
0.018287
0.049113
0.134434
0.052505
0.126140
0.039264
0.060203
0.034555
0.031005
0.027336
0.047610
0.031069
0.059174
0.017310
0.040460
0.085290
0.041887
0.022002
0.077644
0.030576
0.409269
0.084993
0.046891
0.059716
0.034205
0.049053
0.027860
0.084013
0.013965
0.045355
0.082673
0.034609
0.019670
0.051434
0.056419
0.084956
0.219495
0.096127
0.082510
0.043091
0.055807
0.023592
0.100019
0.055883
0.185577
0.047761
0.083990
0.158779
0.017242
0.068358
0.198185
0.063756
0.122330
0.022959
0.021445
0.025732
0.111205
0.063251
0.024795
0.051947
0.033363
0.093589
0.052668
0.154550
0.045550
0.047820
0.064504
0.036347
0.045498
0.007941
0.016600
0.133994
0.060387
0.109412
0.140147
0.111353
0.020594
0.033679
0.140542
0.040508
0.041019
0.073832
0.036958
0.033405
0.028126
0.061095
0.238328
0.048084
0.025210
0.076423
0.028050
0.054451
0.061321
0.111559
0.053167
0.059877
0.029481
0.043354
0.018140
0.117170
0.038095
0.098015
0.136504
0.393235
0.055389
0.067226
0.033716
0.063721
0.033332
0.038753
0.060824
0.026388
0.035633
0.037035
0.018772
0.052930
0.030804
0.037220
0.073110
0.023990
0.037719
0.011353
0.100361
0.083028
0.037237
0.053779
0.141111
0.110252
0.057161
0.049567
0.207308
0.086497
0.049921
0.059481
0.012683
0.065490
0.059337
0.127389
0.037121
0.172761
0.011583
0.003811
0.060722
0.023867
0.053113
0.052230
0.064804
0.069038
0.041473
0.047140
0.027009
0.025521
0.018905
0.079956
0.035416
0.085420
0.057249
0.008045
0.045799
0.052692
0.081261
0.053618
0.039282
0.189397
0.065457
0.013060
0.126550
0.049170
0.015345
0.041881
0.016009
0.088678
0.030767
0.041121
0.043958
0.030596
0.052420
0.093567
0.121961
0.035041
0.090422
0.089894
0.077139
0.043124
0.052824
0.048728
0.190813
0.016121
0.081584
0.023407
0.062317
0.040520
0.131264
0.077273
0.086424
0.056325
0.065580
0.024511
0.072331
0.038723
0.027614
0.050116
0.013083
0.044347
0.052074
0.255042
0.112248
0.029430
0.018132
0.091388
0.113264
0.086541
0.038426
0.081310
0.027116
0.129158
0.057494
0.124583
0.034015
0.068196
0.146151
0.082159
0.032796
0.039433
0.054323
0.079942
0.074586
0.036878
0.052918
0.030397
0.055699
0.034831
0.125048
0.049104
0.105548
0.078157
0.069339
0.092719
0.112823
0.094490
0.119125
0.038328
0.047824
0.020795
0.041023
0.079946
0.018450
0.088325
0.032764
0.046248
0.078641
0.009832
0.029643
0.075798
0.068347
0.101698
0.044109
0.047802
0.039689
0.051477
0.076792
0.033977
0.050980
0.056043
0.020481
0.069862
0.069875
0.023902
0.015058
0.035481
0.032334
0.049659
0.011968
0.034972
0.115596
0.079076
0.283266
0.060296
0.037174
0.053016
0.046932
0.074520
0.060872
0.039864
0.062597
0.069831
0.046658
0.013445
0.044944
0.038297
0.049816
0.053025
0.095358
0.014384
0.059428
0.035842
0.086817
0.026471
0.080636
0.047448
0.030608
0.027041
0.050315
0.043045
0.043796
0.021147
0.030713
0.112730
0.074358
0.066513
0.094857
0.020437
0.073496
0.061064
0.021544
0.050942
0.054480
0.035840
0.081836
0.043313
0.064084
0.011803
0.024494
0.144194
0.024576
0.101579
0.169736
0.062261
0.092676
0.045030
0.034917
0.039520
0.033098
0.048647
0.211263
0.067275
0.092639
0.015219
0.006930
0.028076
0.022982
0.151229
0.027153
0.101451
0.106861
0.026787
0.075637
0.035791
0.059941
0.069990
0.032009
0.082377
0.064239
0.104730
0.028747
0.040931
0.085182
0.011216
0.069573
0.090195
0.063338
0.032582
0.032237
0.247565
0.082762
0.021587
0.096472
0.066058
0.036636
0.025351
0.098026
0.039913
0.016958
0.092599
0.042157
0.105683
0.034479
0.061560
0.026801
0.077737
0.100195
0.054568
0.033621
0.020887
0.041028
0.062814
0.034861
0.043458
0.028581
0.112019
0.031438
0.108997
0.039021
0.066454
0.022850
0.032125
0.059763
0.065917
0.079359
0.026606
0.051253
0.049888
0.113853
0.145665
0.016517
0.085035
0.046948
0.044877
0.038119
0.020048
0.074906
0.058680
0.011982
0.117994
0.014749
0.040500
0.010684
0.091328
0.017656
0.059033
0.082207
0.011428
0.050195
0.101062
0.052693
0.008242
0.028477
0.034299
0.040964
0.157682
0.026115
0.055725
0.008358
0.135680
0.075263
0.047485
0.060591
0.080079
0.043403
0.080495
0.105390
0.080053
0.025739
0.038135
0.051121
0.059177
0.218040
0.025331
0.072522
0.029284
0.046553
0.051849
0.082164
0.063077
0.133354
0.041853
0.129907
0.168256
0.049253
0.053942
0.053167
0.044923
0.047043
0.019693
0.052607
0.119869
0.004512
0.044344
0.067905
0.131357
0.016866
0.055374
0.017912
0.025461
0.104040
0.079671
0.091303
0.110089
0.019370
0.116288
0.205454
0.035605
0.140492
0.035770
0.061066
0.067525
0.147100
0.026523
0.106865
0.052321
0.051283
0.019969
0.303427
0.036026
0.039861
0.086678
0.015734
0.058285
0.047214
0.048080
0.070610
0.061430
0.088016
0.070314
0.035299
0.037277
0.151467
0.082185
0.090676
0.036289
0.033837
0.047242
0.064524
0.139565
0.034904
0.025810
0.096165
0.036187
0.022785
0.043080
0.098966
0.172883
0.050183
0.040359
0.032941
0.035320
0.050481
0.039916
0.115209
0.012604
0.041318
0.016701
0.021374
0.028457
0.007526
0.051477
0.075162
0.034956
0.037028
0.042371
0.072071
0.060612
0.031573
0.043743
0.021468
0.007097
0.062444
0.126202
0.062669
0.138554
0.030590
0.103911
0.026023
0.075804
0.097832
0.064826
0.043187
0.023454
0.046203
0.050440
0.037051
0.022984
0.036044
0.009428
0.018485
0.010102
0.023503
0.025416
0.042854
0.033322
0.052072
0.068322
0.014115
0.019310
0.023623
0.025643
0.062824
0.060097
0.075119
0.094545
0.003496
0.010526
0.038563
0.076751
0.015837
0.084237
0.016748
0.111699
0.094802
0.039298
0.012272
0.034917
0.040722
0.080515
0.045702
0.055748
0.025462
0.019193
0.103018
0.067038
0.037251
0.040082
0.048318
0.020651
0.226674
0.043576
0.080795
0.035213
0.057416
0.117585
0.056973
0.038880
0.051308
0.044953
0.050396
0.115399
0.021460
0.108473
0.166557
0.064333
0.055502
0.035169
0.029170
0.078832
0.047182
0.023975
0.064392
0.019666
0.095014
0.023251
0.080924
0.072414
0.043341
0.174301
0.030385
0.057639
0.028613
0.130371
0.045872
0.103465
0.078407
0.112875
0.038364
0.057696
0.022792
0.204310
0.019724
0.039606
0.061523
0.057791
0.028476
0.045817
0.111709
0.042166
0.055250
0.057634
0.037105
0.017103
0.056211
0.037442
0.092226
0.037386
0.045536
0.026916
0.121022
0.164520
0.032835
0.034100
0.068728
0.082731
0.093012
0.017967
0.046109
0.084113
0.028937
0.095900
0.047838
0.049919
0.059139
0.045886
0.037321
0.056517
0.036333
0.048137
0.037067
0.118776
0.047992
0.050134
0.062836
0.035593
0.035389
0.029487
0.230831
0.065328
0.014534
0.084117
0.048109
0.029455
0.061738
0.082266
0.054066
0.088205
0.032484
0.044885
0.015904
0.027773
0.047084
0.024107
0.049272
0.008481
0.106209
0.168185
0.040556
0.061212
0.016214
0.050218
0.168178
0.037221
0.040184
0.050444
0.061560
0.325987
0.034096
0.051117
0.029672
0.099778
0.030539
0.047613
0.026066
0.118894
0.046517
0.116278
0.059878
0.032928
0.116243
0.069730
0.023844
0.023719
0.012618
0.028551
0.027690
0.076723
0.098277
0.036453
0.073886
0.055498
0.017842
0.016452
0.208235
0.020664
0.128784
0.148901
0.034043
0.041383
0.018172
0.060053
0.076391
0.036699
0.022695
0.078795
0.136324
0.030625
0.103670
0.027716
0.012715
0.012719
0.057046
0.124103
0.059190
0.030891
0.033357
0.178999
0.093189
0.035660
0.011018
0.035566
0.103119
0.017251
0.060615
0.091214
0.060436
0.071462
0.026639
0.095050
0.035285
0.038027
0.025105
0.037555
0.072266
0.130798
0.014404
0.066247
0.028406
0.024225
0.118351
0.088739
0.066891
0.092678
0.036485
0.038088
0.079187
0.059140
0.086586
0.105663
0.110336
0.031007
0.038391
0.024195
0.033054
0.025002
0.010785
0.092538
0.070887
0.048545
0.058338
0.021512
0.048150
0.034212
0.050015
0.025751
0.030628
0.063342
0.055975
0.135222
0.027748
0.045168
0.017120
0.104986
0.054197
0.015378
0.028884
0.063931
0.035362
0.065109
0.021868
0.100824
0.026510
0.038783
0.081318
0.084384
0.054372
0.044551
0.108020
0.093340
0.174826
0.039957
0.055778
0.096169
0.150744
0.048543
0.081697
0.054723
0.046294
0.072347
0.012310
0.093879
0.047628
0.131241
0.017342
0.069960
0.027309
0.046937
0.064141
0.037171
0.014093
0.114856
0.022059
0.005939
0.236234
0.064974
0.044857
0.021101
0.034205
0.033429
0.045685
0.065171
0.012919
0.140739
0.013173
0.158704
0.038197
0.168536
0.037791
0.177915
0.029132
0.052784
0.184399
0.038325
0.169155
0.148111
0.010766
0.084588
0.070899
0.050408
0.146638
0.055083
0.207039
0.013907
0.018353
0.040206
0.061485
0.040237
0.014850
0.073226
0.193875
0.017369
0.083303
0.011258
0.035752
0.048693
0.344226
0.125441
0.147658
0.018156
0.037537
0.147968
0.027631
0.047002
0.094456
0.022383
0.036538
0.028512
0.081359
0.099185
0.074045
0.181134
0.030290
0.056031
0.031853
0.056033
0.052168
0.087121
0.070953
0.033731
0.073352
0.046224
0.048744
0.241959
0.064145
0.061351
0.117219
0.054701
0.090754
0.078827
0.070720
0.147226
0.139968
0.052728
0.057458
0.023258
0.028463
0.033979
0.074280
0.035129
0.045719
0.072024
0.154228
0.020808
0.076243
0.078786
0.058357
0.027907
0.103477
0.041010
0.058906
0.030588
0.075491
0.072283
0.065774
0.105292
0.107250
0.086591
0.038216
0.167953
0.124478
0.008342
0.023274
0.022915
0.031461
0.097018
0.034428
0.065352
0.091611
0.076893
0.026909
0.028782
0.103752
0.063168
0.040472
0.049670
0.119640
0.018789
0.112504
0.041436
0.056061
0.034611
0.037588
0.083187
0.034682
0.029716
0.043179
0.053810
0.045032
0.064274
0.023808
0.107781
0.081428
0.023137
0.026215
0.130787
0.177869
0.009024
0.030013
0.128164
0.045269
0.054072
0.096987
0.007013
0.044833
0.030331
0.116514
0.063111
0.054367
0.030890
0.136817
0.020838
0.029584
0.114403
0.061619
0.081705
0.090740
0.066197
0.034560
0.133792
0.074659
0.017735
0.024811
0.073695
0.018845
0.011459
0.112398
0.025298
0.078530
0.071567
0.052570
0.048400
0.082134
0.074277
0.054457
0.070402
0.088607
0.071957
0.175801
0.053357
0.036485
0.131828
0.031633
0.051939
0.039695
0.141771
0.023474
0.031640
0.074185
0.074257
0.025590
0.026311
0.060143
0.107627
0.117501
0.082176
0.028903
0.034570
0.047294
0.104941
0.033289
0.201596
0.066223
0.104299
0.030862
0.034361
0.026089
0.051849
0.014896
0.116643
0.058953
0.087417
0.151870
0.027513
0.020404
0.049776
0.084906
0.056851
0.073246
0.096868
0.045326
0.079406
0.105251
0.034536
0.149868
0.033955
0.037366
0.097626
0.190780
0.024916
0.059940
0.045743
0.099453
0.041660
0.087175
0.039961
0.056260
0.056283
0.117977
0.027512
0.056291
0.036125
0.130850
0.019854
0.066255
0.125133
0.046367
0.052184
0.055274
0.035612
0.039173
0.013854
0.036303
0.029368
0.053998
0.050173
0.024113
0.054230
0.071912
0.038279
0.056611
0.030266
0.048311
0.053571
0.228280
0.033903
0.080229
0.037243
0.014985
0.062819
0.077747
0.032732
0.059710
0.028961
0.113764
0.033936
0.043802
0.055851
0.068547
0.069263
0.074079
0.090816
0.036814
0.050917
0.216812
0.026241
0.159942
0.145888
0.022964
0.121184
0.091201
0.050223
0.038034
0.097418
0.021262
0.041881
0.067238
0.044976
0.028682
0.079872
0.033551
0.026669
0.034234
0.022360
0.031565
0.050991
0.009613
0.137002
0.061201
0.046180
0.047968
0.024627
0.265085
0.120857
0.107761
0.016115
0.019384
0.035178
0.042118
0.068993
0.106937
0.092277
0.042205
0.099693
0.069393
0.017303
0.037493
0.165262
0.070034
0.038623
0.073412
0.131838
0.256384
0.053189
0.025764
0.053954
0.021287
0.053074
0.024215
0.131371
0.057420
0.111891
0.058172
0.219549
0.064729
0.081294
0.064419
0.040948
0.095236
0.022338
0.022063
0.111841
0.046922
0.145416
0.074884
0.030623
0.018054
0.157499
0.068325
0.065306
0.022549
0.047252
0.145383
0.066862
0.099872
0.047939
0.021270
0.036531
0.127295
0.012043
0.028498
0.060126
0.060137
0.027817
0.013173
0.089793
0.030245
0.060099
0.123575
0.060210
0.075150
0.027973
0.092112
0.036464
0.154715
0.034688
0.016120
0.020063
0.038370
0.037512
0.057857
0.118352
0.055687
0.049769
0.021973
0.069324
0.142486
0.090206
0.031136
0.036645
0.087605
0.035503
0.028739
0.071924
0.038727
0.041198
0.059163
0.021704
0.032509
0.034867
0.064600
0.058136
0.021249
0.267823
0.032848
0.106926
0.225939
0.034564
0.052290
0.206652
0.021812
0.088244
0.129147
0.056664
0.036749
0.034077
0.101778
0.068761
0.046300
0.043043
0.018886
0.019541
0.061843
0.302218
0.024018
0.061301
0.044458
0.057878
0.134819
0.038503
0.032274
0.069364
0.033080
0.122966
0.018305
0.212192
0.083177
0.117913
0.422823
0.051580
0.115326
0.031890
0.050931
0.114141
0.054218
0.091456
0.065115
0.077052
0.112662
0.025424
0.042312
0.021863
0.081585
0.054930
0.040971
0.076221
0.028830
0.053120
0.231152
0.037188
0.050364
0.060963
0.117415
0.029515
0.068552
0.059979
0.030071
0.045527
0.113588
0.106321
0.075433
0.047123
0.021842
0.062238
0.028581
0.068578
0.039522
0.030207
0.151164
0.062011
0.095063
0.037551
0.043591
0.044920
0.039235
0.014682
0.057376
0.023676
0.090147
0.039722
0.063202
0.010452
0.123588
0.046523
0.087548
0.069908
0.015726
0.017804
0.024308
0.070513
0.016213
0.143431
0.036682
0.125632
0.042323
0.047510
0.027492
0.027780
0.069971
0.047333
0.121476
0.076815
0.051647
0.243485
0.049353
0.022103
0.032807
0.025782
0.049895
0.108751
0.042833
0.018962
0.049582
0.067849
0.076880
0.077253
0.048761
0.028492
0.164537
0.051726
0.010569
0.103033
0.030692
0.153966
0.043994
0.109648
0.023518
0.034321
0.069723
0.030213
0.043216
0.047259
0.072840
0.035818
0.028093
0.094208
0.024255
0.011203
0.020042
0.030551
0.073235
0.026221
0.041285
0.065485
0.038037
0.033004
0.025393
0.017871
0.047152
0.019845
0.020676
0.113029
0.143830
0.019045
0.077310
0.055564
0.047962
0.041751
0.100253
0.066350
0.046365
0.053692
0.107263
0.111647
0.269021
0.086669
0.030779
0.052416
0.122434
0.036677
0.087538
0.049972
0.013337
0.064659
0.020853
0.043092
0.111507
0.026661
0.013240
0.038502
0.078278
0.009466
0.026098
0.063774
0.072568
0.057225
0.060413
0.019369
0.044193
0.110390
0.067603
0.033931
0.010549
0.061545
0.037217
0.030054
0.160142
0.077492
0.076545
0.028003
0.036425
0.117421
0.038499
0.029616
0.302598
0.075649
0.081605
0.060585
0.079501
0.139487
0.020058
0.026696
0.083093
0.055026
0.031760
0.116073
0.089102
0.070036
0.056312
0.052641
0.085088
0.025941
0.067082
0.033397
0.083793
0.050797
0.044407
0.040719
0.030733
0.142134
0.079236
0.043554
0.097889
0.040594
0.014410
0.038354
0.069479
0.020481
0.055217
0.039878
0.097786
0.084241
0.034386
0.009651
0.033999
0.079510
0.033406
0.035811
0.032908
0.029488
0.075743
0.030788
0.042079
0.151185
0.131088
0.012573
0.016611
0.048683
0.009755
0.029979
0.018550
0.047868
0.023267
0.062270
0.035752
0.117937
0.065270
0.029145
0.060529
0.020036
0.069386
0.051576
0.039528
0.033225
0.020775
0.030292
0.076849
0.072938
0.025633
0.063409
0.061807
0.044688
0.150319
0.022354
0.057845
0.025881
0.186345
0.010964
0.027974
0.067952
0.026537
0.074260
0.134027
0.026582
0.016293
0.039047
0.059352
0.100447
0.034176
0.043669
0.056105
0.058269
0.029737
0.057460
0.051488
0.048596
0.017903
0.034820
0.050971
0.082855
0.049344
0.077661
0.061165
0.056769
0.027900
0.030056
0.011375
0.107756
0.056766
0.074046
0.016888
0.046459
0.026019
0.039509
0.033741
0.082444
0.012481
0.038864
0.040690
0.053603
0.109591
0.024197
0.141428
0.050716
0.089905
0.154757
0.018758
0.068257
0.150223
0.125086
0.045508
0.032937
0.012108
0.064100
0.055866
0.031996
0.105359
0.033569
0.041055
0.038589
0.019457
0.028487
0.061175
0.114116
0.108056
0.098091
0.046035
0.034074
0.024567
0.074397
0.056567
0.046773
0.024861
0.069202
0.030597
0.022976
0.119309
0.038002
0.041316
0.091085
0.080450
0.080845
0.107831
0.065723
0.018779
0.086559
0.093485
0.115583
0.073064
0.050556
0.078023
0.058843
0.035468
0.049719
0.062436
0.012844
0.017749
0.074651
0.068269
0.062124
0.035261
0.030101
0.035413
0.034408
0.048117
0.087741
0.047282
0.028306
0.102401
0.081438
0.022920
0.025660
0.064208
0.086809
0.034520
0.062210
0.166397
0.045624
0.020216
0.073770
0.040948
0.037214
0.033021
0.038766
0.015377
0.097481
0.063684
0.196413
0.062656
0.014361
0.016627
0.059607
0.047428
0.030564
0.190565
0.211996
0.042673
0.047128
0.053469
0.018011
0.050381
0.093215
0.033333
0.020041
0.083613
0.043670
0.032707
0.130056
0.025684
0.112737
0.026911
0.260990
0.036441
0.025840
0.027770
0.235479
0.019261
0.036859
0.050787
0.020122
0.078050
0.246340
0.084678
0.040693
0.032154
0.037979
0.112922
0.049147
0.044474
0.029671
0.059671
0.058037
0.058790
0.022296
0.118454
0.123422
0.058757
0.103978
0.051841
0.030923
0.173182
0.050545
0.027906
0.037998
0.115900
0.132600
0.018728
0.024763
0.013255
0.057673
0.014593
0.045007
0.079505
0.014775
0.062810
0.059366
0.055342
0.031346
0.080495
0.015826
0.230788
0.080511
0.010991
0.054089
0.067924
0.039815
0.170253
0.036928
0.062097
0.171962
0.098030
0.100001
0.025459
0.089397
0.045293
0.078307
0.035093
0.053237
0.037637
0.016919
0.037992
0.020054
0.026284
0.027664
0.030724
0.035468
0.079879
0.034430
0.017369
0.036217
0.039126
0.042737
0.076985
0.050256
0.067862
0.079690
0.054780
0.048569
0.025091
0.137447
0.232839
0.029942
0.052823
0.035132
0.025127
0.033602
0.181855
0.043255
0.049270
0.087342
0.052085
0.102438
0.051039
0.019925
0.052679
0.079425
0.031037
0.068417
0.022788
0.048654
0.051058
0.091193
0.061930
0.018249
0.043693
0.065201
0.050793
0.078531
0.027237
0.091674
0.129072
0.029968
0.028132
0.067764
0.043319
0.063433
0.034966
0.048696
0.016992
0.098687
0.037352
0.014701
0.124915
0.065784
0.021824
0.040755
0.076976
0.023266
0.030899
0.037028
0.118131
0.239793
0.131635
0.022659
0.042875
0.056390
0.106353
0.061325
0.083539
0.033112
0.062839
0.024498
0.144594
0.185550
0.217461
0.040316
0.040381
0.054379
0.077751
0.054771
0.058285
0.045752
0.036828
0.016704
0.099665
0.197302
0.183178
0.221355
0.044098
0.065548
0.036979
0.028671
0.080620
0.053376
0.047945
0.044830
0.067596
0.058554
0.030654
0.017152
0.056193
0.028127
0.067020
0.024494
0.018690
0.066240
0.024447
0.077744
0.062800
0.063717
0.106748
0.019285
0.075734
0.024944
0.019609
0.069259
0.088394
0.064995
0.063651
0.042422
0.047567
0.029893
0.027297
0.029463
0.014034
0.030824
0.039028
0.036663
0.012663
0.108197
0.049352
0.014542
0.015561
0.069469
0.044807
0.143156
0.070949
0.022552
0.095296
0.063304
0.074816
0.031824
0.084969
0.159973
0.058847
0.034669
0.051671
0.033127
0.026532
0.073385
0.112502
0.091079
0.032803
0.079259
0.030094
0.009258
0.061951
0.071142
0.061653
0.048446
0.075736
0.024716
0.012679
0.062147
0.060385
0.016760
0.058562
0.039119
0.015148
0.023815
0.062165
0.155790
0.045000
0.029481
0.020600
0.066469
0.019463
0.026207
0.030894
0.033385
0.045774
0.039075
0.077525
0.061885
0.062458
0.024422
0.079371
0.071917
0.014915
0.044343
0.054619
0.062379
0.114411
0.181550
0.047983
0.061194
0.157994
0.026787
0.089475
0.098210
0.057055
0.035864
0.050276
0.030514
0.065319
0.029912
0.065396
0.037679
0.060985
0.023476
0.027577
0.046298
0.041262
0.069349
0.020713
0.013482
0.065111
0.190759
0.097697
0.070963
0.026484
0.046643
0.086657
0.072152
0.036530
0.039672
0.086724
0.044149
0.034922
0.058014
0.127593
0.053352
0.075787
0.031336
0.029293
0.041084
0.064631
0.036327
0.043700
0.044194
0.107677
0.064444
0.037145
0.035697
0.068180
0.070760
0.053618
0.024211
0.087416
0.144569
0.064283
0.057511
0.063589
0.037262
0.119147
0.015750
0.046126
0.084977
0.013178
0.054279
0.038846
0.053881
0.023980
0.041721
0.058721
0.036737
0.019745
0.028218
0.119738
0.057585
0.117854
0.074318
0.051467
0.029992
0.062057
0.049042
0.025532
0.046247
0.055490
0.106133
0.116939
0.043498
0.049402
0.049267
0.021365
0.040449
0.054216
0.049624
0.056916
0.053735
0.103774
0.038339
0.031627
0.224579
0.059414
0.138213
0.017775
0.118906
0.101107
0.061574
0.063940
0.069896
0.029093
0.024234
0.067985
0.064109
0.051557
0.037743
0.082304
0.048263
0.105427
0.084266
0.117674
0.038737
0.129920
0.017881
0.158953
0.019043
0.046270
0.106341
0.042062
0.081691
0.036267
0.038497
0.185039
0.080370
0.060444
0.027654
0.044593
0.048071
0.134997
0.053107
0.096475
0.026056
0.026606
0.029978
0.051388
0.057176
0.036306
0.029304
0.031453
0.020062
0.069002
0.051787
0.034235
0.086827
0.091322
0.066954
0.182204
0.034035
0.025270
0.018187
0.029015
0.032158
0.080942
0.173900
0.070758
0.049725
0.043289
0.036692
0.039973
0.043969
0.006324
0.021828
0.063076
0.026047
0.045102
0.026809
0.033631
0.052480
0.033084
0.302611
0.055983
0.023445
0.042926
0.039336
0.075495
0.040635
0.625498
0.032462
0.094188
0.053575
0.101263
0.037626
0.058068
0.032169
0.053204
0.061983
0.127573
0.036730
0.071327
0.022497
0.022712
0.059674
0.041048
0.136995
0.045240
0.051229
0.016806
0.099204
0.063634
0.060138
0.053767
0.083695
0.095980
0.024475
0.044699
0.051202
0.063571
0.106743
0.060729
0.129160
0.129567
0.055756
0.049157
0.057629
0.083083
0.111670
0.038988
0.129120
0.139327
0.053882
0.072193
0.057875
0.072277
0.039003
0.087673
0.008618
0.032805
0.031980
0.084897
0.057020
0.043813
0.013705
0.092924
0.034760
0.050040
0.095826
0.033533
0.212165
0.027188
0.184699
0.054125
0.013306
0.060399
0.041710
0.033006
0.085825
0.042569
0.043862
0.046158
0.066299
0.032607
0.047366
0.021873
0.050645
0.028264
0.074363
0.038704
0.028874
0.103357
0.077165
0.220898
0.013268
0.127507
0.066917
0.013499
0.041530
0.037646
0.184543
0.234971
0.072450
0.139903
0.113490
0.062703
0.023850
0.107950
0.023945
0.058294
0.056801
0.043965
0.019930
0.048073
0.128451
0.116113
0.068527
0.043960
0.040112
0.034250
0.060746
0.124395
0.047112
0.105113
0.340817
0.078927
0.017471
0.050717
0.037511
0.145892
0.052488
0.035582
0.111391
0.017359
0.067039
0.052006
0.249371
0.015053
0.112179
0.040629
0.053911
0.040554
0.059864
0.025011
0.084298
0.046013
0.020583
0.104570
0.045757
0.110988
0.071699
0.036061
0.067754
0.186540
0.044612
0.086065
0.110941
0.022928
0.082557
0.038832
0.033318
0.030613
0.046141
0.049010
0.061040
0.045525
0.098452
0.038235
0.132075
0.083112
0.072391
0.041915
0.035631
0.069728
0.075615
0.075511
0.132967
0.074182
0.028657
0.076055
0.039189
0.057488
0.083676
0.070497
0.035503
0.103592
0.039929
0.040316
0.085875
0.045145
0.132240
0.023449
0.042206
0.034697
0.222072
0.044528
0.140126
0.041892
0.027870
0.029108
0.211567
0.010844
0.070122
0.233515
0.114118
0.049359
0.073240
0.063975
0.044843
0.047151
0.093735
0.066756
0.047669
0.028507
0.014857
0.073344
0.016087
0.006884
0.056412
0.027479
0.057412
0.044347
0.050658
0.098941
0.050388
0.155760
0.043718
0.119726
0.061997
0.053668
0.093748
0.026805
0.078643
0.024783
0.014011
0.029924
0.010445
0.085705
0.030880
0.022073
0.072253
0.040883
0.062685
0.054315
0.207466
0.033633
0.049605
0.093033
0.087328
0.030866
0.035932
0.056136
0.068594
0.021749
0.059384
0.030808
0.055957
0.106672
0.149058
0.037667
0.021893
0.120977
0.045136
0.044523
0.030026
0.038869
0.036500
0.071447
0.050554
0.114557
0.039051
0.087874
0.082351
0.072030
0.101439
0.040435
0.010597
0.018248
0.060018
0.039624
0.153958
0.045935
0.024442
0.169114
0.044515
0.044910
0.043397
0.038626
0.032732
0.045159
0.221155
0.012342
0.034433
0.162936
0.012150
0.028303
0.082452
0.059724
0.057379
0.099337
0.048936
0.066204
0.159969
0.033563
0.064473
0.048192
0.035570
0.058778
0.056191
0.091834
0.028347
0.032414
0.094730
0.023107
0.052282
0.027672
0.020709
0.032085
0.019506
0.115623
0.078052
0.131321
0.047421
0.269116
0.048672
0.065006
0.090382
0.052853
0.059047
0.036099
0.067777
0.161253
0.036109
0.007061
0.010448
0.093781
0.114696
0.099741
0.020015
0.273043
0.042245
0.038623
0.048617
0.083203
0.072754
0.024908
0.034915
0.060775
0.052861
0.019134
0.152493
0.079193
0.046629
0.026430
0.091829
0.017319
0.031031
0.051382
0.140114
0.084768
0.074113
0.069542
0.021240
0.029346
0.030034
0.180645
0.070726
0.040255
0.082228
0.024765
0.055521
0.073801
0.022880
0.076803
0.052090
0.042461
0.029974
0.101506
0.069982
0.049456
0.038095
0.044442
0.042186
0.054371
0.227273
0.070361
0.018881
0.126807
0.035713
0.067239
0.030666
0.017813
0.116944
0.037107
0.026992
0.030259
0.066768
0.229961
0.070391
0.042444
0.017941
0.007243
0.036600
0.077555
0.057875
0.185707
0.093081
0.102240
0.012613
0.071544
0.042275
0.015066
0.021003
0.039512
0.162567
0.021910
0.021040
0.013972
0.044283
0.050870
0.039422
0.009915
0.010612
0.075692
0.124871
0.173836
0.025346
0.037519
0.145244
0.048568
0.077876
0.055283
0.066438
0.095491
0.158846
0.036439
0.062194
0.179247
0.050922
0.025173
0.208963
0.068584
0.091926
0.025544
0.204019
0.028530
0.045412
0.027399
0.176745
0.069586
0.032524
0.143524
0.055373
0.079828
0.010177
0.079861
0.053299
0.077904
0.063338
0.039107
0.056417
0.047201
0.016532
0.081025
0.021649
0.017939
0.011429
0.080437
0.028197
0.036934
0.064907
0.045238
0.038303
0.034539
0.075405
0.033976
0.107972
0.024305
0.067057
0.042651
0.021247
0.038537
0.046804
0.056509
0.035494
0.038454
0.060912
0.059141
0.057384
0.026449
0.102096
0.019907
0.087651
0.068460
0.031699
0.046342
0.063125
0.093208
0.038791
0.168794
0.036767
0.033048
0.029328
0.040771
0.019583
0.010946
0.051470
0.151994
0.136777
0.048761
0.105395
0.072548
0.049953
0.048199
0.070376
0.071850
0.127170
0.030982
0.035027
0.103558
0.114360
0.035689
0.022497
0.176220
0.030898
0.088475
0.053454
0.019684
0.046928
0.043640
0.050157
0.047774
0.044640
0.051822
0.046538
0.044906
0.011747
0.092276
0.089361
0.162905
0.024938
0.021878
0.029743
0.049878
0.089985
0.020547
0.047334
0.073455
0.135453
0.071148
0.013584
0.021736
0.032166
0.086579
0.055307
0.085041
0.018081
0.051732
0.021721
0.051355
0.038777
0.090147
0.441995
0.080327
0.161331
0.021764
0.057452
0.027720
0.039036
0.045389
0.059687
0.077952
0.228060
0.036149
0.034653
0.042904
0.054385
0.102977
0.048936
0.028385
0.011714
0.040760
0.092071
0.050785
0.068530
0.045210
0.023230
0.031378
0.083431
0.033913
0.146561
0.013358
0.104194
0.101844
0.116581
0.042876
0.022194
0.042340
0.049388
0.093599
0.054784
0.169601
0.016797
0.041999
0.069802
0.027056
0.040809
0.128386
0.032449
0.060032
0.038361
0.025674
0.072425
0.045448
0.042937
0.173440
0.042061
0.030428
0.093350
0.038425
0.252356
0.016168
0.030629
0.043800
0.016212
0.191692
0.033029
0.026762
0.027189
0.017808
0.204355
0.075715
0.023353
0.057579
0.215511
0.089661
0.026879
0.025390
0.152852
0.145496
0.058938
0.048249
0.060636
0.045487
0.064012
0.040937
0.026191
0.070059
0.105209
0.014455
0.065136
0.037267
0.015098
0.094991
0.039744
0.038962
0.035839
0.023155
0.051847
0.103264
0.044364
0.050783
0.027445
0.039664
0.043093
0.093076
0.054830
0.011039
0.040546
0.060139
0.079031
0.120698
0.027259
0.116305
0.037541
0.058819
0.021958
0.029709
0.034779
0.031525
0.158839
0.052855
0.083053
0.050309
0.061120
0.020884
0.027680
0.084730
0.248019
0.103113
0.034009
0.085819
0.027217
0.020210
0.056162
0.124201
0.072717
0.017482
0.082442
0.076173
0.101031
0.038094
0.076911
0.083895
0.139464
0.067772
0.078206
0.076141
0.048437
0.029824
0.055680
0.104286
0.039375
0.023488
0.060444
0.071901
0.020763
0.095991
0.040300
0.018589
0.031645
0.114205
0.051227
0.018427
0.274141
0.099430
0.040094
0.032721
0.034573
0.080206
0.111187
0.073424
0.041639
0.028033
0.028131
0.031312
0.088750
0.118621
0.055141
0.089100
0.027299
0.020905
0.121179
0.069467
0.030859
0.037371
0.029480
0.097675
0.068720
0.045387
0.035212
0.093074
0.030457
0.219295
0.217358
0.096741
0.113716
0.028095
0.074700
0.051492
0.079711
0.060001
0.048427
0.037625
0.064564
0.084632
0.160849
0.033041
0.063715
0.061970
0.038301
0.010274
0.054579
0.053924
0.059383
0.094920
0.022955
0.129791
0.032090
0.056846
0.066912
0.028472
0.033370
0.034892
0.071798
0.060447
0.029674
0.057556
0.024568
0.034377
0.036055
0.088036
0.087306
0.070320
0.125183
0.051799
0.046757
0.025798
0.054886
0.097562
0.140083
0.056265
0.182401
0.018012
0.049877
0.061061
0.093646
0.065879
0.014832
0.076075
0.064220
0.084056
0.030559
0.059216
0.029343
0.012133
0.015094
0.020988
0.030696
0.018735
0.028909
0.024605
0.043902
0.034812
0.032300
0.061704
0.041101
0.145332
0.051558
0.035503
0.039023
0.066501
0.068688
0.115871
0.073656
0.038188
0.039317
0.138853
0.038059
0.665736
0.062798
0.041631
0.012261
0.040888
0.044528
0.012531
0.009135
0.056222
0.018888
0.054164
0.067278
0.117007
0.025473
0.193010
0.032526
0.029738
0.028424
0.051212
0.056937
0.052409
0.066453
0.027663
0.085892
0.056943
0.032787
0.018631
0.201704
0.053397
0.065562
0.048465
0.019782
0.105696
0.028416
0.054707
0.029764
0.067705
0.080274
0.040127
0.024962
0.029384
0.067376
0.051025
0.026096
0.064379
0.045684
0.023286
0.044787
0.075731
0.018149
0.048952
0.095330
0.029101
0.021740
0.041044
0.063697
0.043246
0.034826
0.079259
0.041208
0.023031
0.053743
0.111412
0.048610
0.086094
0.020779
0.019656
0.086418
0.059014
0.025278
0.033572
0.090204
0.080848
0.027139
0.017404
0.022892
0.045922
0.098718
0.028040
0.033214
0.057764
0.039173
0.016962
0.179283
0.050827
0.040449
0.068759
0.045762
0.045042
0.034974
0.059124
0.053434
0.064576
0.168363
0.041522
0.038708
0.050531
0.118426
0.049188
0.021363
0.257820
0.120894
0.123327
0.060001
0.035965
0.028823
0.031022
0.030102
0.030273
0.046254
0.232610
0.054138
0.038501
0.039821
0.050354
0.144677
0.036166
0.127175
0.083554
0.035513
0.051799
0.066160
0.021616
0.078213
0.096198
0.025978
0.032860
0.019507
0.011163
0.124303
0.047642
0.027474
0.019303
0.050280
0.132079
0.020379
0.035725
0.072207
0.088915
0.156408
0.051340
0.050431
0.036568
0.045966
0.013259
0.157147
0.037704
0.026125
0.031737
0.034222
0.012848
0.050921
0.041900
0.042168
0.108049
0.039922
0.034156
0.051252
0.138158
0.041589
0.079617
0.063454
0.069231
0.073170
0.147749
0.037826
0.040511
0.034422
0.042086
0.058101
0.056012
0.116617
0.050800
0.054291
0.011666
0.040110
0.053342
0.023634
0.077885
0.030668
0.024255
0.041987
0.032778
0.039250
0.165034
0.036148
0.078504
0.108782
0.044937
0.076033
0.047259
0.041227
0.049364
0.125404
0.112719
0.018761
0.031587
0.080261
0.044842
0.021086
0.074747
0.035365
0.095773
0.074361
0.065061
0.017890
0.018563
0.014815
0.064066
0.051380
0.061680
0.024030
0.086639
0.034699
0.039411
0.082108
0.023621
0.021122
0.039433
0.082389
0.088433
0.060530
0.013520
0.048403
0.018158
0.052587
0.059334
0.069480
0.041878
0.045637
0.067823
0.050616
0.061498
0.023990
0.166753
0.039848
0.388485
0.026039
0.047632
0.051796
0.033416
0.062200
0.020857
0.186057
0.057192
0.023899
0.074629
0.054489
0.067342
0.059046
0.118657
0.107537
0.029105
0.041810
0.266024
0.013559
0.059411
0.030002
0.005973
0.014877
0.132819
0.100320
0.076833
0.048125
0.029516
0.031097
0.022507
0.048860
0.012237
0.044564
0.069748
0.097375
0.030301
0.046824
0.044455
0.048887
0.034408
0.057252
0.021559
0.044425
0.044212
0.123313
0.230906
0.048924
0.030737
0.045115
0.163103
0.067990
0.105950
0.045197
0.026030
0.035052
0.040884
0.162569
0.024171
0.036828
0.039883
0.042820
0.064569
0.027050
0.057570
0.042667
0.051526
0.048432
0.075524
0.087663
0.087707
0.101257
0.011684
0.039330
0.058021
0.050005
0.058915
0.018080
0.073530
0.053774
0.035966
0.052341
0.058448
0.045486
0.023918
0.079334
0.046339
0.140798
0.023790
0.048642
0.041515
0.055600
0.063259
0.046965
0.034910
0.099024
0.057435
0.033907
0.093882
0.020033
0.026025
0.054853
0.068270
0.074192
0.062768
0.106249
0.066980
0.023818
0.091686
0.007397
0.046747
0.027551
0.024200
0.042999
0.049330
0.039079
0.052928
0.169984
0.087605
0.073221
0.077403
0.073645
0.051367
0.030958
0.061749
0.213311
0.116753
0.186226
0.014248
0.022323
0.031195
0.082391
0.053465
0.026670
0.032875
0.046449
0.088796
0.051473
0.051855
0.174416
0.043077
0.025600
0.028137
0.020295
0.067821
0.019568
0.027868
0.029491
0.026431
0.059720
0.011156
0.196830
0.043852
0.033992
0.023506
0.076056
0.075384
0.061330
0.028500
0.088663
0.117623
0.059859
0.038397
0.037645
0.031392
0.063441
0.071650
0.040625
0.010926
0.054516
0.027712
0.035911
0.056034
0.040519
0.181441
0.047054
0.026655
0.028297
0.055649
0.045003
0.084218
0.050469
0.034311
0.046661
0.031311
0.072490
0.040294
0.058306
0.063592
0.026224
0.050061
0.032637
0.118356
0.060484
0.069995
0.057107
0.059937
0.021039
0.040084
0.076303
0.005243
0.122040
0.108109
0.093070
0.059143
0.129293
0.054218
0.061119
0.078651
0.134534
0.038844
0.197919
0.111933
0.032438
0.036584
0.081749
0.178522
0.039535
0.126928
0.037644
0.047480
0.050024
0.017007
0.091449
