810
1.491583
4
91
40
10
1
5047
0.090375
-0.987985
0.128414
0.337471
0.120995
-0.265837
-0.645976
0.042365
0.258274
-0.437850
-0.166004
1.000000
0.840040
0.513701
-0.180899
0.898225
0.718494
-0.674182
-0.824555
0.405714
0.215884
-0.081505
-0.544204
-1.000000
-0.551398
-0.734416
0.610223
-0.882407
0.658788
0.848466
-0.345757
-0.173552
0.038951
0.425772
-0.156011
-0.960885
0.229099
0.189312
0.844594
0.825018
-0.554835
0.879013
0.168329
-0.107840
0.732561
0.145689
-0.919696
-0.834713
-0.281662
0.274748
0.630202
-1.000000
-0.413144
-0.584528
0.548792
0.316762
-0.835024
-1.000000
0.451370
0.436103
0.364734
-0.556360
1.000000
-0.209658
0.023573
0.176814
0.918604
0.162266
0.305845
0.037446
0.601824
-0.883900
0.199010
0.590175
-0.415761
0.099745
0.076957
0.818245
-0.737846
-0.056278
-0.801667
0.582109
-1.000000
-0.196335
-0.196391
-0.105641
1.000000
-0.124036
-0.753969
0.441522
0.360298
0.223795
0.243114
0.200440
0.060174
-0.413209
0.120472
0.268785
0.355206
-0.111159
0.732965
-0.283018
0.344674
0.216550
-0.942681
-0.752664
0.547395
0.587381
1.000000
0.057745
0.168394
0.919860
0.008423
-0.910894
0.128658
1.000000
-1.000000
-0.027322
0.470106
0.104627
-0.560246
0.373093
0.179230
-0.393747
0.455157
0.003914
1.000000
-0.653822
0.714072
0.641581
-0.589492
-0.325607
0.290113
-0.081490
0.828153
0.667386
0.694962
0.905323
-0.620887
0.859581
0.442258
-0.321505
0.149525
0.420517
-0.020580
0.157812
0.347194
0.031237
-0.621989
0.848842
-1.000000
0.606060
-0.692719
0.302806
0.268734
-0.786732
0.253275
0.629934
-0.333492
-0.530138
-0.506161
0.042482
-0.126902
-0.917037
0.855334
0.787847
-1.000000
-0.805588
-0.110468
-1.000000
1.000000
-0.058671
-0.079796
-0.580594
-0.740135
-0.833624
0.921397
-0.524547
0.577753
0.138823
1.000000
-0.214791
-0.465973
-1.000000
-0.208316
-0.798884
-1.000000
1.000000
-1.000000
0.676019
1.000000
0.179521
0.240647
0.190553
-0.951355
0.742908
-1.000000
-0.557279
0.941373
0.670744
-0.528890
-0.135233
-0.140440
-0.772115
-0.939048
-0.402122
-0.281282
0.374392
-1.000000
0.677090
-0.068233
0.168275
-0.038906
1.000000
-0.714923
0.243231
0.242310
0.170146
0.799656
-0.515433
-0.758399
0.930985
-0.193200
-0.513673
-1.000000
-0.553362
0.974575
0.270587
0.887883
1.000000
0.695684
-1.000000
-0.900865
0.350432
-0.157220
0.598357
0.449008
-0.659116
-0.654999
1.000000
-0.778827
0.021559
0.049598
0.111830
-0.210227
0.090113
0.695101
0.926543
1.000000
0.136761
-1.000000
-0.024246
-0.792828
-0.059424
1.000000
-0.003930
0.181139
-0.550101
0.806504
-0.194683
-0.848080
0.127297
1.000000
0.574891
0.914943
0.332397
-0.191952
0.753887
-0.481726
0.888005
0.673482
-0.207809
0.191031
0.676271
0.956974
0.340697
0.482068
0.034145
0.941027
0.254828
0.162436
-0.912683
-0.687251
-0.632491
0.427817
-0.063692
0.649703
0.890990
0.809829
-0.225225
0.093548
1.000000
0.901243
0.647879
0.374198
-0.081779
-0.306105
0.916431
0.142799
-0.256973
1.000000
1.000000
-1.000000
0.792727
0.109784
1.000000
0.018890
-0.852806
0.327301
0.690816
0.033582
0.814173
-1.000000
-0.718585
-0.610690
-1.000000
0.879145
-0.700127
-0.247928
-0.920104
0.534423
0.818082
-0.158407
-1.000000
0.532407
-0.394850
0.625641
0.316134
0.757491
-0.694715
0.045529
-0.466997
0.146931
-0.733972
0.494775
-1.000000
0.519658
-0.086078
-1.000000
-0.628815
-0.934607
0.706209
-1.000000
-1.000000
-0.828884
1.000000
1.000000
-0.067900
1.000000
-0.792760
1.000000
1.000000
0.933444
0.213159
-1.000000
0.358209
0.378339
0.361467
0.969749
-0.874197
0.483114
0.074902
0.039761
1.000000
0.513038
-0.528395
0.859947
0.400818
-0.244695
0.245796
0.054641
-0.237681
0.137018
0.000019
0.062625
-0.773360
-0.388005
0.035162
0.354493
-0.624599
0.340368
-0.745858
0.304983
-0.010019
-0.371366
-0.130890
0.354075
1.000000
-0.297085
-0.445825
1.000000
0.082796
0.004309
-0.023963
-0.817614
-0.609520
1.000000
-0.533620
-0.969128
0.108676
-0.976047
-1.000000
-0.776108
-0.874724
-0.737082
0.385939
-0.680333
-1.000000
-0.328490
-0.973762
-0.312503
0.321956
0.531118
-0.987158
-0.343229
-0.219671
0.676887
0.984936
0.505299
-0.245140
0.214090
-0.452280
1.000000
0.567321
0.020219
0.297281
1.000000
0.749030
0.705012
-0.430937
0.100332
0.927172
-0.988129
-0.357764
0.753641
0.381350
-0.275589
0.108464
-0.808360
0.526335
1.000000
-1.000000
0.795819
0.413038
-0.791013
0.225404
-0.037765
0.907089
-0.823099
0.164150
-0.884050
-1.000000
0.451871
1.000000
-0.304639
0.300192
-0.621384
0.711537
0.043161
-0.027424
0.949071
-0.656621
-1.000000
0.305228
-0.408994
0.992783
-0.964373
0.973615
0.843788
-1.000000
0.309408
1.000000
1.000000
-0.600131
-0.590920
-0.741132
-0.052674
-0.075816
-0.337885
-0.711124
1.000000
-0.420188
1.000000
-0.323153
0.098138
0.565315
0.169772
0.939997
1.000000
-1.000000
-0.437452
0.948179
0.607807
0.247785
0.378495
-0.590709
0.652266
0.485091
-0.513685
-0.514167
0.017282
0.931330
-1.000000
0.223016
0.052475
0.753784
-0.072577
-0.782677
-1.000000
1.000000
0.093455
-1.000000
0.324544
-0.425292
0.733660
0.827420
-0.554109
0.735298
0.668795
-1.000000
-0.084551
0.493880
0.703569
0.379342
-0.567935
0.208081
0.345888
-0.949825
0.679574
1.000000
0.194435
-0.128364
-1.000000
-0.361215
1.000000
1.000000
-0.611360
0.294118
-0.877689
0.928046
-0.054134
-0.038633
-0.262559
0.460863
-0.950022
0.649141
-0.339057
0.111622
0.304071
0.254839
-0.014489
-0.409166
-0.030715
0.297074
-0.378306
0.694025
-0.817807
1.000000
0.659079
-0.423548
1.000000
0.152342
-0.586649
0.775327
-0.151745
-0.641040
0.700879
-0.802986
0.089837
0.264289
0.308602
-0.653364
0.981114
-1.000000
0.074420
0.063964
1.000000
-0.220095
0.747539
-0.400445
0.189272
-0.215965
-0.551987
-0.752998
-0.142042
-1.000000
-0.296580
-0.131734
-0.704125
0.015826
0.926591
-1.000000
-0.397014
0.652833
-1.000000
-0.717825
-0.902584
-0.040375
-0.938729
0.057082
-0.706546
0.312487
0.939885
-0.635349
0.195603
0.438128
0.880942
-0.586547
-0.112529
-0.719817
-0.339880
-0.072299
-0.673763
0.185955
-0.941175
-0.157062
0.711404
1.000000
-0.180915
0.359219
-0.157426
0.755657
0.417149
0.550327
0.285613
0.254689
-1.000000
1.000000
0.162831
0.574815
-0.095766
-0.224684
-0.946652
-0.938764
-0.090074
0.150285
1.000000
0.070833
0.883146
-0.292135
-0.144664
-0.362525
0.174722
1.000000
0.853350
0.213800
-0.152287
-0.636695
-0.271003
0.214902
0.733292
-0.375154
-0.755130
0.301954
-0.727994
0.666848
-0.232328
-0.111550
0.637089
-1.000000
-0.119089
-1.000000
0.274806
0.748166
-0.449885
-0.016450
-0.716320
1.000000
0.163951
-0.208311
0.778143
-0.139576
-0.840541
-0.126812
-1.000000
0.035633
-0.469058
-0.357030
1.000000
-0.076859
-0.240295
-0.690195
0.049999
-1.000000
-1.000000
0.235768
0.805969
-0.502090
0.068253
0.030759
0.505730
0.385313
-0.265905
1.000000
-0.279111
0.503037
-0.911357
0.257196
-0.532661
-0.430453
-0.981457
-0.918153
1.000000
1.000000
0.497011
0.018786
-0.338158
-0.661302
0.625940
-0.514737
0.063167
0.622917
0.557717
0.365221
0.087148
0.031701
-0.457757
-1.000000
-1.000000
-0.300802
-0.070463
0.208129
0.336379
-1.000000
0.176139
0.608206
-0.327799
-0.089464
0.533898
-1.000000
-0.082534
-0.772133
0.810132
0.156070
-0.926901
1.000000
-0.558615
0.295516
0.416414
0.159766
-0.870294
0.181459
0.734206
0.722412
-0.517068
1.000000
0.350565
-0.090857
-0.421027
-0.313896
0.634265
-1.000000
0.673848
-0.954994
0.871877
-0.761034
1.000000
-1.000000
-0.052219
-0.069431
0.681294
-1.000000
-0.701356
1.000000
-0.804131
0.951926
0.155465
0.545722
-0.360189
1.000000
-0.745316
-0.949079
0.434348
-0.196967
0.782088
-0.172233
-1.000000
0.638579
0.337371
1.000000
-0.453039
0.076688
-0.474020
1.000000
-0.551104
-0.541208
0.430141
0.393975
-0.933225
-0.229013
0.911718
0.604317
0.170261
-0.163412
0.930926
-0.785765
0.813273
1.000000
0.451299
-0.973985
0.715874
0.979742
1.000000
0.986657
-0.321361
-0.008791
-0.900688
0.756760
-1.000000
1.000000
0.323319
-0.680614
1.000000
-0.605922
-0.352620
0.398395
-0.325802
-0.330723
-0.658695
0.367209
-0.237836
-0.443022
0.968872
0.306449
0.380473
0.815453
0.149149
-0.257845
-0.659805
-0.881311
-0.630692
0.838334
0.379041
0.147866
0.145621
0.338164
-0.075863
-0.461066
-0.361022
-0.860798
-0.339429
1.000000
0.872536
-0.860189
-0.382805
-0.044987
1.000000
-0.455143
0.976636
0.532474
-0.111372
1.000000
-0.349982
-0.459437
-0.149440
-0.415026
-0.382167
0.830468
0.668687
0.266197
0.186883
-0.480337
0.677457
0.703309
-0.390924
-0.249678
-0.408334
-1.000000
-0.455693
0.920416
-0.359039
-0.232278
0.710095
-0.245278
0.211166
0.479339
-0.529014
-0.643825
0.298714
0.643468
0.067916
0.615035
0.483411
-0.703943
-0.463729
0.249590
0.711194
-0.177816
1.000000
0.378927
0.035966
1.000000
0.123326
0.599720
0.027179
0.137156
0.398430
0.364292
0.764357
1.000000
0.032724
0.812004
0.001902
-1.000000
0.380973
0.966771
-0.243382
-1.000000
-1.000000
-0.359337
-0.381757
0.982446
-0.303013
1.000000
0.761504
-0.450103
-0.274801
0.738075
-0.951945
0.101895
0.954680
0.714471
0.566620
-0.365740
0.026992
0.230272
0.254165
1.000000
0.665727
-0.327907
0.390159
0.638971
0.292196
0.270863
-0.837099
-0.052092
0.548405
1.000000
0.433383
-1.000000
-0.257521
-0.455691
0.400868
-1.000000
-0.583110
-1.000000
-0.590807
1.000000
0.223838
-0.112065
-0.388952
0.443398
-1.000000
-0.861584
0.904628
-0.161685
0.734665
0.846481
0.873613
-0.103820
-0.762366
1.000000
-0.431800
-0.178435
0.861332
-0.786368
0.314199
-1.000000
0.480750
-0.013112
0.030765
0.778445
-0.927155
-1.000000
0.083357
0.383739
-0.676847
-0.899716
0.754185
-0.135901
-0.017838
1.000000
-0.606605
0.335340
0.047843
0.607947
0.273856
0.077115
0.938878
0.644170
0.813624
0.377137
-0.642298
-0.267904
0.491673
0.098549
-0.679652
-0.347884
-0.576224
-0.524447
0.896854
0.199638
0.729023
0.250581
0.950877
0.493728
-0.456177
-0.167134
-0.934018
-0.702135
-0.042670
1.000000
-0.477635
-0.856272
0.596268
-1.000000
-0.328551
0.861617
1.000000
-0.622098
0.285725
1.000000
-1.000000
-0.689103
1.000000
-1.000000
-0.653129
0.183045
-0.361383
-0.766509
-0.560035
-0.818568
-0.608107
-0.774847
-0.073037
1.000000
-0.512248
0.280050
-0.861775
-0.148910
-0.251039
0.173118
-0.092630
-0.152983
0.511027
1.000000
-0.192510
-0.085404
-0.831160
-0.609982
0.885537
-0.417560
-0.221414
-0.068297
-0.952248
0.221144
0.549480
0.775447
-0.609448
0.236333
-0.985905
-0.466169
0.107401
-0.150113
-1.000000
-0.623135
1.000000
0.600854
0.489784
0.128778
-0.935683
-0.542459
0.785493
1.000000
1.000000
0.059931
-0.386895
-0.856316
0.333706
0.380440
-0.177815
-0.890035
0.281303
-0.170138
0.796816
-0.064244
-0.940357
-0.511982
-0.257472
-0.751894
0.567702
-0.880228
0.270683
-0.399862
-0.943697
0.804291
0.226419
-0.963634
-0.439487
0.035222
-0.011341
1.000000
0.499752
0.373940
1.000000
1.000000
-0.830874
0.041053
-0.400041
-0.635972
0.790289
0.250568
-0.368778
0.837351
-0.740492
-1.000000
-1.000000
1.000000
0.159746
-0.015392
-0.942191
-0.820706
-0.151739
0.146508
0.541906
-0.503749
-0.181235
-0.323960
0.314571
-0.479637
-0.400013
0.293180
-0.952864
-0.738508
0.278042
-0.681036
0.556601
-0.107883
-0.132899
0.187402
-0.127102
-0.589510
-0.843154
0.644047
0.077218
-1.000000
-0.009171
1.000000
-0.166290
0.720346
-1.000000
0.284353
-0.764241
0.562983
1.000000
-0.306477
1.000000
0.996316
-1.000000
-0.583106
-0.892696
0.596443
0.168533
-0.229370
-0.121508
-0.433116
-0.967703
0.289269
-0.923813
0.797583
-0.491167
0.297702
-0.629650
-0.210886
-0.391852
0.236384
0.055716
-0.377990
-0.633094
-0.353964
-0.252391
0.071315
0.240887
-0.034091
0.340445
0.838664
0.627275
-0.159411
-0.278792
-1.000000
0.662771
0.512219
0.128002
-0.575580
-0.509211
0.598799
0.870373
-0.818944
-0.515892
0.272915
0.081471
0.955549
0.798642
1.000000
0.424811
0.716231
-1.000000
-0.785923
-0.024083
0.467902
-0.761656
-0.884931
-0.053770
-0.302210
-0.856714
-0.488773
-0.584418
-0.016180
-0.428454
1.000000
0.403339
-0.796192
-0.370490
0.914826
-0.242852
-0.771323
-0.815844
-0.545641
0.586801
-0.732754
0.469526
0.707620
-1.000000
0.960120
-1.000000
-0.756013
-1.000000
-1.000000
0.567370
0.342946
0.230291
-0.376016
-0.079363
1.000000
-0.314246
-0.687092
-0.073475
-1.000000
-0.386729
-0.751091
0.332690
0.321734
-0.294295
0.885511
0.679405
-0.836209
0.416525
-0.021305
0.822193
-0.684379
0.858579
0.998727
1.000000
-0.924279
0.803179
-0.234478
-0.980433
-0.941509
-0.408552
0.349560
-0.589286
-0.774338
-0.705729
0.179564
0.551123
-1.000000
-1.000000
-0.327942
0.887167
1.000000
1.000000
-0.741728
0.658341
0.184766
0.961356
1.000000
0.734898
-0.784997
0.937822
0.112269
-0.490550
0.120760
0.643717
0.662471
-0.251424
-0.485660
0.684784
-0.631019
-0.750770
0.384100
-0.445944
-0.462850
0.552326
-0.641283
0.520313
-0.624712
0.407240
0.700318
0.555683
-0.544542
-0.273996
0.705334
-1.000000
0.042688
0.006149
-0.426018
-0.265797
-0.085309
-0.602099
1.000000
-0.879089
0.208802
-0.185987
-1.000000
-0.201249
0.493637
-0.861282
-0.004744
-0.075877
-0.933510
-0.902510
0.652361
-0.813479
-0.740094
-0.050860
0.491791
-0.379470
-0.942778
0.937839
-0.397199
0.457796
0.931079
1.000000
0.476204
-0.154279
1.000000
0.094288
-0.649311
0.505286
-0.219741
0.344394
0.633983
-0.264942
-0.613649
0.498342
-0.987152
1.000000
0.845600
1.000000
-1.000000
-0.150838
1.000000
-0.255947
-0.285352
-0.174464
0.703718
-0.674729
-0.108136
0.234336
-1.000000
-0.081889
-0.212523
-1.000000
0.861599
-0.090578
-0.729874
-0.607196
-0.282734
0.285540
-1.000000
-0.173711
-0.512757
0.185890
0.001025
-1.000000
-0.105917
-0.101326
0.606723
0.054606
-0.334471
-0.499971
-0.488038
0.974997
-0.957755
1.000000
-0.753681
0.703046
-0.854466
0.770242
0.617649
-0.854053
-1.000000
0.448615
-0.450987
-0.894389
-0.713049
-1.000000
1.000000
0.643810
0.604353
-0.232481
0.298183
-0.820864
0.211378
-0.911979
-0.380821
-0.174487
0.374982
0.586795
0.737321
-0.345009
-0.733582
0.907043
-0.146126
-0.707088
-1.000000
-0.115339
-0.936043
1.000000
1.000000
0.206493
0.407185
-0.336260
-0.146975
0.006259
1.000000
0.603386
-0.342506
-0.022247
0.890326
-0.070234
-0.407065
1.000000
-0.410581
0.770452
1.000000
0.097064
0.095225
-0.058846
1.000000
-0.010706
0.466534
-0.069484
0.594135
-0.746261
0.109655
-0.409493
0.226863
0.635052
1.000000
-0.494316
-0.558439
-0.928608
-1.000000
-0.241826
0.984358
-0.863403
-0.372209
-0.196273
0.691482
-0.469861
-0.421265
0.733364
0.541626
0.685758
0.899866
-0.752184
-0.408308
-0.408506
0.386168
-1.000000
0.480436
-1.000000
0.012705
-0.924088
-1.000000
-0.651937
0.149898
-0.801526
-0.267450
-0.426907
-0.538501
-0.738218
-0.523802
-1.000000
-0.614887
0.191405
-0.590665
0.472177
-1.000000
0.959396
0.061038
0.727601
0.822758
-0.507592
-0.552092
0.171332
-0.263910
-0.299033
0.886361
-0.384215
0.913841
-0.683510
0.612148
-0.401156
-0.016051
0.240217
0.960649
0.431622
-0.767542
0.759457
1.000000
0.717400
-0.774239
0.858049
0.041311
-0.572493
-0.473127
0.927693
-0.522774
-0.981479
-0.128578
0.566802
-1.000000
0.819153
-0.942605
0.486352
-0.129551
-0.070582
-0.500909
-0.710274
0.651266
0.192818
0.101651
0.124020
0.117668
-0.535615
-0.785959
-0.575449
-0.100668
-0.947463
-0.632479
-0.135259
1.000000
-0.661844
0.710528
-0.523625
0.106896
0.603756
0.253150
-0.910763
0.781185
-0.389462
-0.093520
-0.059141
-0.675816
0.062248
-1.000000
0.436359
0.925686
-0.148876
0.884341
0.992386
-0.616995
-0.649495
0.736570
-0.688760
-1.000000
-0.111055
-0.073381
0.574346
-1.000000
0.438410
1.000000
0.307795
1.000000
-0.994845
-0.534674
-0.267586
0.276663
0.814542
0.076299
0.627930
-1.000000
0.685453
-0.698629
-1.000000
0.796812
-0.952681
-0.778166
-0.408604
0.827741
0.337865
-0.593149
-0.552352
0.688707
0.051810
0.796020
0.238279
1.000000
0.891699
0.108720
-0.244321
-0.643166
0.387997
0.790837
-0.073853
1.000000
0.258589
-0.075459
0.020851
0.968081
-0.684862
0.038823
0.696951
-0.338177
-0.714068
-0.081811
0.054516
0.000048
1.000000
0.905940
0.702161
1.000000
-0.102037
0.061265
-0.118546
0.967397
-1.000000
0.812634
0.966853
-0.849387
0.042954
0.823312
-0.238757
0.138739
0.553233
-0.200302
-0.431451
-0.967344
0.123315
0.152310
1.000000
-0.473409
0.561616
0.858555
0.685625
0.559550
-1.000000
0.696327
-1.000000
0.172453
0.502549
0.002520
-0.690361
0.308926
0.218706
0.144573
0.452289
-1.000000
-0.631037
-0.630509
-0.786039
-1.000000
-0.879675
-0.097832
0.190749
1.000000
0.499147
0.896512
0.350032
0.765688
-0.741128
0.942444
0.670145
0.602201
0.243340
-0.332834
-0.084721
-0.091094
-0.777531
-0.400030
1.000000
-0.383466
-0.766382
-0.514793
0.767550
0.846673
0.126314
-0.257238
0.160315
0.796539
-0.481223
-0.827226
0.319998
-0.004859
-0.440729
0.899007
0.180754
0.300056
-0.209146
0.481337
-1.000000
-0.177454
0.197992
0.056326
0.076707
0.287199
0.656321
-0.330842
-0.106180
-0.849437
0.367222
-1.000000
0.731909
-0.713801
-0.787651
0.031598
-0.098609
-0.849937
-0.400384
0.617353
-0.971525
0.153947
0.860483
-0.396291
0.133651
0.248365
0.875981
1.000000
0.084427
1.000000
0.579849
1.000000
0.431447
-0.524227
-0.476482
-0.921890
1.000000
0.832142
-0.339815
-0.582173
-0.988170
0.434213
-1.000000
-0.216796
-0.835737
0.755506
0.020415
-1.000000
-1.000000
-0.229541
-0.720652
-0.397955
0.559692
0.535514
1.000000
0.021660
-0.509820
-0.600885
1.000000
-0.219457
0.599834
0.724186
-0.549312
-0.906681
0.511914
-0.247151
-0.561083
0.525477
0.971921
0.115754
0.863766
-0.614366
-0.362715
-0.295418
-0.314388
0.570826
-0.129307
-0.474144
0.318877
-1.000000
-0.004061
-0.826444
0.783023
0.250668
0.115392
-0.322770
0.249693
0.156415
-0.284984
0.491601
-0.353220
-0.654994
0.843503
-0.440393
-0.264026
-1.000000
-0.224822
-0.665572
-0.315375
0.264422
0.416636
0.542309
-0.215425
-0.145970
0.859492
0.779312
-0.271202
0.742462
-0.421686
0.388251
0.613466
-0.050269
-0.430276
0.450147
-0.310842
-0.498863
0.576316
0.545224
0.056658
1.000000
0.095931
0.312214
-0.413322
-0.360816
-0.144301
0.321090
-0.039554
-0.359715
0.507037
0.453624
0.312565
-0.026870
-0.816437
0.281024
-0.272017
0.952530
-0.372940
0.786359
-0.007507
0.793292
0.144215
-0.805002
-0.492906
1.000000
-0.494571
-0.096868
-0.018175
0.613673
1.000000
-0.008220
1.000000
0.013967
0.812044
0.107609
0.168994
-0.271061
-0.684932
-0.200190
0.246144
-0.407974
1.000000
0.680599
0.224030
-1.000000
0.173151
0.445824
1.000000
-0.097932
-0.478495
0.835841
-0.987778
0.617085
0.403900
-0.744955
-0.389629
-0.039671
0.861725
-0.711382
0.060120
0.340141
0.245192
0.692743
0.752277
0.436241
-0.469207
-0.728260
0.186554
0.079318
0.688841
-0.246169
-0.215284
0.111148
-0.110440
0.103602
-0.037523
-0.216109
-0.386198
-1.000000
0.071682
-0.898475
0.007854
0.542329
0.374031
-0.364234
0.760313
1.000000
0.315228
-0.583797
-1.000000
1.000000
0.174022
-0.366826
-0.039917
-0.870967
-0.377626
-0.592557
-1.000000
-0.129328
0.476720
-0.043562
-0.676785
1.000000
-0.089950
0.484691
-0.923713
0.575931
-0.733144
0.744098
0.169104
-0.927196
0.073242
-0.060858
-0.386580
0.733224
-0.001070
0.315416
0.202278
0.744107
0.293113
0.243555
0.296949
0.039691
-0.757800
0.264125
1.000000
0.010706
0.492146
1.000000
0.046970
-0.949291
-0.536516
0.365830
-0.857695
0.895021
-0.364018
-0.404594
0.219359
-0.865903
0.448597
0.693357
-0.076334
-0.568823
-0.266884
-0.476065
0.334700
-0.456394
0.934230
0.142450
0.274569
0.598033
-0.830711
-0.115979
-0.917592
-0.602422
0.326743
0.834551
-0.471492
-0.609325
0.219046
-0.828925
0.566601
-0.186743
0.189912
-0.785002
-0.278347
0.960391
-0.877864
0.469571
-0.326289
-0.682954
-0.722766
-0.741453
-0.276166
0.441284
-0.120256
0.779759
0.676335
-0.539186
-1.000000
0.568042
0.054961
0.589998
0.383987
0.945005
0.679515
-0.546247
0.890271
-1.000000
-0.061972
-0.448867
-0.085233
-0.657297
-0.098594
-0.170512
1.000000
1.000000
0.072477
0.614991
-0.964372
0.246096
0.140416
0.521868
-0.583308
0.281638
0.488934
-0.180138
0.571816
-0.884507
-0.681145
-0.892745
-1.000000
-1.000000
0.979100
-0.705750
-1.000000
0.905801
0.462556
-0.593497
0.690858
-0.048940
0.221096
0.096067
-0.678660
-0.879370
0.129266
1.000000
-0.940283
0.961235
1.000000
-0.037807
0.758263
-0.385843
-0.994030
-0.953564
0.364976
0.672532
1.000000
-0.897481
0.407042
0.451795
0.061389
0.681889
-0.073682
1.000000
-1.000000
-0.522808
1.000000
-0.348420
0.430982
-0.343157
0.997347
-0.397754
-0.262719
0.865114
0.412846
0.730596
0.795827
0.138518
-0.955632
0.795813
0.383330
0.995975
-0.086185
-0.411069
-0.302775
0.172548
0.740998
0.256906
-0.503455
-0.820118
0.820441
0.703902
-1.000000
0.398144
-0.369373
0.829870
-0.975056
-0.816491
0.493432
0.829968
-0.829492
1.000000
-0.087550
0.532830
-1.000000
1.000000
-0.516804
1.000000
0.363159
1.000000
0.192416
-0.503489
-0.070563
0.244158
-0.276362
-0.101564
-0.284641
-0.003980
-0.036561
-0.871382
0.354347
-0.330263
-0.166463
1.000000
0.620986
0.418050
0.543197
-0.357562
1.000000
0.605096
0.135835
-1.000000
-0.934127
0.095024
0.095421
-0.118486
-0.578605
0.749980
-0.533405
-0.610616
0.193873
0.757407
-0.593524
0.291034
0.690184
-0.532298
-0.071138
0.369003
-0.594357
-0.047113
0.188684
-0.555082
-0.896949
-1.000000
0.525886
0.604227
-0.298488
-0.680398
-0.192554
-0.981017
1.000000
0.092215
0.039955
-1.000000
-0.953610
0.578718
0.369581
0.144908
0.485829
0.121154
-1.000000
0.917240
-0.286158
-0.713575
-0.237991
-0.537796
-0.122001
0.978794
-0.357178
0.077969
-0.900064
-0.398775
-0.498881
-1.000000
0.792256
0.173420
-0.497082
0.234211
1.000000
-0.624456
0.437840
-0.225633
-1.000000
0.901068
0.371881
0.885198
-0.915286
0.614724
0.065885
-0.974825
-0.865432
-0.324672
-0.765582
0.962562
-0.349232
0.577924
-0.307063
-0.191719
-1.000000
0.515352
0.471296
0.209144
-0.519576
-0.362909
-0.270838
-0.627809
0.191812
-0.618044
-0.619617
0.436168
0.912148
0.686041
0.550994
-0.823437
-0.943046
-0.433060
1.000000
0.972775
0.906657
0.698560
0.797635
0.310280
-0.449883
0.586230
-0.262919
-0.348576
-0.503199
0.349957
0.637042
0.018194
0.635399
-1.000000
0.599679
-1.000000
0.610056
0.437633
0.900905
0.051822
-1.000000
0.092874
-0.633843
-0.292910
0.981980
0.621546
-0.806322
0.426470
-0.210535
-0.686907
-0.180734
0.218442
-0.224664
0.626510
0.340953
0.821443
0.616052
-0.825415
0.924844
0.402809
0.490207
-1.000000
-0.688216
-0.784105
0.450161
0.764663
-0.757735
-0.077929
-0.114162
-0.861749
-0.323639
-0.935741
-0.869240
0.269079
0.646603
0.153195
-0.162840
0.854927
0.919625
0.385146
0.437002
0.142165
0.292211
-0.403411
0.585145
1.000000
-0.617005
-0.869046
-1.000000
-0.672884
-0.657735
-0.332956
-0.910545
0.425194
-0.613545
-0.828363
0.961851
-0.508113
1.000000
-0.234363
0.919731
-1.000000
0.365056
0.731473
-0.514477
-0.938262
-0.309083
0.901433
-0.346064
-0.531965
0.783416
0.280242
-1.000000
0.573278
-0.159630
0.025770
0.653426
0.021712
0.852281
0.174848
0.010395
-0.609793
-0.487829
-0.605894
0.717878
0.367057
-0.116410
-0.559142
-0.399749
1.000000
0.943333
-0.773935
-0.052913
0.179417
0.714838
0.053549
-0.792896
0.824196
0.381062
-0.664025
0.527184
-1.000000
0.604531
-0.549682
-0.795938
1.000000
0.371697
1.000000
0.870262
-0.123937
0.702080
-0.156948
0.348874
0.286493
-0.232495
-0.698258
-0.245705
0.371344
-0.566998
0.504942
0.868430
0.554300
-0.127589
-0.761243
0.057298
0.784331
-0.194040
-0.466708
-0.941503
0.869201
-0.954942
-0.764007
0.450157
-0.654717
1.000000
0.493300
-0.695161
-1.000000
0.890727
0.005079
0.366738
-0.924916
-0.729637
-0.587081
-1.000000
-0.614638
0.088897
-0.199770
-0.165496
-1.000000
0.724640
-0.159834
0.833085
-1.000000
0.426214
0.107978
0.660907
-0.949380
-0.899374
-0.128976
-0.450400
-0.923662
0.319143
0.767743
0.836606
0.259980
-0.833347
-0.040474
-0.328226
-0.948567
0.111223
-0.606681
0.106889
1.000000
0.541755
-0.540896
-0.807367
-0.500055
0.424326
0.997936
0.394967
0.507625
-0.787352
-0.427889
1.000000
-0.561903
-0.665432
0.353586
-0.683761
0.449253
-0.321929
-0.769870
-0.287034
0.521075
0.796511
-0.484502
-0.895750
-1.000000
0.543032
0.001867
-0.425634
0.778942
0.252548
-0.072112
-0.530901
0.150540
0.846337
-0.095738
-0.470013
-0.236324
0.597028
0.410526
0.150137
-0.263056
0.456524
0.115043
1.000000
0.385633
-0.764778
-1.000000
-0.910480
0.543644
-0.350954
-0.367343
-0.563622
-0.115072
0.952138
-0.751041
-0.269187
0.012828
0.601999
0.124863
-0.814550
0.062154
1.000000
-0.123291
-0.831001
-0.714639
0.711899
0.425589
-0.445903
1.000000
-0.595687
-0.493187
-0.087298
-0.434458
0.759523
-0.580550
0.643124
0.174640
0.493349
0.112221
0.785408
0.488503
-0.685883
-0.451328
-0.271287
0.547789
-1.000000
0.499667
-1.000000
-1.000000
0.452512
-0.426087
0.666698
-0.495274
0.391590
-1.000000
0.721491
-0.308116
0.032402
-0.529593
0.018561
0.423364
0.343098
-0.938020
-0.840095
-0.728631
-0.536491
-0.389077
0.975962
0.287356
-1.000000
0.414548
-0.672998
1.000000
-0.733177
-0.636160
-0.331648
-0.052877
1.000000
0.927386
-0.188432
0.680136
0.471354
1.000000
-0.025801
0.825269
-0.559027
-0.175033
1.000000
-0.973470
0.289560
0.311602
-0.968600
-0.081738
-0.524852
0.258609
0.878299
0.118122
1.000000
-1.000000
-0.585548
0.360007
-0.014832
0.444030
-1.000000
-0.385983
-0.003447
0.555560
0.322697
-0.603527
0.257667
0.734279
0.656608
0.989836
-0.334210
-0.687498
-0.405529
-0.399888
-1.000000
0.006762
0.196777
-0.017278
-0.942031
0.676644
-1.000000
-0.413716
0.849338
0.274412
0.012102
-0.502413
-0.344956
0.077461
0.146970
-0.152538
-1.000000
-0.819889
-0.552620
0.293915
0.417507
0.691351
-0.707386
-0.434662
-0.693498
0.014446
0.699009
0.091065
-0.118625
-0.064437
0.309942
-0.770469
-0.235437
-0.075931
-0.220211
-0.974787
-0.077349
0.771172
1.000000
0.407959
-0.818140
0.401099
0.228240
-0.979297
-0.075773
0.868543
1.000000
0.756554
-0.471859
-0.711667
0.269810
-0.241555
-0.844165
-0.172327
0.454362
-1.000000
0.974333
-0.662853
1.000000
0.614643
0.419250
-1.000000
0.241673
0.042623
0.164687
-0.715317
-0.409290
0.040532
-0.764188
0.941163
0.754466
0.935013
1.000000
0.171955
-0.775687
-0.978915
0.222117
-0.988293
0.094584
-0.824547
-0.838234
0.948092
-0.398667
0.144416
-0.689670
-0.430439
-0.475153
1.000000
0.028623
0.509956
0.050459
-0.420914
0.523622
-0.449486
-1.000000
-0.482085
-0.620427
-0.499384
-0.340426
0.458899
-0.362241
0.010584
-0.879469
-1.000000
-0.913494
0.375783
0.875115
-0.149851
0.475044
0.439655
-0.923850
0.407249
-0.212667
-0.028779
0.163928
-0.055944
-0.327208
-0.460376
-0.777553
-0.599917
1.000000
0.023074
0.131690
-0.513671
0.418069
1.000000
0.764831
-1.000000
1.000000
-0.497762
0.764592
0.182482
-0.659273
0.460197
-0.061528
0.771539
0.334160
0.093894
0.241023
-0.459296
0.263751
0.704164
-1.000000
0.716951
0.895411
-0.902115
-0.493886
-0.851633
0.989089
1.000000
-1.000000
-0.158260
-0.457724
0.397647
0.987246
-0.798508
0.480197
-0.102215
-0.602105
-0.799271
-0.096310
0.989861
-0.512679
-0.028017
0.604063
0.824765
0.210161
1.000000
0.242960
-0.299476
-0.058627
-0.171130
0.132023
0.903041
0.813121
0.635316
-0.408782
0.631212
0.225515
0.083085
0.364595
-0.469903
-0.999164
-0.189120
-0.858622
0.407209
0.483833
-0.609408
0.218590
-0.166694
-0.121287
-0.882274
0.876763
-1.000000
0.284390
0.012594
-0.466925
0.900636
0.204200
-0.123872
-0.400550
-0.249996
-0.222912
-0.325535
-0.814699
0.049502
-1.000000
0.010781
0.973982
-0.263104
0.085912
0.104492
-0.958451
1.000000
0.602061
0.547291
-0.569069
0.374901
0.120412
-0.653331
0.550669
-1.000000
-0.307546
-0.749591
-0.135262
0.684350
-0.904967
0.436361
-0.267431
-1.000000
0.100314
0.038751
0.541938
0.946953
-0.139023
0.355380
-0.847343
-0.011909
-0.836584
0.420912
1.000000
-0.659671
-0.232474
0.151161
-0.630659
0.530256
-0.770719
1.000000
-0.574059
-1.000000
0.667130
-0.802026
-0.385850
-0.387923
0.895846
-0.062878
0.412693
-0.980413
0.849191
0.896693
0.759980
-0.732338
-0.850026
0.857425
0.467762
0.821336
-0.461706
0.513028
0.299195
-0.377264
-0.904188
-1.000000
0.826175
0.727003
0.000273
0.871788
-0.105384
0.497868
0.042628
0.179031
0.233209
0.327123
-0.283488
-0.823542
-0.534938
-0.688106
-0.706236
-0.317493
0.990304
-0.090523
1.000000
0.296630
-0.347333
0.012206
0.405144
-0.591570
1.000000
1.000000
1.000000
0.318923
0.481955
0.801353
-0.327520
1.000000
-0.937394
-0.206202
-0.696845
0.919615
-0.983619
-1.000000
-0.914011
0.127989
0.696440
-0.030704
0.703440
0.285130
-0.640050
1.000000
0.159245
-1.000000
0.403997
-0.617511
-0.943364
0.285153
-0.799922
0.913744
0.191830
-1.000000
-1.000000
0.092983
0.882430
-0.760798
1.000000
0.028890
-0.203911
0.390212
-1.000000
1.000000
-0.967598
0.267974
0.965187
-0.528378
-0.603103
0.742198
1.000000
0.710570
1.000000
-0.224870
0.650898
1.000000
-0.726689
0.516758
-0.965617
-0.618310
-0.490100
0.170340
-0.627103
0.062749
-0.320504
-1.000000
-0.700757
0.403989
-0.239877
0.478198
-1.000000
-1.000000
0.525977
-0.418421
0.758291
-0.203193
-0.342787
-0.589140
-1.000000
0.074253
0.663510
-0.322876
-0.975952
-0.864304
0.110709
-0.977105
0.915211
-0.238812
0.090700
-0.128502
-0.184244
0.516671
0.197555
0.102988
-0.493890
-0.350443
-0.837448
0.028032
0.021984
-0.655618
0.393984
-0.545207
-0.316969
0.028831
-0.996927
0.385419
-0.201474
-0.793909
-0.394187
0.981284
-0.758736
0.008947
0.141558
0.207599
0.064207
0.063777
0.242291
-0.707726
0.810091
-0.264844
0.171299
-0.838442
-1.000000
0.888128
0.979673
0.207744
-0.135684
0.545707
-0.591154
0.685351
0.530943
1.000000
-0.917945
0.522864
0.230660
-0.144527
0.576910
0.710374
-0.504622
0.351891
1.000000
-0.404247
-0.851361
1.000000
-0.803519
0.042630
0.427850
-0.555153
-0.061807
0.492420
-0.198356
0.240469
0.702739
-0.215162
0.243943
-0.332446
0.610053
0.523939
0.266312
-1.000000
0.956571
-0.454607
0.857112
0.792670
0.364184
1.000000
-0.161837
-0.537136
-0.031126
-0.788093
-0.037803
0.015316
-1.000000
-0.268296
0.687013
0.650648
1.000000
-0.348854
-0.428909
-0.235625
-0.572566
0.344253
-0.403837
0.162021
0.502493
0.025947
0.339792
-0.298949
0.759996
-0.140724
-0.237539
0.040997
0.251093
-0.679876
-0.613823
0.051699
0.305818
-0.587486
-0.212285
-0.295495
-0.007268
-1.000000
-0.874299
-1.000000
-0.958296
0.743507
0.432187
0.757891
1.000000
0.488217
0.156167
-1.000000
0.791474
-1.000000
0.435133
0.561972
0.530934
-0.394434
-0.006114
0.069686
-0.172687
-0.017568
0.336669
0.142429
-0.012711
1.000000
1.000000
-0.507935
-1.000000
0.202128
-0.465171
-0.998437
-0.318445
0.720875
-0.117068
-0.863041
1.000000
-0.042796
-0.689085
-0.419899
0.117378
-0.186782
-0.382635
-0.415809
0.322119
-0.812836
0.613342
-0.085517
-0.278954
0.586152
0.522754
-0.546605
-1.000000
0.189486
-0.343639
1.000000
1.000000
0.215289
1.000000
-1.000000
0.124533
1.000000
0.013231
0.057214
0.290254
-0.002515
-0.135060
-0.298794
-0.792220
1.000000
-0.344950
1.000000
0.543689
-0.172605
0.636630
-0.371247
-1.000000
-0.664232
0.296832
-0.143696
0.620973
-0.248579
-0.993785
-0.825722
-0.533894
0.473062
0.171803
0.323855
-0.922155
0.052628
-0.891341
0.080325
1.000000
-0.782107
1.000000
0.376076
0.063454
0.010003
1.000000
-0.994721
0.900334
0.129551
0.777303
-0.842198
-0.139650
-0.195323
-0.207898
-0.815618
1.000000
-1.000000
-0.646352
-0.299313
0.815999
-0.437044
0.244832
0.720569
0.513725
-0.256967
0.356020
0.764685
0.293657
-1.000000
-0.693605
-0.351456
-0.192382
0.335862
0.278642
-0.788491
0.738124
0.105615
-0.687388
1.000000
-0.314125
-0.093522
0.203978
-0.064234
1.000000
0.307865
0.572895
-0.453630
-0.680361
0.288959
0.676201
1.000000
-0.441341
0.507936
-0.197370
0.003336
0.084963
0.203675
-0.576136
0.248754
0.790183
-1.000000
-0.103870
0.126865
-1.000000
0.138758
1.000000
-0.237962
0.820653
0.380838
-0.515793
-0.258619
0.110596
-0.485186
-0.566453
-0.323295
-1.000000
0.162680
0.961865
0.575291
-0.676336
0.840742
0.671402
-0.838801
0.715378
-0.441098
0.449898
0.332430
1.000000
1.000000
-0.502739
-0.675354
0.525138
0.561968
-0.361946
-0.992334
0.946381
-0.255537
-0.617923
0.702724
-1.000000
-0.092816
0.259263
-0.307582
0.564998
0.335870
-0.974366
1.000000
0.141386
-0.266587
-0.270593
0.505457
-0.521520
-0.108389
0.081386
0.328298
-0.511126
0.508080
-0.041935
-0.715198
0.105115
0.046814
1.000000
-0.378355
-0.146071
-0.690347
0.958640
0.836025
0.602153
-0.366035
1.000000
0.259238
0.170619
0.058156
-0.002683
0.019619
-0.994645
-0.768836
-0.836141
0.305070
-0.486680
0.668889
0.343189
0.168045
-0.770343
-0.771838
0.089061
0.757529
1.000000
-0.009655
-0.788418
-0.315916
0.753730
1.000000
0.367772
-0.127350
0.033505
0.914673
0.428207
-0.608727
0.215176
0.440942
-0.833408
-0.196058
-0.093627
0.536727
-0.317960
0.861342
-0.488934
-0.217145
-0.234053
1.000000
-0.046817
-0.673378
-0.533268
-0.859302
-1.000000
-0.480577
-0.668568
0.812989
-0.339026
0.437326
0.841068
0.093856
0.818248
1.000000
0.056471
-0.812457
-0.189755
-0.978912
-0.490050
-0.716767
0.676457
0.666929
0.468423
0.571927
-0.079607
-0.823658
0.100397
-0.799266
-0.312773
0.586610
-0.207838
0.446444
0.266917
-0.484186
-0.166098
-0.455315
1.000000
-1.000000
-0.535018
-0.319957
-0.490983
0.148320
0.123256
-0.096257
-0.410360
0.222471
-1.000000
0.725574
-0.173736
0.622028
-0.541313
0.072619
-1.000000
-0.206220
0.243020
-0.562592
-0.406853
-0.175555
0.121311
0.172627
1.000000
0.161934
-0.890735
-1.000000
0.202564
-0.562761
-0.058352
-0.050189
0.490997
0.823450
-0.639757
-0.770841
-0.234250
-0.059344
-0.307870
0.873788
-0.022691
0.327917
-1.000000
-0.281974
0.172875
-0.433395
-0.962339
-0.170294
-0.277960
-0.822002
0.170446
-0.121292
-1.000000
-0.481952
1.000000
0.880445
0.815705
-0.760748
0.044106
-0.899147
1.000000
0.671042
0.636283
0.692946
-0.033679
0.151257
1.000000
-0.966652
-1.000000
1.000000
-0.119246
0.685242
0.219160
-0.164855
-0.248388
-0.299352
-0.247960
-1.000000
0.010579
0.205787
-1.000000
-1.000000
0.412900
0.260430
0.970202
-0.567739
-0.123562
0.762280
0.377658
-0.049866
0.491667
0.938949
-0.211067
0.672170
0.437771
0.782477
0.787415
0.156091
-0.503772
0.435444
-0.783074
0.935317
-1.000000
0.154743
-0.042549
-0.044743
-0.047559
0.038404
-0.402747
0.909681
0.606739
0.788173
-0.817381
-0.328164
1.000000
-0.972563
-0.027806
-0.333435
-0.452038
-0.623714
0.158489
-0.075508
1.000000
0.403699
-0.726029
0.859182
-0.439582
0.426417
0.221106
-0.707073
0.448481
-0.686905
0.170260
0.955124
0.458133
0.767818
0.997930
-0.346007
-0.883038
-0.158844
-0.817284
0.311558
-0.543595
-0.553942
0.930388
1.000000
-0.661060
1.000000
1.000000
1.000000
0.420178
0.684647
0.186118
-0.001490
0.853474
1.000000
0.598506
0.735852
-0.268588
-0.475573
0.285565
-0.220855
0.290970
-0.354982
-1.000000
-0.226815
0.730348
-0.631195
-1.000000
-0.086580
-0.277418
-0.636830
0.258908
-1.000000
0.850829
0.746210
-0.903950
-0.327612
-0.151299
-1.000000
-0.555758
-0.779456
1.000000
-0.885965
-0.459001
-0.475950
0.943169
0.331747
0.958126
-0.261595
1.000000
-1.000000
-0.215772
0.529958
-0.990691
-0.517237
0.577848
0.666415
0.728077
0.622760
0.111199
0.723137
0.868577
0.176129
0.665930
-0.640861
0.169146
0.585026
0.304053
0.611469
-0.061599
-0.448016
0.067014
0.342679
0.178329
0.183767
-0.431869
-0.305223
0.721364
0.412098
-0.138414
0.959872
0.964551
0.943566
0.204072
-0.463094
-0.310586
-0.865958
0.198410
0.270865
-0.206468
-0.811683
-0.801776
0.283471
-0.444301
-0.881228
0.361550
0.865949
-0.938614
0.693310
-1.000000
0.248927
-0.567768
0.841247
0.513667
-0.323966
0.832432
-0.541148
0.939425
-1.000000
0.678928
0.043305
-0.653102
-0.018165
-1.000000
0.314487
0.110520
0.149545
-0.107824
-0.267546
1.000000
-0.364361
0.367135
-0.025748
0.297065
0.454050
-0.888138
0.456282
0.282537
1.000000
0.990418
0.314573
-0.907871
0.492953
0.803719
0.116831
0.949242
-1.000000
0.871297
-0.389062
-0.070953
0.643306
-0.851563
0.599511
0.636115
-1.000000
-0.971238
1.000000
0.278351
-0.379392
0.664275
-0.151207
0.177082
0.911550
0.533533
-1.000000
-0.565401
-0.560844
0.188302
-0.434738
-0.383950
0.692231
-0.600029
-0.370091
1.000000
0.232433
0.121414
-0.391854
0.894671
0.387123
-0.148534
-0.244331
-0.489556
-0.114609
0.772072
0.450458
0.644433
1.000000
0.955788
-0.695248
1.000000
0.634854
-0.280174
-0.401219
0.856708
0.924915
0.376708
0.692612
-0.879115
0.200636
0.454706
-0.874533
-0.452530
-0.281859
0.869089
-0.583955
-0.382163
0.491338
0.166875
0.510801
1.000000
0.710373
-0.159553
0.435136
-0.776345
-0.275081
0.930635
0.874283
0.115380
0.614658
0.643869
-0.704967
-0.475240
-0.361576
-1.000000
0.676435
-0.875407
-0.928533
-0.972814
-0.667604
-0.171810
0.389389
-0.741521
0.073906
-0.134350
0.833628
0.453805
0.088499
-1.000000
0.136061
-0.289140
0.652933
0.510642
0.132294
0.227087
1.000000
0.975897
-0.028412
-0.044605
0.817866
0.237483
0.743889
-0.892629
-0.883083
-0.898365
0.140593
-0.199170
-0.955215
0.250284
-0.873877
-0.021233
0.359654
-0.797666
-0.806155
0.549237
-0.137972
0.389809
-0.278831
0.052343
0.557748
0.090772
-0.739058
0.900930
0.689551
-1.000000
0.901878
-0.031218
1.000000
-1.000000
1.000000
0.187746
-0.982758
-0.767939
0.635350
0.251199
-0.583494
1.000000
-0.154700
-0.290720
1.000000
-0.309546
0.051966
-0.039371
-0.534885
0.225933
-0.966893
0.643623
0.727259
0.110447
0.365406
0.359493
0.910018
-0.145098
0.865126
1.000000
-0.410472
0.495864
-0.321422
-0.463127
-0.779322
0.395368
-0.065007
0.284493
-0.705573
-0.412003
-0.185896
-0.392821
0.722207
-0.600096
-0.804549
-0.496776
-0.145670
-0.869080
-0.303072
-0.637638
-0.111074
-0.665156
0.794667
0.694566
-0.501100
-0.523695
-0.209674
0.635855
-0.688596
0.920503
0.931798
-0.519590
-0.035205
0.725253
0.004327
0.130360
-0.564157
-0.063850
-1.000000
-0.411526
-0.713071
-0.658363
0.046117
0.303287
-1.000000
-1.000000
1.000000
-0.022402
0.726339
1.000000
-0.124286
0.364865
-0.465350
-0.001797
1.000000
-0.298564
0.551564
-0.425775
-0.856546
0.191658
-0.193463
-0.688474
-0.509158
-0.139507
0.752988
1.000000
0.696719
-0.409791
0.358440
-0.279833
0.377891
0.596621
0.219771
-0.589234
-0.216440
0.345296
-0.723890
0.893503
-0.273943
-0.878505
0.820811
-0.744880
-0.334793
0.332333
0.668488
-0.346808
-1.000000
0.720336
-0.062640
0.804688
0.779731
-0.771055
0.130871
-0.816240
-0.569133
-1.000000
-0.087724
-0.440570
-0.866854
1.000000
0.046049
-0.217856
-0.240146
0.349978
0.513773
0.910340
-0.396965
-0.206834
-0.268577
-0.214466
0.904322
-1.000000
-0.697224
0.449349
0.529490
-0.304041
0.957612
-1.000000
0.774343
0.212466
-0.439089
-0.108412
-0.903418
0.977792
1.000000
-0.766356
-0.458738
-0.542849
-0.305600
0.860111
0.642603
0.307880
0.771639
0.438186
0.427303
1.000000
-0.008608
-0.256453
-0.379705
0.695059
-0.796752
-1.000000
0.719601
0.177512
0.185107
0.641537
1.000000
-0.233445
0.264417
-0.308370
0.422661
0.114493
-0.933477
-0.178030
-0.889696
-0.747467
-0.001758
0.959121
0.183648
-0.472890
0.552168
0.020672
0.619938
-0.135632
0.985506
-0.706299
-0.265027
-0.540028
0.752131
-1.000000
0.872257
-0.832947
-0.315308
0.389861
0.466263
-0.078537
0.535611
-1.000000
-0.225121
-0.033784
-0.443428
-0.133243
0.011575
1.000000
0.693809
1.000000
-1.000000
-0.077587
0.162920
0.173465
0.483239
-0.630065
-0.179312
-0.349991
-0.423415
-0.172450
0.226007
0.895373
-0.503814
1.000000
0.816735
0.338711
0.686043
-0.677620
0.134093
-0.482394
0.571361
0.931320
-0.733829
0.203354
-0.926892
0.700354
-0.338464
-0.095818
-0.796776
-0.772714
0.035584
-0.279627
-0.839202
-0.565454
-0.721389
0.911569
-1.000000
0.667488
-0.791452
0.959700
0.148463
0.240052
-0.337841
0.302827
1.000000
-0.231821
-1.000000
-0.763359
0.187025
1.000000
0.204035
-0.536251
-0.223663
0.160583
-0.979323
1.000000
0.187720
1.000000
-0.373788
0.542637
0.592359
-0.777428
1.000000
0.588295
-0.305437
0.126703
1.000000
0.938447
1.000000
-0.142025
0.007641
-0.774348
-0.363435
0.371037
-1.000000
0.042656
-0.188312
-0.634662
-0.306955
0.107882
-1.000000
0.177935
-1.000000
-0.849470
0.087496
0.025751
-0.497039
0.668599
-0.924378
0.807137
0.385678
-0.172017
-0.479175
-0.547106
0.315834
-0.290557
-0.481313
-0.201303
-0.758221
0.820501
-0.069891
-0.705559
0.160356
-0.241085
-1.000000
0.280325
-1.000000
-0.320002
1.000000
0.406712
-0.440712
0.418003
1.000000
0.384645
0.690544
-0.585639
0.687918
1.000000
-0.976242
0.526604
0.404629
-0.727034
-0.307167
0.774980
-0.546843
0.889074
-0.007134
-1.000000
-0.564543
0.037506
-0.172424
-1.000000
0.261832
-0.296854
-0.971442
0.563683
-1.000000
-0.140302
0.170278
0.062296
-0.508561
0.566379
0.360270
0.268454
-0.381274
-0.869649
0.748788
-0.567343
1.000000
-0.723669
0.380598
-0.605642
-0.684998
-0.291362
-0.398300
-0.667948
-0.754010
-0.616437
-0.304706
-0.578297
0.986106
-0.099693
-0.603921
-0.320341
0.681320
-0.381024
0.524355
0.011593
0.306710
-0.279429
-0.111101
0.023908
-0.954961
0.213939
0.815149
-0.953223
-0.560448
1.000000
0.577396
0.809826
0.429769
-0.124146
-0.591185
0.119087
-0.880444
-1.000000
1.000000
0.003133
0.015849
-0.888870
-0.621093
0.921817
1.000000
-0.870513
-0.439202
-1.000000
-1.000000
-0.201330
-0.444228
-0.310021
-1.000000
0.643798
-0.480440
-0.567770
-0.144397
0.611659
-0.992044
0.618831
-0.675130
-0.362689
-0.808305
-0.300383
0.823990
0.248782
-0.282048
0.656919
0.465272
-0.241557
-0.574210
-0.246689
0.264941
-0.002100
0.809863
0.508788
0.631464
0.159985
0.755752
-0.406538
-0.665700
0.897313
-0.917968
-0.476795
-0.310498
1.000000
1.000000
-0.580722
1.000000
-0.604781
-0.283716
1.000000
-0.024088
0.086976
-0.296094
-0.896878
1.000000
0.207785
-0.363965
1.000000
-0.147043
0.914701
-0.057317
-1.000000
-0.423911
-0.548050
-0.501777
0.192370
1.000000
-0.257108
0.915282
-0.473823
0.314779
0.783665
-0.358883
1.000000
-0.809708
0.131061
-0.843064
-0.170010
0.690121
-0.054337
0.008427
1.000000
0.121653
0.859769
1.000000
-0.099644
0.675927
0.583402
-0.544614
-0.852323
1.000000
0.814746
1.000000
0.653366
0.062969
0.648061
0.882784
1.000000
-0.798673
0.020376
0.143974
1.000000
-0.994497
-0.170750
-0.926206
0.225567
-0.737909
-0.006358
0.770931
-0.118561
0.610382
0.524721
-0.584042
-0.284680
0.758788
-0.631519
-0.749651
-0.418912
-0.905386
0.601338
0.277847
-0.125361
-0.272250
0.036323
0.362228
1.000000
-0.760364
-0.617317
0.729714
-1.000000
-0.695877
-0.419673
0.029992
-0.486103
0.063141
0.070866
0.053038
1.000000
0.981657
1.000000
-0.058948
-0.909290
-0.218060
-0.512903
-0.254054
-0.604462
-0.539990
-1.000000
-0.784392
-0.462948
-0.778528
-0.762722
1.000000
-0.569966
0.730271
0.277999
0.409650
-1.000000
-0.740930
0.647080
0.403787
0.693860
-0.434192
-0.050600
0.590878
0.003782
1.000000
0.455606
-1.000000
0.670050
-0.275746
-0.533888
-0.591412
-0.625176
0.712912
-0.076439
-0.771441
-0.133043
0.190875
0.024509
-0.965351
-0.374941
1.000000
0.933609
-0.312582
-0.102245
0.625721
0.690021
-0.178366
0.576490
-0.504585
0.931277
-0.212203
-0.317543
-0.922857
0.977191
0.111139
0.176271
-0.663970
0.003439
-0.095874
0.889658
-0.117242
-0.448427
0.852018
-0.871736
0.573793
1.000000
-0.899984
-0.401572
-0.155136
0.011335
1.000000
-1.000000
-0.440788
-0.652363
0.240270
-1.000000
-0.277364
-0.884398
-0.291702
0.804581
-0.219032
-0.236939
-1.000000
0.217320
0.486160
-0.290545
-0.464125
-0.166305
-0.161573
0.493504
-0.819024
-0.040388
0.961609
-0.286149
0.553758
0.221273
0.578621
1.000000
-0.939273
1.000000
0.796095
0.672413
1.000000
0.600245
-0.757852
0.727976
0.854816
0.749078
0.238231
-0.184579
0.213184
0.181501
-0.036552
-0.230728
-1.000000
0.039411
0.458839
1.000000
0.551008
0.396398
0.793994
-0.377136
1.000000
-0.333907
-0.347999
1.000000
-0.314299
0.933934
0.305672
0.493904
0.314921
0.930981
-0.913863
-0.129072
-0.682569
-0.250383
0.763017
-0.485558
0.546485
-0.349593
0.064504
-0.954765
-0.704965
0.893315
-0.086028
1.000000
0.146224
-0.320810
0.408429
1.000000
1.000000
-0.317152
0.730964
-1.000000
0.322269
0.226320
0.917999
-0.929400
1.000000
0.352041
-0.093268
0.988480
-0.231648
0.050571
-1.000000
-1.000000
0.337532
-0.649785
-0.248086
-1.000000
-0.165933
1.000000
0.143770
-0.898194
-1.000000
0.625528
1.000000
-0.375607
0.467647
0.068094
-0.314783
-0.637093
-0.359669
-0.693060
0.579237
-0.540144
0.423457
-0.315716
-0.380092
-0.869610
0.408043
-0.609638
-0.544930
-0.480948
0.162528
-0.118802
0.331832
-0.073530
-0.858814
0.621373
-0.203835
0.366198
0.285540
-0.312153
0.006889
-0.116757
0.301108
0.146719
-0.965131
-0.642335
-0.105275
-1.000000
-0.189931
0.319642
0.146094
-0.007603
-0.939445
-0.577126
-0.408369
0.083433
-0.158372
0.885803
-1.000000
0.227197
-1.000000
0.552644
-0.057962
-1.000000
-0.063326
1.000000
-0.515338
0.143830
0.775184
0.362628
0.404529
-0.162312
-1.000000
0.537722
0.518509
-0.013333
0.203112
-0.491210
-0.149564
0.076019
-0.630511
-0.975414
-0.947648
0.844042
-0.285835
0.035379
0.798817
-1.000000
-0.161657
-0.463276
-0.686077
-0.187354
0.141135
-0.108077
0.729270
0.880157
-0.564234
0.177593
0.578854
0.910880
-0.207813
-0.389883
-0.616981
0.379821
0.733364
1.000000
0.278315
0.972957
-0.243579
-0.574745
-0.889004
0.573505
0.750729
-0.149669
-1.000000
0.776851
-0.291700
-0.670172
0.645338
0.359390
-0.621294
-0.521111
-1.000000
-0.917828
-0.221825
0.227433
-0.403116
-1.000000
-0.019596
-0.658514
-0.713846
-0.570096
0.597902
-0.257112
0.859171
-0.493509
0.655204
0.500989
-1.000000
1.000000
-0.024823
0.699066
0.546926
-0.218691
1.000000
0.495702
-1.000000
0.373936
-0.163876
-1.000000
0.805663
-0.016301
0.327320
-0.974333
-0.009480
0.841113
-0.261008
-0.948298
-0.141530
0.584248
-0.039504
0.541872
0.871238
-1.000000
-0.603609
-0.200263
0.220656
0.883535
-0.818165
-1.000000
-0.218508
-0.214139
0.887818
0.367101
0.180699
0.071320
0.689913
-0.084987
0.149367
0.963241
-0.996597
0.328677
0.535440
-0.778302
0.983200
0.509017
1.000000
-0.130623
1.000000
-0.499607
-0.250802
-0.526855
1.000000
-0.523645
-0.451022
0.213233
0.730820
-0.868777
0.782596
1.000000
0.502624
-0.723170
-0.976296
1.000000
0.744103
0.713739
-0.765347
0.384059
0.220645
1.000000
1.000000
0.023689
1.000000
0.270985
-0.159255
1.000000
0.077678
-0.277900
-0.016000
0.522665
-0.040526
0.490639
-0.397317
-1.000000
-0.490421
-0.493123
0.662825
-0.893517
0.873197
1.000000
0.050018
-0.972100
1.000000
-1.000000
-0.098214
0.603427
0.408469
-0.317024
0.727198
0.645069
-1.000000
-0.667710
-1.000000
0.006963
1.000000
-0.396762
0.487187
-0.718550
-0.904657
0.753858
-0.130275
0.492904
0.983601
-0.347176
-0.250182
0.452534
-1.000000
0.625083
0.367555
0.823436
-0.329584
-0.557082
0.351392
0.205150
-0.006681
-0.166902
0.476136
-0.802265
0.735278
-0.519194
-0.272669
-0.266720
0.604456
0.833541
0.254407
-0.064838
0.962511
0.906501
0.145637
1.000000
0.180522
0.404236
-0.226083
0.893747
-0.160739
-0.476509
0.852690
-0.417664
0.051547
0.933759
0.851560
0.297950
0.445213
-0.046012
0.985128
-0.437138
1.000000
-0.581591
0.620039
-0.318414
0.963728
0.569578
0.577766
-0.463326
0.321524
-0.699457
-0.845919
0.130057
0.705037
0.396407
0.090722
1.000000
0.427180
-0.252047
-0.725229
0.559634
-0.725273
0.368957
-0.507614
-0.449361
-1.000000
0.086492
-0.996633
0.275898
1.000000
0.701333
-0.326540
0.879589
0.058656
-1.000000
0.337911
0.095279
-0.848731
-0.579889
-0.565733
-0.320842
0.178379
0.943746
-0.265199
1.000000
-0.860017
0.780866
-0.968805
-0.654315
-0.221397
0.748395
0.319219
0.076190
0.659367
1.000000
0.308011
-0.232326
0.356738
-0.418998
0.281777
-0.827127
0.422378
0.501932
0.275887
-0.954081
0.677453
0.203767
0.991981
0.318619
-0.514096
-0.893136
-1.000000
-1.000000
-1.000000
-0.117131
-0.490640
0.146012
-0.778735
-0.423297
-0.532111
0.213408
-0.692132
-0.813627
-0.358834
-0.062316
0.476080
0.041806
-0.116077
-1.000000
0.591685
0.044317
0.948146
-0.488817
1.000000
1.000000
-0.930230
0.028774
0.510277
-0.617934
0.157833
-0.893894
-0.408707
-1.000000
-0.820442
1.000000
0.582658
0.735986
0.560622
-0.097183
-0.803507
0.426887
0.216361
0.268190
-0.561754
0.164986
-0.647396
0.035284
0.360687
0.359252
-0.405402
-0.480853
-0.117666
0.068409
-0.818651
0.436223
0.954966
0.527324
-0.082508
-0.727146
-0.882259
-0.848074
-0.434598
0.961515
-1.000000
0.141605
-0.449634
-0.262753
-0.353415
0.668695
-0.231036
0.499669
-0.124128
-0.161034
-0.944792
0.228696
-1.000000
-0.152239
0.585596
0.612536
0.384084
0.203769
0.083337
-0.444116
-0.273161
0.070501
1.000000
-0.030777
-0.251492
-0.824879
0.380289
-0.995104
-0.765858
-0.292375
-1.000000
0.911801
0.588268
-0.099789
-0.965878
-0.130917
-0.066032
1.000000
0.509116
-0.420935
0.995142
-0.512928
0.287886
0.529982
-0.730701
-0.094397
-0.791997
0.485364
-0.689996
0.876306
-0.343807
-0.610726
0.116289
-0.511074
1.000000
-0.790814
0.365501
-0.092415
-0.064209
-0.193086
-0.382238
0.369801
0.453643
-0.539963
0.309933
-0.187212
0.748442
0.578600
-0.723668
-1.000000
-0.585209
0.964250
-1.000000
-0.468048
-0.861442
-0.462907
0.799522
1.000000
-0.375377
-0.335343
0.754643
-1.000000
-1.000000
0.099897
0.162666
-0.329253
1.000000
-0.688790
0.823483
-0.441934
0.534210
0.031471
0.904532
-1.000000
-0.030819
0.572918
-0.915852
-0.498604
-1.000000
1.000000
-0.199000
-0.061411
-0.172694
-1.000000
-0.368093
0.041157
-0.009399
0.997567
-0.134108
-0.570614
0.000784
-0.345586
-0.373328
0.053054
1.000000
-0.607208
-0.202223
0.457597
0.022673
0.031002
0.005144
0.016695
0.004782
0.002909
0.016245
0.028128
0.037612
0.190318
0.020830
0.514524
0.016263
0.188155
0.002702
0.039124
0.017548
0.081562
0.002284
0.001897
0.032869
0.000759
0.012521
0.039187
0.458531
0.021207
0.667652
0.085247
0.888439
0.002302
0.141831
0.001420
0.003480
0.025843
0.026946
0.020565
0.089802
0.020683
0.214400
0.553119
0.045295
0.001221
0.012513
0.000922
0.004095
0.009963
0.002495
0.024859
0.044941
0.050500
0.567513
1.793364
0.001506
0.025020
0.172191
0.009204
1.917941
3.938287
0.029080
0.065310
0.017613
0.005769
0.306201
0.038627
0.006675
0.392700
0.017305
0.190086
0.022324
0.193679
0.122494
0.003551
1.553375
0.003422
0.083472
0.024618
0.002546
0.015206
0.421189
0.094918
0.010597
0.128402
8.864407
0.066801
0.098724
0.010752
8.334487
0.182362
0.186110
0.011085
0.024186
0.114247
0.004327
0.003604
0.033629
0.160546
0.000052
0.038088
0.000553
0.003004
0.008980
0.030101
0.118942
0.003702
0.076626
0.004949
0.000340
0.120536
1.704632
0.018929
0.017956
0.027041
0.162970
0.230626
0.017417
0.676842
1.011251
0.004022
0.421947
0.291211
0.009638
0.014617
0.009184
0.053457
0.004054
0.000263
2.959175
1.117737
0.014557
0.002843
0.755133
0.001526
0.117590
0.975670
0.218458
0.204717
0.000896
0.708398
0.001072
0.025844
0.405921
0.047022
0.023391
0.012149
1.156549
0.004222
0.021107
0.312326
0.010174
0.065163
8.795316
0.025390
0.415847
0.005198
0.011478
0.033669
0.280302
0.000735
0.180067
0.018922
0.009951
0.449208
0.044227
0.002692
0.146061
0.000729
0.571432
0.007278
0.002023
0.096685
0.716942
0.000931
0.005871
0.102012
0.107256
0.541460
0.572920
0.003439
0.006495
0.506415
1.212104
0.001058
0.000905
5.664840
0.019605
0.020116
0.113406
28.073416
3.206168
0.001140
2.641635
0.014960
0.018533
0.064063
0.022721
0.002949
3.735415
0.023145
0.916716
0.008048
0.107339
0.001976
0.011286
0.007829
0.064092
0.018658
0.422357
0.125063
0.134296
0.070055
0.254396
0.017707
0.036552
9.392280
0.005234
0.100638
0.118205
0.018764
0.004614
0.068184
0.011737
0.023988
2.581850
0.026269
5.106350
0.229684
0.001711
0.036007
0.061111
0.223474
0.028342
0.303005
1.118297
0.015738
0.008943
0.046580
0.062931
0.021273
0.036919
0.429114
0.009626
0.000690
2.073735
0.083509
0.563551
0.626405
0.333961
0.027643
13.555835
0.467894
5.612923
0.017552
0.136213
0.001997
0.745350
0.070648
0.046459
0.005576
0.096351
0.012568
0.004486
0.011094
7.671802
0.091613
0.022046
0.005448
0.004403
0.047002
4.622731
0.005011
1.331580
0.036916
0.034070
0.108193
0.018512
0.011716
0.002048
0.244922
0.002578
0.006604
0.009104
0.041595
0.658608
0.013795
0.197972
0.316274
0.028705
0.003289
0.045511
0.007985
0.000412
1.093216
0.005825
0.025992
1.260027
0.020574
0.045970
0.026759
0.028885
0.326784
3.248280
1.478068
1.167300
0.027824
0.058764
1.336455
0.485962
4.559694
0.105289
0.198058
0.002986
0.033841
18.980711
0.132061
0.090331
10.988709
0.001368
0.027048
0.080803
0.071036
0.057969
0.151625
0.020493
4.680327
0.302738
0.015758
0.025821
0.261582
0.522522
0.080341
0.040002
0.054298
0.007149
0.039544
0.002191
3.165216
0.699405
0.048165
4.195419
0.043913
0.003536
0.003393
3.037453
8.265049
0.124015
0.565425
9.593614
0.248675
0.497074
0.079421
1.552277
2.714477
0.046617
2.050834
0.520324
0.006098
0.015843
0.642566
0.007049
0.001523
0.001043
0.003376
0.133408
0.786501
0.094781
0.059919
0.222065
0.335429
0.093744
0.214585
1.040760
0.002725
0.044984
0.001023
0.283025
0.055655
0.002701
0.011978
0.015322
0.003651
0.001910
0.018272
0.458816
0.003835
0.000254
0.060881
0.786795
0.713183
0.044142
0.018597
16.553793
0.271283
0.008355
1.830161
0.017899
0.710714
1.569750
0.769984
0.000191
1.304444
2.870617
6.443976
0.132456
0.007979
0.005103
0.007843
0.046369
3.366691
1.055319
0.006577
0.002685
0.367603
0.090066
0.115117
0.004576
0.000371
0.002430
0.027168
0.321600
0.008043
0.000452
0.000335
2.203421
0.037746
0.027670
0.003098
1.795754
0.085156
0.010975
0.128993
0.099575
0.063946
0.011068
0.336891
0.008024
0.024655
3.252604
0.095731
0.000597
0.014464
4.231823
3.760748
0.002610
1.430836
0.000307
0.006527
0.007410
0.056874
0.020237
1.129710
0.121461
0.442569
0.045347
0.013279
0.268537
0.029030
0.008317
0.029954
0.016895
0.058880
0.016976
0.015654
2.376999
0.018359
0.005431
0.010297
0.307485
0.013286
0.023006
2.116682
0.136328
0.319040
0.021489
1.203140
0.091350
0.008126
0.068550
0.000942
0.024674
0.068225
0.132129
0.023405
0.418694
0.014641
0.000610
0.006499
1.047294
0.043592
0.353682
13.274155
0.317967
0.110961
0.004176
0.037703
0.015448
0.005899
0.042366
0.024016
0.026708
0.054263
0.007231
0.027573
0.276587
0.012682
0.023030
0.002979
0.041669
0.000650
7.681556
18.569643
0.000760
10.723437
0.002243
0.089469
0.002321
0.387344
0.380632
0.028997
0.512858
0.101234
0.095557
0.003595
0.000544
0.016899
0.070376
0.001879
0.151008
0.007420
0.000961
0.587407
0.062082
0.001877
4.239672
0.008541
0.569382
0.548119
0.811926
0.033717
0.145779
0.008648
0.412516
0.005834
0.161126
0.016443
0.073581
0.007327
0.055512
0.147368
0.130862
0.115291
0.011642
0.000168
0.031310
0.013587
0.240441
0.038644
0.030001
2.405461
0.007239
0.159272
0.089473
0.118769
0.198416
0.001718
0.001353
0.391045
0.020811
0.023906
0.000039
0.000601
0.063418
0.004965
0.027316
2.402638
0.032069
0.059816
0.188105
0.000244
0.436472
2.043958
0.012775
0.001067
0.410813
0.033462
0.042702
0.510299
0.341927
0.017614
0.005376
0.001732
0.054440
3.591932
0.048848
0.070268
0.051300
0.053133
0.009691
0.036750
0.000653
0.043560
0.034732
0.092029
0.021896
0.089551
0.174209
0.003174
0.000101
0.046357
0.001940
0.001508
0.067974
0.042162
0.001542
0.007374
0.443125
0.274714
0.094692
0.090575
0.027975
0.000164
4.023617
0.027509
0.000666
0.079719
0.006906
0.203776
1.415965
1.317263
0.030637
0.208417
0.017854
0.080167
0.014980
0.075752
0.001553
0.031007
2.338187
0.011135
0.014100
0.045933
0.039469
0.000920
0.012433
0.029211
0.011014
0.008354
0.002760
0.002229
0.023334
0.002883
0.028030
0.008983
0.336876
0.369516
0.008926
0.028816
0.000940
0.028388
0.000910
1.182534
0.445829
3.418407
0.166760
3.412906
0.001424
0.073006
0.022659
0.252110
0.000949
0.000962
0.299374
0.877444
0.398942
0.000283
0.000078
0.024293
0.000934
0.512096
0.289840
0.002740
0.013756
0.031390
0.006857
1.337333
1.629438
0.042366
0.118575
0.007831
0.002816
0.013581
0.026622
0.030530
0.023432
0.414991
0.036307
0.255270
0.061466
0.105468
0.015213
0.001534
0.013421
0.169447
0.586635
1.521844
0.041386
0.010990
0.012914
0.655909
0.012433
0.003615
0.000599
0.010553
0.053396
0.000453
0.004316
0.063356
0.000580
1.280272
2.767728
1.793701
0.073307
0.038042
0.009699
2.271449
0.114270
0.075856
0.008681
0.000915
0.000077
0.104395
0.168535
0.002736
0.003319
0.256882
0.027314
8.293511
0.000622
0.000789
0.005613
0.000415
0.001479
1.209758
0.185201
0.351756
0.567705
6.475808
0.220192
0.106871
0.133803
0.003063
6.388984
0.081438
0.000447
0.003994
0.041082
0.012315
0.093003
0.808608
0.024248
0.006093
0.029446
6.033889
0.044052
1.146617
0.003536
0.044918
0.170179
0.061017
0.001896
0.009492
0.170324
0.013431
0.086703
1.133159
0.713227
0.371422
2.125895
0.207569
0.457715
15.865714
1.571375
0.008784
0.016886
0.081160
0.220006
0.062504
0.032126
0.003735
0.257480
0.062596
0.004131
0.040177
0.375665
0.023837
0.445816
0.132676
0.371015
0.191799
0.100730
0.013232
0.034608
0.009140
0.617114
0.060656
0.127628
0.010944
1.462603
0.048232
2.064387
1.146599
0.088593
0.127920
0.934010
0.675259
0.173359
0.005336
0.002738
0.013381
0.006200
0.100784
0.212453
0.073077
0.000904
0.014883
0.152988
0.058880
0.004259
0.010564
0.599058
0.059124
0.478997
0.155055
0.000119
0.028691
0.000107
0.001861
0.036678
0.102443
0.006520
0.496953
0.067426
12.202265
0.030074
0.091591
0.020943
0.452077
0.048647
0.012364
0.012318
0.001107
0.290907
0.403896
0.061548
0.064312
0.006183
0.011005
0.059399
0.000283
0.037366
0.067685
0.001010
1.229628
0.002093
0.010513
0.221445
0.001043
0.010151
0.203796
0.029534
0.025417
0.626526
0.000437
0.086329
0.021575
0.000485
0.332164
0.004657
0.057116
0.053329
0.117689
0.027143
0.027158
0.027345
0.083971
0.005381
0.151925
0.047005
0.189793
0.191311
0.016879
0.000313
2.499409
0.002138
0.003715
0.193689
0.026398
0.181960
0.014014
0.285372
18.731410
0.020922
0.004075
0.000241
3.916717
0.000534
0.252526
0.012351
2.616117
1.921141
0.044446
0.242632
0.012275
0.344877
107.314048
0.164457
0.118841
0.016268
0.168628
0.025182
0.205967
1.396143
0.034215
0.000377
0.206410
0.395327
0.002512
0.065926
1.605861
0.029572
0.017723
0.039807
1.485465
0.152972
0.000407
0.024638
0.001915
0.388998
1.796286
0.035763
0.492733
0.004211
0.023383
0.002283
0.616355
0.224507
0.154923
0.045215
0.626194
0.001840
0.070415
0.010038
1.299986
1.503018
0.001578
5.045210
0.003669
0.048840
0.111637
0.165637
0.034064
0.197746
1.251019
0.007559
0.007052
0.385635
0.014358
0.032047
336.819168
0.039723
0.425401
1.095640
0.027728
0.001140
1.115694
0.000407
0.016678
0.101791
0.201431
0.099031
0.003773
0.026384
5.109670
0.095029
0.024715
0.017459
1.234032
1.751594
0.006865
0.035452
0.006544
0.070572
0.063305
0.005976
0.026311
0.006975
0.001681
0.265689
0.063593
0.612887
0.026000
0.579407
0.005276
0.002095
0.010855
0.006352
0.013110
0.010375
0.000453
0.055466
0.373338
0.006263
0.019197
0.123128
0.254468
0.005020
1.447012
0.035780
0.056547
0.341030
0.047033
0.046933
0.240596
2.907827
0.011723
0.443664
1.885331
0.119641
0.124779
0.601999
0.009450
0.002231
0.023802
0.025266
0.010213
0.007113
0.340913
0.125050
0.048299
0.068086
0.002402
0.018471
0.311821
0.051885
0.003683
0.001054
0.139460
0.004385
0.040484
0.095545
0.165123
0.013017
0.013763
0.058258
0.004400
0.243847
0.000105
0.033261
0.299231
0.025542
0.037006
0.063871
2.483625
1.103750
0.104299
0.336758
0.022255
0.659184
0.003646
0.222789
0.095661
0.007083
0.003991
0.034910
0.021447
2.094491
1.684965
0.000413
0.014754
0.105407
0.153226
0.090266
0.193130
0.076589
0.169062
2.132044
0.009369
0.216438
0.002327
0.013348
0.073937
1.218503
0.001907
0.013906
0.016377
0.510039
0.432425
0.021355
0.032113
0.018689
0.035096
0.009243
0.810067
0.022496
0.028810
25.376162
2.947658
0.429719
0.127041
0.230446
0.089093
0.079451
0.043565
0.030168
0.380122
0.007210
0.358963
1.205247
3.091745
0.001225
0.178667
0.243268
2.092857
0.041890
0.097584
0.000087
0.466408
0.026587
0.000711
0.048545
0.032339
0.004377
0.027862
0.005030
0.046135
0.000814
0.004131
0.304043
0.022356
0.002308
0.004079
0.012207
0.134641
0.037157
0.185827
0.901871
0.023422
0.008395
4.452611
0.310143
0.251085
0.669748
0.054583
0.097247
0.085900
9.892514
0.078128
0.909470
0.019114
0.333668
0.314997
0.027981
0.576124
0.044967
0.233659
0.147222
0.004059
0.010929
0.021779
0.360680
5.452743
0.000763
0.044456
0.022771
0.312443
1.585242
0.002112
0.001286
0.044755
0.185949
0.048199
0.016905
3.337923
0.031393
0.043914
0.372554
0.317202
0.014094
0.102566
0.091545
1.259296
0.051387
0.139093
0.061664
0.012429
0.044594
0.005075
0.507811
0.006613
0.594442
0.533000
0.001055
0.227200
0.001519
0.207600
0.416186
0.010851
0.220460
0.016385
0.283498
0.000311
0.000416
0.525127
1.206679
0.003725
0.060387
0.050831
0.000143
0.023594
0.370484
0.536128
0.503466
0.240588
0.447111
1.143578
0.308340
0.161922
0.000100
0.029961
0.441211
0.527097
0.009790
0.000716
1.040361
0.002060
3.397261
0.011073
0.098541
0.033185
0.007342
0.099680
0.093301
0.160916
0.228975
0.722786
0.085056
0.046159
0.213730
0.817242
0.003861
0.014066
0.004095
0.004921
0.026208
0.000303
0.009050
0.147065
0.445020
1.228394
0.067992
0.011559
0.135224
0.030205
0.721596
0.044290
0.000494
0.008041
0.101968
0.001527
0.078406
0.421331
0.269723
0.133717
0.072458
0.065186
0.010341
0.191836
0.009887
0.088206
0.392952
1.852514
0.144544
0.038907
0.025891
0.046136
0.643168
1.385552
0.049336
0.006483
0.004408
0.019809
0.002150
0.802136
0.104512
0.004498
0.038519
0.257685
0.007032
0.006668
0.158910
0.511184
0.418561
0.202907
0.014277
0.076016
0.011324
0.067951
0.146097
0.108516
0.020964
0.001060
0.020459
0.007371
0.792213
0.042177
0.003402
0.003260
0.313804
0.052507
0.001902
0.224067
0.002705
0.028640
0.017565
3.343960
0.188772
0.278233
0.139664
0.001277
0.000323
0.091581
0.002112
0.088425
0.100010
0.215550
0.006060
1.603802
0.044238
0.094423
0.032031
0.039216
0.086973
0.105332
0.316288
0.089695
0.499388
0.797261
2.959067
0.015930
0.000338
0.039986
0.004885
1.401444
0.007923
0.092170
0.324334
0.011694
1.691792
0.983998
1.260717
1.744920
0.003149
1.959859
0.086031
0.052385
0.007906
0.000561
0.000330
0.009564
0.362626
0.403441
0.095574
0.010921
1.490248
0.559794
0.009749
0.505219
0.079303
0.398718
0.000393
1.724219
0.008367
0.798116
0.009588
0.140919
0.176311
0.022575
0.098688
0.019288
0.408538
0.003084
0.005585
0.008250
0.027612
0.026849
1.509819
0.009176
4.107805
0.130098
0.034367
0.652587
0.017812
1.493162
0.137596
0.017070
0.007897
0.003994
2.774178
0.054827
0.001830
0.166285
0.041863
0.351763
0.008643
1.569682
0.017661
0.093926
0.127271
0.200276
0.030732
0.217467
0.331015
0.633637
0.011888
0.017800
0.058392
1.917012
0.174419
0.000204
6.930171
1.131605
0.033368
0.004858
0.157550
0.000286
0.008919
2.360903
0.007447
0.004626
0.222931
0.527220
0.048779
0.235512
1.305675
0.031344
0.040497
1.952240
0.152920
0.140750
0.150201
4.237381
0.000569
0.500459
0.013219
0.001250
0.222226
0.006925
0.025099
0.004177
0.097908
0.931326
0.017300
0.014997
0.030997
0.924513
0.335688
0.212169
0.276108
0.056968
0.112156
0.154956
0.016030
0.098267
0.026289
0.261089
0.009959
0.000405
0.036511
0.109909
0.364530
0.052594
1.118349
0.144651
0.441645
0.008822
0.056619
7.289736
0.042556
0.023052
0.040882
1.958972
0.004406
0.002139
0.146682
0.034572
0.443706
0.068452
0.131565
1.032274
0.002788
0.421780
0.104330
1.973821
0.280192
0.011906
0.050882
0.016936
0.002075
0.024269
0.015287
0.083563
0.120032
0.001383
1.967002
1.242513
0.031990
0.003254
0.001848
0.004280
0.091927
1.765238
0.085767
0.013574
0.001220
0.158617
0.017141
0.805341
0.005163
0.010848
0.002290
0.010558
0.133293
0.171624
0.004893
1.069567
0.884824
0.316962
0.200198
0.013403
1.960246
0.006405
0.375716
0.045860
0.022640
3.331386
0.001149
0.251591
0.027931
0.001429
0.252556
0.008368
0.001483
0.075678
0.006619
13.870992
0.008089
0.009082
0.044323
3.791771
0.182764
0.061436
0.056201
0.035955
0.171275
0.003789
0.349884
0.068328
0.007948
0.198643
0.208449
0.004149
0.024450
0.031080
0.020143
0.000786
0.200785
0.002987
0.042934
38.315559
0.083723
0.008777
0.016804
11.946058
0.137116
0.309492
0.000882
19.883247
0.028769
1.096581
0.053214
0.017289
0.006703
0.007222
0.015815
0.148918
0.009589
0.144965
0.213935
0.003239
0.001870
0.008206
0.020792
0.136057
0.169899
0.151243
0.356581
0.032748
0.356776
0.186708
0.007851
0.373011
0.000257
0.112103
0.012767
0.004509
0.051802
1.013342
0.083534
0.909934
0.008631
0.027095
0.271467
0.212037
0.001705
0.001057
0.104002
0.007117
0.226587
0.826451
0.047945
0.020082
0.321584
0.224826
0.020927
1.271250
0.000454
0.006972
0.036631
0.109919
5.765270
0.000298
0.763430
0.299027
0.003965
0.062066
0.032096
0.001209
0.146530
0.001367
0.171738
0.001685
0.054828
0.169740
1.851095
0.032290
0.017343
0.039889
0.360123
0.009880
0.010775
0.001204
8.972772
0.000671
0.042989
0.000298
0.369939
0.003809
0.179152
0.093519
0.125954
0.905887
0.022544
0.025758
0.093539
12.574692
0.014026
0.188029
0.106440
0.201951
0.048008
0.691080
0.000040
0.104461
0.006528
0.009618
0.156097
0.275685
0.034376
0.001703
0.003811
0.001138
0.034915
0.001590
1.473126
0.008908
0.003784
0.377938
0.024256
0.025251
0.006272
0.000402
0.071904
0.001640
0.225469
0.000904
0.011966
0.004959
0.000289
0.000602
0.007626
0.822490
0.012982
0.039102
0.103976
0.001629
0.018996
1.046492
0.004823
0.004255
2.460573
0.053989
0.012657
0.168064
0.792642
2.230087
1.024415
0.074878
0.013372
0.225154
3.596476
0.051773
0.075548
0.013630
0.008791
0.000360
0.093509
0.097829
0.004336
0.147925
0.101356
0.241383
0.022395
6.569726
0.300264
3.064007
0.015843
0.016000
0.291955
0.005804
0.116639
0.019208
0.001702
0.187966
0.226766
0.061457
1.243201
0.017223
0.005927
0.029026
0.053330
2.320471
14.277921
0.096964
2.315550
0.037009
0.006632
0.022506
0.244342
0.003726
0.103942
0.018139
0.000999
1.172635
0.014404
0.025428
0.030265
0.015921
0.017241
0.011177
0.128722
0.021397
0.194980
0.008413
0.011251
0.012080
0.252116
0.164687
0.072608
4.545105
0.000223
0.033053
0.353366
5.075484
3.064299
0.004258
0.001044
0.136554
0.020246
0.001909
0.276443
0.146181
0.002327
0.001907
0.201127
0.249114
0.010361
2.045477
0.220284
2.840923
0.015418
0.114159
0.844459
0.029482
0.127460
0.005700
0.917029
0.002294
0.002562
0.148104
0.207945
0.020809
0.107558
0.048136
0.047766
0.020847
0.000183
0.007398
0.121292
0.421633
0.007299
0.021679
0.000393
0.860752
0.024463
0.098720
0.563728
0.000382
0.016283
0.000124
0.006689
0.162128
0.423126
0.606562
0.033866
0.003709
0.026155
0.094859
5.486492
0.008488
0.015548
0.023932
0.030417
0.077235
0.016193
0.013927
0.005527
0.494468
0.015146
0.175901
0.021321
0.033027
0.369754
0.149439
0.049490
0.060200
0.115651
0.001045
0.014869
0.114441
0.513993
0.159303
0.000254
0.000138
0.536175
0.065126
0.756109
0.640295
0.020413
0.333680
1.804508
0.007824
0.008038
0.011252
0.005050
0.000517
0.217589
0.019119
0.779750
0.001403
0.641823
0.003811
0.035790
0.298608
0.003202
0.014245
0.000315
0.019615
0.353905
0.021432
0.077784
0.110034
0.238012
0.067048
0.049635
0.000257
0.314555
0.001470
0.018379
0.026956
0.558509
1.015955
1.925256
0.198972
0.025717
0.222898
0.095837
0.049144
0.039141
4.894915
0.380453
0.031450
0.461262
5.432778
0.001496
0.048918
0.111287
0.424247
0.000184
0.022970
0.007695
0.309543
0.025551
0.616464
0.147535
0.322977
0.194230
2.920415
0.006224
0.000357
0.791795
0.001039
0.081255
0.191275
0.027799
0.069595
0.012012
0.035933
0.013875
0.011760
0.002740
0.017194
0.152962
0.016659
0.000117
1.160297
3.023104
0.008281
0.261269
0.104303
0.088991
0.249280
0.020760
0.637498
0.006566
0.001544
0.016500
0.005383
0.029007
0.605967
0.074551
0.003697
0.081506
0.030562
0.004084
0.504708
0.001365
0.138633
0.072630
0.002320
0.015064
0.059720
0.083643
0.058683
0.555201
0.018044
0.082998
0.140489
0.003269
0.856682
0.000072
0.156988
0.001575
0.001409
0.021166
0.011228
0.141434
0.533280
0.039657
0.023437
0.046440
0.016356
0.004814
0.014597
0.004648
0.075636
0.001740
0.316365
0.609429
0.011649
0.133732
0.010660
1.489092
0.015022
0.005085
0.094312
0.000045
0.005029
0.024084
0.140564
0.007480
11.455916
0.000306
0.283188
0.035863
0.047323
0.165267
0.002409
2.176913
0.651093
0.013124
0.023583
2.159125
0.023824
0.000684
0.008863
0.036102
0.034214
0.199634
0.016364
0.016352
0.002587
1.377253
0.023806
12.283775
0.987063
0.008113
0.118211
0.190510
0.449727
0.008682
0.043750
0.000482
0.142660
0.007629
0.039741
0.190018
0.224061
0.068929
2.824224
0.062075
0.105950
0.611626
0.022326
0.012887
0.096095
0.001060
0.118194
0.051108
0.054541
7.833264
0.120753
0.010173
0.706276
0.130902
0.005630
0.098751
3.173629
19.258512
0.011263
0.011983
0.082691
0.064342
0.101607
0.008577
0.110052
0.013245
0.075113
0.002307
1.277027
0.265137
0.018592
0.023827
0.019523
0.391338
0.014237
0.010486
0.006585
0.020435
0.024669
0.273236
0.000412
0.039107
0.118947
0.041207
1.071527
9.362767
0.178685
0.016674
0.015348
0.172021
0.031739
0.014468
0.002955
0.011596
1.880507
0.256699
0.000613
50.346907
0.327438
0.766807
1.614449
0.029820
0.889267
0.017895
0.083723
0.152515
1.153910
0.034158
0.016203
0.027934
0.017201
0.008527
0.325500
0.060159
0.199324
0.003209
1.389341
0.019827
0.004875
0.050778
0.000084
0.169316
0.057998
0.000932
3.225548
0.001404
0.011590
0.004663
0.018432
0.117461
0.000662
0.555503
0.040832
0.803270
0.002164
0.516369
0.001392
0.000366
0.001851
0.004783
0.152731
0.058536
0.003217
0.541724
0.163690
0.113314
7.959085
0.047431
0.981333
0.000941
0.473089
0.067539
0.013689
0.047590
0.001305
0.029589
1.939208
0.193654
0.006371
4.842838
30.542388
0.100218
0.029953
1.833636
0.022655
0.023232
0.001964
0.132881
0.027738
0.163024
0.293407
0.070977
0.000604
0.059729
0.005794
0.016040
1.179980
0.013366
0.099649
0.078669
0.009133
0.525023
0.219408
0.007835
0.015276
0.289413
0.010757
0.006248
0.601494
0.000013
0.001991
0.000031
0.250449
0.011929
0.002559
0.004430
0.000079
0.004786
0.254766
0.026350
0.047008
0.228246
0.016963
0.033099
0.024380
0.002336
0.161179
0.036786
0.033586
0.043503
0.064832
0.009458
0.003396
0.133065
0.005143
0.005121
0.038773
0.000403
0.001813
2.341919
0.023231
0.155315
0.019092
0.078364
0.170945
0.034816
0.072075
0.045830
0.007755
0.033120
0.276166
0.025358
0.606749
0.008278
2.517556
0.032932
0.053163
0.009850
0.124516
0.036028
0.014996
1.003733
0.054533
0.081173
2.289073
0.498653
0.860611
0.005155
0.016849
0.007379
0.012720
0.000375
0.044215
0.076667
0.151454
0.023651
1.380672
0.459879
0.005947
0.022648
0.002929
0.017029
0.596566
0.031170
0.003288
0.216164
0.022069
0.064922
0.242031
0.004377
0.004932
0.003620
0.006161
0.058016
1.113958
0.001396
0.006013
0.534414
0.009184
0.020030
0.015788
0.084000
0.450814
0.001150
0.000165
0.215177
0.128672
0.191235
0.047269
1.280179
0.084318
0.012175
0.000849
0.010294
0.007859
0.033724
0.131302
0.070348
0.002288
0.429341
0.003674
0.064915
73.362928
0.035658
0.029614
0.049630
0.035007
0.014040
0.121861
0.011098
0.006542
0.003764
0.017020
0.917418
0.088362
0.032834
0.012080
0.048191
0.028313
0.042794
0.005265
0.017989
1.282942
0.032916
0.039029
0.120307
0.013788
0.010154
0.094728
0.000290
0.252166
0.010117
0.000238
1.727298
0.986682
0.101937
0.000848
0.470167
0.035968
0.126156
0.091237
0.000068
1.350666
0.116161
0.230193
0.109362
3.047001
0.035388
8.920521
0.026889
0.027888
0.266478
0.015215
0.010721
0.191721
0.005975
0.014275
0.322595
0.042849
0.141657
0.131756
0.016721
0.058889
0.041073
0.076636
0.004661
0.064606
0.154770
0.003245
0.019878
1.680893
0.003340
0.034015
1.311851
0.011232
0.071805
0.041070
0.386773
0.196070
0.789958
0.006328
0.055805
0.126820
0.000056
0.074032
0.019766
0.197067
0.006370
0.011894
0.261048
10.208801
0.047787
0.142764
0.197556
0.348924
0.049910
0.001277
0.047351
0.013211
0.081572
0.006923
0.181892
0.013663
0.008064
0.033317
0.044006
0.002182
0.007149
0.021852
0.038033
0.013942
0.005944
0.081512
0.001170
0.317813
0.024306
0.022263
0.088044
0.079230
0.004306
0.001451
0.007499
0.987821
0.703062
0.086562
0.530248
0.481075
0.053949
0.005065
0.175610
0.000190
0.001381
0.005208
0.002859
0.221730
0.243622
0.039811
0.013222
7.804350
0.301543
0.202548
2.414855
0.005044
0.003848
0.005054
0.000378
0.110796
0.712579
0.085558
0.111179
0.110914
0.017557
2.454251
0.024528
0.012624
0.749079
5.491828
1.433613
0.104936
0.006237
3.366467
0.004137
0.095263
0.019718
0.091957
0.038802
0.039597
0.002170
1.139854
0.635551
0.856084
0.824600
0.022821
0.122707
0.002359
0.540767
0.004491
0.027673
0.006279
0.034460
0.132465
0.006690
0.189670
0.298226
1.138762
0.850867
0.080199
0.020245
0.158577
0.076276
0.975624
0.304315
0.343550
0.191079
0.449614
0.036496
0.005293
0.000128
0.059393
1.648551
0.185730
1.228057
3.819554
0.000223
0.001201
0.019169
0.689129
0.142503
0.639429
0.022381
0.145290
0.033719
3.157621
1.359772
1.714498
0.004532
0.035128
0.884683
0.008184
0.118386
0.009077
0.023803
0.001795
0.040377
0.008516
0.007735
1.922037
0.647583
0.153192
0.160986
0.000502
2.009524
0.550499
0.030003
0.001115
0.266989
1.247986
0.000987
0.014085
0.089323
0.017047
1.325713
0.003433
0.110099
0.119469
0.689885
0.215327
0.364052
0.015205
0.109594
0.001784
6.688686
0.228727
0.027726
0.024425
0.040747
0.057353
0.051827
0.007485
0.663418
0.041199
0.461823
0.052732
0.006504
0.043405
2.257106
0.626536
0.005058
0.036042
0.124662
0.123967
1.118322
0.016230
0.000978
0.047321
0.046092
0.007828
0.495555
0.001436
0.088703
0.030353
0.003080
0.016780
0.613389
0.048442
0.005390
0.152202
1.844066
0.893318
0.109330
0.017762
0.066591
0.646944
0.010182
0.062410
0.075724
0.046329
0.028800
0.000691
0.007218
0.003751
0.021372
0.000464
1.136159
0.284878
0.014332
0.000454
0.110815
0.089784
0.999000
0.082682
0.031597
0.150902
0.074584
0.000316
2.566075
0.000463
0.940737
0.112567
0.130648
0.004175
0.007286
0.003428
0.011166
0.022995
0.003355
0.755286
0.012083
0.032250
0.387639
0.622668
0.021246
1.270088
0.009227
0.008834
0.223933
0.002769
0.390864
0.168759
0.014221
0.073561
0.167947
0.005232
4.859336
0.102080
0.235958
0.262903
0.024784
0.010360
0.006139
0.365928
0.001338
0.051479
0.006452
0.029084
0.042416
0.045030
0.286764
0.798414
0.022538
0.025165
0.008085
0.015089
0.273687
1.083093
6.252910
0.588862
0.027087
0.010955
0.022713
0.066623
0.000717
0.073300
0.013109
0.699703
0.060843
0.003207
0.875223
0.009778
0.073432
0.101313
0.000441
0.009041
0.147014
0.009709
0.006386
0.004406
0.033747
0.012004
0.048924
0.019284
0.762344
0.007846
0.000655
0.022208
0.004351
0.356493
0.002595
4.432604
0.072453
0.090512
0.025759
0.052913
0.139151
0.028222
0.001520
0.550654
0.876244
0.119281
0.028692
0.308519
0.000483
0.032085
2.751493
0.013399
0.009887
0.035030
0.008648
0.009659
0.217220
1.438744
0.060819
0.545580
0.000494
1.907921
0.013331
0.082594
0.014311
1.724556
0.052193
0.071085
0.060237
0.049636
0.035424
0.015487
0.028862
0.011052
0.043905
1.193295
0.112479
0.160939
0.149038
0.008056
0.010819
0.019916
0.042053
0.166693
0.025613
0.002990
0.003856
0.022615
0.029774
0.592113
0.099979
0.422245
0.009536
0.000264
0.263463
0.016169
0.291402
0.006331
0.030513
0.003667
0.926317
0.359113
3.013394
0.423462
0.071105
1.805659
0.002545
0.000676
4.597173
0.060928
0.640979
0.009015
0.013341
0.002101
16.295657
0.034051
0.043676
0.012692
0.008295
0.119164
0.279389
3.778792
2.788069
0.007191
0.029877
0.080996
0.352837
0.216175
0.051478
0.256792
0.009932
0.027234
0.010804
0.004709
0.016738
0.467026
0.013727
0.014164
0.002418
0.013180
0.003403
0.001370
0.027791
1.903656
0.138394
0.099405
0.066642
0.019622
0.180821
0.005872
0.194674
0.087268
0.005615
0.151591
0.019554
0.123077
0.500008
0.061089
0.153266
0.664887
0.016645
0.002794
0.308999
0.001944
0.002617
0.024352
0.075782
0.004181
0.216900
0.007686
2.147815
0.046161
0.041753
0.035699
0.222643
0.157029
0.005906
0.507438
0.598132
0.166981
0.024216
0.006620
0.068584
0.064547
0.017649
0.145093
0.109428
0.096148
0.001532
0.020780
0.172783
0.001971
0.085953
0.001206
0.003017
0.009911
0.001016
0.048224
6.227551
0.029845
0.683518
0.000984
0.107765
0.031497
1.240811
1.477433
0.142891
0.410078
0.267520
0.695022
0.171836
0.610247
4.047271
1.879682
0.008272
0.032553
0.002198
0.314389
0.061591
0.027326
0.054505
0.005538
0.147322
0.018112
0.088596
3.447950
0.121881
1.826849
0.033670
0.085431
0.020315
0.015847
0.015630
0.017014
0.278246
5.799756
0.343851
0.780118
0.842012
0.009113
0.127611
0.009931
0.062253
0.007279
12.325503
0.136784
0.006092
0.305693
0.012756
0.330215
0.016766
0.031767
0.257764
0.145705
0.286421
0.025279
0.009969
35.322488
0.012196
0.324518
0.025760
0.000271
0.001394
0.009883
0.002065
0.007494
0.111831
1.693250
0.075767
0.028535
0.083007
1.551528
1.471121
2.094632
0.024113
1.287746
5.163084
0.090085
0.056804
0.025538
0.594140
0.000982
0.086934
0.015917
0.054832
0.504444
0.036495
0.006151
0.035152
0.214091
0.307286
0.040985
0.306719
0.588099
0.014660
0.138274
0.023030
0.004118
0.017184
0.032476
1.264378
0.010414
0.023677
0.010122
0.016033
0.135594
0.018890
0.022917
0.031134
0.058606
0.231462
0.321806
0.001666
0.036284
0.003343
0.184759
0.010177
0.030057
0.531854
0.014518
0.730635
0.098970
0.002470
0.022342
0.478483
0.008800
0.193729
0.116509
0.010383
0.000902
0.004282
0.091785
0.047762
23.259028
0.016567
0.098612
0.040654
0.009358
0.959089
0.163629
0.848922
0.280985
0.949396
0.019758
0.272439
4.622391
0.001324
0.002235
0.147956
0.243058
0.020966
0.000239
0.291217
0.019672
0.001879
0.085817
0.002348
0.004018
0.072969
0.248274
0.005424
3.719036
0.000106
0.003731
0.004674
0.002408
0.227656
0.129655
0.559948
0.004249
0.007815
0.023205
0.022070
0.008580
18.363080
0.018914
0.077393
0.164924
3.620922
0.015761
0.016558
0.014195
0.007050
0.014879
0.052022
0.043389
0.043943
0.014105
0.404792
0.432879
0.010978
0.006994
0.006182
0.080106
0.435778
0.038632
0.005554
0.394102
0.010763
0.100601
0.011329
0.472011
2.778328
1.653873
0.025077
17.765918
0.041951
0.086498
0.307749
0.099662
0.358952
0.000581
0.006673
0.235087
0.009986
10.888054
0.019142
0.013173
0.091342
0.019134
0.022406
0.026586
1.053572
0.010149
0.017647
0.002894
0.000593
2.072333
0.340871
0.190585
3.155435
0.009630
0.005369
0.001021
0.002486
0.046384
0.000896
0.007222
5.814722
0.017641
0.042567
0.000130
7.174843
0.039903
0.000418
0.669051
0.009503
0.066114
0.001478
0.000711
0.007216
0.008601
0.039392
0.346064
6.269190
0.003560
0.030543
1.023297
0.344783
0.268938
0.018057
1.548763
0.238022
62.075449
0.004356
0.000593
0.037024
0.041402
0.096357
0.076536
0.031680
2.622505
0.000027
0.058327
0.061319
0.016314
0.028793
0.032438
3.737279
0.091639
0.268080
0.604385
0.364521
1.676270
0.014285
0.028254
0.001856
0.019325
0.004422
1.052677
0.111281
0.004012
0.005995
0.010865
0.214427
0.044592
2.095682
0.001461
0.014038
0.033735
5.797805
0.002328
0.635018
0.000576
0.086095
0.004575
0.056450
0.065495
0.038252
0.337191
0.377086
2.193242
0.144182
0.003077
1.424608
0.037672
0.113999
0.005661
0.267185
0.039682
0.072585
0.002621
0.045879
0.615554
0.020370
0.003795
0.000972
0.002507
0.000695
0.371849
0.240260
0.198871
0.477694
8.324888
0.051067
0.038576
0.167859
0.015224
0.266880
0.027993
1.353999
0.089304
0.100676
0.190364
0.424594
0.297108
0.530438
0.423112
0.045538
0.016135
0.016538
0.002728
0.027306
0.084209
0.016632
1.361644
0.290999
0.090723
0.270621
0.044409
2.209398
0.029472
0.082694
0.011271
0.165901
0.003395
0.036122
0.031525
0.039846
0.129086
1.373510
0.003838
0.332085
0.495961
0.021938
0.054053
0.299076
0.046785
0.105279
0.027898
0.280617
0.034018
1.103589
9.956359
0.062896
0.459786
0.007215
1.056415
0.007539
0.007311
0.158621
0.015907
0.020517
0.044791
0.589266
0.156558
0.001434
0.008084
0.330853
0.008716
0.086096
1.018591
0.238262
0.030889
0.022234
0.032403
0.035483
0.008540
0.026732
0.004803
0.001243
0.363071
0.007437
0.003586
0.011689
0.105828
1.035895
0.043207
0.049409
0.020334
0.064692
0.815469
0.014243
0.014525
19.474694
0.093429
0.023549
0.357810
0.251946
0.219975
0.008579
0.015660
0.004330
0.006033
0.132302
0.059899
0.007022
0.291643
0.009429
0.005231
0.197295
0.739864
0.021408
0.009855
0.009414
0.223946
0.032506
1.805906
0.002434
0.805370
0.044488
0.030464
0.124308
0.004052
0.002979
0.031286
0.121263
1.670189
0.108340
0.050719
0.138642
0.021026
0.000162
0.055054
0.000995
0.217350
0.000064
0.195011
0.158765
0.013679
0.968167
0.919457
0.106330
0.001576
0.015886
0.004888
0.126565
0.007911
0.263684
0.006216
0.030179
0.002572
0.003912
0.008656
0.225931
0.229489
0.025261
0.004366
0.021524
0.015404
0.016807
0.171167
0.758795
0.106049
0.016579
0.055282
0.046289
0.064613
0.002683
0.212252
0.262622
0.005475
2.647132
1.113959
0.000807
0.098234
0.049966
0.021687
0.028214
0.083003
0.273301
0.050720
0.303389
0.155919
0.128386
0.331770
0.011757
0.070158
1.685522
0.012494
0.202471
0.028033
0.049658
0.061867
0.065707
0.003769
0.188882
0.001814
0.011449
0.101688
0.021018
0.001967
0.082280
0.089797
3.629181
0.009479
0.063825
0.038993
0.076207
0.001901
0.028527
0.001216
0.001313
3.523798
2.190975
0.016710
0.034315
0.010815
0.226212
0.600479
0.070269
0.772757
0.003375
0.029097
24.523884
0.014417
0.507289
0.788498
0.188930
0.016654
0.043595
0.400408
5.655084
1.101188
0.006245
0.068067
0.001137
0.126440
0.093406
0.025124
2.302660
7.563296
0.034474
0.445539
0.045676
0.224330
0.002329
0.037681
0.119921
1.091206
0.170308
0.025629
1.442256
1.195052
0.001739
0.000055
0.025046
0.619277
0.218949
0.234550
0.058220
0.094132
0.045400
0.007336
0.048628
0.189209
0.002485
0.080994
0.060437
0.023534
0.002632
0.001835
0.091843
0.060413
1.348251
0.192797
0.004858
0.007320
0.238254
0.004032
0.073698
0.187254
0.008537
0.014131
0.049637
0.013291
0.918746
0.009769
0.011667
0.162159
0.042874
0.009311
0.040763
0.000204
0.565232
0.009467
0.021593
0.012221
0.006667
0.001584
0.025706
0.142807
0.000907
0.008878
0.001251
0.073457
0.022218
0.023312
0.275772
0.013207
0.004057
0.429946
0.107774
0.152598
0.157142
0.098584
0.001390
0.548976
0.067312
0.336174
1.501122
1.771053
0.043489
0.020789
0.028139
0.141314
0.031978
1.672047
0.002779
0.100535
0.129760
0.003572
0.011054
0.021046
0.062613
0.001023
0.288027
0.176837
0.009052
0.025872
0.865569
0.001530
1.824020
0.003186
0.048135
0.118147
0.015138
0.018202
0.130123
0.124145
0.003626
0.602224
0.013050
0.129075
1.790622
0.050302
0.114933
0.072819
0.001915
0.001231
2.568500
0.010889
0.128517
1.007957
0.024789
0.008433
0.459380
0.034185
0.078666
0.010718
0.071988
0.205728
0.391334
0.160702
0.000461
0.012004
0.005212
0.025421
0.070907
0.686413
0.008868
0.020086
0.238962
0.051664
0.004799
0.291750
0.888503
0.001042
0.469005
0.328511
0.000963
0.001412
0.039493
0.008835
0.292521
1.037321
0.115294
0.030290
0.333123
0.006903
0.139710
0.012252
0.003395
0.154521
0.002993
0.001082
0.002863
0.111109
0.203768
0.028436
0.021037
0.070268
3.082416
0.026833
0.001745
0.005191
0.007956
0.010561
0.000564
0.000813
0.017873
2.304420
0.198310
0.000716
0.110960
0.001758
3.464478
0.009503
0.001683
0.024406
0.226070
0.234526
0.303413
0.003167
0.430667
0.442417
0.020215
0.885351
0.075561
0.086679
0.001759
0.329921
0.969430
0.166319
0.371152
0.301450
0.013098
0.399209
0.000213
0.069530
0.144134
0.009889
0.002947
0.255329
0.092393
0.011972
0.102458
1.778414
0.056779
0.236368
0.520866
0.006790
0.077377
0.209157
0.384169
0.003238
0.070066
3.668542
0.268110
0.009527
0.377442
0.008848
0.020837
0.024398
0.031689
0.003692
1.783814
0.239530
0.038405
0.014351
0.002387
0.021553
0.135063
0.004664
0.026476
0.002197
0.053475
0.043977
0.658118
1.573956
0.000979
2.060406
0.044253
0.036737
0.057322
0.086445
0.327199
0.105836
0.001966
0.062234
0.065344
0.000829
0.070519
0.005839
0.102555
0.004189
0.037397
0.027729
0.282275
0.012762
0.160518
0.012756
1.321635
0.171583
0.063786
0.006378
0.010175
0.028880
8.280860
0.162469
0.001416
0.009735
0.131441
0.000272
0.002376
0.025179
0.341948
0.108662
0.030732
0.001990
0.039030
0.196129
0.038391
0.088317
0.005082
0.945164
0.001829
0.035882
0.013986
0.252886
0.331614
0.013207
0.001778
0.058242
1.336538
0.501435
0.008532
1.967272
0.057163
0.178576
0.041351
0.101462
0.031969
0.211603
0.449330
0.133817
0.155414
0.045445
0.018899
0.006684
0.003329
0.012236
0.017700
0.003655
0.415948
0.002654
0.029870
0.044521
0.019658
0.100052
0.070287
0.052399
0.000857
0.005776
0.001457
0.263852
4.559799
0.002122
0.048103
0.756586
0.272453
0.803244
0.105402
0.116105
0.117974
0.107193
0.034235
0.106078
6.440520
0.045327
0.191604
6.752838
0.100486
0.080824
0.004426
0.003575
0.004257
0.001363
1.572138
0.142909
0.000919
1.911308
0.096725
0.058946
8.206748
0.041417
1.037689
0.000960
1.373035
0.127962
0.002623
0.023874
0.005465
0.000804
0.004365
0.040601
0.274325
0.868607
0.099493
0.057469
0.397263
0.013385
0.006450
0.007591
0.118159
0.001439
0.031539
0.021300
0.003378
0.060075
0.394314
0.099709
0.144174
0.001755
0.313474
0.367282
0.012229
1.920981
4.371668
1.022889
0.000829
0.125989
0.038658
0.035491
0.001568
0.153673
0.381825
0.379923
0.009430
0.082424
0.218653
4.729963
34.760764
1.063362
0.039620
0.011629
0.089019
0.743610
0.153110
0.191824
0.021068
1.312259
0.013240
0.015803
0.268418
0.010729
0.271631
0.030389
0.166919
0.112217
0.253722
0.295272
223.632327
0.005120
0.037383
0.348235
0.054361
0.000449
0.080450
0.014397
0.009713
0.024703
0.012143
0.003521
0.037828
2.052186
0.045349
0.228614
0.008831
0.013878
0.002732
0.795042
0.088655
2.505412
0.038904
0.057618
0.074798
0.609966
0.636228
1.154468
0.018487
0.014370
0.389397
0.037558
0.018203
0.700364
0.385364
0.092254
0.001240
0.126168
0.363102
0.045971
0.678076
0.282441
0.011014
0.022119
0.033627
0.027225
1.205005
0.043559
0.095076
0.272573
0.004541
0.023481
0.029491
1.173921
0.034680
0.130215
0.003251
0.003955
0.019436
0.268070
2.248580
0.006976
0.106900
0.213416
0.108882
0.036150
0.001601
0.005855
0.084198
0.003132
0.307201
0.005991
0.037237
0.062030
0.006083
0.005171
0.276030
0.005713
0.007904
0.005733
0.034519
0.020218
0.001208
0.006757
0.097957
0.000968
0.004247
0.035241
0.053197
0.047814
0.140675
0.403884
0.002362
0.244283
0.040855
0.328654
1.014894
0.067215
0.106067
0.008620
0.003371
0.239626
0.010309
0.040694
0.122478
0.007096
0.021932
0.182373
0.062043
0.117837
0.111643
0.002326
10.202321
0.002561
0.001834
0.489035
0.006852
0.000688
0.598548
0.003129
1.684730
0.448517
0.338931
0.001042
0.003011
0.098750
0.077299
0.127262
0.205449
0.004079
0.000354
0.009308
0.003634
0.092586
2.502955
0.022533
0.000894
0.424449
0.128733
0.021034
0.055647
0.007081
0.080198
0.083975
0.122103
0.020021
0.185449
0.440278
0.067645
0.003707
0.002330
0.001615
0.075847
0.038484
0.233454
0.018106
0.011552
0.188963
2.016452
0.014775
0.006061
0.010903
0.089337
0.324928
0.231272
8.169252
0.548334
3.238562
0.001948
0.216587
1.698364
0.077873
0.093571
2.933820
0.008880
0.000957
0.013820
0.002726
0.241296
0.030161
0.101286
0.213965
0.072765
0.112787
1.637340
0.023888
0.020954
11.632775
0.223424
16.224516
0.013558
0.053305
0.049645
0.004891
0.030070
0.385029
0.726998
0.000685
0.014281
0.000565
0.065812
0.740570
0.008773
4.379297
0.137630
0.027482
0.006596
0.002093
0.081641
0.001961
0.020717
0.038232
0.435270
0.096562
0.010735
0.052243
0.006886
0.006459
0.081511
0.001762
0.004972
0.071845
0.025023
0.063601
0.024642
3.904128
0.002794
7.914323
0.218316
9.202284
0.279131
0.002095
0.279398
3.255977
0.586684
0.301119
0.517620
0.104384
0.791584
0.323267
0.057095
0.001121
0.064964
0.013515
0.001019
0.002846
0.823290
0.007727
0.651416
0.120290
0.014510
0.017507
0.029630
0.366054
0.052072
0.014581
0.025018
0.510045
0.003306
0.003250
0.011599
0.061714
0.605000
0.001140
0.002524
0.002571
0.001414
2.071533
0.010506
2.814534
0.093778
0.240215
0.162750
0.058952
0.009197
0.000829
0.000547
0.013239
0.014085
0.325627
0.000116
0.185781
0.008213
0.540573
0.053301
0.003486
0.002985
0.027848
0.110604
0.619490
0.000910
0.196889
0.084209
0.057567
0.230983
0.555752
0.141877
0.062616
0.736779
0.063528
0.042550
0.992669
0.004065
0.081117
0.030935
0.004617
11.645500
0.866388
0.396819
0.052448
0.301832
0.003095
0.021841
1.470542
0.010293
0.004953
1.228175
2.944132
0.095904
2.705479
0.210169
0.614289
0.013327
0.258054
0.110458
0.092857
0.002601
0.082457
0.021134
0.051924
0.002377
0.040212
0.001178
0.023098
0.005047
0.063830
0.011106
0.021427
0.184833
0.041324
0.010317
0.057119
0.310525
0.002184
0.019621
0.409418
0.008515
1.560007
0.059803
0.002403
0.037337
0.058275
0.483294
0.000205
2.779904
0.318556
0.054712
0.302880
0.012285
0.001628
4.726717
0.229764
0.021649
0.038097
0.022759
27.227822
0.001227
0.027050
1.318117
0.060638
0.017634
0.455917
0.665217
0.275719
0.670137
0.032107
0.645432
2.438155
0.199071
0.060918
0.022487
0.000265
0.003160
0.476296
1.263358
0.202707
0.009078
0.084065
0.017568
0.399310
0.017015
0.000270
3.592183
0.013186
0.000760
1.286042
0.081583
0.023250
0.019332
0.814605
0.094183
11.823113
0.067284
3.517250
0.085411
0.047493
0.085960
0.019264
0.231022
0.825219
0.221982
0.003055
15.507644
0.067224
0.002609
0.099941
0.001290
0.052503
0.128289
0.587867
0.056292
0.035964
0.007178
0.006157
0.034647
0.063235
0.027295
0.819100
0.229394
0.008112
2.488792
0.006345
0.002921
0.006433
1.204982
0.000279
3.931608
0.000622
0.053715
0.238011
17.493030
0.011449
0.076287
0.062822
0.028532
3.036853
0.315513
0.026922
9.077258
0.606166
0.027380
0.227081
0.066742
0.525758
0.147434
0.003492
0.028598
0.013918
1.916998
0.155155
0.000102
0.387023
0.007076
0.103760
0.054193
1.756334
0.000857
0.023968
3.364719
0.001779
0.212935
0.339201
0.003929
0.000143
0.266950
0.073541
0.075860
0.852286
0.112018
3.232627
0.009864
0.026827
0.027133
0.211536
0.018729
0.153430
0.075643
0.030763
0.003286
0.173900
0.002623
0.170317
0.058220
1.526083
0.043258
0.332492
0.004566
0.002938
0.071689
0.123739
0.018391
0.004706
1.184911
0.073861
0.324029
0.004740
0.195749
0.005892
0.005297
0.196982
0.026464
0.142436
0.523411
0.002215
0.021987
0.002742
0.024654
0.016303
2.327095
0.114839
0.007439
0.000021
0.392594
5.618335
0.158596
0.702595
0.008424
0.034191
2.294572
0.000079
0.138029
0.020637
0.019603
0.706796
0.120566
2.551522
0.215849
0.003785
0.045158
0.259396
0.021151
0.008599
0.002441
0.023746
0.275821
0.001458
0.328535
0.245854
0.011370
0.002578
9.484840
0.003899
0.639310
1.092465
0.023862
0.019697
0.145740
0.033198
0.392202
0.084829
0.006942
0.187783
0.104612
0.020150
0.882575
0.005915
0.002120
0.704322
0.027329
0.006885
0.037464
1.266105
0.002412
1.073193
0.107468
1.652932
0.013052
0.002311
0.199978
0.005755
0.000783
0.176957
0.129631
0.003230
0.000239
0.106275
0.002460
0.113249
0.052564
0.268085
0.003186
1.185595
0.052685
0.041913
0.033007
0.139344
0.028512
0.037288
0.100472
0.026745
0.154641
0.003160
1.123231
38.282571
0.064202
0.039667
0.096388
0.094787
0.293203
0.008882
0.153345
1.312075
0.020076
0.014850
0.091350
0.006741
0.027922
0.379163
1.947643
0.014499
0.015830
0.050853
1.971188
0.010906
2.893330
0.258858
0.008203
2.022005
0.015582
0.807348
0.147335
0.215220
0.001061
0.097375
0.059596
0.029756
0.005875
0.107242
0.002574
0.162337
0.546847
0.003345
0.016350
0.330323
0.241718
0.025252
0.042013
0.044588
0.007111
0.035161
0.002723
0.275324
0.004674
0.001210
0.002041
1.156244
0.712177
0.044102
0.080682
2.588960
0.072094
0.006449
0.289772
0.136580
3.414362
0.139984
0.024455
0.005535
0.537814
0.018694
0.309689
0.408932
0.008686
0.135662
0.230048
3.134412
0.008911
7.738086
0.006596
0.000852
0.054757
0.081017
0.274413
0.025996
0.005157
0.001169
0.063779
0.027031
0.041128
1.044376
0.000110
0.007800
0.246986
0.047748
0.144792
0.507032
0.030143
0.005552
0.010276
0.078570
0.007190
0.083986
0.018292
0.372393
0.240283
0.103421
0.007200
0.065822
0.085518
0.008362
0.001745
0.011997
0.015143
0.000785
0.179073
0.018961
0.006287
0.397588
0.074876
0.008955
0.009164
0.029146
2.095914
0.027243
0.094790
0.000852
0.005970
0.069840
0.135596
0.003547
0.075838
5.086876
0.174589
0.030592
0.004495
0.065201
0.445699
0.001112
0.223036
4.317884
0.037738
0.052068
0.531031
0.010227
0.489753
0.163382
0.091525
0.042326
0.016063
0.009165
0.031007
0.002379
0.025883
0.898758
0.177811
0.340240
0.311277
0.100748
0.023588
0.172384
0.006169
0.111442
0.051864
3.406045
0.032941
0.183267
1.886569
0.012479
0.001381
0.635512
0.109220
0.024712
0.021398
0.031465
0.929638
0.756351
0.225863
0.034943
0.012324
0.000954
3.866955
0.329284
0.494592
0.006712
0.007707
0.002879
0.415946
0.002997
0.362446
1.372157
0.010286
0.295559
0.162013
0.017050
1.187366
0.029378
0.518940
0.005991
0.079112
0.013696
0.015794
0.010778
0.000143
35.276754
0.292095
1.850699
0.370949
1.768754
0.203001
0.151852
0.283825
0.005697
0.005639
0.000228
0.102084
0.014416
11.718455
0.004059
0.577416
0.016384
10.917592
0.171195
0.120671
0.048102
0.000811
0.000409
0.402520
0.479528
0.000159
2.185841
0.041967
0.005459
1.206354
0.080175
0.011848
0.000134
0.015816
1.065219
0.022409
0.059759
2.714988
0.003996
0.693403
0.172207
0.001526
0.047925
0.196206
0.007436
0.059444
0.627085
0.069848
0.001161
0.028784
0.001128
0.255499
0.166008
0.005608
0.321293
0.066978
0.041013
0.001284
6.507596
0.063089
0.110781
0.075396
0.236143
0.040151
0.091158
0.232726
0.057116
0.057469
0.004499
0.034362
10.524310
0.001729
0.036129
0.046688
0.000825
0.129817
0.114880
0.000806
0.175876
0.094315
0.004684
0.001716
0.004054
0.017337
11.423078
0.435872
0.000769
0.068680
0.005164
0.950361
0.051124
0.014431
0.003989
2.527649
0.033472
0.063428
0.029346
0.003493
0.007578
0.008902
0.000584
0.026339
0.001259
0.008662
0.665991
0.196226
0.016716
0.003910
0.050686
0.036597
1.198159
0.018287
0.024973
0.003821
0.344710
0.032547
0.007190
0.078849
0.001154
0.079389
0.131219
0.408855
0.158986
0.028674
0.000875
3.634649
0.082830
1.972990
0.029024
0.020674
0.036206
1.108929
0.131894
0.000002
1.268387
0.125826
0.226798
0.509337
0.082644
0.003914
0.251195
0.073851
0.002150
3.295127
0.097417
0.044156
0.003138
0.060266
0.258360
0.002597
0.004509
0.024329
0.007063
0.087284
0.219555
0.003030
0.001293
0.050946
0.010020
0.011613
0.069559
1.058211
0.841205
10.835683
0.035294
0.081102
0.351792
0.003443
0.015872
0.061211
0.014205
0.127815
0.033107
0.522798
0.001680
0.000260
0.013494
0.404494
0.025955
1.568698
6.498367
1.949417
4.595239
0.049989
0.003219
0.017671
0.154786
0.117389
0.107674
0.037623
0.087074
0.836558
0.105665
0.010129
0.004552
0.014330
0.001859
1.743610
0.023563
0.001603
0.010227
0.016884
0.066872
0.005670
0.417978
0.005281
0.229968
0.244176
0.001763
0.021982
0.057868
5.627484
0.027861
0.341784
0.744169
0.344778
0.033028
0.006830
0.656636
0.038329
0.011120
0.181505
0.176914
0.408234
0.003785
0.030052
0.072117
0.004350
0.013225
0.005002
0.005944
0.841868
0.030397
0.061873
0.242204
0.001053
0.000460
0.210492
0.002030
0.007659
2.097136
0.002376
6.973500
0.010920
0.005732
0.001789
0.004955
0.019542
0.053408
0.065337
0.208813
0.010387
0.215707
0.010760
9.824821
0.017832
0.011712
0.002581
0.149025
0.707288
0.157292
0.476521
0.016428
0.003666
2.081245
0.002082
0.717786
0.074891
0.022351
0.022230
0.033592
0.043543
38.972096
0.191788
1.552600
0.342505
0.037712
0.016874
0.005723
13.713704
0.877733
0.005654
0.025479
0.009842
0.054118
0.001410
0.006916
0.047607
0.139148
0.283526
0.070422
0.003065
1.322693
0.056732
0.087121
0.225594
2.587866
0.616626
0.206820
0.000611
0.004479
0.328028
0.527372
0.000314
0.009073
0.138378
0.022481
0.365078
0.002958
0.012955
0.686678
3.364811
0.089700
0.000870
0.131194
0.029350
0.150080
1.274491
0.100469
19.141654
0.001921
0.351066
0.025572
0.020496
2.936467
0.100980
0.188313
0.000646
1.997435
0.239225
0.088392
0.000183
0.025309
0.024490
0.015942
0.593643
0.000988
0.001847
0.318635
0.244867
1.521387
3.255083
0.009788
0.017939
0.019357
0.444109
0.005051
0.430268
1.254059
0.007380
0.078937
0.014974
0.118264
0.041559
0.003105
0.006629
5.123141
0.091453
0.073695
5.279947
