15
2.046064
4
91
40
10
1
5047
0.026040
-0.243706
-0.414802
0.275620
-0.066658
-0.096502
0.248688
-0.182759
0.172342
0.008557
-0.191490
0.072943
0.269999
0.071474
-0.113933
0.169610
-0.091203
-0.153372
-0.023003
0.112973
-0.146498
0.007535
0.604325
0.024764
0.225666
0.060499
0.028422
0.006127
-0.306156
0.198450
0.218986
0.228254
-0.252453
0.320984
0.024443
0.262743
-0.211004
0.345196
-0.196889
-0.015619
-0.034256
0.144250
0.007121
0.223449
-0.239034
-0.433142
-0.111891
-0.076355
0.033820
-0.205137
-0.021742
0.155637
-0.357626
-0.072403
0.220396
0.003339
-0.172136
0.031438
-0.098533
0.346515
0.315673
-0.333696
-0.279394
0.250088
0.241782
-0.069560
0.231310
-0.316041
0.191078
-0.007891
0.273772
-0.267510
-0.122938
0.156457
0.155580
0.113272
0.064093
-0.000072
0.013730
0.011531
0.176220
0.301049
0.301071
0.135866
-0.140253
0.154037
-0.379382
0.021490
-0.243097
0.014585
-0.008424
-0.347022
0.016772
-0.202751
0.163995
-0.167815
-0.126377
-0.089816
-0.249238
-0.025116
0.217662
0.035633
-0.253471
0.440413
-0.240977
0.131953
-0.130515
-0.250007
-0.253211
0.162052
0.246526
-0.225715
-0.322163
0.036777
0.371279
0.110985
0.044479
0.280460
0.034904
0.091695
0.123861
0.014976
0.032914
-0.166291
-0.200571
0.083022
0.009287
0.029122
0.229459
-0.406447
0.274607
-0.194318
-0.003446
-0.271089
-0.017954
-0.071367
0.304672
-0.187422
0.328955
0.237251
0.099866
0.265636
0.167280
0.110061
-0.017378
0.156768
0.077886
-0.065195
-0.260726
0.111991
-0.084890
0.186429
-0.141827
-0.422938
-0.187259
-0.020641
-0.147084
-0.358581
0.373788
-0.245726
0.093563
0.003703
0.148089
0.072716
-0.348086
-0.120965
0.037096
0.445003
-0.245230
0.068841
0.038880
-0.293250
-0.391974
0.254799
-0.100347
0.006105
-0.124145
0.095870
-0.012332
-0.042433
-0.254260
-0.232384
-0.042804
-0.237278
0.095782
-0.355725
0.355146
0.119574
0.265614
0.326896
-0.374457
-0.033793
0.279534
-0.232261
-0.430846
0.208494
0.143497
-0.140149
-0.140416
-0.061391
-0.389553
0.123997
0.321066
0.355174
0.481848
0.262350
0.191845
-0.319701
-0.010177
0.045579
-0.236211
0.026841
-0.222455
-0.080614
-0.051524
0.127416
0.416560
0.137826
-0.207674
0.351365
-0.249523
-0.150055
-0.042428
-0.261882
-0.195689
0.915194
-0.402106
0.236395
-0.053428
-0.091483
-0.239301
0.436802
0.154887
0.209558
0.407204
-0.238887
-0.241919
0.026436
-0.083334
0.117595
0.244009
0.121593
-0.025018
-0.446957
-0.136066
-0.381346
-0.269326
-0.202506
0.086265
-0.001068
-0.187519
-0.156845
-0.110709
-0.127845
-0.211748
0.282847
-0.381321
0.030509
-0.009629
0.223322
-0.273478
0.103338
-0.081687
-0.172420
-0.404366
0.003270
0.461222
-0.209945
-0.132430
-0.088582
0.078304
-0.342638
-0.154264
0.320798
0.200739
-0.079310
0.177712
0.396355
0.292630
-0.330324
0.122755
0.388615
0.060820
-0.214428
0.028214
0.232079
-0.085194
-0.258145
-0.270482
-0.008968
0.144910
-0.237794
0.770391
0.126664
0.077220
0.332065
-0.081903
-0.232079
-0.439178
0.392982
0.140004
-0.035656
-0.071132
0.020226
0.115056
0.073997
-0.113358
0.074569
0.030485
0.223315
-0.012400
-0.135950
0.049924
-0.352071
0.143242
0.355470
-0.136357
-0.451731
-0.026976
-0.292719
0.051409
-0.205560
0.220285
0.340422
-0.002306
0.012939
-0.279326
-0.153964
0.519243
0.214384
0.148116
-0.209392
-0.223862
0.378295
0.153722
0.371843
0.264204
-0.083394
0.039228
-0.397722
0.019547
-0.271544
0.064869
0.101656
-0.135942
0.213664
0.080951
-0.356073
-0.043784
-0.133309
0.260266
-0.100205
-0.095309
-0.011645
-0.352445
0.266981
-0.198362
-0.039057
0.098737
-0.093082
0.281214
0.332854
0.159166
0.342274
-0.221382
-0.100062
-0.003397
0.245689
0.115299
-0.305896
-0.207620
0.177379
-0.216150
-0.080324
-0.040257
0.031851
-0.123362
-0.015746
0.010258
0.366691
0.168352
-0.341521
-0.174473
0.203569
0.162047
0.446824
0.193874
-0.122332
-0.449985
0.498569
0.342835
-0.287802
-0.392806
-0.156748
-0.003199
0.017508
-0.455832
0.117993
-0.529608
0.002580
0.113622
0.088368
-0.031882
0.204390
-0.126325
-0.278689
-0.253913
0.107989
0.244952
0.035648
-0.182058
-0.253646
0.288493
0.323571
0.231241
-0.081520
0.177674
0.057223
0.072612
0.407233
-0.091014
0.132039
0.050167
0.220976
0.061365
-0.407823
-0.170157
-0.139029
0.014736
-0.302757
-0.283634
0.007762
-0.040055
-0.011734
0.231687
-0.126041
0.009046
0.051838
-0.137309
0.368704
-0.123805
0.123670
-0.233358
0.051772
-0.099609
0.092197
0.093095
0.215774
0.051369
-0.094111
0.298406
-0.054985
0.034936
-0.230762
-0.287905
-0.432288
0.052630
-0.328151
0.003968
0.169841
0.154884
-0.098772
0.079068
0.107412
-0.451466
0.253597
0.364208
0.303938
-0.170897
0.026171
-0.040940
-0.327002
-0.009356
0.143970
-0.016541
0.291406
-0.084514
0.202920
-0.318473
-0.116712
-0.461893
-0.009102
-0.062877
-0.250323
-0.151184
0.390131
-0.246367
-0.025918
0.029473
-0.014780
-0.066039
-0.259805
0.192148
-0.108294
0.104817
-0.265455
0.273204
-0.121039
-0.059372
-0.460001
0.210931
0.081703
-0.091394
0.420452
0.289262
0.131616
0.029931
-0.677212
0.137828
0.006161
0.049157
0.010615
0.022930
-0.130522
0.329971
-0.643789
0.127570
0.031008
-0.354398
-0.244291
-0.422477
-0.440522
0.069949
0.134194
-0.337993
0.121153
-0.459023
-0.397376
0.001339
0.184324
-0.028717
0.110431
0.185247
0.170440
-0.095730
0.173713
-0.345972
0.187688
-0.065875
-0.062622
-0.172307
0.377437
0.204902
0.087696
-0.857765
-0.040328
0.009803
0.496512
0.007916
-0.365186
0.130732
-0.183087
-0.067766
-0.004409
0.184250
0.013247
0.270702
-0.216283
0.205513
0.055731
-0.154436
0.102164
-0.421336
0.259007
-0.066539
0.176774
-0.362051
0.594215
0.201984
-0.015806
-0.067169
-0.280928
-0.035920
0.064495
0.110883
0.076813
-0.073814
-0.168210
-0.531309
0.071943
0.147314
-0.063137
0.507711
0.166644
-0.132170
0.321137
0.498987
-0.380600
0.148546
-0.081496
-0.117133
-0.075242
0.147452
-0.032113
-0.113340
0.490114
-0.218194
-0.229323
0.190495
-0.186561
0.210236
-0.221831
0.142139
0.286703
-0.196110
-0.126591
-0.440083
-0.164705
0.138178
-0.380383
0.461888
-0.130142
0.026457
-0.002071
-0.277044
-0.103919
0.119288
-0.107561
0.045011
0.073713
-0.087353
0.219636
-0.005979
-0.485080
0.154140
-0.192869
-0.031800
0.064852
-0.153624
-0.309140
0.054697
0.110709
-0.344714
0.234629
-0.224126
0.212117
-0.174598
0.135799
-0.018385
-0.031038
0.144567
-0.370940
-0.391137
0.188469
0.131510
0.262436
0.077361
-0.122518
-0.019349
-0.469983
0.180954
-0.159475
0.261134
-0.102217
-0.084598
-0.313016
-0.341878
-0.094030
-0.051663
-0.192288
0.170912
0.057971
0.185638
0.107334
0.149519
0.196361
-0.049825
0.004582
0.057579
-0.101201
-0.010038
0.005163
-0.433367
-0.060184
-0.036640
0.048114
-0.343042
-0.527273
0.509800
0.010319
0.232907
0.098149
-0.224077
-0.209578
0.216016
-0.194302
0.344629
-0.003287
0.096817
-0.076872
0.165025
0.121808
0.242667
0.490981
-0.036826
0.182465
0.131799
0.007652
0.055098
0.204930
0.296931
-0.084790
-0.102725
-0.023611
0.201034
-0.255816
-0.306169
0.000542
0.177769
-0.357276
0.000403
-0.112299
-0.105485
-0.056262
-0.088944
-0.141593
0.081991
-0.186111
-0.016302
0.093913
-0.018273
0.130234
-0.161347
-0.134596
0.071277
-0.331625
-0.037783
-0.117515
0.230159
-0.043505
-0.185878
-0.228926
0.438143
0.066256
0.109771
0.333108
-0.239903
0.264144
0.165057
0.279488
0.235087
0.301507
0.044597
-0.105724
0.507435
0.007388
0.421662
0.110754
-0.128806
-0.207876
0.142258
0.258609
-0.122725
-0.660896
-0.091188
-0.139047
-0.264511
-0.335447
-0.384962
0.170165
0.047987
-0.047985
0.123060
0.170628
-0.149155
0.191862
-0.079607
0.286923
-0.047534
0.190708
-0.071153
0.258104
0.090270
-0.051924
-0.210306
0.247876
0.086947
-0.248593
-0.406183
0.162373
-0.249127
-0.272286
0.154434
-0.241738
-0.074758
0.404409
-0.324423
0.359721
-0.167709
-0.242307
0.197999
0.294610
0.184486
0.150262
0.092323
-0.351366
-0.087522
0.554282
-0.277094
0.430019
-0.156282
-0.027532
0.014619
0.575459
-0.082954
-0.032051
-0.081121
-0.440579
0.175658
0.012406
0.356658
0.227318
0.151608
-0.209492
-0.121568
-0.270114
0.394517
-0.163046
-0.093341
0.058159
-0.394735
0.090658
-0.631859
-0.099988
0.187131
0.142780
0.116523
-0.084644
-0.126453
-0.052765
0.375708
-0.161763
-0.163324
0.153556
0.348445
-0.083100
0.105231
0.505720
0.238660
0.139677
0.086927
0.028984
0.311118
-0.243617
0.056878
0.040156
0.126887
0.126302
0.042849
-0.037513
0.325907
0.260808
-0.254648
-0.040476
-0.130828
-0.162413
0.081582
0.459019
-0.002545
-0.034506
-0.547328
0.054273
-0.220592
-0.045869
0.717823
0.120722
-0.085576
0.165440
0.244828
-0.145374
0.036242
-0.150167
0.353878
-0.115947
0.077426
-0.076948
-0.483838
-0.055014
0.242789
0.055544
-0.030541
0.003611
-0.229043
0.040977
-0.044012
-0.159028
-0.139517
-0.167169
-0.176641
-0.359836
0.423058
-0.038808
-0.189919
-0.061805
-0.006005
-0.300576
0.064710
-0.026103
-0.153119
-0.165720
-0.017320
0.663428
-0.086906
0.100627
0.079030
0.131032
0.138000
-0.218496
-0.162178
-0.227102
0.286895
0.011184
-0.568378
0.260091
0.171736
-0.202631
-0.002556
-0.030698
-0.188819
-0.202744
-0.165420
0.122728
0.256613
0.010973
-0.011460
0.136725
-0.178574
-0.320496
-0.215718
0.348867
0.177881
0.354955
-0.235192
-0.017045
0.171557
0.151365
0.061863
0.191059
0.002163
-0.620434
0.389723
-0.378977
-0.016383
-0.011758
-0.054213
-0.414487
-0.270252
0.230316
-0.153880
0.038688
0.289455
-0.212566
0.110667
0.127563
-0.069788
-0.034407
-0.210742
-0.004018
-0.265865
-0.307710
0.059174
0.304118
-0.388619
0.113302
0.287889
0.050463
0.278419
0.177258
0.095786
-0.181709
0.560561
-0.084186
-0.090939
-0.168771
0.236446
-0.415573
0.353563
-0.077837
0.017352
-0.217274
0.216060
-0.009280
-0.225870
0.319000
0.229736
0.040360
0.453829
-0.004385
-0.075330
0.219905
-0.074388
0.014626
0.047521
0.419695
0.135254
0.049977
0.292529
0.022211
-0.130745
-0.531973
-0.043500
0.111224
-0.393368
0.056121
0.334594
-0.149781
0.375511
-0.110835
0.121677
-0.069867
-0.268718
0.040135
-0.048245
-0.120189
-0.114910
-0.169110
-0.172199
-0.332003
-0.049793
0.171762
0.145292
-0.347201
-0.158214
0.397118
0.185900
-0.113775
0.222276
-0.026009
0.249392
-0.027576
-0.153224
0.243294
0.264139
-0.523615
-0.103556
-0.183900
-0.041635
-0.493695
-0.340023
-0.068225
-0.163501
-0.248893
0.021961
0.239040
0.013830
-0.004984
0.088160
-0.346303
0.423433
-0.018436
0.542435
0.122501
-0.181097
0.222480
0.086320
0.075700
0.111788
-0.051619
0.001457
-0.201507
-0.414718
0.626167
0.239188
-0.449841
0.097229
-0.155829
0.316923
-0.003233
0.100971
0.003839
0.136839
-0.188804
0.197045
-0.473881
-0.153130
-0.011620
-0.218634
0.139616
-0.017992
0.187758
0.171510
-0.199768
0.316552
0.215900
-0.352369
0.164126
0.222024
-0.112624
0.224035
-0.482257
0.237538
-0.017257
-0.078835
-0.096313
-0.061937
0.007966
-0.192949
-0.333825
0.076895
-0.148566
-0.061602
-0.049511
0.329525
0.066618
0.216373
-0.126533
-0.077426
-0.091561
-0.087657
0.255637
0.262669
-0.413526
-0.307139
-0.008568
-0.055294
0.099250
-0.105758
-0.447956
0.225564
-0.007380
0.087118
0.378988
-0.046224
0.031789
0.342697
-0.028031
-0.183496
0.112782
0.324192
-0.098482
0.697476
-0.246729
0.083963
-0.168805
0.048838
0.274376
-0.072711
-0.085883
0.199040
0.517600
-0.000563
0.066385
0.211492
0.324711
-0.041743
-0.106548
0.505634
0.037538
0.215555
-0.166127
0.229945
0.183153
-0.340297
-0.252021
-0.134497
0.289561
0.084738
0.492789
-0.261351
0.231053
-0.358803
-0.360191
0.013602
0.123452
-0.105605
0.300183
0.091881
0.200362
0.412280
0.240356
0.052002
0.014094
-0.086157
0.162132
-0.248404
0.089594
-0.066832
0.014347
0.351299
-0.034867
-0.009280
-0.072011
-0.079174
-0.122372
-0.095608
0.093786
-0.168663
0.232341
-0.107150
0.254982
0.126059
0.156444
0.191894
0.073360
-0.164266
0.117108
-0.327080
0.112299
-0.230968
0.106069
0.142618
0.274492
-0.136255
0.008670
0.253321
-0.189147
-0.163674
-0.058368
0.360395
-0.089150
-0.210104
-0.104621
-0.179683
-0.238786
0.074271
0.236170
0.087965
0.032571
-0.047342
0.244848
-0.112838
-0.155776
-0.160031
-0.281367
0.232896
0.137863
-0.016456
0.001974
-0.346978
0.371033
-0.038503
0.077747
0.356185
0.248425
-0.039047
-0.098249
0.636235
-0.187220
-0.198866
0.080823
-0.035766
0.023777
0.117152
-0.061984
-0.078551
0.229328
0.029891
0.173037
-0.077076
-0.157156
0.061894
-0.054085
0.075363
0.507328
0.185989
-0.116648
-0.357695
-0.191546
-0.272225
0.024059
0.031653
0.212873
-0.269364
-0.000281
-0.896018
-0.168386
-0.311636
-0.338752
-0.044015
0.014954
0.163084
0.124888
0.545656
-0.546429
0.047478
-0.001876
-0.745733
-0.313919
0.162776
0.044668
-0.211850
-0.017526
-0.176231
0.097912
0.029123
-0.414491
-0.237607
0.348678
-0.281864
-0.200827
0.238363
0.217532
0.053831
0.356318
-0.163618
0.437571
-0.033781
-0.120203
-0.179746
-0.199476
0.305468
0.083701
0.186493
-0.006456
0.091139
0.284834
0.028791
-0.473616
0.125136
0.283905
-0.251069
0.260607
-0.522219
0.103144
0.095877
0.440658
0.013623
0.089323
-0.404805
-0.051317
-0.353706
0.092344
-0.020764
-0.042671
-0.166446
0.504595
0.229939
-0.217527
-0.404615
-0.042786
-0.074077
0.178721
-0.081510
-0.075014
0.186149
0.110487
0.042624
-0.278065
0.179115
-0.276827
-0.258833
-0.185381
0.277569
-0.152462
0.001928
-0.156623
0.112458
0.031754
0.147018
0.464967
0.301503
0.106523
-0.224452
-0.057204
-0.048375
0.104239
-0.285549
-0.041209
0.255764
0.409823
-0.262281
0.195320
-0.358069
0.064848
0.103463
0.058830
-0.038834
0.021570
-0.181815
-0.479831
-0.009698
-0.058192
0.523654
0.124477
-0.211760
-0.154281
0.009691
-0.170024
-0.088288
-0.319897
0.024180
0.064130
-0.000343
-0.111852
0.034431
-0.272610
0.114744
0.073740
-0.066145
0.087014
0.345786
-0.140118
0.150503
0.278369
0.093716
0.146393
0.301766
0.059811
-0.003913
-0.089738
-0.222141
0.137359
-0.239581
0.280475
-0.401624
-0.060360
0.212218
-0.165983
0.295987
0.280758
0.176751
-0.332861
-0.217881
0.070681
0.072257
0.514113
0.243076
-0.046478
-0.074190
-0.673339
0.122321
0.231573
-0.124995
0.273978
0.442125
0.262385
0.066937
-0.407350
0.197929
-0.182353
-0.121010
0.495121
-0.001037
-0.191335
0.329539
-0.271839
0.781040
0.128141
-0.157028
-0.026472
-0.204623
-0.212681
-0.100601
-0.268310
-0.129244
-0.044743
-0.086886
0.148515
-0.205903
-0.345419
-0.120806
0.191528
-0.025365
0.206934
0.040110
0.015416
-0.200457
0.022530
-0.007916
0.078802
0.023781
0.177627
0.169661
-0.432100
0.014137
0.108732
-0.147286
0.035782
0.204439
0.285192
0.260126
0.192552
-0.143472
0.077436
-0.063230
-0.280884
-0.206953
0.390363
-0.259247
0.066012
0.207772
0.140057
-0.026130
0.192219
0.387307
-0.222037
0.059120
0.126184
-0.131846
-0.032772
-0.419735
0.251093
-0.227434
-0.235189
-0.155000
-0.343495
-0.497080
0.049188
0.093494
0.318169
-0.100903
0.113680
-0.082689
0.030094
0.068523
-0.186050
-0.355397
-0.504168
-0.186598
-0.481578
0.022301
-0.254221
0.043240
-0.219242
0.075323
-0.102767
-0.038862
0.419756
0.327460
-0.107205
-0.260573
0.328567
0.016025
0.022797
0.175756
-0.231131
-0.030471
-0.128328
0.172166
0.180947
0.002312
0.168930
0.303009
-0.453701
0.240958
-0.043166
0.072835
-0.288263
0.496427
-0.308925
-0.019708
0.017737
-0.051236
-0.226764
0.460362
-0.143263
-0.070532
-0.527757
-0.218964
-0.190023
0.077255
-0.096358
-0.283813
-0.032034
-0.009070
-0.240183
-0.010797
0.123481
0.168471
-0.137711
-0.149149
-0.100592
0.289453
0.066966
0.025168
0.314506
0.708565
0.581043
0.189747
0.350348
-0.176075
0.080003
0.152460
0.112041
-0.018107
0.245993
0.039634
0.351372
0.045770
0.323306
0.026655
0.134645
0.151895
-0.042149
0.341545
-0.104158
-0.096141
-0.137251
-0.012825
0.455936
0.114180
-0.404688
-0.025073
0.186055
0.092340
-0.015278
0.279693
-0.093132
-0.037368
-0.185300
0.146594
-0.299805
-0.348689
-0.159915
-0.179895
0.059918
0.167888
-0.323662
0.423805
0.133912
-0.103836
-0.213323
0.103246
-0.221146
-0.255852
-0.697336
0.018694
0.263952
0.090344
0.180961
-0.137005
0.113393
0.320628
0.030080
0.090548
-0.124202
-0.174940
0.077085
0.067081
-0.058352
0.074728
0.015284
-0.015174
-0.002938
0.020792
-0.212351
-0.148268
-0.097168
-0.003425
-0.100189
-0.050394
0.052486
-0.370607
-0.056504
0.134160
0.195385
0.293549
0.118964
-0.156400
0.296895
-0.163143
-0.157761
0.173597
0.044136
0.090004
0.020603
-0.136942
-0.047441
0.204680
-0.324571
0.180173
-0.007121
-0.139474
0.222999
-0.130242
0.232827
-0.185206
-0.055298
0.082922
0.252597
-0.136255
-0.421007
-0.145828
0.416517
-0.275999
-0.375817
-0.597395
0.417209
0.012265
-0.093046
0.079676
-0.137325
-0.335642
-0.370055
0.109116
-0.035042
0.252313
-0.131835
-0.102999
0.312394
-0.050754
0.023255
-0.037387
-0.337310
0.478849
-0.181157
-0.050394
-0.018663
-0.081258
-0.200243
-0.271537
-0.187184
-0.043561
-0.056537
-0.287227
-0.394177
-0.021519
-0.108218
-0.092830
0.126780
-0.057834
-0.094130
0.056606
0.056765
0.303952
0.015642
-0.172567
-0.089412
0.644602
0.118660
-0.332693
-0.216028
0.268805
0.002623
0.094338
-0.165717
0.087457
0.114775
-0.077982
0.002175
-0.148400
0.051429
-0.162962
0.025938
-0.441952
0.162312
-0.143007
0.152415
-0.009039
-0.270854
-0.239465
0.048767
0.270909
-0.314567
0.373855
0.315736
0.043212
0.376988
0.142525
-0.073905
-0.167531
-0.336651
-0.111559
0.017498
0.011718
0.026034
-0.034420
-0.401717
0.363568
-0.112147
0.036383
-0.391232
-0.065983
0.245407
0.099100
-0.088642
-0.232717
0.011437
0.056632
0.002427
0.256629
-0.121582
-0.376216
-0.310815
0.099074
0.073462
0.095349
0.244599
-0.350200
-0.006802
0.174152
0.134568
-0.127859
0.270509
0.099271
-0.159872
-0.083537
-0.086018
0.531205
0.210082
0.227265
-0.267614
-0.243973
0.151701
-0.157572
-0.300069
-0.144281
0.032137
0.120909
-0.101755
-0.011202
0.020127
-0.095208
-0.159313
0.394194
0.099951
0.365909
-0.596917
0.170469
0.194460
-0.165329
0.180524
-0.168065
0.226169
-0.099973
-0.100911
0.268741
0.156582
-0.171276
0.195538
-0.009447
-0.139499
0.217869
0.207227
0.404322
-0.588901
-0.004135
-0.175155
-0.341697
0.158000
-0.027076
0.014653
0.165917
0.055238
0.002750
-0.534826
-0.293333
0.454339
-0.164982
0.587761
-0.043147
-0.315155
-0.077730
-0.214756
-0.073638
0.384156
-0.055193
0.083088
-0.422760
-0.300723
0.140553
0.030636
0.367832
0.152671
-0.287775
0.064033
0.676579
-0.312886
-0.110867
0.168200
-0.204195
0.193515
-0.130285
-0.275823
0.132017
0.273258
-0.424355
0.245430
0.343484
-0.003697
0.122740
0.005299
0.083496
-0.236686
0.413180
-0.165160
-0.006159
0.452033
0.111123
0.176866
-0.048246
0.172562
0.133225
-0.179108
0.135678
0.177431
-0.085626
0.062419
-0.036072
-0.070919
-0.228524
0.334268
-0.081266
-0.506418
0.235583
-0.321282
-0.079094
0.215334
-0.083950
-0.584662
-0.440827
-0.107949
-0.217310
-0.074982
-0.407510
-0.097472
0.434468
-0.404431
-0.507425
-0.302612
-0.210592
0.199429
-0.033139
0.243429
0.068502
-0.047907
-0.571906
-0.409792
-0.094534
0.024402
0.039495
-0.099024
0.208310
0.018141
-0.169624
0.112112
0.040944
-0.192017
-0.012937
0.063866
-0.072193
0.013079
-0.195950
0.368111
-0.171251
0.127917
0.362807
0.090546
-0.032516
0.279452
0.336074
0.023242
-0.199045
0.149158
0.065334
-0.040897
0.143549
0.090370
-0.314002
0.020649
0.021340
0.114490
0.012275
0.274643
-0.187205
-0.030293
0.403143
-0.056824
0.062812
0.201436
-0.050367
0.723695
0.338973
0.136119
-0.041496
-0.005838
0.006842
0.122021
0.051768
-0.213969
-0.191832
-0.329470
0.193733
-0.437726
-0.362785
-0.139017
0.098931
-0.218217
-0.432295
0.216506
-0.074200
-0.086237
-0.392977
-0.152388
-0.004903
0.314596
0.093945
0.215775
-0.309429
0.076297
0.500534
0.106810
0.040216
0.313942
0.223414
-0.141848
-0.187241
0.166515
0.093818
-0.395374
0.121411
-0.083608
-0.368797
0.040432
0.115730
-0.151379
0.168359
0.196769
-0.049106
0.063910
-0.197408
0.007985
0.125065
0.387184
0.029614
0.493211
-0.324389
0.203367
0.158180
-0.146448
-0.331874
-0.163204
-0.210630
0.008833
-0.111411
-0.155604
0.418944
0.239051
-0.354442
-0.068812
0.362140
-0.091492
-0.207400
-0.268343
0.270149
-0.021913
0.035172
-0.029964
-0.026882
-0.346195
-0.061843
0.012528
0.235443
0.162071
0.165097
0.318230
0.128143
0.116993
0.004156
-0.264177
0.147116
0.068067
0.224346
-0.262226
-0.348297
0.203097
-0.059552
0.203820
-0.012926
0.101863
-0.028880
-0.013420
0.087442
-0.053167
0.128777
-0.194764
0.224451
0.607103
0.060242
-0.022965
-0.231069
0.226965
-0.069079
-0.049010
0.332059
0.481733
0.032256
0.134021
-0.324970
-0.119511
0.024208
-0.038563
0.120982
-0.093211
0.263308
-0.116330
-0.062278
-0.154043
0.023466
-0.141183
0.110100
-0.193729
0.088200
0.293480
-0.106200
-0.334430
-0.537686
-0.155511
-0.334286
0.099870
-0.092361
-0.269236
0.266403
-0.305180
0.402504
0.232321
0.323474
0.103205
-0.356936
-0.066341
-0.193965
0.085925
0.119153
0.136882
-0.441883
-0.093583
-0.388820
-0.290503
0.087921
-0.125188
-0.063159
-0.132290
0.103265
0.170570
-0.235456
-0.049736
-0.087293
0.198512
-0.087052
0.153292
0.238182
0.090883
-0.197156
-0.054876
0.072745
0.330202
-0.444711
-0.043641
0.199204
0.020161
0.115620
-0.678174
0.543591
-0.324990
-0.382366
-0.246405
0.267118
-0.272305
-0.202390
-0.654249
-0.290272
-0.279812
0.029436
0.193072
0.028653
0.102845
-0.026723
0.073204
0.087012
0.047198
0.013693
0.042584
0.182570
0.089705
0.148500
0.620859
-0.056879
0.085450
0.060395
-0.030953
0.303121
0.269106
-0.120877
-0.081107
0.201287
-0.266168
-0.314793
0.696943
-0.230822
0.195241
-0.120640
-0.002812
-0.516944
-0.581999
-0.083089
-0.433583
-0.397786
0.013635
-0.132636
0.023150
0.064848
-0.122848
-0.276912
0.370174
-0.483817
0.033084
-0.068686
0.108472
0.103064
0.162616
0.133968
0.020283
-0.244470
-0.013031
-0.027518
0.110605
-0.185550
-0.183354
-0.030161
0.250898
-0.130078
-0.099721
-0.348823
-0.285058
0.130497
0.408021
-0.056472
-0.449448
0.396686
-0.184491
0.245982
-0.343120
0.072257
0.166539
0.222497
0.089026
0.047653
0.109862
-0.308830
0.439573
0.307517
0.175291
-0.225333
0.064783
-0.142729
-0.405888
-0.215916
-0.178310
-0.462321
0.460746
-0.158286
0.300961
-0.257460
-0.208355
0.068189
0.409462
0.255024
-0.113827
0.096139
0.048406
0.129199
-0.040931
0.349695
0.046491
-0.053069
-0.144438
-0.155109
-0.259027
-0.094345
-0.355599
-0.212447
0.026626
-0.300032
0.171852
-0.117689
0.755037
-0.414766
-0.017725
-0.110405
0.128523
0.084584
0.219825
-0.336544
-0.049837
0.128288
-0.029333
-0.157986
-0.097056
-0.190254
0.052586
-0.044256
-0.046734
-0.162997
-0.516150
-0.223832
0.009729
0.380662
0.099128
0.022412
-0.231178
0.124312
-0.422978
0.034150
0.269175
0.008704
-0.271404
-0.133379
0.009324
0.038437
-0.167186
-0.109312
-0.070188
-0.037910
-0.529647
-0.408782
0.023744
-0.256742
-0.345655
0.057949
-0.297599
-0.554718
-0.195866
-0.169207
0.184820
0.249296
0.102818
0.008621
-0.144869
-0.158055
-0.170270
0.128830
0.070111
0.187786
0.070956
-0.250984
-0.038125
-0.367917
-0.228421
-0.097540
0.006740
0.387727
-0.168391
-0.251355
0.008112
0.382555
-0.028854
-0.230178
0.234240
0.122068
-0.485770
-0.177023
-0.180465
-0.041457
0.174607
0.064033
0.144134
0.273180
-0.102112
-0.254796
0.252445
0.053686
-0.157929
0.055526
-0.051057
0.031975
-0.165507
0.050590
0.020313
0.219414
-0.002897
-0.100429
-0.145868
0.265965
0.038157
0.101847
0.236230
-0.215866
-0.104352
0.052854
0.031323
-0.106146
-0.124004
-0.524300
0.179131
0.013943
-0.141635
-0.200301
0.586906
0.317305
-0.332290
0.178358
0.215244
-0.127903
-0.339163
-0.108363
0.055371
-0.321983
-0.092757
-0.060035
0.026470
0.316913
-0.058435
-0.190394
0.205632
-0.299064
0.214945
0.057849
0.175050
-0.201977
-0.093562
-0.346815
0.292818
-0.072965
-0.060945
-0.066870
-0.013280
0.139510
0.312977
0.138203
-0.174956
0.002357
0.038799
-0.001669
0.461042
-0.119974
-0.192656
-0.289095
-0.307942
-0.303690
-0.039720
-0.445362
0.145691
0.043674
0.189129
-0.116999
-0.019622
0.128276
-0.026461
0.135828
-0.293152
0.105252
-0.289964
-0.248979
0.579166
0.149685
-0.024074
-0.062013
-0.204623
0.177994
0.191095
0.128742
-0.001554
0.167818
-0.243855
-0.244119
-0.072703
0.239347
-0.035292
-0.160239
-0.049175
-0.079151
0.044061
-0.220710
-0.450991
0.722904
0.005878
-0.312567
0.079001
0.107635
0.172501
0.074158
-0.060159
0.104092
0.047846
-0.098717
-0.178690
-0.059280
0.132762
0.083348
0.453691
-0.181604
0.127628
0.123345
0.084905
-0.174681
-0.023050
0.124810
-0.077687
-0.335932
-0.404622
0.060354
-0.184158
-0.096788
-0.014406
0.031825
0.177206
0.001750
0.130040
0.224764
-0.294571
-0.002313
-0.381172
-0.475445
-0.094484
-0.236255
-0.080414
0.273753
-0.333567
-0.188147
0.004532
0.086679
-0.381164
0.030029
-0.006244
-0.300307
0.047988
-0.165017
-0.227998
0.359634
0.241058
-0.080642
0.082946
0.537616
-0.139379
-0.278873
0.048488
-0.304295
-0.278930
-0.054714
0.182730
-0.201824
0.095089
0.059833
0.039165
0.471458
0.693962
-0.080939
-0.211870
0.075068
0.000013
-0.423378
-0.076430
-0.085978
-0.302718
0.081665
0.096676
-0.215757
0.088303
0.277041
0.338065
-0.058310
-0.330199
0.431388
0.018021
-0.124150
-0.038052
-0.548473
0.227684
0.147766
0.311031
-0.117670
0.102262
0.579969
0.822492
0.196754
0.149424
-0.060674
-0.282009
0.285503
-0.131179
-0.223288
-0.194433
0.107140
-0.098452
-0.429636
0.090447
0.242756
0.389588
0.477243
-0.162148
-0.191491
-0.335082
0.075152
0.389254
0.261363
-0.058253
0.153624
0.070809
0.006866
-0.144222
0.134615
-0.203894
0.139244
-0.251516
-0.191566
-0.198617
0.037614
0.107783
-0.156844
-0.248546
0.044824
0.244976
0.148289
-0.033785
0.373512
0.222731
0.187531
0.169211
-0.035820
-0.076198
0.069509
-0.366567
0.522053
-0.273382
-0.174948
0.027576
-0.104669
-0.067523
-0.023426
-0.142831
0.578282
-0.016846
0.499788
-0.041245
-0.254823
0.077275
0.313819
0.101490
0.050439
-0.196823
-0.087941
0.177639
-0.036953
0.148574
-0.056893
-0.006409
-0.210028
0.104410
-0.033707
0.239949
-0.476541
-0.011101
-0.417132
0.292574
0.149706
0.313224
-0.101466
0.003461
-0.153904
-0.108535
-0.220004
-0.319763
-0.565437
-0.136832
0.155072
0.069444
-0.515471
0.254703
-0.077027
0.190455
0.048846
-0.047025
0.180117
-0.118219
-0.019961
0.150399
-0.225697
-0.015990
-0.156165
-0.374172
0.238056
0.297002
-0.044706
0.085800
-0.166029
0.345359
0.249907
0.456580
0.051018
0.155924
-0.256258
0.285832
-0.388222
0.527332
-0.081062
0.183335
0.126317
-0.176975
-0.015395
0.263448
-0.066993
0.108534
0.118871
0.258075
0.338264
-0.261910
-0.172171
0.173853
0.129107
-0.267685
-0.135220
-0.070367
0.213486
-0.153624
-0.251856
0.067094
0.018696
-0.121290
-0.077220
0.081529
-0.283601
-0.053799
0.046129
0.070080
-0.223443
-0.126588
0.096835
-0.468812
0.113893
0.324094
-0.318682
0.459655
-0.029460
0.031442
-0.213854
0.258246
0.128437
0.182895
0.027888
0.139462
0.130026
0.116430
-0.614184
-0.341539
0.311356
-0.166140
-0.235547
-0.106830
0.060366
0.420727
0.283669
0.056301
-0.235572
0.043792
0.116788
-0.236033
-0.164747
0.215563
0.219013
0.087734
-0.222385
0.419392
0.064751
-0.229768
0.022541
0.322497
-0.247332
0.203949
-0.203956
-0.115481
0.198758
0.255422
-0.041679
-0.431155
-0.026610
0.250381
0.036956
-0.214369
0.069827
0.164892
0.433276
-0.377487
0.242858
0.101819
0.067647
-0.030585
-0.376151
-0.056250
-0.182079
0.292236
0.165655
0.406317
-0.063611
-0.020878
0.171133
0.185627
0.054385
-0.090045
-0.096781
0.188325
-0.540636
-0.378416
-0.019580
-0.106409
-0.011911
0.080884
-0.022771
0.466158
0.031651
-0.267634
-0.109370
-0.057212
0.265981
0.154795
0.212893
-0.004317
0.267872
-0.162879
-0.160264
-0.073601
0.035009
0.011606
-0.209994
-0.001328
-0.187066
0.043804
0.223734
-0.032776
-0.314097
0.080568
0.066811
0.345843
0.007701
-0.283584
-0.318731
-0.060566
-0.073560
0.372754
0.123099
0.022934
0.424474
0.046746
-0.009532
-0.052679
-0.564291
-0.009677
-0.059484
-0.017425
-0.038273
0.098232
-0.022189
-0.088853
-0.432359
0.747024
-0.334980
-0.039655
-0.336241
-0.266544
0.181394
0.348445
-0.182959
0.268487
0.006509
-0.144532
-0.252358
0.045231
0.661994
-0.487811
0.286791
-0.006880
-0.001840
0.050399
-0.304827
-0.175664
-0.132120
0.389470
0.320330
0.205205
-0.339795
0.208951
0.052043
-0.761516
-0.394053
-0.011366
0.245202
-0.192207
0.056559
0.276286
-0.071747
0.146345
-0.146542
-0.428398
-0.656487
0.256994
-0.324660
-0.077879
0.099585
-0.090012
0.448887
0.276984
0.027500
-0.134165
0.492474
-0.075386
-0.170568
-0.594495
-0.093804
-0.138035
0.012660
-0.051728
-0.323260
0.044996
-0.271943
0.215788
-0.074937
0.006247
-0.240061
0.326622
0.197169
-0.281296
-0.113096
-0.158167
-0.204908
-0.082174
0.376185
-0.643959
-0.070904
-0.521567
0.077584
-0.005496
0.006074
0.256622
-0.168028
-0.093383
0.293256
-0.105715
-0.183184
0.004100
-0.181612
0.368192
0.192461
-0.044199
-0.207779
0.290709
-0.136702
0.079538
0.135669
0.141348
-0.521680
0.422446
-0.559136
0.287823
0.243102
0.301712
0.019978
-0.000285
-0.241075
-0.292572
-0.046095
-0.168128
0.081668
0.402866
-0.018467
-0.358665
-0.078836
0.138568
0.149744
0.262452
0.157964
0.110859
-0.133079
-0.092532
-0.021041
-0.028462
-0.411517
0.225570
-0.323548
0.032449
-0.192831
-0.095981
-0.233709
-0.259638
0.143895
0.121615
0.196595
0.188278
0.206446
0.029841
-0.070030
-0.017860
-0.245071
0.355028
-0.243101
0.710036
-0.024064
0.092893
0.232833
-0.057932
-0.097078
-0.282326
-0.248984
0.158412
-0.160827
0.107566
0.165389
-0.083274
-0.158229
0.436815
-0.351521
-0.064433
0.168724
0.359686
0.273394
0.030112
-0.296766
-0.173955
-0.094998
-0.117878
-0.008381
-0.344433
0.105270
0.022509
0.163522
0.095082
-0.156876
-0.149853
0.072653
0.035637
-0.138524
-0.470275
-0.025749
-0.194160
-0.135808
-0.143803
0.109319
0.117822
0.412856
-0.109940
0.255550
0.528398
0.262641
-0.295687
-0.355821
0.315583
-0.188269
-0.441863
0.194646
0.043491
-0.242308
0.543082
-0.177823
-0.008852
0.077206
0.076119
0.066500
0.494191
-0.053554
-0.065691
0.169784
-0.155902
0.119018
0.097895
0.078243
-0.011451
0.218185
-0.374301
0.374289
0.092583
0.443556
-0.105028
0.430875
-0.180142
-0.031387
-0.164169
-0.255545
0.382577
0.009572
-0.282925
0.126911
0.482230
-0.124311
0.247865
0.343356
0.469668
-0.299547
-0.069195
-0.190652
-0.051297
-0.390239
-0.334686
0.133306
-0.088433
-0.080853
-0.034077
0.164504
0.238253
-0.343362
-0.051287
-0.106132
-0.003778
0.357638
0.076202
0.023649
-0.080435
0.556586
-0.012936
0.527366
0.036739
-0.187831
0.464599
-0.163080
0.077773
-0.194622
0.144401
-0.126681
-0.584234
0.453008
0.243177
-0.187417
-0.327546
-0.083379
0.040793
0.023314
0.003326
0.537842
-0.064252
0.079058
0.190192
0.055047
-0.119610
-0.066230
0.061589
-0.264153
0.115074
-0.050702
-0.265120
-0.029985
0.045077
0.304087
-0.072620
-0.359986
-0.001723
0.130980
0.246615
-0.085607
-0.146183
-0.236524
0.104035
-0.134419
0.368127
0.385430
0.122999
0.078810
0.114706
-0.185826
0.046385
0.108279
-0.170998
0.087635
-0.149363
-0.281714
0.183035
-0.201267
0.374771
-0.077894
0.109567
0.468845
0.563023
0.441764
0.107744
0.102997
0.538680
-0.221926
-0.090505
-0.094493
0.161336
-0.008012
-0.490755
-0.324041
0.422281
-0.190681
-0.028078
-0.034845
0.316788
0.136867
0.140737
0.049347
0.267713
0.311457
0.180424
-0.132785
-0.066683
-0.008937
-0.023700
-0.173396
-0.097567
0.044330
-0.077120
0.144678
0.123228
-0.060988
-0.410749
0.030294
0.031788
-0.193214
0.331746
0.001052
0.331672
-0.150884
-0.273277
0.367363
0.000397
0.061826
-0.466719
0.060220
0.200243
0.046414
-0.169208
0.062150
0.241838
0.175587
-0.042963
0.069736
0.185215
0.029902
0.295327
-0.272194
0.165364
-0.167502
0.371465
-0.150888
-0.151510
-0.127240
-0.233639
-0.158991
0.240307
-0.251593
-0.196591
0.308933
-0.389265
-0.384142
0.239436
0.044484
-0.189800
0.112279
0.199566
0.212916
0.100688
0.362407
-0.086510
0.318070
0.023355
-0.007462
-0.315436
0.229000
0.109744
-0.115819
-0.102694
-0.418285
-0.032728
-0.155108
-0.195776
0.074633
-0.106405
-0.004750
0.283695
0.903314
-0.316164
-0.469325
0.485442
0.066881
0.263109
0.067865
0.064008
-0.022392
0.224417
-0.301456
0.129655
0.320595
0.018985
-0.850623
0.126422
0.143644
-0.118568
-0.075530
0.399124
0.126589
-0.142605
0.100790
-0.065431
-0.127192
0.065467
0.200155
-0.055538
0.205957
-0.098069
-0.365588
0.076981
0.252395
-0.490351
0.376245
0.452050
-0.064596
0.082416
-0.003899
0.326533
0.569067
0.110227
-0.290153
0.190361
0.126732
0.182142
0.161196
-0.018586
0.094520
0.142275
-0.283388
-0.300407
0.017369
0.019477
-0.051842
-0.053502
-0.168413
-0.013517
-0.160575
0.175264
0.421911
-0.216539
-0.098122
-0.099629
-0.093316
0.119433
0.065839
-0.168138
0.013928
0.073682
0.242825
0.175713
-0.551131
0.339413
-0.001120
0.207288
0.353294
0.119667
0.136965
0.145834
-0.381143
0.039093
-0.179881
0.492527
0.094175
-0.138345
0.268789
-0.087480
0.166909
-0.201580
0.200017
-0.020701
-0.054846
-0.001137
-0.063228
-0.398192
-0.661290
0.533463
-0.038527
-0.162816
-0.162266
-0.481424
-0.163787
0.168662
0.316482
-0.111181
-0.180487
0.058499
-0.128937
0.616589
-0.584319
-0.086228
-0.005957
-0.185762
-0.060840
0.022652
0.105482
0.322254
-0.146205
0.016714
-0.218015
-0.126523
-0.511174
0.378367
0.073876
-0.180427
0.197074
-0.255982
-0.053674
-0.435019
-0.349262
-0.043893
0.014677
0.020006
0.286605
0.438523
-0.041290
-0.325651
-0.173196
0.109725
0.054633
0.037352
-0.112382
-0.342123
-0.150587
-0.046611
-0.286574
-0.011258
-0.133983
-0.392931
-0.199676
0.450014
0.034801
-0.183378
0.184333
-0.242948
-0.021195
-0.423949
0.165493
0.061348
-0.078385
-0.279166
-0.230794
0.019500
0.388396
0.172734
0.012203
0.227157
-0.063563
-0.006666
0.066295
0.034913
0.099437
0.131332
0.034728
0.157722
0.372086
-0.330973
0.255547
0.209662
-0.308641
-0.489530
0.078840
0.167325
0.308759
-0.140566
-0.187763
-0.158492
0.135384
-0.391356
0.092035
0.220095
-0.125362
0.201732
-0.044377
-0.249040
-0.290944
0.075427
0.301032
-0.208834
0.171278
-0.200867
-0.423940
-0.186815
0.447599
0.318815
0.003947
-0.195721
0.036021
0.024196
-0.344891
0.113206
-0.222193
0.581210
0.077964
0.269162
-0.011225
-0.115396
0.006856
0.359115
-0.061215
0.542301
0.054056
-0.025554
0.009375
0.147281
-0.273707
-0.054174
-0.146105
-0.057757
0.210371
0.056281
0.083199
0.482298
0.083859
0.326386
-0.048546
0.164589
-0.059957
-0.138298
0.502319
-0.174211
0.464369
0.105868
0.126458
-0.161081
-0.289663
-0.147911
-0.420273
0.555893
-0.155495
-0.048546
0.408804
0.235938
-0.188303
-0.190120
0.362041
-0.096700
-0.155940
-0.070774
-0.394013
0.237611
0.074210
0.418953
0.270993
-0.215579
-0.154022
0.242570
-0.344731
-0.262693
0.098904
0.021787
0.130882
0.438573
0.435217
-0.371320
-0.048849
-0.204751
0.213089
-0.086449
-0.013076
-0.206223
0.172137
0.345107
0.098978
-0.055055
-0.196874
-0.033156
0.116247
-0.127906
-0.037498
-0.485348
0.153370
-0.085435
0.315112
0.135735
0.218339
0.070261
-0.280376
-0.699417
-0.152756
-0.065732
-0.050171
-0.024760
0.542307
-0.120935
-0.134513
-0.634234
0.206754
-0.116174
0.072086
0.312546
0.188040
-0.445518
0.243551
0.126570
-0.111896
-0.046069
-0.324292
0.265297
-0.239697
-0.464050
0.009778
0.362942
0.280792
-0.177793
0.186646
-0.065589
-0.009533
0.357557
-0.221880
-0.049249
-0.093807
-0.125527
-0.202990
0.227856
-0.496718
-0.386299
-0.200416
0.092706
0.240167
-0.200298
0.144738
-0.138384
-0.240158
0.133414
-0.345328
0.320289
-0.361816
-0.424190
-0.206211
-0.672033
0.208499
-0.068486
-0.000438
-0.112125
-0.130767
-0.023841
-0.155390
0.352896
0.141195
-0.103554
0.057272
0.053425
-0.083872
0.142234
-0.043343
0.288994
0.418884
0.066589
-0.474925
-0.151008
0.301302
0.165303
0.192691
0.099526
-0.078997
-0.095866
0.173490
0.193229
0.016148
0.459743
0.145849
0.148417
0.147266
-0.135430
-0.061046
0.436306
-0.296720
-0.381632
0.082106
-0.014476
-0.062184
0.188286
-0.291823
-0.024013
-0.298435
-0.410128
-0.214295
0.000875
-0.150709
-0.047683
0.084725
-0.120380
0.292473
0.019134
-0.446847
-0.388683
-0.395945
0.117978
0.343759
0.008422
0.140703
-0.208534
0.334527
0.168011
0.386077
-0.135735
-0.130232
-0.048284
-0.008872
0.501273
0.224954
-0.259186
-0.064950
0.302291
-0.050966
0.323039
-0.252643
0.350548
0.370214
-0.004683
-0.078474
0.252993
-0.255056
0.152385
-0.302265
-0.060254
-0.051159
-0.316196
0.343863
-0.097419
-0.667325
0.310176
-0.227149
-0.319270
0.124944
0.318117
-0.464214
-0.269621
-0.285800
-0.403063
0.174398
0.355796
0.044168
-0.066323
-0.187066
-0.000581
-0.517615
-0.125259
-0.298079
0.141874
-0.353515
0.657828
-0.359290
0.310076
0.063283
-0.157487
-0.141869
-0.124799
0.113992
-0.239337
0.070833
0.280288
0.070000
-0.368105
-0.209167
-0.001300
-0.045709
-0.193068
0.331918
0.001521
0.087737
-0.497299
0.063084
0.108260
0.151127
0.164385
0.163513
0.077673
-0.310257
-0.089943
0.507692
0.084127
-0.110258
0.133034
0.080771
0.099853
-0.179041
0.163550
-0.063125
-0.231284
-0.176759
0.004226
-0.887265
-0.031489
0.109017
-0.084057
0.288127
-0.298847
0.203774
-0.023288
0.092693
-0.166278
-0.126352
0.020465
-0.128006
-0.015306
-0.495352
-0.303222
-0.238237
-0.024934
-0.320934
-0.074559
0.168726
0.708964
-0.013294
0.114517
-0.240710
-0.273189
0.039707
0.057346
0.188270
0.172294
-0.241041
0.367641
0.483753
-0.059994
-0.024950
0.101783
-0.227987
0.339031
-0.130708
0.120401
-0.295164
-0.255476
-0.190052
-0.016005
0.036455
-0.075018
-0.123647
0.253757
-0.227733
0.009003
-0.166378
0.012568
-0.161145
-0.022392
0.335523
0.138168
-0.035551
-0.375777
0.231082
0.040135
0.441477
0.134873
0.141172
-0.356504
-0.058028
-0.166823
0.196046
0.013279
0.004909
-0.140876
-0.524619
0.157238
-0.327266
0.046915
-0.142944
-0.026962
-0.284341
0.024920
-0.439410
0.228063
-0.218866
-0.071151
-0.107334
-0.159082
-0.011533
0.050630
0.010371
0.047385
-0.467941
0.022434
0.146833
0.352196
-0.070551
-0.078158
0.018122
-0.159926
0.169861
0.126110
-0.145365
0.221703
-0.004212
-0.058140
-0.068910
-0.518439
-0.119265
-0.179395
-0.185491
-0.169274
0.232425
0.033663
0.100867
0.070215
-0.062139
-0.544225
-0.203387
-0.071756
0.119083
0.029374
-0.206085
0.197530
-0.172978
-0.242709
-0.211624
-0.084181
-0.329295
-0.062826
-0.002980
0.101490
0.411841
0.053761
0.186960
0.268598
0.366814
0.299328
-0.151016
0.079462
-0.029115
0.126921
0.160557
-0.047299
0.600026
-0.069724
0.391342
-0.107983
0.075533
0.041379
-0.271883
0.219634
0.361828
-0.300197
-0.192004
-0.080720
-0.226557
-0.322637
-0.064569
0.160951
0.338986
-0.482609
-0.317683
-0.165123
-0.179849
0.244302
0.162112
-0.118531
0.133650
0.012017
-0.090898
-0.381457
-0.045014
0.100675
0.147289
0.290618
-0.106140
0.049284
0.024085
0.092600
-0.060318
0.170664
0.062912
0.127137
0.147921
-0.121974
0.147527
-0.107191
0.091543
-0.215213
0.463757
-0.010951
0.443401
0.404366
0.221521
-0.116861
-0.156492
-0.045128
0.202912
-0.311104
0.111786
0.285173
-0.030368
-0.292810
-0.148032
-0.118312
-0.183377
0.261750
0.420044
-0.030369
-0.106644
-0.398166
0.092460
0.129823
0.275612
0.646705
0.000901
0.304842
0.256094
-0.093992
-0.103586
-0.253596
-0.335173
0.286302
0.123997
0.049333
-0.208067
0.344650
-0.109082
0.046237
0.448228
0.089982
0.321298
-0.447838
0.041205
0.037421
0.099333
0.028577
0.249445
0.052486
-0.119027
0.059801
0.142582
0.392489
0.017295
-0.418354
-0.283008
0.181423
-0.269369
0.282715
-0.146078
-0.263187
0.406676
-0.219430
0.022490
-0.452015
0.061201
0.151016
-0.220834
0.052850
-0.392945
-0.131892
0.147273
-0.025052
0.134658
0.057174
-0.077056
-0.245164
0.204287
0.298222
0.227723
0.109511
-0.326931
0.318484
-0.135291
-0.097255
-0.032008
0.005500
0.132001
0.206254
0.113418
0.688104
0.307788
0.084567
0.013267
-0.057811
-0.430763
-0.172878
0.301108
0.307841
-0.245754
0.208003
0.064157
-0.321130
0.021970
0.104156
0.222557
0.370066
-0.702974
0.311287
-0.320772
0.124754
-0.620269
0.006227
-0.199638
0.119805
-0.330002
-0.066813
-0.031040
0.112974
-0.254058
0.235735
0.531830
0.196176
0.215223
0.366097
0.364712
0.114244
0.237475
0.341003
0.182160
0.277920
0.021095
0.106180
-0.138269
0.081960
-0.139533
0.127134
0.023266
-0.367080
0.242208
0.221820
0.116648
0.206181
-0.207361
0.127793
-0.317503
-0.277001
-0.321199
0.167615
0.036542
0.421871
0.054856
0.493834
0.314765
0.176894
-0.232994
-0.422777
-0.234436
0.171510
0.266587
-0.198641
0.466020
-0.033453
-0.317971
0.166120
-0.290622
-0.221050
-0.657536
0.048401
-0.036135
0.324076
0.341823
0.413954
-0.239428
-0.515222
0.050176
-0.058358
-0.182279
-0.143673
-0.365761
-0.252375
0.079419
0.250423
-0.000141
0.022847
0.019954
-0.137994
0.272601
0.276219
-0.448670
0.078867
-0.291740
-0.271778
-0.163289
-0.230040
0.366095
-0.532720
-0.112335
-0.127471
-0.209540
0.107336
0.128923
0.095980
-0.003956
0.120929
-0.041668
-0.161137
0.021758
-0.194433
0.009821
0.135963
0.082487
0.249176
0.056215
0.007995
0.069973
-0.018352
-0.420720
0.213650
0.032181
-0.540128
0.008290
0.016476
-0.188021
0.082510
-0.022457
-0.054489
-0.265052
0.278694
0.216263
0.010264
0.146151
0.084160
0.023492
0.295257
-0.325612
-0.214685
-0.142527
-0.038869
-0.084765
-0.268144
-0.057800
-0.300286
0.120811
-0.251642
0.338263
0.006360
-0.420950
0.057896
0.224945
0.162230
0.377595
0.579756
0.231825
0.067649
-0.056835
0.375141
0.064856
-0.125924
-0.107556
0.366122
0.111226
-0.089695
-0.662660
0.531765
0.163534
0.115749
-0.179472
-0.124895
-0.033899
-0.026840
0.175009
0.109309
0.292064
-0.065972
-0.048192
-0.145910
0.049630
0.022701
-0.321267
0.121379
-0.007704
0.161811
0.190791
0.098649
-0.111624
0.237355
-0.110215
-0.129490
0.137550
0.477731
0.013854
-0.005004
-0.053166
-0.248754
0.166781
-0.010138
0.024373
-0.208080
0.031564
0.132550
-0.396602
-0.132835
-0.044881
0.100529
0.309021
-0.173771
-0.244364
0.121090
-0.099843
0.677595
-0.025168
-0.056486
0.156021
0.147208
0.093544
-0.337627
-0.042078
0.331291
-0.112907
-0.411602
0.598376
0.286277
-0.513136
0.060836
-0.362987
0.224616
-0.122990
0.189510
-0.128604
-0.153513
-0.121134
0.342278
0.320986
0.509667
-0.179509
0.332984
0.144153
0.215390
-0.044739
-0.100279
0.448982
-0.376053
0.272438
0.097183
0.004607
0.063061
0.160777
0.294661
0.048760
0.335691
-0.004222
0.078197
-0.132752
0.117779
0.021469
0.108611
-0.302042
0.130084
0.294761
0.141955
0.118080
0.073184
-0.006501
0.056905
0.594569
0.251193
0.093763
0.084605
0.184390
-0.443907
0.104946
-0.050409
-0.111984
0.098684
-0.247237
-0.112710
-0.265822
-0.137408
-0.539206
0.325565
0.315268
-0.093832
-0.183221
-0.293387
-0.020995
0.458729
0.294802
0.014944
-0.106395
0.295433
0.363978
-0.080058
0.050003
0.127605
0.079271
-0.158521
-0.463544
0.088419
0.008680
0.347267
0.156489
-0.055224
-0.112926
-0.261177
-0.018315
0.020046
-0.277083
-0.164727
-0.172831
-0.133425
0.334970
0.027882
0.145928
0.031139
0.053987
0.117087
-0.056508
-0.088838
0.136501
0.123825
0.394650
-0.137576
0.374055
0.069948
-0.036508
-0.419628
0.585463
0.339532
0.378851
-0.034414
0.471375
-0.125153
-0.059668
-0.083617
-0.320154
-0.055538
0.146383
-0.005484
0.062625
-0.161640
0.074017
0.121612
0.394235
-0.055211
0.497881
-0.360317
-0.077783
0.406543
-0.306300
0.191472
0.074918
0.024236
0.025165
-0.351311
0.022820
-0.040392
0.198999
0.244364
-0.179684
-0.138803
-0.102119
-0.031128
0.141103
-0.303432
0.154110
-0.331319
-0.103375
0.108381
0.000360
-0.168058
-0.206511
0.093957
0.351113
-0.483534
0.256272
-0.184585
-0.054086
0.229379
0.161609
0.314382
-0.278442
0.392590
-0.142443
0.585695
0.199842
-0.381348
-0.443262
-0.427160
-0.082390
0.277251
0.228917
0.467296
0.332839
0.029206
0.066301
-0.084547
0.195317
0.096237
-0.115415
-0.029228
0.100228
-0.038969
-0.401082
-0.006358
-0.097624
-0.306431
0.060123
0.473444
-0.332742
0.073993
-0.160667
0.102869
0.152169
0.257835
-0.003979
-0.440904
-0.013729
-0.064420
-0.005717
-0.100077
0.016016
-0.272390
0.076673
-0.162216
0.113453
-0.060071
0.024949
0.388743
0.179285
0.004907
0.239792
0.160497
-0.110822
-0.012789
0.335538
-0.181240
-0.044033
0.089940
0.254876
-0.232121
0.096566
-0.184607
0.030495
0.168932
0.145160
0.073822
-0.075244
0.156406
-0.256626
0.296805
-0.119871
0.004627
0.164705
0.374203
-0.126620
0.078700
0.032057
0.167718
0.138935
-0.319156
0.201230
0.226192
-0.149909
-0.022157
-0.279790
0.317448
-0.153940
0.051270
-0.142028
0.008689
0.202249
0.082359
0.243186
-0.782159
0.108724
0.348960
0.251303
0.042068
0.417488
0.150899
-0.212399
-0.129179
0.011344
-0.073424
-0.008801
0.238338
0.203157
-0.393950
-0.206781
0.199665
-0.187785
0.475357
-0.077210
0.027349
-0.021362
-0.469764
-0.273678
-0.253501
0.454015
-0.048210
0.516769
-0.049890
0.021332
0.157495
-0.370813
-0.056477
-0.134656
-0.194886
-0.142515
-0.055321
0.481078
0.236860
0.272311
0.365872
0.021481
0.415685
0.059451
0.022420
0.114562
-0.145660
-0.149565
-0.330499
-0.162200
-0.065945
0.044402
0.146123
0.068216
-0.369659
-0.348141
-0.031210
0.105338
0.397130
-0.102839
0.364030
0.237044
-0.315825
0.079611
-0.132487
0.027494
-0.000029
-0.193322
0.133053
-0.197985
0.042052
-0.109293
-0.189695
0.080284
0.228427
0.007169
0.049863
0.252835
0.199901
0.034220
-0.073106
0.383275
0.025449
-0.354381
0.386902
-0.043634
0.330202
0.088383
-0.161746
-0.050549
0.012148
-0.375461
0.104303
0.361197
0.181253
-0.031048
-0.028145
0.225665
-0.144687
-0.509844
-0.229273
0.055321
0.163766
0.191234
0.243997
0.134352
0.070740
-0.340730
0.174681
0.074608
-0.116126
0.364121
0.164437
-0.023238
0.072050
-0.214268
-0.079616
-0.507253
0.372982
-0.249795
0.069835
0.102174
0.180047
0.147498
-0.304920
-0.108998
0.026460
0.003861
0.313796
-0.298323
-0.067140
-0.178851
0.231908
0.133272
0.262150
0.204310
-0.315585
-0.050596
-0.087164
0.115783
-0.215239
-0.060544
0.384868
-0.196656
0.072019
0.150906
-0.020505
-0.117255
0.108985
0.147428
-0.006755
-0.198502
0.163864
0.318405
-0.023644
0.360984
0.139142
0.241948
-0.142519
0.146347
0.100195
-0.373791
0.004675
0.254735
0.413682
-0.200963
-0.077947
0.214765
-0.122396
0.056792
0.038910
-0.004166
0.138647
-0.019101
0.494269
0.007424
-0.209783
0.131714
0.180192
-0.239995
-0.018637
0.004039
0.113882
0.111734
-0.054757
0.081407
0.070676
-0.098945
-0.382381
0.206831
0.082161
-0.392386
-0.167652
0.006110
0.071674
-0.132635
-0.220621
-0.022201
-0.131921
0.114201
-0.163921
0.050379
0.317347
0.386850
0.029501
0.140746
0.118239
0.219804
0.023351
0.132192
0.270118
-0.064619
0.131433
0.039839
0.152138
0.251231
-0.045184
-0.173908
-0.242528
-0.131546
0.085114
0.091912
0.248085
-0.161940
-0.002710
-0.017525
0.109728
-0.000182
0.178968
-0.076129
-0.065964
-0.235798
0.083974
-0.075883
0.099358
0.014588
0.282858
-0.319095
-0.172311
-0.175448
0.462034
0.027731
-0.151781
-0.016183
-0.275521
0.315037
0.089182
0.066797
0.026031
0.346860
-0.208522
0.350329
-0.350477
-0.119627
0.051053
-0.031864
-0.094317
0.070941
0.047352
0.273212
0.103854
-0.166653
0.277557
0.355007
-0.229074
0.206441
-0.165149
0.289456
-0.039007
-0.254345
0.094362
-0.538594
0.056618
-0.145232
-0.070328
-0.105732
-0.202206
-0.092284
0.210596
-0.346445
0.075004
0.283046
-0.577699
0.294645
0.352100
-0.450538
-0.248262
-0.147852
-0.101704
-0.059788
0.197225
0.214389
0.016476
0.210236
0.064863
-0.079331
0.114169
-0.009370
-0.166212
0.245029
-0.119569
-0.367226
-0.050841
0.092573
-0.228884
0.085841
-0.120204
0.346182
0.132581
-0.145725
-0.127824
-0.006778
-0.265242
-0.130252
-0.205022
-0.108490
-0.228246
0.040447
-0.113192
-0.039218
0.012249
-0.074030
0.466109
-0.006637
0.140358
-0.586874
0.245213
0.069000
-0.077082
-0.091703
-0.431370
0.004905
0.095939
-0.025809
-0.283099
0.052948
0.319684
0.201082
0.231949
-0.182176
-0.004690
-0.150111
0.204508
-0.138587
0.321334
0.195161
-0.116671
-0.257148
-0.627861
-0.031761
0.149905
0.328367
0.152597
0.186805
-0.368697
-0.189307
-0.052904
0.075091
-0.257282
-0.197826
-0.148926
0.169275
-0.130342
0.543004
0.108128
-0.110573
0.090910
-0.133732
-0.518294
0.083677
0.460682
-0.150146
0.225579
-0.113898
-0.138311
0.267260
0.151181
-0.081109
-0.226216
0.220298
-0.021315
0.195922
0.156984
0.087279
0.123609
-0.254482
0.556844
0.558268
-0.290699
-0.133212
-0.098834
0.033522
0.400498
-0.190255
0.100170
0.066431
0.183094
-0.130091
-0.241050
-0.054178
-0.003075
-0.486643
-0.105892
0.182954
-0.045358
-0.134091
0.173270
-0.416079
0.057318
0.275231
0.221070
-0.296487
-0.039269
0.340607
-0.284353
-0.277919
-0.117493
-0.096161
0.102339
-0.079452
0.104377
-0.101187
-0.175138
0.411570
0.402928
0.075848
0.231343
-0.092514
-0.470079
0.342836
0.046305
-0.158824
-0.146628
-0.269586
0.214583
0.009312
0.279105
0.023709
-0.035357
-0.579088
0.257185
-0.014152
-0.392596
-0.038145
0.038989
0.234204
-0.217905
-0.052572
-0.180498
-0.035626
0.100196
-0.046537
0.177473
0.150554
0.578665
-0.341627
0.240427
-0.027775
-0.214195
0.076160
-0.156289
-0.044227
-0.310990
-0.085785
-0.057671
0.318169
0.237961
-0.169117
0.381088
-0.525350
-0.088845
0.351938
-0.228755
-0.163547
0.238926
-0.006329
-0.424078
-0.032659
0.177686
0.148610
0.212494
-0.128897
-0.257287
0.278262
-0.058737
0.087897
0.168759
-0.603590
0.050166
0.134566
-0.349702
-0.083299
0.148490
-0.360086
0.262663
-0.109752
-0.258574
-0.219150
-0.211188
0.223434
-0.149825
0.082479
-0.058140
-0.164830
0.072648
0.138554
0.276942
0.249662
-0.007567
0.233254
0.126044
-0.540224
0.381622
-0.266476
0.320562
-0.164864
-0.138027
0.129069
-0.176849
0.115233
-0.047602
-0.185656
-0.401195
0.395612
0.354436
0.376762
-0.177620
0.267993
-0.023899
0.389908
0.024574
0.311462
0.144115
0.063683
0.082744
-0.361657
0.033847
0.047075
0.053220
0.085795
0.061535
0.037302
0.109625
0.045963
0.044132
0.045674
0.056534
0.048312
0.065284
0.029769
0.055283
0.026744
0.044645
0.055963
0.051504
0.051365
0.025368
0.052022
0.098948
0.059658
0.030911
0.026379
0.035709
0.055431
0.031343
0.062198
0.057187
0.066852
0.054311
0.061673
0.051516
0.051333
0.045981
0.054734
0.046413
0.056939
0.039122
0.043228
0.033468
0.043580
0.050982
0.033503
0.052061
0.070373
0.047342
0.084844
0.063001
0.047346
0.027930
0.050637
0.047939
0.036515
0.052494
0.030053
0.045311
0.049464
0.033749
0.058626
0.041692
0.036808
0.054789
0.053466
0.070525
0.031606
0.070093
0.033351
0.055017
0.047892
0.039194
0.066680
0.057678
0.035938
0.039512
0.039808
0.033741
0.060818
0.035902
0.043349
0.040993
0.058847
0.086358
0.028552
0.038454
0.039805
0.061925
0.024252
0.049013
0.045409
0.026362
0.030494
0.064826
0.071509
0.059745
0.030815
0.026916
0.046367
0.025877
0.057759
0.032372
0.053710
0.046454
0.029543
0.061224
0.045311
0.029021
0.039648
0.027931
0.024156
0.064442
0.049538
0.055098
0.032540
0.069890
0.056388
0.063149
0.040759
0.045156
0.056094
0.046139
0.032472
0.060324
0.059630
0.070832
0.043135
0.041268
0.037680
0.044014
0.036159
0.036958
0.052359
0.034649
0.052649
0.050151
0.046510
0.060985
0.042981
0.060950
0.053927
0.072450
0.059308
0.051404
0.031128
0.035189
0.038684
0.038089
0.068135
0.101700
0.064917
0.041131
0.061766
0.068953
0.026848
0.061485
0.045535
0.032769
0.044373
0.053826
0.036353
0.047772
0.118524
0.063238
0.076743
0.072857
0.054666
0.075698
0.036815
0.042986
0.032491
0.039063
0.056698
0.051325
0.052874
0.050834
0.061518
0.067423
0.031775
0.051129
0.054618
0.053086
0.052060
0.056207
0.077147
0.050157
0.075864
0.053000
0.043010
0.045529
0.055085
0.067863
0.047247
0.040182
0.042333
0.049341
0.034233
0.075200
0.051173
0.051670
0.049586
0.054547
0.061599
0.070188
0.124853
0.036473
0.053846
0.025170
0.072435
0.095926
0.098218
0.032433
0.051300
0.042814
0.056802
0.033891
0.042290
0.037474
0.093745
0.036429
0.048633
0.059151
0.047108
0.085708
0.089247
0.051287
0.053971
0.030220
0.047144
0.097664
0.040448
0.035518
0.058975
0.064879
0.038399
0.133876
0.045737
0.064530
0.025170
0.066643
0.034657
0.056529
0.059645
0.070682
0.093258
0.035888
0.049357
0.046247
0.072818
0.052978
0.035430
0.060628
0.042946
0.075419
0.085273
0.043989
0.034048
0.041971
0.025860
0.047624
0.064841
0.045756
0.066819
0.054902
0.025523
0.042581
0.035864
0.050381
0.041176
0.092297
0.043038
0.037834
0.037094
0.034234
0.047215
0.029459
0.056818
0.058041
0.028739
0.051929
0.054343
0.062280
0.036093
0.072472
0.045829
0.068157
0.062452
0.068091
0.036200
0.042988
0.046364
0.131975
0.037972
0.062098
0.057561
0.028465
0.049893
0.066296
0.043881
0.057685
0.046523
0.032685
0.069460
0.044555
0.057188
0.076730
0.046197
0.047765
0.040704
0.025551
0.054477
0.080714
0.050242
0.030208
0.052761
0.047525
0.064134
0.058594
0.099608
0.053855
0.027020
0.046068
0.052606
0.034560
0.043302
0.090279
0.041678
0.045121
0.069799
0.039873
0.050817
0.025323
0.037505
0.033586
0.060766
0.068565
0.076717
0.044186
0.056972
0.057858
0.041532
0.065377
0.058321
0.048190
0.046887
0.046274
0.066147
0.061969
0.048500
0.064448
0.046956
0.058172
0.068317
0.042238
0.076080
0.071476
0.052634
0.038059
0.053083
0.073380
0.063475
0.057407
0.085109
0.078686
0.048520
0.051253
0.056227
0.039833
0.058064
0.039528
0.064569
0.027024
0.019812
0.038426
0.094525
0.035154
0.050728
0.045618
0.055361
0.047956
0.055231
0.039221
0.032225
0.048996
0.058035
0.042060
0.046605
0.058057
0.074880
0.067740
0.048229
0.057888
0.051709
0.033011
0.067246
0.041853
0.045016
0.082301
0.066901
0.050064
0.037596
0.080016
0.052877
0.055276
0.066847
0.035417
0.061008
0.060534
0.046001
0.037314
0.086269
0.060206
0.042901
0.035490
0.066313
0.052824
0.041883
0.047535
0.030732
0.048015
0.044617
0.074040
0.031266
0.059253
0.048403
0.054577
0.072955
0.040723
0.039659
0.048675
0.045428
0.057169
0.074410
0.048056
0.061035
0.070273
0.071144
0.033473
0.068114
0.044008
0.054925
0.067859
0.048680
0.040884
0.049080
0.052272
0.045388
0.066755
0.075228
0.060315
0.083940
0.056657
0.031572
0.059091
0.052926
0.052717
0.048715
0.036374
0.057873
0.041528
0.032611
0.063406
0.063756
0.031513
0.045966
0.048211
0.052045
0.037921
0.043799
0.054522
0.047311
0.051387
0.046536
0.060533
0.041235
0.025868
0.046911
0.055706
0.061111
0.054030
0.035492
0.047342
0.051533
0.094191
0.071040
0.072612
0.141646
0.047697
0.110852
0.025832
0.055584
0.084999
0.045133
0.062724
0.043862
0.063896
0.060989
0.067504
0.054609
0.037177
0.054992
0.068954
0.044040
0.060580
0.059066
0.066035
0.066903
0.080427
0.046091
0.032458
0.028130
0.024353
0.040513
0.040676
0.060869
0.069289
0.044009
0.091127
0.045365
0.058455
0.075283
0.057042
0.027112
0.040635
0.045882
0.054070
0.037970
0.026770
0.035706
0.047207
0.035138
0.054609
0.064878
0.059438
0.043936
0.039125
0.044033
0.024495
0.044610
0.033825
0.049078
0.046097
0.059444
0.056373
0.046062
0.059597
0.042951
0.086433
0.081449
0.038748
0.047206
0.039919
0.074203
0.052705
0.049563
0.064682
0.049190
0.056607
0.084030
0.028133
0.046855
0.038909
0.045097
0.036272
0.050047
0.044390
0.047801
0.054909
0.046955
0.050485
0.044887
0.065554
0.078544
0.051370
0.051418
0.033900
0.034983
0.063803
0.045902
0.034653
0.035533
0.092043
0.037358
0.056670
0.033427
0.029464
0.032356
0.034163
0.058701
0.034186
0.036161
0.029759
0.046281
0.039488
0.047852
0.054103
0.032131
0.079413
0.054012
0.066043
0.036730
0.038095
0.058013
0.042861
0.038525
0.069877
0.045608
0.061140
0.044886
0.048633
0.049549
0.051751
0.050906
0.036936
0.060107
0.049314
0.070096
0.048031
0.031336
0.067113
0.060446
0.085683
0.073703
0.038507
0.060748
0.039274
0.061520
0.032798
0.091289
0.094106
0.053860
0.047841
0.049882
0.045092
0.040485
0.053116
0.061987
0.045869
0.050906
0.031824
0.032320
0.075725
0.041808
0.086228
0.043826
0.039067
0.057749
0.045146
0.054987
0.027021
0.039079
0.061538
0.040392
0.075827
0.061825
0.078988
0.055138
0.037385
0.037713
0.072045
0.051251
0.046079
0.039323
0.044600
0.042174
0.044716
0.037966
0.050983
0.048819
0.048725
0.049363
0.040761
0.052199
0.050381
0.065764
0.033722
0.068648
0.051559
0.054956
0.046880
0.045095
0.074046
0.045235
0.068523
0.056846
0.076197
0.037366
0.053710
0.049427
0.024863
0.062153
0.045142
0.053190
0.029511
0.028480
0.104077
0.062001
0.104264
0.062316
0.070182
0.029096
0.074390
0.047483
0.047378
0.041912
0.030610
0.079881
0.048871
0.042246
0.038280
0.038792
0.060535
0.108966
0.043775
0.071130
0.110596
0.059752
0.056363
0.050563
0.044463
0.035897
0.037106
0.058343
0.097860
0.049056
0.040765
0.041019
0.047253
0.037563
0.052270
0.021518
0.070134
0.029512
0.023578
0.033888
0.045781
0.042187
0.048388
0.063358
0.071232
0.086837
0.041866
0.021446
0.069465
0.043793
0.032541
0.043738
0.054805
0.068273
0.057842
0.046886
0.080563
0.073303
0.053771
0.032802
0.036740
0.073183
0.043368
0.041813
0.029631
0.061608
0.046852
0.056806
0.056657
0.056079
0.065235
0.035390
0.043478
0.042647
0.045998
0.041345
0.055633
0.053019
0.041467
0.043983
0.039250
0.054064
0.061336
0.032541
0.036319
0.052560
0.030688
0.054576
0.041838
0.088294
0.089934
0.059604
0.041990
0.050983
0.112893
0.047874
0.055391
0.026696
0.085703
0.034256
0.062016
0.049624
0.057850
0.056175
0.024072
0.064311
0.046035
0.072632
0.047625
0.044606
0.053008
0.036319
0.045692
0.067905
0.101589
0.052387
0.029298
0.033449
0.066933
0.053065
0.074841
0.029009
0.062626
0.054914
0.058683
0.060881
0.138243
0.040110
0.052375
0.077340
0.039129
0.067727
0.058180
0.042100
0.036192
0.049960
0.081985
0.031680
0.033692
0.093448
0.037925
0.074661
0.057881
0.035716
0.046057
0.039704
0.083834
0.048066
0.046379
0.056548
0.041344
0.045780
0.041341
0.039993
0.053947
0.041073
0.079503
0.038496
0.041853
0.045396
0.035420
0.055211
0.038847
0.048143
0.073486
0.056204
0.041827
0.035993
0.092552
0.071899
0.048473
0.048418
0.030719
0.048580
0.083139
0.048966
0.050497
0.035576
0.101264
0.042718
0.034746
0.047435
0.080050
0.034115
0.053816
0.055692
0.036995
0.051762
0.037852
0.043900
0.039481
0.073712
0.046122
0.039036
0.037167
0.070481
0.055332
0.046451
0.044611
0.056836
0.066309
0.040411
0.028122
0.051822
0.057492
0.056493
0.034087
0.041921
0.076158
0.039975
0.062885
0.038999
0.095304
0.063099
0.040344
0.040891
0.056406
0.057413
0.044436
0.066721
0.080085
0.083982
0.071526
0.069395
0.034859
0.055834
0.034671
0.047519
0.036244
0.024476
0.071670
0.047326
0.064777
0.028021
0.036865
0.086763
0.035219
0.052971
0.051895
0.038425
0.077334
0.073692
0.032270
0.057594
0.056269
0.059372
0.040343
0.024427
0.032855
0.048404
0.051027
0.039402
0.032851
0.034261
0.056214
0.039022
0.037967
0.028093
0.065332
0.083698
0.048004
0.046093
0.053823
0.054267
0.063288
0.067753
0.061453
0.070301
0.032865
0.026189
0.084371
0.052250
0.072402
0.072689
0.087262
0.058647
0.045505
0.060470
0.062362
0.034311
0.047615
0.040654
0.027327
0.035967
0.017408
0.066030
0.053335
0.044796
0.054924
0.039615
0.074239
0.061179
0.033360
0.035231
0.053942
0.034987
0.060513
0.051597
0.079086
0.054899
0.031117
0.055077
0.065089
0.111892
0.033617
0.028146
0.113319
0.049263
0.069794
0.053874
0.052661
0.043019
0.029256
0.047852
0.054046
0.047531
0.032145
0.055423
0.050435
0.060275
0.041775
0.079382
0.045179
0.044598
0.048830
0.054846
0.036319
0.045594
0.057282
0.053810
0.097047
0.079940
0.066492
0.062863
0.058253
0.099281
0.075737
0.060451
0.036190
0.038253
0.035622
0.044301
0.081749
0.044453
0.067865
0.047873
0.026923
0.053566
0.062744
0.074959
0.052057
0.068359
0.041834
0.032598
0.077912
0.039795
0.031589
0.032356
0.040754
0.033224
0.044096
0.061645
0.054915
0.031544
0.043646
0.038086
0.074413
0.062286
0.048287
0.054033
0.062655
0.032561
0.039997
0.034524
0.064382
0.061659
0.056351
0.065457
0.084830
0.036481
0.021135
0.040611
0.041445
0.052260
0.043208
0.052382
0.040717
0.053985
0.090942
0.036672
0.066669
0.045048
0.061794
0.048912
0.065615
0.047169
0.038583
0.065735
0.049440
0.054060
0.035427
0.026024
0.051387
0.054335
0.050597
0.034920
0.053504
0.046962
0.062891
0.023460
0.032127
0.045828
0.070535
0.054082
0.091312
0.032408
0.045509
0.052513
0.043155
0.040521
0.024442
0.077318
0.061539
0.039116
0.051156
0.055564
0.045540
0.034307
0.036973
0.031094
0.045779
0.037996
0.105531
0.054441
0.080504
0.045642
0.046153
0.026432
0.052567
0.039812
0.040303
0.097099
0.044501
0.062752
0.037646
0.065338
0.061144
0.049823
0.049996
0.055773
0.031452
0.059524
0.029528
0.059703
0.054660
0.065877
0.083547
0.059537
0.057349
0.038572
0.051397
0.067444
0.021759
0.073835
0.059838
0.051680
0.048046
0.077313
0.056244
0.069847
0.051048
0.065779
0.042653
0.069832
0.074150
0.051809
0.082856
0.031168
0.038235
0.071208
0.057019
0.055675
0.036952
0.034226
0.038752
0.040038
0.038475
0.044682
0.071185
0.057725
0.035900
0.071689
0.021492
0.032632
0.063862
0.038341
0.052039
0.037923
0.043193
0.023587
0.057857
0.039212
0.064377
0.059325
0.045804
0.061163
0.083302
0.060802
0.044541
0.068873
0.055990
0.050755
0.038581
0.040047
0.035488
0.048601
0.074906
0.028701
0.034103
0.058964
0.064103
0.049012
0.055768
0.056833
0.052720
0.052473
0.028348
0.057222
0.036869
0.063946
0.038898
0.057944
0.054909
0.053346
0.032226
0.064317
0.056296
0.059012
0.055827
0.064395
0.072866
0.065662
0.076317
0.039537
0.054791
0.051677
0.045584
0.062645
0.048872
0.063699
0.054672
0.049243
0.047820
0.058921
0.063883
0.070772
0.043842
0.031665
0.067391
0.064429
0.057426
0.055135
0.056162
0.038206
0.050975
0.029049
0.086586
0.079238
0.182205
0.063395
0.064750
0.066568
0.054625
0.045596
0.045000
0.043804
0.035938
0.032547
0.064160
0.064990
0.041239
0.049680
0.065427
0.051208
0.041990
0.038520
0.047009
0.058499
0.037273
0.059545
0.055392
0.053447
0.054338
0.046583
0.040403
0.041399
0.034143
0.062298
0.040599
0.068554
0.076423
0.063945
0.041746
0.060721
0.055125
0.029175
0.052513
0.032419
0.064769
0.044520
0.030167
0.065169
0.038753
0.076699
0.106627
0.062065
0.043657
0.041004
0.046700
0.074808
0.038221
0.040767
0.054054
0.053653
0.041156
0.029836
0.034447
0.024469
0.051598
0.068732
0.061392
0.100211
0.027745
0.059831
0.086292
0.044754
0.047336
0.042680
0.061395
0.048592
0.040323
0.047028
0.044098
0.081191
0.047516
0.078605
0.040251
0.025649
0.053527
0.071271
0.043849
0.068844
0.052643
0.041858
0.028072
0.041893
0.018446
0.072706
0.023071
0.062303
0.039325
0.092962
0.038817
0.034056
0.026299
0.042609
0.044102
0.046150
0.054768
0.026638
0.063915
0.042093
0.043280
0.040322
0.036319
0.028439
0.056005
0.063748
0.034210
0.035722
0.064911
0.033811
0.042365
0.048768
0.045373
0.061777
0.047243
0.057727
0.035954
0.049375
0.079020
0.039211
0.049986
0.077727
0.095942
0.070508
0.047797
0.047334
0.050600
0.059469
0.054489
0.029249
0.035621
0.040255
0.056841
0.040466
0.044573
0.026589
0.059825
0.039660
0.044813
0.045914
0.082896
0.057017
0.059436
0.090746
0.030514
0.038755
0.049591
0.059169
0.045286
0.037310
0.057439
0.075872
0.026322
0.041267
0.082240
0.047347
0.068002
0.037551
0.054587
0.056080
0.075822
0.037696
0.054638
0.075778
0.062823
0.042779
0.064305
0.042247
0.049527
0.038309
0.027486
0.057805
0.048765
0.035943
0.064264
0.074026
0.045460
0.041571
0.044664
0.049802
0.044358
0.043515
0.031449
0.038304
0.048133
0.079913
0.106882
0.058553
0.026466
0.027889
0.040103
0.049313
0.041543
0.037997
0.068975
0.040596
0.039776
0.035416
0.046327
0.048814
0.039186
0.066913
0.075553
0.037106
0.056691
0.041720
0.050546
0.064898
0.040762
0.034149
0.069921
0.028002
0.037954
0.054534
0.053940
0.034221
0.053082
0.039752
0.042112
0.034981
0.037931
0.038035
0.075049
0.041018
0.089562
0.042284
0.066544
0.070801
0.079165
0.103538
0.043772
0.038421
0.046248
0.103325
0.043477
0.068292
0.052252
0.066211
0.039105
0.029739
0.049278
0.058176
0.046397
0.043277
0.052918
0.049364
0.056975
0.044961
0.076802
0.045640
0.052432
0.062000
0.055449
0.075919
0.079188
0.055814
0.031631
0.032131
0.089490
0.038438
0.038469
0.036441
0.042066
0.055951
0.048597
0.054322
0.037559
0.051690
0.041898
0.036087
0.077188
0.075304
0.068521
0.073972
0.059405
0.041363
0.054067
0.038597
0.079374
0.062225
0.059549
0.065547
0.044042
0.052836
0.054279
0.045536
0.050236
0.040420
0.037303
0.036089
0.078348
0.061315
0.064265
0.076974
0.051556
0.044742
0.029272
0.024572
0.043972
0.057318
0.068065
0.044321
0.038090
0.067548
0.044420
0.071778
0.046985
0.027000
0.038891
0.043618
0.046412
0.040900
0.029686
0.032238
0.076393
0.050261
0.045379
0.070785
0.067417
0.030335
0.053663
0.040011
0.030264
0.059273
0.058257
0.025688
0.036931
0.062774
0.047051
0.078439
0.053940
0.043940
0.042130
0.053294
0.051177
0.043146
0.040971
0.059947
0.054365
0.042349
0.032844
0.083937
0.054696
0.096975
0.044557
0.035799
0.043845
0.097497
0.079778
0.072010
0.029553
0.035365
0.034885
0.073689
0.085061
0.052824
0.041689
0.041629
0.036887
0.057024
0.132865
0.064433
0.054017
0.051672
0.069719
0.050171
0.036341
0.037380
0.032629
0.055876
0.059879
0.053115
0.053493
0.038696
0.041477
0.043534
0.085136
0.070847
0.034111
0.071119
0.034870
0.050597
0.045679
0.068415
0.051762
0.037305
0.048667
0.030855
0.026685
0.051481
0.038364
0.056574
0.055725
0.051266
0.048145
0.042401
0.090573
0.053041
0.045883
0.102754
0.075519
0.051451
0.040630
0.053118
0.051076
0.056915
0.044410
0.047637
0.049525
0.038270
0.057976
0.041128
0.051207
0.058618
0.021557
0.064392
0.048518
0.039889
0.037268
0.063236
0.054191
0.036886
0.042391
0.072186
0.058458
0.070377
0.051780
0.039765
0.035343
0.068639
0.043023
0.027533
0.039183
0.040916
0.034949
0.048103
0.053948
0.071933
0.018298
0.063549
0.041255
0.034125
0.056958
0.039366
0.063688
0.063806
0.045852
0.031399
0.033705
0.047095
0.079899
0.038575
0.037102
0.067599
0.048474
0.035258
0.040469
0.051594
0.039615
0.037516
0.098059
0.069792
0.041410
0.031632
0.047748
0.035510
0.053828
0.045574
0.062240
0.029631
0.053315
0.039644
0.048776
0.040042
0.059697
0.054177
0.068466
0.098642
0.059335
0.048239
0.050075
0.048528
0.060450
0.071726
0.022089
0.087549
0.047381
0.058692
0.039480
0.106532
0.050629
0.054812
0.049425
0.069969
0.023891
0.045735
0.037789
0.058551
0.061682
0.036137
0.034264
0.055778
0.043826
0.044502
0.058666
0.047083
0.065504
0.046225
0.045261
0.051800
0.048263
0.033468
0.092656
0.048449
0.071962
0.055852
0.034867
0.056563
0.067363
0.043893
0.070445
0.022161
0.040543
0.053634
0.051182
0.030677
0.045148
0.036434
0.046402
0.050024
0.090506
0.062661
0.056462
0.060401
0.036184
0.047370
0.039112
0.038211
0.060362
0.059029
0.038252
0.040891
0.042724
0.049799
0.067113
0.088377
0.056078
0.060690
0.056388
0.038829
0.042049
0.041354
0.058402
0.046156
0.046563
0.052228
0.064593
0.072946
0.098744
0.068486
0.097210
0.029701
0.074770
0.035067
0.047806
0.035386
0.042407
0.056997
0.111274
0.045777
0.049226
0.060612
0.059823
0.052362
0.033373
0.036317
0.084227
0.033720
0.050867
0.048194
0.073307
0.045603
0.062646
0.033199
0.058062
0.036144
0.047750
0.069063
0.052947
0.056423
0.041854
0.037355
0.031232
0.078047
0.031323
0.047632
0.046218
0.047552
0.050198
0.044332
0.044595
0.045128
0.066599
0.042078
0.049099
0.085981
0.034876
0.037786
0.049375
0.065673
0.050126
0.031663
0.049282
0.046924
0.046425
0.067527
0.049259
0.082554
0.034590
0.043758
0.063145
0.054094
0.078915
0.080403
0.048393
0.043694
0.052054
0.048356
0.042818
0.050767
0.050945
0.045851
0.041611
0.071692
0.022121
0.028278
0.038091
0.047522
0.071827
0.067627
0.075237
0.036315
0.042077
0.049190
0.076372
0.041797
0.044589
0.039749
0.026364
0.094218
0.030986
0.026755
0.031358
0.030810
0.034809
0.051081
0.034890
0.075243
0.052392
0.060078
0.111367
0.055150
0.030869
0.056330
0.091493
0.046157
0.042768
0.044860
0.066283
0.036283
0.090689
0.047628
0.051410
0.054474
0.036941
0.064394
0.048212
0.099322
0.048606
0.062740
0.052238
0.069013
0.107897
0.048747
0.058008
0.068147
0.049684
0.042413
0.048860
0.065157
0.033615
0.022441
0.058968
0.056506
0.091886
0.041358
0.062365
0.028288
0.072327
0.053821
0.057171
0.055649
0.062913
0.062811
0.059067
0.049879
0.027810
0.030037
0.048460
0.034191
0.073074
0.053855
0.091907
0.030019
0.042258
0.040859
0.051561
0.054511
0.059712
0.054120
0.080357
0.038409
0.050660
0.073913
0.043061
0.045811
0.044377
0.048612
0.048395
0.044800
0.047551
0.053823
0.042101
0.048959
0.046179
0.040467
0.037407
0.050463
0.042895
0.093208
0.032812
0.040637
0.037354
0.062457
0.038367
0.055590
0.043780
0.040005
0.051335
0.048923
0.035263
0.060478
0.030077
0.040009
0.105939
0.032363
0.078622
0.047873
0.076849
0.047748
0.026136
0.038091
0.075096
0.034605
0.081369
0.053352
0.036317
0.056206
0.086460
0.026096
0.038638
0.077242
0.086712
0.035240
0.046870
0.048432
0.058623
0.031993
0.068940
0.075866
0.039366
0.046060
0.064702
0.069233
0.045347
0.068620
0.057875
0.044745
0.057066
0.067467
0.043272
0.041740
0.048336
0.043276
0.030784
0.053384
0.046971
0.066686
0.038177
0.050975
0.038440
0.070242
0.055301
0.033364
0.049352
0.049082
0.045560
0.049364
0.037918
0.049593
0.070802
0.042095
0.069379
0.076357
0.039708
0.045929
0.042842
0.075434
0.050942
0.044930
0.053333
0.035516
0.039427
0.052230
0.051562
0.037646
0.062075
0.043638
0.038171
0.041775
0.043534
0.044699
0.044500
0.070329
0.067108
0.058105
0.045922
0.051711
0.031828
0.048968
0.047013
0.048958
0.027771
0.081696
0.077348
0.067233
0.055993
0.050696
0.058787
0.055904
0.052045
0.070964
0.065118
0.036199
0.031812
0.025509
0.073449
0.060866
0.041026
0.046897
0.053692
0.044654
0.035031
0.039716
0.036496
0.048361
0.034605
0.057889
0.061252
0.041037
0.044624
0.054641
0.065505
0.052430
0.032831
0.050300
0.032976
0.034303
0.058859
0.059374
0.042896
0.062789
0.061111
0.041456
0.077770
0.050202
0.058644
0.048255
0.055086
0.031048
0.066730
0.056362
0.046347
0.055239
0.033369
0.059969
0.043064
0.037390
0.054406
0.047629
0.040549
0.076489
0.115138
0.037814
0.065669
0.045461
0.035938
0.076105
0.039528
0.076024
0.049188
0.037508
0.041949
0.055863
0.062076
0.121476
0.048008
0.045787
0.042875
0.028749
0.063023
0.049030
0.048746
0.056322
0.069788
0.080751
0.085702
0.055032
0.085819
0.024467
0.043149
0.059449
0.053440
0.044213
0.052106
0.085524
0.061525
0.057018
0.085325
0.076312
0.050204
0.032544
0.103283
0.055139
0.052366
0.036601
0.046441
0.064202
0.032323
0.094589
0.043806
0.052572
0.040546
0.050987
0.027512
0.053245
0.047860
0.036393
0.059026
0.030551
0.044158
0.071404
0.078881
0.061109
0.079952
0.057257
0.050595
0.036964
0.035819
0.042211
0.109772
0.051746
0.030187
0.048227
0.069325
0.051973
0.037255
0.051634
0.070280
0.058923
0.052049
0.038879
0.047419
0.048918
0.075873
0.067338
0.045806
0.072353
0.029461
0.035419
0.037292
0.032364
0.066346
0.049370
0.064917
0.054137
0.052485
0.090076
0.058732
0.042620
0.049228
0.042979
0.057194
0.044826
0.033170
0.041421
0.055611
0.052393
0.122659
0.070332
0.072706
0.041034
0.048886
0.035469
0.054895
0.088218
0.095390
0.035790
0.051322
0.033751
0.059459
0.082786
0.030805
0.057586
0.106702
0.066432
0.047948
0.055403
0.035199
0.048767
0.073694
0.072451
0.057317
0.068232
0.057447
0.044741
0.072617
0.110931
0.081079
0.057515
0.079147
0.043975
0.034456
0.050040
0.043133
0.038884
0.035683
0.044697
0.059395
0.063777
0.112814
0.042824
0.086367
0.041061
0.048319
0.072573
0.060050
0.063712
0.064754
0.033018
0.021274
0.049843
0.051675
0.041740
0.080628
0.059764
0.067552
0.029844
0.062509
0.036190
0.047211
0.061705
0.048863
0.056886
0.030776
0.055491
0.054162
0.030222
0.057671
0.055771
0.066083
0.033500
0.041602
0.036721
0.057805
0.077360
0.036035
0.076662
0.062395
0.027767
0.107864
0.070944
0.068388
0.071933
0.066892
0.049720
0.032635
0.062954
0.044255
0.082111
0.042199
0.045844
0.039114
0.047698
0.050584
0.058372
0.043213
0.043186
0.040545
0.070325
0.056761
0.042166
0.044627
0.065310
0.036153
0.085942
0.049750
0.049717
0.041804
0.040823
0.038612
0.064648
0.050086
0.060089
0.100243
0.031895
0.029022
0.048212
0.053212
0.023518
0.038821
0.042567
0.038366
0.046115
0.040832
0.052277
0.046429
0.035014
0.031017
0.045256
0.050208
0.038511
0.083469
0.061143
0.065183
0.102927
0.071647
0.040104
0.051728
0.046150
0.045102
0.042757
0.063498
0.047687
0.058122
0.073458
0.050731
0.030161
0.045633
0.048137
0.048584
0.023894
0.037322
0.052625
0.034229
0.054837
0.037198
0.035104
0.033953
0.063482
0.034179
0.060389
0.032851
0.034852
0.049080
0.051158
0.049962
0.033654
0.061955
0.053500
0.071056
0.033795
0.034296
0.075989
0.050415
0.074406
0.086444
0.056835
0.045678
0.047815
0.034991
0.068568
0.046570
0.055150
0.029804
0.045295
0.058429
0.031735
0.032111
0.024000
0.080398
0.051589
0.043529
0.062261
0.041039
0.037986
0.035836
0.072128
0.053798
0.069864
0.048720
0.058724
0.065690
0.039820
0.034719
0.055882
0.060003
0.039809
0.044962
0.047576
0.047910
0.036018
0.028996
0.071258
0.061663
0.058866
0.026351
0.051048
0.054243
0.074049
0.057953
0.045547
0.043107
0.096367
0.098058
0.036646
0.065693
0.045822
0.035137
0.078961
0.071668
0.057437
0.060423
0.080226
0.066159
0.052235
0.057754
0.046873
0.039145
0.024761
0.044458
0.067050
0.049892
0.045355
0.066570
0.047240
0.072404
0.075837
0.066983
0.055343
0.044342
0.048468
0.041727
0.070274
0.068384
0.054691
0.026235
0.046628
0.039374
0.024977
0.070372
0.058724
0.062597
0.043184
0.052223
0.047943
0.035468
0.032732
0.072630
0.059367
0.064108
0.039892
0.031561
0.053134
0.085045
0.057526
0.044966
0.052391
0.046733
0.052450
0.057978
0.033508
0.033957
0.078163
0.053625
0.074238
0.059066
0.039819
0.044110
0.057222
0.089405
0.064300
0.071872
0.067454
0.048954
0.046104
0.038615
0.048745
0.035517
0.042827
0.062398
0.055888
0.057221
0.040509
0.052966
0.068166
0.028986
0.032392
0.071835
0.048033
0.036290
0.037682
0.064142
0.037782
0.025824
0.055494
0.062808
0.049206
0.064778
0.053954
0.070488
0.051099
0.035926
0.077783
0.048094
0.027170
0.050783
0.076295
0.055878
0.060806
0.041232
0.070474
0.064922
0.086022
0.052195
0.061391
0.051305
0.045663
0.062525
0.050385
0.062452
0.074756
0.066396
0.048685
0.046975
0.039924
0.080543
0.048921
0.051450
0.054423
0.034075
0.056023
0.069180
0.038377
0.051479
0.077063
0.045819
0.046209
0.030961
0.042981
0.061008
0.038483
0.065516
0.031965
0.088172
0.038595
0.063628
0.036546
0.053732
0.053185
0.054858
0.037612
0.051040
0.046269
0.041378
0.036167
0.035726
0.049960
0.035141
0.051827
0.057026
0.060678
0.049010
0.056393
0.035202
0.054404
0.081234
0.035695
0.053175
0.038470
0.029012
0.036381
0.055507
0.059345
0.039870
0.057987
0.039578
0.043989
0.059312
0.082787
0.056637
0.049474
0.041787
0.059850
0.063054
0.035190
0.049272
0.045897
0.055005
0.024150
0.054060
0.026632
0.043891
0.022040
0.044024
0.055721
0.046459
0.043962
0.040365
0.033730
0.050332
0.027309
0.042354
0.045943
0.077131
0.051802
0.045634
0.042278
0.073469
0.045947
0.065410
0.058025
0.059098
0.065989
0.058660
0.057416
0.037331
0.048089
0.051214
0.089359
0.055501
0.061453
0.049598
0.058963
0.045361
0.060725
0.059927
0.049938
0.058572
0.035343
0.042346
0.071487
0.032963
0.072368
0.063927
0.040096
0.055119
0.064573
0.070660
0.043612
0.037564
0.029116
0.046087
0.053873
0.047258
0.050257
0.054707
0.040689
0.033388
0.048146
0.056740
0.043320
0.023832
0.041280
0.042989
0.078602
0.021327
0.051461
0.043135
0.032991
0.039927
0.029803
0.052497
0.037609
0.079221
0.054391
0.052296
0.040094
0.055601
0.068604
0.019085
0.052205
0.049926
0.070168
0.054940
0.070317
0.059116
0.034179
0.074286
0.051859
0.073908
0.047551
0.055196
0.036456
0.056124
0.053026
0.049615
0.040603
0.052049
0.070874
0.041106
0.042985
0.064080
0.057282
0.033167
0.031265
0.069322
0.040178
0.058212
0.052828
0.051778
0.060325
0.029221
0.047203
0.060862
0.061903
0.032398
0.054724
0.036662
0.085174
0.048113
0.057662
0.051904
0.028282
0.072234
0.038956
0.041557
0.057006
0.047544
0.069392
0.062435
0.052377
0.039801
0.045726
0.034195
0.082206
0.063701
0.061918
0.036833
0.033729
0.044509
0.066534
0.054144
0.038356
0.068353
0.093771
0.075726
0.044152
0.051490
0.038549
0.041208
0.061144
0.055600
0.049502
0.035970
0.020847
0.039809
0.042825
0.041596
0.082355
0.032202
0.035999
0.034385
0.058357
0.058527
0.051433
0.081216
0.051802
0.043226
0.054995
0.082691
0.029158
0.034981
0.058978
0.067414
0.054749
0.058943
0.066077
0.074203
0.056308
0.051326
0.041257
0.059982
0.073357
0.128552
0.076270
0.045684
0.065624
0.035669
0.073710
0.046170
0.039458
0.112627
0.036877
0.048195
0.036601
0.056126
0.064585
0.056461
0.058891
0.063854
0.056794
0.027869
0.057677
0.062140
0.050492
0.044953
0.046755
0.060240
0.064609
0.125720
0.039588
0.081456
0.059109
0.034015
0.028152
0.036095
0.046552
0.062730
0.048938
0.045772
0.031441
0.039095
0.073325
0.041545
0.057605
0.039793
0.049706
0.063941
0.051922
0.110932
0.048650
0.061599
0.032616
0.048145
0.067379
0.103547
0.033451
0.031636
0.045245
0.048037
0.042377
0.082150
0.024204
0.113534
0.066980
0.025969
0.066061
0.040239
0.050119
0.029921
0.051689
0.031415
0.095647
0.029799
0.099955
0.031803
0.053967
0.045780
0.035699
0.061971
0.064917
0.067692
0.031019
0.030309
0.077236
0.062411
0.046662
0.073438
0.087838
0.052979
0.054918
0.056084
0.053798
0.084911
0.054158
0.053097
0.036792
0.052387
0.051693
0.083201
0.053850
0.053541
0.073224
0.055037
0.049674
0.068489
0.071457
0.054992
0.056723
0.047919
0.041745
0.063131
0.059934
0.082340
0.062770
0.044659
0.060262
0.028803
0.043434
0.077473
0.070252
0.060046
0.061140
0.036143
0.054103
0.057803
0.050990
0.070089
0.033163
0.057913
0.061357
0.062033
0.032939
0.039206
0.042166
0.040203
0.092408
0.027602
0.053299
0.033558
0.051121
0.063020
0.084237
0.038100
0.056049
0.044106
0.052244
0.056719
0.050479
0.040014
0.073498
0.032967
0.047540
0.033457
0.048574
0.061719
0.055629
0.049775
0.060608
0.059697
0.064723
0.056744
0.050297
0.057651
0.056694
0.076150
0.082576
0.036364
0.027811
0.037528
0.069650
0.028983
0.038884
0.035842
0.034206
0.045098
0.044413
0.057798
0.033281
0.069414
0.097717
0.026967
0.052235
0.044035
0.046405
0.033652
0.060304
0.045600
0.039143
0.044582
0.039171
0.073778
0.043283
0.096709
0.062734
0.068858
0.050864
0.024910
0.051409
0.088259
0.040333
0.055164
0.049560
0.048031
0.067589
0.065463
0.056910
0.041175
0.080015
0.047519
0.033065
0.048581
0.046199
0.049498
0.033980
0.030679
0.051676
0.080004
0.043871
0.057010
0.088775
0.063572
0.064048
0.078696
0.034982
0.049980
0.077794
0.049450
0.057433
0.032930
0.072879
0.068681
0.040308
0.030741
0.062779
0.076291
0.029963
0.037592
0.036073
0.056555
0.054915
0.034236
0.034364
0.055177
0.076969
0.044689
0.028326
0.021075
0.022516
0.039360
0.026949
0.042733
0.027492
0.029646
0.056087
0.090007
0.068663
0.026954
0.020385
0.044558
0.056945
0.036394
0.029737
0.027373
0.038492
0.041267
0.055138
0.023101
0.057029
0.042375
0.049242
0.042178
0.054134
0.085546
0.061710
0.024446
0.065983
0.061206
0.064914
0.043915
0.041072
0.034184
0.063754
0.035277
0.036875
0.060375
0.057726
0.045079
0.044180
0.030161
0.069626
0.042915
0.051518
0.042152
0.034144
0.076287
0.028671
0.052291
0.035136
0.098742
0.035522
0.055668
0.055140
0.051523
0.040484
0.045372
0.085607
0.053001
0.053269
0.031571
0.085795
0.039552
0.078924
0.053442
0.036403
0.086233
0.069230
0.054543
0.079262
0.043165
0.074900
0.032931
0.037348
0.045383
0.068951
0.051087
0.049950
0.026149
0.081210
0.062032
0.041014
0.055130
0.052200
0.057549
0.032122
0.019698
0.061525
0.039029
0.039530
0.077731
0.053324
0.086722
0.031660
0.048890
0.059138
0.051303
0.047183
0.032878
0.038554
0.047194
0.057417
0.087391
0.069371
0.038799
0.019736
0.043751
0.040768
0.067992
0.027938
0.037816
0.061439
0.038585
0.044455
0.039282
0.057643
0.125264
0.066806
0.030674
0.056572
0.093631
0.043319
0.049927
0.072905
0.043393
0.050458
0.036567
0.069957
0.144362
0.062437
0.063703
0.075759
0.045444
0.048082
0.047882
0.053573
0.047974
0.038265
0.070813
0.072370
0.091384
0.074714
0.089724
0.092393
0.069037
0.062165
0.049481
0.082501
0.038317
0.042372
0.051034
0.032795
0.042051
0.080967
0.042817
0.040226
0.052061
0.030732
0.065380
0.039925
0.087054
0.050481
0.023371
0.084677
0.038892
0.031552
0.068773
0.036425
0.057492
0.036551
0.039745
0.065758
0.048903
0.026962
0.063161
0.046472
0.057746
0.034631
0.055420
0.037933
0.059998
0.045173
0.073158
0.067839
0.041104
0.047443
0.047247
0.040256
0.050580
0.035678
0.052946
0.039066
0.081682
0.051802
0.050480
0.049561
0.068226
0.041734
0.049029
0.046282
0.056103
0.038870
0.033370
0.031585
0.063480
0.074755
0.058111
0.061413
0.061037
0.070824
0.042600
0.044837
0.047058
0.031245
0.042794
0.080355
0.060939
0.038496
0.036904
0.052424
0.054139
0.033713
0.056310
0.086511
0.072553
0.043871
0.048672
0.052629
0.042086
0.066603
0.036037
0.091764
0.036121
0.034804
0.061658
0.046851
0.024605
0.115331
0.058789
0.050354
0.037405
0.021533
0.044109
0.036593
0.062861
0.041322
0.054013
0.052516
0.043699
0.059540
0.037850
0.076697
0.023036
0.042760
0.077357
0.057789
0.041593
0.058279
0.066398
0.042173
0.029789
0.043794
0.075120
0.068892
0.057664
0.074440
0.033618
0.071130
0.036595
0.052696
0.071855
0.054565
0.025086
0.033984
0.051047
0.050756
0.038301
0.047162
0.041030
0.079398
0.060538
0.043944
0.045844
0.054988
0.038403
0.050977
0.076492
0.048618
0.043959
0.033805
0.042090
0.067539
0.064552
0.052924
0.059596
0.043569
0.045144
0.054873
0.073431
0.045403
0.045667
0.037332
0.049772
0.026151
0.098060
0.071694
0.075437
0.044835
0.063812
0.056128
0.043186
0.038240
0.020477
0.043265
0.057062
0.038654
0.075924
0.024688
0.050700
0.051854
0.061067
0.044472
0.050989
0.058695
0.076496
0.057336
0.058500
0.047870
0.048511
0.061187
0.047979
0.043525
0.060537
0.064358
0.065320
0.035037
0.041070
0.042423
0.047444
0.060913
0.035944
0.076493
0.058720
0.026400
0.061425
0.077237
0.029746
0.045154
0.034368
0.063642
0.040627
0.071735
0.060722
0.066067
0.041414
0.041088
0.069995
0.070849
0.055380
0.044368
0.043097
0.052607
0.067865
0.031012
0.045236
0.051797
0.056121
0.087092
0.049597
0.059874
0.053878
0.041266
0.030542
0.044157
0.034687
0.040701
0.061849
0.063561
0.026086
0.072663
0.075071
0.032809
0.046320
0.038864
0.052979
0.039921
0.056671
0.058422
0.046255
0.041318
0.079873
0.046264
0.033551
0.035114
0.042572
0.039676
0.066425
0.054996
0.065434
0.060817
0.042874
0.048031
0.057589
0.068048
0.058252
0.054355
0.018410
0.047760
0.107357
0.043675
0.055924
0.070523
0.047467
0.056044
0.057654
0.055951
0.037173
0.064875
0.058982
0.043774
0.054368
0.052102
0.039221
0.034119
0.042782
0.049502
0.044628
0.086221
0.049257
0.030094
0.037827
0.067487
0.090228
0.045197
0.054191
0.061801
0.066194
0.034292
0.072366
0.040063
0.059876
0.029300
0.054250
0.031826
0.047520
0.069519
0.088188
0.082800
0.034866
0.031930
0.053247
0.054780
0.059914
0.031036
0.050490
0.059244
0.054239
0.098299
0.056505
0.043977
0.064908
0.058011
0.098443
0.042234
0.069414
0.037607
0.040302
0.034348
0.060793
0.048519
0.051863
0.042428
0.045407
0.057872
0.055729
0.061909
0.037478
0.038499
0.065255
0.058006
0.053766
0.071040
0.048225
0.050904
0.034233
0.031647
0.063257
0.060843
0.036874
0.043868
0.059891
0.094154
0.029844
0.050323
0.059675
0.035401
0.064732
0.049477
0.041882
0.061857
0.063465
0.035105
0.058413
0.044577
0.064086
0.046939
0.045308
0.040012
0.066355
0.047471
0.073266
0.054779
0.080594
0.038998
0.059943
0.090518
0.030112
0.029701
0.035449
0.032733
0.031282
0.025086
0.044771
0.038986
0.054424
0.075857
0.071654
0.069306
0.054659
0.074835
0.033887
0.047723
0.047510
0.035548
0.031108
0.079162
0.063740
0.052369
0.042199
0.020856
0.048025
0.049725
0.046599
0.052307
0.033556
0.057970
0.048015
0.031725
0.032508
0.064835
0.046505
0.045061
0.044765
0.061358
0.082158
0.032951
0.045302
0.032102
0.053873
0.048722
0.068428
0.022828
0.070248
0.064469
0.052109
0.032663
0.046635
0.051480
0.034936
0.103959
0.047189
0.060396
0.062052
0.071090
0.045588
0.064734
0.059146
0.053593
0.047872
0.051946
0.092232
0.061995
0.037684
0.029002
0.065295
0.071592
0.071727
0.049131
0.048859
0.063010
0.041392
0.047613
0.064600
0.050777
0.015219
0.039017
0.070867
0.056371
0.047448
0.042270
0.029999
0.031040
0.035895
0.049357
0.051155
0.086789
0.053598
0.062384
0.073804
0.064504
0.035197
0.052354
0.034407
0.055953
0.047252
0.045809
0.047861
0.035947
0.068735
0.035139
0.035510
0.042027
0.037690
0.039263
0.088410
0.048252
0.065508
0.039531
0.052716
0.052033
0.056924
0.061723
0.061669
0.062328
0.026907
0.061207
0.053151
0.032606
0.041815
0.053060
0.042033
0.030576
0.061363
0.033682
0.050404
0.065617
0.026172
0.082020
0.047855
0.071686
0.055790
0.060028
0.023333
0.062390
0.036099
0.048173
0.057595
0.046476
0.072435
0.030742
0.067626
0.076343
0.056100
0.035614
0.077580
0.049657
0.030993
0.037356
0.052028
0.046763
0.025812
0.032979
0.091552
0.093056
0.044926
0.060628
0.053368
0.029638
0.087538
0.084024
0.033319
0.061647
0.040744
0.035692
0.066834
0.043549
0.038042
0.049838
0.045791
0.031101
0.048573
0.043685
0.061520
0.037231
0.045589
0.046125
0.054495
0.054490
0.092686
0.024074
0.052706
0.050580
0.082855
0.061746
0.042141
0.050587
0.021672
0.046951
0.057356
0.038575
0.059403
0.040540
0.055062
0.055363
0.036020
0.043020
0.103486
0.029303
0.055197
0.042474
0.069451
0.054554
0.036645
0.043407
0.051063
0.055257
0.059391
0.019135
0.035309
0.083141
0.093722
0.054081
0.049078
0.040890
0.082129
0.052151
0.037313
0.039315
0.065297
0.054954
0.074493
0.039239
0.055968
0.045115
0.040594
0.091944
0.075300
0.057091
0.074117
0.028749
0.027483
0.027543
0.032931
0.050083
0.045270
0.035260
0.033559
0.044690
0.028850
0.051764
0.045951
0.028427
0.047615
0.064558
0.061265
0.046864
0.085105
0.040129
0.100658
0.048656
0.065531
0.068287
0.042068
0.041115
0.072141
0.061285
0.030301
0.057021
0.052465
0.043598
0.060428
0.065327
0.040283
0.031725
0.029171
0.043551
0.042775
0.096541
0.059267
0.114422
0.076700
0.041713
0.079632
0.032968
0.073069
0.035948
0.057575
0.046461
0.116299
0.061503
0.045070
0.064130
0.042374
0.050073
0.040764
0.063093
0.033902
0.055930
0.032480
0.071053
0.034169
0.099368
0.084819
0.041265
0.058762
0.100200
0.057201
0.044913
0.075186
0.039518
0.052033
0.073792
0.064822
0.071100
0.053965
0.055904
0.052808
0.056637
0.042200
0.063037
0.078292
0.057228
0.062396
0.068990
0.051558
0.017897
0.089919
0.037694
0.056438
0.095154
0.072703
0.082950
0.083113
0.064580
0.031261
0.050090
0.031478
0.040701
0.071121
0.048256
0.043176
0.033685
0.071681
0.044564
0.054262
0.058319
0.078100
0.054200
0.056480
0.031532
0.059293
0.052121
0.047765
0.048459
0.066016
0.028386
0.034247
0.040016
0.044625
0.060066
0.067417
0.054889
0.055616
0.041640
0.068426
0.035734
0.042914
0.043144
0.052634
0.062368
0.057010
0.054312
0.035663
0.063859
0.061765
0.054695
0.034914
0.041101
0.046424
0.057773
0.073056
0.045279
0.050031
0.018458
0.062979
0.042253
0.049380
0.032251
0.033424
0.074649
0.038736
0.054048
0.027794
0.040806
0.032595
0.026182
0.028831
0.027966
0.046367
0.047292
0.058221
0.035675
0.051320
0.064374
0.045088
0.038324
0.056332
0.059286
0.050125
0.037050
0.049385
0.043279
0.077384
0.069939
0.029939
0.071542
0.084604
0.080024
0.055853
0.040831
0.032324
0.046019
0.108907
0.041722
0.049418
0.035540
0.028110
0.044884
0.039844
0.068760
0.100760
0.042335
0.045086
0.066785
0.072969
0.022054
0.040875
0.044931
0.032578
0.043180
0.034485
0.066797
0.055266
0.047455
0.079804
0.043150
0.073366
0.060084
0.021748
0.059391
0.036630
0.051206
0.033150
0.050363
0.036313
0.048944
0.035115
0.070690
0.067774
0.042424
0.056286
0.042464
0.052005
0.043719
0.043309
0.069468
0.036218
0.053784
0.047430
0.060949
0.065929
0.046259
0.043207
0.036356
0.096943
0.027637
0.061297
0.048257
0.047764
0.054833
0.049888
0.050420
0.035917
0.069356
0.050263
0.091594
0.078503
0.060510
0.029531
0.028617
0.029608
0.057658
0.030594
0.063979
0.038787
0.055686
0.033341
0.056807
0.111950
0.020582
0.089551
0.038012
0.076524
0.043970
0.092289
0.059210
0.038773
0.047891
0.036944
0.060695
0.033263
0.057722
0.066904
0.030605
0.040762
0.056757
0.026151
0.041580
0.104862
0.032742
0.040221
0.036920
0.061879
0.046730
0.046283
0.061172
0.089859
0.054976
0.040815
0.096743
0.035233
0.033088
0.036768
0.077970
0.035473
0.033395
0.094714
0.058076
0.064106
0.048191
0.037213
0.075753
0.038934
0.064215
0.074900
0.042403
0.048528
0.064173
0.070641
0.054863
0.068023
0.065777
0.055105
0.053450
0.043009
0.042477
0.076323
0.069452
0.042445
0.030158
0.044603
0.053867
0.112324
0.056140
0.033150
0.057511
0.040732
0.051267
0.057741
0.070930
0.033017
0.038441
0.039944
0.062622
0.047071
0.048916
0.042116
0.029354
0.072566
0.074018
0.038698
0.025922
0.054355
0.056017
0.029100
0.046609
0.058911
0.033269
0.075266
0.039396
0.052450
0.073682
0.031504
0.043760
0.048136
0.043624
0.056130
0.059346
0.055416
0.078504
0.038521
0.044234
0.061130
0.106383
0.082197
0.061709
0.044681
0.028582
0.049295
0.060934
0.083836
0.040998
0.027589
0.054082
0.046652
0.045422
0.101640
0.065491
0.064861
0.040357
0.066041
0.043442
0.051479
0.036761
0.026408
0.039223
0.070962
0.074788
0.049293
0.042116
0.091962
0.058974
0.057951
0.061093
0.079431
0.063164
0.045928
0.039040
0.042377
0.035163
0.044774
0.046610
0.036065
0.070335
0.029302
0.042793
0.045400
0.030284
0.045894
0.071975
0.067509
0.054334
0.023163
0.048318
0.024500
0.046857
0.080892
0.056828
0.055068
0.040485
0.049367
0.050768
0.042826
0.048355
0.066523
0.024164
0.066305
0.048573
0.052512
0.049215
0.061600
0.024988
0.051575
0.049583
0.066261
0.052110
0.102028
0.068704
0.032178
0.091004
0.077363
0.082358
0.071115
0.084094
0.055833
0.051767
0.053059
0.038103
0.052387
0.032545
0.063239
0.056568
0.069414
0.041085
0.064959
0.054758
0.036326
0.061169
0.063218
0.033037
0.040429
0.055226
0.057810
0.069067
0.068873
0.056776
0.053363
0.036328
0.035703
0.064692
0.058817
0.052505
0.053148
0.049288
0.041681
0.024982
0.043915
0.049814
0.035284
0.047576
0.034893
0.074069
0.027785
0.063918
0.094035
0.037013
0.037335
0.026503
0.063104
0.079869
0.055541
0.059417
0.062145
0.075130
0.038677
0.099715
0.051541
0.030531
0.074740
0.038100
0.061752
0.075731
0.041432
0.062550
0.025133
0.086052
0.044440
0.056683
0.031130
0.055802
0.035389
0.043722
0.030751
0.049591
0.079502
0.059109
0.043473
0.028869
0.044954
0.052205
0.089283
0.050937
0.021067
0.033485
0.035547
0.035597
0.047698
0.031692
0.049026
0.046981
0.031573
0.077071
0.050619
0.041467
0.071581
0.029994
0.053752
0.031950
0.061006
0.049925
0.056555
0.053456
0.077112
0.053168
0.049751
0.037332
0.034303
0.027466
0.055669
0.056088
0.029262
0.060680
0.039447
0.102080
0.050713
0.045077
0.091532
0.079174
0.031156
0.049652
0.038892
0.037840
0.066105
0.057328
0.066922
0.057200
0.093410
0.040963
0.057147
0.061825
0.032236
0.049261
0.048634
0.051965
0.049511
0.039044
0.046885
0.060719
0.069442
0.091820
0.046202
0.057518
0.056936
0.090469
0.044237
0.055554
0.058676
0.068199
0.066374
0.055793
0.042027
0.039327
0.067277
0.040810
0.047924
0.053707
0.060178
0.053931
0.028505
0.036455
0.071189
0.065770
0.061978
0.039985
0.079377
0.026647
0.023717
0.060816
0.056918
0.043580
0.032085
0.048857
0.048990
0.040237
0.047488
0.049429
0.081151
0.036969
0.035576
0.049637
0.051526
0.036542
0.046809
0.074503
0.039521
0.052652
0.059603
0.046036
0.034251
0.056678
0.028882
0.045171
0.057265
0.059767
0.097274
0.078149
0.106723
0.054283
0.065707
0.043351
0.038964
0.061668
0.044694
0.075215
0.033751
0.074761
0.023259
0.084660
0.111164
0.049393
0.056327
0.047539
0.058828
0.033132
0.101451
0.042137
0.049465
0.033736
0.050538
0.043813
0.054024
0.059445
0.064948
0.039962
0.063330
0.070824
0.050938
0.045760
0.039946
0.055401
0.050465
0.034921
0.035278
0.077002
0.083572
0.045665
0.072057
0.048698
0.038201
0.037565
0.047539
0.026665
0.050603
0.045728
0.028285
0.055950
0.045659
0.065186
0.045232
0.090340
0.048369
0.023656
0.052314
0.092863
0.059465
0.049978
0.048987
0.042659
0.050905
0.036790
0.024713
0.042222
0.020341
0.051905
0.034337
0.055254
0.054003
0.065871
0.051038
0.026109
0.059500
0.038772
0.066782
0.025660
0.037021
0.036807
0.063438
0.043534
0.047443
0.093349
0.053543
0.048272
0.063259
0.033882
0.037639
0.034618
0.040452
0.072898
0.032209
0.073174
0.055801
0.093358
0.030255
0.060525
0.050714
0.062463
0.049332
0.061024
0.032902
0.061540
0.053769
0.019116
0.038101
0.039930
0.057404
0.038795
0.069469
0.069619
0.034357
0.025272
0.043534
0.059839
0.030840
0.037779
0.050485
0.073852
0.052137
0.052322
0.051978
0.086396
0.045129
0.063437
0.068095
0.070708
0.052168
0.053525
0.047683
0.044935
0.032802
0.034525
0.062386
0.045379
0.047587
0.075132
0.056398
0.064924
0.073416
0.040754
0.048609
0.046002
0.048463
0.041127
0.050519
0.054217
0.028334
0.058208
0.086865
0.060829
0.043584
0.035141
0.050260
0.068133
0.032338
0.031982
0.078700
0.049290
0.043639
0.046678
0.092173
0.029318
0.050056
0.064933
0.036419
0.049825
0.038831
0.038459
0.040514
0.042737
0.045972
0.045163
0.071510
0.054188
0.110330
0.064946
0.037381
0.055231
0.057672
0.054558
0.076606
0.053502
0.086114
0.080002
0.036022
0.030776
0.057994
0.061201
0.054615
0.054468
0.065265
0.059166
0.048525
0.094970
0.037326
0.082578
0.052470
0.036621
0.058764
0.082258
0.027473
0.056372
0.061251
0.035936
0.052245
0.074733
0.035470
0.048406
0.034144
0.033209
0.043242
0.036683
0.051771
0.045444
0.073404
0.036700
0.037064
0.041723
0.044188
0.064909
0.057637
0.045736
0.044707
0.051107
0.045327
0.040534
0.054514
0.048285
0.051283
0.054295
0.038592
0.029292
0.056867
0.073392
0.047072
0.030560
0.041161
0.058309
0.063117
0.045410
0.093565
0.051320
0.028877
0.032901
0.057867
0.067715
0.131353
0.038331
0.063086
0.051700
0.077298
0.053067
0.029403
0.060075
0.043594
0.046636
0.066309
0.047348
0.050655
0.050175
0.026146
0.054062
0.055117
0.036286
0.063077
0.048014
0.040553
0.022772
0.051609
0.045053
0.065724
0.047461
0.049998
0.047158
0.056776
0.025730
0.044514
0.081222
0.049041
0.074396
0.044429
0.045659
0.030554
0.041919
0.062654
0.062290
0.034733
0.047921
0.053856
0.039414
0.055792
0.079865
0.037057
0.073577
0.055064
0.067809
0.038702
0.030124
0.046789
0.037099
0.048010
0.067131
0.079601
0.036486
0.036082
0.028137
0.041840
0.075642
0.056305
0.049893
0.062205
0.047927
0.045618
0.066388
0.046047
0.033905
0.064928
0.073097
0.053828
0.064941
0.037692
0.053184
0.074658
0.032851
0.080003
0.031844
0.024161
0.048428
0.061103
0.058154
0.068268
0.066717
0.045119
0.062276
0.037715
0.035840
0.035337
0.062864
0.042149
0.022019
0.044358
0.034267
0.051265
0.045112
0.075769
0.025173
0.028274
0.038859
0.072066
0.088678
0.065149
0.037257
0.054400
0.075911
0.062926
0.036706
0.045186
0.041491
0.067728
0.025918
0.036250
0.033201
0.077793
0.045989
0.056662
0.077473
0.037935
0.078624
0.049577
0.054189
0.067594
0.047362
0.035352
0.104101
0.056968
0.058455
0.038983
0.050056
0.047013
0.038153
0.051000
0.048326
0.055588
0.055623
0.077520
0.051209
0.053858
0.031564
0.041868
0.055803
0.041115
0.036441
0.026500
0.072232
0.052334
0.127774
0.042284
0.064327
0.041601
0.037842
0.045303
0.034782
0.056457
0.036235
0.059323
0.027652
0.057672
0.054646
0.044256
0.051500
0.031971
0.026267
0.073953
0.048156
0.124134
0.066643
0.037099
0.038819
0.062921
0.078374
0.076642
0.061571
0.060900
0.052363
0.048552
0.060504
0.020080
0.059507
0.050421
0.046688
0.039418
0.047624
0.048134
0.056613
0.089886
0.038577
0.072239
0.057105
0.049382
0.057206
0.021394
0.099281
0.041192
0.051652
0.047323
0.033533
0.033891
0.056455
0.077370
0.068464
0.071550
0.038431
0.042285
0.066727
0.048318
0.032189
0.056398
0.051503
0.035960
0.078092
0.051442
0.042598
0.054387
0.053053
0.040422
0.049489
0.092887
0.028457
0.052944
0.084610
0.048783
0.032546
0.023581
0.055329
0.042572
0.067342
0.077510
0.052283
0.039161
0.047331
0.061236
0.052368
0.047468
0.061461
0.050327
0.023938
0.061090
0.027015
0.034140
0.038744
0.052137
0.058347
0.081160
0.050325
0.035487
0.046936
0.047092
0.050646
0.048035
0.027587
0.057427
0.055916
0.027093
0.041834
0.035917
0.038315
0.069645
0.070778
0.057611
0.037896
0.038952
0.038979
0.034816
0.046629
0.055154
0.039042
0.087685
0.050913
0.075703
0.048291
0.034157
0.094793
0.046719
0.039254
0.053930
0.050132
0.052924
0.044426
0.048929
0.088238
0.040847
0.049207
0.058956
0.092051
0.051987
0.057845
0.037621
0.060154
0.030178
0.075871
0.026189
