2561
1.568702
4
91
40
10
1
5047
-1.000000
-0.694744
-0.381832
-0.027666
-0.976311
0.822472
-0.351480
0.187322
0.889567
0.580936
-0.097086
-0.810004
0.158080
0.276899
-0.669488
0.720085
-0.673615
0.099312
-0.706339
-0.786290
0.513025
0.512581
0.714416
0.919527
1.000000
-0.871603
0.285481
0.177187
-0.107624
0.025190
-0.695119
0.815175
0.300157
0.839632
-1.000000
0.548566
0.883814
-0.215309
0.812425
0.213615
-0.789192
-0.528813
0.712797
0.466698
-0.587184
0.111136
-0.486855
-0.660549
0.626276
-0.263098
-0.260451
-0.698702
-0.775882
0.302029
0.275397
-0.871503
0.687522
0.345792
-0.604860
-0.410511
-0.784123
0.759914
0.732706
-0.999274
0.606181
0.503317
0.925518
0.798002
-0.815748
0.110653
-1.000000
0.590040
-0.905628
-0.688240
0.110353
0.818946
-0.130730
-0.846052
-0.951364
0.205067
0.306393
0.951379
-0.034013
0.916926
0.822077
-0.051490
-0.933348
-0.748185
0.890078
-0.502034
-0.715245
0.221491
-0.983887
0.599075
-0.359391
0.721389
0.108106
-0.457929
-0.934016
-1.000000
0.503357
0.032359
-0.652292
-0.692193
-0.782901
-0.500623
-0.898085
-0.634275
0.531665
-0.132337
0.054317
-0.821088
-0.304065
-0.955935
-0.168607
-0.345100
-0.998789
0.596299
0.950071
-0.798162
-0.990537
-0.603535
-0.408878
0.927586
0.001234
0.612517
-0.959041
-0.121084
-0.182517
-0.633672
-0.209311
0.075293
-0.200812
0.171505
-0.663545
-0.075024
0.297239
-0.819934
0.650433
-0.689306
-0.918085
0.573901
0.989764
0.398770
0.317560
0.364804
0.319698
-0.886432
-0.804233
-0.188896
0.329051
0.483192
-0.783879
0.242386
0.277797
-0.438038
-0.818404
-0.261501
0.720534
-1.000000
-0.664590
0.034952
-0.648032
0.877818
-0.504659
-0.952576
-0.085691
-0.041947
0.711701
-0.011493
-0.073026
-0.988614
-0.315998
0.863930
-0.290804
0.911730
0.535714
-0.149322
0.518372
-0.984120
-0.827797
-0.722565
0.685076
1.000000
0.380100
0.962217
-0.015174
0.583108
0.893071
-0.887472
0.797128
0.805795
0.112586
-0.577208
-0.657662
-0.073637
-0.192496
0.535828
-0.615176
-0.983183
-0.703783
-0.117666
-0.085432
1.000000
-0.461475
0.084309
-0.337742
-0.519300
0.857344
-0.281526
-0.360729
-0.650680
0.457608
-0.624038
-0.572390
-0.903084
-0.063482
-0.568738
-0.869499
-0.349399
0.660554
-0.263966
-0.452389
-0.549056
0.994411
0.093566
-0.215997
0.887739
-0.068043
-0.074398
1.000000
-0.430595
0.591552
-0.547477
-0.759371
0.774089
-0.331824
-0.407458
0.876909
-0.604752
0.140398
-0.694754
-0.284114
0.904035
0.534568
0.314881
-0.828188
-0.949572
0.706200
0.094782
0.101103
0.829788
0.382091
-0.934312
0.780782
-0.577935
0.212096
0.203062
-0.207896
-0.851360
-0.640386
0.540647
-0.225252
0.118398
-1.000000
0.532901
-1.000000
-0.936190
-0.781209
0.978563
-0.580484
-0.846246
-0.040965
0.479216
-0.984868
0.468263
0.004217
0.677985
-0.400564
-0.282860
0.629467
-0.399487
0.236959
-0.846613
-0.552944
0.582803
0.547284
0.677524
0.814839
0.512294
-0.275053
-0.834351
-0.794126
0.707712
0.546961
-0.227773
-0.909389
0.934627
-1.000000
0.428026
-0.191256
0.267082
0.703649
-0.631038
0.506678
-0.207793
-0.772442
0.555527
0.844387
-0.058631
-0.922679
0.106393
-0.994751
0.648469
0.692203
0.649064
0.521824
0.589654
0.184418
0.633992
-0.010845
0.838374
0.415934
-0.202013
0.247775
-0.225981
-0.683194
0.890107
0.935408
-0.454992
0.181577
-0.315343
0.824528
1.000000
-0.817966
-0.584796
0.760763
0.169649
-1.000000
-0.271829
0.151024
-0.556355
1.000000
-0.200148
0.494485
-0.559773
0.889516
-0.529648
-0.558528
-0.478030
0.606130
-0.197200
-0.636675
0.511185
0.033648
-0.407504
-0.630367
-0.038330
-0.078802
0.552059
-0.607474
0.961050
0.593193
0.849711
-0.566821
-0.056252
0.678385
-0.812521
0.911112
0.370031
-0.188166
0.272074
-0.130856
-0.331444
0.509150
0.360984
0.687999
-0.079784
0.559254
-0.481998
0.712738
0.474592
-1.000000
0.733672
-0.803975
0.512382
-0.300560
-0.657900
0.322636
0.368205
0.177729
-0.776690
0.102653
-0.717451
-0.363245
-0.862057
0.292681
-0.202075
0.337504
-0.693506
0.179277
0.732763
0.805747
-0.772675
-0.655988
0.203240
-0.338189
-0.669092
-0.403646
-0.804216
-0.594963
-0.896548
-0.543596
0.414940
0.416056
-0.005079
-0.593247
0.371087
0.404300
-0.341837
-0.678033
-0.104288
0.796058
-0.819177
0.435824
0.141030
0.725650
0.102503
-0.851858
0.104992
0.257554
0.471202
-0.928189
0.157466
-0.139209
0.601772
0.598108
0.465823
0.259755
-0.245559
-0.555115
-0.034946
-0.499061
0.898740
-0.402243
-0.155684
-0.123904
-0.227603
-0.736946
0.536874
-0.961310
0.033321
1.000000
-0.168189
-0.978757
0.329976
-0.596944
-0.117516
0.618834
0.917039
-0.873494
-0.043065
-0.346284
-0.591456
-0.105190
0.880392
-0.169106
-0.406791
0.973368
0.638569
-0.027344
0.628669
-0.893144
0.970449
0.315512
0.369114
0.121052
-0.755784
0.454463
-0.141655
0.404755
-1.000000
0.303274
0.478448
-0.550127
-0.983441
0.877002
0.803707
-0.109093
-0.469161
0.543003
0.025047
-0.740391
-0.923860
-0.327127
-1.000000
0.841835
-0.063273
0.038607
0.092448
0.822912
-0.042318
0.253722
0.554591
0.642826
-0.042642
0.662914
-0.963484
-0.105884
-0.664095
-0.337852
-0.181097
0.694781
-0.145446
-0.475659
-0.368165
0.680256
-0.880020
-0.132109
0.603141
0.326561
-0.921562
0.044462
-0.745227
-0.952620
-0.590589
-0.247544
-0.217135
0.224406
-0.812175
-0.344696
0.385318
-0.473223
0.623819
-0.012326
0.661413
-0.945285
-0.509878
-0.837727
-0.783862
0.292604
0.903827
0.802704
-0.972510
0.150813
-0.906533
-0.445189
0.121345
-0.060472
-0.060446
0.497058
0.670707
1.000000
-0.912330
-0.240611
-0.732497
-0.712660
0.831782
0.389910
-0.465081
-0.395482
-0.722896
-0.096447
-0.758440
-0.793411
-0.481056
0.050147
0.820048
1.000000
0.551842
-0.241628
-0.282059
1.000000
-0.267455
0.191301
-0.171935
-0.173238
-0.868963
-0.128370
-0.803384
-0.232650
-0.243397
0.707972
-0.785943
-0.010630
0.385996
0.347897
0.208901
0.858723
0.240583
1.000000
0.315141
-0.368769
-0.093809
0.501608
-0.984405
0.240052
0.416112
0.544147
0.929584
0.530490
-0.282704
0.776678
0.521150
-0.562430
0.934038
-0.374644
0.262203
-0.390382
0.586317
0.846240
0.257195
-0.567816
0.576478
-0.137658
0.390939
-0.004827
0.639588
-0.640354
-0.412832
0.750649
0.147245
0.181192
-0.176401
-0.311707
-0.502059
-1.000000
-0.416339
-0.041549
1.000000
-0.404420
-0.782183
0.617297
-0.036428
-0.563155
-0.895237
0.171323
-0.453067
0.928524
-0.237549
0.646160
-0.409060
0.800421
0.936800
0.738656
-0.867078
-0.082743
-0.921392
0.635778
-0.734019
-0.443136
0.270659
0.313436
-0.622818
0.851168
-1.000000
-0.356312
-0.453909
0.610789
-0.004609
0.522522
0.167281
0.275807
0.349667
-0.570972
0.702479
0.391480
0.207706
0.158916
-0.470419
-0.790611
-0.873168
-0.063272
-0.593699
0.801157
0.648837
-0.311958
0.663574
0.736542
-0.691737
-0.286372
0.509606
-0.565562
-0.609514
-0.407143
1.000000
-0.744027
0.558371
-0.501131
-0.183320
0.880541
0.202330
0.588475
0.965679
-0.231214
0.391090
-0.930766
-0.748462
-0.267978
-0.906335
0.133457
-0.386732
0.697229
-1.000000
-0.976568
-0.876054
-0.396927
-0.365054
0.928489
0.901987
0.966330
0.663926
-0.457031
0.474323
-0.257137
0.117288
-0.514745
-0.154024
0.086012
-0.902939
0.542001
0.181369
-0.458574
0.729093
-0.981427
0.825627
-0.492532
-0.586095
0.385053
-0.449079
0.856867
0.021888
-0.927545
-0.819949
0.500039
0.712200
0.185969
0.264580
0.239041
-0.669100
0.587000
0.041014
-0.021892
-0.795686
0.666141
-0.954316
-0.721447
0.633950
0.002969
-0.184624
-0.556034
-0.171264
-0.635280
0.843774
-0.064809
-0.830467
-0.507587
-0.374349
-0.994057
-0.427627
0.477584
0.313489
-0.431325
-0.904807
0.323162
0.901851
0.214564
-0.714775
-0.566040
-0.346066
-0.032062
-0.113780
-0.840501
-0.226880
0.320998
-0.217217
-0.193428
-0.732651
-0.748793
-0.908430
-0.975504
-0.151918
-0.162130
0.178916
-0.811680
0.546023
-0.837214
0.354991
0.141781
0.839414
-0.170706
-0.945829
-0.373028
0.116163
-0.913406
0.038310
-1.000000
0.191827
0.752452
0.172938
0.165373
-0.002955
0.093106
-0.718381
-0.796290
-0.358353
-0.583612
-0.998005
0.136363
-0.109286
1.000000
0.740257
0.097268
0.992903
-0.103727
-0.021408
-0.534761
-0.686285
0.416125
0.874457
0.480791
-0.547604
-0.798713
-0.710514
-0.565315
0.838246
-0.305191
-0.143510
-0.023969
0.093239
-0.352194
-0.008640
1.000000
-0.217696
-0.428374
-0.116288
-0.542462
0.537313
-0.103525
-0.409896
0.178517
-0.675607
-0.673397
0.359468
-0.508258
-0.614320
0.179260
0.914381
-0.992382
-0.435150
1.000000
-0.439045
0.379324
1.000000
0.749937
-0.550448
0.902468
-0.024435
0.635731
0.718058
0.563892
0.079332
0.053451
0.626818
-0.360740
0.246698
0.545374
-0.055897
0.645567
-0.775507
0.773630
-0.056988
-0.051138
0.658163
-0.890538
0.305156
0.998576
-0.753896
-0.550597
-0.178447
0.447202
-0.787195
0.507205
-0.269762
-0.629561
0.760022
-0.057564
-0.665751
0.160165
0.389064
-0.789749
-0.830524
0.604360
0.417249
0.900530
-0.142889
0.142154
0.782154
-0.061466
0.318109
0.473869
-0.622559
-0.338364
0.387371
0.197728
0.957384
0.233778
-0.155857
-0.564928
0.513217
0.380667
0.079057
0.847443
-0.550829
-0.902288
0.916417
-0.910333
0.371819
-0.402027
0.978986
0.361360
0.509800
-0.055859
0.595542
0.480769
-0.103023
0.652279
-0.875212
-0.542913
0.841661
-0.402833
0.048422
0.348785
0.472620
0.618951
0.514239
0.487560
0.494548
-0.816739
0.470133
-0.304053
0.962415
0.792816
0.094109
-0.250357
0.868907
-0.864188
-0.304952
-1.000000
0.737682
0.506301
-0.643012
0.842408
0.255923
0.446849
-0.274526
1.000000
0.722351
0.828002
-0.957630
0.729272
-0.255305
0.717382
-0.717152
-0.444324
0.423689
-0.031519
0.182988
0.247697
0.322669
0.063139
-1.000000
-0.411259
0.773740
1.000000
-0.915241
-0.531583
-0.940545
-1.000000
0.026787
0.796665
-0.693279
-0.109484
0.065817
-0.404745
0.367092
-0.776096
-0.655138
0.681631
-0.651545
0.435584
-0.631485
0.980108
0.634046
-0.396231
1.000000
-0.715270
-0.657106
0.810801
0.973749
0.434941
-0.547809
0.840683
-0.099674
-0.649951
0.462265
-0.609814
-0.757257
-0.141991
-1.000000
0.315292
0.066435
-0.498282
-0.594088
-0.164604
-0.845487
-0.778667
0.411789
-0.797556
-0.218675
0.223970
-0.854783
-0.060770
0.303688
-0.182498
-0.125300
0.056296
-0.747344
0.995228
0.807424
0.028950
-0.252434
0.139328
-0.303913
0.996610
0.505317
-0.483802
0.430867
0.112436
-0.518640
-0.864078
-0.608991
-0.405174
-0.128457
0.775723
0.010642
-0.510240
-0.064584
0.789608
0.107923
-0.019052
0.211108
-0.315786
-0.369685
0.247396
-0.350023
-0.803385
-0.769052
-0.291831
-0.153077
0.176582
-0.929497
-0.674320
0.043153
0.139393
0.368119
-0.816037
-0.358256
-0.858512
-0.762099
-0.320523
-0.891245
0.024879
-0.941356
0.976486
0.586089
0.589171
0.021667
-0.271961
-0.915758
-0.083226
-0.680269
-0.251380
0.072758
0.234679
-0.636827
0.179193
-0.202757
0.440425
0.427473
0.857282
0.822209
1.000000
0.068327
0.034412
-0.436979
0.322856
0.413884
-0.596463
0.992129
0.023143
0.142662
0.413633
-0.778670
-0.376909
0.018440
0.023389
0.622897
-0.217232
0.869726
-0.913893
0.695587
0.274176
-0.502589
0.204772
0.470601
0.520449
-0.979467
-0.086748
0.762052
-0.325613
-0.711731
-0.068055
0.330422
0.717601
0.652539
0.903782
-0.038717
0.123441
-0.917267
-0.264739
-0.713810
0.872406
0.445722
0.670502
-0.632528
0.589738
0.346104
-0.391867
0.027500
0.344574
0.487558
-0.742894
-0.329896
0.189452
-0.974574
0.305925
-0.976216
0.379049
0.033884
0.780414
-0.074880
0.488262
0.826897
0.848181
-0.087292
0.949127
-0.108800
0.470390
0.296662
0.360837
-0.431985
0.950618
0.166614
-0.779150
0.897252
0.423176
0.733608
-0.129549
-0.880763
-0.758865
-0.805979
0.663162
-0.103352
0.573906
-0.459927
-0.235506
-0.575443
0.197703
0.732828
-0.833239
0.404578
0.971773
-0.965470
-0.779744
-0.891363
0.645909
-0.244457
0.745864
0.601468
-0.401270
-0.056699
-0.238582
0.069857
-0.046896
-0.770835
0.125069
1.000000
-0.254415
0.462989
0.908632
0.213907
-0.569037
-0.359124
0.035416
0.608803
-0.223810
-0.609725
-0.632663
0.545990
0.888587
-0.148078
-0.108892
0.393046
0.715025
0.018212
0.767607
0.156487
-0.403171
0.414874
0.141590
0.363466
-0.276736
0.397703
-0.653353
0.187567
-0.875182
0.696328
-0.764604
0.290968
0.969997
0.577395
0.191908
-0.724657
0.072557
0.874572
-0.120988
-0.554601
0.875090
-0.226453
0.241233
-0.350072
0.647877
0.931196
0.502747
-0.464079
0.018355
0.187884
-0.495112
0.960575
0.829609
0.350038
0.544114
-0.266866
-0.370957
-0.011982
0.860280
-0.642752
-0.412167
-0.116074
0.843868
0.862974
0.257511
-0.226026
-0.516920
0.496548
0.928838
0.938537
0.810874
0.720930
1.000000
-0.434111
0.453988
0.195893
0.807262
0.221669
0.732126
0.650866
-0.430494
0.879997
-0.750697
-0.864365
0.987547
0.470941
-0.499942
-0.986788
-0.895339
-1.000000
-0.468660
0.250104
0.816739
0.299382
0.693921
0.638276
0.521272
0.118961
0.839651
1.000000
-0.616977
0.440407
-0.942120
0.640453
0.159752
-0.377144
-0.710130
0.634480
-0.706546
-0.243065
0.522891
0.437799
0.840618
-1.000000
-0.149897
0.143085
-0.795158
0.899634
-0.316925
-0.178311
-1.000000
-0.163629
-0.046224
-0.738016
-0.826789
-0.157987
0.224355
0.493448
0.651596
0.557126
-0.246979
0.122665
-0.768981
-0.966982
0.384230
-0.562961
0.563707
0.756181
-0.389904
0.678698
0.138102
0.829356
1.000000
-0.567008
0.083845
-0.502927
-0.095406
-0.125421
-0.308421
0.761475
0.745784
-0.535221
-0.646015
-0.926704
-0.525036
0.423398
-1.000000
0.658179
0.961394
0.323374
-0.691150
0.529680
-0.561812
-0.636999
0.917028
-0.361437
-0.532128
0.466017
-0.714786
-0.040717
-0.201142
0.086287
0.464015
-1.000000
0.510424
0.448821
-0.531142
-0.168006
-0.693174
0.195969
-0.914958
-0.147625
-0.778261
0.072792
0.715433
-0.855224
0.067054
0.824812
-0.125704
-0.285474
-0.068575
-0.560446
0.638203
0.009098
0.056304
0.894124
-0.872433
-0.444501
0.140763
-0.127378
0.773426
-0.870682
-0.456788
-0.774110
-0.223546
0.678902
-0.045591
0.417600
0.205572
-0.780906
-0.596090
0.748086
0.764725
0.621286
0.049238
-0.851237
0.371945
0.399651
0.743025
0.059707
0.066061
0.617255
0.660723
-0.301239
0.693714
0.582608
0.681326
-0.379712
-0.354205
-0.326355
0.937480
0.110957
-0.398719
-0.160428
0.969051
-0.114660
0.934053
0.455350
0.887687
0.329778
-0.150279
-0.474496
0.113033
0.792620
0.993133
0.007208
0.717055
0.596877
-0.092102
0.275555
-1.000000
0.149665
0.208458
0.575652
0.241860
-0.975907
-0.453053
-0.300542
-0.404660
0.818609
-0.044929
0.952221
0.507986
0.404436
0.163842
-0.374938
-0.654796
-0.589420
0.217686
0.906300
-0.746150
0.226375
-0.435610
-0.240193
-0.267562
0.161571
0.873517
1.000000
0.757095
-1.000000
0.358650
0.911835
0.269988
0.735386
0.271927
0.734355
0.975061
-0.258645
0.548649
-0.198186
-0.869393
-0.762215
-0.093453
0.626618
0.041739
-0.738709
0.287130
-0.924161
-0.851088
0.577940
0.237618
-0.192671
-0.148479
1.000000
-0.148653
0.704335
-0.570153
0.440573
-0.355139
-0.713142
0.452850
0.862932
-0.162015
0.729602
0.464248
-0.320733
0.215564
-0.850983
-0.117269
0.184148
0.129410
0.434828
-0.986345
-0.136546
1.000000
0.166540
-0.624161
-0.870974
-1.000000
0.049532
-0.558195
-0.912546
0.233713
0.369995
-0.285235
0.535077
0.796004
-0.178236
-0.695452
0.991876
0.245972
-0.649430
-0.570627
0.235201
-0.426318
-0.497826
-0.137454
-0.842310
-1.000000
-0.119645
0.802374
0.196207
1.000000
-0.102337
0.034537
-0.513973
-0.252974
0.113052
0.449126
-0.829424
-0.978683
0.564143
0.162963
-0.670347
0.328775
-1.000000
0.312433
0.696367
-0.153500
-0.061205
0.501729
0.860698
-0.855241
-0.123406
0.798049
-0.941121
0.198041
-0.607733
-0.543289
0.979341
-1.000000
0.861391
0.464194
0.955237
0.681992
0.788103
-0.379617
-0.130197
-0.082927
0.354221
-0.840699
-0.176868
-0.798878
0.815255
-0.186871
-0.085944
-0.334151
-0.407190
0.308506
-1.000000
0.989121
-0.113216
-0.904625
-0.152867
-0.715095
-1.000000
-0.483897
-0.705188
-0.212561
-0.816232
-0.754237
-0.385345
-0.358875
0.914673
0.940376
-0.657105
-0.610062
-0.815740
0.928987
0.525403
0.470583
0.046432
-0.953092
-0.367361
-0.881997
-0.982299
0.393846
0.696336
-0.783881
0.461935
0.824314
-0.409461
0.461578
-0.379805
-0.886458
-0.764100
0.216644
0.874585
-0.277239
-0.706482
0.763325
0.111822
-0.931907
-0.019515
-0.571881
-0.261652
-0.395532
0.434144
-0.484269
0.198259
-0.845953
0.082104
-0.219789
-0.624257
0.905345
-0.894648
0.401292
-0.240274
-0.249557
-0.627897
-0.612642
-0.037635
-0.029225
-0.739235
0.486523
0.529493
-0.133691
0.921716
0.735314
-0.271785
0.202913
-0.732367
-0.532383
0.946332
0.072265
0.578772
-0.636775
-0.801420
0.668182
0.964472
-0.141855
-0.156533
-0.632907
0.186185
0.400964
0.284835
0.156092
0.862494
0.723961
0.418617
-0.806091
-0.673541
1.000000
0.375523
0.083897
0.977458
-0.356713
-0.265127
0.042143
-0.332850
0.963252
-0.413343
-0.776880
0.765744
0.479432
0.731891
-0.014251
-0.340167
-0.952627
-0.189043
0.795753
-0.222974
-0.123360
-0.662755
-1.000000
0.903945
-0.853270
-0.851859
0.875764
0.816222
-0.405964
-0.933871
-0.353375
-0.165214
-0.027716
0.127317
0.943099
-0.454171
-0.875200
0.189379
0.126804
-0.090918
0.146554
0.271022
-0.057250
0.439515
-0.017570
0.671587
0.699022
0.963704
0.923266
-0.713183
0.574684
0.893259
-0.421571
-0.518534
-0.729611
-0.542183
0.476169
0.678804
-0.688698
-0.860411
-0.638847
-0.630761
1.000000
0.955078
-0.924351
0.981015
0.072333
0.315641
-0.839819
0.016729
0.834005
-0.453900
-0.090548
0.349292
-0.586879
-0.445604
0.710160
-0.589901
-0.205545
0.761365
0.383711
0.790842
-1.000000
0.696086
0.754557
-0.368638
-0.831085
0.795727
-0.959921
-0.673253
0.763632
0.363553
0.726261
0.196661
-0.095388
0.037797
-0.450485
0.794410
0.698615
-0.992813
0.140160
-0.825459
0.969065
-0.467598
0.691527
0.951963
0.931064
0.326616
0.522078
0.250245
-0.409386
-0.150730
0.756032
0.286314
-0.198217
-0.248879
0.958002
-0.435660
0.562921
-0.488663
-1.000000
-0.906604
0.995690
-0.178650
0.334161
0.952080
0.701148
-0.970856
-0.979337
-0.729174
-0.763637
-0.748749
0.026214
-0.303104
0.388318
0.365888
0.470620
-0.483146
-0.761479
0.002839
0.090927
0.002743
-0.318794
0.141400
-0.991252
-0.410159
-0.459283
0.798512
0.673863
0.614963
-0.996713
-0.791137
-0.826406
-0.886968
0.406961
-0.585019
-0.809328
-0.141389
-1.000000
-0.431759
0.331636
-0.592100
-0.403276
-0.355495
-0.013083
-0.933762
-0.390028
-0.198616
-0.333230
0.077717
0.981261
-0.084061
0.879065
0.888037
0.588934
-0.382934
0.367954
-0.715839
0.085028
0.370384
-0.545325
-0.388170
-0.035945
-0.598373
-0.195478
-0.959838
-0.493886
0.526424
-0.708680
0.174548
-0.188663
0.785642
-0.976542
0.631271
0.511686
0.682734
-0.071850
-0.862833
-0.281875
0.594953
-0.788968
0.339109
-0.474226
0.135121
1.000000
0.517059
0.933737
0.343388
-0.641667
-0.331762
0.117608
0.749396
-0.434968
-0.146791
-0.397134
0.743507
0.698812
0.464696
-0.305204
0.251322
0.344532
0.859340
-1.000000
0.924406
-1.000000
0.731513
-0.267357
-0.169252
-0.964114
-0.181114
0.247135
-0.784348
0.818359
-0.144052
-0.859731
-0.716988
-0.805374
0.021612
-0.209553
-0.953262
-0.074733
0.554653
0.605054
-0.043711
0.298313
-0.939214
0.525592
0.567822
-0.836531
0.765216
-1.000000
0.004893
-0.998352
0.703019
-0.428746
-0.441508
-0.012906
0.705309
0.178583
-0.707181
0.810259
-0.469780
0.346157
0.879339
-0.470506
0.023728
0.290528
-0.782526
0.119986
-0.433465
-0.742135
-0.206309
-0.586471
-0.335511
-0.738986
0.909819
0.272304
0.413788
-0.316518
-0.135038
-0.374505
-0.878384
-0.264367
-0.919840
-1.000000
-0.076365
-0.844860
0.176874
0.985974
0.145854
0.334434
-0.172015
0.547495
-0.489604
0.473128
1.000000
-0.495249
-0.101366
0.279061
0.119702
0.250260
-0.471016
0.833842
-0.964660
1.000000
0.972515
-0.271240
0.612230
0.258050
0.346407
0.558780
-0.263500
0.886461
0.641426
0.372231
0.748813
0.656756
0.898039
-0.583442
-0.586790
0.881778
0.122654
-0.766060
-0.099375
-0.108683
0.848859
-0.501380
-0.776986
-0.187032
0.714504
-0.517768
0.015764
0.700486
-0.553050
-0.815217
-0.302667
-0.069941
-0.038348
-0.994165
0.164091
-0.003447
-0.233644
0.455049
0.257858
0.711273
0.432997
-0.177795
0.451931
-0.440647
-0.106098
0.638816
0.090883
0.534476
-0.630205
0.734817
0.727488
-0.020142
0.943715
-0.082104
-0.942325
0.407086
0.105551
0.315852
0.517529
0.327796
0.459046
1.000000
0.747616
0.023492
0.365620
-0.463382
-0.697953
0.260425
-0.702726
-0.613087
-0.771933
1.000000
-0.524955
0.440093
0.331428
0.953449
0.225211
0.859204
-0.693615
-0.876313
0.582543
0.819270
0.545911
-0.693608
0.589137
0.239798
-0.878430
0.065983
0.959801
-0.452654
-0.575346
-0.276504
-0.425674
0.982861
0.012210
0.250392
-0.941107
0.103675
0.347140
0.826013
0.401811
-0.003015
-0.538537
-0.461712
-0.249347
-0.714038
-0.720739
-0.916187
-0.461436
0.190313
0.491414
-0.193828
-0.012035
1.000000
0.675220
-0.634380
0.519390
0.871912
0.261976
-0.805997
-0.403565
0.371642
0.715229
-0.457684
0.383885
0.430623
0.064911
1.000000
0.829828
-0.586826
0.591811
0.990348
0.085360
-0.273555
-0.185647
-0.752523
0.877518
0.433986
-0.978220
0.800812
0.243773
-0.192407
0.842194
0.913234
-0.188081
-0.155285
0.201870
0.686780
-0.830951
-0.108932
-0.635307
-0.519507
-0.487791
0.258631
-0.421120
0.959644
0.627164
0.777009
0.382663
0.196929
1.000000
0.014161
0.190442
-0.422960
0.784937
-0.334748
0.462650
0.150619
-0.398745
0.962267
-0.740721
0.526388
-0.930210
0.910488
-0.141074
0.071012
-0.344468
-1.000000
0.803482
-0.841990
0.144604
-0.480830
-0.220988
-0.493489
-0.176531
0.578760
-0.463850
-0.391397
-0.194187
0.345875
0.081846
-0.397808
-0.403745
-1.000000
0.115893
-0.282107
-0.911010
0.631466
0.608109
0.371818
-0.640168
0.616833
0.031247
-0.186087
-0.500039
-0.383401
0.953613
0.633969
-0.032398
-0.963734
-0.402058
0.677306
0.215014
-0.054638
0.613797
-0.106129
0.268769
0.149697
-0.784324
0.374955
0.534876
-0.041236
-0.645375
0.459100
0.625373
-0.488044
-0.496847
-0.696342
0.389849
-0.376069
-0.996356
-0.048011
0.357229
-0.607286
-0.597222
0.327174
-0.354665
-0.417877
-0.027086
-0.850229
0.279876
-0.516050
-0.388292
-0.076477
-1.000000
-0.887877
0.630609
-0.178459
-0.820831
-0.501980
0.311859
0.089102
-0.940723
-0.017544
0.967098
0.341631
-0.450063
0.351352
0.942097
-0.499533
0.534361
-0.082387
0.719489
0.980197
0.983857
0.056169
0.829791
-0.477024
-0.529634
0.688278
0.904923
-0.460372
0.002093
0.510895
-0.876006
-0.061442
0.843777
0.903780
0.603685
0.090941
0.634737
-0.481913
-0.292022
-0.575410
1.000000
0.069502
-0.559729
-0.688881
0.763995
0.406361
-0.136417
-0.557399
-0.840456
-0.452749
-0.809726
-0.190336
0.906580
-0.899702
-0.666857
0.430674
-0.447169
-0.120817
0.124370
0.386342
-0.201799
-0.968941
0.196846
0.961293
-0.898431
0.986458
-0.165884
-0.139967
0.656009
-1.000000
0.763818
-0.772891
0.027093
0.588767
0.984512
0.691035
-0.825006
0.949855
-0.477376
0.262461
-0.463948
-0.878024
0.487828
0.335284
-0.497312
-0.833787
-0.264151
-0.109967
1.000000
0.447294
0.681534
0.128980
-0.725550
0.136774
0.757215
0.327282
0.028772
0.052859
-0.271283
-0.655042
0.146136
-0.645191
0.425988
-0.228834
-0.388714
-0.200025
0.992370
0.931640
-0.094545
0.693710
-0.347921
0.310528
0.733647
0.060065
-0.207202
-0.596651
0.553228
-0.348128
-0.837729
-0.601858
1.000000
-0.475828
0.612538
0.254890
0.140749
0.682432
-0.129482
0.283595
-0.657605
0.315314
-0.909819
0.617081
-0.734958
0.714990
0.045413
-0.007098
-0.844611
1.000000
0.665700
0.990846
0.254508
0.077941
-1.000000
-0.059230
-0.488670
-0.423619
0.553947
-0.579772
0.225696
1.000000
-0.438015
-0.851979
-0.674681
0.504835
0.249243
-0.278587
-0.065955
-0.082511
-0.575616
-0.477387
0.917428
-0.859775
-0.503313
-0.738080
0.375861
-0.384653
0.204909
-0.150092
0.711018
-0.147903
0.680683
0.760586
0.731751
0.164143
0.723875
-0.023874
0.964083
-1.000000
0.959399
-0.642359
0.390487
0.345455
-0.026687
-0.986414
-0.878999
-0.598293
-0.761487
0.607752
0.175074
0.027650
0.175449
-0.915360
-0.244323
0.976202
0.837181
0.066419
0.501906
0.499813
0.130091
-0.208088
0.481794
0.722050
-0.795370
0.563370
0.079829
-0.665502
-0.627496
-0.152218
-0.257048
0.859664
0.044425
0.570106
0.457891
0.423189
-0.035728
0.722448
-0.859242
-0.642296
0.533978
-0.237335
-0.226171
0.117285
-0.542034
0.648867
0.320488
-0.486859
-0.457900
-0.651616
0.363096
-0.966904
0.248618
-0.809135
0.276893
0.465455
0.737097
-0.737889
0.347108
0.966123
-0.301679
0.559397
0.798848
-0.864991
1.000000
0.267611
0.486297
0.007103
0.188738
-0.978351
0.033159
0.636368
-0.877549
-0.950116
-0.392663
-1.000000
0.745603
-0.544747
0.511230
-0.005084
-0.545541
-0.994583
0.549163
0.989028
0.192805
-0.402244
0.291261
-0.782124
-0.540323
-0.760702
0.579399
0.014518
-0.649011
-0.885420
0.243816
-0.808890
0.501765
0.223338
0.064917
-0.827177
-0.600719
0.285671
0.993884
0.992094
0.819031
0.560061
0.486834
0.000022
-0.519809
0.690162
0.366086
-0.804288
-0.716999
0.757024
-0.748798
0.981817
-0.069292
0.521884
-0.574965
-0.663080
-0.301661
0.251663
0.619225
-0.593245
-0.089584
0.389490
0.299012
-0.385713
-0.779930
-0.912123
0.539624
0.261031
-0.603850
0.708739
0.876753
-0.311875
0.010296
0.670901
-0.359572
0.954726
-0.148854
-0.727474
-0.376841
-0.517996
0.923050
0.280922
-0.755740
1.000000
0.004022
-0.207239
-1.000000
-0.286099
-0.193949
-0.334190
0.780067
-0.545800
0.747276
-0.206510
-0.558726
-0.099990
0.249607
0.559361
-0.717964
0.640036
0.607905
-0.010530
-0.497736
-0.287008
0.803156
0.804649
0.592205
0.644785
-0.597710
0.700717
-0.069946
0.087817
-0.348418
-0.093982
0.335823
0.934692
0.821501
0.859661
-0.928630
0.420586
0.028665
-0.457311
0.206346
0.702710
0.205878
0.706736
0.470886
0.237228
-0.668879
1.000000
0.314727
0.380852
-0.162815
-0.034662
0.130610
0.589984
0.116949
0.390924
-0.116280
-0.753485
0.178039
-0.901809
0.347304
0.886932
1.000000
0.532913
0.577517
-0.193653
-0.523367
-0.468174
0.933803
-0.461522
0.018274
-0.097577
-0.716469
-0.437349
-0.411306
-0.380373
0.763387
0.505636
0.367226
-0.930219
0.965628
0.606323
-0.356751
0.073563
0.452382
0.244837
-0.856489
0.423885
0.106598
-0.034715
-0.398943
0.327466
-0.462559
1.000000
0.055289
0.966055
-1.000000
-0.407186
-0.639191
-0.704226
-0.155982
-0.062950
0.121538
0.055573
0.060137
-0.309937
0.416866
0.296361
-0.919891
-0.306392
-0.562898
-0.423576
0.342417
0.571262
-0.901713
0.937102
0.869464
0.239721
0.338023
0.998392
0.776692
-0.538280
0.930113
-0.437467
-0.760609
1.000000
-0.785204
-0.675847
0.057244
0.638546
0.236080
-0.477042
0.644403
-0.249391
0.819526
0.484225
-0.593254
0.112717
0.101243
-0.696160
-0.751354
-0.666040
-0.613120
0.318964
-0.361718
-0.359542
0.697448
0.555074
-0.419452
-1.000000
0.350004
-0.588294
0.103139
0.371605
-0.733462
0.614717
-0.983335
-0.074042
0.911247
-0.981104
0.344691
-0.665614
0.658958
0.464366
-0.737816
-0.790553
1.000000
0.332546
-0.365987
0.460651
-0.486366
-0.521718
-0.915029
-0.373130
-0.124090
0.875062
0.111167
-0.346954
-0.623750
0.832277
-1.000000
-0.843453
0.821900
-0.239839
-1.000000
0.410109
0.883638
-0.386136
0.868282
0.350458
-0.959854
-0.169951
0.002682
-0.685267
-0.269009
0.316370
-0.561621
-0.038799
0.169810
0.262235
0.595054
-0.676383
-0.032920
0.432035
-0.857128
-0.559525
-0.058289
0.556320
0.867551
0.544570
-0.354503
0.953767
1.000000
-0.206444
-0.961237
-0.646414
-1.000000
0.031245
0.464811
-0.245114
0.264377
-0.187113
0.388958
-0.603577
0.008420
-0.026311
-1.000000
-0.703374
0.086567
0.639582
0.448264
0.937194
-0.599299
0.506729
-0.569389
0.799218
0.799415
-0.048502
0.241151
-0.633956
0.101598
0.146716
-0.384419
-0.780653
-0.571290
0.406775
0.984227
-0.713389
0.714999
-0.980475
0.488184
-0.675944
-0.666944
-0.481892
-0.014674
0.136094
-0.341327
0.820733
0.937411
0.946464
0.840082
-0.490470
0.957117
0.059121
-0.590152
0.682480
0.548904
-0.538548
-0.298595
-0.873592
-0.054929
0.077402
0.657118
0.414192
-0.936843
-0.325990
0.384843
-0.114080
0.960785
0.348672
-0.959325
-0.291832
-0.994813
0.173385
-0.051937
-0.141656
0.141947
0.825396
0.835763
0.135272
-0.403181
-0.896546
-0.488719
-0.533035
-0.034782
0.226046
0.939242
0.827612
-1.000000
0.779210
0.209971
-0.289382
-0.041785
-0.840362
0.581101
-0.043448
0.813831
0.116374
0.324733
0.397273
-0.959991
-0.715251
-0.135343
-0.310249
-0.896369
0.255015
0.565170
0.413004
-0.004026
-0.828305
0.323467
-0.263699
-1.000000
0.960457
-0.020503
-1.000000
0.224287
0.536185
0.845884
0.059253
0.010545
-0.489089
-0.875781
0.946570
0.962121
0.976106
-0.809283
-0.492336
-0.549482
-0.445703
1.000000
0.108902
0.682953
-1.000000
-0.019134
0.938266
0.948091
0.042163
1.000000
-0.261445
0.981630
-0.430036
-0.743562
-0.733831
0.986820
0.453255
0.193014
0.762250
-0.930830
0.121001
0.239080
0.287493
0.239750
0.826041
0.349899
0.390675
0.688090
-1.000000
0.716628
-0.022488
0.077899
-1.000000
-0.283576
-0.889749
0.201094
0.623589
-0.199421
0.711509
0.385495
-0.895047
-0.694317
-0.125580
-0.411117
-0.381607
-0.283803
0.076995
0.765004
0.660762
-0.494935
-0.159620
-0.195969
-1.000000
-0.462078
-0.357239
0.748932
-0.269371
0.179270
0.122892
-0.534242
-0.103026
0.162769
0.782519
-0.331755
-0.769584
0.752252
0.203874
-0.724332
-0.321088
-0.107256
0.596448
0.377747
0.993657
-0.978471
-0.799955
-0.096922
-0.333153
0.783102
-0.111803
0.177430
1.000000
-0.158704
-0.683402
-0.489637
-1.000000
-0.912837
1.000000
0.230038
0.640532
0.175169
-1.000000
0.133069
0.581975
0.955507
-0.504425
-0.808040
0.098686
-0.599217
-0.040819
-0.606524
0.614315
-0.073712
0.565492
0.315469
0.288390
0.710511
0.594139
-0.930409
0.870619
-0.809251
0.273583
-0.631202
-0.332041
0.774746
0.251280
-0.450902
-0.730277
-0.644302
0.004875
-0.742026
-0.546660
-0.370330
-0.146717
-0.766417
-0.284389
0.381465
-0.567339
-0.177808
-0.442116
-0.235340
0.849514
0.764706
0.628043
0.463100
-0.335329
-0.788235
-0.114090
-0.923188
0.849317
-0.626627
-0.834881
0.440983
-0.324915
-0.233989
-0.221003
-0.400172
-0.294706
-0.661532
-0.518747
0.011209
-0.665648
-0.066365
-0.381057
0.827358
-0.511746
-0.624406
-0.611520
0.563194
0.965711
0.911781
-0.652131
0.349563
-0.809738
0.550677
-0.637729
-0.976130
0.317175
0.493185
0.232183
0.649160
-0.043873
-0.316319
-0.966049
0.918493
-0.893304
0.069837
-0.307197
-0.166284
0.636823
1.000000
1.000000
-0.504308
0.775573
-0.758162
0.478963
-0.910417
-0.100721
0.343833
0.471972
-0.589928
-0.245035
0.494682
0.271026
0.686821
-0.384493
-0.339224
-0.165592
0.399360
-0.641121
-0.617816
0.552957
0.805461
-0.571233
0.756188
0.886559
0.816295
-0.385741
-0.662765
-0.005224
-0.532299
-0.187218
0.952688
-0.946866
-0.136127
0.433664
-0.174661
-0.649399
0.339015
0.844032
-0.641884
0.848511
-0.054565
-0.275357
0.436738
-0.463746
-0.525083
1.000000
-0.475655
-0.032974
0.638413
-0.077999
-0.714283
0.566189
0.026748
-0.171353
-0.060621
-0.868511
0.141535
-0.133337
-0.454898
-0.220897
-0.144680
-0.730354
-0.199944
-1.000000
-0.011742
-0.039144
-0.501504
0.444444
-0.292169
-0.559283
0.260347
0.330005
0.101786
-0.646768
-0.772397
0.316080
-0.137920
-0.605734
-0.705182
-0.288733
-0.341472
-0.198282
-0.172113
0.391244
0.129332
0.031297
-0.230859
-0.297463
0.748560
-0.660967
0.006389
0.342501
-0.668738
0.468280
-0.938889
0.546211
0.288456
-0.977046
-0.973519
0.402790
0.823087
0.732678
0.689388
-0.188894
1.000000
0.222854
0.478824
0.316508
-0.182347
-0.411801
0.726903
0.078739
-0.075696
0.196643
-0.812652
-0.157845
0.837372
0.453323
0.962406
-0.204770
-0.355142
-0.812965
-0.948764
-0.966454
1.000000
-0.178562
-0.083711
-0.462421
0.511340
-0.124138
0.652041
-0.036897
0.604275
0.589416
-0.826770
0.954732
-0.652392
-0.858655
-0.269470
-0.785279
-0.189034
0.919718
-0.459820
-0.477443
0.227805
-0.074901
0.309033
0.516305
0.291488
0.012755
-0.905075
0.289754
-0.764059
0.438915
-0.857138
0.095037
0.026692
0.836548
0.603243
-0.816565
0.880088
0.681565
0.702581
-0.044961
-0.007966
0.831583
0.218915
0.425214
-0.194312
-0.492783
-0.807257
-0.512017
-0.634875
0.203880
-0.183266
-0.363856
-0.527064
-0.093393
0.666925
-0.855425
0.877527
0.881039
-0.579556
-0.469939
0.740069
0.025858
-0.481155
-0.550963
0.044922
0.126112
-0.282415
-0.969719
-0.783449
0.626612
0.628154
-0.618125
-0.266566
0.078874
-0.140431
0.285310
-0.233856
0.276094
-0.091687
0.893834
0.557553
-0.736126
0.101365
-0.171249
-0.688087
0.989699
0.540382
-0.866535
0.137036
-0.520766
-0.165513
0.123748
0.738604
0.071212
-0.706636
0.030762
0.083077
-1.000000
0.586836
0.474109
-0.045732
-0.252143
0.959171
-0.961500
-0.394390
0.013682
-0.242479
0.468796
0.552366
-0.399051
0.316025
-0.314628
-0.010520
-0.093450
0.061670
-0.478284
0.744788
0.935269
0.484425
-0.789402
-0.931000
0.561425
-0.532829
-0.312624
0.513255
-0.953711
-0.103577
0.257961
0.863084
0.962238
0.769975
0.478184
0.895273
-0.598313
-0.266038
0.602283
0.417502
-0.178336
-0.642801
0.955843
-0.127394
-0.740620
0.357788
0.038781
0.397391
0.569633
0.110410
-0.087045
-0.890133
-0.352700
-0.865451
0.584860
-0.606660
-0.728834
0.604353
0.923791
-0.164892
0.315376
0.716407
0.141851
-0.023553
-0.928113
1.000000
0.854153
0.586194
-0.711976
-0.612538
0.437922
-1.000000
0.195217
-0.018560
-0.635701
0.931947
-0.677380
-0.572996
-0.467468
0.265466
-0.452350
0.762968
-0.776583
-0.675225
0.982959
0.810275
0.269425
-0.628967
-0.160677
-0.175363
0.796617
-0.481708
1.000000
0.509332
0.495369
0.877518
0.076484
0.486433
-0.782553
0.320693
-0.839531
-1.000000
0.464618
0.061311
-0.563954
0.202820
-0.265612
0.664747
0.081477
-0.083735
0.107878
-0.131989
0.175895
-0.300102
-0.473010
-0.222125
-0.069714
-0.819880
0.465994
-0.953638
-0.961663
1.000000
0.763818
0.486934
0.359575
0.188629
0.498054
0.580498
-0.908291
0.280856
-0.609520
-0.733185
-0.988657
-0.721522
0.676032
0.397762
0.730628
-0.844486
1.000000
0.722352
0.914941
-0.344840
0.276894
-0.645962
-0.242420
-0.004353
0.121527
-0.445563
-0.174186
-0.740040
0.874265
-0.770374
1.000000
-0.534398
-0.516911
0.812965
0.166206
-0.319964
-0.016535
0.746067
-0.635500
0.310130
0.029915
-0.832385
-0.231106
0.279817
-0.373455
-0.142760
0.295541
-0.535426
-0.633339
0.475532
-0.271043
-0.634380
0.550762
-0.850459
-0.914290
-0.220356
-0.656651
-0.252951
0.066648
-0.497743
-0.065964
0.859421
0.253324
0.337468
1.000000
0.421826
0.090802
-0.501835
-0.114509
0.029289
-0.223632
1.000000
-0.850182
0.440095
-0.455806
0.377563
0.537070
0.444637
-0.787539
1.000000
-1.000000
0.117191
-0.765147
-0.150359
-0.425889
-0.647375
-0.398269
-0.269684
0.612436
-0.234820
0.520969
-0.099497
-0.752686
-0.230142
-0.526845
0.417883
0.029512
-0.940889
-0.197857
0.124555
0.132675
0.082528
-0.042194
-0.549043
-0.631413
0.278037
-0.870485
0.690080
-0.999895
0.771682
-0.826896
0.503783
-0.340201
-0.668474
-0.992348
0.576192
0.325036
0.051908
0.897700
-0.605606
0.889804
0.493245
-0.236032
-0.273342
0.640622
-0.084015
-0.046499
0.706312
0.436303
0.937018
0.012045
-0.680020
0.156438
0.149976
1.000000
-0.966748
-0.587700
0.456902
-0.348173
0.559834
0.351901
-1.000000
-0.449467
0.285605
0.899127
0.699687
-0.244902
0.051257
0.315317
0.669992
0.921361
0.651632
0.189264
-1.000000
0.903934
0.626941
-0.045369
0.304674
0.531026
0.356139
0.362555
0.604332
-0.467042
0.324681
0.321423
0.716198
-0.621075
0.762725
-0.439793
0.123091
-0.519972
0.146594
0.867084
1.000000
-0.879941
0.077135
-0.086259
-0.917401
0.851270
-0.928176
0.664909
0.307337
-0.029041
-0.765378
-0.285552
-0.839745
0.250208
-0.265392
0.215296
-1.000000
-0.854798
0.642236
-0.514467
0.946282
-0.626549
-0.098404
-0.991266
-0.264782
-0.502161
1.000000
0.619002
-0.863742
-0.486223
-0.574699
0.430324
0.469020
0.500752
0.252859
0.624158
-0.546254
-0.575467
-0.731639
-0.661694
-0.551043
0.199715
-0.746313
0.942657
0.920526
-0.586913
-0.506279
0.975403
0.888422
0.117327
0.860508
-0.438821
0.007312
-0.127960
-0.244848
0.504158
0.700053
0.277513
0.903545
-0.497936
-0.812616
-0.002760
0.891285
-0.032661
0.584833
0.365650
-0.509017
0.124445
0.737129
0.475592
0.864810
0.985075
-0.758556
-0.302944
-0.565892
0.705695
0.572911
-0.242770
0.931520
-0.790876
-0.798747
-0.656734
0.973751
-0.812351
0.180727
1.000000
-0.917476
0.487178
-0.963322
-0.177908
-0.061739
0.216151
-0.225956
-0.095909
0.884297
-0.612510
0.460625
-0.604157
-0.068421
0.007874
-0.490156
1.000000
-0.838937
0.277483
0.631328
0.378287
-0.510891
-0.777509
0.695284
0.077477
-0.254083
0.181597
0.448603
0.850478
0.962444
-0.533432
0.018906
-0.339707
0.240398
-1.000000
0.280227
-0.993340
-0.849429
-0.116726
0.927913
0.034528
0.307258
0.242315
0.790167
0.639656
-0.318676
0.402348
0.991035
-0.175994
0.419916
-0.497971
0.314618
-0.144452
0.783041
-0.099653
1.000000
1.000000
-0.327038
0.917427
0.068855
0.364424
-0.962639
0.999256
0.777506
-0.886642
0.049513
-0.978502
0.028457
0.279270
0.827573
0.079513
0.438442
-0.360481
0.122358
-0.465156
-0.477021
0.754407
-0.219914
-0.512513
0.207967
0.901719
-1.000000
-0.580218
-0.940219
0.643305
-1.000000
0.190615
-0.705613
0.938954
0.747431
0.775368
-0.531577
-0.081869
0.647625
-0.635494
0.770171
0.826520
-0.743318
0.350916
0.256317
0.836930
-0.727277
0.523395
-0.397804
0.710987
-0.082334
1.000000
0.854236
-0.734501
-0.585596
-0.424760
-0.291773
0.867839
0.454100
0.021369
0.494862
-0.361673
-0.706970
-0.549627
-0.443512
-0.971321
-0.173722
0.796044
-0.197415
0.030090
0.068804
-0.965836
-0.175040
0.088887
-0.754759
0.437844
1.000000
-0.650410
-0.992117
-0.683245
0.533182
0.684423
0.996518
-0.185494
1.000000
0.649170
-0.424564
-0.125069
-0.250449
1.000000
-0.994299
-0.999514
-0.072762
0.507375
-0.361018
-0.432675
-0.035447
-0.062550
0.314477
0.688648
-0.584722
0.704161
0.939226
-0.226138
1.000000
-0.416887
-0.298568
0.706359
0.539132
0.736055
-0.939073
-0.765538
-0.561231
0.711413
-0.452173
-0.719302
0.084105
0.867618
-0.444670
0.116055
0.174592
-0.754702
0.754402
0.254907
-0.659367
0.562565
-1.000000
-0.270565
-0.441369
0.769283
0.868980
-0.825862
0.099578
-1.000000
-0.865812
0.074600
1.000000
0.438902
-0.224299
-0.262905
0.093484
0.302293
-0.326882
0.297411
-0.382492
-0.809128
0.083730
0.874691
0.304984
-1.000000
-0.971716
0.088839
0.705926
0.661826
-0.341102
-0.688259
-0.455838
-1.000000
-0.329780
-0.278800
0.943152
0.002245
-0.930479
-0.674321
0.964989
-0.262484
0.288532
-0.136580
0.539864
-0.490577
0.062355
0.627834
-0.195327
0.615309
0.815837
0.657030
0.936750
0.455933
0.620067
0.444710
0.335294
0.350378
0.240266
-0.363830
-0.653573
-0.596351
-0.970935
-0.478181
0.853668
0.535166
0.018545
-0.851285
-0.021870
0.597484
0.594903
0.540430
0.918493
-0.874193
0.728631
-0.793404
0.353072
-0.506912
0.836191
0.488342
-0.806454
0.963854
-0.230255
0.770670
-0.841618
0.618510
-0.367450
0.482039
0.527732
-0.662430
-0.109306
0.917613
-0.936412
0.723450
-0.893134
-0.474500
0.292913
-0.862160
-1.000000
-0.900047
-0.945668
-0.071399
0.024070
-0.876470
0.959224
0.711017
0.512707
-0.070484
0.747761
-0.845338
0.341169
0.068631
-0.988917
-0.894244
0.439442
-0.670539
0.624480
0.121983
-0.379736
0.315091
0.550398
-0.098165
0.363778
0.649029
-0.220256
-1.000000
0.921874
-0.038840
-0.954468
-0.181286
0.294636
0.267238
-0.305865
-0.316097
-0.707876
0.591923
0.818446
0.655310
-0.922762
-0.726624
-0.421151
-0.177484
0.095941
-0.515283
-0.369130
-0.509023
-0.488385
0.970698
-0.765263
-0.974428
-0.322155
-0.069698
0.557692
0.858327
-0.506443
-0.080157
0.454606
0.760898
0.076174
-0.814836
0.457161
0.206391
-0.435892
0.037822
0.410214
-0.741658
0.618824
-0.943872
0.773359
0.723283
0.021968
-0.948531
-0.674351
0.837009
0.594044
-0.380583
-0.006883
0.567472
0.713457
-0.992223
-0.324495
-0.872420
0.557135
0.059116
-0.096675
0.409459
0.500270
0.112368
0.003308
0.168605
0.577514
-0.402084
0.365312
-0.183399
0.759230
0.052294
-0.867288
-0.918606
-0.255691
0.091310
0.595238
0.053173
-0.296362
-0.967187
0.596971
0.683891
-0.597270
0.248761
-0.318798
0.975809
-0.680420
0.305135
0.778485
0.321130
-0.798525
0.500287
0.061209
1.000000
-0.045317
-0.703112
-0.809621
-0.358652
0.125667
0.538495
0.439676
0.354269
0.324443
-0.931150
-0.381813
-0.421896
-0.475914
-0.643735
-0.396750
-0.756716
-0.014265
-0.389109
-0.330267
0.071861
-0.100574
0.112091
0.355339
-0.063865
0.664912
-0.629804
-0.669285
0.779574
1.000000
0.577909
0.927615
-0.455256
0.434840
-0.709989
-0.811926
0.661790
0.237538
0.116219
0.719685
0.690824
0.620855
0.233485
-0.518956
-0.846323
0.399880
0.845309
-1.000000
-0.875846
-0.365808
0.551473
-0.208827
-0.423678
-0.963937
-0.938417
0.241349
-0.220834
-0.142246
0.650010
0.020436
0.337362
-0.848179
-0.386402
0.878866
-0.459447
0.744950
1.000000
-0.213982
-0.537178
0.078715
-0.052238
0.138200
0.345155
0.413753
-0.124387
-0.839128
-0.790022
0.913457
0.216128
0.009292
0.642989
-0.734157
0.909690
0.469120
0.976727
0.838263
-0.164775
-0.736621
-0.828537
0.817551
-0.010668
0.061252
0.081709
-0.216886
0.948038
-0.244317
0.289318
-0.665028
-0.907175
-0.315290
-0.145491
-0.409163
0.979842
-0.376427
0.016351
0.510330
0.056107
0.575415
-0.311052
0.981332
0.529733
-0.317123
0.178290
-0.230246
-0.381596
-0.223802
0.451089
-0.501417
0.676903
0.221762
0.131115
0.562498
0.530883
0.446250
-0.130253
0.141811
-0.441336
0.746764
-0.452814
0.633953
-0.258831
0.978728
-1.000000
-0.428619
-0.559319
0.620870
-0.491252
-0.706057
-0.335533
0.159189
-0.886310
0.517064
-0.389184
-1.000000
0.566243
0.173469
-0.423248
0.257016
-0.303199
0.584125
0.781016
-0.929636
-0.446678
-0.836446
-0.702138
0.617648
-0.380726
0.989170
-0.123666
0.441782
-0.916180
0.152979
-0.820022
0.025949
-0.494753
-0.550446
0.421601
0.389954
0.626317
0.034143
-0.480030
-0.034264
0.419546
-0.095454
-0.103819
0.769754
-0.204648
-0.161813
-0.108793
-0.147967
-0.774260
0.993752
-0.920178
-0.379151
0.614202
0.082078
-0.955059
0.931286
-0.508663
-0.339110
-0.619382
0.129140
0.189793
-0.607057
-0.974404
1.000000
-0.173262
0.887076
-0.066454
-0.130726
0.331237
0.394177
0.135744
-0.714741
0.580507
0.333099
-0.877321
0.213745
-0.996967
0.007463
0.101641
-1.000000
-0.035206
0.840834
-0.649418
-0.108536
0.656549
0.528494
0.854330
-1.000000
-0.168617
0.114266
0.359712
0.279413
-0.247703
-0.890434
-0.592523
0.547576
-0.228718
0.328664
0.316088
0.741594
-0.110294
-0.413666
-0.676591
-0.709549
-0.390101
0.523505
0.200651
-0.064802
0.754336
-0.647940
0.272715
0.514317
0.939001
0.594807
-0.603928
0.275237
0.620895
0.976811
-0.970909
-0.784979
0.793026
0.310944
0.044132
0.389652
-0.272017
0.011263
-0.223186
-0.287394
0.893607
0.911887
-0.017452
0.527713
0.008571
0.761544
-0.357153
0.401723
-0.689434
-0.722400
-0.083663
0.721978
-0.457395
0.758996
-0.697581
-0.014900
0.480356
-0.866052
1.000000
0.934521
0.225518
0.776872
-0.486486
0.162196
-0.288742
-0.273334
-0.133512
0.065304
-0.754629
-0.249206
-0.275683
-0.351713
0.897522
0.443828
0.038344
0.989353
-0.860678
-0.000086
0.280497
-0.787782
-0.776915
0.079536
0.370858
-0.671158
-0.685549
0.749989
0.145276
-0.186111
0.083786
-1.000000
0.043362
0.036623
0.778580
-0.433480
-0.994555
-0.904978
-0.600317
0.984557
0.824915
-0.852024
0.726288
-0.653104
0.958699
0.763035
-0.330234
-0.202352
-0.635201
-0.240434
0.619840
-0.526656
-0.793238
0.796800
0.310756
0.099121
-0.205486
0.390167
-0.398448
0.299661
-0.328050
0.533897
-0.248807
-0.476352
0.493086
-0.944672
-0.873870
0.025937
-0.559396
0.898724
-0.313836
-0.289575
-0.891599
-0.089167
0.884467
-0.561055
0.731126
0.202558
0.326788
-0.138689
-0.927542
0.689460
-0.866167
0.663799
0.724126
0.720218
0.212238
-0.889257
-0.297627
-0.962465
-0.455337
-0.040705
0.522586
-0.634610
0.197256
-0.709969
-0.472941
0.648786
-0.360265
0.470850
0.247912
-0.723138
0.014893
0.496453
0.789330
-0.241510
0.313849
-0.151924
-0.921263
0.338141
-0.338263
-0.863687
0.705536
0.342317
-0.729106
1.000000
0.797316
-0.147966
-0.836377
0.187090
0.495935
-0.808416
-0.606821
0.248961
0.503907
-1.000000
0.504388
1.000000
-0.428544
-0.282501
0.332331
-0.921011
-0.958552
0.241961
0.552701
0.094597
-0.124804
0.325207
0.345463
-0.919894
0.107652
0.461402
0.422705
0.467819
0.223369
-0.735216
-0.823958
0.090623
-0.772642
-0.007630
1.000000
-0.640515
-0.822825
-0.597702
0.622989
-0.093961
0.270934
-0.429717
-0.263755
0.240321
0.839141
-0.941911
-0.815082
0.438243
-1.000000
-0.368340
-0.154487
0.919957
0.694084
0.385601
-0.548822
0.671974
0.873446
0.085858
-0.654232
0.267248
0.480588
0.374214
0.554565
-0.142731
-0.475937
-0.165972
0.005105
-0.062785
0.101070
1.000000
-0.994149
0.195052
0.645119
0.597427
0.156187
0.061139
-0.688361
0.263615
-0.833730
-0.333299
0.066697
0.150861
-0.011563
-0.769943
0.017122
0.282754
-0.195763
-0.606639
0.620057
-0.411532
-0.436539
-0.294394
0.817264
0.417121
-0.290057
0.162523
0.113292
0.428940
-0.793633
0.165658
-0.900886
0.047916
-0.224594
0.906508
-0.508468
0.557865
0.256938
-0.054573
-0.696222
0.653661
-0.272179
-0.766311
0.782052
-0.832458
-0.227287
-0.944430
-0.292777
-0.117040
-0.775656
0.069906
0.065525
0.734072
0.321552
0.921363
0.727271
0.020167
0.986500
-0.822836
0.214751
-0.636446
0.355089
-0.917535
-0.353316
-0.229682
0.811080
-0.890867
0.558789
0.530077
-0.327516
-0.467814
-0.568896
0.229982
0.156810
0.578595
-0.632748
0.858961
-0.294875
0.105091
-0.524407
-0.582100
0.298043
1.000000
0.442262
0.482628
-0.131939
-0.432995
-0.670801
-0.648035
0.536938
-0.124596
0.081094
0.734210
0.380511
1.000000
0.587052
-0.547013
0.732368
-0.038163
-0.304212
0.576924
-0.070816
0.608518
0.641714
-0.395507
0.721060
0.785084
0.479544
1.000000
0.931542
-0.416736
0.799455
-0.991909
-0.267599
-0.375562
-0.326521
0.200827
-1.000000
0.452501
0.813534
0.486845
-0.840827
0.212835
-0.073746
0.508953
0.564391
-0.730588
0.472129
0.405709
0.662294
0.944081
-1.000000
0.114204
0.481028
-0.162733
0.580553
-0.944290
0.695841
0.261824
-0.855390
0.734616
-0.601325
0.279235
0.486462
0.290585
-0.896776
0.198546
-0.107770
0.729631
0.772828
-0.091202
0.332212
0.667881
-0.889406
-1.000000
-0.884810
0.576276
-0.191444
0.012646
0.108425
0.687384
0.804085
0.752536
0.133858
0.942840
0.599681
0.296723
0.161323
0.344878
-0.319202
-0.093415
-1.000000
0.679611
0.138751
-0.292881
0.688492
0.751436
0.792060
0.343712
-0.897367
0.063691
-0.594351
0.090415
-0.532451
0.878735
0.633968
-0.638252
-0.616049
-0.193505
-0.513364
-0.854169
0.465193
0.560428
0.717264
1.000000
-0.219833
-0.825831
0.159048
1.000000
0.464311
-0.130680
-0.806590
0.115794
0.919529
0.663660
-0.866041
0.187050
-0.403220
-0.854901
-0.854892
-0.100883
-0.191906
0.112023
0.193313
0.435768
0.611092
-0.260789
0.098526
-0.634985
-0.860045
-0.152634
0.149211
-0.836258
0.793255
0.275141
0.132093
0.579620
-0.065032
0.088823
0.467438
-0.424567
0.196807
0.131030
0.771881
-0.987302
-0.002323
0.823103
0.648486
-0.320695
0.516741
0.992549
0.037147
-0.711967
0.848898
0.285874
0.839657
-0.318666
0.387365
0.099557
-0.847964
0.330939
0.411390
-0.817393
0.267829
1.000000
-0.806796
0.294866
-0.008399
-0.939557
-0.497873
0.096576
1.000000
0.303386
-0.274016
-0.623815
-0.580250
-0.653871
-0.940248
-0.566049
0.135585
0.236528
0.505550
-0.606442
0.944516
-0.948729
0.882886
0.187523
0.449538
0.574029
-0.965509
0.534789
0.966140
-0.225560
0.155292
-0.258889
-0.897440
1.000000
0.839355
0.589408
0.846426
-0.465647
-0.238753
-0.565739
0.972689
0.445854
-0.364827
-0.223572
0.103430
0.497871
0.569267
-0.394733
0.514831
0.312054
0.735923
0.249444
0.884386
0.537565
-0.014477
-0.800056
-0.445604
0.386060
-0.520214
-0.006851
0.944841
0.466512
0.815079
0.118202
0.901839
-0.408864
0.362416
0.781517
0.069059
1.000000
0.246322
0.538863
-0.185477
0.728829
0.472517
-0.589642
-0.652435
0.775196
0.681224
0.092586
-0.739689
-0.295806
0.459852
-0.827300
-0.622267
-0.972116
-0.291234
0.539249
0.776975
0.866452
0.818767
0.246188
-0.908441
-0.971503
0.354551
0.473759
-1.000000
0.381901
0.140428
-0.203624
0.887185
0.451930
-0.910740
-1.000000
-0.725037
0.825599
0.829841
-0.052398
-0.064573
0.102385
0.085077
-0.542366
-0.547975
-0.215587
-0.431290
0.514438
0.291820
-0.544674
-0.254048
0.202209
-0.110251
0.907718
-0.419638
-0.566302
0.390402
-0.745361
0.299228
-0.226263
-0.125560
-0.249576
0.336391
0.242185
0.044826
-0.388008
-0.527180
0.019316
-0.554320
-0.856176
-0.512379
0.472204
-0.183812
-1.000000
-0.158716
-0.015316
-0.362561
-0.475359
1.000000
-0.478424
0.122862
0.165437
0.246606
-0.403296
-0.483385
1.000000
0.796123
0.793160
0.764062
-0.874825
0.562946
-0.825856
-0.089340
-0.140230
0.485132
-0.360611
-0.617661
-0.401705
-0.687584
1.000000
-0.346028
0.623255
0.377358
-0.862481
-0.641272
-0.494960
0.477387
-0.197505
1.000000
-0.194813
0.449638
0.946344
0.886468
-0.526062
0.359342
0.359575
0.098381
-0.143584
-0.114300
0.681486
-0.970634
0.870754
0.118861
0.491470
-1.000000
-0.880633
-0.675639
0.932735
-0.693067
0.455792
-0.946737
-0.180600
-0.028266
-0.214104
-0.550686
0.949152
0.089951
-0.185707
0.266227
-0.517790
-0.421608
-0.419693
-1.000000
-0.167588
0.954227
0.794309
0.409091
-0.438712
-0.946395
-0.185370
-0.629338
0.028389
-0.010640
0.791586
0.383617
0.759573
0.151844
0.219589
0.585372
-0.885596
-0.445376
0.560903
-0.674258
0.743183
0.742221
-0.561016
0.891759
0.321191
1.000000
0.760763
0.351671
-0.667699
0.017942
0.139503
-0.021355
0.062360
-0.160917
-0.002079
0.089742
-0.090050
-0.106650
0.233507
0.467629
0.422755
0.000576
0.059926
0.061193
0.005603
0.301794
0.555325
0.000058
0.120693
0.112396
0.005274
0.010585
0.038705
0.004281
0.089490
0.007032
0.034240
0.036404
0.000060
0.046553
0.000002
0.000009
0.045441
0.000561
0.623011
0.001965
0.000259
0.000887
0.076937
0.234223
0.093511
0.024485
0.000529
0.000355
0.229480
0.446453
0.000776
0.000643
0.054302
0.825409
0.063031
0.115495
0.000012
0.113642
0.534835
0.143388
0.095735
0.001724
0.064802
0.000700
0.005715
0.001274
0.072718
0.008901
0.000485
0.001295
0.002908
0.026527
0.065528
0.005792
0.036802
0.032745
0.000437
0.021466
0.307402
0.048304
0.027008
0.031777
0.003670
0.015320
0.304247
0.011788
0.012101
0.061805
0.019666
0.062272
0.054135
0.001391
0.001553
0.052362
0.000407
0.139019
0.013224
0.040213
0.026760
0.100867
0.075790
0.000697
0.001554
0.000140
0.001028
0.051655
0.001232
0.000024
0.061443
0.000414
0.000846
0.007463
0.002583
0.166141
0.002138
0.000031
0.000079
0.061236
0.017078
0.013954
0.116700
0.000326
0.008906
0.005724
0.378076
0.025261
0.438940
0.007987
0.149315
0.001350
0.078248
0.165395
0.000458
0.001518
0.004481
0.015282
0.076219
0.000146
0.000202
0.010371
0.176998
0.033201
0.016388
0.056365
0.000359
0.008540
0.000738
0.011819
0.290173
0.016263
0.056506
0.399643
0.099425
0.014829
0.523928
0.005967
0.006516
0.131850
0.000002
0.041295
0.013209
0.034753
0.202687
0.387150
0.001805
0.000638
0.028394
0.000624
0.010520
0.019552
0.000681
0.369716
0.099635
0.306018
0.018697
0.014433
0.000267
0.012517
0.141118
0.002400
0.027813
0.001421
0.000576
0.008218
0.007739
0.000014
0.073779
0.040766
0.000598
0.087106
0.006181
0.010831
0.114263
0.012859
0.306240
0.040924
0.000032
0.020723
0.001620
0.002384
0.002989
0.000646
0.000097
0.006281
0.113038
0.001910
0.038396
0.007101
0.000118
0.000076
0.064346
0.000346
0.001264
0.074882
0.060455
0.005062
0.019705
0.038654
0.339860
0.125570
0.066986
0.000437
0.000150
0.113078
0.000614
0.000203
0.015702
0.005679
0.067185
0.011373
0.000335
0.000400
0.000039
0.000530
0.004481
0.000091
0.138786
0.010807
0.014367
0.065810
0.000191
0.008060
0.001027
0.012184
0.009862
0.272856
0.016297
0.125703
0.040205
0.018309
0.022641
0.000098
0.002051
0.059721
0.219919
0.000410
0.000239
0.001317
0.008492
0.007473
0.000040
0.005554
0.024798
0.003192
0.001603
0.001858
0.059549
0.001565
0.002745
0.183295
0.000150
0.000973
0.000056
0.061482
0.011102
0.103802
0.004722
0.369361
0.017525
0.000115
0.245901
0.001939
0.037445
0.026866
0.004312
0.003010
0.026647
0.001574
0.000379
0.089384
0.041259
0.113122
0.000039
0.000393
0.055604
0.146017
0.041758
0.014463
0.005021
0.005719
0.238990
0.003377
0.071806
0.097479
0.082561
0.024917
0.000948
0.015750
0.115602
0.006172
0.000081
0.037762
0.106997
0.003136
0.232521
0.001189
0.014040
0.000123
0.055705
0.002442
0.078591
0.000079
0.213017
0.577699
0.024435
0.003839
0.262999
0.010358
0.000648
0.000681
0.000053
0.166393
0.089452
0.000977
0.004347
0.012044
0.024935
0.131645
0.007213
0.093091
0.171717
0.458380
0.019594
0.048593
0.000491
0.081258
0.000155
0.683949
0.011220
0.017418
0.000102
0.000352
0.354750
0.172078
0.059851
0.037943
0.086098
0.019505
0.003785
0.009463
0.005443
0.008439
0.016250
0.140982
0.001578
0.002491
0.010662
0.008742
0.001508
0.019049
0.078628
0.036104
0.000004
0.001035
0.115516
0.080393
0.036189
0.000592
0.002076
0.047934
0.009136
0.001136
0.166621
0.008025
0.056252
0.000101
0.000060
0.049095
0.002180
0.801920
0.000195
0.005682
0.004156
0.000011
0.000766
0.000334
0.155303
0.000040
0.061487
0.164474
0.001117
0.002200
0.000033
0.024298
0.000406
0.020373
0.154740
0.884602
0.000183
0.005811
0.011560
0.000844
0.021936
0.006849
0.011071
0.047621
0.000867
0.158031
0.000244
0.356839
0.002890
0.000059
0.005885
0.321857
0.000030
0.001930
0.000574
0.096214
0.000056
0.143790
0.000868
0.000016
0.001742
0.002044
0.202703
0.066359
0.000002
0.000708
0.027145
0.002712
0.002756
0.170234
0.007527
0.143760
0.000065
0.005348
0.000005
0.000010
0.124123
0.051235
0.032308
0.000023
0.081230
0.007420
0.002270
0.004482
0.012993
0.001471
0.002614
0.000013
0.018670
0.021046
0.002005
0.035818
0.187309
0.147661
0.646420
0.000042
0.000033
0.002287
0.002914
0.076445
0.000848
0.337714
0.020228
0.011950
0.000891
0.000002
0.002760
0.000695
0.003697
0.021178
0.000312
0.000046
0.002590
0.019924
0.018023
0.001368
0.012767
0.000326
0.001475
0.044672
0.000581
0.006889
0.019455
0.418803
0.000090
0.302998
0.000443
0.000006
0.000491
0.050444
0.000010
0.010765
0.003567
0.000823
0.102803
0.319991
0.000053
0.330862
0.027926
0.001829
0.008247
0.046075
0.040330
0.278503
0.464963
0.003076
0.000002
0.000052
0.036778
0.001638
0.000051
0.072665
0.028953
0.013411
0.000084
0.137700
0.000011
0.001854
0.008543
0.000147
0.172908
0.655222
0.530483
0.024627
0.000350
0.000004
0.006382
0.000005
0.009273
0.007231
0.000007
0.051845
0.017129
0.001413
0.022499
0.000430
0.000041
0.000187
0.116024
0.272972
0.000358
0.000036
0.021941
0.002514
0.006301
0.000234
0.023955
0.000709
0.046520
0.479804
0.017533
0.001046
0.014493
0.026216
0.921785
0.000027
0.000003
0.000488
0.002167
0.000801
0.000099
0.008006
0.007959
0.033550
0.023119
0.584106
0.135448
0.175709
0.016597
0.049507
0.304712
0.126944
0.020248
0.001821
0.006252
0.005592
0.008890
0.007111
0.000081
0.265705
0.009262
0.000551
0.157554
0.043587
0.038591
0.000068
0.012180
0.111572
0.003523
0.121370
0.003161
0.004706
0.008446
0.005458
0.132816
0.000031
0.111110
0.004970
0.078533
0.028630
0.015708
0.001967
0.022924
0.056173
0.000398
0.010592
0.005701
0.009718
0.001693
0.000041
0.041668
0.000060
0.224749
0.014715
0.013858
0.151528
0.000010
0.000352
0.004557
0.006622
0.495232
0.193431
0.043858
0.079939
0.000169
0.000031
0.000377
0.010262
0.054791
0.011231
0.036387
0.148195
0.000649
0.623522
0.024992
0.001835
0.074198
0.061808
0.001030
0.001899
0.002001
0.005998
0.204523
0.283361
0.042913
0.069809
0.002451
0.173410
0.023470
0.000056
0.003065
0.000055
0.021459
0.108933
0.062518
0.060283
0.000121
0.110238
0.009317
0.000299
0.090742
0.015904
0.005682
0.054128
0.090524
0.011352
0.000402
0.022002
0.026737
0.050466
0.046294
0.000062
0.000033
0.004625
0.003359
0.081932
0.031820
0.006308
0.010532
0.041328
0.113712
0.000049
0.000023
0.000201
0.396476
0.056102
0.000079
0.360494
0.000136
0.002920
0.001413
0.081146
0.007963
0.019841
0.060290
0.192539
0.026791
0.275650
0.000955
0.120735
0.038732
0.010124
0.000369
0.045540
0.019835
0.254287
0.003016
0.311550
0.010956
0.004146
0.016907
0.001811
0.000272
0.003627
0.002407
0.003488
0.000574
0.004360
0.000108
0.007415
0.000004
0.006211
0.000155
0.000014
0.000206
0.004308
0.047358
0.037508
0.003428
0.001350
0.000283
0.157683
0.008975
0.331803
0.062507
0.016862
0.011418
0.047458
0.000038
0.002037
0.077012
0.006769
0.020302
0.016619
0.007565
0.000276
0.000993
0.006311
0.000383
0.004301
0.000155
0.004120
0.025197
0.262223
0.171377
0.008073
0.000002
0.015002
0.004371
0.000530
0.008907
0.161890
0.013741
0.003165
0.025492
0.007588
0.004094
0.000027
0.004519
0.007624
0.011447
0.058489
0.015128
0.040014
0.000004
0.051691
0.003517
0.000682
0.009387
0.008854
0.000257
0.024649
0.013727
0.144661
0.069730
0.001385
0.000291
0.004045
0.000070
0.000021
0.091762
0.070374
0.004848
0.001084
0.000335
0.043300
0.000123
0.107773
0.089969
0.190644
0.000767
0.187238
0.011315
0.000344
0.000157
0.011698
0.006748
0.060179
0.000247
0.006905
0.000537
0.254117
0.261388
0.042125
0.000335
0.003173
0.146521
0.000215
0.000979
0.020171
0.001242
0.000472
0.024330
0.173190
0.031771
0.032282
0.037424
0.014888
0.006465
0.005844
0.015271
0.000540
0.053882
0.040617
0.230947
0.018365
0.053405
0.055608
0.000626
0.130858
0.070200
0.026220
0.000570
0.003182
0.000452
0.106300
0.007354
0.028759
0.022168
0.000998
0.348480
0.000577
0.659929
0.019272
0.004966
0.214921
0.039572
0.000019
0.000092
0.026958
0.001077
0.000206
0.006188
0.003620
0.000024
0.054379
0.000223
0.342646
0.001779
0.000002
0.448851
0.023093
0.002833
0.012995
0.000453
0.012989
0.038820
0.002804
0.080823
0.000503
0.009720
0.015058
0.000012
0.000101
0.259662
0.012719
0.010967
0.000280
0.016934
0.297682
0.009393
0.001697
0.028432
0.020801
0.065837
0.012392
0.017298
0.043353
0.239439
0.036819
0.004350
0.000014
0.000167
0.018531
0.003878
0.038425
0.042520
0.013769
0.000424
0.232057
0.028355
0.000093
0.042097
0.056287
0.086377
0.096298
0.382274
0.001272
0.000002
0.000334
0.199066
0.013276
0.047949
0.000075
0.000904
0.184517
0.006457
0.003642
0.109938
0.333655
0.000252
0.000600
0.000002
0.000248
0.000002
0.050756
0.000044
0.001454
0.013160
0.003722
0.000667
0.024234
0.040932
0.002493
0.006624
0.005604
0.002244
0.001137
0.044732
0.000143
0.220211
0.000270
0.050496
0.005914
0.004778
0.040326
0.057802
0.000023
0.639059
0.004094
0.354791
0.001885
0.006886
0.463530
0.000115
0.104132
0.016393
0.893707
0.048915
0.015646
0.040521
0.022054
0.004338
0.105173
0.000113
0.016681
0.373269
0.043862
0.014430
0.100307
0.671802
0.027271
0.000198
0.001300
0.497509
0.219736
0.000140
0.007239
0.002984
0.014752
0.065937
0.001160
0.000079
0.251893
0.004419
0.016353
0.007791
0.058540
0.002937
0.050942
0.366101
0.003900
0.000026
0.055386
0.000415
0.183228
0.000010
0.017790
0.005801
0.039918
0.001173
0.276581
0.074300
0.000045
0.000072
0.007836
0.000068
0.037643
0.040129
0.013576
0.061070
0.033613
0.000945
0.000529
0.002359
0.119518
0.137777
0.005192
0.000741
0.000006
0.002033
0.109492
0.000009
0.013335
0.124118
0.070085
0.000002
0.000536
0.048478
0.126404
0.042864
0.000728
0.014178
0.002119
0.117864
0.058290
0.002779
0.007364
0.129939
0.009927
0.002126
0.000007
0.144197
0.025690
0.005331
0.003497
0.311463
0.050559
0.000626
0.034959
0.008123
0.013352
0.118370
0.153433
0.042327
0.000225
0.000558
0.000111
0.018079
0.045737
0.000180
0.013471
0.000857
0.000007
0.087535
0.030230
0.000002
0.049759
0.016973
0.030065
0.019445
0.000348
0.007273
0.006367
0.003525
0.003429
0.022124
0.358912
0.064637
0.049292
0.009896
0.033370
0.004913
0.000244
0.263522
0.000913
0.048904
0.012333
0.069461
0.040534
0.021939
0.017731
0.013378
0.051802
0.048720
0.001344
0.004448
0.002056
0.050682
0.000014
0.123295
0.042411
0.000007
0.002594
0.000159
0.015613
0.165439
0.077093
0.000057
0.058387
0.003932
0.257216
0.124021
0.000006
0.058852
0.037591
0.003058
0.220131
0.001437
0.040236
0.099302
0.007642
0.013790
0.542869
0.247903
0.184569
0.019655
0.000078
0.016126
0.003711
0.011615
0.024428
0.000002
0.005498
0.023671
0.036963
0.000407
0.003341
0.000198
0.075661
0.005420
0.014186
0.009214
0.000356
0.005027
0.001064
0.010368
0.026391
0.029361
0.000582
0.010036
0.000853
0.020403
0.076849
0.003018
0.033304
0.000002
0.027300
0.000135
0.004110
0.029014
0.000002
0.109690
0.138359
0.057187
0.000081
0.002994
0.005390
0.001310
0.012674
0.002134
0.002144
0.001179
0.010266
0.003864
0.011380
0.003707
0.000232
0.126965
0.000112
0.001904
0.003175
0.001579
0.002854
0.127711
0.000035
0.113331
0.000011
0.002638
0.395937
0.083740
0.006535
0.074142
0.031841
0.059652
0.000006
0.000001
0.000003
0.073690
0.000954
0.023941
0.170500
0.001406
0.005025
0.025186
0.001230
0.017030
0.234940
0.003316
0.553051
0.007143
0.002657
0.078135
0.016896
0.002443
0.250370
0.001396
0.008389
0.146227
0.017068
0.000260
0.000692
0.008008
0.346804
0.000087
0.031340
0.106658
0.107133
0.023141
0.000746
0.073586
0.000524
0.017199
0.000079
0.100178
0.111474
0.168892
0.118706
0.000002
0.000807
0.054275
0.015437
0.000888
0.000313
0.004861
0.104807
0.001907
0.001132
0.043148
0.389802
0.089576
0.037730
0.011661
0.031410
0.282817
0.015599
0.001449
0.004520
0.069186
0.006536
0.010033
0.000636
0.147192
0.001810
0.000037
0.005467
0.020547
0.016121
0.000713
0.051877
0.056051
0.012880
0.000251
0.000047
0.005671
0.005491
0.000526
0.036228
0.017394
0.213368
0.018670
0.000305
0.000250
0.360638
0.338735
0.072347
0.158887
0.063292
0.000759
0.289448
0.002481
0.001630
0.000445
0.057982
0.052695
0.000011
0.044379
0.064764
0.023984
0.001040
0.007267
0.690158
0.071982
0.281539
0.000002
0.013360
0.399633
0.047998
0.005201
0.019323
0.069993
0.024563
0.001367
0.199059
0.108723
0.002185
0.000003
0.001334
0.012059
0.140969
0.134257
0.254031
0.000488
0.023974
0.001184
0.000318
0.000498
0.114176
0.078103
0.024714
0.000405
0.055518
0.069035
0.000205
0.000209
0.073168
0.000005
0.018531
0.001701
0.009167
0.015218
0.006442
0.002380
0.005275
0.238883
0.103093
0.271504
0.000078
0.304221
0.006450
0.056692
0.002100
0.037005
0.008901
0.047801
0.026437
0.008476
0.003199
0.017260
0.341529
0.016451
0.002889
0.000087
0.415498
0.099073
0.008655
0.008217
0.000331
0.003234
0.001839
0.017248
0.068611
0.010474
0.006481
0.049958
0.000272
0.003217
0.047761
0.000949
0.001935
0.024879
0.004866
0.009516
0.003279
0.000165
0.001174
0.038772
0.083766
0.007381
0.028162
0.012021
0.019646
0.005712
0.032193
0.000951
0.003247
0.030039
0.001629
0.005591
0.030183
0.038290
0.034358
0.019977
0.034611
0.000726
0.111639
0.039195
0.001036
0.000012
0.111773
0.007646
0.001120
0.013809
0.001048
0.000056
0.007505
0.032066
0.017586
0.000002
0.013872
0.048941
0.040131
0.001369
0.000017
0.001537
0.001616
0.030970
0.099242
0.019247
0.000556
0.023293
0.114103
0.004099
0.125754
0.000219
0.025906
0.111621
0.000041
0.000426
0.016671
0.172760
0.003400
0.403115
0.007514
0.005727
0.007215
0.365432
0.000790
0.049256
0.008930
0.000002
0.099208
0.000953
0.000330
0.055234
0.112461
0.063696
0.010345
0.000939
0.055256
0.014112
0.146387
0.030673
0.368037
0.043086
0.003442
0.004563
0.421661
0.000003
0.071255
0.053604
0.025305
0.001092
0.000414
0.044626
0.046201
0.002831
0.000023
0.003458
0.003666
0.000002
0.009135
0.002184
0.063242
0.008520
0.000169
0.053314
0.319855
0.018634
0.015381
0.004168
0.019846
0.090613
0.447449
0.018305
0.001456
0.113682
0.006455
0.044170
0.001122
0.623459
0.040617
0.126703
0.351282
0.623459
0.003675
0.001499
0.008700
0.159902
0.027152
0.089590
0.000671
0.005406
0.073905
0.454589
0.081621
0.000506
0.000285
0.112942
0.006921
0.000287
0.006897
0.000188
0.011500
0.247544
0.000025
0.008940
0.024437
0.100732
0.001054
0.001828
0.005296
0.003892
0.000005
0.087252
0.005625
0.002890
0.001282
0.447479
0.001626
0.237212
0.107669
0.124611
0.068269
0.007598
0.396033
0.462839
0.000015
0.038667
0.054170
0.127657
0.087375
0.000089
0.028885
0.000203
0.375739
0.036594
0.000162
0.031804
0.000014
0.008824
0.000002
0.000911
0.031013
0.006447
0.001366
0.059257
0.002510
0.003430
0.000727
0.220948
0.056790
0.530519
0.001703
0.001219
0.004464
0.002735
0.000004
0.000286
0.102261
0.015684
0.014506
0.023524
0.324146
0.005024
0.044519
0.002132
0.368936
0.001462
0.151055
0.009615
0.002807
0.008848
0.015791
0.028082
0.506083
0.008328
0.000195
0.001388
0.057698
0.000113
0.007302
0.002577
0.000041
0.000958
0.053227
0.004774
0.001842
0.059818
0.322248
0.009503
0.000279
0.020613
0.010436
0.000007
0.001129
0.029000
0.001400
0.000016
0.001878
0.019802
0.000412
0.002678
0.073611
0.000045
0.150422
0.000004
0.002708
0.000194
0.000105
0.003904
0.252429
0.033821
0.063465
0.000219
0.000005
0.017244
0.023060
0.077579
0.000591
0.024952
0.007877
0.000009
0.009380
0.062709
0.009918
0.011602
0.000325
0.000278
0.000062
0.028453
0.000034
0.073504
0.122057
0.023134
0.000188
0.098651
0.002545
0.001752
0.003941
0.001264
0.022653
0.051854
0.005509
0.253332
0.000099
0.011876
0.001002
0.016383
0.036255
0.000786
0.084340
0.000112
0.023894
0.000628
0.000077
0.000258
0.238730
0.009678
0.207903
0.000107
0.002821
0.758754
0.006204
0.000005
0.003689
0.009992
0.076727
0.000548
0.084325
0.095014
0.001452
0.000871
0.000293
0.000680
0.004204
0.044373
0.010478
0.231177
0.083071
0.003538
0.059886
0.052589
0.007484
0.045115
0.010781
0.000306
0.058616
0.081386
0.031728
0.000003
0.000534
0.017503
0.021063
0.000825
0.081850
0.001482
0.007149
0.232003
0.000024
0.014528
0.045022
0.007558
0.000004
0.000042
0.237713
0.005963
0.002641
0.000216
0.006374
0.025240
0.002237
0.126966
0.000045
0.001446
0.084986
0.012485
0.030751
0.013148
0.001747
0.797736
0.001277
0.011454
0.000166
0.048393
0.004090
0.009261
0.017116
0.005141
0.092406
0.005363
0.001562
0.004632
0.004862
0.003478
0.143283
0.000025
0.206473
0.090192
0.023256
0.019977
0.000133
0.230458
0.010464
0.338704
0.011323
0.000081
0.002601
0.145388
0.013020
0.000909
0.003486
0.026737
0.005108
0.019658
0.000026
0.008004
0.000015
0.007782
0.221830
0.263973
0.058631
0.036656
0.001947
0.000050
0.583654
0.000360
0.092665
0.000009
0.043788
0.018173
0.010958
0.148741
0.000025
0.000043
0.011001
0.000362
0.344442
0.005142
0.006151
0.004392
0.000446
0.308683
0.000031
0.034429
0.020959
0.041953
0.003223
0.026088
0.032937
0.000214
0.001750
0.092413
0.017392
0.000256
0.002052
0.003756
0.085553
0.000148
0.001424
0.079218
0.048901
0.044353
0.095111
0.002735
0.004275
0.044532
0.095178
0.017582
0.011033
0.000151
0.007521
0.000012
0.002119
0.000042
0.004787
0.006810
0.000389
0.000945
0.000030
0.163289
0.010931
0.002071
0.000201
0.002775
0.036221
0.001662
0.036592
0.023760
0.001072
0.002471
0.041114
0.027933
0.009716
0.003585
0.000386
0.003061
0.024554
0.006591
0.053118
0.000414
0.000495
0.045666
0.000707
0.002339
0.106898
0.054219
0.000018
0.074973
0.011073
0.000131
0.026731
0.002376
0.094275
0.013591
0.032517
0.012823
0.002646
0.006699
0.002991
0.000037
0.000029
0.038341
0.003677
0.038292
0.080219
0.179416
0.000056
0.002563
0.300852
0.001722
0.000016
0.014299
0.038229
0.002835
0.023254
0.009600
0.000830
0.026320
0.015089
0.082031
0.002035
0.003216
0.008149
0.299216
0.004960
0.009859
0.044093
0.140230
0.296906
0.015525
0.012927
0.001531
0.001066
0.065735
0.005626
0.000499
0.012021
0.032295
0.006281
0.000828
0.014682
0.001974
0.002452
0.001389
0.000013
0.001768
0.000056
0.002665
0.000774
0.004931
0.003339
0.622902
0.000047
0.049229
0.006744
0.034504
0.034378
0.004875
0.001032
0.004045
0.005201
0.000502
0.115777
0.000115
0.105804
0.004840
0.027720
0.000571
0.135426
0.009085
0.180217
0.067210
0.022809
0.000136
0.323064
0.000306
0.000282
0.042194
0.006381
0.000028
0.000046
0.000019
0.098738
0.135979
0.011940
0.035227
0.000283
0.026052
0.378362
0.001789
0.032928
0.004234
0.027141
0.155951
0.000053
0.264624
0.369170
0.015920
0.000980
0.006466
0.146203
0.004074
0.029488
0.007510
0.000002
0.091052
0.000066
0.068667
0.003769
0.000121
0.000078
0.008781
0.022908
0.084020
0.128918
0.649225
0.005399
0.022296
0.009886
0.001630
0.000148
0.072487
0.000113
0.001525
0.001842
0.000197
0.009839
0.034754
0.004341
0.141468
0.007091
0.000374
0.000020
0.000105
0.005671
0.046701
0.001179
0.019182
0.001677
0.439472
0.000779
0.000046
0.008694
0.051062
0.158186
0.064599
0.000296
0.110681
0.002324
0.034132
0.000810
0.021314
0.135651
0.008068
0.099676
0.011680
0.052220
0.325188
0.008047
0.009600
0.003233
0.002222
0.044796
0.000822
0.046655
0.006988
0.067098
0.054851
0.033421
0.002219
0.036427
0.000905
0.419944
0.086361
0.006227
0.004919
0.008852
0.001658
0.003822
0.020739
0.000002
0.005655
0.048664
0.005263
0.000052
0.037769
0.069056
0.005666
0.029112
0.023954
0.100362
0.002626
0.091991
0.005366
0.503564
0.000991
0.001261
0.033577
0.000002
0.000620
0.000911
0.003406
0.046431
0.569136
0.001308
0.000184
0.000519
0.090875
0.024964
0.000323
0.006941
0.040758
0.013187
0.076145
0.007812
0.056105
0.004541
0.065401
0.064467
0.168484
0.070346
0.000150
0.004908
0.033188
0.000538
0.015654
0.000014
0.001223
0.134247
0.018276
0.038929
0.363458
0.002838
0.021508
0.044559
0.313395
0.252373
0.000557
0.000008
0.020931
0.007391
0.164786
0.001841
0.031874
0.030379
0.002491
0.000024
0.018064
0.014952
0.012838
0.019639
0.000051
0.001189
0.002749
0.180265
0.006768
0.156254
0.010255
0.002993
0.365995
0.076832
0.007814
0.011045
0.042197
0.440816
0.004822
0.420574
0.063804
0.022342
0.000031
0.001261
0.118740
0.024563
0.000346
0.339546
0.000070
0.023946
0.013398
0.000055
0.001358
0.034729
0.028294
0.034762
0.188442
0.005184
0.029995
0.089724
0.002606
0.053636
0.036080
0.000029
0.003235
0.186982
0.002336
0.048746
0.032337
0.000131
0.071461
0.037183
0.441030
0.010652
0.007298
0.020471
0.032824
0.004625
0.000239
0.003383
0.012094
0.032637
0.203327
0.035385
0.001272
0.073005
0.199690
0.052092
0.000032
0.071385
0.011913
0.000003
0.098734
0.025513
0.021462
0.056722
0.016815
0.020982
0.000028
0.004812
0.000130
0.417102
0.230312
0.048998
0.140818
0.070407
0.051091
0.005406
0.005622
0.000342
0.000674
0.056486
0.054604
0.000052
0.240234
0.000884
0.005604
0.003391
0.072677
0.123673
0.000002
0.164255
0.000989
0.284225
0.004686
0.022815
0.001213
0.017674
0.007851
0.081098
0.019960
0.000347
0.048348
0.019542
0.011767
0.005637
0.004930
0.000899
0.000510
0.014920
0.003923
0.002933
0.037210
0.000110
0.034684
0.098074
0.011670
0.016478
0.011643
0.088821
0.011571
0.021406
0.009045
0.000008
0.012503
0.136588
0.002119
0.006425
0.000077
0.017947
0.019439
0.000041
0.026458
0.285119
0.087655
0.011231
0.231133
0.016299
0.003873
0.005865
0.165813
0.018213
0.050054
0.065209
0.000003
0.067392
0.001322
0.118181
0.005752
0.138046
0.037655
0.045014
0.004178
0.024762
0.046323
0.005720
0.000084
0.001214
0.006832
0.000739
0.000001
0.182783
0.332725
0.005422
0.028986
0.000584
0.054939
0.005284
0.000740
0.087453
0.000029
0.002826
0.016535
0.000019
0.002191
0.020110
0.006320
0.005230
0.318079
0.000345
0.000045
0.463122
0.080297
0.005424
0.009055
0.240850
0.000033
0.060644
0.206254
0.000003
0.003073
0.002956
0.020367
0.074896
0.001338
0.001682
0.000395
0.007291
0.046256
0.168766
0.023607
0.015440
0.000280
0.114805
0.065636
0.020904
0.090209
0.087026
0.012685
0.000173
0.001131
0.000744
0.007941
0.120555
0.005369
0.008845
0.002383
0.000177
0.016303
0.065493
0.030105
0.097274
0.000413
0.048623
0.019657
0.098493
0.010932
0.007454
0.063717
0.000146
0.162114
0.061535
0.104056
0.001710
0.017999
0.059710
0.118832
0.003527
0.000318
0.075684
0.002004
0.023857
0.034203
0.006980
0.368634
0.019323
0.000552
0.000073
0.041942
0.020651
0.003916
0.371718
0.069777
0.002167
0.164165
0.003834
0.062504
0.004869
0.581259
0.055740
0.657300
0.000260
0.000625
0.001535
0.028693
0.005659
0.000804
0.326340
0.040513
0.000680
0.099999
0.001855
0.000164
0.153303
0.162848
0.000002
0.148724
0.167059
0.002386
0.391726
0.005869
0.043239
0.014500
0.005691
0.000323
0.035596
0.005274
0.182636
0.100268
0.000006
0.001786
0.120688
0.018935
0.010384
0.062694
0.250091
0.011718
0.000008
0.010372
0.033492
0.004779
0.000537
0.000133
0.002809
0.000048
0.002002
0.003474
0.003319
0.000467
0.022547
0.077235
0.000381
0.145883
0.072640
0.000230
0.047281
0.020412
0.378918
0.000002
0.389194
0.002189
0.038449
0.002932
0.001665
0.017448
0.003605
0.256730
0.175182
0.000120
0.079310
0.000033
0.009450
0.081525
0.003122
0.001868
0.265341
0.000685
0.000092
0.070519
0.000032
0.000098
0.033498
0.065301
0.023689
0.002826
0.054465
0.101195
0.000536
0.013366
0.208021
0.013499
0.094226
0.291072
0.378286
0.004778
0.000470
0.000504
0.006729
0.147835
0.085836
0.014268
0.147544
0.000066
0.040566
0.032525
0.001162
0.000248
0.003306
0.028044
0.267119
0.016071
0.352052
0.009933
0.000010
0.000339
0.040421
0.055596
0.014971
0.002229
0.000004
0.031366
0.002524
0.127541
0.089716
0.053802
0.000002
0.001087
0.000421
0.302582
0.000775
0.070737
0.021267
0.015635
0.077388
0.032980
0.696196
0.000442
0.018426
0.066310
0.080177
0.013289
0.007623
0.000004
0.002436
0.000548
0.036457
0.001270
0.000049
0.001217
0.001017
0.014946
0.005604
0.000068
0.000557
0.000032
0.000046
0.002471
0.005561
0.130464
0.000129
0.005340
0.240364
0.041891
0.000038
0.000056
0.027518
0.018177
0.012474
0.009323
0.005859
0.159112
0.006196
0.151141
0.006350
0.002467
0.000204
0.015025
0.000040
0.030696
0.090061
0.002804
0.011704
0.000639
0.010992
0.041595
0.014738
0.016469
0.099510
0.007978
0.001253
0.000317
0.015214
0.028685
0.717426
0.004559
0.065528
0.052478
0.003231
0.009794
0.042503
0.016196
0.294450
0.000334
0.000536
0.668080
0.001036
0.003025
0.185503
0.001347
0.006762
0.000345
0.010982
0.359817
0.060484
0.001232
0.010686
0.068836
0.000306
0.000186
0.373389
0.087311
0.013095
0.000034
0.000925
0.027770
0.010397
0.002514
0.094869
0.160646
0.001468
0.023748
0.018041
0.000006
0.072384
0.167596
0.000007
0.003012
0.001277
0.001387
0.014536
0.004991
0.001748
0.005233
0.000747
0.038378
0.083033
0.008884
0.000089
0.021078
0.004247
0.038926
0.003620
0.077327
0.149088
0.049444
0.017622
0.140459
0.000032
0.000007
0.000020
0.028175
0.028385
0.007668
0.040349
0.048854
0.020312
0.071890
0.758560
0.002378
0.029755
0.110508
0.016048
0.000028
0.000175
0.044038
0.019064
0.041883
0.000405
0.045293
0.002905
0.012992
0.000149
0.011380
0.079560
0.196697
0.786802
0.000186
0.016485
0.004791
0.080894
0.000024
0.143435
0.003450
0.005831
0.013994
0.038795
0.043791
0.001698
0.026802
0.454222
0.005478
0.000738
0.108790
0.000119
0.035627
0.025016
0.157684
0.145134
0.010288
0.000008
0.168193
0.058416
0.000609
0.003852
0.273592
0.004389
0.000914
0.331587
0.052393
0.029374
0.000398
0.140139
0.006527
0.537894
0.012480
0.529039
0.004592
0.660958
0.052204
0.028737
0.185636
0.002440
0.088729
0.001560
0.000010
0.140888
0.053521
0.115896
0.005564
0.005367
0.000605
0.311486
0.013252
0.231480
0.056566
0.000044
0.000299
0.005210
0.002031
0.001446
0.013964
0.005054
0.007892
0.000233
0.039719
0.000824
0.065709
0.000005
0.000004
0.521150
0.002749
0.004641
0.233149
0.053564
0.138569
0.003136
0.006647
0.000648
0.009215
0.402674
0.058300
0.003570
0.114736
0.359235
0.251001
0.007147
0.000129
0.019313
0.000040
0.093909
0.000068
0.010232
0.000036
0.112114
0.032128
0.000019
0.071609
0.005285
0.003969
0.136373
0.000084
0.014794
0.000287
0.000030
0.013961
0.048013
0.019391
0.000080
0.000842
0.007255
0.018977
0.043813
0.001096
0.002891
0.275707
0.079433
0.295770
0.024399
0.000816
0.021409
0.030776
0.030643
0.022055
0.007243
0.001258
0.011115
0.006175
0.052101
0.000744
0.000158
0.024251
0.000067
0.003053
0.002731
0.069895
0.036776
0.000289
0.005105
0.225672
0.008330
0.000008
0.000289
0.194637
0.000279
0.000003
0.065569
0.007527
0.000607
0.036506
0.009675
0.000901
0.002829
0.541226
0.000500
0.115395
0.018078
0.006167
0.007531
0.011590
0.148655
0.028596
0.005785
0.000572
0.026881
0.274731
0.085754
0.015080
0.000004
0.000259
0.042766
0.000010
0.025375
0.000814
0.147845
0.145674
0.007281
0.017613
0.000160
0.003700
0.029295
0.008776
0.001774
0.196120
0.013300
0.062168
0.132927
0.000429
0.176820
0.000074
0.296342
0.002849
0.000248
0.211991
0.006220
0.004143
0.001286
0.000011
0.014892
0.382084
0.004371
0.050304
0.001486
0.388860
0.000105
0.018304
0.000010
0.013764
0.839755
0.060729
0.005049
0.201036
0.107130
0.000348
0.010037
0.216844
0.156532
0.002857
0.001885
0.000024
0.003398
0.000935
0.040225
0.251900
0.000131
0.000169
0.025913
0.001881
0.781780
0.119827
0.099439
0.310551
0.007629
0.000271
0.003476
0.058542
0.112942
0.000002
0.053447
0.399366
0.013744
0.005093
0.005849
0.177356
0.010898
0.000093
0.003136
0.000655
0.007576
0.070977
0.003781
0.027731
0.000006
0.002826
0.001266
0.001649
0.000138
0.001318
0.000509
0.976009
0.074610
0.140713
0.011398
0.075668
0.028232
0.009859
0.006952
0.004233
0.003195
0.000114
0.105505
0.001032
0.004540
0.108670
0.001166
0.000808
0.015988
0.013054
0.000039
0.061726
0.049100
0.018647
0.217182
0.000207
0.039139
0.002345
0.000049
0.109195
0.000059
0.016161
0.000652
0.050904
0.000155
0.197159
0.000448
0.004495
0.006152
0.280189
0.186782
0.000630
0.000440
0.007203
0.122858
0.000004
0.005279
0.003504
0.008703
0.012835
0.086710
0.029720
0.046866
0.005458
0.036399
0.268721
0.005447
0.113796
0.001179
0.023227
0.000143
0.000108
0.344351
0.189714
0.000004
0.042361
0.187396
0.001438
0.023130
0.000007
0.102644
0.001380
0.012735
0.000011
0.057987
0.000005
0.000154
0.000108
0.128066
0.000567
0.115046
0.076061
0.000437
0.000379
0.064214
0.000033
0.133367
0.019967
0.250910
0.000015
0.000221
0.026210
0.000012
0.144056
0.017967
0.002325
0.000058
0.368105
0.182211
0.041752
0.001359
0.001408
0.009959
0.050000
0.007764
0.006163
0.029079
0.107903
0.012472
0.007479
0.010580
0.043959
0.000161
0.007188
0.000343
0.275183
0.002667
0.097850
0.000066
0.000002
0.048489
0.000096
0.013144
0.028445
0.249390
0.008818
0.008262
0.004535
0.317476
0.073980
0.004121
0.001723
0.000021
0.001797
0.129376
0.024129
0.020900
0.000259
0.093988
0.010914
0.001377
0.000440
0.013318
0.001588
0.021925
0.000446
0.004220
0.004099
0.004778
0.004631
0.165794
0.008749
0.010136
0.501704
0.001113
0.000215
0.001467
0.014060
0.141484
0.000754
0.036430
0.011100
0.000102
0.000129
0.000400
0.120692
0.019610
0.006422
0.118628
0.028347
0.149699
0.003848
0.000891
0.002138
0.029438
0.442346
0.105026
0.000212
0.000077
0.124914
0.000441
0.000191
0.031345
0.083141
0.092534
0.079689
0.016555
0.577714
0.170973
0.103967
0.060620
0.000014
0.208258
0.427709
0.025956
0.000026
0.000189
0.003574
0.015588
0.048315
0.066256
0.032088
0.162740
0.002854
0.005343
0.023799
0.002528
0.074200
0.053769
0.037612
0.004537
0.000188
0.019282
0.000001
0.130818
0.033822
0.000133
0.001335
0.001386
0.020252
0.005011
0.123568
0.017505
0.099014
0.033859
0.045116
0.021633
0.036961
0.003299
0.021456
0.000135
0.065420
0.007263
0.000047
0.096469
0.001087
0.008126
0.000547
0.198777
0.000144
0.000203
0.002262
0.012826
0.038867
0.006503
0.032480
0.074566
0.001301
0.000359
0.018178
0.003634
0.000169
0.049797
0.046419
0.025213
0.000203
0.017318
0.043429
0.101973
0.324748
0.037715
0.000756
0.000679
0.070034
0.023368
0.000181
0.001651
0.000940
0.000134
0.238373
0.152908
0.008521
0.000077
0.000243
0.000006
0.022683
0.000921
0.016234
0.047506
0.003525
0.000314
0.002112
0.000018
0.009282
0.000064
0.015241
0.000002
0.000110
0.006955
0.006273
0.093478
0.000196
0.005128
0.000044
0.042589
0.002995
0.002622
0.001201
0.010831
0.000513
0.059602
0.024660
0.006986
0.346881
0.078284
0.018253
0.013989
0.000506
0.000001
0.000002
0.000012
0.354093
0.031222
0.003041
0.224421
0.003672
0.000109
0.000016
0.005342
0.014547
0.000283
0.000434
0.008946
0.000003
0.002453
0.008554
0.000314
0.025190
0.005925
0.003355
0.184935
0.020697
0.000101
0.046149
0.001804
0.001618
0.001236
0.027483
0.000002
0.000301
0.035410
0.028218
0.000002
0.005331
0.007954
0.142367
0.013348
0.037012
0.020547
0.025340
0.657789
0.370454
0.006402
0.078369
0.011950
0.000072
0.025384
0.001372
0.009886
0.013557
0.005436
0.074548
0.024014
0.075334
0.002249
0.035764
0.010715
0.003697
0.045214
0.001377
0.094735
0.047192
0.006515
0.081144
0.207028
0.215397
0.000006
0.026719
0.029513
0.084726
0.079173
0.000104
0.000924
0.099564
0.003888
0.000105
0.061064
0.000002
0.001156
0.012113
0.004444
0.046551
0.000012
0.059935
0.008180
0.001834
0.046973
0.030832
0.102006
0.000378
0.001300
0.004141
0.003841
0.053906
0.000029
0.006829
0.051751
0.013990
0.035547
0.088685
0.003852
0.007469
0.034140
0.020027
0.058739
0.000381
0.031047
0.000459
0.000895
0.002672
0.751178
0.000191
0.588327
0.000244
0.038137
0.008778
0.531003
0.013702
0.050462
0.005535
0.000961
0.001581
0.008912
0.042501
0.016885
0.000793
0.000027
0.000032
0.045793
0.038608
0.226819
0.000229
0.007242
0.621574
0.062087
0.030466
0.021627
0.047576
0.006876
0.154956
0.003054
0.228922
0.336487
0.470857
0.004460
0.054239
0.028785
0.000061
0.002506
0.001892
0.011283
0.127988
0.155292
0.005264
0.000039
0.000002
0.052596
0.191115
0.000324
0.000004
0.003146
0.129095
0.147152
0.059719
0.001079
0.020177
0.129303
0.008715
0.008335
0.000482
0.010547
0.034758
0.000007
0.000038
0.102562
0.000661
0.003175
0.000384
0.007300
0.051050
0.000066
0.026840
0.002664
0.007274
0.050058
0.010026
0.000022
0.000263
0.003241
0.000027
0.000095
0.006154
0.004212
0.366342
0.071772
0.028360
0.554010
0.016875
0.005839
0.009953
0.021244
0.027753
0.022822
0.001097
0.167934
0.000367
0.031648
0.000077
0.001696
0.009635
0.000577
0.149784
0.101551
0.003401
0.104480
0.000095
0.205095
0.000062
0.003169
0.020829
0.000810
0.000881
0.377870
0.021962
0.027103
0.008569
0.049960
0.049347
0.000402
0.002044
0.004275
0.008163
0.107026
0.887754
0.943198
0.015632
0.006310
0.001217
0.073007
0.011979
0.000042
0.000305
0.125522
0.352555
0.000131
0.084668
0.030393
0.084539
0.223233
0.000859
0.486857
0.009438
0.269822
0.003415
0.489712
0.151686
0.166264
0.241789
0.056748
0.019611
0.057073
0.014592
0.039010
0.038143
0.011379
0.002341
0.046460
0.002914
0.010173
0.003024
0.000245
0.001105
0.089133
0.062489
0.017190
0.000123
0.315490
0.001283
0.057339
0.011518
0.001127
0.132390
0.000007
0.000008
0.016839
0.051531
0.027471
0.000334
0.000023
0.018448
0.000327
0.002339
0.521057
0.009182
0.010942
0.114003
0.167898
0.002861
0.000661
0.000015
0.009428
0.021024
0.069217
0.051267
0.046318
0.002010
0.000002
0.199089
0.000480
0.010692
0.054093
0.014910
0.004271
0.004454
0.040188
0.000078
0.446186
0.000002
0.003443
0.001763
0.055675
0.096216
0.000017
0.021941
0.003005
0.015162
0.020515
0.003325
0.000875
0.071733
0.104296
0.061732
0.338837
0.018484
0.235148
0.078037
0.295388
0.000927
0.020202
0.004361
0.008205
0.013401
0.207150
0.045548
0.001638
0.001339
0.002135
0.007185
0.000097
0.326918
0.443454
0.025792
0.254908
0.003027
0.000906
0.008971
0.000406
0.000060
0.000013
0.002786
0.049374
0.001250
0.004249
0.160305
0.003738
0.058285
0.000395
0.002576
0.003845
0.009923
0.008701
0.000133
0.065624
0.092913
0.016755
0.037416
0.214122
0.146377
0.000401
0.004114
0.465877
0.098364
0.087295
0.000197
0.035601
0.387361
0.040854
0.000474
0.048563
0.200703
0.025591
0.001123
0.002232
0.006144
0.016427
0.000002
0.000016
0.000338
0.039071
0.002642
0.000839
0.176242
0.721283
0.001242
0.048163
0.061121
0.000017
0.001968
0.000280
0.000615
0.007060
0.066809
0.073057
0.013163
0.005786
0.023379
0.000005
0.009805
0.014795
0.000006
0.065917
0.236499
0.011636
0.004017
0.000596
0.038693
0.019732
0.001250
0.178542
0.001997
0.003939
0.006673
0.000022
0.000888
0.000838
0.001093
0.001739
0.049594
0.036423
0.005119
0.295705
0.004570
0.001126
0.000003
0.003250
0.024260
0.190899
0.008401
0.023001
0.146754
0.010428
0.032694
0.004452
0.004468
0.000801
0.174813
0.001099
0.024851
0.097614
0.006199
0.140984
0.031392
0.065967
0.031641
0.000148
0.038512
0.036778
0.529143
0.000002
0.000007
0.001510
0.059269
0.020251
0.016825
0.000837
0.007400
0.087300
0.119840
0.123597
0.015013
0.151645
0.045525
0.023294
0.000183
0.003160
0.000147
0.110932
0.001851
0.006782
0.001218
0.026315
0.053142
0.060845
0.057428
0.014891
0.049391
0.042032
0.034983
0.004149
0.008667
0.347493
0.024353
0.083418
0.000221
0.018716
0.000018
0.115534
0.217513
0.647025
0.001349
0.070894
0.100860
0.001130
0.000724
0.000150
0.007825
0.034941
0.088943
0.074237
0.000166
0.006295
0.000942
0.011730
0.005546
0.010333
0.006312
0.005285
0.453675
0.164028
0.024761
0.003622
0.000196
0.033088
0.003882
0.124691
0.543301
0.075674
0.037211
0.000711
0.042319
0.021523
0.020353
0.071024
0.495589
0.027899
0.007895
0.000074
0.000894
0.005753
0.020593
0.276130
0.000193
0.044513
0.178874
0.000334
0.000802
0.044196
0.004935
0.110764
0.006565
0.057793
0.109216
0.003278
0.000736
0.000337
0.417495
0.000504
0.007238
0.000066
0.041997
0.000416
0.038987
0.011963
0.000321
0.003906
0.211841
0.097086
0.002099
0.221481
0.005245
0.309713
0.000823
0.041254
0.001027
0.341702
0.000165
0.005154
0.007049
0.013416
0.021293
0.000429
0.001752
0.001428
0.012355
0.059237
0.025568
0.351609
0.104624
0.004291
0.000080
0.028112
0.000288
0.025927
0.000231
0.034575
0.033638
0.006533
0.274428
0.007974
0.094745
0.000007
0.000257
0.457946
0.000083
0.001121
0.268452
0.012109
0.102024
0.197452
0.000399
0.076042
0.002452
0.000222
0.024965
0.000002
0.439361
0.126265
0.835611
0.000181
0.049126
0.001261
0.049399
0.025802
0.588197
0.000864
0.000569
0.068830
0.003083
0.020978
0.256818
0.000003
0.007965
0.020780
0.000363
0.009534
0.003478
0.001410
0.000590
0.077180
0.037151
0.028868
0.000006
0.005082
0.003046
0.260170
0.112422
0.007216
0.078638
0.005079
0.096399
0.042153
0.015188
0.000013
0.000253
0.035923
0.159778
0.002813
0.091561
0.072449
0.000798
0.004032
0.035188
0.040413
0.000179
0.184330
0.000376
0.039284
0.122077
0.011333
0.000528
0.000164
0.016279
0.000953
0.014358
0.017914
0.000150
0.011048
0.118507
0.103953
0.690566
0.000002
0.006817
0.000299
0.006589
0.000245
0.001039
0.001067
0.054937
0.039301
0.017523
0.026956
0.192320
0.356159
0.303268
0.049428
0.000002
0.001209
0.034763
0.077347
0.000490
0.000155
0.001647
0.185515
0.005601
0.000004
0.000654
0.000586
0.001979
0.000313
0.001030
0.009986
0.306839
0.046572
0.007076
0.000072
0.046944
0.012194
0.023299
0.001126
0.024122
0.592143
0.339172
0.005096
0.014496
0.047755
0.000150
0.008471
0.027499
0.025835
0.226128
0.000004
0.137268
0.100524
0.010048
0.001430
0.000507
0.005594
0.018015
0.003104
0.066330
0.033083
0.000750
0.144092
0.002089
0.040931
0.042043
0.072439
0.087046
0.000079
0.194340
0.002172
0.001742
0.023888
0.000023
0.003696
0.001688
0.014251
0.009252
0.000623
0.003773
0.012865
0.007947
0.001605
0.008296
0.010983
0.001122
0.151555
0.026649
0.000349
0.003343
0.010359
0.009750
0.028267
0.032640
0.048113
0.013975
0.016096
0.000603
0.004095
0.017116
0.321303
0.004438
0.451184
0.072478
0.007227
0.000050
0.049804
0.007112
0.000086
0.010182
0.000267
0.079794
0.119418
0.030053
0.000507
0.035189
0.018028
0.312506
0.022589
0.012697
0.011413
0.180293
0.161485
0.009144
0.039722
0.003486
0.024203
0.113917
0.010596
0.001144
0.023677
0.030924
0.015480
0.011757
0.007307
0.001624
0.002873
0.077670
0.159635
0.031957
0.581415
0.099527
0.031690
0.000067
0.040863
0.003312
0.161296
0.000222
0.190507
0.067371
0.000062
0.000002
0.055329
0.001989
0.330965
0.001503
0.257460
0.020425
0.016472
0.012140
0.014981
0.008833
0.043680
0.000346
0.106889
0.011043
0.148487
0.005641
0.041692
0.013690
0.118932
0.001527
0.015292
0.759834
0.130375
0.013435
0.000274
0.027289
0.010471
0.107117
0.014817
0.197272
0.000004
0.167297
0.001286
0.000069
0.094832
0.041809
0.247470
0.606090
0.000550
0.140940
0.020646
0.369827
0.151740
0.004917
0.018771
0.426595
0.041074
0.064338
0.067627
0.149727
0.363341
0.043886
0.002973
0.000033
0.003733
0.029359
0.000331
0.010988
0.008132
0.005395
0.061977
0.000007
0.000004
0.005808
0.000426
0.013085
0.000060
0.000066
0.109531
0.037703
0.000163
0.001668
0.001208
0.001460
0.077454
0.002063
0.041491
0.074386
0.009146
0.114426
0.000206
0.005647
0.113082
0.004590
0.000002
0.216939
0.050680
0.181163
0.000751
0.500438
0.002768
0.000039
0.000075
0.008689
0.003182
0.000011
0.040764
0.055808
0.114785
0.000015
0.002683
0.000821
0.073846
0.039288
0.189114
0.022720
0.007738
0.578191
0.010360
0.044961
0.090265
0.038694
0.003010
0.000043
0.145563
0.003037
0.012704
0.055803
0.814687
0.032615
0.004236
0.000038
0.000004
0.000169
0.031721
0.077632
0.017649
0.113079
0.011386
0.059534
0.000369
0.028951
0.050496
0.002309
0.010014
0.039891
0.000197
0.083412
0.005135
0.000004
0.451358
0.175103
0.096349
0.012597
0.113675
0.006898
0.005486
0.004231
0.000403
0.072153
0.001558
0.003736
0.015720
0.000006
0.000218
0.060445
0.002841
0.001090
0.000758
0.001246
0.055068
0.034057
0.000015
0.001612
0.074561
0.002576
0.010592
0.042302
0.001185
0.000950
0.056760
0.003729
0.156858
0.214243
0.075506
0.040427
0.032799
0.053135
0.006056
0.016448
0.003243
0.007506
0.148636
0.435597
0.000026
0.000618
0.409125
0.072683
0.003851
0.011084
0.016788
0.000095
0.018260
0.203098
0.070111
0.003186
0.000733
0.002670
0.018703
0.011965
0.000049
0.116377
0.000489
0.050457
0.096674
0.088608
0.005632
0.251054
0.024986
0.000332
0.007633
0.000171
0.000069
0.051190
0.019484
0.000022
0.001844
0.011125
0.004387
0.027769
0.060243
0.089777
0.007711
0.010880
0.004893
0.001379
0.045188
0.028646
0.001220
0.000763
0.032603
0.093362
0.001433
0.010495
0.079069
0.054500
0.062868
0.004586
0.005215
0.000192
0.023861
0.042781
0.001079
0.000127
0.014620
0.000152
0.164131
0.016763
0.000775
0.000225
0.000027
0.063846
0.005491
0.386689
0.004979
0.205143
0.001170
0.000233
0.009384
0.000061
0.324640
0.000414
0.015879
0.001481
0.000169
0.149137
0.004793
0.001203
0.048825
0.019626
0.341969
0.273150
0.026820
0.087733
0.039976
0.000115
0.004798
0.028280
0.030507
0.000003
0.030968
0.005536
0.000222
0.000435
0.152571
0.031974
0.000992
0.071287
0.000009
0.014647
0.126534
0.013975
0.056749
0.102767
0.002960
0.058112
0.029362
0.000510
0.001377
0.000010
0.000653
0.037859
0.000949
0.008423
0.000258
0.151052
0.010756
0.113654
0.018171
0.004808
0.008555
0.000627
0.006238
0.158969
0.135002
0.003193
0.000408
0.051284
0.014693
0.008451
0.053567
0.015599
0.000257
0.010625
0.039364
0.039295
0.007667
0.819051
0.191208
0.005749
0.001396
0.007573
0.021795
0.022722
0.003772
0.000034
0.070593
0.000031
0.157942
0.201534
0.000053
0.007208
0.001435
0.000594
0.003977
0.030108
0.000087
0.004450
0.001009
0.009798
0.000980
0.034033
0.002146
0.007725
0.057235
0.010041
0.052703
0.064363
0.250729
0.085088
0.005140
0.195583
0.003197
0.130583
0.009298
0.375833
0.006528
0.011495
0.015912
0.406400
0.000584
0.000647
0.000291
0.000008
0.427382
0.049392
0.004135
0.000870
0.113748
0.022720
0.584143
0.000742
0.026267
0.012473
0.000275
0.004377
0.000015
0.004399
0.000093
0.004138
0.004014
0.000614
0.007239
0.125280
0.000554
0.488311
0.001799
0.006972
0.000262
0.060643
0.015694
0.001743
0.010833
0.504991
0.044066
0.030976
0.000022
0.010848
0.015232
0.127881
0.000140
0.015318
0.000563
0.037207
0.004947
0.005143
0.000678
0.067865
0.062959
0.000464
0.073981
0.269442
0.036828
0.008082
0.071036
0.141216
0.000005
0.001867
0.152204
0.177949
0.012665
0.136976
0.010705
0.022874
0.000151
0.029898
0.085185
0.191526
0.053044
0.013718
0.000417
0.001149
0.146086
0.038169
0.001643
0.005188
0.000158
0.101073
0.028124
0.005434
0.132128
0.000385
0.137635
0.012962
0.001710
0.021973
0.057038
0.000946
0.093591
0.013792
0.083180
0.000002
0.020143
0.014672
0.000328
0.030577
0.004551
0.001897
0.000002
0.047149
0.000635
0.000351
0.003761
0.005348
0.024176
0.154878
0.068401
0.011098
0.000382
0.055527
0.017009
0.000386
0.001631
0.155442
0.091941
0.031731
0.001292
0.000002
0.098003
0.254117
0.008224
0.028842
0.003891
0.002663
0.002953
0.106004
0.021656
0.000069
0.000005
0.029612
0.028740
0.003268
0.038616
0.000397
0.083737
0.273818
0.115448
0.016038
0.031556
0.271491
0.029549
0.019442
0.029123
0.032077
0.001472
0.042529
0.004570
0.001087
0.002026
0.024528
0.075675
0.026645
0.001494
0.007168
0.002939
0.000065
0.092219
0.044066
0.006603
0.048135
0.000814
0.132477
0.100839
0.001356
0.058527
0.011160
0.396740
0.000002
0.075878
0.001121
0.019975
0.002884
0.031247
0.000028
0.006183
0.001470
0.051216
0.000100
0.034661
0.000009
0.000182
0.099748
0.002564
0.000182
0.000077
0.303569
0.002388
0.057083
0.015792
0.032888
0.100427
0.005353
0.000258
0.019193
0.194195
0.007008
0.044896
0.000002
0.013295
0.028168
0.007513
0.013270
0.010890
0.012497
0.036649
0.000196
0.027440
0.097562
0.025083
0.001024
0.011901
0.055365
0.000003
0.003580
0.004523
0.087140
0.029325
0.095293
0.083580
0.004881
0.163081
0.000454
0.782718
0.282668
0.002918
0.000147
0.000419
0.000176
0.000138
0.009797
0.012311
0.085184
0.000067
0.325463
0.008471
0.108252
0.034135
0.005086
0.107355
0.041120
0.002379
0.014944
0.002121
0.010202
0.191290
0.008712
0.000245
0.192622
0.008978
0.000010
0.054399
0.014477
0.000837
0.003263
0.040271
0.016478
0.052729
0.037649
0.000197
0.000214
0.067247
0.006407
0.503042
0.000194
0.098302
0.032778
0.097393
0.189088
0.015645
0.000608
0.000022
0.373176
0.085936
0.005613
0.018378
0.000130
0.000305
0.012470
0.001524
0.397186
0.000155
0.107367
0.044889
0.028599
0.105119
0.007164
0.000178
0.039764
0.000218
0.003551
0.288132
0.157638
0.012782
0.249761
0.000003
0.038719
0.004369
0.068429
0.125291
0.000816
0.012974
0.001721
0.004622
0.000004
0.016502
0.009636
0.000468
0.030980
0.001764
0.000002
0.047732
0.050920
0.049691
0.111896
0.159018
0.003537
0.154998
0.000769
0.000432
0.347317
0.017187
0.036868
0.366763
0.090780
0.006656
0.000107
0.004817
0.015396
0.093323
0.807835
0.010464
0.001580
0.003603
0.137157
0.416448
0.001368
0.015414
0.003610
0.063626
0.221914
0.056659
0.009514
0.000115
0.000238
0.002988
0.000048
0.000026
0.013500
0.047455
0.042216
0.000451
0.009970
0.004262
0.000305
0.179783
0.187426
0.000871
0.001307
0.044727
0.021873
0.009148
0.001516
0.005590
0.031512
0.000064
0.012569
0.004770
0.488226
0.000204
0.000901
0.221330
0.004458
0.001591
0.171152
0.000394
0.003870
0.003045
0.031617
0.002277
0.001344
0.041544
0.001160
0.053555
0.008555
0.001254
0.003451
0.067348
0.004117
0.032049
0.004738
0.242817
0.121961
0.346407
0.005001
0.066924
0.005177
0.005258
0.013334
0.000015
0.345149
0.034268
0.016709
0.000407
0.000162
0.072459
0.246080
0.032280
0.000806
0.017627
0.057071
0.005479
0.001264
0.067664
0.022053
0.004239
0.228878
0.013443
0.029712
0.000065
0.017870
0.013317
0.047111
0.000052
0.005286
0.690914
0.060776
0.000031
0.053477
0.073303
0.000089
0.393335
0.006911
0.001463
0.024942
0.003167
0.055233
0.003288
0.006816
0.000041
0.000284
0.021440
0.001126
0.019641
0.024991
0.001225
0.004084
0.019023
0.011029
0.030068
0.078485
0.079974
0.002709
0.018697
0.021522
0.000174
0.000002
0.002554
0.042974
0.019352
0.033934
0.004428
0.000353
0.495063
0.076299
0.010485
0.002422
0.011855
0.829420
0.067239
0.049079
0.027116
0.000221
0.169077
0.031890
0.027116
0.000702
0.002208
0.037885
0.007160
0.550219
0.019564
0.280569
0.093252
0.019852
0.000237
0.000479
0.000232
0.016230
0.037121
0.005282
0.005678
0.112531
0.003137
0.000069
0.004564
0.000012
0.019700
0.232147
0.055295
0.007841
0.019040
0.109033
0.018219
0.027228
0.008565
0.075054
0.017478
0.148676
0.000063
0.169307
0.022695
0.000854
0.012559
0.040394
0.000349
0.054100
0.000093
0.051416
0.001645
0.000332
0.050503
0.046061
0.001919
0.000053
0.002872
0.000590
0.000585
0.007448
0.042241
0.016850
0.059359
0.274522
0.000040
0.001635
0.000009
0.000031
0.522214
0.058953
0.015207
0.000024
0.000356
0.372664
0.093915
0.001168
0.029965
0.002634
0.000019
0.084484
0.044786
0.100326
0.063638
0.031476
0.147317
0.028402
0.040881
0.030655
0.001977
0.251973
0.238147
0.003581
0.000523
0.011395
0.002165
0.045038
0.004054
0.042268
0.001887
0.000916
0.007530
0.001603
0.001468
0.015734
