2545
1.864322
4
91
40
10
1
5047
-0.259303
-0.700426
0.408609
0.087722
-1.000000
-1.000000
0.381365
0.187027
0.505693
0.702309
-0.112740
-0.779013
-0.330541
0.266901
-0.922613
0.775028
-0.899631
-0.232255
-0.706399
-0.472425
0.513022
0.512573
-1.000000
0.914507
0.836435
-0.875648
0.281544
0.186952
0.959652
-0.729223
-0.278245
0.812167
0.306127
0.845701
-0.217996
0.991451
0.885379
-0.227357
0.555892
0.375455
-0.163434
0.669991
0.712792
-1.000000
-0.974038
0.791205
-0.315950
-0.656944
-0.159702
-0.265037
-0.325091
-0.707865
-0.746366
0.211663
0.282235
-0.845265
0.690451
0.442105
-0.528973
-0.398672
-0.523687
0.870908
0.729654
-0.990942
1.000000
0.015935
0.652227
0.873033
-0.848924
0.050861
0.068366
0.208427
-0.721584
-0.304256
0.322483
0.600684
-0.037809
-0.835861
-0.953443
0.681067
0.305312
-0.082630
0.009953
0.840916
0.523259
-1.000000
-0.384898
-0.753169
0.903603
-0.505523
-0.722895
0.651718
-0.977479
0.599112
0.265499
0.721535
0.114190
-0.462428
-0.930250
-0.577618
0.505885
0.032844
-0.652575
-0.584729
-0.691025
-0.475987
-0.656748
-0.629682
0.882598
-0.092312
0.832896
-0.732215
0.885071
-0.905939
-0.467659
-0.335723
0.011148
-0.117344
0.955076
-0.788876
-0.942575
-0.447424
-0.270513
0.924792
0.001217
0.645825
-0.206911
0.145438
0.219569
-0.733763
-0.212288
0.086433
-0.198274
0.083186
0.835846
-0.221722
-0.522636
-0.043466
0.754862
-0.591562
-0.753557
0.660722
0.924329
-0.709914
0.317535
0.135308
0.873612
-0.809252
-0.310931
1.000000
0.315823
0.481866
-0.645509
0.246987
0.252029
-0.360483
-0.812157
-0.268296
0.331085
-0.416557
-0.522020
-0.016764
-0.646446
0.875577
0.544271
-0.914926
0.493815
-0.082697
0.722642
-0.006520
-0.230058
-0.988762
-0.341365
1.000000
-0.272720
0.861370
0.394789
-0.251219
-0.342440
-0.714674
-1.000000
-0.020747
0.684980
1.000000
0.405434
0.984200
0.073726
0.577908
0.893426
-0.967367
1.000000
0.809128
-0.275611
-0.574869
-0.657304
-0.073851
-0.520703
0.534095
-0.626645
-0.991942
-0.912968
-0.049722
-0.406963
0.602408
0.020548
0.479683
-0.808851
-0.518136
0.852475
-0.745753
-0.377537
-0.654202
0.457677
-0.428844
0.752537
-1.000000
-0.066206
-0.564220
-0.869117
-0.354829
0.679996
-0.264845
-0.496035
-0.441299
0.960529
-1.000000
-0.212609
0.902458
-0.052528
0.026722
0.957583
0.136689
0.707039
-0.619823
-0.787628
0.280111
-0.264825
-0.407264
0.879278
-0.813882
-0.959539
-0.692624
-0.289103
0.911509
0.359086
0.239632
-0.828095
-0.958096
0.517100
0.102348
0.057694
0.831170
0.238574
-0.915327
0.828022
0.131941
0.212018
0.200096
-0.207753
-0.989026
-0.648975
0.967200
-0.278298
0.089062
-0.751431
0.532355
-0.824518
-0.857667
-0.930301
0.959205
-0.638031
-0.863577
0.929829
0.449412
-0.988344
0.171024
0.247566
0.671512
-0.400663
-0.282781
-0.673603
0.702760
0.547182
-0.617548
-0.572207
0.598532
0.331295
0.718386
-0.687021
0.904236
-0.917411
-0.541602
-0.794739
0.596419
-0.481390
-0.217694
-0.911544
0.745266
-0.070213
0.430619
-0.574093
0.256033
0.634921
-0.628375
-0.179018
-0.204313
0.627087
0.554460
0.299962
-0.775290
-0.881034
0.076779
0.194928
0.460862
0.688647
0.624494
0.521921
-1.000000
0.721752
0.620417
0.014908
0.874220
0.247231
0.970334
0.300646
0.017643
-1.000000
0.704858
0.850690
-0.687319
0.178029
-0.752229
0.826500
0.465373
-0.969846
-0.756867
0.761442
0.172972
-0.818785
-0.745933
0.590701
-0.064969
1.000000
-0.112340
0.504120
-0.170134
0.921875
-0.663793
-0.546662
0.383154
0.595407
-0.181778
-0.808496
0.643116
0.018162
-0.400091
-0.859607
0.019304
-0.078839
0.548321
0.716986
0.479224
0.521004
0.872558
-0.678514
-0.778244
0.532029
-0.802273
-0.265894
0.412710
-0.468855
0.271280
-0.132020
-0.125643
0.515968
1.000000
0.690801
-0.277700
0.577376
-0.482147
0.715694
0.477410
-0.172954
0.734113
-0.264395
-0.155809
-0.297101
-0.617866
0.322324
0.211867
0.184722
-0.685150
-0.658800
0.424309
-0.362382
-0.760037
0.202456
-0.206024
0.363682
-0.648996
0.211580
0.088284
0.801255
0.583397
-0.659479
0.909210
-0.347831
-0.669346
-0.362916
-0.169161
-0.594503
-0.898001
-0.549478
0.932499
0.416557
0.233976
-0.598575
0.371467
0.409794
-0.348174
0.170876
0.122913
0.796065
-0.818560
0.232185
0.152592
0.777455
0.039220
-0.916539
-0.789897
0.258297
0.443281
-0.928151
0.157410
-0.693603
-0.519079
0.874623
0.466204
-0.716635
-0.269075
-0.571557
-0.074973
-0.525119
0.932892
-0.432464
-0.155698
-0.175126
-0.123205
-0.745193
0.511240
0.264629
0.963994
-0.290520
-0.167770
-0.978139
0.337991
-0.603435
0.470962
0.617269
-0.682015
-0.912367
-0.232228
-0.335163
-0.591448
-0.138710
0.883248
-0.169642
-0.480845
0.968174
0.639606
-0.036284
0.826582
-0.919288
0.967248
0.407056
0.368304
0.085218
-0.453111
0.450883
-0.128709
0.525674
0.271225
0.303130
1.000000
-0.549896
-0.983357
0.881420
-0.089687
-0.109120
-0.570494
0.507319
0.029816
0.369468
-0.003093
-0.326803
-0.312149
0.902557
-0.066459
0.145229
0.109752
0.918994
-0.044221
-0.983372
0.479587
0.642789
-0.045930
0.502566
-0.966142
-0.105530
0.303924
-0.720689
-0.091451
0.694225
-1.000000
-0.475659
-0.372348
0.664159
-0.880032
0.629556
0.656271
-1.000000
-0.994084
0.043225
-0.745264
-0.988024
-0.590577
-0.260271
-0.206253
0.224365
-0.437320
-0.564455
0.403483
-0.097223
0.622614
-0.013975
0.662336
-1.000000
0.586124
-0.837070
-0.782899
0.167288
0.876091
0.857999
-0.970813
0.459428
-0.909972
-0.421561
1.000000
-0.165476
-0.063122
0.519728
0.688113
0.684075
-0.912452
-0.240616
-0.737518
-0.711141
0.832416
0.387954
-0.500133
-0.455968
-0.454627
-0.161650
0.815422
-0.352740
-0.334037
0.048869
0.669682
-0.941349
0.273223
-0.697286
-0.288477
0.918263
-0.234326
0.370458
-0.164783
-0.173930
-1.000000
-0.184125
-0.802178
-0.417044
-0.011540
0.763283
-0.787327
-0.130514
0.853858
0.304164
0.706751
0.897806
0.330658
1.000000
0.328303
0.764663
-0.093539
0.714189
-0.982270
0.446546
0.513574
0.727152
0.920990
0.254113
-0.115891
0.784382
0.555636
-0.668727
0.895457
-0.391561
0.262186
-0.701505
0.586173
-0.778382
0.044342
-0.624880
1.000000
-0.137686
0.390729
0.053039
0.438391
-0.053059
-0.949117
-0.556321
0.350448
0.180315
-0.176330
-0.311262
-0.407528
0.632390
-0.407279
-0.138193
-0.519428
-0.399723
1.000000
0.921696
-0.042043
-1.000000
-0.523289
0.168875
-0.464465
0.952875
-0.217027
0.189239
0.739133
0.802047
0.443424
0.705041
-0.307296
-0.271849
-0.920420
0.654915
-0.735028
0.235822
-1.000000
0.214755
-0.141193
0.852058
0.997261
-0.464670
-0.453982
0.217664
0.038058
0.713167
0.549071
0.162962
0.471817
-0.566924
0.374185
1.000000
-0.512251
-0.115119
-0.469525
-0.789931
-0.832564
-0.046850
0.150402
1.000000
0.740320
-0.388538
0.917223
0.601157
-0.691325
-0.285760
0.509648
1.000000
-0.976170
-0.406985
-0.714749
-0.742823
0.577053
-0.499651
0.737272
0.713514
0.174155
-0.302276
-0.868782
-0.106099
0.801242
-0.937642
-0.748824
0.598734
-0.926876
0.124031
0.469446
0.701254
-0.932253
-0.970922
0.512091
-0.333678
-0.361221
0.868834
0.934094
0.965694
0.705289
-0.470090
0.516436
-0.253178
0.094900
-0.514796
-0.377733
0.086077
-0.403205
0.543700
0.181566
-0.458127
0.738717
-0.686209
0.978560
-0.497685
-0.593368
0.383415
-0.704497
0.800278
0.653386
-0.763383
-0.830562
0.522222
0.011054
0.186608
0.280771
-0.798201
-0.745834
0.628715
0.041102
-0.017677
-0.793142
0.677541
-0.928853
-0.721811
0.235573
0.002905
-0.219600
-0.686756
-1.000000
0.365080
0.983258
-0.064826
-0.939426
-0.514709
-0.374505
-0.938723
-0.989334
0.287589
0.296437
-0.299626
-0.870063
0.308362
0.901976
0.184815
-0.830346
-0.546470
-0.509589
0.199616
-0.022217
-0.840458
0.468131
0.333391
-0.210003
-0.233201
-0.669572
-0.751331
-0.958570
-0.843474
-0.409982
0.807197
0.170645
-0.811722
0.517553
-0.836270
0.354825
0.730365
0.737093
-0.149020
-0.948215
-0.372824
0.095750
-0.913609
0.906045
-0.440542
0.180113
0.754204
0.929982
-0.004598
0.004002
0.092532
-0.750413
-0.809593
-0.571768
-0.584022
-0.888369
0.136687
1.000000
0.168948
0.696666
0.098003
0.959332
-0.035705
-0.022541
-0.531625
-1.000000
0.422583
0.870615
0.806599
-0.506572
0.338304
-0.869261
-0.755169
0.618610
-0.481992
-0.100428
-0.054598
0.089152
0.521619
-0.214163
0.933777
-0.387557
-0.174996
0.603941
-0.542277
-0.948219
0.923113
-0.297019
0.177897
-0.685549
-0.670108
0.853627
-0.367094
-0.509379
0.008363
0.912541
-0.904578
-0.447210
-0.896090
-0.382878
0.410374
0.322115
0.486729
-0.550225
0.902998
-0.247981
0.658026
0.726197
0.576805
0.097722
0.053692
0.682396
-0.363167
-0.210010
0.526774
-0.055914
-0.397357
-0.897138
0.870483
-0.096615
-0.050881
0.550807
-0.467054
0.307439
0.118934
-0.748568
-0.488090
-0.198765
0.447079
-0.787305
0.278311
-0.326500
-0.382898
0.766356
-0.132202
-0.824088
-0.008366
0.396633
-0.628031
-0.761595
-0.348432
0.520322
0.972659
0.534254
-0.167642
0.905058
-0.070573
0.318237
0.468468
-0.204610
-0.331574
-0.636547
0.174909
1.000000
0.233137
1.000000
-0.724026
0.513855
0.493766
0.423061
-0.632232
-0.330536
-0.496628
0.927135
-0.910374
0.372874
-0.539324
0.937430
-0.471839
0.510131
-0.065506
0.058500
0.524010
-0.073446
-0.140873
-0.938895
-0.542014
0.844750
-0.402826
0.050111
0.348808
0.953575
0.618860
0.494031
0.485618
0.478705
-0.812025
0.607146
0.122878
0.951056
0.904716
0.044017
-0.211697
0.873516
-0.831406
-0.305337
0.981264
0.734726
0.711526
-0.707838
0.877365
0.384603
0.864134
-0.274636
-0.882944
0.762069
0.927968
-0.952280
0.731111
0.929814
0.718179
-0.927192
-0.546747
-0.632642
0.494585
-0.091742
-0.184970
0.137479
0.037375
-0.609939
-0.412027
0.798090
0.412599
-1.000000
-0.382484
-0.679962
-0.677774
-0.281294
0.793800
-0.694904
1.000000
-0.813088
-0.404185
0.528829
-0.680484
-0.595354
0.135732
-0.658572
0.435452
-1.000000
0.978839
0.493157
-0.435733
0.676232
-0.704222
-0.566763
-0.704998
0.971653
0.435082
0.333583
0.835608
-0.457598
-0.649853
0.884222
-0.588580
-0.939458
-0.147020
-0.158200
0.243489
0.065738
-0.497843
-0.592834
-0.162295
-0.514598
0.485312
0.469772
0.903252
-0.014629
0.232484
-0.851223
-0.058224
0.743087
-0.011767
-0.158525
0.056567
-0.747359
0.981350
0.256661
0.028993
-0.385279
-0.509265
1.000000
0.996600
0.505287
-0.981996
-0.072786
0.142873
-0.516312
-0.737023
-0.604725
-0.785723
0.247888
0.811204
0.183260
0.467209
-0.337170
0.825208
0.108128
-0.881702
0.168400
-0.258654
-0.359406
0.896236
-0.220633
-0.801108
-0.730156
-0.339652
-0.028808
0.500397
-0.453806
-0.582827
0.042481
0.135000
0.368801
-0.880731
-0.800110
-0.858258
-1.000000
-0.343897
-0.891146
-0.892446
-0.889396
0.976489
-0.007327
0.775483
-0.177585
-0.124088
-0.931294
-0.186212
-0.591676
-0.254430
0.170100
0.103106
-0.212940
0.319663
-0.645633
0.609832
0.226058
0.769920
0.817922
-1.000000
0.066162
0.436551
-0.712569
-0.950058
0.568129
-0.790942
0.950649
0.083690
-0.469411
0.643289
-0.803207
-0.430379
-0.011579
0.025553
0.622854
-0.940378
0.257810
-0.913855
0.701617
0.274156
-0.324942
-0.689780
0.847601
0.520158
-0.713386
-0.107447
0.401660
1.000000
-0.711774
0.356231
0.783173
0.681031
0.124810
0.903008
-0.535778
0.778998
-0.933863
-0.235638
-0.698460
-0.842754
0.987405
1.000000
-0.632302
0.693886
0.352413
-0.259716
-0.175616
0.344583
0.612774
-0.604492
-0.288616
0.193893
-0.927363
0.310506
0.270373
0.434340
-0.001920
0.733805
-0.074883
0.506116
0.810397
0.846323
-0.054149
1.000000
-0.106572
0.466388
0.270174
0.483227
-0.847351
0.935910
0.192875
-0.779152
0.781443
0.422102
0.760790
-0.372752
-0.880768
-0.693320
-0.954989
0.052785
-0.102726
0.550434
-0.515535
-0.230256
-0.371152
0.189024
0.742141
-0.840662
0.429927
0.955557
-0.893743
-0.795946
-0.884181
-0.569012
-0.243896
0.750477
0.562495
-0.401024
-0.016177
-0.359573
0.069806
0.367905
-0.771233
0.127751
0.696912
0.645208
0.470184
0.716555
0.308437
0.174971
-0.359210
0.035434
0.608703
-0.181532
-0.601504
0.226662
-1.000000
0.867615
-0.096773
-0.338496
0.399931
0.355835
-0.586038
0.755080
-0.508176
-0.466880
0.384756
0.605502
0.447352
-0.285770
-0.847481
-0.685668
0.190079
-0.831580
0.096712
-0.763542
0.286458
1.000000
0.571002
0.190262
-1.000000
-0.132935
0.767792
-0.019518
-0.556633
1.000000
-0.222265
0.362395
-0.348421
0.285548
0.862862
-0.212635
-0.347834
0.018370
0.185781
-0.549069
0.932431
0.836706
0.343858
0.541194
1.000000
-0.374495
-0.045074
0.717182
-0.685067
0.336784
0.074944
0.831227
0.733204
0.872048
-0.629510
-0.469064
0.460348
-0.342967
0.902510
0.825023
0.703485
-1.000000
-0.434834
0.454019
0.135885
0.722741
0.182015
0.734651
0.174740
-1.000000
0.765086
-0.749854
-0.863695
0.941932
0.495520
-0.503406
-0.781972
-0.780401
1.000000
-0.798914
0.255562
0.814422
0.738928
0.503696
0.442459
0.189948
-0.574583
0.841207
-0.308534
-0.595844
0.442875
-0.939921
0.691372
-0.194198
-0.377175
-0.220542
0.651021
-0.749538
-0.237803
0.461107
0.398584
0.691530
-1.000000
-0.149921
0.378894
0.922279
0.460301
-0.309707
0.083251
0.094968
-0.265360
-0.042393
0.276028
-0.713932
-0.162599
0.224300
0.475075
0.686974
-0.740496
0.574127
-0.030459
-0.768739
-1.000000
0.404694
-0.559666
0.567901
-0.398472
-0.087095
0.977051
0.137596
0.805305
0.706081
-0.569160
0.084334
-0.322115
-0.095483
-0.189157
-0.325115
0.746465
0.766111
-0.457336
-0.614221
-0.936183
0.948856
-0.326718
-0.749863
0.659477
0.379689
0.315290
-0.262826
0.536543
-0.481298
-0.690055
0.748685
0.075414
-0.373696
0.488484
-0.884698
0.735179
-0.026577
0.098881
0.462613
-0.340386
0.565218
0.513950
-0.382193
-0.166998
-0.701613
0.239307
-0.969408
-0.368674
-0.787835
-0.280182
0.397941
-0.849969
0.060165
0.227985
-0.121531
-0.297448
0.084922
-0.541600
0.504907
0.035687
0.056194
0.902736
-0.674054
0.747259
0.094581
-0.132441
1.000000
-0.913924
-0.407367
-0.461665
-0.212839
0.671549
0.003285
0.404111
0.185088
-0.437326
-0.920325
0.812558
0.862684
0.659994
0.054345
0.682583
0.322357
0.401215
0.742442
0.743590
0.210811
0.606135
0.896608
-0.335587
0.694231
0.596075
0.747947
-0.586177
-0.354208
-0.052464
0.649546
-0.933861
-0.385699
-0.160299
0.973277
-0.149202
0.131836
-0.820189
0.719786
0.334354
-0.221524
0.070272
0.124781
-0.037955
0.996621
0.259746
0.677285
0.597136
-0.095026
0.319959
-0.980369
0.125092
-0.514410
0.536190
0.174947
-0.988699
-0.645824
-0.309939
-0.206434
0.774183
-0.044918
-0.088480
0.503541
0.403041
-0.354644
0.575619
-0.958354
-0.561685
0.270094
0.567158
-0.611783
-0.629959
-0.427172
-1.000000
-0.463380
0.226631
0.807118
0.050275
0.757075
-0.727500
0.337884
0.841546
0.266470
0.730253
-0.610954
0.199571
0.969028
-0.258571
0.462362
-0.138963
-0.869414
-0.814886
-0.087876
0.017599
-0.040809
-0.738017
0.065090
0.684588
-0.711152
0.655116
0.287013
-0.352606
0.418597
-0.054053
-0.046976
0.680367
-0.940362
0.445877
-0.039688
-0.728615
0.838745
-0.419616
-0.607953
0.736531
0.249340
-0.333649
0.215729
-0.959747
0.583618
0.582627
-1.000000
0.435992
-0.987094
0.131947
-0.642417
0.284569
-0.622719
-0.871647
0.049465
0.038422
-0.558556
-0.843948
0.235468
0.535790
0.744647
0.535185
0.776672
-0.132979
-0.959551
1.000000
0.228101
-0.656310
-0.566847
0.235007
-0.921126
-0.634275
-0.136314
-0.807468
-0.652019
-0.123696
-0.513381
-0.095618
0.582176
0.269500
0.077288
-0.030524
-0.444237
0.113186
0.633784
-0.126389
-1.000000
0.596794
0.163899
-0.559971
0.324450
0.496446
0.357400
0.695803
-0.268468
-0.061363
0.549729
0.860698
-0.861790
-0.504611
0.711388
-0.938262
0.096188
-0.588757
-0.489689
0.974295
-0.664710
0.656865
-0.911155
0.980897
0.654288
0.803499
-0.299057
-0.130195
-0.081159
-0.778007
-0.855296
-0.149188
-0.950296
-0.689228
-0.216887
-0.429051
-0.367708
-1.000000
0.364122
-0.562828
0.990104
-0.111957
-0.774979
-0.349270
-0.504974
0.415135
-0.470712
-0.703585
-0.153276
-0.634644
-0.752023
-0.233836
-0.340932
0.914513
0.932346
-0.831816
-0.630230
-0.825134
0.367924
-0.464455
0.521511
0.045429
-1.000000
-0.398117
-0.882075
-0.983147
0.462576
0.687580
-0.784193
0.448941
0.777610
-0.410152
0.421089
-1.000000
-0.886645
-0.501091
0.216589
0.850863
-0.278583
-0.706043
0.687554
-0.072175
-0.817369
-0.913017
-0.573986
-0.261495
-0.277207
0.745189
0.922663
0.192841
-0.972045
0.050125
-0.219782
-0.573059
0.582507
-0.827670
0.340085
-0.239508
-0.248079
-0.627286
-0.831706
-0.037380
-0.308047
1.000000
0.338915
0.532710
0.217768
0.874778
0.738021
-0.261424
0.200115
-0.789677
-0.088329
0.988395
0.255950
0.579107
-0.671034
-0.804367
-0.299018
0.802800
-0.138715
0.587664
-0.632170
0.010750
0.405544
0.282191
0.160160
-0.653698
0.787822
0.205611
-0.806752
-0.639389
0.130217
0.318725
0.083893
1.000000
-0.354791
-0.177396
0.039180
-0.778211
0.563221
-0.413242
-0.768232
0.765748
0.446414
0.775088
0.372568
-0.301763
-0.556767
-0.632014
0.782858
0.487505
-0.007037
-0.808090
1.000000
0.937488
-0.852224
-0.925867
-0.010525
0.828314
-0.406018
-0.934849
0.216222
-0.388879
-0.029924
-0.009460
0.949175
-0.542303
0.348284
0.189324
0.163909
0.114628
0.235067
0.270989
-0.057297
0.710943
-0.139470
0.699191
0.698280
0.951022
0.777410
-0.750713
-0.862081
0.893846
-0.416737
0.850167
-0.673513
-0.816457
0.428820
0.679958
-1.000000
-0.896028
-0.743898
-0.632604
-0.773288
0.956434
-0.947899
0.907977
0.074799
-0.868585
-0.794901
0.018649
0.722878
-0.476135
-0.119599
0.612505
-0.586246
1.000000
0.647855
-0.472816
-0.537747
0.759939
1.000000
0.983388
-0.061074
0.620344
0.754493
-0.390447
0.569331
0.881054
-0.957334
-0.693731
0.780997
0.333821
0.930425
0.197490
-0.154098
0.037946
-0.278625
0.349541
-0.903734
-0.398963
0.159307
-0.834706
0.968939
-0.127967
0.698950
0.642732
0.930906
-0.203792
0.274811
0.217283
-0.169515
-0.150336
0.754967
0.292938
-0.200206
-0.824239
1.000000
-0.440631
0.570012
-0.493878
1.000000
-0.906990
0.881516
0.103083
0.790679
0.958720
0.347683
-0.924098
-0.979296
-0.740107
0.022420
-0.604823
0.034812
-0.299664
0.462573
0.372975
0.470767
-0.507820
0.295030
0.419582
-0.109013
-0.902727
-0.332425
0.188550
-0.849829
-0.644255
-0.332747
0.632734
0.675074
0.564000
-0.996679
-0.762341
-0.826734
-0.902534
0.319613
-0.585453
-0.803356
-0.141039
0.601175
-0.340815
0.324779
-0.592014
-0.489211
0.329493
0.003170
-0.888797
0.205003
-0.192544
-0.354756
0.752370
0.893434
-0.193470
0.878808
0.887525
0.539027
-0.097398
0.476185
-0.174214
0.085846
0.365262
0.190082
-0.376657
-0.019687
0.098687
-0.714270
-0.959792
-0.444667
0.393545
-0.709334
-0.317308
-0.202380
0.966571
-0.845123
0.795760
0.768846
0.705728
-0.074195
-0.895476
-0.281590
0.594731
-0.793805
0.352051
-0.373295
-0.247888
-0.478846
0.517580
0.991652
1.000000
-0.635827
-0.331618
-0.261128
0.925904
-0.426311
-0.904913
-0.420282
0.731138
0.506861
0.566906
0.450182
0.255067
0.377902
0.884986
0.375134
0.995418
-0.916816
0.617484
0.157195
1.000000
-1.000000
0.047178
0.275810
-0.771257
0.826116
-0.131510
-0.861611
-0.765978
-0.626087
0.064694
-0.212621
-1.000000
-0.075570
0.553358
0.610361
-0.043136
0.302588
-0.938476
0.542520
0.569695
-0.859705
0.737951
0.437119
0.004960
-0.592788
0.734475
-0.293685
-0.162080
-0.020448
0.698320
0.336157
-0.764763
0.807818
-0.265997
0.345694
0.744514
-0.469191
0.048854
0.280535
-0.678806
-0.134583
0.402905
-0.738779
0.783514
-0.586023
0.296573
-0.739107
0.911973
0.930886
0.502162
-0.316292
-0.135438
-0.374108
-0.713084
-0.991162
-0.783850
-0.855575
-0.073354
-0.319626
-0.052321
0.969281
0.478939
0.301524
-0.022020
0.412100
-0.489018
-0.832360
-0.172080
-0.893943
-0.093460
0.230114
0.183094
0.295923
-0.414189
0.867909
-0.964709
0.763769
0.972340
1.000000
0.606662
0.257000
0.346707
0.567467
-0.414823
0.631628
0.187168
-0.149411
0.758627
0.532011
0.793830
-0.565420
-0.587204
0.179289
0.121790
-0.810847
-0.101644
-0.107677
0.907164
0.075022
-0.723712
-0.848799
0.771937
-0.520279
0.016059
0.700594
-0.557213
-0.634876
-0.311217
0.018999
-0.022833
0.799963
0.173673
-0.005039
-0.267414
-0.116210
-0.774008
0.840272
0.430448
0.255279
0.443282
0.157276
-0.105212
0.340697
0.260641
0.538919
-0.588058
0.801934
0.760953
-0.682950
0.951036
-0.002409
-0.869665
0.379576
0.031881
0.306190
-0.469803
0.355065
0.492216
1.000000
0.380694
-0.039427
0.668515
-0.468695
0.903897
0.625289
-0.713955
-0.504996
-0.884282
0.991188
-0.542296
0.346317
0.331413
0.982454
0.771217
0.809342
-0.693582
-0.657890
0.401246
0.724504
0.362560
-0.658073
-0.241074
0.239148
0.996753
0.011746
-0.367772
-0.456372
-0.583130
-0.304211
-0.425662
0.973640
0.017656
0.207350
-0.109887
0.494915
0.341483
0.828884
0.404218
0.984141
-0.851585
-0.460971
-0.270948
-0.519254
-0.556402
-0.221563
-0.474303
-0.118178
0.484317
-0.867291
0.050559
0.684422
0.624403
-0.638585
0.487586
1.000000
0.290154
-0.647495
-0.403651
0.370645
0.331038
-0.730823
0.395225
-0.408066
0.062252
0.900951
0.695610
-0.845316
-0.648793
0.987207
0.085460
-0.328329
-0.266799
-1.000000
0.902178
0.174304
-0.998899
0.812692
0.243760
-0.130521
0.823057
0.882779
0.163307
-0.156025
0.179295
0.849232
-0.486959
-0.070585
-0.348518
-0.468757
-0.584887
-0.361516
0.307229
0.884991
0.690918
-0.691032
-0.197849
0.138290
-0.275954
-0.940502
0.305099
-0.422895
0.783916
0.102274
0.610351
0.147551
1.000000
0.962190
0.081561
0.551826
-0.929409
0.905636
-0.863003
0.041127
-0.215069
-0.130560
0.798072
-0.975526
0.005163
-0.513645
-0.505721
-0.872839
-0.176302
0.614729
0.084793
-0.381783
0.236556
0.229914
0.078070
-0.503689
-0.441434
-0.713462
0.074522
-0.300969
-0.871455
0.433263
0.630660
0.369893
-0.640075
0.714181
-0.648108
-1.000000
-0.830077
-0.377369
-0.597369
0.022171
-0.069804
-0.963669
-0.186585
0.683156
0.215009
-0.459572
0.569770
-0.145136
0.498774
0.078066
-0.750602
0.375023
0.507528
-0.040946
-0.508711
1.000000
0.186186
-0.420940
-1.000000
-0.890757
0.365041
-0.364437
-0.996833
-0.037625
0.108118
-0.270597
-0.597007
-0.139577
-0.362630
-0.422151
-0.025296
0.206364
1.000000
-0.516061
-0.186383
-0.078477
0.004983
-1.000000
0.555282
-0.191855
-0.873824
-0.372948
0.900109
0.420396
-0.936185
0.149799
0.984293
0.401618
-0.442592
0.356063
0.943302
-0.497251
0.660392
-0.133999
0.696525
0.522668
0.983252
0.005719
-1.000000
-0.395108
-0.674478
0.506833
0.110781
-0.439546
-0.016868
0.595298
-0.875959
0.026573
0.166076
0.948220
0.473461
0.090176
0.736643
-0.481026
-0.291697
-0.500394
1.000000
0.158165
-0.446929
0.776990
0.662679
0.383689
-0.192460
0.565861
-1.000000
-0.272574
-0.235958
-0.190326
0.631305
-0.876127
1.000000
0.444664
0.179676
-0.011219
0.783805
0.349922
-0.330393
-0.119053
0.163756
0.961747
-0.910216
0.958242
-0.179373
-0.139965
0.622142
-1.000000
0.677920
-0.461729
0.026702
0.169740
0.984671
0.697563
-0.518597
0.949972
-0.471421
0.052460
-0.463792
-0.852918
0.934014
0.328276
-0.476014
0.266752
-0.268723
-0.109868
-0.770811
-0.032557
0.666055
0.376163
0.059344
0.136581
0.117761
-0.100801
0.028771
0.006221
-0.326502
-0.561529
0.071310
-0.649981
0.439426
-0.230952
-0.549121
0.456497
-0.489162
0.818840
-0.321355
0.694692
-0.892859
-0.959104
0.864051
-0.114062
-0.115649
-0.476689
0.554716
-0.319935
-0.837770
-0.719939
-0.576455
-0.499971
0.585639
0.230251
0.139133
0.846857
-0.390307
0.369052
-0.430308
0.317210
-0.471923
0.706610
0.374900
0.926155
0.096865
-0.460173
-0.843701
0.103249
0.835326
0.955145
0.254056
-0.201997
-0.968858
1.000000
-0.564727
-0.411371
0.203802
-0.607980
0.222229
0.999380
-0.336664
-0.084814
-0.536905
0.502132
0.248847
0.050027
0.939623
0.051119
-1.000000
-1.000000
0.928231
-1.000000
-0.469240
-0.615307
0.471915
-0.428302
0.751096
0.299678
0.711194
-0.144062
0.698236
0.823181
0.802417
0.146410
0.711626
-0.952608
0.968464
1.000000
0.973418
-0.642548
-1.000000
-0.033765
-0.026693
-0.337866
0.359981
-0.596779
0.938755
0.452760
0.163688
0.020321
0.107529
-0.916784
-0.452159
0.963261
-0.405143
0.606790
0.501858
0.510032
-0.397662
-0.209852
0.584869
0.548688
-0.931237
0.673814
0.079908
-0.707565
-0.419793
-0.169403
-0.262025
0.860095
0.019551
0.569666
0.417759
0.420066
-0.037266
0.726758
-0.790378
-0.765518
0.532353
1.000000
-0.922441
0.116952
-0.691475
0.785380
-1.000000
-0.486874
0.538025
-0.662416
0.725030
-0.958683
0.242595
-0.752913
0.297326
0.799785
-0.255365
-0.735681
0.670242
0.965784
-0.305534
-0.823951
0.804113
-0.855827
0.333129
0.266019
0.486173
1.000000
0.188966
-0.981417
-0.035321
1.000000
-0.950479
-0.942416
-0.998337
-0.283610
0.745993
-0.543870
0.500017
-0.029797
1.000000
-1.000000
1.000000
0.956236
0.186339
-0.400874
0.282781
-0.848665
-0.814840
-0.792139
0.645709
0.014824
-0.380451
-0.992260
0.229261
-0.809069
0.515700
0.098569
1.000000
-0.813644
-0.799739
0.311264
0.993886
0.990083
0.960311
0.853575
0.859457
-0.018559
-0.519712
0.801111
0.345487
-1.000000
-0.755051
-0.533173
-0.748796
0.982305
-0.074343
-1.000000
-0.582265
-0.630212
-0.232700
-0.063970
0.165201
-0.031212
-0.278633
0.389203
0.395498
-0.479921
-0.442059
-0.890204
0.550136
0.261076
-0.624394
0.704568
0.942372
-0.301235
0.012436
0.662793
-0.369359
0.681787
-0.076137
-0.727125
-0.363397
-0.517364
0.922894
0.288036
-0.795676
-0.029037
0.004905
-0.155310
0.286436
-0.616090
-0.194809
-0.335014
0.750852
-0.734128
0.759688
-0.151941
-0.512912
-0.349697
0.262867
0.984573
-0.842914
0.739643
0.608426
0.085130
-0.497626
0.388856
-0.242745
0.754807
0.607402
0.650882
-0.706328
0.310645
-0.153989
-0.109534
-0.162675
-0.088268
0.321806
0.940152
0.730905
0.680509
-0.676414
0.345432
-0.046284
-0.263688
0.245565
0.511031
0.163856
0.817003
-0.904142
0.233838
-0.668466
-0.240301
0.308333
0.529921
-0.497953
-0.021356
0.142254
0.590393
-0.027498
-0.167469
0.312263
-0.769522
0.298751
0.698676
0.351332
0.887603
-0.088373
-0.575284
0.433740
-0.193704
-0.516452
-1.000000
0.744894
-0.474435
-0.698402
0.648968
-0.722644
0.087670
-0.601713
-0.380358
0.924468
1.000000
0.367240
-0.941198
0.964823
0.622100
-0.266875
0.092068
0.455451
0.200282
-0.839925
0.430609
0.528341
-0.066630
-0.398862
0.238947
-0.438155
0.813606
0.014289
-0.893982
-0.610727
0.302665
-0.657493
0.703569
-0.156153
-0.062948
0.121676
-0.314007
0.397836
-0.315948
0.351125
0.507619
-0.760443
0.946543
-0.796842
-0.393568
0.268006
0.435234
-0.996916
0.936771
0.870641
0.678338
0.235519
0.163449
0.772786
0.285390
0.900045
-0.483176
-0.760076
0.976058
-0.803555
-0.661680
1.000000
0.640961
0.157169
-0.464414
0.236611
-0.249364
0.126768
0.452420
-0.501241
0.235607
-0.231751
-0.845911
-0.754080
-0.372240
0.417769
0.440969
-0.356094
-0.540685
0.697168
0.841265
-0.257434
0.781838
-0.454832
-0.574778
0.103163
0.046267
-0.893504
0.614046
-0.997215
-0.827905
0.950938
-0.971854
-0.465792
-0.294143
0.549001
0.458879
-0.006037
-0.916323
1.000000
0.373574
0.641056
0.466406
0.336316
-1.000000
-0.931203
-0.327375
-0.113733
0.934253
0.129698
-0.346870
0.860162
-0.084592
-0.978360
-0.841218
0.665273
-0.235503
-0.795875
0.422834
-0.406234
-0.094600
0.868449
0.353072
-0.942456
-0.146090
0.009601
-0.669107
-0.225149
0.215030
-0.561946
-0.111287
0.178841
-0.213819
0.594980
-0.676366
-0.663586
0.428708
-0.837563
-0.571227
0.787261
-0.082037
0.893150
0.542197
-0.368571
0.892471
0.975341
0.326594
-0.929789
-0.917816
0.666835
0.607662
0.523658
-0.244338
1.000000
-0.186723
0.633802
-0.603748
-0.029566
-0.026129
-0.110645
-0.400014
0.086641
0.143892
0.431122
0.981851
-0.010183
0.505543
-0.522303
0.795116
0.799438
-0.031465
-0.063117
-0.530870
0.101313
0.151218
-0.410140
-0.960285
-0.181288
0.378511
0.972287
0.096818
0.362528
1.000000
0.020938
-0.673381
-0.453211
-0.607430
-0.070655
-0.109555
-0.373405
0.823490
0.996623
0.848506
0.556162
-0.498207
0.955852
0.301522
-0.589923
0.714459
0.496589
-0.053328
-0.380611
-0.870812
-0.045566
0.831841
0.543280
0.414281
-0.933521
0.280988
0.382628
-0.114139
0.785378
0.355194
-0.957328
-0.237107
-0.786339
0.185168
-0.059482
0.567506
0.148144
0.241140
1.000000
0.056497
-0.305647
-0.997311
0.384295
-0.394762
0.026065
0.223610
0.928875
-0.244526
-0.485748
0.839948
0.209902
-0.286625
-0.784091
-0.840536
0.828793
-0.051211
0.773174
-0.387771
0.414308
0.456330
-0.957951
-0.713502
-0.121342
-0.273470
-0.911584
-0.761001
0.574594
0.233789
0.410491
-0.825862
0.525653
-0.263531
-0.324927
0.713257
-0.017589
0.489683
0.051878
0.532319
0.854729
0.059082
-0.118631
-0.328096
-0.942669
1.000000
0.971734
0.018687
-0.810645
-0.147075
-0.549538
-0.023724
-1.000000
0.153607
0.734126
-0.883325
0.862850
0.938283
0.986374
0.930013
0.731225
-0.257481
0.972193
-0.430131
-0.656235
-0.748073
0.999465
-0.116050
0.195179
0.761736
-0.513371
0.135743
1.000000
0.924088
0.235369
1.000000
0.337139
0.388959
0.995426
-0.651719
0.982051
-0.022488
0.196428
0.938750
-0.218813
-0.918258
0.076171
0.442360
-0.145160
0.711619
0.414623
-0.893184
-0.745867
-0.257499
-0.328662
-0.235179
-0.283768
0.068944
0.759387
0.654206
-0.495324
-0.167390
-0.203118
1.000000
-0.438800
1.000000
0.754966
-0.573278
-0.266709
0.230562
-0.521271
-0.074397
0.192426
0.783253
0.620582
-0.782466
0.762769
-0.013765
-0.721770
-0.310974
0.401600
0.481192
0.377424
0.162197
-0.986053
-0.688046
-0.276051
-0.331648
0.902838
-0.161422
0.177219
0.156056
-0.158810
-1.000000
-0.480051
0.518408
-0.914893
-0.134932
0.232740
0.720390
0.151609
1.000000
0.875623
0.596741
0.960151
-0.396982
0.182808
0.098686
-0.577678
-0.039855
-0.522470
0.380525
-0.434535
0.569295
0.460451
0.312652
-0.176488
1.000000
-0.887339
0.703065
-0.769930
0.343409
-0.632070
-0.330892
-0.676490
-0.480511
-0.450925
-0.401987
-0.694413
0.014590
-0.959006
-0.546670
1.000000
-0.118906
-0.540931
-0.284275
0.525496
-0.567547
-0.176166
-0.443315
-0.528858
0.849809
0.493461
0.814913
0.469215
-0.333829
-0.973480
-0.113980
0.272862
0.680848
0.298418
-0.835087
0.443492
-0.159287
-0.234004
1.000000
-0.471939
-0.277296
-0.661792
-0.617047
-1.000000
-0.204068
-0.060227
-0.388859
0.708053
-0.463108
-0.649373
-0.594463
0.599384
0.469601
0.797546
-0.696141
0.338935
-0.366151
0.549681
-0.585715
-0.974565
-0.853768
0.485724
0.572408
0.648997
-0.043846
0.718244
-0.965826
1.000000
-0.918702
0.058852
-0.451195
-0.197004
0.648524
0.735997
0.369192
-0.528921
0.715022
-0.758157
0.481924
0.037506
0.000736
0.329133
0.468663
-0.205125
-0.342902
0.499654
0.268078
0.703321
-0.357815
-0.215840
-0.165033
0.373051
-0.590614
-0.556404
0.433310
0.734664
-0.600630
0.748835
0.354428
0.812719
-0.389605
-0.624705
-0.053643
0.077786
-0.182027
1.000000
-0.943218
-0.135633
0.433688
-0.174018
-0.715279
0.499428
0.873480
-1.000000
0.767137
-0.471304
-0.195043
0.439867
-0.462073
-0.527840
-0.714709
-0.063426
-0.032785
0.639643
1.000000
-0.719137
0.568201
0.126157
1.000000
0.284177
-0.939779
0.265256
1.000000
0.933109
0.086073
-1.000000
-0.730584
-0.199599
-0.459369
0.526325
-0.039007
-0.500635
0.443265
-0.423885
-0.468556
0.917664
0.019938
0.135347
-0.622543
-0.762076
0.270129
-0.127929
-0.569949
-0.399270
-0.454677
-0.397871
-0.199401
-0.099479
0.391256
-0.304226
0.530693
-0.227978
-0.279515
0.755401
-0.710060
0.080542
0.734226
-0.477295
0.987657
-0.846642
0.423931
0.513511
-0.510399
-0.980662
0.358693
0.824311
0.430512
0.711648
-0.189096
-0.198374
0.216020
0.404370
0.316836
-0.373799
-0.411471
0.724765
0.053873
0.007901
0.320210
-0.816955
0.451104
1.000000
0.448706
0.957997
-0.225440
-0.341806
-0.816597
-0.759847
-0.964286
0.866323
-0.181451
0.269882
-0.125873
0.126968
-0.886493
0.980531
-0.036566
0.608101
0.884567
-0.744371
0.952308
-0.651329
-0.873984
-0.270606
0.210385
-0.794953
0.943360
-0.458941
-0.474780
0.227912
0.113101
0.320801
0.440329
-0.451963
0.072559
-0.909098
0.293174
-0.763997
0.482807
-0.856679
0.032118
0.026717
0.837765
0.681097
-0.683768
0.005068
0.680610
0.676934
-0.044440
0.691344
0.764208
0.235000
0.423757
-0.103124
-0.519501
-0.266713
-0.763895
-0.659220
-0.385717
0.771999
-0.610162
-0.800858
-0.095491
0.666919
-0.855445
0.877477
-0.079685
-0.662003
-0.533908
-0.954443
0.063949
-0.480440
-0.550686
0.134251
-0.151197
-0.281424
-0.969698
-0.904537
0.626591
0.613191
-0.685226
-0.269041
-0.062072
-0.134931
0.264807
0.598715
0.305072
-0.092096
0.532728
0.556553
-0.758123
0.064312
-0.074947
-0.688065
0.989430
0.156887
-0.521063
0.137056
-0.412346
-0.319323
-0.218143
0.755760
0.011199
-0.569195
0.850320
0.337640
0.205009
0.556616
0.716537
-0.065226
-0.252363
0.976137
-0.961148
-0.314747
-0.048128
-0.215981
0.335192
0.356034
-0.818968
0.341951
-0.492467
-0.089977
-0.058102
0.058391
-0.459224
-0.031647
1.000000
0.498031
-0.859914
0.516251
0.319586
-0.532773
-0.798646
0.760220
-0.400654
0.215850
0.258168
0.870043
0.930800
0.797121
0.478427
0.448165
-0.598301
-0.280981
0.248893
0.495224
-0.504176
-0.643227
0.699161
-0.049116
-0.746420
0.528641
-0.119466
-0.534114
0.565759
0.081601
-0.127724
-0.704628
0.754204
-0.865738
0.646804
-1.000000
-0.649381
0.576983
0.095303
-0.174556
0.384468
0.288667
0.138133
0.150892
-0.928467
0.812505
0.856266
0.569681
-0.738942
-0.038628
0.439767
-1.000000
0.195430
-0.110739
-0.707421
0.250420
-0.789365
-0.237771
-0.424811
0.266530
-0.478288
0.848974
-0.529451
-0.804115
0.978509
0.810265
0.269574
0.179226
0.157092
-0.718671
0.799147
-0.461441
-0.689091
0.450833
0.804098
0.918282
0.142980
0.511433
0.106525
0.291921
-0.441767
-0.778947
1.000000
0.012093
-0.070402
0.584159
-0.266168
0.678883
0.042114
-0.202056
-0.758613
0.739142
0.181288
-0.299981
-0.473011
-0.332297
-0.355740
-0.823362
0.466007
-0.948620
-0.179015
0.619883
-0.669487
0.467804
0.294837
0.381673
0.542483
0.644148
-0.910231
0.318614
-0.718319
-0.733168
-0.988737
-0.743702
0.678869
0.381831
0.727577
-0.792814
0.272710
0.723174
0.986093
-0.322728
0.282979
-0.601591
-0.054660
-0.004002
0.123690
-0.447728
-0.174819
-0.743106
0.651205
-0.729353
1.000000
-0.436443
-0.850749
-0.055743
0.112853
-0.253504
-0.025040
0.724209
-0.538059
0.504595
0.041324
-0.671018
-0.233650
-0.166777
-0.374226
-0.157749
0.107788
-0.533822
-0.343227
-0.883002
-0.290201
0.590626
0.551012
-0.885435
-0.913946
-0.195233
-0.993844
-0.247783
0.077752
0.303350
-0.003737
0.926058
0.230448
0.749329
0.742182
0.427525
0.106450
-0.450855
-0.432189
0.732749
0.703421
0.000217
-0.921270
0.340936
-0.463652
0.455803
0.549177
0.446473
-0.787718
-0.022108
0.778882
0.118185
-0.010730
0.026122
0.504021
-0.883071
-0.365592
0.546735
0.698157
0.124608
0.526612
0.714753
0.026261
-1.000000
1.000000
-0.684701
0.298202
-1.000000
-0.208084
-0.056942
0.257628
0.203574
-0.032751
-0.576425
-0.632068
0.285310
-0.898936
0.698501
-0.999524
0.555766
-0.732500
0.719934
-0.340004
-0.426673
-0.961628
-1.000000
0.424372
0.058084
0.961227
-0.605539
0.889243
0.241267
-0.827871
-0.526361
0.636627
-0.084031
0.227101
0.698668
0.446314
-0.938721
0.077712
-0.739788
-0.199907
0.636173
0.990555
-0.970855
-0.587731
0.507826
-0.726421
0.555115
0.237281
0.231341
-0.439815
0.285613
-0.147234
0.698534
-0.324934
0.410566
0.318199
0.775196
0.925146
0.040307
0.189709
0.714070
0.903932
0.661557
-0.063977
-0.304467
0.467962
0.356155
0.422328
0.584032
-0.582444
0.629854
0.388808
0.718065
-0.291691
0.181514
-0.728289
-1.000000
-0.396209
-0.136744
0.651491
1.000000
-0.883261
-0.186343
-0.095687
-0.881218
0.764069
-0.159754
0.736677
0.299536
-0.024255
-0.763345
-0.256300
-0.840019
-0.626966
-0.395287
0.460231
-0.557002
-0.862492
0.621925
-0.503316
0.944152
-0.626630
-0.097883
-0.994896
-0.568953
-0.505037
0.935153
-0.029531
-0.795113
0.008789
-0.590570
0.448627
0.552983
0.461100
0.204712
0.624040
-0.429289
-0.463109
-0.894508
-0.784425
-0.261125
-0.654642
-0.747417
0.900712
-0.693760
-0.988313
-1.000000
0.979088
0.896742
-0.446330
0.083432
-0.437850
-0.472163
0.367392
-0.367090
0.460000
0.703583
0.244621
0.726414
-0.497940
-0.812161
-0.007499
0.980389
-0.012814
0.604793
0.731885
-0.214839
0.136447
0.773480
0.671473
0.865037
0.995617
-0.757030
-0.304671
-0.563893
0.799242
0.973964
-0.338281
0.916879
-0.897874
-0.798875
-0.714126
0.946588
-0.812430
-0.135229
0.572820
-0.952185
0.464587
-0.949102
-0.155095
-0.070034
0.231258
-0.907349
-0.110097
0.968596
-0.646314
0.460963
-0.608476
-0.072571
0.012049
-0.487640
0.254130
-0.789267
0.268459
0.975381
0.363577
-0.512456
-0.777532
0.673800
-0.425509
0.828014
0.166336
0.803502
0.498274
0.892985
-0.558933
0.045174
-0.241191
0.244262
-1.000000
0.265171
-0.984023
-0.193260
-0.081215
0.702322
0.148299
0.460447
-0.017473
0.793580
1.000000
-0.382059
0.545720
0.991006
-0.175827
0.409983
-0.877878
0.154264
0.050737
0.785415
-0.124560
-0.476579
-0.897195
0.190250
0.865159
-0.742884
0.754007
-0.960397
0.999406
0.763885
-0.885570
-0.311563
-0.979298
0.049756
0.293869
0.931014
0.402548
0.664917
-0.116288
0.239566
-0.303011
-0.471400
0.799038
-0.218166
-0.513149
0.408126
0.993671
-0.781526
-0.579693
-0.859496
0.643532
-0.605984
0.276261
-0.758257
0.940801
1.000000
0.650574
-0.553982
-0.071847
0.648754
-0.481427
0.374278
0.601025
-0.685701
0.351765
0.128597
0.848494
-0.759672
0.619733
-0.402609
0.759932
-0.150230
0.615215
0.817876
-0.891995
-0.626076
-0.424287
-0.382310
0.773991
-0.115117
0.843497
0.348530
-0.287922
-0.705842
-0.868642
-0.793099
-0.908124
-0.805404
-0.558176
-0.146201
0.012933
0.070075
-0.977578
-0.083397
-0.177833
0.463870
0.436879
-0.088213
-0.744874
-0.990975
-0.685060
0.994798
0.754347
1.000000
-0.104251
0.695731
-0.215003
-0.462303
-0.157561
-0.251371
1.000000
-0.989972
-0.927414
-0.071606
0.781263
-0.364275
-0.811854
-0.370765
-0.054070
0.283963
0.297745
0.274268
0.691348
1.000000
-0.238350
-1.000000
-0.395267
-0.632295
0.722174
-0.578740
0.735934
-0.946299
-0.846242
-0.400161
0.457432
-0.436287
-0.743499
0.076315
0.885114
-0.697148
0.095277
-0.236772
0.110211
0.733986
0.255578
-0.168869
0.565376
-0.667044
-0.269321
-0.393219
0.712410
0.850516
-0.368911
-0.050501
-0.498254
-0.865815
0.076604
0.000237
0.439407
-0.239179
-0.328227
0.043083
0.999013
-0.521469
0.294022
-0.599144
-0.819993
0.084483
0.994091
0.305021
0.810210
-0.553853
-1.000000
0.712539
0.361666
-0.394199
-1.000000
-0.836761
-0.248752
-0.326664
-0.274400
1.000000
0.043508
-0.763999
-0.109175
0.964983
-0.573001
0.631018
-0.139299
0.658541
-0.498715
0.052721
0.627581
0.211324
0.734299
0.992244
0.657007
0.904904
0.482772
-0.470752
0.146298
0.218178
-0.499934
0.256156
0.298775
-0.871886
-0.759894
-0.970784
-0.479390
0.593367
0.774420
0.024065
-0.092481
-0.083518
0.597538
0.589770
0.205536
0.819727
-0.871502
0.566171
-0.791979
0.229749
0.202056
0.829273
0.488571
-0.804927
0.885734
-0.230962
0.658463
-0.608923
0.616066
-0.260483
0.533337
0.622329
-0.414552
-0.109322
0.960748
-0.932427
0.605313
-0.889194
-0.469892
0.302073
-0.186219
-0.453717
-0.905475
-0.739204
0.786761
0.545175
-0.878456
0.487043
0.711022
0.512293
-0.073186
0.623713
-0.854184
0.341473
0.019839
-1.000000
-0.965676
0.439506
-0.667805
0.619162
0.084921
-0.389007
0.328609
0.509973
-0.471916
0.159570
0.635647
-0.217846
-0.901236
0.929382
-0.185845
-0.937995
-0.016118
-0.754756
-1.000000
-0.246941
0.403521
-0.884380
0.592369
0.749166
0.740296
-0.688225
-1.000000
-0.421174
-0.365933
0.351098
-0.481439
-0.375352
-0.509764
-0.479122
0.690013
-0.738275
-0.010819
-0.333735
-0.083679
-0.809815
0.840363
-0.660909
-0.728053
0.451162
0.424758
0.076993
-0.430977
0.468939
0.204564
-0.065496
0.037772
0.408947
-0.768417
0.244790
-0.973015
0.774645
0.694110
0.237835
-0.838788
-0.677420
0.765045
0.727722
-0.378334
-0.255650
0.614387
0.710439
-0.998243
-0.407027
-0.869812
0.537984
0.329868
0.034270
0.332695
0.600188
0.113766
0.106016
0.095875
0.944188
-0.451052
0.663097
-0.541619
0.382626
0.051899
-0.584531
-0.952101
-0.255310
0.105132
0.592292
0.429929
-0.855531
-0.726700
0.591892
-0.034720
-0.941696
-0.583318
-0.057907
0.901787
-0.810002
0.628600
-0.324303
0.359657
-0.427326
0.517758
-0.005022
-0.305168
-0.034237
-0.707102
-0.983342
-0.220086
0.174765
0.552796
0.664507
0.324956
0.296655
-0.725562
-0.451322
-0.445954
0.963620
-0.886226
-0.676738
-0.755783
-0.412902
-0.398951
0.781482
0.075039
-1.000000
0.603899
0.355504
-0.063880
-0.879330
-0.658372
0.674061
0.752246
0.652077
0.798395
0.769918
-0.527246
0.365524
-0.298928
-0.749151
0.660791
-0.074509
0.329294
0.220830
0.628448
0.637959
0.312959
-0.978116
-0.854030
0.916007
-0.804906
-0.684876
-0.787027
-0.360803
0.622590
-0.353106
0.904436
-0.970771
1.000000
0.241274
0.324059
-0.130444
0.649351
0.763467
-0.343275
-0.651518
-0.679319
0.885092
-1.000000
0.597279
0.569951
-0.915588
-0.548235
-0.266506
-0.494722
0.137789
0.313809
0.819036
-0.573769
0.498013
-0.646072
0.798545
0.216370
-0.022213
0.850814
-0.737947
0.829031
0.420402
0.829564
1.000000
-0.164781
-0.736590
-0.631170
0.812649
0.257192
0.062185
0.080207
-0.686979
0.717074
-0.242723
0.266672
-0.664830
-0.893824
-0.210930
-0.064511
-0.491627
0.647131
-0.657451
0.569696
0.508407
0.150840
0.837537
-0.309353
0.981338
-0.479767
0.946021
0.014465
-0.224749
-0.117162
-0.222676
0.452284
-0.501744
0.730461
0.235492
0.131003
0.173588
0.386283
0.581317
-0.130232
0.104909
-0.443571
0.675877
0.086664
0.851572
-0.587974
0.907143
-0.115507
-0.228923
-0.544722
-1.000000
-0.952156
-0.702521
-0.334823
0.104758
-0.857025
0.455391
-0.864409
1.000000
0.685825
0.143378
-0.423018
0.256986
-0.306331
0.339122
0.351215
-0.907487
0.382319
-0.805072
-0.814009
0.617659
-0.114542
0.882803
-0.112816
0.327480
-0.971610
0.151500
-0.759236
0.097159
-0.494707
-0.087700
-0.712335
0.032573
0.495346
0.610406
-0.413346
-0.063103
0.434631
-0.094028
-0.870549
0.780110
-0.087811
-0.296930
-0.108741
-0.148012
-0.654391
1.000000
-0.896977
-0.366651
0.613765
-0.391424
-0.778364
0.931462
-0.477499
-0.116346
-0.604274
0.150747
-0.010597
-0.604762
-0.968080
0.046290
-0.130079
-0.763159
0.014264
0.556382
-0.259596
0.253192
0.230134
-0.750137
0.767314
0.327148
-0.907613
-1.000000
0.199175
0.008366
0.099174
-0.851097
0.185331
0.817480
-0.771826
-0.141465
0.656761
0.514368
0.804951
-0.494523
-0.211813
0.110560
0.301083
0.353903
-0.375355
-0.891110
-1.000000
0.546947
0.089026
-0.032584
0.854797
0.752566
0.741074
-0.153562
-0.676438
-0.658302
-0.387566
0.520763
-0.045699
-0.059434
0.754107
-0.643048
0.223534
0.624135
0.926815
0.448707
-0.478642
0.295909
0.311963
0.994336
-0.959666
-0.596770
0.683983
0.304938
0.035698
0.281459
-0.382344
0.006077
-0.398387
0.405428
0.559264
0.249454
0.014372
0.463777
0.005590
0.496367
-0.108281
0.399292
-0.689584
-0.775523
-0.081646
-0.057026
-0.236228
0.757840
-0.697873
-0.014795
0.214609
-0.744190
-0.102495
0.967761
1.000000
0.759273
-0.488257
0.220545
-0.288034
0.213598
-0.125373
0.065642
-0.768834
-0.249162
0.734709
-0.314876
0.872993
-0.655955
-0.052552
0.589124
-0.391452
0.296267
-0.136005
-0.981529
-0.778967
0.152548
0.236225
-0.596949
-0.685553
1.000000
0.205653
-0.185746
0.080792
1.000000
0.500337
0.036320
0.971784
-0.433679
-0.938778
-0.472886
-0.633747
0.786398
0.293008
-0.845330
-0.163548
-0.628908
0.968655
0.762183
-0.330422
-0.193515
-0.474205
-0.250830
0.618797
-0.527444
-0.257120
0.851391
0.973964
0.314964
-0.207579
0.339248
-0.396490
0.225891
1.000000
0.481742
-0.280566
-0.477330
0.698480
-0.826641
-0.910921
0.943313
-0.331284
0.894788
-0.222185
-0.228678
-0.861839
-0.061251
-0.153915
-0.525304
0.768760
0.235845
0.375668
0.126647
-0.993548
0.663319
-0.866368
0.485203
0.724078
0.883886
-0.921004
-0.890066
-0.302058
-0.943112
-0.432041
-0.004727
0.796026
-0.632722
0.161128
-0.727434
-0.547840
0.643709
-0.465946
0.452891
0.105962
-0.921196
0.092714
0.876024
-0.147708
1.000000
-0.574456
-0.156663
-0.852493
0.385245
0.802789
-0.831021
0.305532
0.297625
-0.713318
0.834148
-0.357110
-0.143613
-0.832398
0.185784
0.496021
-0.445905
-0.687864
0.283165
0.489513
-0.899608
0.345037
-0.762322
-0.436279
-0.632502
0.535516
-0.921967
-0.955725
0.241880
0.491408
0.094197
-0.060405
0.397053
0.342425
-0.970795
0.755604
0.460110
-0.624468
0.436203
0.295926
-0.737950
-0.474178
-0.052822
-0.777013
-0.088904
0.612852
-0.911839
-0.791610
-0.597333
0.572082
-0.126177
0.351489
-0.431922
-0.088372
0.240346
0.902313
-0.926939
-0.818963
0.425100
-1.000000
-0.104416
-0.156429
1.000000
0.437029
0.703247
-0.529826
1.000000
0.179189
0.085675
-0.648882
0.402426
-0.123105
0.398684
-1.000000
-0.273827
-0.789379
-0.167641
-0.190253
0.444124
0.507650
0.753229
-0.920170
0.192620
0.648229
0.907320
0.005539
0.081998
-0.556418
0.263525
-0.110179
-0.594988
0.092519
0.621802
-0.008072
-0.967428
-0.240868
0.281957
-0.350133
-0.801212
0.614088
-0.076309
-0.504322
-0.126923
0.817275
0.472533
-0.026990
0.155849
0.351499
0.542333
-0.798572
0.165656
-0.669853
0.049324
-0.225098
0.998565
-0.490968
0.499362
0.590417
-0.690178
-0.717260
0.650507
0.053790
-0.969257
0.779124
-0.834422
0.533626
-0.950738
-0.314620
-0.076477
-0.775688
-0.343236
-0.419249
0.731751
0.253934
0.937271
0.720650
0.045019
-0.087022
-0.971855
0.215251
-0.636510
0.455268
-0.978569
-0.346663
-0.255399
0.812034
-0.364181
-1.000000
-0.751164
-0.179028
-0.336688
0.939933
0.401278
0.018172
0.474081
-0.693680
0.868544
-0.080474
0.163890
-0.532519
-0.544216
0.253918
-1.000000
0.588040
0.501399
-0.025098
-0.421434
-0.669559
1.000000
0.115990
-0.137639
0.904213
0.716787
0.716551
0.251019
0.575227
-0.372734
0.731406
-0.348203
-0.304171
0.694186
-0.094925
0.529652
0.618984
0.049072
0.720773
0.787114
0.467214
0.791733
0.929300
-0.580592
0.799175
-0.990760
0.442222
-0.363471
-0.327617
0.201347
-0.111811
0.514875
0.624734
0.213148
-0.415366
0.959711
-0.018565
0.507441
0.396537
0.621896
0.528314
0.480603
0.662283
0.890198
-0.720357
0.218338
0.310841
-0.244055
0.692938
-0.642877
0.698658
0.772800
0.754451
0.597486
-0.602354
0.124611
0.591143
0.290551
-0.908293
0.196032
0.690050
0.717358
0.289304
-0.899050
0.289030
0.429158
-0.887940
-0.205616
-0.998911
0.554670
-0.194429
0.013262
0.109380
0.688050
0.795942
0.896408
-0.240134
0.942017
0.600099
0.360508
0.186951
0.231118
-0.231497
-0.848412
-0.630958
0.699627
0.446243
-0.289487
0.693843
-0.683281
0.798193
0.343865
-0.221938
-0.037947
-0.594175
0.055770
-0.747719
0.883355
0.556162
-0.399605
-0.513596
-0.588292
0.714052
-0.852519
0.462680
0.487275
0.697173
0.339753
-0.220214
-0.548459
0.123427
-0.683847
0.254863
0.101350
-0.810830
0.115574
0.747234
0.714860
-0.865709
0.539733
-0.401859
-0.854740
-0.710282
-0.113461
-0.694663
0.107620
0.470305
0.390822
0.615476
-0.394034
0.156383
-0.635256
-0.435007
-0.153111
0.197773
-0.415891
-0.117333
0.454380
-0.552215
0.579582
-0.092551
-0.064697
0.057355
-0.921428
0.195648
-0.003495
0.761266
-0.966821
-0.002362
0.622985
0.491301
-0.322006
-0.084987
0.971289
0.037142
-0.715642
0.602832
-0.426891
0.675663
-0.768463
0.441254
0.499716
-0.832643
0.330549
-0.021198
-0.698214
1.000000
-0.399847
-0.768612
0.140929
-0.007830
-0.937334
-0.504821
-0.413790
-0.466948
0.337874
-0.277573
-0.668005
0.988627
0.207991
-0.889742
-0.710843
0.114327
-0.094716
-0.665713
-0.478809
0.715226
-0.948986
0.881693
0.151681
0.447696
0.574002
-1.000000
-0.232463
0.909090
-0.223267
0.149150
-0.253361
-0.899973
-0.530464
-0.816862
0.592706
0.842701
0.055799
-0.672418
-0.497433
0.956367
0.498574
-0.209942
-0.222981
0.109491
0.468620
-0.669330
-0.397759
0.504490
0.401764
0.705292
0.282777
0.749540
0.535025
0.017609
-0.800432
-0.367682
0.389535
-0.494600
-0.404748
0.949323
0.912328
0.898439
0.127414
0.996299
0.928540
0.507266
0.674249
0.118031
0.659749
-0.865570
-0.577228
-0.232275
0.354713
0.463517
-0.583942
-0.671059
0.774854
-0.809942
0.267559
-0.742987
-0.282560
0.461281
-0.964790
0.083051
-0.904732
-0.293264
0.598391
0.369125
0.847129
0.848160
0.073615
-0.456629
-0.932879
0.195641
0.668159
-0.719769
0.381089
0.048118
-0.162633
0.594926
0.454037
-0.949331
-1.000000
-0.350357
0.826574
0.960733
0.277290
-0.064848
-0.892228
0.105742
-0.549458
-0.836289
-0.220161
-0.657379
0.622694
0.320727
-0.545439
-0.256102
0.075172
-0.114784
0.628815
-0.681033
-0.582249
0.347710
-0.677579
0.283840
-0.095128
-0.311693
-0.447484
0.317944
0.290969
0.099537
-0.389478
-0.527225
-0.031539
-0.831836
-0.638805
-0.500016
0.413866
-0.185807
-0.986411
-0.370335
0.105902
-0.356609
-0.465473
1.000000
-0.506370
0.076814
-0.235930
0.247499
-0.345246
-0.508469
0.612432
0.779485
0.809717
0.583251
-0.965629
-0.983306
-0.969613
0.112883
0.337729
0.704512
-0.358583
-0.614777
-0.403117
-0.480803
0.914105
-0.271603
0.572456
-0.250570
-0.852891
-0.640937
-0.597450
0.477545
-0.339375
-0.524432
1.000000
0.574732
0.894738
-0.339837
-0.540383
0.463412
0.315788
0.337901
-0.041314
0.767153
0.680903
0.542384
0.494329
0.112558
0.042496
-0.702624
-0.878526
-0.227356
0.932981
-0.263296
0.456966
-0.947065
-0.820076
-0.831876
-0.179411
-0.549894
0.887833
0.092167
-0.189447
0.230820
-0.298646
-0.586797
-0.552383
-0.457121
-0.167008
0.998179
0.794248
0.410241
0.374744
-1.000000
-0.210540
-0.629374
0.035036
0.745071
-0.185905
0.356889
0.517942
0.165262
0.219654
0.462363
-0.843077
0.562498
0.463801
-0.873365
0.302877
0.807812
-0.423069
0.466970
0.304710
-0.142925
0.249592
0.327764
-0.678565
-0.229867
0.139016
-0.032460
0.132402
0.116392
0.003463
0.094044
0.005050
-0.121676
0.229230
0.469422
0.043501
0.000857
0.106331
0.108820
0.015567
0.558094
0.168086
0.000063
0.099123
0.063042
0.003322
0.066866
0.024804
0.001212
0.186046
0.004604
0.062522
0.023745
0.000160
0.186436
0.000002
0.000002
0.221349
0.000419
0.114597
0.005385
0.001282
0.001669
0.083910
0.297705
0.121833
0.049198
0.000368
0.000532
0.067182
0.362858
0.001082
0.000642
0.081710
0.828492
0.194298
0.095558
0.000003
0.199648
0.255910
0.083787
0.144976
0.003461
0.121242
0.000221
0.002093
0.001528
0.040074
0.013684
0.000230
0.004098
0.002201
0.028992
0.033589
0.001706
0.070090
0.033382
0.000576
0.017617
0.523459
0.026400
0.032052
0.021320
0.009008
0.017885
0.119260
0.020333
0.017546
0.319893
0.010851
0.036467
0.017357
0.001252
0.001839
0.041155
0.000127
0.050057
0.008559
0.047184
0.041652
0.332084
0.027741
0.000859
0.001415
0.000215
0.000541
0.017114
0.004064
0.000057
0.164236
0.000421
0.001129
0.014474
0.001495
0.095321
0.001521
0.000030
0.000145
0.058747
0.004571
0.020218
0.073358
0.000632
0.038812
0.001495
0.180929
0.028630
0.075975
0.020895
0.264284
0.000898
0.022439
0.233167
0.000365
0.000788
0.002028
0.010912
0.171224
0.000197
0.000397
0.011536
0.031579
0.038781
0.035476
0.037625
0.000359
0.003691
0.000126
0.018581
0.287582
0.006418
0.111243
0.472557
0.117267
0.009048
0.880877
0.005841
0.006503
0.105257
0.000002
0.018898
0.022910
0.054371
0.714668
0.536416
0.001155
0.000723
0.013077
0.000322
0.007673
0.015934
0.001141
0.097247
0.180327
0.139039
0.048603
0.022059
0.000361
0.017205
0.120373
0.004708
0.137073
0.002012
0.000428
0.010481
0.011132
0.000014
0.020305
0.100792
0.001283
0.091390
0.006780
0.005690
0.277950
0.041229
0.090106
0.052780
0.000076
0.029659
0.003320
0.001561
0.007018
0.000395
0.000349
0.008217
0.033703
0.000353
0.057605
0.001661
0.000175
0.000103
0.037570
0.000615
0.001527
0.055018
0.135755
0.007769
0.033887
0.005375
0.514588
0.078944
0.032715
0.000148
0.000185
0.064432
0.000546
0.000360
0.043523
0.025262
0.065777
0.027992
0.000496
0.001555
0.000084
0.001297
0.001682
0.000050
0.043659
0.007832
0.017326
0.093064
0.000306
0.018797
0.001259
0.012876
0.044707
0.146675
0.019700
0.098679
0.030085
0.050259
0.015146
0.000212
0.001702
0.040860
0.197168
0.000513
0.000335
0.000322
0.017949
0.019117
0.000038
0.005415
0.012107
0.001725
0.009807
0.000879
0.111309
0.001843
0.002643
0.269799
0.000316
0.000441
0.000113
0.028106
0.015010
0.086466
0.006379
0.090664
0.004826
0.000222
0.129715
0.009260
0.010398
0.018426
0.003241
0.001473
0.046238
0.002206
0.001002
0.068994
0.025022
0.118407
0.000038
0.000544
0.079527
0.230836
0.065512
0.005537
0.001428
0.008739
0.086706
0.007071
0.151925
0.136055
0.020598
0.024298
0.001048
0.005557
0.073819
0.001337
0.000081
0.017128
0.073083
0.008935
0.128396
0.000867
0.008265
0.000509
0.113289
0.003265
0.141540
0.000041
0.133479
0.197756
0.028340
0.004515
0.706667
0.012271
0.000283
0.001912
0.000173
0.149350
0.033939
0.000874
0.005996
0.011171
0.049412
0.155271
0.010530
0.046726
0.244130
0.192673
0.010803
0.026928
0.000209
0.067760
0.000172
0.336790
0.013945
0.007275
0.000612
0.000494
0.656189
0.162834
0.100386
0.060826
0.187903
0.021596
0.001643
0.013823
0.005254
0.004602
0.019413
0.127950
0.000932
0.005565
0.004276
0.011169
0.001706
0.008032
0.074264
0.014521
0.000003
0.001915
0.156433
0.046976
0.013382
0.001767
0.007820
0.240765
0.008211
0.003724
0.061141
0.021555
0.054718
0.000142
0.000094
0.013508
0.001156
0.590453
0.000242
0.036151
0.001392
0.000008
0.000166
0.000146
0.016583
0.000020
0.061154
0.017815
0.001136
0.000732
0.000028
0.018180
0.000799
0.099938
0.234174
0.328956
0.000137
0.015240
0.005401
0.002613
0.006718
0.020221
0.015874
0.102630
0.002040
0.480889
0.000243
0.310055
0.004149
0.000067
0.003027
0.088952
0.000040
0.002700
0.000907
0.091180
0.000092
0.211610
0.000671
0.000008
0.006016
0.001256
0.265036
0.033075
0.000002
0.000299
0.021492
0.003308
0.006925
0.146173
0.003749
0.149262
0.000068
0.004071
0.000005
0.000006
0.027410
0.095626
0.008858
0.000072
0.194980
0.004347
0.002524
0.006472
0.024458
0.008829
0.006327
0.000012
0.007485
0.005484
0.002372
0.027194
0.091603
0.051960
0.218300
0.000103
0.000086
0.001710
0.001185
0.060038
0.000830
0.339007
0.069287
0.006086
0.002996
0.000002
0.002146
0.000310
0.004579
0.018047
0.000372
0.000165
0.002454
0.027352
0.011638
0.002529
0.023032
0.000335
0.001106
0.038858
0.000310
0.006362
0.015896
0.339564
0.000094
0.131399
0.001441
0.000005
0.000339
0.039014
0.000030
0.012799
0.002914
0.000314
0.146480
0.191928
0.000140
0.140406
0.049290
0.002811
0.010684
0.060993
0.010829
0.175185
0.075524
0.005237
0.000003
0.000300
0.023967
0.000990
0.000031
0.036712
0.027178
0.006655
0.000040
0.060501
0.000013
0.002950
0.011728
0.000362
0.160970
0.405336
0.680335
0.038840
0.000521
0.000003
0.007541
0.000003
0.013570
0.003717
0.000005
0.281138
0.015968
0.000915
0.057011
0.001140
0.000128
0.000113
0.520203
0.187436
0.000132
0.000236
0.058534
0.011918
0.007360
0.000091
0.015057
0.000254
0.015461
0.541873
0.008867
0.001007
0.018564
0.010664
0.028479
0.000038
0.000008
0.000933
0.002258
0.000551
0.000231
0.008335
0.005629
0.096641
0.004929
0.596508
0.030626
0.230895
0.027717
0.130795
0.172081
0.087724
0.017345
0.001139
0.002263
0.007040
0.023900
0.004938
0.000044
0.218335
0.005813
0.001273
0.142292
0.023660
0.090245
0.000182
0.024046
0.082485
0.007679
0.096589
0.004407
0.008706
0.011893
0.001417
0.328932
0.000149
0.068781
0.006657
0.073127
0.023338
0.006262
0.006017
0.042882
0.156154
0.000258
0.001851
0.011072
0.011332
0.000900
0.000029
0.012363
0.000128
0.052647
0.013747
0.007704
0.414536
0.000011
0.000618
0.003544
0.022907
0.184813
0.068717
0.072451
0.030054
0.000253
0.000010
0.000342
0.012045
0.096709
0.006549
0.030553
0.254616
0.001539
0.195634
0.010950
0.000865
0.041595
0.044283
0.000351
0.002490
0.003294
0.006273
0.168639
0.282112
0.052210
0.138783
0.004432
0.124496
0.041456
0.000094
0.003096
0.000095
0.116644
0.286869
0.029543
0.032561
0.000079
0.222590
0.016444
0.000264
0.045299
0.015913
0.028339
0.016858
0.030346
0.012767
0.000087
0.085670
0.084180
0.044576
0.053441
0.000165
0.000017
0.014953
0.006209
0.062964
0.084206
0.012771
0.044578
0.042551
0.041415
0.000044
0.000066
0.000503
0.332693
0.029663
0.000030
0.179461
0.000089
0.001260
0.000612
0.156826
0.008654
0.031010
0.089493
0.260046
0.009899
0.072887
0.000487
0.050409
0.305781
0.013147
0.000982
0.107690
0.029033
0.168167
0.001733
0.192340
0.015291
0.005652
0.028904
0.001354
0.000359
0.002742
0.004232
0.007302
0.000504
0.004921
0.000059
0.012273
0.000002
0.017881
0.000173
0.000012
0.000084
0.002106
0.145231
0.042445
0.001519
0.001457
0.000114
0.044803
0.006825
0.687551
0.033255
0.008124
0.007112
0.029124
0.000027
0.004212
0.096241
0.015398
0.021230
0.012859
0.005257
0.000571
0.000473
0.006061
0.001146
0.018869
0.000122
0.002887
0.024144
0.501712
0.173835
0.049651
0.000002
0.025274
0.006705
0.000134
0.003009
0.447643
0.009380
0.002253
0.022333
0.003840
0.009048
0.000113
0.002761
0.029996
0.007485
0.097454
0.017686
0.111695
0.000003
0.410102
0.001350
0.001266
0.028089
0.013281
0.000278
0.045887
0.003783
0.345715
0.055992
0.000645
0.000136
0.001544
0.000072
0.000046
0.079107
0.206627
0.005604
0.000180
0.000232
0.039719
0.000132
0.057240
0.015083
0.130241
0.001000
0.128304
0.012692
0.000379
0.000183
0.014671
0.004428
0.024615
0.000095
0.003303
0.000411
0.313216
0.256430
0.027112
0.000722
0.002411
0.059888
0.000185
0.000343
0.024272
0.003011
0.000775
0.015729
0.088682
0.044359
0.017656
0.035853
0.038584
0.010017
0.006561
0.003727
0.000217
0.139856
0.007673
0.378448
0.007241
0.207058
0.126293
0.000555
0.277576
0.120097
0.033077
0.000664
0.001236
0.000558
0.148039
0.019116
0.025532
0.017006
0.000761
0.147973
0.000996
0.462458
0.018186
0.006173
0.355418
0.044440
0.000041
0.000158
0.028253
0.004215
0.000297
0.003567
0.005967
0.000029
0.047495
0.000310
0.098148
0.001880
0.000002
0.185804
0.051376
0.006299
0.013184
0.000115
0.009217
0.054253
0.001365
0.039256
0.000710
0.022400
0.009656
0.000039
0.000060
0.160388
0.002592
0.026284
0.000654
0.008660
0.103625
0.024853
0.001465
0.061918
0.020793
0.093520
0.004378
0.007755
0.071793
0.433294
0.068114
0.008812
0.000019
0.000493
0.031941
0.004121
0.111762
0.020988
0.013634
0.000148
0.480637
0.049201
0.000042
0.013760
0.081685
0.094228
0.026915
0.562420
0.001803
0.000004
0.000070
0.051981
0.014074
0.139416
0.000044
0.000491
0.369241
0.008139
0.007227
0.106295
0.336916
0.000221
0.000720
0.000002
0.000409
0.000005
0.065019
0.000015
0.002103
0.002333
0.004940
0.002384
0.053027
0.040317
0.001335
0.006861
0.006315
0.004873
0.000729
0.039532
0.000217
0.128292
0.000478
0.064835
0.003448
0.003203
0.031703
0.120569
0.000010
0.032033
0.007547
0.145865
0.003769
0.008704
0.036506
0.000056
0.175950
0.018112
0.241103
0.076722
0.010553
0.825243
0.013046
0.003927
0.046593
0.000140
0.013472
0.098424
0.021021
0.028254
0.113516
0.124077
0.044683
0.000259
0.001617
0.369696
0.203545
0.000073
0.016263
0.006924
0.004711
0.053464
0.000260
0.000057
0.893122
0.007339
0.011766
0.009408
0.026281
0.003120
0.114699
0.660832
0.001781
0.000039
0.070343
0.000530
0.353715
0.000032
0.035552
0.001924
0.095425
0.002141
0.249738
0.039247
0.000153
0.000261
0.008307
0.000111
0.043315
0.206568
0.004750
0.032803
0.026463
0.000339
0.004238
0.001073
0.039697
0.212584
0.000770
0.000534
0.000002
0.000284
0.081379
0.000015
0.022545
0.017360
0.402219
0.000002
0.001402
0.022418
0.164099
0.047614
0.000626
0.007900
0.001843
0.090044
0.065472
0.003175
0.019397
0.104846
0.010572
0.004129
0.000021
0.038746
0.076687
0.001226
0.002441
0.101329
0.118942
0.000611
0.080640
0.008438
0.016357
0.105641
0.083432
0.025343
0.000186
0.001323
0.000128
0.006686
0.030964
0.000191
0.035323
0.001878
0.000012
0.079955
0.036922
0.000002
0.092074
0.032083
0.055073
0.015420
0.001370
0.003487
0.010535
0.002513
0.003352
0.013100
0.116291
0.038354
0.118366
0.033434
0.077994
0.011148
0.000439
0.299279
0.001158
0.036372
0.022800
0.032095
0.107470
0.088152
0.048054
0.020776
0.046742
0.030828
0.002208
0.002568
0.001527
0.492227
0.000030
0.290496
0.102469
0.000009
0.001425
0.000073
0.014821
0.108666
0.070836
0.000037
0.129702
0.005743
0.277968
0.065503
0.000003
0.090650
0.011369
0.017544
0.603225
0.004027
0.107571
0.107961
0.006601
0.006420
0.493613
0.257523
0.325019
0.040434
0.000061
0.031663
0.010621
0.007251
0.008299
0.000002
0.016322
0.023296
0.044607
0.001378
0.008432
0.001146
0.038809
0.003766
0.003029
0.002997
0.000473
0.015490
0.001180
0.017702
0.030852
0.085446
0.000678
0.010820
0.003135
0.012063
0.113700
0.002869
0.008542
0.000002
0.062236
0.000363
0.004762
0.032229
0.000002
0.177306
0.108720
0.055777
0.000060
0.001261
0.015028
0.001917
0.027049
0.001439
0.001257
0.001132
0.016528
0.002441
0.036077
0.008018
0.000232
0.088486
0.000135
0.002628
0.006269
0.000633
0.005621
0.091903
0.000015
0.039486
0.000041
0.006191
0.414463
0.170266
0.009261
0.108826
0.061845
0.111607
0.000014
0.000001
0.000005
0.077933
0.004234
0.072926
0.111532
0.008169
0.006861
0.024313
0.001198
0.033580
0.623401
0.003035
0.234903
0.010129
0.010626
0.019725
0.011823
0.001056
0.397478
0.003314
0.004932
0.179834
0.172915
0.000096
0.000640
0.035272
0.241778
0.000115
0.077403
0.193957
0.107038
0.010976
0.001100
0.169580
0.001153
0.077024
0.000132
0.223561
0.253663
0.288186
0.146335
0.000002
0.000686
0.038588
0.007276
0.001855
0.000545
0.016398
0.226722
0.002976
0.001515
0.014916
0.102484
0.231548
0.074267
0.021135
0.025028
0.247694
0.041957
0.007477
0.001967
0.135512
0.004016
0.004806
0.000589
0.498478
0.002393
0.000034
0.009903
0.006501
0.012054
0.000690
0.063597
0.030840
0.034266
0.000180
0.000047
0.006008
0.003996
0.000401
0.018089
0.018269
0.285475
0.017769
0.000561
0.000077
0.071638
0.148879
0.100664
0.133011
0.062850
0.001997
0.028604
0.001146
0.000455
0.000298
0.036441
0.269300
0.000004
0.068701
0.070983
0.018713
0.000943
0.011875
0.335190
0.097638
0.303436
0.000002
0.006220
0.057518
0.047387
0.003618
0.020288
0.264734
0.044497
0.001048
0.135926
0.115456
0.005890
0.000005
0.001805
0.008238
0.203794
0.162335
0.164526
0.000306
0.043340
0.001761
0.000442
0.000266
0.675868
0.045645
0.023235
0.000837
0.045959
0.069397
0.000144
0.000417
0.125278
0.000022
0.011831
0.002349
0.006590
0.017214
0.005727
0.002579
0.006380
0.080106
0.209932
0.171109
0.000064
0.517507
0.001071
0.064912
0.000962
0.022316
0.008055
0.056362
0.075620
0.008038
0.002135
0.013720
0.218640
0.010006
0.003707
0.000086
0.183531
0.224299
0.064597
0.008982
0.000359
0.001654
0.001650
0.011699
0.051176
0.008362
0.018143
0.067917
0.000281
0.000872
0.024350
0.000727
0.002879
0.042704
0.004796
0.021064
0.005440
0.000585
0.001188
0.012008
0.125888
0.009960
0.003429
0.039247
0.008065
0.001047
0.010905
0.001286
0.003639
0.008204
0.001320
0.005927
0.051881
0.060182
0.066792
0.011817
0.004860
0.000742
0.092697
0.032468
0.001492
0.000031
0.053481
0.012006
0.000481
0.025859
0.003130
0.000097
0.004566
0.020377
0.020349
0.000002
0.047121
0.055250
0.042713
0.001474
0.000005
0.001885
0.003065
0.106119
0.134417
0.079655
0.000429
0.023532
0.053980
0.002367
0.240116
0.000327
0.035170
0.083856
0.000014
0.000263
0.020695
0.047595
0.004922
0.467433
0.011403
0.014899
0.006632
0.071201
0.000597
0.043043
0.006628
0.000003
0.020199
0.000463
0.000289
0.065187
0.331138
0.033114
0.008282
0.004791
0.063822
0.003343
0.097841
0.021022
0.199763
0.218496
0.003695
0.014194
0.036655
0.000002
0.073031
0.066825
0.068147
0.000476
0.000920
0.264086
0.039905
0.001273
0.000013
0.004927
0.011836
0.000002
0.003384
0.002675
0.050103
0.008258
0.000219
0.060351
0.121096
0.014981
0.016015
0.001850
0.021522
0.036734
0.348383
0.010713
0.003096
0.098843
0.004512
0.014431
0.000672
0.047212
0.033944
0.040232
0.137399
0.400645
0.001939
0.002989
0.004312
0.032003
0.170672
0.243705
0.000478
0.006972
0.080614
0.275956
0.049112
0.000594
0.000372
0.028772
0.004626
0.000163
0.002360
0.000098
0.028654
0.295834
0.000019
0.003565
0.003144
0.048563
0.001035
0.001928
0.005623
0.005582
0.000008
0.062255
0.005334
0.002658
0.000941
0.436434
0.000685
0.131283
0.172849
0.045563
0.097120
0.006694
0.756631
0.537726
0.000006
0.024603
0.026534
0.199020
0.057259
0.000155
0.013755
0.000148
0.251610
0.010965
0.000131
0.007271
0.000008
0.007316
0.000003
0.000611
0.034449
0.027520
0.002294
0.546826
0.003460
0.003354
0.000177
0.073544
0.050636
0.457800
0.004354
0.017136
0.003749
0.005584
0.000002
0.000820
0.152917
0.003897
0.008407
0.032494
0.101224
0.001534
0.049765
0.002694
0.251975
0.002019
0.329834
0.021650
0.002052
0.002247
0.043544
0.039520
0.120143
0.010826
0.000606
0.017507
0.049864
0.000244
0.009658
0.002612
0.000062
0.000993
0.046133
0.001824
0.000606
0.066391
0.199177
0.009641
0.000444
0.012658
0.001474
0.000009
0.000226
0.112669
0.000820
0.000022
0.002726
0.004097
0.000296
0.002545
0.198923
0.000097
0.059886
0.000003
0.002440
0.000072
0.000029
0.005414
0.128066
0.037808
0.025762
0.000130
0.000006
0.023230
0.029695
0.082938
0.000520
0.008314
0.021698
0.000002
0.009242
0.082814
0.005800
0.010539
0.000173
0.000157
0.000078
0.029758
0.000021
0.171811
0.288993
0.035061
0.000607
0.058290
0.001197
0.000776
0.003842
0.000561
0.012740
0.039792
0.004333
0.074268
0.000119
0.009279
0.000380
0.143680
0.012228
0.000542
0.015809
0.000064
0.034972
0.001245
0.000188
0.000388
0.230353
0.005555
0.181757
0.000173
0.006000
0.440993
0.010791
0.000002
0.001433
0.003647
0.105357
0.000561
0.096792
0.014829
0.000640
0.000951
0.000321
0.002750
0.009194
0.191810
0.020591
0.191205
0.063604
0.007032
0.110441
0.120772
0.005526
0.287807
0.054499
0.000085
0.010167
0.104087
0.044928
0.000004
0.000393
0.029229
0.035506
0.000597
0.014871
0.000501
0.005051
0.097237
0.000033
0.016373
0.036176
0.010053
0.000011
0.000064
0.341672
0.016156
0.012085
0.000225
0.008118
0.033347
0.001888
0.097392
0.000112
0.000539
0.097127
0.049313
0.037935
0.018534
0.000269
0.866514
0.004559
0.037313
0.000248
0.158867
0.002171
0.014311
0.011683
0.001316
0.404110
0.003826
0.000763
0.012460
0.002089
0.001483
0.225956
0.000062
0.131736
0.074117
0.022234
0.067385
0.000057
0.383644
0.008346
0.364768
0.003826
0.000059
0.004543
0.133830
0.010773
0.001573
0.001322
0.022725
0.007349
0.030035
0.000063
0.007024
0.000009
0.026128
0.610267
0.088262
0.032617
0.017357
0.000820
0.000056
0.038814
0.000345
0.293262
0.000019
0.026988
0.137511
0.008904
0.124866
0.000038
0.000058
0.003690
0.000684
0.257243
0.008023
0.004468
0.002861
0.000313
0.639717
0.000028
0.041953
0.013410
0.019582
0.000891
0.026836
0.021226
0.000040
0.003270
0.041833
0.009026
0.000884
0.001403
0.004009
0.033650
0.000085
0.001437
0.094563
0.044394
0.113459
0.143971
0.002061
0.006342
0.009847
0.072460
0.007572
0.031382
0.000193
0.007493
0.000006
0.003100
0.000031
0.010742
0.003993
0.000174
0.000355
0.000026
0.039436
0.009870
0.001142
0.000071
0.016257
0.055096
0.002454
0.033762
0.055889
0.000426
0.004770
0.041556
0.010516
0.006211
0.003320
0.000147
0.002952
0.080399
0.018266
0.097246
0.000298
0.000204
0.024386
0.001026
0.003627
0.092085
0.065670
0.000009
0.090802
0.049647
0.000132
0.008141
0.003534
0.160980
0.017504
0.027424
0.041904
0.006110
0.001747
0.009495
0.000055
0.000026
0.017617
0.002819
0.031969
0.086025
0.098424
0.000159
0.003407
0.263135
0.003743
0.000024
0.020958
0.034625
0.000829
0.039621
0.014014
0.001589
0.024838
0.039595
0.146763
0.001594
0.003073
0.003803
0.221402
0.009321
0.017184
0.029237
0.174921
0.256047
0.040488
0.047317
0.001392
0.001096
0.042492
0.002135
0.000188
0.003633
0.105319
0.004376
0.000731
0.006350
0.002952
0.005599
0.001364
0.000150
0.001454
0.000063
0.000972
0.000463
0.007954
0.005187
0.251425
0.000030
0.016144
0.006083
0.060791
0.035077
0.007079
0.000696
0.018290
0.001761
0.000269
0.155722
0.000105
0.036852
0.001199
0.020462
0.001384
0.278552
0.022748
0.107154
0.024328
0.159233
0.000048
0.112689
0.000408
0.000098
0.104912
0.004515
0.000020
0.000106
0.000034
0.072324
0.046639
0.013160
0.024903
0.000146
0.019950
0.395821
0.003212
0.029031
0.003273
0.037176
0.071669
0.000036
0.044996
0.079649
0.047056
0.004902
0.003949
0.136189
0.002590
0.014824
0.001059
0.000003
0.095845
0.000035
0.076809
0.005309
0.000241
0.000075
0.006326
0.016334
0.021915
0.030598
0.078482
0.001007
0.013899
0.026800
0.002374
0.000242
0.065355
0.000104
0.002151
0.003401
0.000370
0.008749
0.050028
0.007252
0.069471
0.007840
0.000466
0.000018
0.000083
0.006379
0.023294
0.000682
0.048093
0.001051
0.122032
0.001088
0.000085
0.009626
0.058064
0.182952
0.087913
0.000216
0.050740
0.002058
0.017200
0.000404
0.021974
0.078510
0.000931
0.101993
0.004000
0.015438
0.290705
0.004280
0.003465
0.019880
0.000356
0.039090
0.000861
0.109259
0.001616
0.036431
0.299202
0.017942
0.003782
0.043737
0.000674
0.217641
0.044866
0.004312
0.006721
0.021118
0.000656
0.002324
0.013621
0.000002
0.011168
0.040631
0.006648
0.000114
0.052580
0.066266
0.019912
0.046213
0.015371
0.345395
0.000919
0.087960
0.005658
0.148347
0.000571
0.001404
0.019638
0.000002
0.000226
0.000673
0.008091
0.049258
0.148879
0.000928
0.000968
0.000404
0.049939
0.028644
0.000294
0.005468
0.061383
0.015071
0.020306
0.003892
0.065574
0.003863
0.221689
0.057584
0.452187
0.094583
0.000161
0.002490
0.324067
0.004332
0.013529
0.000033
0.002234
0.151690
0.122325
0.044029
0.158881
0.001653
0.030153
0.026879
0.257341
0.138684
0.000588
0.000013
0.011238
0.007856
0.374313
0.001530
0.023632
0.019734
0.001349
0.000004
0.011838
0.004000
0.014429
0.066016
0.000089
0.001886
0.010292
0.172857
0.009709
0.158888
0.001702
0.007257
0.074553
0.092072
0.015389
0.015038
0.322008
0.178930
0.006162
0.282669
0.118176
0.054082
0.000038
0.000858
0.074208
0.034054
0.000216
0.769153
0.000065
0.040840
0.016459
0.000042
0.001124
0.024835
0.014292
0.022546
0.138087
0.005633
0.036428
0.139442
0.008140
0.103615
0.021243
0.000028
0.008459
0.063506
0.001667
0.040412
0.047610
0.000279
0.090622
0.015793
0.257677
0.001558
0.008525
0.027845
0.023983
0.003884
0.000092
0.001495
0.012411
0.054751
0.520784
0.053554
0.001847
0.037801
0.121582
0.014575
0.000054
0.021303
0.003557
0.000009
0.099248
0.004482
0.036251
0.040760
0.009443
0.009311
0.000018
0.011183
0.000124
0.149588
0.244763
0.217190
0.101634
0.071250
0.069521
0.002917
0.006507
0.000175
0.000513
0.006977
0.031975
0.000067
0.211483
0.000251
0.002333
0.001859
0.097216
0.162363
0.000002
0.254430
0.000464
0.081652
0.021952
0.009870
0.001300
0.016151
0.025246
0.045546
0.022912
0.000197
0.075812
0.017453
0.010383
0.010242
0.001900
0.000398
0.001054
0.029740
0.006729
0.001762
0.072910
0.000077
0.027317
0.291248
0.009843
0.025400
0.033301
0.158180
0.014834
0.021256
0.023322
0.000017
0.030715
0.304141
0.001604
0.022259
0.000063
0.012694
0.024510
0.000027
0.020988
0.640878
0.132756
0.008046
0.089297
0.013019
0.001128
0.009221
0.299320
0.188381
0.018706
0.036591
0.000002
0.182221
0.000654
0.168373
0.012820
0.111246
0.029558
0.022468
0.006434
0.018621
0.236160
0.005503
0.000104
0.001454
0.003090
0.000847
0.000001
0.418087
0.323368
0.016101
0.020435
0.000330
0.068596
0.004483
0.004482
0.106128
0.000010
0.002009
0.018136
0.000011
0.005086
0.005027
0.002380
0.013025
0.404247
0.000927
0.000060
0.397802
0.046913
0.007398
0.022285
0.178346
0.000032
0.138582
0.386751
0.000002
0.005362
0.002242
0.005880
0.032844
0.000957
0.001220
0.000189
0.010181
0.080063
0.062169
0.032329
0.010343
0.000245
0.073068
0.073952
0.052081
0.042867
0.025262
0.005532
0.000107
0.004824
0.002515
0.016664
0.132864
0.017345
0.005386
0.001133
0.000265
0.052387
0.058231
0.039559
0.125231
0.000196
0.020983
0.019346
0.213214
0.065095
0.033642
0.012094
0.000129
0.161062
0.082189
0.042563
0.001943
0.012851
0.087342
0.415162
0.006253
0.000780
0.151785
0.001617
0.008887
0.022779
0.027158
0.047080
0.009200
0.000553
0.000123
0.025237
0.036821
0.011622
0.711301
0.107703
0.003592
0.224149
0.013102
0.047945
0.003092
0.196112
0.083401
0.304689
0.000131
0.000517
0.001955
0.006766
0.013119
0.001223
0.282764
0.115432
0.001511
0.399124
0.001290
0.000622
0.186030
0.171774
0.000002
0.223762
0.131070
0.001963
0.025592
0.003730
0.011535
0.079879
0.013673
0.000472
0.025754
0.001306
0.089146
0.102305
0.000004
0.002945
0.151704
0.015790
0.007811
0.065848
0.052853
0.015707
0.000008
0.009533
0.077226
0.004850
0.000707
0.000664
0.001166
0.000025
0.016517
0.001492
0.001046
0.000490
0.013432
0.046510
0.000375
0.374454
0.053764
0.000164
0.008804
0.028042
0.156957
0.000002
0.308491
0.000752
0.098380
0.003915
0.002194
0.028307
0.006623
0.550323
0.184108
0.000174
0.119149
0.000028
0.012943
0.339887
0.001225
0.001008
0.381726
0.000360
0.000044
0.055450
0.000121
0.000336
0.049142
0.048086
0.025762
0.000899
0.077443
0.083307
0.000277
0.019928
0.165830
0.004209
0.113520
0.754494
0.067375
0.008112
0.000275
0.000159
0.006280
0.071776
0.045107
0.002495
0.266743
0.000045
0.030586
0.062850
0.004306
0.000182
0.002355
0.008528
0.195644
0.011187
0.156709
0.004907
0.000014
0.000549
0.010782
0.030683
0.051622
0.006710
0.000006
0.012271
0.004080
0.124652
0.096668
0.267177
0.000001
0.001836
0.000273
0.293322
0.000823
0.161688
0.004806
0.019345
0.048648
0.093059
0.204758
0.001320
0.029697
0.092761
0.224071
0.018958
0.009106
0.000010
0.002088
0.000711
0.009777
0.000931
0.000189
0.000957
0.000708
0.027710
0.008290
0.000060
0.001683
0.000031
0.000070
0.000898
0.003821
0.083384
0.000271
0.022047
0.218007
0.058955
0.000089
0.000035
0.044496
0.028637
0.023242
0.001878
0.009601
0.230422
0.001575
0.249097
0.013217
0.014111
0.000089
0.036306
0.000047
0.138955
0.152426
0.004482
0.004046
0.000635
0.013352
0.037373
0.005666
0.036895
0.068189
0.004247
0.002739
0.000292
0.010414
0.057329
0.151263
0.015770
0.263988
0.043751
0.001643
0.015460
0.022630
0.007863
0.268826
0.000411
0.000304
0.052889
0.000643
0.026200
0.213009
0.001257
0.003215
0.000566
0.007974
0.219069
0.052324
0.003505
0.013652
0.156007
0.000246
0.000208
0.242289
0.058917
0.015478
0.000022
0.002438
0.080001
0.036350
0.003019
0.151495
0.160813
0.000638
0.097219
0.018091
0.000010
0.070593
0.014993
0.000004
0.001200
0.003315
0.003799
0.018495
0.001833
0.001370
0.003164
0.000706
0.028287
0.112352
0.004507
0.000084
0.016758
0.005355
0.056390
0.001144
0.256558
0.079436
0.041713
0.016239
0.228078
0.000038
0.000002
0.000015
0.087324
0.018899
0.022346
0.052021
0.019684
0.035596
0.061177
0.194906
0.005897
0.007987
0.042290
0.013388
0.000010
0.000198
0.046847
0.010695
0.119096
0.000212
0.113197
0.005550
0.020092
0.000154
0.009843
0.055956
0.123088
0.360346
0.000076
0.012459
0.010836
0.096419
0.000017
0.239880
0.003010
0.022625
0.008870
0.054568
0.058436
0.001748
0.020537
0.728709
0.024263
0.000538
0.103190
0.000086
0.068486
0.038813
0.258496
0.073791
0.006695
0.000023
0.078906
0.041096
0.001184
0.006347
0.120120
0.013753
0.001189
0.098581
0.090304
0.027711
0.000628
0.493120
0.050185
0.246014
0.002146
0.141382
0.001722
0.325065
0.109991
0.016351
0.212853
0.002003
0.022841
0.002544
0.000009
0.096816
0.090409
0.024193
0.010055
0.010946
0.000155
0.618712
0.005136
0.073806
0.047050
0.000007
0.000150
0.003845
0.003183
0.004716
0.015014
0.000961
0.019934
0.000205
0.032234
0.003586
0.054138
0.000003
0.000002
0.469666
0.001165
0.003264
0.405362
0.020801
0.228001
0.014856
0.006420
0.001860
0.008665
0.161271
0.021853
0.008942
0.019272
0.196344
0.101549
0.004578
0.000139
0.833045
0.000171
0.146246
0.000037
0.016531
0.000012
0.317235
0.047638
0.000035
0.014449
0.005536
0.004057
0.043142
0.000127
0.011974
0.000569
0.000013
0.017811
0.039779
0.023730
0.000044
0.001528
0.005501
0.010805
0.048451
0.002536
0.004074
0.332293
0.159173
0.397244
0.021418
0.000546
0.104557
0.006130
0.021377
0.048805
0.003581
0.000894
0.005385
0.004795
0.020653
0.000379
0.000105
0.085500
0.000263
0.001112
0.012240
0.030379
0.036671
0.000286
0.002931
0.078396
0.018269
0.000010
0.000183
0.233332
0.000062
0.000016
0.022067
0.014941
0.000140
0.051496
0.011975
0.000953
0.002007
0.091641
0.001048
0.122245
0.010126
0.009101
0.007364
0.008475
0.347864
0.007843
0.007310
0.000252
0.110290
0.377888
0.053006
0.060562
0.000004
0.000265
0.132329
0.000010
0.049270
0.000237
0.121702
0.079305
0.007979
0.008329
0.000281
0.001464
0.008301
0.023215
0.001584
0.222658
0.020418
0.025800
0.155459
0.001055
0.152348
0.000122
0.322114
0.015139
0.000538
0.224189
0.002847
0.004780
0.004849
0.000017
0.057659
0.680786
0.006066
0.476819
0.001939
0.280138
0.000363
0.009335
0.000006
0.039161
0.625182
0.048309
0.007760
0.126454
0.243984
0.000347
0.004828
0.029984
0.028902
0.002108
0.002653
0.000024
0.005023
0.002206
0.051783
0.192808
0.000277
0.000113
0.124198
0.002677
0.370453
0.149500
0.119894
0.524891
0.006924
0.000211
0.036600
0.091065
0.128989
0.000002
0.118942
0.155704
0.010092
0.002414
0.011162
0.059616
0.003217
0.000071
0.001948
0.000197
0.002723
0.039270
0.003680
0.043248
0.000010
0.001803
0.000852
0.002498
0.000288
0.001385
0.000542
0.416914
0.063517
0.484905
0.007329
0.038317
0.034601
0.008979
0.002277
0.009082
0.001291
0.000306
0.096537
0.000685
0.003315
0.012698
0.004226
0.000472
0.023120
0.003953
0.000025
0.054031
0.007707
0.012666
0.043860
0.000556
0.026510
0.002007
0.000073
0.049304
0.000045
0.027795
0.000839
0.764229
0.000164
0.181153
0.000316
0.010060
0.006628
0.273711
0.082023
0.001107
0.001004
0.006822
0.076850
0.000003
0.002095
0.004836
0.009316
0.022098
0.108632
0.012806
0.097832
0.002150
0.130061
0.376417
0.004321
0.035010
0.003329
0.006351
0.000171
0.000169
0.418564
0.164237
0.000005
0.084979
0.080806
0.002116
0.012376
0.000005
0.067181
0.001625
0.023661
0.000045
0.055680
0.000016
0.000122
0.000072
0.110413
0.000528
0.088072
0.044401
0.001908
0.000086
0.111585
0.000052
0.190625
0.021899
0.269533
0.000030
0.000364
0.005054
0.000008
0.355006
0.086129
0.000510
0.000045
0.527096
0.331036
0.079099
0.003198
0.000916
0.005801
0.084533
0.008778
0.006461
0.001530
0.085612
0.010655
0.005103
0.008663
0.051827
0.000235
0.007844
0.000136
0.045478
0.001330
0.435192
0.000036
0.000002
0.123013
0.000033
0.042960
0.030982
0.134452
0.009758
0.009765
0.002730
0.061682
0.146042
0.001293
0.003376
0.000018
0.001976
0.247753
0.077113
0.028134
0.000175
0.182288
0.023045
0.001330
0.000717
0.011934
0.004188
0.017783
0.000312
0.019561
0.004694
0.001910
0.021604
0.216428
0.003591
0.010636
0.183902
0.001821
0.002430
0.003043
0.006853
0.113231
0.002026
0.916337
0.009604
0.000022
0.000058
0.000369
0.019767
0.043219
0.002313
0.392518
0.025292
0.073029
0.005351
0.000507
0.002987
0.029692
0.050000
0.117852
0.000055
0.000041
0.217095
0.000238
0.000124
0.023646
0.272014
0.147787
0.138013
0.029902
0.268858
0.062863
0.087506
0.226726
0.000015
0.033374
0.055604
0.025449
0.000051
0.000062
0.004589
0.025659
0.019306
0.266776
0.146144
0.378600
0.011682
0.002782
0.053134
0.003037
0.081509
0.015906
0.127877
0.002372
0.000092
0.007848
0.000001
0.099033
0.028082
0.000165
0.003594
0.000397
0.021253
0.010894
0.053260
0.019289
0.064341
0.038583
0.056796
0.012764
0.052136
0.001228
0.025321
0.000078
0.098999
0.045694
0.000022
0.065139
0.000382
0.014701
0.000395
0.774914
0.000315
0.001034
0.004442
0.009202
0.068197
0.009196
0.071569
0.049523
0.000653
0.001104
0.009459
0.002581
0.000195
0.028972
0.062397
0.008798
0.000269
0.010301
0.049600
0.195062
0.285008
0.014788
0.000752
0.002673
0.256618
0.016181
0.000187
0.000931
0.001820
0.000152
0.583302
0.376906
0.027460
0.000051
0.000429
0.000022
0.021908
0.002442
0.011506
0.039878
0.006298
0.000824
0.001765
0.000005
0.009328
0.000369
0.016834
0.000002
0.000176
0.004232
0.029721
0.073620
0.000115
0.067240
0.000026
0.097195
0.004788
0.004750
0.000624
0.044435
0.002049
0.020606
0.045358
0.012962
0.448465
0.066455
0.017508
0.013405
0.000341
0.000001
0.000007
0.000010
0.327167
0.009571
0.005086
0.169455
0.004000
0.000069
0.000030
0.009064
0.044975
0.000202
0.000183
0.013779
0.000003
0.006391
0.008505
0.000327
0.031051
0.002229
0.003084
0.158567
0.045534
0.000073
0.047050
0.000898
0.001473
0.002771
0.070595
0.000002
0.000573
0.050207
0.018911
0.000005
0.004064
0.028605
0.099283
0.006964
0.035251
0.013186
0.102579
0.468019
0.315571
0.006235
0.036753
0.011640
0.000063
0.015341
0.001361
0.005985
0.010655
0.003602
0.019288
0.013478
0.057304
0.002240
0.018806
0.012475
0.003711
0.014715
0.001593
0.058145
0.097693
0.005507
0.100172
0.163826
0.185000
0.000009
0.013011
0.077726
0.032298
0.028488
0.000086
0.000405
0.045448
0.004050
0.000298
0.019448
0.000002
0.000623
0.034593
0.003712
0.017404
0.000041
0.119485
0.013961
0.005983
0.019340
0.006637
0.297908
0.000334
0.001631
0.004977
0.017154
0.067521
0.000020
0.010053
0.869077
0.002310
0.056070
0.056540
0.003890
0.004359
0.073498
0.006809
0.067600
0.001029
0.028304
0.000460
0.002182
0.012907
0.257016
0.000063
0.292185
0.000173
0.037458
0.003389
0.452802
0.004979
0.115954
0.013610
0.000587
0.001156
0.012921
0.053748
0.015138
0.001646
0.000050
0.000011
0.116320
0.019286
0.115586
0.000245
0.002831
0.564047
0.012479
0.037422
0.012716
0.020061
0.007134
0.156870
0.002347
0.403730
0.186388
0.614654
0.006979
0.012034
0.075752
0.000087
0.002275
0.002196
0.006421
0.115937
0.105616
0.003045
0.000089
0.000002
0.050539
0.435653
0.000456
0.000005
0.003380
0.090963
0.058292
0.088243
0.004233
0.018944
0.275647
0.009300
0.005779
0.000592
0.014146
0.031156
0.000002
0.000070
0.028452
0.000626
0.000891
0.000325
0.007728
0.035748
0.000053
0.013275
0.018115
0.008610
0.049451
0.008960
0.000059
0.000359
0.000912
0.000041
0.000288
0.008058
0.002633
0.411783
0.081006
0.050689
0.417112
0.007687
0.005007
0.007013
0.014145
0.045589
0.037637
0.002703
0.213111
0.001191
0.011418
0.000075
0.000428
0.022248
0.000237
0.144320
0.037919
0.002311
0.090593
0.000314
0.277980
0.000087
0.005620
0.009963
0.000998
0.000891
0.205170
0.004795
0.010856
0.011093
0.013425
0.021477
0.000681
0.000742
0.002285
0.039757
0.068557
0.392980
0.215292
0.010451
0.026914
0.000677
0.086586
0.011932
0.000116
0.000217
0.317381
0.092176
0.000065
0.067433
0.015695
0.214954
0.122925
0.002959
0.038742
0.004754
0.212681
0.002548
0.475413
0.223497
0.136009
0.320855
0.054804
0.034792
0.064929
0.009362
0.021466
0.015720
0.010580
0.005393
0.089514
0.001693
0.003927
0.008989
0.000325
0.002148
0.081389
0.106165
0.046033
0.000114
0.197929
0.003043
0.181458
0.034386
0.000523
0.030956
0.000008
0.000019
0.015256
0.060714
0.082002
0.000315
0.000012
0.009220
0.000448
0.001437
0.030112
0.013042
0.011538
0.075143
0.113723
0.003541
0.000350
0.000039
0.003298
0.042736
0.087832
0.036128
0.334402
0.000783
0.000002
0.439319
0.000357
0.004880
0.118994
0.020178
0.006648
0.005552
0.137657
0.000051
0.270322
0.000002
0.002474
0.006421
0.062102
0.144621
0.000032
0.016617
0.001527
0.014033
0.020005
0.004333
0.001066
0.056444
0.086119
0.087877
0.536947
0.029071
0.121641
0.040331
0.155809
0.001477
0.034837
0.001163
0.027436
0.016893
0.155284
0.067538
0.002988
0.002600
0.029930
0.006553
0.000145
0.029105
0.281017
0.022599
0.030911
0.006478
0.003139
0.001829
0.000156
0.000067
0.000026
0.001792
0.105631
0.001521
0.012082
0.100412
0.006423
0.102705
0.002576
0.001348
0.018977
0.002336
0.014690
0.000150
0.025537
0.069794
0.018296
0.024221
0.110982
0.160840
0.000572
0.004056
0.533468
0.029988
0.383186
0.000226
0.039218
0.387011
0.041069
0.001112
0.082395
0.085187
0.022632
0.001380
0.002073
0.002444
0.030367
0.000002
0.000075
0.000732
0.018977
0.003389
0.002072
0.137230
0.224061
0.003322
0.057960
0.026597
0.000029
0.000842
0.000190
0.000298
0.014086
0.035064
0.154947
0.001849
0.004072
0.060868
0.000019
0.022156
0.011838
0.000021
0.074784
0.327117
0.006311
0.006131
0.000819
0.034838
0.056849
0.001069
0.226055
0.001508
0.005116
0.015668
0.000040
0.001488
0.000572
0.002225
0.006900
0.088617
0.009710
0.008672
0.071989
0.004157
0.002022
0.000003
0.008812
0.028173
0.374562
0.005089
0.007351
0.105108
0.003245
0.038326
0.002188
0.018280
0.001860
0.057770
0.007170
0.007111
0.060389
0.014465
0.074844
0.071459
0.062999
0.025800
0.000318
0.075394
0.050074
0.141833
0.000002
0.000024
0.000475
0.049358
0.006625
0.015202
0.000235
0.014618
0.326435
0.136523
0.205882
0.018709
0.141819
0.025453
0.017436
0.000351
0.002269
0.000530
0.063999
0.003192
0.004544
0.001114
0.024214
0.049513
0.017495
0.117833
0.045540
0.018373
0.020518
0.014389
0.002759
0.003370
0.196233
0.021017
0.083186
0.000648
0.022962
0.000059
0.028152
0.092745
0.326397
0.001377
0.324820
0.131259
0.005397
0.000350
0.000086
0.011342
0.042041
0.216711
0.072882
0.000328
0.009678
0.000429
0.014410
0.005730
0.007811
0.003654
0.001994
0.220667
0.444796
0.026076
0.004104
0.000221
0.016794
0.015618
0.082425
0.596667
0.064786
0.025254
0.000582
0.136029
0.047296
0.003926
0.103047
0.235859
0.006136
0.006850
0.000244
0.000622
0.009782
0.021291
0.104620
0.000307
0.056606
0.072603
0.000428
0.000701
0.015920
0.009247
0.068766
0.002478
0.027237
0.043364
0.003380
0.001673
0.000202
0.482872
0.000681
0.005045
0.000079
0.067713
0.001437
0.021962
0.014296
0.000607
0.001802
0.278047
0.165931
0.003879
0.591930
0.001183
0.622055
0.003567
0.020728
0.001738
0.132536
0.000055
0.017773
0.005515
0.022848
0.026932
0.000917
0.001938
0.000488
0.025266
0.061778
0.049721
0.458280
0.066908
0.002123
0.000202
0.066852
0.000484
0.113691
0.000223
0.039778
0.014820
0.001038
0.194094
0.012178
0.147058
0.000004
0.000311
0.050000
0.000014
0.000823
0.225718
0.012528
0.119301
0.077858
0.000196
0.045727
0.005597
0.000449
0.029932
0.000010
0.041087
0.085038
0.569217
0.000729
0.019199
0.005956
0.034605
0.046135
0.265757
0.000287
0.000589
0.049192
0.006835
0.012588
0.082674
0.000002
0.024383
0.029122
0.000391
0.009923
0.003078
0.002408
0.000946
0.015227
0.026325
0.045035
0.000007
0.012722
0.003465
0.329762
0.182434
0.007259
0.187461
0.002590
0.227874
0.027857
0.087722
0.000013
0.000203
0.017321
0.092280
0.001796
0.059624
0.034841
0.000394
0.002220
0.019816
0.043491
0.000228
0.206251
0.000539
0.024791
0.067312
0.027663
0.000444
0.000280
0.006649
0.001938
0.060553
0.005605
0.000197
0.001759
0.064081
0.089853
0.300594
0.000002
0.020173
0.000555
0.020247
0.000724
0.001811
0.000356
0.147527
0.051623
0.042047
0.022940
0.096842
0.049881
0.075441
0.029196
0.000002
0.000429
0.093356
0.874836
0.001592
0.000184
0.003889
0.417977
0.019131
0.000017
0.000327
0.000378
0.005303
0.000372
0.001270
0.021926
0.145020
0.085326
0.009438
0.000196
0.021612
0.004645
0.020682
0.001129
0.028241
0.057500
0.217541
0.016940
0.058954
0.032674
0.000184
0.005641
0.023992
0.018574
0.121403
0.000009
0.066592
0.106647
0.004083
0.000453
0.000651
0.006756
0.010786
0.001587
0.073325
0.039277
0.002194
0.185344
0.001578
0.074495
0.349739
0.056661
0.091115
0.000071
0.040123
0.001419
0.002392
0.024822
0.000049
0.002590
0.001286
0.045961
0.007392
0.000711
0.004382
0.021430
0.023507
0.001467
0.004252
0.028204
0.000670
0.042962
0.016394
0.000380
0.000685
0.007071
0.007982
0.025738
0.033462
0.036564
0.022738
0.016624
0.000453
0.004543
0.030438
0.311898
0.011453
0.119781
0.198833
0.060380
0.000114
0.015549
0.013429
0.000209
0.012244
0.000251
0.065990
0.039894
0.029080
0.001497
0.048152
0.035751
0.327636
0.005375
0.018191
0.012884
0.237990
0.178094
0.011565
0.016217
0.001547
0.009836
0.300457
0.014251
0.000583
0.014517
0.015971
0.004190
0.003834
0.007836
0.002658
0.006425
0.037627
0.221352
0.060468
0.036462
0.071881
0.018130
0.000097
0.020349
0.002066
0.071830
0.000240
0.149349
0.042881
0.000055
0.000002
0.120861
0.003009
0.061067
0.003582
0.088654
0.031207
0.035623
0.017704
0.008595
0.047320
0.032345
0.000279
0.186728
0.020130
0.078198
0.003709
0.023282
0.008375
0.128715
0.004091
0.073283
0.414306
0.122793
0.041217
0.000656
0.017459
0.016514
0.067260
0.026374
0.047833
0.000008
0.063356
0.001249
0.000179
0.022477
0.125839
0.268883
0.430751
0.000471
0.270628
0.019453
0.246327
0.106264
0.001280
0.013174
0.146006
0.016546
0.019790
0.119033
0.084779
0.668645
0.080359
0.004525
0.000029
0.005303
0.072184
0.001545
0.005206
0.000966
0.043196
0.046933
0.000002
0.000011
0.016052
0.001017
0.009767
0.000036
0.000047
0.129274
0.094275
0.000324
0.003966
0.003185
0.000666
0.029997
0.005274
0.043493
0.145064
0.038835
0.180833
0.000067
0.013039
0.039067
0.004052
0.000002
0.169172
0.057890
0.072678
0.001182
0.839209
0.002598
0.000076
0.000054
0.005570
0.001181
0.000035
0.059860
0.279934
0.119683
0.000004
0.004746
0.000990
0.047985
0.132408
0.083874
0.042845
0.001692
0.354263
0.013528
0.023873
0.105979
0.064971
0.002565
0.000122
0.137814
0.002493
0.014267
0.017274
0.302360
0.041079
0.005492
0.000041
0.000009
0.000551
0.030489
0.043683
0.020800
0.058509
0.008980
0.023084
0.000118
0.011785
0.036563
0.003977
0.015620
0.020656
0.000362
0.156667
0.009656
0.000004
0.070836
0.045223
0.033114
0.010825
0.108575
0.002105
0.004306
0.001827
0.000435
0.277184
0.002017
0.012140
0.016659
0.000004
0.000082
0.055307
0.018039
0.002152
0.001129
0.002045
0.083609
0.080003
0.000028
0.001614
0.070173
0.007575
0.007550
0.027125
0.001073
0.000753
0.024026
0.007435
0.085160
0.065318
0.106158
0.032660
0.009521
0.072897
0.009294
0.030962
0.001327
0.003638
0.235879
0.180879
0.000023
0.000616
0.274840
0.060976
0.005947
0.009619
0.009440
0.000070
0.019053
0.060458
0.073277
0.006251
0.000856
0.003580
0.008426
0.007870
0.000100
0.198745
0.000400
0.085844
0.117402
0.013270
0.004673
0.281782
0.037834
0.000580
0.011701
0.000487
0.000198
0.005057
0.004751
0.000022
0.000454
0.011621
0.016600
0.038448
0.039869
0.043547
0.016665
0.051240
0.003496
0.001877
0.003546
0.006226
0.001304
0.000528
0.075271
0.055425
0.000420
0.004709
0.043637
0.027659
0.063587
0.005808
0.011910
0.000368
0.112617
0.046625
0.000679
0.000066
0.014087
0.000078
0.044951
0.061035
0.001157
0.000504
0.000117
0.041085
0.011336
0.484178
0.006446
0.044144
0.001957
0.000222
0.013826
0.000180
0.254506
0.000389
0.009858
0.000902
0.000205
0.038922
0.006720
0.005492
0.104316
0.080054
0.553026
0.061318
0.050655
0.117522
0.048509
0.000151
0.007436
0.025478
0.036286
0.000003
0.528810
0.000757
0.000187
0.000277
0.235333
0.036241
0.001044
0.070442
0.000010
0.012751
0.251363
0.025674
0.023246
0.041297
0.005417
0.164468
0.038987
0.000647
0.001449
0.000019
0.001708
0.058449
0.002883
0.009750
0.000463
0.138392
0.012143
0.195470
0.009799
0.000725
0.019689
0.000940
0.015510
0.071136
0.116066
0.001930
0.000474
0.068905
0.018522
0.001709
0.032776
0.025120
0.000396
0.029804
0.081892
0.024818
0.015940
0.364160
0.320850
0.004285
0.004318
0.008209
0.075401
0.013358
0.011828
0.000011
0.026967
0.000056
0.154956
0.200013
0.000103
0.007118
0.000957
0.001716
0.007140
0.021430
0.000186
0.002296
0.001472
0.007938
0.000827
0.010807
0.001269
0.009464
0.045845
0.010624
0.043342
0.020434
0.372080
0.036012
0.001776
0.102422
0.004928
0.079566
0.005608
0.276665
0.006018
0.002970
0.008191
0.211424
0.000748
0.001131
0.000321
0.000014
0.273794
0.014545
0.001506
0.000804
0.027774
0.024954
0.752441
0.000406
0.099436
0.007971
0.000165
0.003269
0.000004
0.001873
0.000122
0.022881
0.014531
0.000222
0.005340
0.041928
0.000265
0.504445
0.002965
0.005815
0.000142
0.027916
0.020414
0.002249
0.017098
0.499432
0.016518
0.007800
0.000036
0.004048
0.006495
0.102805
0.000245
0.014061
0.000578
0.013241
0.000922
0.005030
0.003009
0.144551
0.211973
0.000283
0.100227
0.448739
0.007354
0.007798
0.067024
0.021569
0.000040
0.001786
0.072726
0.124366
0.003104
0.743970
0.012561
0.038239
0.000314
0.034917
0.023724
0.185764
0.039402
0.003453
0.000113
0.000613
0.088249
0.020366
0.001910
0.008045
0.000093
0.060670
0.022232
0.004096
0.094707
0.000168
0.372435
0.019934
0.000938
0.016383
0.032930
0.000454
0.053620
0.015645
0.085625
0.000002
0.027851
0.020485
0.000494
0.024785
0.015935
0.000683
0.000002
0.025913
0.000244
0.000090
0.006618
0.011506
0.027982
0.205091
0.038186
0.037931
0.000195
0.044956
0.013342
0.000316
0.001352
0.273171
0.075127
0.011364
0.004443
0.000002
0.009921
0.226729
0.032793
0.017667
0.015343
0.003667
0.002248
0.066153
0.015728
0.000021
0.000009
0.037120
0.023860
0.003563
0.012713
0.000350
0.021156
0.278808
0.097078
0.007470
0.017304
0.212654
0.024696
0.017573
0.033462
0.027797
0.001221
0.027725
0.005786
0.001004
0.005438
0.009902
0.210696
0.011916
0.005788
0.004370
0.003340
0.000036
0.147827
0.032307
0.004715
0.125852
0.000575
0.027844
0.207881
0.003495
0.030973
0.002167
0.101068
0.000006
0.105573
0.003241
0.014003
0.002505
0.040782
0.000060
0.002818
0.001065
0.036370
0.000174
0.014493
0.000009
0.000505
0.164825
0.006382
0.000059
0.000018
0.436223
0.003513
0.056470
0.026740
0.108611
0.038255
0.009217
0.000249
0.006644
0.173530
0.007861
0.014069
0.000002
0.016606
0.044266
0.022991
0.014009
0.012549
0.018494
0.094053
0.000495
0.038529
0.106061
0.051200
0.000466
0.012059
0.015736
0.000003
0.003743
0.004223
0.541877
0.017026
0.065251
0.056251
0.016097
0.343256
0.000435
0.303608
0.309619
0.003272
0.000217
0.000136
0.000252
0.000384
0.007434
0.009034
0.082011
0.000082
0.489201
0.019132
0.060000
0.008744
0.005192
0.032322
0.092335
0.003560
0.047839
0.001487
0.014130
0.314620
0.002265
0.000060
0.057582
0.006357
0.000014
0.031633
0.007296
0.001211
0.014881
0.120004
0.023662
0.081842
0.565380
0.000187
0.000199
0.039804
0.001104
0.542319
0.000130
0.058201
0.054858
0.478620
0.085845
0.026902
0.000728
0.000047
0.282183
0.020697
0.016474
0.013257
0.000206
0.000932
0.008273
0.000878
0.209159
0.000322
0.409255
0.150780
0.039664
0.219271
0.006758
0.000315
0.055580
0.000183
0.002861
0.092075
0.048875
0.017654
0.305417
0.000004
0.020673
0.011403
0.077224
0.094879
0.000419
0.018155
0.001740
0.004475
0.000003
0.006333
0.010132
0.000432
0.041753
0.000954
0.000003
0.091949
0.045515
0.044133
0.067213
0.176315
0.009916
0.280177
0.000333
0.000582
0.455902
0.046593
0.058882
0.127398
0.057648
0.020196
0.000024
0.002060
0.014453
0.110713
0.486673
0.009331
0.001024
0.002662
0.042947
0.591525
0.001150
0.020186
0.006294
0.023911
0.146983
0.190778
0.015015
0.000761
0.000427
0.001200
0.000128
0.000027
0.012868
0.022029
0.033165
0.000810
0.009081
0.003514
0.000574
0.751523
0.131557
0.000481
0.000961
0.026600
0.030581
0.010791
0.000460
0.002545
0.060416
0.000044
0.011874
0.002167
0.168615
0.000300
0.002367
0.086266
0.028638
0.003412
0.504632
0.000213
0.004088
0.003772
0.038536
0.002967
0.003818
0.063706
0.002276
0.053255
0.003578
0.003074
0.015786
0.178509
0.012959
0.036666
0.008919
0.082720
0.261809
0.050765
0.006573
0.092032
0.004170
0.003839
0.024345
0.000023
0.451067
0.025741
0.007179
0.000502
0.000188
0.018293
0.082541
0.011853
0.001025
0.003206
0.059696
0.003567
0.001300
0.028351
0.065653
0.001466
0.127288
0.011596
0.059814
0.000085
0.017908
0.005883
0.036708
0.000548
0.004479
0.111109
0.031788
0.000081
0.037733
0.096473
0.000106
0.114458
0.005661
0.001892
0.069710
0.002690
0.223209
0.013890
0.004790
0.000118
0.000410
0.028891
0.001371
0.032308
0.041675
0.000972
0.003532
0.012836
0.006493
0.043759
0.063070
0.021207
0.002922
0.012388
0.002253
0.001315
0.000002
0.002812
0.050452
0.011273
0.076259
0.002714
0.000719
0.533117
0.020002
0.008697
0.003657
0.010859
0.594349
0.073968
0.053243
0.069249
0.000187
0.193316
0.023769
0.020299
0.001739
0.001947
0.013836
0.009648
0.044569
0.055131
0.061103
0.103735
0.033248
0.000154
0.000776
0.000643
0.052456
0.008044
0.011103
0.014225
0.115422
0.001769
0.000077
0.004939
0.000027
0.017195
0.097792
0.099432
0.012260
0.025620
0.128299
0.006187
0.014007
0.014339
0.122708
0.006955
0.103884
0.000020
0.239541
0.012213
0.001389
0.035193
0.324823
0.000172
0.071667
0.000009
0.044013
0.001957
0.000153
0.132942
0.041017
0.001885
0.000087
0.030048
0.000400
0.000407
0.014010
0.074187
0.009940
0.033308
0.120839
0.000023
0.002303
0.000008
0.000023
0.385584
0.023291
0.004659
0.000006
0.001769
0.166553
0.077501
0.004379
0.012376
0.000454
0.000031
0.103594
0.031379
0.340232
0.048101
0.203576
0.098271
0.020337
0.071434
0.022677
0.001046
0.821896
0.112843
0.003091
0.002756
0.059510
0.002519
0.014127
0.006238
0.042595
0.000829
0.000487
0.008601
0.002971
0.000917
0.032074
