1043
1.506921
4
91
40
10
1
5047
0.154078
-0.580140
0.023196
0.339174
0.235686
-0.446576
-0.730789
-0.344491
0.586392
-0.577487
-0.460094
-0.198410
0.850996
0.556313
-0.217992
0.657910
0.627127
-0.413521
-0.834603
0.609508
0.298229
-0.065283
-0.622980
-0.560084
-0.984498
-1.000000
-0.677821
0.245689
-0.373147
0.754214
-0.793775
-0.160836
0.069992
-0.414286
-0.066276
-0.958252
0.979842
0.405010
0.850787
0.346350
-0.168026
0.871024
-0.089623
-0.087012
0.731049
0.009296
-0.898787
-0.662116
-0.427288
0.754851
-0.270362
-0.824188
-0.429335
-0.848803
-1.000000
0.350446
0.344802
-0.374482
0.819902
0.221988
-0.916444
-0.670452
-0.617049
-0.977958
0.032751
-1.000000
-0.890529
-0.819004
0.831835
0.351657
0.664724
-0.835182
-0.176225
0.606319
0.351472
0.721113
0.081680
1.000000
0.322438
-0.517519
-0.978493
0.856003
0.570398
0.307069
-0.153511
-0.230413
0.981164
-0.050659
1.000000
0.405502
0.457964
-1.000000
0.254593
0.210573
-0.757535
0.730546
0.126175
0.049435
0.367363
-0.199250
0.997618
-0.138329
0.409066
-0.267934
-0.832312
-0.686101
0.567256
0.596804
-0.226236
0.770922
0.608861
0.861201
0.460783
-0.203083
0.460039
-0.258728
1.000000
-0.023996
-1.000000
-0.427376
-0.623539
-0.032871
-0.098524
-0.981580
0.536571
0.009405
-0.259429
0.795541
0.927904
0.563838
-0.465418
-0.325079
-1.000000
-0.275220
-0.819524
-1.000000
0.671888
0.261703
-0.611112
0.187958
0.595946
0.004965
0.195705
0.605180
-0.657008
0.129377
0.543697
-0.067942
-0.453197
0.945591
0.341522
-0.214935
0.555083
0.102999
0.269538
0.312276
-0.411047
0.639585
0.636908
-1.000000
-0.877337
0.073853
-0.247384
-0.917479
0.907391
0.785560
0.176944
-0.761069
-0.114629
0.673847
-0.459816
-0.058091
-0.038913
0.829172
1.000000
-0.437251
-0.119445
-0.037177
0.609068
-0.834873
-0.834650
-0.209107
-0.437374
-0.252681
-0.413221
-0.510501
0.339479
-0.663597
0.197197
0.702302
0.798425
0.141436
0.676313
-0.802070
-0.791371
0.915177
0.028718
-0.786456
0.265417
0.388412
1.000000
-0.139022
-0.416833
-0.683693
-0.685927
-0.858377
0.550253
-0.472499
0.544972
1.000000
0.030537
0.165674
0.246858
-0.770363
-0.822858
0.220056
0.566986
0.210710
0.816855
-1.000000
-0.977412
-0.514145
0.521477
-0.820493
0.703104
0.149225
0.978098
-0.843781
-0.340948
-0.217262
0.567600
0.746807
-1.000000
0.191175
-0.385528
0.647309
-1.000000
-0.292405
0.042021
-0.256187
-0.702144
0.018287
-0.630397
-0.567995
-0.904641
0.595932
0.513016
-1.000000
0.889606
1.000000
0.911292
-0.005716
0.161360
-0.115081
0.897042
-0.345105
0.398503
-0.519111
0.496850
-0.273484
-0.852543
0.354830
0.698579
-1.000000
0.459856
0.308906
-0.637353
0.571311
0.631485
0.687938
1.000000
-0.656545
0.786256
0.424192
0.979923
0.365151
0.489175
0.314244
0.960941
0.372570
0.589548
-0.479626
0.236052
-0.797204
-0.595445
1.000000
-0.131754
0.875751
-0.423369
-0.243786
0.091310
0.722023
0.855459
0.736991
0.892094
-0.566668
0.700009
0.766516
0.572901
-0.801506
-0.085622
0.812519
0.780956
0.802451
-1.000000
-0.853238
0.061092
0.387785
0.304596
-0.151587
0.002825
0.507656
-0.714382
-0.974158
-0.698953
0.133910
0.919128
-0.585619
-0.490066
0.263471
-0.502451
-0.368395
0.075246
0.488018
-0.266367
-0.546032
0.261557
-1.000000
0.779140
-0.928234
0.910491
-0.443645
0.100019
0.486328
0.454627
0.447961
1.000000
0.051787
0.731238
0.685103
-0.931134
0.786089
0.709205
0.701655
0.415530
-0.835055
-0.466586
0.557001
0.942911
-0.137329
0.245562
0.214801
-0.457848
-0.176325
0.010397
0.400870
0.447095
-0.782785
0.928177
-0.831038
0.504619
0.102065
0.866610
0.222167
-0.949182
-0.387957
-0.793119
0.618569
-0.441765
-0.107228
0.464652
-0.271292
0.425706
0.004078
-1.000000
-0.424885
-0.367954
0.057278
0.260715
-0.601997
0.332729
0.203381
0.091003
-0.007130
-0.362263
0.351475
-0.572555
-0.641755
0.169462
-0.825652
-0.174634
0.773576
0.039485
0.964332
-0.852471
0.625479
-0.211265
-0.027786
-0.966633
-0.184669
-0.834402
0.809747
0.089343
-0.897627
-0.716683
0.366543
1.000000
0.734069
0.355944
-0.736294
-0.299036
-0.955895
1.000000
0.229448
-0.287255
-0.219542
0.601177
0.548551
0.946412
-0.234841
0.209875
-0.455265
0.968680
0.997506
0.558626
0.271836
-0.087141
-0.587774
0.647082
-0.062958
0.910351
0.739874
-0.661960
-0.032162
0.854365
0.598573
0.894128
-0.346577
-0.804317
0.365776
-0.866250
0.483916
0.875376
0.594672
-0.787779
0.293477
0.045736
-0.624354
-0.717542
-0.315744
-0.724485
0.448948
0.196889
-0.534559
-1.000000
0.324831
-0.696154
1.000000
0.896455
0.166768
0.755987
-0.656844
-0.720909
0.004148
-0.514683
0.944952
-0.172761
0.862659
0.854608
0.548667
0.867623
-0.139924
0.643122
0.330250
-0.326493
-0.754028
-0.377190
-0.076118
-0.682023
-0.311558
1.000000
0.538267
-0.505370
-0.423810
0.135258
-0.088237
-0.854814
0.456038
0.762266
0.074496
-0.967015
0.305703
0.728921
1.000000
1.000000
-0.763728
0.049868
-0.130991
0.036524
0.412946
0.259719
0.583989
-1.000000
0.467442
-0.074931
0.876573
-0.161412
-0.795037
-0.415995
0.654138
0.101529
-1.000000
0.317866
-0.090320
0.701906
-0.690175
-0.621593
0.886977
-1.000000
-0.603599
0.127904
0.529436
0.704250
0.274144
-0.267160
0.231890
0.114184
-0.958577
0.689457
-1.000000
0.931318
-0.108870
-0.924005
-0.522887
0.540997
-0.679788
0.563275
-0.493447
-0.816187
0.723066
-0.995763
0.060689
-0.109881
0.493814
-0.071537
0.723722
-0.228976
-1.000000
-0.413672
0.448495
0.252157
-0.411782
-0.598008
0.250544
-0.602466
0.365829
-0.854520
-0.507709
0.708389
-0.624441
-0.678084
-0.915902
0.985502
0.794163
-0.310412
0.068142
0.988027
-0.940119
0.090087
0.272812
0.203953
-0.658419
0.967144
0.515009
0.073067
-0.518815
0.202389
-0.219404
-0.684112
0.187616
0.049882
-0.222225
0.623935
-0.175344
-0.842871
0.994350
-1.000000
-0.395462
-0.762285
0.010064
0.727238
-0.536176
-0.452253
0.396803
0.057043
0.254226
-0.372235
-0.249554
-0.905954
-0.600717
0.394448
-0.519674
0.653107
-0.847615
-0.968610
0.428592
0.877927
-0.821407
-0.121969
-0.729377
0.450951
-0.507267
-0.657839
0.595946
0.782278
1.000000
-0.442096
0.381523
-0.018552
0.362734
0.917069
0.711182
0.411183
0.851883
0.165541
0.943313
1.000000
0.821171
0.193694
-0.514228
-0.021008
-0.852680
-0.706942
-0.608855
0.070709
0.038735
0.542648
-0.553609
0.354445
-0.680645
0.118416
-0.331630
0.112787
0.202378
0.386748
0.055835
-0.142465
-0.906616
-0.112712
0.215230
0.306283
-0.450572
-0.906220
0.164372
-0.851374
0.024699
-0.241146
-0.856895
0.596183
-0.688353
-0.992380
0.610348
0.196689
0.909793
-0.479975
-0.066968
-0.654441
-0.642212
0.230345
-0.231910
0.794864
-1.000000
0.132764
-0.127758
-0.998193
0.469735
-0.471025
0.041720
0.218576
-0.062169
0.087702
-0.931753
-0.852783
-0.685236
0.965981
0.008544
-0.557840
-0.562939
-0.091715
0.386015
0.226096
0.856231
-0.107197
0.975447
0.970390
0.542356
0.232378
-0.306155
-0.510388
-0.411197
-0.441456
-0.303919
0.854660
-0.846144
-0.754610
-0.034778
-0.363173
-1.000000
0.185457
-0.508745
0.081312
0.587655
0.353609
0.372823
-0.815480
-0.161948
-0.454996
0.749455
-0.354804
-0.646253
0.133724
-0.167273
0.132600
-0.194153
-0.100151
0.268805
-0.046559
-0.082731
0.534399
-0.797773
0.874350
-0.806153
0.818486
0.690155
-0.986059
-0.175945
-0.554828
0.290956
0.507667
0.163484
-0.967671
0.634869
-0.474479
-0.888957
-0.391831
0.436051
-0.503970
0.894624
1.000000
-0.333245
0.895686
0.675997
0.667613
-0.744676
0.718756
-0.816247
0.867376
0.446053
-0.070159
-0.039453
0.503501
-0.874511
-0.894808
0.269729
-0.757690
-0.709771
0.495706
0.209333
-0.358230
0.995521
0.357018
0.463433
-0.681038
0.115497
-0.543346
0.303025
-0.310866
0.789895
1.000000
1.000000
0.485836
0.079793
-0.255224
-0.518857
-0.634437
-0.854642
0.639190
0.422083
0.126369
0.865532
0.939277
-0.268072
-0.527452
0.789708
-0.464416
0.191334
0.406887
0.911100
-0.885302
-0.970293
0.750545
0.931295
-0.447173
0.550393
-0.164689
0.031516
0.255128
0.464167
-0.952604
-0.462231
-0.435595
-0.287887
-0.235118
-0.285087
-0.346823
0.353208
-0.229896
0.078177
-0.577035
-0.285554
0.286403
-0.620496
0.974214
0.360212
-0.569587
-0.947982
0.270762
-0.210867
0.790464
-0.596629
-0.974957
0.235162
0.380905
-0.168478
0.145734
0.356499
-0.238270
-0.610763
-0.203972
0.921687
1.000000
-0.480658
0.756694
0.254504
-0.525291
0.396007
0.782514
-0.747431
0.943003
0.576636
-1.000000
0.576368
-1.000000
-1.000000
-0.229047
-0.001384
0.736684
0.832470
0.372952
-0.516234
0.202014
0.460522
0.668899
-0.112021
0.823958
-0.315300
-0.715738
1.000000
-0.212250
0.267218
0.925557
-0.224794
0.093804
-0.327916
0.103094
-1.000000
-0.528852
0.307172
1.000000
0.770239
0.371736
0.389808
0.301669
0.733523
-0.643437
0.794476
0.473706
0.250136
0.409540
0.368871
0.026721
0.404719
0.116537
0.712446
-0.905517
-0.203222
-0.433733
-0.012795
0.246647
-0.832404
-0.499542
0.803211
0.015662
-0.593333
0.396048
-0.545926
-0.058772
-0.257018
-0.612138
0.715139
0.779252
0.580999
0.814987
0.178891
0.531010
0.808729
-0.323051
-0.218415
-0.700262
0.486547
-0.908969
-0.090208
0.567892
0.159455
0.686736
0.232617
-1.000000
-0.728906
0.600018
-0.517027
0.600972
-1.000000
0.710157
0.272057
-0.733269
-0.081801
0.192215
0.436258
0.945310
0.753460
-0.216938
-0.621239
0.400672
-0.972897
-0.342084
0.173736
-0.260859
-0.387397
0.160433
0.320298
-0.208121
-0.394578
-0.238268
-0.885950
0.413196
-0.172249
0.751820
0.746201
0.413342
-0.926112
-0.167743
0.574334
-0.250229
-0.228929
0.825780
-0.918063
0.686010
0.101649
0.043376
0.289957
0.080761
0.888742
-0.749730
-0.827494
0.079768
1.000000
-0.349557
0.499655
1.000000
-0.181020
-0.137578
0.709955
0.704407
0.706438
0.362931
-0.696079
1.000000
0.211730
0.933786
0.345554
0.614401
0.683954
-0.577511
-0.166831
0.245363
0.134201
-0.078531
0.131241
-0.971884
-0.077348
0.493068
0.092663
0.516472
0.260856
0.798577
0.500095
-0.555590
-0.168381
0.242356
0.115675
-0.003152
-0.418016
-0.751723
0.338812
0.443389
-0.124555
-0.612002
-0.398199
0.596847
-0.603728
0.060433
0.830643
0.358369
0.670854
1.000000
0.128332
-0.952794
-1.000000
-0.699434
-0.735172
-0.543161
0.293669
0.042215
-0.768889
0.234419
-0.572587
-1.000000
-0.511339
-0.210428
-0.181476
-0.924628
0.499275
0.174463
-0.148786
0.513549
0.422487
-0.346240
0.361715
0.923411
-0.321335
0.797075
-0.839045
0.410973
0.065944
-0.143742
0.223930
0.908639
-0.301755
-0.827701
0.499054
-0.896399
0.927728
-0.765304
-0.048640
0.728957
-0.483933
-0.258348
0.605376
0.424391
-0.504238
-0.996546
-0.533387
1.000000
0.438860
-0.776483
0.840409
-0.388565
-0.927054
-0.422501
-0.210617
-0.543590
-0.720400
-0.123276
0.662106
-0.768076
-0.040289
0.318246
-0.363469
-0.370864
-0.839187
0.656228
-0.908008
0.255001
-0.564105
0.262884
0.410026
0.329891
0.257308
-0.207149
0.637746
0.046541
0.146878
0.762886
0.577598
-0.453920
0.832286
0.978512
0.270501
-0.849336
1.000000
1.000000
0.276908
-0.448902
0.882337
-0.282012
1.000000
0.466008
0.979735
0.174899
-1.000000
0.718861
-0.608708
-0.392708
-0.648012
0.541413
0.222775
-0.478997
-0.345988
-0.411863
-0.450657
-0.284786
-0.984951
-0.986370
-0.381520
0.278877
-0.720780
0.491163
0.100557
-0.132294
0.241885
-0.255757
0.446983
-0.837207
-0.457630
0.042852
-0.907903
0.568472
0.366397
-0.899016
0.753319
-0.145095
-0.951623
-0.753050
-0.127400
0.881636
0.293384
0.946853
0.635678
-0.280385
1.000000
-0.868374
0.055344
0.402621
-0.594647
0.724716
-0.272586
-0.953745
0.680495
-0.101724
-0.523020
-0.589276
0.557021
-0.467293
1.000000
-0.209979
0.233537
0.329469
-0.963041
0.445129
-1.000000
-0.766031
0.440270
0.124289
1.000000
0.477383
0.560705
0.548955
-0.743017
0.077388
-0.169596
0.422636
0.390005
0.857105
0.709425
-0.360123
0.567612
-0.651439
-0.901471
-0.112863
0.621308
0.100797
-0.140598
0.804233
-0.403767
0.055698
0.770239
0.131542
-0.384703
-0.509430
0.468059
-0.760528
-1.000000
0.775549
-0.244733
-0.089742
-0.784130
-0.582977
-0.255106
-0.096448
-0.299058
0.853141
0.134052
0.188278
0.822221
-1.000000
-0.085810
-0.793752
-0.919454
0.432695
-0.394875
0.584325
0.700523
-0.434465
0.847053
-0.388014
-0.962473
-0.759409
-0.755812
0.706319
0.594952
0.428964
1.000000
0.181179
0.071890
-0.342167
-0.819980
-0.535883
-0.835135
-0.383970
-0.939911
0.497966
0.271218
0.088574
0.882291
0.723965
0.208935
1.000000
0.542431
-1.000000
-0.576318
0.914097
0.730712
-0.314334
-0.954459
0.792295
-0.219985
-0.326236
-0.933493
0.304107
-0.621018
-0.745839
-0.912873
0.036523
-0.315119
0.584733
0.111692
-0.969304
0.177549
0.966706
0.290919
0.304006
-0.498581
0.000789
1.000000
-0.883737
0.037326
0.942548
-0.567607
0.801059
0.190697
-0.402857
-0.088558
0.967799
0.672512
-0.209253
-0.742320
0.671176
-0.400577
-0.027291
-0.040698
-0.984141
0.658415
0.906428
0.713217
0.357329
0.489212
0.520025
-0.981561
0.917529
-0.563204
0.278571
0.746592
-0.177149
1.000000
0.069045
-0.128389
0.463623
-0.415688
-0.604201
0.514747
-0.899259
0.269183
0.136458
-0.222552
-0.457257
0.021971
-0.456776
-0.009651
-0.102668
0.456968
-0.879150
0.121008
0.205283
-1.000000
-0.166606
-0.538420
0.994854
-0.983853
0.840519
-0.533152
0.226271
0.523763
0.032328
0.908948
0.510463
-0.458732
-0.243760
-0.512222
0.488991
-1.000000
0.557148
-0.735435
-0.784066
-0.710882
0.870544
-0.935182
-0.111476
-0.088749
0.066250
0.469742
-0.233199
1.000000
-0.187316
0.583788
-0.201099
0.703263
-0.670556
-0.151520
-0.288693
0.311210
0.053261
-0.067035
0.806906
0.379589
-0.001751
0.713225
-0.167998
0.965588
0.292499
-0.141147
-0.196118
-0.925644
0.181446
-0.958489
-0.187297
-0.421039
-0.350497
0.601043
0.718591
-0.171150
-0.620215
-0.505930
0.829471
-0.542342
-0.061693
0.174147
-0.962908
1.000000
0.212645
0.226725
-1.000000
-0.055330
0.778305
-0.292460
-0.817958
-0.587676
-0.080923
0.949010
0.640659
-0.742195
0.697371
-0.886639
-0.846993
0.055069
-0.697636
0.114420
-0.056431
0.372360
0.439351
0.419139
0.616243
0.847289
0.932067
-0.393968
-0.775403
-0.347445
0.533778
-0.946032
0.420854
-0.302099
1.000000
0.353295
-0.578193
-0.148564
-0.066848
-0.626954
0.625858
-0.285849
-0.916278
0.832232
0.626796
-0.734979
0.744588
0.984208
0.887570
0.191468
1.000000
-0.492572
0.124706
-0.770597
-0.014598
-0.031016
-0.366217
0.595427
-0.642286
0.157798
-0.527641
0.266053
1.000000
-0.190614
-0.741256
-0.389778
-0.338790
-0.795548
-0.931343
-0.482136
0.792057
-0.535501
0.791011
0.651072
-0.581184
-0.438287
0.693764
-0.795435
0.818004
0.904702
-0.604208
-0.135096
-0.395089
0.774239
-1.000000
0.282923
0.696448
0.130181
-0.703443
0.914186
-0.888661
0.535275
0.482723
0.856717
-0.727950
-0.555504
-0.969057
0.850669
-0.188518
-0.602463
-0.180951
-0.228561
0.455029
0.349836
-1.000000
-0.378241
-0.355604
0.955160
0.861211
-0.688876
0.139393
-0.510693
-0.558594
0.161678
-0.293710
0.924232
0.382763
0.902669
-0.293060
0.030941
0.248378
0.974931
0.195174
0.478671
-0.718419
0.913266
0.698933
-0.829483
0.980939
0.384182
-0.754252
-1.000000
0.913458
-0.607672
-0.213925
-0.826578
0.614533
0.342409
0.323123
-0.477034
-0.451599
-0.098455
-0.520465
-0.424562
0.130433
0.685328
-0.923254
0.916970
0.129265
0.731058
-0.820754
-0.764570
-0.260759
-0.247953
-0.929281
0.199824
-0.128912
0.365408
-0.669900
0.625966
-0.100399
-0.403803
0.228546
-0.459344
0.167475
0.805023
1.000000
-0.168194
0.491731
0.163744
0.204079
-0.872232
0.794576
0.974422
0.292845
0.670108
0.664121
-0.709633
-1.000000
0.764015
-0.658262
0.786752
-0.653109
-0.105270
0.576541
-0.218545
0.766461
-0.085317
0.321347
-0.578037
-0.370925
0.604499
-0.825511
0.391488
0.746238
-0.228499
0.536874
0.103911
0.776016
-1.000000
-0.942401
0.797753
-0.946665
-0.722327
-0.824551
0.209572
-0.737114
0.751268
0.391514
-0.124011
0.970149
0.201883
0.249748
-0.892151
0.891692
-0.447436
0.709382
-0.900761
0.763971
-0.019244
-0.778680
-0.902193
0.345110
-0.546078
0.997726
0.493027
-0.648794
0.051870
0.707234
-0.185341
-0.916775
-0.634335
-0.041871
-0.114008
-0.316321
-0.267064
0.570476
0.403823
-0.097864
0.081288
0.283680
-0.950748
-0.160359
0.812398
0.650781
0.890399
0.072973
0.101672
-0.285552
0.146400
-0.616148
-0.207081
-1.000000
-0.964977
0.605773
0.774517
-0.838132
0.033956
0.329484
0.647505
-0.941342
0.283230
-0.922140
0.696549
0.115374
0.194320
1.000000
0.000837
0.735150
0.301326
-0.898190
-0.051433
0.143029
-0.826629
-0.176241
-0.871366
-0.416870
-0.159490
-0.075407
0.491898
-0.720916
-1.000000
-0.194364
0.103431
0.349272
-0.034938
0.133264
0.930688
0.484632
0.228590
0.474000
-0.346604
0.337120
-0.088481
-0.530187
-0.380058
0.731259
-0.417292
-0.687777
-0.283554
0.778486
0.709589
0.122701
-0.258494
0.414763
0.712155
0.172622
-0.848582
0.113043
0.028354
-0.436624
0.898376
0.169564
0.809204
0.394868
0.621302
-0.150864
-0.107586
-0.125363
-1.000000
0.089630
0.241052
-0.423420
-0.333945
0.488393
-0.875335
-0.173874
-0.511531
-0.363402
-0.813820
-0.715303
0.518885
-0.513594
-0.008855
0.020020
0.663688
0.488779
0.156954
-1.000000
0.650145
-0.003972
0.459162
-0.887619
0.550541
-0.337892
-0.553902
0.387047
0.041115
0.907025
-0.119727
0.460649
-0.955836
-1.000000
0.832068
-0.329724
1.000000
-0.150936
0.624282
-0.710550
-0.331951
-0.524115
0.940934
0.724726
-0.970533
-0.899510
-0.704335
-0.798787
-0.988848
0.251818
0.566808
-0.568900
0.060448
-0.341335
-0.758508
0.997987
-0.564209
0.552810
0.924204
-0.689341
-0.539722
0.625864
-0.400376
0.121341
0.154315
-0.296942
-0.037555
0.514627
-0.690899
1.000000
0.704946
0.900934
-0.719887
-0.131591
-0.524659
1.000000
-0.079451
-0.960563
-0.817734
0.767148
0.625885
-0.416884
-0.240276
0.671454
0.924930
-0.251639
0.360444
-0.693700
0.442389
-0.355952
-0.571171
-0.974285
-0.267406
-0.408119
-0.966639
-1.000000
0.485429
0.349563
0.508139
-0.962948
-0.290909
0.854066
1.000000
0.748256
0.989338
0.784487
0.758451
-0.842931
-0.337919
-0.429034
-0.319213
-0.338763
0.030259
0.527622
-0.077920
0.049251
-0.836881
0.190606
-0.808484
-0.225301
-0.355847
0.226049
0.323722
-0.035233
0.359442
-0.642991
0.295074
0.334746
-0.019253
-0.201742
0.521888
0.820510
0.792748
-0.518692
0.561943
0.560052
0.893647
0.206234
-0.741397
-0.479512
-0.330728
-1.000000
-0.125466
-0.027793
-0.922208
-0.320797
-1.000000
0.687762
0.136924
-0.893071
0.108263
0.537041
-0.212529
0.165300
0.110845
0.252134
-0.408249
0.046308
0.290863
0.403610
0.327336
0.518533
-0.653068
-0.057883
-0.912015
-0.229457
0.609222
-0.956549
0.635978
0.801010
-0.598905
-0.519987
-0.000855
0.309148
-0.527553
-0.068798
-0.781482
0.172238
0.968792
0.746163
0.347623
0.671241
-0.586272
-0.904895
0.621009
-0.480670
0.441365
-0.440108
0.186352
0.704716
0.099489
-0.490967
0.561772
-0.060354
-0.910805
0.907553
-0.873827
0.209124
-0.373965
0.399157
0.108222
0.397898
0.330222
-0.025096
0.605871
-1.000000
0.356820
0.130663
-0.677754
-0.349006
0.095456
-0.376530
-0.591285
-0.994284
0.866419
-0.795557
0.779087
0.749485
-0.399207
-0.592790
0.261368
-0.764458
0.577731
-0.309291
0.740946
-0.725475
-0.744283
0.261315
0.077916
-0.660778
0.813987
-0.152959
-0.576834
0.187168
0.671523
1.000000
0.419891
0.297968
-0.714695
0.219098
0.186545
0.027972
0.839310
0.189213
-0.143790
0.151397
0.742250
-0.403145
0.276015
-0.890999
0.918505
0.942590
0.442328
0.707269
-0.919871
-0.235107
0.451784
-0.021107
0.442061
-0.267110
0.345112
-0.296046
-0.515055
0.843312
0.618693
-0.279658
0.233510
0.308284
-0.332035
-0.641743
-0.828543
0.351908
0.728593
-0.471181
-0.426272
0.172234
-0.829907
0.672025
-0.231948
0.853038
0.428986
-0.846270
0.928328
-0.073750
0.531750
-0.286229
-0.929152
-0.663334
-0.461128
-0.308257
-0.952757
-0.817152
0.872558
-0.903583
-0.399073
0.797769
0.970797
0.079627
0.987575
0.381978
0.998419
0.943925
0.386353
0.956504
1.000000
-0.063907
-0.018568
-0.434720
-0.752182
-1.000000
-0.203152
0.589941
0.784087
0.004553
0.590994
0.959562
0.087352
0.095391
0.671983
-0.746975
0.711237
-0.331566
0.065516
0.665829
-0.853005
-0.630384
-0.532188
-0.501400
0.748898
0.982990
-1.000000
0.326119
-0.151851
0.456728
-0.695019
0.687048
-0.312001
0.175273
0.130622
0.333510
0.340970
1.000000
0.991326
-0.247400
0.814333
-1.000000
0.359462
-0.119556
-0.094518
-0.989148
0.172865
0.323256
-0.704890
0.456319
-0.445599
0.441223
0.367803
0.892074
0.633090
-0.328050
0.384818
-0.063607
-0.880400
0.263037
-0.853926
-0.555407
0.161331
0.943649
0.409045
-0.273582
-0.850554
0.323835
-0.754312
0.687068
-0.015311
0.234921
0.868997
-0.581790
0.897107
0.009959
-0.712647
0.033137
0.737771
0.298739
0.249026
0.012112
-1.000000
0.772941
-0.023957
-0.200799
1.000000
-0.389458
0.722351
0.167678
-0.006168
0.566857
0.823559
-1.000000
1.000000
-0.595162
0.545628
0.077290
-0.796898
-0.701022
0.902149
-0.180980
0.922113
0.435110
-0.966292
0.813943
-0.842779
-0.996315
0.300374
-0.005358
-0.042970
0.975389
0.195496
0.364511
0.608351
-0.171262
-0.928318
0.311747
0.490004
0.464707
-0.357488
0.021225
-0.170806
0.179199
0.154608
-0.948895
0.120581
0.091927
-0.841024
0.629143
0.786454
0.977336
-0.644048
0.316814
0.747982
0.741450
0.191138
0.675102
-0.480549
-0.190975
0.011292
1.000000
-0.052078
-0.665904
-0.324220
-0.116698
-0.493593
0.256736
0.381582
-0.308764
0.139454
0.852700
-0.344003
0.996681
0.090666
0.048590
0.458823
-0.144032
0.592727
0.056377
-0.227059
-0.814650
0.597807
-0.941071
0.689260
-0.425934
-0.748798
-0.758944
-0.528751
0.816472
-0.123849
-0.264630
0.087383
-0.840276
-0.543866
-0.461505
-0.905008
0.983515
-0.209805
-0.566855
0.853333
-0.829708
-0.654780
0.346297
-0.815404
0.993147
0.547023
0.394151
1.000000
-0.915656
0.602864
0.067453
-0.116146
-0.610104
-0.339181
0.044862
0.962566
-0.339710
-0.838449
-0.350749
-0.139619
0.670627
0.481841
0.457361
1.000000
-0.449914
-0.441626
-0.295608
-0.560682
0.069247
-1.000000
-0.627530
0.339549
-0.670859
0.686995
0.380721
-0.386252
-0.944462
-0.496136
-0.298851
0.428821
-1.000000
0.208441
-0.699611
-0.818582
0.249889
0.002674
0.859080
-0.258527
-0.338361
0.712956
0.536709
0.562892
0.815119
-0.534116
0.526407
-0.761608
0.559418
0.698903
0.486426
0.710638
0.835368
-0.204337
-1.000000
-0.898255
-0.394929
-0.583956
-0.696414
0.219378
-0.168700
-0.426539
-0.235023
-0.451507
0.552806
-1.000000
-0.287125
0.624703
-1.000000
-0.694546
0.670401
0.411518
0.059215
-0.539798
-0.444185
-0.847934
-0.081982
0.834264
1.000000
0.164489
-0.038492
-0.680254
-0.334521
-1.000000
-0.344535
-0.907457
0.679512
0.815601
-0.870396
0.788923
0.784017
-0.650186
-0.712199
-0.462478
0.364652
-0.404202
0.487613
0.841246
-0.514596
-0.626273
0.455456
0.225309
-0.805623
-0.337836
-0.806813
0.418763
0.681430
0.499201
-0.983028
-0.527993
0.217299
-0.220550
0.877427
-0.134404
0.839112
-0.159068
-0.321935
0.297755
-0.478057
0.596560
-0.415250
-0.375833
0.673586
0.592126
-0.648984
0.621635
-0.844965
0.050154
-1.000000
0.253527
0.808028
0.150764
0.036526
0.161702
-0.071679
-0.317967
0.215794
0.172987
0.029706
-0.126062
-0.404691
0.019881
0.859619
-0.780060
-0.978280
0.541219
0.835183
0.061066
0.181027
0.874093
-0.401612
-0.218829
0.527228
0.948478
1.000000
-0.646879
0.657998
0.292448
0.371018
0.723794
0.709248
0.158387
-0.285480
-0.825569
0.275900
0.077211
-0.308798
-0.654267
-0.410136
-0.135013
-0.237350
0.142162
0.689975
0.931160
0.394345
-0.181771
0.020501
0.616202
-0.194620
-0.376889
-0.905005
-0.479213
-0.970144
-0.934137
1.000000
-0.827865
0.969078
0.962765
0.580897
-0.787087
0.385857
-0.015773
0.136860
-0.266835
-0.726508
-0.033379
-0.812423
-0.276834
0.099098
-0.398390
0.453493
0.868015
-0.933622
1.000000
-0.414510
-0.867363
-0.620304
0.113618
1.000000
-0.523377
-0.979262
-0.088636
0.898091
-0.899380
0.406064
0.600013
-0.853986
0.292689
-0.688928
0.258894
-0.562658
-0.553151
-0.073683
0.664222
0.109652
0.850477
0.682527
-0.759216
-0.900752
-0.239882
0.492253
0.988334
0.301120
0.640121
-0.170003
0.380215
-0.169663
-0.547597
-0.190007
0.225347
0.065105
0.450475
-0.341316
-0.707143
-0.283761
-0.784912
-0.834731
-0.141446
-0.713803
-0.084270
0.311076
-0.321280
1.000000
0.964560
0.438539
-0.546602
-0.541567
0.320079
-0.186572
-0.054175
-0.675795
-0.159409
-0.163924
0.503013
0.469385
-0.600725
0.773225
0.169838
-0.006332
1.000000
-0.745630
-0.689362
-0.905306
0.805523
-0.270234
-1.000000
-0.420768
0.920757
0.905744
-0.181955
0.121810
-0.428873
-0.082904
0.243956
-0.469107
0.099624
-0.538939
-0.083419
-0.822159
-0.668406
0.185913
-0.474511
-0.412887
-0.744454
0.668488
-0.580306
0.994939
0.010636
0.615391
-0.785422
0.934217
-0.490873
0.872224
-0.766043
1.000000
-0.620974
-0.893965
-0.411891
-0.270290
0.516175
-0.482221
-0.274926
-0.366576
-0.736114
0.454700
-0.408045
0.529756
0.191522
-0.276036
-0.257464
0.860942
0.065718
-0.701175
-0.928118
-0.229105
0.786691
0.466045
0.169863
0.951949
-0.805412
0.609824
-0.125670
0.714501
0.296409
-0.815202
0.393866
-0.698926
0.036147
0.472780
0.606971
-0.486290
-0.054796
0.636119
-0.575058
-0.134701
0.667985
-0.259629
-0.602622
-0.038430
0.952996
-1.000000
-0.737279
0.627923
-0.897720
-0.171925
0.256721
-0.442796
-0.140950
-0.076138
-0.414109
-0.161580
0.061028
0.635844
-0.236180
0.880988
0.260845
-0.250670
1.000000
1.000000
-0.330529
-0.722241
0.771727
0.544862
0.069032
0.304816
-0.094294
-0.303671
0.014109
-0.314711
-0.156515
0.198788
0.296023
-0.422447
0.492168
0.184887
-0.115788
-0.694124
0.683906
0.537690
-0.406612
0.558635
-0.703550
0.119554
-0.330674
0.342103
0.363662
0.042625
0.163939
-0.946749
-0.045799
1.000000
0.735440
1.000000
0.928394
-0.943426
0.655238
0.294318
0.531560
0.442306
0.100914
-0.111318
0.023158
0.314334
-0.769278
0.898934
0.308843
-0.729533
-0.980095
0.339519
-0.926376
-1.000000
-0.171349
0.021187
-0.458706
0.480785
-0.997737
-0.707541
0.898810
0.078559
-0.463967
1.000000
-0.641186
0.155987
-0.315791
0.811073
-0.495796
0.452897
0.252562
0.501539
-0.576032
-0.790152
0.700753
0.367675
-0.102500
0.278569
0.165159
-0.989019
-0.759474
-0.623861
1.000000
-0.821958
0.496815
0.065552
0.644342
0.377728
0.215661
-0.302414
0.075504
0.413388
-0.756132
0.803895
0.911303
-0.886627
0.423392
-0.534204
0.716659
-0.564437
-1.000000
-0.929173
-0.275245
-0.085711
0.106919
0.029234
-0.219123
-1.000000
0.437089
-0.907007
-0.204564
-0.674509
-0.826127
-0.873084
-0.144427
-0.345621
-0.187654
-0.825837
-0.291305
0.426334
0.329902
-0.795602
-0.987195
0.251760
0.662752
-0.916479
0.499093
0.419277
-0.301980
0.152342
-0.021710
0.206604
-0.523140
-0.154460
-0.947382
-0.069756
-0.066054
0.144150
-0.521609
0.286360
-0.485465
0.878524
-1.000000
0.139387
0.482982
0.523342
-0.578049
-0.383786
0.266978
-0.060571
0.773625
0.407711
0.497729
0.224468
-0.030232
0.250827
-0.403038
0.707374
0.441025
0.881349
-0.925063
-0.179286
-0.601339
-0.806957
-0.932457
-0.353063
-0.958285
-0.368958
-0.910247
0.804258
-0.004721
0.653433
0.844496
0.553198
0.805893
-0.987676
-0.062037
-0.895525
-0.959701
-0.020943
0.843377
-0.239773
1.000000
0.714596
0.886928
0.765903
-0.405281
0.195986
1.000000
-0.850130
1.000000
-0.492534
0.599715
0.234386
0.389696
-0.368936
0.578570
-0.465361
-0.743138
-0.879036
0.405334
0.514549
-0.717430
-0.112998
-0.250847
0.214664
-0.760976
-0.584996
0.394468
0.571999
-0.701186
0.041479
-0.011084
0.219239
-0.137448
-0.502622
-0.524158
-0.055197
-0.248456
-0.765437
0.081221
0.971087
-0.025559
0.175682
-0.152822
0.133588
-0.309310
0.775110
-0.966029
-0.368189
0.543958
-0.554621
0.609522
0.347770
0.278326
-0.893061
0.311152
-0.111857
-0.478695
-0.098327
0.750761
-1.000000
0.868523
0.247952
-0.337483
0.086790
-0.422495
0.592815
0.956346
-0.024466
-0.522065
-0.345677
0.193980
0.764243
0.860065
0.841161
-0.701355
-0.843458
0.887077
-0.626440
0.825099
-0.304276
0.301153
-0.130259
0.653166
-0.338454
0.173362
-0.702200
-0.345314
-0.601612
-0.046127
0.235570
-0.872692
-0.907842
0.902009
-0.685846
-0.700464
0.513069
0.807706
0.890697
0.829261
-0.086688
-0.617994
0.821222
0.773846
0.849059
-0.342305
0.655689
1.000000
-0.862442
-0.854059
0.123144
0.408258
-0.116219
-0.695508
0.240244
0.234042
0.827534
-0.830621
-0.587257
-0.709390
-0.849824
-0.355605
0.891955
0.379481
-0.934793
0.851517
-0.224012
0.016023
0.087367
0.107547
-1.000000
-0.189077
-0.044710
0.591531
-0.030325
-0.851619
0.044796
0.351742
0.371968
0.416245
-0.824740
0.747607
-0.988182
0.818476
-0.314520
0.169722
0.285834
0.039580
-0.865493
0.485719
0.289847
-0.724575
0.826488
0.736658
0.790805
-0.632008
-0.548685
0.585153
-0.940074
0.802141
0.449790
-0.857932
-0.784924
-0.554982
-0.966640
-0.768175
-0.115254
-0.086576
0.476172
0.404861
0.253242
-0.108890
-0.931900
-0.489919
0.828109
-0.638231
-0.185818
0.987909
-0.505473
0.796254
0.929259
0.223516
0.214713
0.059064
-0.975977
-0.595501
-0.651958
-0.625806
-0.478230
0.064335
-0.675355
-0.230088
-0.752608
-0.181988
-0.445252
-0.433113
-0.404479
-0.892533
-0.985181
0.803451
0.375716
-0.640718
0.589978
-0.273462
-0.236756
-0.448109
0.774097
0.068684
0.995067
-0.242834
-0.822121
0.496167
0.384991
-0.862492
0.736792
-0.975843
-0.690261
0.881771
0.910568
0.809951
-0.124429
0.538284
-0.233522
-0.410648
-0.802873
-0.856876
0.336462
-0.713547
0.537204
-0.673656
-0.972374
-0.058340
-0.356691
0.797346
-0.619413
-1.000000
-0.519405
-0.558235
-0.774224
-1.000000
-0.038019
0.724747
0.398772
-0.309692
-0.388698
-0.347588
1.000000
-0.775805
0.145709
-0.984279
-0.965569
0.792115
0.780002
-0.413372
-0.176988
0.543075
-0.604306
-0.039126
-0.128044
1.000000
-0.933913
-0.953712
0.470587
0.034029
-0.613272
0.372016
-0.404658
-0.062112
0.997672
0.404829
0.940156
0.589621
-0.829668
0.015052
0.749432
-1.000000
0.324153
0.494826
0.476905
0.402060
0.675156
-0.444458
0.287207
-0.356073
-0.024531
-0.290040
0.229657
-0.409878
0.958547
-0.450543
0.521501
0.766841
-0.268509
-0.846741
0.213233
-0.525788
0.205111
-0.786685
0.336732
0.017246
-1.000000
0.247487
0.950965
-0.477170
-0.338327
-0.152844
0.186591
-0.096013
-0.690192
-0.241744
0.977815
0.133371
0.087484
0.687387
-0.191208
0.450417
0.671070
0.185773
-0.250233
-0.017836
0.630136
-0.794493
-0.607363
0.399715
0.477357
0.951905
-0.415473
-0.795186
0.322385
-0.527396
-0.563364
-0.066060
-0.958485
-0.418185
0.405028
0.448457
-0.449124
0.457000
0.131999
0.868825
0.834413
0.759643
0.167104
0.573368
0.909476
-0.502207
-0.288393
-0.303306
0.864205
0.192311
0.079267
0.281491
-0.017282
0.651229
-0.008562
-0.324105
0.225412
0.685305
-0.439708
-0.996883
-0.260907
0.941773
-0.213277
-0.816281
0.237569
-0.165975
-0.615618
-0.413891
1.000000
-0.556100
-0.379778
0.500596
0.253790
0.200507
0.569255
-0.082997
-0.455227
0.651194
-0.698630
1.000000
-0.670046
0.166092
-0.976137
0.513752
-0.395791
-0.925717
-0.186691
-0.497916
-0.451686
-0.863444
-0.078928
0.045504
-0.264790
-0.008186
0.622962
0.424249
-0.501215
0.120419
-0.344321
0.392475
0.619673
-0.135177
0.415141
-0.072446
0.835130
-0.629472
0.200475
1.000000
-0.918632
0.741375
-0.671280
-0.925077
-0.505129
0.472443
0.208832
1.000000
-0.873380
0.044749
-0.872150
0.147912
0.378942
-0.619021
0.035939
0.371599
0.221070
0.926889
-0.030041
-0.997825
-0.868240
0.153124
1.000000
-0.888169
-0.303564
0.873921
0.401537
-0.015235
-0.466952
-0.347913
-0.280669
-0.459478
-0.112085
0.367754
0.794868
0.510536
-1.000000
-0.743355
0.957300
0.696352
1.000000
-0.293803
-0.623586
-0.268176
-0.161194
0.344654
0.276026
-0.327732
0.968817
0.740608
-1.000000
0.981052
-0.613249
0.624528
1.000000
-1.000000
-0.506908
0.378449
-0.589961
0.656760
0.128853
-0.406644
-0.541838
0.075436
0.265707
0.210547
0.020141
0.054262
0.042325
0.237909
-0.375704
0.387909
0.646325
-0.998724
-0.950609
0.740412
0.567554
-0.191546
-1.000000
0.840984
0.767477
0.411390
0.611453
-0.230517
-0.629236
-0.462147
-0.089766
-1.000000
-0.945363
0.211174
0.651444
-0.405199
-0.738622
-0.731294
-0.488773
-1.000000
0.576879
-0.903511
-0.843656
0.841148
0.949984
0.277632
-0.906366
0.966127
0.572380
0.512798
-0.157743
-0.989575
0.761209
-0.771034
-0.910042
0.862149
-0.564334
0.840206
0.216807
-0.356940
0.262006
0.214841
0.933554
0.349042
-0.634076
-0.526702
-0.216314
-0.113636
0.070427
-0.031792
0.368584
0.453238
-0.512838
0.487047
-0.125021
-0.611006
0.452818
-0.414438
0.168592
-0.236117
0.421590
-0.861930
-0.377169
0.997868
0.430415
-0.278267
-0.899345
0.622940
0.875994
0.373430
-0.725471
-0.310785
-0.937866
-0.615473
-0.895742
0.445302
-0.374026
0.718976
0.324082
0.467486
-0.876576
-0.814584
0.528325
0.446905
0.745501
-0.455081
-0.881553
0.704500
-0.155970
-0.509893
0.386222
0.563738
0.674578
1.000000
-0.737746
-0.605364
0.283857
-1.000000
-0.698407
-0.033526
-1.000000
0.397005
0.249205
1.000000
-0.480670
-0.185993
-0.214494
-0.201475
-0.047975
0.262620
-0.639573
-0.859968
0.541683
1.000000
0.254554
0.794907
-0.393647
0.506658
0.630531
0.199918
-0.726341
0.526036
0.099944
-0.875245
-0.245000
-0.953816
-0.138560
-0.655602
0.842391
0.941880
-0.102876
0.621184
0.193258
-0.458780
-0.605882
1.000000
-0.782002
0.660919
-0.341693
0.418887
0.433398
0.526523
0.549554
-0.424780
0.372653
-0.791098
-0.530206
0.010028
0.449384
-0.208102
0.091813
0.710674
0.945768
0.131053
-0.530624
-0.336160
-0.542300
0.992501
-0.956827
0.792303
0.380962
0.149610
0.632269
-0.382927
-0.821207
0.588074
-0.988242
0.058903
0.542211
0.222061
-0.898156
-0.057965
0.535347
-0.663062
-0.926491
0.172274
0.510496
0.554033
-0.852262
-0.296676
0.430719
0.010961
-0.830753
0.824772
-0.029996
0.113404
0.805809
-0.386519
0.422494
-0.754474
-0.902447
0.918392
-0.168966
-0.615923
-0.004451
-0.152924
0.831876
-0.050972
-0.850962
-0.666016
-0.859913
-0.718495
0.420842
-0.258320
-0.947236
-0.303080
0.530591
-1.000000
-0.039537
0.433397
0.518062
-0.837145
-0.504183
0.168800
-0.363983
0.497071
-0.093243
0.398273
-0.377089
0.022406
-0.925767
0.522896
-1.000000
0.293915
0.989533
-0.724387
0.559605
0.260895
0.686812
-0.707698
0.996950
-0.304006
-0.382951
0.553144
0.664552
0.858903
-0.212675
-0.418172
0.440558
-0.063328
-0.302596
0.139423
-0.659084
0.473959
-0.272176
0.687247
0.033863
-0.019520
-0.028976
0.216454
-1.000000
0.026332
-0.382208
0.451758
0.577952
0.855111
0.483889
-0.467239
0.941955
-0.344448
0.044826
-0.316134
-0.289284
-0.618708
0.382023
-0.076115
0.111484
0.283001
-0.082502
0.769009
-0.673914
0.484287
-1.000000
1.000000
0.452093
-0.698308
0.144920
-0.360768
0.452253
0.519507
0.284826
-0.232725
-0.654486
0.230046
0.808608
0.577172
-1.000000
0.232347
0.932818
0.683746
0.774060
-0.188838
0.807087
-0.333981
0.708474
0.918063
-0.119980
0.684421
0.247627
0.669463
0.532957
-0.878844
-0.396617
-0.471056
-0.058232
-0.091861
0.780741
-0.383693
0.284510
0.737269
0.701558
-0.720183
-0.608701
-0.035188
1.000000
-0.619307
-0.219025
-0.905021
0.904001
0.768034
-0.145468
-0.294882
-0.142431
-0.187240
-0.787207
-0.336398
0.282370
0.951291
0.918659
0.823708
0.943015
0.349802
0.943599
-0.269276
-0.940950
-0.854760
-1.000000
0.621186
-0.360016
-0.124433
0.728586
0.530351
0.350946
0.109856
0.202831
-0.544170
0.866204
0.217689
0.595959
0.702409
1.000000
-0.401893
0.489962
0.522357
0.099866
-0.933845
0.400406
0.032112
-0.772907
0.196205
0.758779
0.405308
0.686752
0.392787
-0.465010
0.865096
0.994637
-0.725286
-0.254586
-0.260488
-0.309535
-0.829851
0.741735
0.194957
-0.269047
-0.306911
-0.750932
0.302155
-0.392234
0.843556
-0.792304
0.942732
-0.392663
0.780438
-0.805925
-0.292451
-0.549035
0.928854
0.752534
-0.192500
0.816778
-0.561701
0.944871
0.936561
-0.963117
0.038782
-0.351711
0.038583
-0.588206
-0.927487
0.102606
0.154775
0.868250
0.979892
0.604144
-0.337357
-1.000000
-0.286125
0.791723
0.120758
-0.712515
0.882773
0.316927
0.580977
0.073006
0.439374
-1.000000
0.660447
0.910912
-0.889138
0.953912
0.639434
0.800447
-0.316534
0.046769
-0.940192
-0.310214
0.451546
0.251310
0.761172
-0.864363
-1.000000
0.478540
-0.433132
-0.551867
1.000000
-0.543370
0.902859
-1.000000
1.000000
-0.920040
-0.500410
0.451833
-0.529127
-0.636897
0.899955
-0.254215
-0.290627
0.029315
-0.528912
-0.629208
-0.342577
0.316597
-0.075258
-0.053052
-0.288993
0.684223
-0.122203
-0.294058
-0.241269
0.414210
-0.332831
0.947979
0.890506
-0.566280
0.273019
0.115057
0.477053
0.540049
0.496267
0.411153
0.658896
-0.283996
0.212170
1.000000
-0.894630
-0.512153
-0.256223
0.946204
-0.855945
-0.775546
0.555984
0.707947
0.885468
-0.601204
0.948271
0.376055
0.532042
-0.734064
0.048295
-0.848606
-0.539525
0.141030
0.504889
-0.037779
-0.707189
-0.627068
-0.154614
0.895429
0.692809
-0.892758
-0.900400
-0.841451
0.355272
-0.157507
0.840214
-0.722333
-0.517981
-0.143613
0.102792
0.487947
-1.000000
-0.743561
0.070688
-0.280104
0.458876
0.261843
0.957035
0.272252
0.872148
-0.824583
0.468824
-0.288810
-0.006584
0.528136
1.000000
0.725480
0.989185
0.291841
0.065358
-0.333380
-0.753824
-0.022028
-0.792874
0.219181
0.670555
0.710067
-0.805308
0.172257
-0.190591
0.629201
-0.694659
-0.390167
0.769511
0.081837
-0.701567
0.902462
1.000000
0.315140
0.940775
1.000000
-1.000000
0.759936
0.885883
-0.444952
-0.427432
0.142044
-0.211911
-0.255292
-0.727808
0.638183
0.153197
0.397840
-0.728780
0.538213
-1.000000
-0.022792
-0.495902
0.197545
-0.970210
0.145221
-0.045567
0.132588
-0.301058
0.445845
0.932245
0.929999
-0.143191
0.512114
-0.418169
0.982049
-0.677544
-0.308041
-0.621531
0.287197
-0.084500
0.277089
0.088030
-0.634413
-0.748344
0.714272
0.211585
-0.072873
-0.811211
-0.398251
0.188765
-0.977405
-0.303420
0.243610
-0.077461
-0.652614
1.000000
0.643965
-0.841800
-0.525775
-0.205490
0.935685
0.906336
0.938797
-0.745444
-0.308641
0.173049
0.736923
0.613040
-0.168131
-0.499419
-0.016967
0.095053
0.094824
0.371566
-0.554261
0.358969
0.980698
0.755224
0.825523
-0.158386
-0.090661
0.441370
0.843114
0.177320
-0.027518
1.000000
0.725490
0.792115
-0.305734
0.952568
-0.494537
-0.847342
-1.000000
-0.038133
-1.000000
-0.748626
0.786042
-0.153791
-0.908191
0.711218
-0.309826
0.189362
0.144091
0.375765
-0.419379
0.112056
-0.629403
-0.320077
0.205857
-0.698549
0.935960
-0.581253
-0.625629
0.772962
-0.605859
-0.351287
0.183391
0.070033
0.484913
0.424330
-0.309312
0.395533
0.577974
0.040162
-0.695576
-1.000000
-0.380202
-0.606117
0.651366
-0.500265
0.059843
0.876512
-0.606427
-0.060269
-0.214685
-0.018193
0.248406
0.128383
0.847577
-0.736549
-0.211906
-0.905634
0.143164
0.770857
-0.413077
-0.613585
0.184662
0.092587
-0.345861
0.787908
-0.735777
0.272500
0.491453
-0.097392
-0.098160
-0.850862
0.900955
0.155558
0.759569
-0.297169
-0.235687
0.972016
0.519044
0.010757
0.303451
0.735485
0.343299
0.413129
-0.919613
0.051881
0.061175
-0.856271
0.998899
-0.857723
-0.356568
0.725916
0.313965
0.110211
0.139895
0.683587
-0.215939
0.818747
-0.635675
0.328461
-0.065837
-0.867976
0.029273
0.696724
-0.102178
-0.805183
0.893032
-0.828159
0.233369
0.565960
-0.700245
0.597041
-1.000000
0.914741
-0.732973
0.749721
-0.615799
1.000000
-0.028008
0.558405
-0.627552
0.388139
-0.577936
1.000000
-0.814497
0.629682
-0.100699
-0.231320
-0.002797
-0.678858
-0.182907
0.047386
-0.620959
0.676378
-0.580420
0.267266
0.701547
0.161403
0.227449
0.985935
-0.123342
0.264739
0.245624
-0.421784
-0.188250
0.188641
0.857876
-0.748154
-0.911160
0.559941
0.335437
0.561176
0.253268
0.630466
0.038155
0.629970
0.215604
-0.073898
0.180787
-1.000000
-0.537068
-0.928092
0.767773
-0.703037
-0.776342
0.088327
0.977264
-1.000000
0.736532
-0.831200
0.982850
-0.367127
0.348787
-0.551600
0.837149
0.364217
0.024919
0.950006
1.000000
0.538339
-0.061772
-0.184999
-0.731642
-0.123912
-0.957806
0.488419
0.350753
-0.250035
0.211250
-0.986532
0.703426
0.120834
0.475750
-0.921878
-0.845002
-0.779851
-0.514171
-0.752467
-0.800031
-0.780602
0.088205
0.918472
0.891561
-0.948199
-0.165186
-0.135172
-0.413484
-0.373014
0.450795
-0.471637
-0.334245
-0.192430
-0.997204
-0.311254
-0.123589
-0.876527
0.255420
1.000000
-0.283714
0.158343
0.064506
-0.445991
1.000000
-0.922780
0.778262
0.351915
1.000000
0.749491
-0.563104
0.892445
-0.157093
-0.641623
-1.000000
-0.756680
0.710809
0.536705
-0.390526
-0.082604
0.162574
0.675827
0.275602
0.840339
0.051798
-1.000000
-0.499887
-0.423721
0.694533
0.854925
-0.555464
-0.803296
-0.270282
-0.633631
0.353057
0.066490
0.684601
0.398461
-0.973320
0.214157
0.781411
-0.549688
-0.016584
0.096886
0.824057
-0.246636
0.016910
0.081866
-0.604410
-0.701840
0.330644
-0.105864
0.330690
-0.248016
-0.124724
-0.055229
0.518759
-0.675992
-1.000000
0.315765
0.281677
-0.411689
-0.866535
-0.372803
-0.585799
0.628430
-0.395480
-0.683920
-1.000000
0.543201
-0.364271
-0.396074
-0.667477
-0.681459
-0.738408
0.183607
-0.578650
-0.804154
0.270512
-1.000000
0.975823
0.657159
-0.360058
0.143680
-0.013573
0.210609
-0.299407
0.718680
0.375487
-0.242435
0.226762
-0.926494
0.916925
-0.311000
0.625309
-0.778344
0.960137
-0.361818
-0.118082
-0.402903
0.319792
-0.826224
0.145946
-0.388693
-1.000000
0.657746
0.136099
-0.603189
0.478411
-0.839315
-0.910830
-0.474867
-0.793493
0.155728
-0.296533
-0.913228
-0.968532
0.403490
0.615492
-0.179807
-1.000000
-0.492863
0.598270
-0.943751
0.850970
-0.991236
-0.413206
0.943748
-0.321262
0.535892
0.206349
0.936433
0.529887
0.568556
0.292041
-0.603390
0.234644
-0.724842
-0.409191
0.851017
0.427211
0.199216
0.200697
0.053065
-0.487428
-0.682066
0.994333
-0.601493
0.344798
-0.306908
-0.773958
-0.482106
0.134044
-0.445125
-0.408531
-0.512802
0.098273
-0.495058
0.287152
-0.419091
-0.784208
0.878495
0.171931
-0.637321
0.215966
0.791258
0.777801
0.876266
0.294914
0.384943
-0.847031
-0.784977
-0.730570
-0.332621
-0.916740
0.118275
-0.579110
0.314370
0.797101
1.000000
0.455833
-0.630505
-0.110249
-0.118005
0.296279
1.000000
0.055916
0.022404
1.000000
0.230621
0.867260
0.914721
-0.956819
0.595281
0.425835
-0.210521
-0.366370
0.009709
0.514545
-0.098635
0.106935
0.061576
0.055606
0.938583
-0.453910
0.453401
0.510208
0.106054
-0.745431
-0.631163
-0.244438
-0.402867
0.236565
-0.909730
0.767372
0.015695
0.133546
0.186367
0.908901
0.100187
-0.392168
0.248405
-0.758718
-0.257212
-0.511778
-0.077839
0.764664
0.063969
-0.078345
-0.242374
0.057433
0.365032
0.453780
-0.749632
0.592767
-0.164910
0.950849
-0.470551
-0.757115
0.342333
-0.134380
-0.941993
0.556119
-1.000000
-1.000000
0.205763
0.632782
-0.160367
0.835376
0.863514
1.000000
-0.079125
-0.802691
-0.707403
0.460530
-0.955331
-0.463140
1.000000
-0.886928
0.210968
-0.482664
0.906761
0.277817
0.258413
-0.233834
-0.789943
0.720949
-0.426631
0.646259
-0.432767
0.727706
0.945941
0.571834
0.031809
0.308454
-0.781426
0.676316
-0.354072
-0.537849
0.680686
-0.579439
-0.275158
0.355300
0.146588
-0.133015
0.627141
0.052436
-0.742044
0.452361
0.610712
0.886498
-0.687821
-0.146135
0.670476
0.524088
0.783295
0.739791
-0.493745
-0.912000
0.025693
-0.648887
-0.933944
0.471611
0.035821
0.005530
-0.405141
-0.068732
-1.000000
-1.000000
-0.136340
-0.026902
0.824022
-0.562995
0.252646
0.335975
-0.325808
-0.425933
-0.155082
-0.017979
0.723722
-0.893842
0.912165
-0.966144
0.405748
0.051312
-0.278534
-0.678482
-0.538882
1.000000
0.885038
-0.390819
0.280769
1.000000
0.460270
-0.723173
-0.124270
-1.000000
-0.162941
0.584870
-0.539461
-0.622296
0.964989
-1.000000
-0.447286
0.138140
0.609151
0.183565
-0.955803
-0.771845
0.952395
0.198744
0.996486
0.023463
-0.406820
-0.087601
0.317333
0.802727
0.338889
-0.510724
0.225259
0.233088
0.024467
-0.268042
-0.996945
0.156466
0.478245
0.796651
1.000000
0.383962
-0.713018
-0.009085
0.882921
-0.692844
-0.297423
0.184746
-0.707837
0.928760
-0.020421
0.228966
0.293963
0.929874
-0.941877
-0.056411
-0.634167
-0.443767
-0.866237
-0.459047
0.781836
-0.020737
-0.588270
-0.370294
0.589296
-0.125773
-0.687633
0.961084
0.477495
-0.327748
0.440794
-0.384252
0.022629
0.202970
0.888277
-1.000000
0.831307
-0.358472
0.927961
1.000000
-0.467426
0.308458
0.147390
-1.000000
-0.443182
-1.000000
-0.564165
-0.953607
0.400750
0.591592
-0.675222
0.443515
-0.226013
-0.708429
-0.479906
-0.791021
-0.713738
0.722282
0.967341
-0.063054
-0.042237
0.076581
-0.716077
-0.828007
0.265708
-0.948833
0.871556
-0.558581
-0.168038
0.791048
-0.402234
-0.401613
0.696673
-0.759169
-0.802002
-0.887142
0.344639
-0.879396
0.873577
-0.048271
0.292473
0.559012
-0.217042
0.284582
0.931488
-1.000000
-0.383861
-0.233930
0.604237
0.010231
-0.402979
0.053892
-0.108334
0.246484
0.084525
0.217884
-0.063324
0.039466
-0.887146
-1.000000
-0.846779
0.158731
-0.374621
-0.369824
0.746435
0.288662
0.691106
0.613595
-0.055709
0.338354
-0.327838
1.000000
-0.529322
0.189296
0.890476
-0.089131
0.828194
-0.722587
0.088987
0.537498
0.677126
-0.345260
0.088442
-0.140118
0.654882
0.137389
-0.737974
-0.992074
0.001385
0.787623
0.826067
-0.382734
-1.000000
0.998105
0.795225
-0.488538
-0.256213
-0.986757
0.168057
-0.112590
0.819329
0.966493
-0.542261
-1.000000
0.414848
0.960049
0.739797
0.743286
-0.924264
0.110571
0.050827
0.391883
-1.000000
0.602047
-0.247758
-0.844750
-0.045177
-0.220634
0.628905
0.881698
0.912522
1.000000
-0.146315
-0.721659
0.379884
0.827221
-0.643350
-0.115926
0.219837
-0.932925
-0.824841
0.343149
-0.454441
-0.546005
0.907825
0.205210
-0.419909
0.413944
0.565518
0.980414
0.870401
-0.059823
1.000000
-0.331061
-1.000000
-0.349222
0.079564
0.974669
0.580801
-0.656188
0.796188
0.247441
0.739416
0.399557
0.272962
-0.632691
0.930858
-0.005517
-0.845959
-0.073479
-0.035156
-0.401849
-0.258308
-0.114808
-0.073534
0.767098
-0.112998
0.965634
0.856522
-0.019032
0.785251
-0.465172
0.318326
0.969121
-0.846492
0.998118
-0.201446
-0.805332
0.732044
0.687386
-0.435596
-1.000000
0.810522
-0.830623
0.060970
-0.239464
-0.983591
0.821579
0.284014
-0.535454
0.964331
0.508253
-0.211729
0.614425
0.054309
-0.709383
-0.964248
-0.126459
0.573584
1.000000
-0.825512
0.300943
0.721220
0.310117
0.781318
-0.567434
0.480283
-0.097377
-1.000000
0.163313
-0.190885
-0.215421
-0.423937
0.392113
0.245617
-0.718137
-0.476977
0.025170
0.717993
0.667827
-0.099819
0.809932
-0.049023
-0.272439
-0.015393
0.085705
-0.677320
0.605747
-0.591594
0.172086
-0.555520
-0.102936
-0.273490
-0.850392
-0.771802
0.851218
0.032627
-0.944174
0.535061
0.637526
-0.063043
0.997664
0.382286
1.000000
0.798360
0.652122
0.819694
-0.249296
0.112586
-0.067091
-0.702925
0.120799
0.390624
-0.402916
0.432771
0.624303
0.329639
0.932476
-0.081013
-0.161561
-0.287040
-0.743762
1.000000
0.634630
0.791255
0.603179
-0.316924
-0.546150
-0.162373
0.208490
-0.910080
0.018277
0.702510
-0.816113
0.749895
-0.484012
0.384352
-0.381689
0.481894
0.660555
0.301529
-0.125571
-1.000000
0.909071
0.195095
0.052387
0.571875
-1.000000
0.866005
0.896502
0.047699
-0.422247
0.858584
-0.803455
0.062654
0.808559
-0.196945
-0.720424
0.264792
-0.041882
0.406692
-0.276703
0.039234
-0.444018
0.619242
-0.371231
-0.607650
0.971825
0.583762
0.076398
0.335716
0.360864
0.074240
-0.358189
-0.271756
-0.014499
0.101559
1.000000
-0.914067
-0.484438
0.314611
0.791188
-0.679361
-1.000000
0.684452
-0.449294
-0.261287
-0.088682
0.321082
0.023714
0.426447
0.724346
-0.760354
-0.249992
0.027201
-0.989893
0.030168
-0.002328
-0.928519
-0.196049
-0.509120
-0.203797
0.146546
0.883799
-0.067187
-0.307456
0.696270
0.693171
-0.938062
-0.463596
-0.194612
0.925755
1.000000
-0.271030
0.614774
0.026357
0.552392
-1.000000
-0.435997
-0.380216
-0.785573
0.499482
0.497305
-0.787722
0.292916
0.521359
0.654331
0.205401
0.987212
-0.153755
-0.720916
-0.674736
-0.604408
0.803423
-0.746457
-0.208658
-0.526316
-1.000000
-0.656677
0.554317
0.108679
0.506897
-0.797034
-0.934076
-1.000000
-0.045568
0.582276
0.111456
-0.141398
0.418478
-0.497558
0.041807
0.782336
-0.205881
0.205782
0.722192
0.953943
0.071996
-0.649355
0.510688
0.186297
-0.928599
-0.401713
0.607672
-0.805060
0.298633
0.660562
-0.035740
0.723849
-0.128744
-0.951665
0.014657
0.253484
-0.640028
0.819696
1.000000
-0.682322
0.184349
-0.726246
0.349454
-0.508131
-0.473856
-0.061101
0.358743
-0.585616
-0.349084
-0.416559
0.546119
-0.097325
-1.000000
-0.933473
-0.872369
-0.321613
0.992686
-0.339193
0.152843
-0.835746
-0.249674
-0.435991
0.823722
-0.919436
0.876600
-0.167077
-0.226148
-1.000000
0.265036
-0.367092
-0.122960
0.646109
0.604750
-0.275343
-0.970335
-0.444805
0.639224
-0.416987
0.049798
-0.405658
-0.040983
-0.110314
-0.058922
0.367313
-0.911854
-0.826657
0.156298
-0.163769
-0.394787
0.404367
-0.567858
-0.356296
-0.195771
-0.216122
0.226376
-0.723507
-0.421152
0.166028
-0.351585
-0.326244
0.571046
-1.000000
0.487612
-0.952045
-0.696178
-0.418656
0.857528
0.321768
0.139180
0.914523
0.969734
-0.325616
-0.695124
0.819985
-0.104093
-0.105717
-0.360412
0.406060
0.349973
0.734826
0.568961
0.587123
0.618383
0.763594
0.963207
0.608514
0.867684
-0.694074
0.955745
0.493213
-0.436265
-0.505547
-0.419543
-0.291827
-0.259298
-0.364924
-0.641343
0.520843
-0.902804
0.439490
0.474254
0.133991
-0.331847
0.210112
-0.186523
-0.191866
-0.442215
0.596909
0.340239
0.652653
0.991609
-0.001604
0.574040
-0.055539
0.188034
-0.240924
0.281356
-0.361674
-0.831993
-0.522925
0.762845
0.152862
0.285092
0.331818
1.000000
0.668890
-0.927916
0.950610
-0.780569
-0.428521
0.355664
0.146603
-0.785394
-0.756715
-1.000000
0.067245
0.050760
0.013267
0.009445
0.008351
0.047667
0.003114
0.024031
0.020474
0.051818
0.015310
0.069760
0.003287
0.219722
0.003148
0.045818
0.002731
0.022177
0.000587
0.005088
0.065941
0.000471
0.000305
0.017148
0.002839
0.041556
0.016223
0.104154
0.090067
0.007476
0.092199
0.000989
0.002538
0.055486
0.091807
0.049067
0.099390
0.005940
0.040877
0.318742
0.019117
0.000474
0.018646
0.000463
0.001742
0.015878
0.027933
0.021251
0.065623
0.005529
0.011805
0.021362
0.003039
0.066383
0.398315
0.002802
0.120946
0.016521
0.028092
0.052550
0.103438
0.010212
0.050000
0.047339
0.000795
0.558239
0.200965
0.051241
0.107609
0.396731
0.167169
0.004567
0.090322
0.006231
0.126344
0.212658
0.001872
0.018919
0.056492
0.069239
0.009872
0.020082
0.007915
0.015220
0.005440
0.025726
0.008405
0.241143
0.135385
0.007842
0.017116
0.166973
0.002704
0.000722
0.076380
0.049213
0.000548
0.013187
0.001772
0.003885
0.006835
0.077454
0.066156
0.033408
0.115596
0.000697
0.001147
0.130912
0.131924
0.042722
0.068465
0.003159
0.046113
0.042766
0.052163
0.021573
0.016783
0.007834
0.143234
0.426963
0.006830
0.019360
0.013470
0.060035
0.005636
0.000359
0.017889
0.004040
0.008464
0.002004
0.052282
0.002480
0.177776
0.013473
0.080701
0.264290
0.001305
0.066504
0.000568
0.052010
0.131569
0.046036
0.026427
0.001718
0.064696
0.005777
0.133538
0.011813
0.005904
0.013326
0.034357
0.014300
0.056210
0.024234
0.002089
0.019676
0.139142
0.000120
0.079919
0.013270
0.010792
0.294201
0.012721
0.001401
0.110438
0.000153
0.393289
0.005072
0.000588
0.497427
0.097659
0.000400
0.000834
0.244588
0.102283
0.021690
0.259664
0.016012
0.001366
0.012669
0.082324
0.000136
0.002071
0.140147
0.008393
0.021517
0.234585
0.013988
0.063697
0.001816
0.009183
0.002082
0.084185
0.012044
0.028037
0.012645
0.131616
0.031542
0.023634
0.009278
0.111383
0.001618
0.013309
0.007885
0.016782
0.054503
0.077720
0.105741
0.071201
0.448332
0.003675
0.010829
0.074824
0.036520
0.010279
0.084786
0.112833
0.017851
0.004852
0.156941
0.008696
0.086530
0.084003
0.030645
0.033428
0.278755
0.000346
0.237962
0.214321
0.658262
0.023017
0.741503
0.086747
0.011828
0.007435
0.107663
0.204673
0.003882
0.037021
0.061226
0.010533
0.000128
0.006048
0.122194
0.024232
0.264958
0.089365
0.328280
0.000576
0.076848
0.028920
0.001387
0.187952
0.002284
0.041039
0.263061
0.003931
0.001212
0.350816
0.000858
0.003530
0.027738
0.053244
0.261969
0.013324
0.003395
0.020566
0.068326
0.087981
0.008633
0.178097
0.010322
0.029595
0.310345
0.008651
0.005287
0.004664
0.033169
0.004129
0.008886
0.020229
0.008059
0.076021
0.006625
0.120125
0.481810
0.115022
0.010172
0.125298
0.007667
0.000743
0.173922
0.004549
0.002567
0.031991
0.004111
0.547171
0.031476
0.138694
0.127814
0.063607
0.016164
0.324739
0.105751
0.178925
0.137033
0.157349
0.323858
0.339967
0.051270
0.003571
0.083316
0.011797
0.038614
0.038651
0.039259
0.001235
0.040618
0.015284
0.122682
0.136224
0.141673
0.040678
0.150188
0.043420
0.278098
0.962576
0.313569
0.073708
0.165455
0.046161
0.005235
0.005049
0.070098
0.007840
0.014306
0.121808
0.003276
0.019374
0.033511
0.004874
0.011002
0.134731
0.091059
0.181626
0.099788
0.033196
0.050881
0.220431
0.048801
0.171399
0.117123
0.056243
0.054653
0.023642
0.002622
0.003874
0.088338
0.001050
0.018570
0.001679
0.001036
0.058460
0.016285
0.140428
0.126838
0.196446
0.254526
0.032327
0.166074
0.329726
0.000367
0.071880
0.001211
0.333416
0.024025
0.003049
0.003942
0.067246
0.001570
0.002257
0.252055
0.235867
0.001196
0.000334
0.265257
0.078433
0.004850
0.007936
0.083425
0.148233
0.085611
0.007738
0.092639
0.004345
0.029081
0.102314
0.539627
0.000470
0.112937
0.331493
0.031763
0.667045
0.008749
0.003228
0.000955
0.515278
0.058234
0.021842
0.013074
0.003410
0.046839
0.286564
0.498420
0.003838
0.000121
0.007948
0.026832
0.234170
0.005125
0.000030
0.000070
0.029390
0.009731
0.052221
0.002928
0.129519
0.169607
0.023120
0.063475
0.010071
0.037517
0.053188
0.031373
0.007660
0.011980
0.105050
0.022484
0.000801
0.010724
0.025353
0.063793
0.004819
0.048617
0.000054
0.003198
0.009418
0.179682
0.051956
0.045526
0.080248
0.128291
0.053545
0.341282
0.181165
0.062338
0.026447
0.032849
0.050718
0.009560
0.020917
0.016600
0.035979
0.018599
0.011447
0.027352
0.038979
0.002283
0.018598
0.010170
0.224407
0.205738
0.044033
0.224819
0.027649
0.020437
0.021264
0.000348
0.033474
0.021886
0.579294
0.239612
0.054254
0.036315
0.006259
0.028822
0.065230
0.033189
0.010384
0.274313
0.072495
0.033776
0.009241
0.840888
0.342686
0.002503
0.194102
0.013526
0.009508
0.051764
0.007191
0.029304
0.575036
0.014881
0.094165
0.005566
0.049230
0.002283
0.207780
0.430171
0.000063
0.093920
0.000104
0.199858
0.002630
0.741081
0.180720
0.040216
0.199696
0.265262
0.007619
0.002547
0.000375
0.020190
0.102742
0.000836
0.167483
0.003905
0.002501
0.049510
0.050346
0.001928
0.018102
0.008976
0.031806
0.007807
0.017433
0.027095
0.135038
0.001186
0.023101
0.003505
0.329642
0.004053
0.119932
0.004460
0.061426
0.237644
0.291543
0.051102
0.031326
0.000261
0.268143
0.011853
0.244599
0.196827
0.027037
0.023633
0.001617
0.020308
0.055852
0.018113
0.016354
0.000722
0.029244
0.028296
0.012957
0.002015
0.000031
0.000495
0.021836
0.014714
0.031136
0.171957
0.006980
0.011667
0.545926
0.000005
0.027357
0.035031
0.067128
0.000876
0.084459
0.158957
0.145855
0.096201
0.626705
0.005506
0.012696
0.001267
0.056967
0.127507
0.047270
0.222943
0.118645
0.071468
0.021831
0.037013
0.002140
0.099894
0.055690
0.033417
0.025273
0.054068
0.317031
0.000271
0.000195
0.005471
0.005542
0.001904
0.076474
0.057543
0.000329
0.021380
0.012070
0.188994
0.123867
0.031776
0.010951
0.000026
0.042779
0.023621
0.000973
0.218776
0.013312
0.010409
0.293879
0.029107
0.010053
0.010642
0.015915
0.321075
0.007175
0.034841
0.011086
0.011597
0.204031
0.022995
0.008782
0.020582
0.001219
0.000477
0.002393
0.089660
0.044532
0.022603
0.001378
0.006916
0.006524
0.000821
0.001583
0.000974
0.005755
0.054098
0.010086
0.049396
0.000041
0.223353
0.000459
0.292331
0.021461
0.114983
0.267226
0.054266
0.003531
0.043298
0.022944
0.343737
0.008291
0.002706
0.070594
0.311431
0.240622
0.000017
0.000082
0.005495
0.000117
0.129611
0.179452
0.000997
0.024612
0.120097
0.050125
0.003180
0.002222
0.015047
0.064418
0.028242
0.008929
0.032772
0.078745
0.073657
0.043087
0.088813
0.161438
0.668040
0.060425
0.125482
0.013442
0.001345
0.014168
0.243690
0.527107
0.013243
0.105580
0.007266
0.014928
0.077032
0.014426
0.005393
0.001263
0.004252
0.006462
0.001761
0.081789
0.003454
0.000469
0.013650
0.364568
0.088871
0.013766
0.041085
0.034414
0.196611
0.073503
0.006063
0.012325
0.007791
0.000122
0.061223
0.894932
0.011411
0.000475
0.043180
0.000563
0.025121
0.000325
0.009964
0.004380
0.000258
0.006397
0.024241
0.033977
0.023573
0.034057
0.036112
0.534218
0.084108
0.612291
0.002555
0.006219
0.423594
0.001529
0.014519
0.034691
0.008957
0.078004
0.131868
0.003562
0.015464
0.002927
0.036677
0.026030
0.009463
0.011783
0.074685
0.054551
0.029573
0.002974
0.000935
0.289512
0.228307
0.186206
0.231681
0.018724
0.060813
0.086992
0.080689
0.654689
0.178986
0.026642
0.008559
0.061987
0.062029
0.329665
0.090296
0.017588
0.007129
0.017698
0.036678
0.003491
0.065800
0.021712
0.062896
0.024313
0.146242
0.038342
0.036183
0.181786
0.020173
0.068602
0.000653
0.431815
0.023484
0.141046
0.013674
0.060788
0.042513
0.050281
0.032664
0.140688
0.461947
0.059904
0.075362
0.230379
0.008113
0.009992
0.014960
0.002674
0.107842
0.031526
0.048986
0.000293
0.025153
0.243273
0.173696
0.006974
0.008008
0.046951
0.030957
0.020666
0.007694
0.000143
0.038486
0.000322
0.001515
0.018848
0.133759
0.004121
0.016045
0.435612
0.063917
0.030338
0.006147
0.002369
0.467530
0.046734
0.006079
0.000813
0.004065
0.379310
0.188142
0.335631
0.172169
0.002655
0.011872
0.060007
0.000091
0.008872
0.017016
0.001923
0.015912
0.000089
0.114825
0.315773
0.007495
0.019987
0.051388
0.003176
0.116575
0.056590
0.000318
0.019035
0.003899
0.001917
0.262243
0.032065
0.009234
0.271838
0.153541
0.054708
0.013466
0.002171
0.067794
0.020649
0.057605
0.033713
0.112557
0.035268
0.093140
0.008534
0.039549
0.001034
0.002915
0.065931
0.002773
0.260666
0.020709
0.118598
0.010692
0.126832
0.001229
0.001171
0.382541
0.001277
0.101249
0.030739
0.011320
0.008331
0.068549
0.400451
0.006917
0.130920
0.022035
0.030158
0.006578
0.003444
0.536788
0.078580
0.109560
0.000449
0.046533
0.000062
0.053143
0.087237
0.000487
0.073668
0.076085
0.015346
0.083508
0.021379
0.135537
0.058884
0.000162
0.009152
0.008892
0.163026
0.071071
0.024333
0.266513
0.008605
0.018069
0.000145
0.018968
0.064044
0.089947
0.025737
0.008902
0.003091
0.017548
0.005092
0.021007
0.225927
0.001399
0.093995
0.005447
0.031802
0.074758
0.023271
0.014496
0.033560
0.088097
0.035283
0.223410
0.565689
0.009745
0.039300
0.052270
0.089720
0.065784
0.011100
0.071139
0.021246
0.043221
0.000114
0.100451
0.253405
0.060069
0.727637
0.001434
0.015969
0.063487
0.027038
0.134892
0.056309
0.778853
0.385039
0.000674
0.016602
0.007603
0.005158
0.021765
0.002182
0.020790
0.007416
0.001149
0.103148
0.032958
0.086780
0.003464
0.310870
0.026207
0.011356
0.010277
0.026812
0.002889
0.022973
0.000241
0.060027
0.007888
0.001939
0.327313
0.390748
0.247855
0.014909
0.025349
0.148648
0.018504
0.122019
0.008770
0.006402
0.099988
0.211061
0.098065
0.514954
0.178811
0.249550
0.198348
0.918926
0.002170
0.000382
0.138039
0.031763
0.008919
0.015209
0.444423
0.873841
0.203874
0.266744
0.002642
0.204884
0.216983
0.120322
0.000430
0.000498
0.648575
0.012036
0.112833
0.031577
0.475872
0.007854
0.001223
0.103931
0.006228
0.641874
0.000177
0.016169
0.079109
0.090596
0.013853
0.012836
0.018403
0.060895
0.049950
0.016320
0.019493
0.041001
0.003096
0.068448
0.049961
0.001689
0.003275
0.231762
0.202053
0.025464
0.234668
0.001959
0.009486
0.020390
0.118066
0.111516
0.140181
0.052493
0.357235
0.066362
0.000925
0.021976
0.008534
0.001761
0.122570
0.121979
0.002041
0.004042
0.018501
0.365857
0.139976
0.023636
0.098372
0.026854
0.034669
0.001459
0.053529
0.051108
0.154089
0.124707
0.034311
0.063307
0.286783
0.019747
0.129570
0.297299
0.073413
0.001898
0.073775
0.033879
0.743886
0.022770
0.007748
0.000861
0.103717
0.029670
0.043022
0.196120
0.369840
0.000739
0.134016
0.011772
0.002419
0.045507
0.031483
0.016122
0.068230
0.003724
0.009655
0.000600
0.041854
0.107589
0.002661
0.000737
0.006447
0.063123
0.058914
0.013070
0.166915
0.010983
0.008811
0.064772
0.018705
0.123200
0.279758
0.072078
0.199318
0.347821
0.145648
0.009775
0.066547
0.022749
0.027927
0.042302
0.554152
0.028007
0.121345
0.010674
0.038705
0.129978
0.004204
0.001439
0.024887
0.078874
0.033131
0.005293
0.026090
0.096366
0.420742
0.048682
0.001397
0.016816
0.061713
0.047246
0.135827
0.054506
0.065820
0.032951
0.125337
0.086271
0.002960
0.015345
0.301659
0.100388
0.002981
0.030358
0.180018
0.125962
0.100014
0.009887
0.002398
0.018803
0.010366
0.023098
0.230284
0.001519
0.046643
0.000308
0.189779
0.643700
0.067915
0.049463
0.026344
0.182680
0.000187
0.000165
0.472913
0.105794
0.003385
0.182473
0.072140
0.000068
0.255012
0.162571
0.015730
0.091580
0.290061
0.013680
0.016723
0.328187
0.188075
0.001268
0.012074
0.042687
0.036419
0.095273
0.000477
0.033863
0.004766
0.052067
0.023802
0.022895
0.014247
0.005416
0.159250
0.145969
0.359828
0.049307
0.023664
0.179568
0.032067
0.158414
0.025183
0.016287
0.029411
0.086957
0.001518
0.045292
0.000193
0.001912
0.101175
0.035270
0.274716
0.633113
0.009620
0.093922
0.074714
0.076171
0.014988
0.000323
0.004463
0.304643
0.003392
0.007822
0.457370
0.083840
0.012734
0.237895
0.130177
0.000391
0.424149
0.010300
0.079618
0.058669
0.027034
0.166732
0.040255
0.005847
0.042311
0.450128
0.526819
0.081238
0.010639
0.002962
0.039114
0.004933
0.322600
0.004522
0.001031
0.004455
0.089758
0.013347
0.023050
0.078320
0.010721
0.030679
0.265714
0.012845
0.125166
0.030135
0.399572
0.064535
0.225755
0.065297
0.000836
0.054999
0.005431
0.249075
0.559438
0.003277
0.055269
0.448248
0.064006
0.000621
0.189112
0.001806
0.022514
0.002526
0.057069
0.158630
0.050000
0.059636
0.000370
0.006049
0.098687
0.001770
0.082717
0.322395
0.205981
0.012618
0.146753
0.264035
0.018161
0.003438
0.044227
0.276117
0.031262
0.386647
0.171034
0.030611
0.001070
0.546399
0.006136
0.000845
0.141578
0.027212
0.128909
0.024726
0.147991
0.526363
0.001308
0.068349
0.735101
0.175606
0.054172
0.000511
0.146181
0.026260
0.099718
0.001129
0.000243
0.000117
0.000331
0.258890
0.228501
0.081525
0.013246
0.067733
0.137858
0.003387
0.037951
0.276623
0.030986
0.000668
0.004932
0.002938
0.016946
0.013207
0.011344
0.032952
0.005534
0.097337
0.017719
0.113272
0.053802
0.002865
0.013098
0.012568
0.028527
0.054768
0.020316
0.258780
0.050312
0.026196
0.037462
0.042553
0.138545
0.007614
0.003454
0.006798
0.003090
0.036339
0.012211
0.000198
0.016002
0.360300
0.056299
0.002715
0.115454
0.004863
0.050940
0.315169
0.347077
0.091666
0.072427
0.183906
0.085735
0.020194
0.022424
0.055017
0.073381
0.308213
0.007304
0.019059
0.013965
0.135147
0.008845
0.250754
0.000135
0.001548
0.072951
0.004458
0.012413
0.448444
0.042028
0.063345
0.207250
0.022632
0.013658
0.013723
0.108576
0.805142
0.059909
0.051968
0.002582
0.000525
0.287221
0.042209
0.000121
0.022268
0.020824
0.002602
0.005489
0.059568
0.011307
0.024689
0.003322
0.036059
0.174647
0.024701
0.086686
0.120072
0.004438
0.017121
0.232725
0.007943
0.441069
0.009650
0.188498
0.005555
0.000526
0.088576
0.861454
0.167593
0.174112
0.156644
0.042829
0.024650
0.010524
0.128384
0.004317
0.038067
0.025950
0.049729
0.029629
0.016993
0.003412
0.062533
0.036300
0.061866
0.006769
0.241867
0.431738
0.008950
0.031598
0.065301
0.666932
0.072605
0.005797
0.034049
0.024944
0.003043
0.018983
0.020137
0.223923
0.038981
0.000252
0.019454
0.036589
0.055862
0.002761
0.001028
0.002714
0.080260
0.026736
0.243083
0.016438
0.001331
0.059529
0.113834
0.182295
0.030813
0.302391
0.002623
0.013185
0.061995
0.049989
0.001565
0.116241
0.148861
0.036455
0.032358
0.012741
0.006748
0.002964
0.092681
0.192501
0.027972
0.062553
0.000806
0.071543
0.004502
0.003220
0.508851
0.019862
0.006062
0.066004
0.001059
0.020282
0.003264
0.008460
0.004487
0.122741
0.127983
0.101609
0.055015
0.003736
0.803236
0.002313
0.189382
0.049553
0.002818
0.012279
0.015803
0.029847
0.009721
0.012733
0.172062
0.015759
0.049956
0.004427
0.019431
0.162797
0.061185
0.004479
0.053496
0.027079
0.286393
0.046396
0.000248
0.017967
0.146799
0.003105
0.018863
0.047772
0.000811
0.022555
0.004417
0.018233
0.024519
0.495701
0.044155
0.000193
0.007652
0.011898
0.034998
0.112674
0.047719
0.615704
0.384666
0.004863
0.737979
0.058726
0.010831
0.035932
0.000155
0.011424
0.020605
0.026919
0.058781
0.028872
0.623346
0.029087
0.009977
0.003221
0.067297
0.215301
0.006643
0.007055
0.016692
0.008681
0.085398
0.085521
0.062104
0.001622
0.079871
0.087358
0.008069
0.050143
0.000494
0.001943
0.068610
0.134821
0.048134
0.000026
0.027357
0.006672
0.004079
0.004329
0.007606
0.000403
0.358330
0.009503
0.180103
0.001063
0.078278
0.092612
0.016093
0.475890
0.019744
0.123489
0.030801
0.032049
0.004161
0.002361
0.025710
0.001630
0.036185
0.000111
0.238652
0.000391
0.244797
0.017573
0.141180
0.037939
0.021301
0.031331
0.027307
0.049451
0.100450
0.054030
0.072798
0.279575
0.036788
0.066200
0.000042
0.586589
0.128825
0.001192
0.027762
0.697934
0.119286
0.003179
0.082135
0.000647
0.011045
0.001899
0.021528
0.008705
0.000828
0.063150
0.009650
0.014137
0.007875
0.000601
0.036438
0.003689
0.073910
0.003900
0.010956
0.032319
0.000355
0.000086
0.002357
0.215763
0.031084
0.010213
0.050108
0.007083
0.006082
0.200912
0.003475
0.000781
0.002065
0.025146
0.013625
0.020257
0.021692
0.062751
0.014493
0.031699
0.007414
0.047252
0.105139
0.110235
0.030084
0.022865
0.395713
0.000768
0.949112
0.085553
0.000717
0.004919
0.189096
0.121776
0.225438
0.489771
0.015475
0.006703
0.042791
0.017564
0.173128
0.003175
0.260828
0.010844
0.001782
0.694445
0.233370
0.302014
0.066325
0.011182
0.010881
0.143927
0.010099
0.607802
0.013659
0.046292
0.041521
0.027635
0.030085
0.081890
0.382896
0.008805
0.098269
0.005146
0.000085
0.052536
0.004587
0.003472
0.005299
0.010853
0.004946
0.011756
0.039011
0.014191
0.071497
0.004969
0.018515
0.005181
0.569224
0.313148
0.184655
0.152004
0.000181
0.009088
0.718534
0.174969
0.054747
0.001054
0.002899
0.011938
0.032209
0.006213
0.157381
0.266539
0.008204
0.014378
0.152208
0.315525
0.045651
0.014117
0.033637
0.044284
0.026416
0.041118
0.064587
0.012289
0.000807
0.004382
0.019218
0.137402
0.004885
0.052974
0.667792
0.005056
0.100758
0.097871
0.115744
0.005970
0.000083
0.082348
0.041540
0.043691
0.002223
0.038679
0.000652
0.015465
0.045823
0.059809
0.027729
0.000171
0.009314
0.000161
0.014726
0.045456
0.056324
0.771288
0.011174
0.000260
0.016901
0.053200
0.038819
0.013988
0.014977
0.058216
0.063044
0.004881
0.010059
0.002902
0.000457
0.042531
0.057326
0.200304
0.020311
0.083937
0.467868
0.190869
0.005147
0.048025
0.040757
0.000084
0.015741
0.256327
0.115121
0.025248
0.000331
0.000194
0.291732
0.063896
0.687508
0.044765
0.025444
0.025914
0.216098
0.134672
0.040782
0.210688
0.004512
0.000775
0.139499
0.010221
0.198104
0.001554
0.347224
0.023917
0.024303
0.558992
0.001877
0.044258
0.000193
0.007983
0.067044
0.007947
0.138620
0.033052
0.131874
0.011471
0.349545
0.002996
0.255568
0.000693
0.019145
0.079474
0.043827
0.027671
0.015435
0.042907
0.001680
0.164397
0.527024
0.003836
0.224451
0.024283
0.195061
0.048216
0.174498
0.068753
0.006863
0.046870
0.088470
0.215877
0.000338
0.048217
0.003274
0.166604
0.046513
0.017770
0.003406
0.344434
0.132400
0.050054
0.006357
0.000136
0.029963
0.002753
0.069822
0.340938
0.001132
0.012900
0.073920
0.004051
0.030525
0.062365
0.002228
0.022871
0.326429
0.073059
0.000035
0.416098
0.013067
0.007797
0.520382
0.338690
0.298168
0.095182
0.017411
0.146279
0.016460
0.010134
0.007733
0.003524
0.077343
0.075376
0.024103
0.007997
0.209368
0.081279
0.002516
0.042224
0.000104
0.047838
0.015967
0.002225
0.009460
0.547743
0.031302
0.071202
0.052786
0.011353
0.009770
0.021318
0.009532
0.010966
0.000019
0.046175
0.004718
0.001918
0.031908
0.002627
0.056077
0.052419
0.030350
0.027619
0.182115
0.003538
0.021456
0.020577
0.019538
0.023732
0.003943
0.243979
0.003151
0.015830
0.356668
0.005113
0.274198
0.041275
0.010629
0.044512
0.000233
0.000501
0.011378
0.320526
0.003197
0.256383
0.000520
0.486716
0.122686
0.026181
0.091110
0.001163
0.034176
0.044748
0.022044
0.039834
0.011103
0.187119
0.002607
0.004512
0.036893
0.002897
0.200222
0.025200
0.003535
0.001751
0.036878
0.041751
0.387571
0.116902
0.008065
0.046022
0.085854
0.030981
0.001606
0.003830
0.000241
0.069690
0.002564
0.145912
0.091750
0.089769
0.529276
0.031111
0.019601
0.002505
0.378556
0.031644
0.040530
0.091511
0.000711
0.723284
0.061861
0.058514
0.032620
0.853542
0.021435
0.041316
0.036318
0.014622
0.315655
0.104435
0.061649
0.004487
0.032178
0.005668
0.095194
0.060209
0.010059
0.008453
0.003042
0.030253
0.003592
0.049193
0.145920
0.006386
0.013575
0.086579
0.072577
0.000444
0.005604
0.021649
0.002202
0.009965
0.394411
0.000811
0.006267
0.060394
0.004365
0.044135
0.069466
0.336013
0.022337
0.017439
0.215138
0.029839
0.005131
0.004124
0.063904
0.017176
0.048142
0.000619
0.156480
0.217788
0.040339
0.014812
0.054943
0.038480
0.006982
0.446495
0.044070
0.016037
0.135496
0.050979
0.041685
0.015277
0.187280
0.088199
0.021791
0.054030
0.000599
0.003715
0.014637
0.001436
0.018713
0.000044
0.011802
0.084880
0.003109
0.150054
0.000862
0.010298
0.006977
0.049842
0.220015
0.002288
0.041160
0.046443
0.101065
0.000924
0.237133
0.003134
0.000973
0.003604
0.005434
0.031217
0.270780
0.000302
0.015713
0.033540
0.798727
0.081357
0.009394
0.122555
0.000849
0.116402
0.030327
0.127606
0.026138
0.000258
0.062671
0.114675
0.029867
0.025366
0.041837
0.035591
0.072134
0.017880
0.026109
0.170044
0.018359
0.002527
0.158485
0.003463
0.465631
0.063073
0.067024
0.001855
0.021373
0.005188
0.009109
0.008502
0.001579
0.014572
0.186266
0.068247
0.194373
0.338853
0.001484
0.021443
0.562402
0.011559
0.002568
0.239214
0.000016
0.000488
0.000022
0.034492
0.011655
0.007128
0.031353
0.000046
0.002128
0.194839
0.019615
0.010095
0.344576
0.005772
0.010231
0.293677
0.001817
0.161358
0.092267
0.003703
0.000854
0.287026
0.002100
0.003198
0.061075
0.002308
0.022422
0.110896
0.000129
0.006625
0.020287
0.024149
0.147690
0.055248
0.086430
0.011636
0.132219
0.026592
0.293463
0.010411
0.033160
0.030108
0.010016
0.170727
0.072329
0.022166
0.008034
0.002189
0.003363
0.075780
0.023618
0.087866
0.109990
0.055624
0.030715
0.063034
0.231088
0.122333
0.090621
0.012032
0.005395
0.018118
0.004902
0.202166
0.083372
0.019932
0.402341
0.040530
0.852013
0.007318
0.018867
0.014919
0.003319
0.695966
0.036459
0.004653
0.056040
0.017552
0.111521
0.373974
0.013777
0.021937
0.002735
0.002325
0.074374
0.100593
0.005226
0.011732
0.053728
0.007867
0.019785
0.082409
0.083487
0.023135
0.005512
0.000057
0.069874
0.074167
0.014724
0.082382
0.258242
0.004782
0.023479
0.000048
0.013231
0.000626
0.073648
0.027257
0.025987
0.000575
0.049867
0.003049
0.093193
0.171120
0.015714
0.013320
0.033449
0.399455
0.004609
0.033527
0.016735
0.001691
0.003593
0.050174
0.013506
0.007222
0.604415
0.001917
0.574936
0.004452
0.008742
0.003011
0.005229
0.057817
0.018436
0.217570
0.163229
0.006902
0.051952
0.003861
0.000556
0.025087
0.002175
0.000170
0.139758
0.187091
0.025842
0.000137
0.070828
0.005610
0.132064
0.156878
0.000100
0.030072
0.847745
0.039261
0.582133
0.018580
0.297190
0.016482
0.011425
0.083935
0.040053
0.025059
0.001962
0.233193
0.001077
0.069060
0.382311
0.043114
0.037491
0.233534
0.054363
0.053427
0.023158
0.091570
0.000709
0.101353
0.339484
0.008509
0.005131
0.171586
0.003728
0.008413
0.042834
0.001424
0.068176
0.021570
0.039295
0.129907
0.086984
0.007262
0.008305
0.119515
0.000088
0.059499
0.010454
0.100093
0.001330
0.013685
0.333708
0.009261
0.150071
0.258098
0.282589
0.037952
0.011491
0.000429
0.831474
0.037828
0.070272
0.006736
0.029977
0.009752
0.006245
0.007446
0.227060
0.009463
0.041599
0.023321
0.004138
0.035512
0.013392
0.446853
0.000452
0.093698
0.045170
0.004848
0.009184
0.021585
0.010566
0.000855
0.013141
0.319044
0.045470
0.439218
0.015137
0.111344
0.069124
0.006320
0.168386
0.000070
0.002434
0.000264
0.001200
0.231548
0.056601
0.009278
0.007822
0.295412
0.033509
0.469530
0.241637
0.004813
0.015050
0.039581
0.000462
0.227160
0.016079
0.025836
0.003268
0.093485
0.042779
0.033917
0.027336
0.007861
0.024870
0.105008
0.020937
0.054314
0.009368
0.443354
0.001819
0.031764
0.007297
0.434592
0.004361
0.029374
0.002840
0.022384
0.159256
0.295522
0.009939
0.011328
0.011632
0.002709
0.025998
0.002387
0.010447
0.004758
0.030364
0.286380
0.003668
0.042508
0.238099
0.008373
0.069004
0.245435
0.011309
0.164219
0.435428
0.037966
0.458664
0.046718
0.054851
0.092907
0.053452
0.009650
0.000146
0.039663
0.164746
0.529661
0.079955
0.200647
0.000431
0.000161
0.019151
0.088832
0.413579
0.610876
0.024467
0.216066
0.311362
0.030745
0.087101
0.032477
0.023868
0.115556
0.011301
0.007192
0.054113
0.025884
0.026107
0.015362
0.072273
0.001264
0.001014
0.597557
0.030726
0.158116
0.053987
0.000156
0.063932
0.041028
0.008924
0.000728
0.455805
0.010147
0.001275
0.005380
0.249918
0.034744
0.060288
0.044675
0.006117
0.041069
0.039764
0.312691
0.273041
0.275910
0.118585
0.006084
0.062708
0.117603
0.044250
0.321527
0.004227
0.091975
0.326660
0.004064
0.044126
0.009034
0.023303
0.084954
0.014906
0.455560
0.017942
0.255215
0.005220
0.006916
0.282172
0.111344
0.011788
0.127373
0.008125
0.014550
0.036310
0.004490
0.049819
0.000925
0.029099
0.209013
0.013234
0.119850
0.077972
0.005025
0.001837
0.182675
0.033865
0.157110
0.309440
0.011510
0.326858
0.035118
0.022363
0.710137
0.236785
0.058921
0.064549
0.000587
0.003118
0.018115
0.021562
0.000089
0.027245
0.056975
0.015892
0.000069
0.019192
0.127313
0.206353
0.065333
0.059792
0.074256
0.266763
0.003177
0.007595
0.004301
0.173269
0.146309
0.755825
0.001985
0.005936
0.073341
0.060369
0.016609
0.007340
0.022518
0.016153
0.032623
0.128949
0.030272
0.009394
0.141651
0.190803
0.001906
0.174497
0.003792
0.130065
0.324931
0.005589
0.064363
0.255309
0.004531
0.082317
0.017089
0.042593
0.158443
0.010395
0.004245
0.162298
0.457036
0.017307
0.045176
0.001912
0.021080
0.062305
0.729444
0.133591
0.468020
0.008826
0.415953
0.000714
0.021155
0.126061
0.015220
0.002454
0.070112
0.009699
0.013233
0.014506
0.030549
0.001420
0.025596
0.003211
0.141017
0.268340
0.004766
0.101394
0.095488
0.457705
0.026552
0.000458
0.012601
0.492074
0.014082
0.003670
0.002265
0.072166
0.041412
0.006039
0.049735
0.067836
0.004797
0.003494
0.001152
0.002476
0.016255
0.007470
0.103071
0.418295
0.068848
0.030422
0.120004
0.010316
0.025941
0.002443
0.043762
0.007067
0.058110
0.002459
0.024248
0.000487
0.024548
0.009867
0.092184
0.054687
0.068109
0.004082
0.004782
0.269382
0.043430
0.143794
0.020608
0.001550
0.022757
0.061957
0.215338
0.022015
0.087325
0.402317
0.044865
0.016107
0.101730
0.055933
0.067752
0.072383
0.010372
0.035874
0.245016
0.026684
0.047357
0.054878
0.009292
0.000919
0.103423
0.098974
0.507354
0.003585
0.005625
0.000872
0.008248
0.028792
0.439383
0.091172
0.302405
0.012488
0.000418
0.087200
0.007961
0.294343
0.019265
0.029721
0.004580
0.007737
0.233550
0.203116
0.166820
0.015678
0.779389
0.003553
0.001644
0.011263
0.016630
0.009789
0.002847
0.044789
0.004458
0.000708
0.189458
0.005611
0.018224
0.024733
0.420444
0.045122
0.035545
0.019980
0.000494
0.058933
0.416501
0.042959
0.065409
0.106270
0.225401
0.020788
0.047750
0.040625
0.000977
0.014325
0.028128
0.056712
0.056080
0.004142
0.031125
0.003020
0.000211
0.004966
0.058147
0.030943
0.192875
0.023709
0.068099
0.035480
0.000549
0.055744
0.060815
0.001885
0.042459
0.016192
0.090917
0.035000
0.057319
0.072192
0.103804
0.005117
0.004205
0.051965
0.000253
0.008152
0.044784
0.089705
0.000246
0.114995
0.007061
0.044511
0.031346
0.023757
0.021461
0.130473
0.054154
0.011981
0.145000
0.221427
0.023826
0.009180
0.041376
0.185247
0.198804
0.126930
0.086672
0.054565
0.164391
0.000557
0.016117
0.120695
0.000513
0.043467
0.001651
0.002949
0.013270
0.015442
0.071636
0.051294
0.182729
0.009957
0.002863
0.140102
0.053428
0.246669
0.006830
0.092084
0.368639
0.463818
0.087461
0.277336
0.025290
0.019325
0.005895
0.011745
0.004386
0.000788
0.167504
0.086926
0.013952
0.015087
0.027709
0.085449
0.016730
0.076084
0.022584
0.091894
0.041945
0.001608
0.039611
0.009863
0.020614
0.004583
0.009568
0.133303
0.031000
0.042076
0.264208
0.048868
0.023842
0.316947
0.027519
0.046677
0.003345
0.479488
0.040556
0.010187
0.090504
0.020009
0.021192
0.064541
0.030915
0.134183
0.132490
0.057672
0.013724
0.005722
0.027331
0.085147
0.294710
0.024602
0.001032
0.001845
0.005981
0.008985
0.059645
0.269765
0.260770
0.059051
0.075920
0.004313
0.048939
0.054178
0.031403
0.074129
0.109863
0.035874
0.036179
0.024081
0.042303
0.114206
0.000642
0.003883
0.092760
0.036486
0.244840
0.010845
0.004826
0.078503
0.058401
0.077590
0.244250
0.494022
0.049287
0.058516
0.359806
0.001501
0.002959
0.025132
0.045871
0.077070
0.000701
0.016046
0.018347
0.005483
0.226846
0.051682
0.003628
0.010660
0.036704
0.294319
0.060112
0.000260
0.073523
0.003409
0.034386
0.031442
0.496083
0.345932
0.006569
0.046178
0.238775
0.006260
0.009664
0.034934
0.007843
0.028778
0.125421
0.004265
0.000407
0.010042
0.338379
0.173552
0.033548
0.003322
0.181593
0.037523
0.001884
0.193771
0.168103
0.533974
0.120696
0.015703
0.078987
0.184893
0.026072
0.001529
0.002377
0.008597
0.339744
0.040156
0.000191
0.212385
0.033775
0.002563
0.008973
0.001788
0.005138
0.025718
0.027896
0.005640
0.356133
0.000086
0.017719
0.013476
0.001260
0.626574
0.304208
0.143918
0.014971
0.013197
0.005606
0.027760
0.003490
0.011623
0.051278
0.037709
0.067115
0.007891
0.025942
0.013663
0.036020
0.015524
0.217079
0.224795
0.055163
0.021305
0.056887
0.014983
0.469825
0.028409
0.027025
0.015248
0.016050
0.151139
0.010732
0.000516
0.053365
0.005281
0.178626
0.029420
0.196050
0.155005
0.045552
0.020519
0.150056
0.038990
0.180617
0.011157
0.322825
0.342962
0.008256
0.006617
0.138543
0.005042
0.051882
0.003938
0.028113
0.091012
0.012526
0.051907
0.023713
0.009178
0.012404
0.057698
0.009630
0.000391
0.039849
0.136722
0.098002
0.146069
0.092760
0.002140
0.001123
0.004473
0.018092
0.005565
0.010286
0.011804
0.002374
0.016007
0.000771
0.198937
0.039532
0.000404
0.061597
0.005714
0.006161
0.001779
0.000119
0.023972
0.003737
0.063663
0.067170
0.011471
0.003904
0.014017
0.114053
0.407037
0.189143
0.045150
0.003825
0.398982
0.096839
0.012079
0.001461
0.075282
0.011457
0.068885
0.498203
0.018794
0.040204
0.000102
0.036582
0.008114
0.002926
0.150208
0.013682
0.062759
0.023000
0.100695
0.369106
0.025479
0.012916
0.027713
0.003952
0.008206
0.007191
0.001295
0.025295
0.023725
0.003382
0.002162
0.016463
0.124682
0.034736
0.062823
0.000842
0.102872
0.046435
0.080409
0.000443
0.084092
0.000888
0.416298
0.004732
0.314106
0.082625
0.054709
0.144614
0.292938
0.002628
0.098665
0.020755
0.078186
0.060865
0.042930
0.003461
0.416810
0.041866
0.151092
0.001579
0.395075
0.089627
0.036440
0.005306
0.001784
0.007022
0.001963
0.028850
0.037183
0.051332
0.666379
0.076402
0.022169
0.007085
0.138953
0.031566
0.102116
0.302511
0.034487
0.098091
0.022226
0.049255
0.518777
0.013933
0.024498
0.124478
0.080120
0.004080
0.017589
0.003312
0.015360
0.547572
0.008922
0.081993
0.182253
0.043547
0.043568
0.036984
0.017279
0.193759
0.048604
0.008047
0.168260
0.002931
0.045764
0.007808
0.019718
0.208737
0.070583
0.002913
0.075923
0.423423
0.014858
0.184691
0.300435
0.281614
0.030367
0.051225
0.171260
0.060647
0.079038
0.037425
0.045017
0.049821
0.002326
0.070442
0.019413
0.001161
0.031282
0.069618
0.115797
0.028673
0.088329
0.271714
0.004849
0.005913
0.052534
0.008259
0.154146
0.507148
0.889923
0.202011
0.001703
0.098995
0.047043
0.007691
0.104005
0.003504
0.000698
0.059590
0.019860
0.012265
0.017535
0.027889
0.042684
0.005691
0.013733
0.020411
0.259532
0.016782
0.005107
0.009456
0.039642
0.011105
0.041455
0.179564
0.091914
0.405886
0.001182
0.004905
0.017866
0.006655
0.054358
0.029521
0.001805
0.191763
0.021438
0.006585
0.243109
0.021473
0.028981
0.087346
0.008516
0.108221
0.033962
0.050669
0.000384
0.131740
0.005980
0.037571
0.187799
0.002406
0.000080
0.072211
0.158287
0.137156
0.437074
0.139438
0.133925
0.094291
0.000533
0.079541
0.001158
0.008340
0.000028
0.317231
0.216938
0.008047
0.022236
0.317318
0.020265
0.003808
0.007982
0.019558
0.037408
0.001983
0.160927
0.031068
0.006915
0.001037
0.003469
0.004125
0.154679
0.107165
0.009726
0.019881
0.060696
0.002078
0.035719
0.419606
0.211352
0.318711
0.060200
0.090137
0.137707
0.047569
0.001150
0.157125
0.028762
0.000793
0.005093
0.007004
0.000694
0.312722
0.014754
0.011423
0.361240
0.170923
0.096702
0.008426
0.320345
0.171059
0.150089
0.063888
0.146645
0.078542
0.021226
0.001480
0.110840
0.012574
0.007847
0.124759
0.065423
0.006558
0.195511
0.001265
0.026975
0.023538
0.019529
0.020661
0.127259
0.111955
0.017942
0.030126
0.021736
0.116883
0.059961
0.003308
0.027986
0.015662
0.000114
0.066081
0.186209
0.007055
0.177632
0.009392
0.090827
0.085482
0.320812
0.138821
0.008995
0.055993
0.036417
0.070045
0.020912
0.026563
0.077260
0.082245
0.058466
0.416447
0.074858
0.098834
0.027854
0.367741
0.000535
0.058502
0.520503
0.019365
0.046305
0.030265
0.009242
0.059966
0.064545
0.048066
0.016866
0.015490
0.021889
0.063058
0.561163
0.004299
0.022340
0.018556
0.006831
0.000014
0.010482
0.022258
0.300049
0.242712
0.079286
0.080831
0.026028
0.016423
0.025505
0.063433
0.000804
0.170470
0.116835
0.011018
0.003578
0.001710
0.071679
0.000841
0.091618
0.040157
0.004181
0.024779
0.839310
0.003259
0.016238
0.071117
0.003610
0.003795
0.207539
0.010076
0.135339
0.058950
0.003661
0.035733
0.032936
0.034308
0.026079
0.000280
0.137941
0.004412
0.175803
0.009509
0.015337
0.001544
0.520410
0.379910
0.000530
0.004298
0.004553
0.058516
0.004009
0.018587
0.042346
0.030399
0.048759
0.073592
0.055095
0.004343
0.470262
0.042847
0.003454
0.042806
0.186855
0.028283
0.007815
0.028799
0.007833
0.081960
0.007502
0.040915
0.328784
0.023479
0.005446
0.047134
0.394733
0.002687
0.014001
0.015153
0.468697
0.001776
0.220464
0.268619
0.015191
0.011034
0.761390
0.000667
0.015056
0.014186
0.020642
0.043446
0.034793
0.018557
0.143581
0.088928
0.001181
0.036230
0.002948
0.014952
0.063368
0.140554
0.117217
0.073924
0.004092
0.000188
0.041338
0.030201
0.048395
0.009614
0.125430
0.006611
0.483284
0.080021
0.389137
0.003660
0.060709
0.055745
0.120752
0.261400
0.000108
0.027533
0.000375
0.190165
0.794955
0.110697
0.005447
0.007280
0.045065
0.006513
0.021246
0.831180
0.026765
0.006204
0.105538
0.039124
0.002266
0.001700
0.012959
0.006860
0.097342
0.030684
0.224525
0.043288
0.771119
0.008447
0.279287
0.030417
0.004579
0.111251
0.008807
0.000254
0.005356
0.096086
0.062862
0.012002
0.010326
0.004253
0.006173
0.310139
0.001291
0.002989
0.041078
0.005571
0.000415
0.004224
0.039882
0.030355
0.037834
0.000340
0.425619
0.000818
0.021819
0.050828
0.002370
0.019375
0.047047
0.061656
0.189068
0.000919
0.027474
0.093988
0.002451
0.026999
0.252743
0.107509
0.001825
0.117054
0.020892
0.035565
0.404517
0.118140
0.001814
0.094317
0.000390
0.122441
0.014250
0.006350
0.008295
0.139672
0.353145
0.004745
0.093483
0.008992
0.011849
0.372019
0.127070
0.001163
0.101423
0.473134
0.050607
0.004220
0.966358
0.084246
0.070836
0.015706
0.020743
0.001995
0.017439
0.106580
0.078441
0.004468
0.033206
0.213049
0.024964
0.009954
0.024399
0.351088
0.060589
0.016939
0.079691
0.000564
0.075852
0.065347
0.086046
0.003220
0.004607
0.069100
0.091336
0.006595
0.064908
0.042779
0.247112
0.108441
0.002252
0.286556
0.042666
0.000366
0.018174
0.001387
0.230046
0.000782
0.032058
0.056014
0.319859
0.020108
0.047041
0.066525
0.057226
0.067869
0.076057
0.020624
0.010575
0.014853
0.004441
0.054330
0.001241
0.003868
0.020123
0.000068
0.010325
0.006411
0.392937
0.185789
0.046218
0.002657
0.109902
0.083026
0.014642
0.005783
0.035106
0.022452
0.000880
0.005422
0.015366
0.237614
0.404309
0.009514
0.001789
0.040033
0.008991
0.028516
0.000485
0.109221
0.163457
0.010585
0.048301
0.067198
0.087688
0.195514
0.204073
0.035769
0.066460
0.120566
0.016378
0.005588
0.006402
0.039769
0.012972
0.052045
0.020502
0.001775
0.011947
0.070862
0.030359
0.050185
0.035093
0.099367
0.000474
0.001057
0.000132
0.353887
0.324302
0.010984
0.344101
0.842978
0.343297
0.016869
0.033001
0.044370
0.041428
0.042263
0.070086
0.081547
0.029974
0.003593
0.079851
0.024587
0.027668
0.486658
0.001556
0.006442
0.004775
0.000474
0.281953
0.109961
0.000428
0.031761
0.027410
0.005184
0.013403
0.081283
0.068608
0.002739
0.039714
0.321546
0.007474
0.009524
0.003124
0.003352
0.008876
0.023428
0.013297
0.071944
0.315295
0.066530
0.623586
0.015532
0.015196
0.017559
0.034786
0.001212
0.018690
0.056151
0.000744
0.050000
0.293414
0.047154
0.110473
0.000881
0.139929
0.029689
0.001095
0.073904
0.070707
0.255780
0.003029
0.047180
0.003658
0.004828
0.001301
0.069955
0.206103
0.032941
0.094523
0.065838
0.199313
0.051418
0.094277
0.184595
0.054700
0.013006
0.013672
0.114020
0.076950
0.406347
0.019753
0.004597
0.033572
0.061430
0.365928
0.006874
0.050512
0.147610
0.140409
0.029781
0.048008
0.144568
0.042130
0.000468
0.015526
0.193488
0.055756
0.000390
0.594428
0.012295
0.006126
0.026133
0.005695
0.007117
0.004845
0.012740
0.040528
0.132847
0.005528
0.013429
0.002144
0.048477
0.160098
0.030486
0.065744
0.022270
0.082533
0.102129
0.006647
0.632949
0.027033
0.008180
0.139456
0.035052
0.003424
0.363926
0.014265
0.022053
0.002894
0.035774
0.154196
0.053393
0.028862
0.069365
0.000727
0.070597
0.053669
0.004426
0.045964
0.587858
0.008859
0.541650
0.001559
0.019164
0.199080
0.056404
0.077081
0.199164
0.000961
0.005868
0.001321
0.046534
0.029361
0.009209
0.106180
0.057785
0.092127
0.065407
0.003003
0.000654
0.109422
0.001930
0.162261
0.002813
0.070024
0.081870
0.007253
0.000821
0.025642
0.000673
0.026316
0.000729
0.026513
0.022375
0.000420
0.023603
0.053380
0.037108
0.009966
0.006345
0.030428
0.106328
0.019248
0.318519
0.003939
0.110592
0.038079
0.008789
0.012657
0.009965
0.090237
0.001629
0.005863
0.115446
0.008424
0.333893
0.052676
0.012436
0.092622
0.006096
0.006288
0.035873
0.041542
0.003672
0.051420
0.001378
0.001135
0.056739
0.015423
0.002186
0.393167
0.001624
0.153913
0.145595
0.142484
0.001104
0.003346
0.309303
0.422477
0.141667
0.175810
0.009290
0.001040
0.007279
0.001583
0.119100
0.141246
0.022496
0.002516
0.798691
0.145455
0.004969
0.014843
0.006235
0.073342
0.016232
0.140877
0.025476
0.064516
0.034629
0.208330
0.004063
0.001178
0.002085
0.526401
0.268604
0.014073
0.048535
0.020578
0.034900
0.198151
0.060155
0.001607
0.009757
0.058216
0.021505
0.103826
0.006002
0.020450
0.018729
0.007565
0.147805
0.011538
0.066252
0.431891
0.007360
0.003218
0.000246
0.015084
0.008765
0.082902
0.010946
0.118116
0.093016
0.093977
0.015986
0.011758
0.044914
0.065940
0.052419
0.002321
0.003327
0.010905
0.142609
0.089338
0.002214
0.020557
0.190336
0.091255
0.000199
0.002409
0.000969
0.018103
0.061259
0.002723
0.169112
0.016017
0.010872
0.001066
0.002069
0.111765
0.003079
0.023754
0.005591
0.096269
0.144431
0.005708
0.092972
0.012376
0.027384
0.080391
0.001967
0.009742
0.010477
0.040013
0.024750
0.016842
0.089998
0.004740
0.222314
0.009601
0.033770
0.058754
0.003046
0.030967
0.168914
0.160755
0.808822
0.772032
0.357135
0.118913
0.247533
0.146007
0.000197
0.034630
0.009637
0.000073
0.000814
0.238455
0.001744
0.017619
0.110570
0.013026
0.013282
0.063763
0.168511
0.011251
0.071400
0.065622
0.035103
0.004000
0.006856
0.082022
0.061292
0.138172
0.001429
0.005234
0.002818
0.000383
0.082340
0.014401
0.055101
0.058383
0.102871
0.052796
0.044897
0.002104
0.001168
0.000033
0.004699
0.002280
0.145119
0.000013
0.131288
0.034549
0.086620
0.034972
0.000977
0.009054
0.060002
0.101883
0.113089
0.002588
0.040134
0.066954
0.087205
0.129210
0.706592
0.598115
0.094232
0.065937
0.086908
0.018060
0.154380
0.004523
0.021121
0.062773
0.005075
0.704535
0.146552
0.036179
0.119982
0.085205
0.011380
0.084967
0.017157
0.004351
0.000310
0.389920
0.016723
0.062532
0.153284
0.115269
0.028189
0.013699
0.064085
0.035927
0.013160
0.001858
0.013950
0.005852
0.031385
0.006334
0.273688
0.000651
0.012201
0.000431
0.015233
0.047444
0.010438
0.083814
0.059707
0.012011
0.056739
0.084094
0.003376
0.014264
0.268421
0.000778
0.063910
0.029814
0.002210
0.005752
0.052383
0.162223
0.000297
0.050308
0.194290
0.145502
0.236654
0.080133
0.001882
0.019691
0.155311
0.026102
0.190931
0.089178
0.129423
0.001939
0.067198
0.188831
0.077771
0.076331
0.160843
0.035199
0.313087
0.133282
0.010144
0.113858
0.038732
0.033467
0.026593
0.056699
0.000107
0.007317
0.450698
0.155073
0.369993
0.052607
0.101285
0.005537
0.430466
0.027479
0.000661
0.070220
0.011796
0.000041
0.016899
0.015245
0.003166
0.001762
0.012504
0.040874
0.078545
0.022974
0.036237
0.256011
0.011154
0.143596
0.010252
0.295560
0.009718
0.159479
0.005315
0.215870
0.180238
0.004752
0.068918
0.000970
0.058291
0.099112
0.481408
0.097603
0.041686
0.020361
0.007983
0.028910
0.119025
0.015532
0.123206
0.114759
0.147954
0.001876
0.012960
0.004542
0.005322
0.097688
0.000067
0.017710
0.002190
0.018567
0.219923
0.046900
0.016560
0.038931
0.007982
0.050116
0.031164
0.193538
0.044574
0.057278
0.044157
0.018360
0.084451
0.290487
0.068984
0.232898
0.003930
0.005428
0.002048
0.030554
0.283366
0.000923
0.259523
0.005544
0.143481
0.055701
0.035451
0.000096
0.011872
0.084456
0.011492
0.027141
0.660536
0.016699
0.000039
0.061298
0.088006
0.016300
0.049397
0.025585
0.017427
0.036763
0.246150
0.058917
0.450065
0.013191
0.273165
0.076489
0.342758
0.020024
0.024335
0.001097
0.008899
0.014458
0.028835
0.051248
0.120273
0.000457
0.002447
0.100186
0.050918
0.001094
0.002707
0.203758
0.045711
0.174084
0.005131
0.258724
0.001869
0.007969
0.026749
0.006912
0.082340
0.157921
0.006826
0.135430
0.001372
0.068418
0.031465
0.231036
0.179353
0.008907
0.000008
0.023488
0.168218
0.408192
0.044716
0.038429
0.075951
0.545336
0.000049
0.041340
0.016191
0.010758
0.016983
0.045811
0.029613
0.403432
0.002345
0.022772
0.647320
0.064781
0.002013
0.004308
0.008263
0.629880
0.000661
0.409739
0.024269
0.001517
0.002577
0.050930
0.002107
0.224011
0.051975
0.016884
0.004773
0.219150
0.010230
0.420438
0.157835
0.001584
0.246386
0.081181
0.003751
0.029716
0.006267
0.004140
0.019008
0.016019
0.005851
0.032526
0.087763
0.002922
0.015985
0.059229
0.020738
0.017447
0.000221
0.084007
0.042083
0.000219
0.136638
0.127798
0.010523
0.000045
0.015837
0.000227
0.058726
0.085999
0.060488
0.006949
0.002992
0.102027
0.062304
0.016776
0.092717
0.044928
0.057635
0.027185
0.002349
0.028001
0.025694
0.155844
0.015994
0.044647
0.053507
0.376601
0.018352
0.278369
0.010041
0.645415
0.057746
0.004437
0.002744
0.287994
0.004591
0.154304
0.038186
0.010029
0.002245
0.037966
0.116348
0.040340
0.026572
0.007173
0.237095
0.006390
0.018520
0.005404
0.319118
0.037995
0.530029
0.001943
0.023255
0.012565
0.119244
0.005680
0.136883
0.002385
0.550381
0.011147
0.006365
0.046574
0.024868
0.055454
0.089725
0.074174
0.007406
0.020550
0.014100
0.002460
0.094612
0.001161
0.000138
0.007075
0.233185
0.553512
0.064956
0.096188
0.015425
0.024211
0.043581
0.097554
0.086441
0.035204
0.088384
0.061171
0.013034
0.048790
0.010890
0.036319
0.022790
0.010475
0.134439
0.088018
0.089353
0.008997
0.010473
0.002348
0.000405
0.070846
0.142400
0.057026
0.110113
0.002504
0.004567
0.242020
0.021222
0.040023
0.001941
0.000746
0.115116
0.053695
0.118256
0.316603
0.003474
0.009727
0.007273
0.010168
0.043608
0.012970
0.153384
0.200149
0.124344
0.079300
0.053701
0.005708
0.029037
0.076657
0.001587
0.000037
0.006747
0.013965
0.001231
0.296152
0.003320
0.002313
0.243673
0.094981
0.016052
0.035381
0.028302
0.044846
0.033523
0.078136
0.000626
0.021178
0.048463
0.073505
0.006884
0.049911
0.009428
0.238660
0.029188
0.005275
0.025256
0.411549
0.000579
0.060169
0.081049
0.270214
0.012501
0.233354
0.005938
0.056292
0.074596
0.039581
0.029521
0.049812
0.001453
0.038625
0.000333
0.069185
0.019694
0.102833
0.165958
0.031596
0.389788
0.023967
0.087134
0.105320
0.049230
0.404513
0.061823
0.027850
0.060788
0.010626
0.010368
0.000290
0.332405
0.038885
0.032047
0.085897
0.117711
0.033876
0.044315
0.103918
0.017627
0.037287
0.004079
0.178239
0.047935
0.607871
0.028244
0.010191
0.001208
0.119617
0.000245
0.178705
0.009457
0.021427
0.186263
0.433511
0.013215
0.192688
0.009123
0.148817
0.002554
0.037321
0.020173
0.001172
0.007566
0.000139
0.477625
0.221566
0.016154
0.337324
0.213804
0.030767
0.052959
0.046876
0.004321
0.018215
0.000724
0.120477
0.001489
0.003244
0.004183
0.070368
0.027918
0.036949
0.367305
0.259239
0.017568
0.003351
0.000449
0.029404
0.038995
0.000275
0.087307
0.257210
0.005639
0.083679
0.059490
0.105864
0.000053
0.016675
0.005743
0.069107
0.021221
0.598202
0.000442
0.053799
0.023634
0.000876
0.331757
0.055021
0.000671
0.002607
0.319902
0.051225
0.000307
0.107309
0.001820
0.378430
0.253480
0.002165
0.050382
0.277015
0.055986
0.001634
0.191966
0.081132
0.283343
0.023241
0.149424
0.009003
0.135628
0.024493
0.030845
0.031478
0.002160
0.012408
0.187884
0.002733
0.022301
0.043961
0.001545
0.043647
0.283718
0.001572
0.034492
0.780854
0.018659
0.000157
0.003443
0.021478
0.066920
0.123427
0.010030
0.243303
0.002047
0.033556
0.271732
0.007424
0.001174
0.021410
0.190478
0.322844
0.061577
0.003962
0.051996
0.006245
0.000415
0.045250
0.001301
0.021345
0.300623
0.485284
0.004275
0.000808
0.029676
0.003939
0.055287
0.078454
0.009871
0.005829
0.153148
0.041562
0.008638
0.002593
0.001545
0.114653
0.077435
0.077946
0.139930
0.028554
0.000517
0.511490
0.005976
0.020433
0.132252
0.028517
0.105410
0.062364
0.030977
0.000002
0.004848
0.097513
0.135285
0.145489
0.043114
0.001639
0.251273
0.132034
0.000641
0.031240
0.039738
0.084856
0.023165
0.014250
0.263904
0.005317
0.003811
0.012175
0.006690
0.122391
0.689249
0.003066
0.001594
0.059863
0.003354
0.024142
0.104680
0.011504
0.016434
0.180425
0.032344
0.688982
0.049760
0.004026
0.143652
0.411196
0.022211
0.327872
0.026028
0.086115
0.000206
0.000203
0.024812
0.028995
0.002417
0.335925
0.125381
0.003893
0.170800
0.009727
0.001373
0.415417
0.124326
0.031177
0.088883
0.019146
0.015973
0.088263
0.681920
0.020447
0.009885
0.004727
0.000880
0.042229
0.115707
0.001964
0.023418
0.009493
0.012988
0.148465
0.055882
0.002992
0.532458
0.632854
0.003804
0.017082
0.080900
0.113860
0.008909
0.387788
0.025332
0.079160
0.001004
0.001677
0.306294
0.048636
0.008914
0.250248
0.033438
0.017008
0.006374
0.088226
0.827124
0.000785
0.004105
0.000793
0.011084
0.080528
0.070776
0.031686
0.043115
0.001186
0.000956
0.060066
0.001716
0.012080
0.004429
0.006820
0.103618
0.001322
0.051867
0.000342
0.018171
0.004930
0.096794
0.030231
0.100998
0.033164
0.466434
0.005116
0.057023
0.005662
0.017894
0.003075
0.096663
0.012621
0.029360
0.033611
0.002834
0.001624
0.081671
0.000593
0.136016
0.617904
0.003456
0.028469
0.017369
0.111207
0.003532
0.033274
0.060332
0.231357
0.018943
0.011740
0.004121
0.114801
0.015921
0.000170
0.026546
0.003637
0.132330
0.034445
0.090150
0.006264
0.126912
0.198092
0.410204
0.002535
0.014201
0.041251
0.474468
0.104115
0.022232
0.063404
0.053902
0.000719
0.003298
0.097894
0.119741
0.001227
0.006097
0.198136
0.182388
0.301625
0.001513
0.019621
0.398425
0.237030
0.043094
0.001111
0.081076
0.251622
0.106241
0.119314
0.443675
0.151928
0.000146
0.044425
0.014447
0.008998
0.113056
0.168223
0.277740
0.000308
0.213687
0.184354
0.160489
0.000024
0.011661
0.043607
0.019250
0.030441
0.001799
0.002372
0.545392
0.113117
0.015266
0.003550
0.001227
0.097009
0.007853
0.018775
0.070999
0.060082
0.314924
0.030325
0.009314
0.059113
0.035014
0.023452
0.007292
0.019233
0.091392
0.043348
0.282698
0.032471
