1042
1.625345
4
91
40
10
1
5047
0.627578
-0.595725
-0.012461
0.349877
0.234897
-0.308011
-0.741826
-0.315338
0.363114
-0.534863
-0.464194
-0.239587
0.864645
0.626146
-0.205999
0.498755
0.623135
-0.418106
-0.835748
0.616092
0.388941
-0.065333
-0.622320
-0.450431
-0.985382
-0.696051
-0.711745
0.074508
-0.563486
0.808479
-0.327457
-0.171955
0.081553
-0.359487
0.099811
-0.810922
0.953585
0.405626
0.801759
0.553855
-0.257852
0.871372
-0.093190
-0.082694
0.725024
0.008341
-0.892357
-0.684848
-0.474361
0.760871
-0.279906
-0.824318
-0.418611
-0.893458
-0.626925
0.336935
0.010359
-0.392068
0.715295
0.172263
-0.478629
-0.677372
-0.510772
-0.922260
0.033919
0.781080
-0.807425
-0.482856
0.412313
-1.000000
-0.275264
-0.828570
0.033109
0.594403
0.050980
-0.185266
0.075903
0.921916
0.367597
-0.504189
-0.997315
0.859985
0.555728
0.315194
-0.146896
-0.162127
0.968804
-0.086030
0.587103
0.384023
0.474517
-0.810385
0.273786
0.210036
-0.761158
0.617702
0.123957
0.071679
0.366342
-0.193736
0.947336
0.041583
0.655618
-0.288476
-0.746912
-0.683307
0.571635
0.782916
0.299256
0.671210
0.516206
0.878162
0.274850
-0.292725
0.406984
-0.241364
0.974393
-0.018291
-0.809307
0.610906
-0.612112
0.001215
-0.007876
-0.978138
0.520000
0.007426
-0.349756
0.831847
0.952010
0.565057
-0.086687
-0.318753
-1.000000
-0.267119
-0.993453
0.530957
0.677192
0.660697
-0.615278
0.241849
0.676534
-0.340570
0.036446
0.597022
-0.365829
0.118557
0.332625
-0.032291
-0.487994
0.967120
0.432480
-0.293545
0.561938
0.129433
0.268248
0.276415
-0.673937
0.639970
0.550089
-0.983066
-0.905663
-0.335363
-0.263660
-0.920926
0.634981
0.784551
0.757381
-0.742231
-0.117687
0.799376
-0.564875
-0.059014
-0.040142
0.069357
0.958611
-0.424242
0.466181
-0.021303
0.613103
-0.846378
-0.327456
-0.208376
-0.427714
0.010733
-0.454305
-0.521796
-0.730259
-0.685192
0.259248
0.692068
0.788077
0.143727
0.526835
-0.717491
-0.755640
0.885025
0.284452
-0.757043
0.245683
0.353925
0.285763
-0.132724
-0.373192
-0.668919
-0.644605
-0.998819
0.897621
-0.204465
0.718343
0.742835
0.037286
0.179943
0.235507
-0.728003
-0.788851
0.341021
0.576318
0.127497
0.862666
-0.407805
-0.978018
-0.372769
0.184114
-1.000000
0.529092
-1.000000
0.976471
-0.830197
-0.186091
0.401694
0.608808
-0.084041
-1.000000
0.193911
-0.368219
0.838017
0.275910
-0.282745
0.029797
-0.441373
-0.741257
0.017307
-0.640688
-1.000000
-0.949331
0.929734
0.175456
-0.692457
0.888487
0.686449
0.906269
-0.005649
-0.142199
-0.124782
0.998435
0.578078
0.406007
-0.521611
-0.400570
-0.271463
-0.859337
0.315522
0.689747
-0.579788
0.544120
0.294701
-0.594470
0.690286
0.848749
0.688467
0.511817
-0.609116
0.686097
0.522651
0.979830
0.380707
0.472655
0.165687
0.978384
0.392810
0.680688
-0.451296
0.641122
-0.820138
-0.226047
0.293713
-0.295069
0.806321
-0.650813
-0.271233
0.089497
0.923193
0.859956
0.729801
0.962428
-0.594744
0.357199
0.727887
0.900639
-0.890671
-0.522718
0.825744
0.539522
0.962907
0.128762
-0.749198
-0.225149
0.657036
0.794102
-0.935900
-0.000757
0.335974
-0.656065
-1.000000
-0.748876
0.066739
0.916856
-0.579707
-0.480139
-0.091128
-0.756937
-0.446365
-0.215401
-0.113620
-0.391009
0.814825
1.000000
0.080282
0.804977
-0.677012
0.973220
-0.433567
0.112850
0.449581
0.453763
0.588588
0.702888
0.027643
0.647759
0.673828
-0.941050
0.762819
0.600055
0.561895
1.000000
-1.000000
-0.352108
0.508444
-0.045844
-0.006645
-0.367429
0.320784
-0.218974
-0.377024
-0.001788
0.413174
0.444438
-0.942453
0.922956
-0.868015
0.512088
0.102528
0.705105
0.206929
-0.570329
-0.583931
-0.885458
-0.420798
-0.400777
0.687270
0.256381
-0.271195
0.753506
0.007831
-0.554424
-0.442115
-0.361606
0.038241
0.094291
-0.608438
0.330164
-0.915428
-0.480236
-0.008613
-0.362459
-0.407666
-0.369934
-0.645621
0.145758
-0.997304
0.100191
0.703671
-0.018181
1.000000
-0.848668
0.632661
-0.118857
-0.020615
-0.967337
-0.067417
-0.182354
0.893338
-0.046700
-0.914512
-0.719488
0.364033
0.908843
0.590973
0.214854
-0.782495
-0.289569
-0.752690
0.531183
-0.911561
-0.295285
-0.219302
0.583558
0.613937
0.798643
-0.250855
0.209751
-0.455691
0.895089
0.984838
0.528271
0.268669
0.439542
-0.350244
0.604730
-0.049626
0.919653
0.843637
-0.808139
-0.003852
0.901846
0.583780
0.650767
-0.322144
-0.802917
0.319437
-0.840581
0.544401
0.884462
0.587546
-0.787774
0.298628
0.039551
-1.000000
-0.714484
-0.495399
-0.866458
0.567178
0.242770
-0.060939
0.247292
0.158790
-0.715806
0.836715
0.704424
0.141706
0.814532
-0.643139
-0.767564
-0.013965
-0.495535
0.954188
-0.146746
0.869037
0.901861
0.466220
0.748908
1.000000
0.715250
-0.135356
-0.430687
-0.839307
-0.451683
-0.075202
-0.638534
-0.228904
0.811960
0.352393
-0.509688
-0.459285
0.126955
-0.103894
-0.713668
0.379603
0.734144
0.103759
-0.959166
0.380281
0.718226
0.794112
0.537008
-0.765331
-0.391180
-0.085138
-0.000826
0.218262
0.243483
0.752776
1.000000
0.461334
0.220572
0.839122
-0.269537
-0.797940
-0.344391
-1.000000
0.101481
-0.535106
0.317994
-0.203287
0.712096
0.966719
-0.242288
0.977290
0.253487
0.312475
0.064014
0.534624
0.703222
0.329579
-0.533264
0.228146
0.543200
-0.940535
0.692744
-0.968226
0.715881
-0.122814
-0.948303
-0.552977
0.533981
-0.686387
0.604836
-0.361910
-0.908405
0.720713
-0.948428
0.065202
-0.666842
0.482755
-0.641340
0.719857
-0.134570
-0.765714
0.087128
0.554192
0.288560
-0.413850
-0.419474
0.223110
-0.250251
1.000000
-0.896882
-0.588963
0.706679
-0.708043
-0.381091
-0.783151
0.998516
0.792458
-0.394135
0.068653
0.969823
-0.931308
0.090111
0.271258
0.192075
-0.587320
1.000000
0.698088
0.088354
-0.434674
0.855447
-0.219409
-0.685071
0.251586
0.280556
-0.218697
1.000000
-0.670560
-0.188535
0.930873
0.554001
-0.368581
-0.796100
0.004228
0.740098
-0.151414
-0.636622
0.557098
0.558915
0.493407
-0.462868
-0.174040
-0.906699
-0.665017
0.245719
-0.544080
0.511189
-0.579383
-0.531005
0.427858
0.877985
-0.825008
-0.115487
-0.721702
0.536118
-0.815662
-0.659820
0.684755
0.738890
-0.308572
-0.479815
0.542228
-0.033935
0.362846
0.983901
0.915262
0.414106
0.667104
0.123754
0.878528
1.000000
0.711647
0.186703
-0.549862
-0.045065
-0.616604
-0.720046
-0.657090
-0.029716
0.045155
0.144019
-0.437443
0.314330
-0.673835
0.113717
-0.330145
0.103844
0.037815
0.408187
0.008734
-0.150869
-0.931640
-0.114947
0.210677
0.308695
-0.452505
-0.906286
0.250698
-0.852287
-0.208667
-0.240995
-0.495124
0.595328
0.376714
-0.998934
0.763312
0.849316
0.704671
-0.489189
-0.249868
-0.662017
0.952651
0.241585
-0.242291
0.423619
-0.467765
-0.414477
-0.127786
-0.997577
0.434056
-0.471130
0.464196
-0.073710
-0.062206
0.039886
-0.586531
-0.825920
-0.709583
0.976216
0.009009
-0.632786
-0.289607
-0.096559
0.503585
-0.139484
0.756010
-0.375336
1.000000
0.489184
-0.815046
0.241722
-0.424128
-0.509300
-0.420740
-0.495372
-0.647641
0.497625
-0.746372
-0.643198
-0.034261
-0.353814
-0.775701
0.259202
-0.497535
0.080126
0.577779
0.368490
0.367405
-0.533975
-0.141619
-0.452735
0.728064
0.053141
-0.667309
0.177812
-0.315914
0.260114
0.769858
0.079865
0.269321
-0.020315
-0.051581
0.535395
-0.770013
1.000000
-0.774662
0.816906
0.550618
-0.988169
-0.294854
-0.553020
0.327287
0.482125
0.163656
-0.937908
0.637886
-0.567013
-0.928483
-0.638201
0.641475
0.535755
1.000000
1.000000
-0.340378
0.876874
0.105981
0.671142
-0.702200
0.641020
-0.870995
0.745216
0.169898
-0.088438
0.015265
0.517086
-0.920150
-0.882746
0.223484
-0.776306
-0.989970
0.612877
0.138186
-0.355145
0.994612
0.654174
-1.000000
-0.903252
-0.360386
-0.481888
-0.156919
-0.117588
1.000000
0.266421
0.146038
0.489378
0.143641
-0.300440
-0.551443
-1.000000
-0.819167
0.535840
0.402547
0.170202
0.887877
0.934826
-0.417708
-0.562645
0.929414
-0.463393
0.047607
0.261616
0.961354
-0.712711
-0.991357
0.679973
0.935824
0.579463
0.593320
-0.643504
-0.029320
0.459741
0.311946
-0.988546
-0.542840
0.099447
0.319598
-0.391164
-0.548318
-0.847130
0.335075
-0.280237
0.117318
-0.577294
0.240437
0.308389
-0.443879
0.971974
0.186314
-0.528026
-0.870911
0.300929
-0.208608
1.000000
-0.648797
-1.000000
0.213687
0.381051
-0.170199
0.144529
0.359659
-0.306810
-0.284782
-0.191373
0.896837
1.000000
-0.108384
0.859125
0.265071
-0.527750
0.888063
0.714498
-0.733087
0.942635
0.579772
-0.780195
-0.145529
-0.411563
-0.973806
-0.216515
-0.045606
0.629164
0.832369
0.359366
-0.506689
0.201109
0.401950
0.668981
0.020478
-0.195702
-0.323889
-0.790389
0.998270
-0.212868
0.772447
0.867598
-0.223450
0.067506
-0.360002
0.100211
-0.459993
-0.545049
0.288485
-0.854842
1.000000
0.110188
0.384079
0.294162
1.000000
-0.551550
0.759950
0.492874
0.435347
0.564224
0.075835
0.015766
0.713309
0.111696
0.698544
-1.000000
-0.194424
-1.000000
0.109481
-0.377841
-0.780667
-1.000000
0.801572
0.019654
-0.792905
0.391320
-0.656899
-0.130884
-0.229092
-0.717584
0.620382
0.349495
0.573197
1.000000
-0.021447
0.597452
0.812681
-0.331344
-0.894555
-0.958523
-0.125212
-0.914024
0.152308
0.567575
0.528874
0.527504
0.232236
-0.817725
-0.635486
0.723925
-0.526091
0.502159
-1.000000
0.379519
0.271740
-0.692959
-0.061869
0.097991
0.154933
0.877940
0.804988
-0.215609
-0.633803
0.400901
-0.903280
0.040503
0.050723
-0.349158
-0.372039
0.153363
0.314387
-0.207004
-0.406502
-0.881967
-0.882930
0.410538
-0.148082
0.926826
1.000000
0.331700
-0.943878
-0.129586
0.905615
-0.258000
-0.939794
-0.622572
-0.901053
0.630052
0.251441
-0.154365
0.347830
0.048591
0.863396
-0.924061
-0.776888
0.079867
0.703343
0.842057
0.433451
-1.000000
-0.176478
-0.164524
0.943906
0.562702
-0.042021
0.389135
0.216244
-1.000000
0.216079
0.990433
0.341737
0.612896
0.654543
-0.588561
-0.168843
0.244804
0.137228
0.060659
0.049504
-0.948166
-0.097521
1.000000
0.194312
0.484582
0.264675
0.774288
0.502172
-0.494938
-0.167698
0.785253
0.135113
-0.002477
-0.201549
0.535051
0.791980
0.506037
-0.247808
-0.282081
-0.436218
0.138585
-0.620305
0.057962
0.841897
0.868015
0.749318
-1.000000
1.000000
-0.202603
0.742979
-1.000000
-0.727485
-0.545903
0.810162
0.101401
-0.791682
0.256359
-1.000000
-0.302933
-0.743705
-0.070979
-0.176349
-1.000000
0.120964
-0.481857
-0.155084
0.513690
-1.000000
-0.342258
0.093435
1.000000
-1.000000
0.801139
-0.838111
0.791860
0.079306
-0.536445
0.223015
0.984721
-0.157048
-1.000000
0.558471
-0.911270
0.849192
-0.957537
-0.194132
0.763770
-0.513303
-0.415744
0.616066
0.539672
-0.638311
-1.000000
-0.549180
-0.059854
0.757181
-0.761229
1.000000
-0.401342
-0.878821
-0.295742
-0.136149
-0.645658
0.015754
-1.000000
0.715645
-0.801955
-0.041127
0.382255
-0.415632
-0.370935
-1.000000
0.460834
-0.903955
0.251227
-0.559394
0.100735
0.194956
0.327469
-0.326576
-0.061351
0.834696
0.037456
0.265291
0.884095
0.861297
-0.351470
0.772163
0.777580
0.839037
-0.940012
1.000000
0.650794
-0.037636
-0.446719
0.876035
-0.346621
1.000000
0.572810
0.916662
0.170614
-0.430440
0.634631
-0.870492
-0.465031
0.063444
0.543861
0.612397
-0.460779
-0.339247
-0.484140
-0.675283
-0.327204
-0.790840
-0.989938
-0.376181
0.281646
-0.716571
0.602323
0.096770
-0.133247
0.244404
-0.110224
0.531341
-0.894537
-0.257829
0.083066
-0.889429
0.682538
0.441337
-0.476463
-0.160290
-0.361413
0.253010
-0.647239
-0.373201
0.902247
0.133075
0.946324
0.599649
0.132435
0.881234
-0.810157
0.640228
0.385776
-0.736119
0.830794
-0.265620
-0.939525
0.658649
-0.835328
-0.405617
-0.573376
0.515131
0.038205
-0.140809
-0.280709
0.237301
0.281123
-0.562507
0.333542
-1.000000
-0.705874
0.489229
0.161251
0.898037
0.605492
0.547909
0.578889
-0.919023
-0.132138
-0.153174
0.269163
1.000000
0.496993
0.481362
-0.342430
0.563909
-0.746344
-0.885896
-0.108946
0.289512
0.097387
-0.102672
0.803933
-0.501218
0.182605
0.951609
1.000000
-0.518449
-0.548744
0.467568
-0.759951
-1.000000
0.086452
-0.244924
0.352156
-0.509507
-0.583151
-1.000000
-0.523773
-0.288773
0.755021
-0.434091
0.174111
0.949847
-0.666767
-0.502547
-0.788317
-0.902557
0.492416
-0.549654
0.654859
0.700028
-0.177913
0.873289
-0.531538
-1.000000
-0.781580
-0.743864
0.732355
0.031116
-0.302500
-0.809283
0.180422
-0.044426
-1.000000
-0.740435
0.103293
-0.823324
-0.375377
-1.000000
0.791271
0.270861
0.409417
0.883047
0.732906
-0.133882
1.000000
0.128832
-0.347405
-0.602970
0.568139
0.608679
-0.353162
-1.000000
0.793146
-0.227610
-0.344318
-0.922086
0.281788
1.000000
-0.334810
-0.942967
0.818839
0.288654
0.584426
0.645249
-1.000000
0.072346
0.865531
0.249312
0.041136
-0.577108
0.000594
0.599569
-0.990753
0.847248
0.605272
-0.534348
0.804046
0.126902
-0.395890
-0.145059
0.963126
0.673617
-0.218136
-0.947264
0.702681
-0.423905
0.040162
-0.032725
-0.914128
1.000000
0.952642
0.962227
0.253642
0.636068
0.631264
-0.220074
1.000000
-0.559560
0.326696
0.773634
-0.827012
-1.000000
0.066083
0.051172
-0.529039
-0.702782
-0.602124
-0.575156
-0.886251
0.416862
0.140084
-0.260968
0.182398
-1.000000
-0.448122
-0.007776
-0.095557
-0.143519
-0.881051
0.154412
1.000000
-0.007363
-0.141370
-0.402403
-0.629189
-0.937986
0.842019
-0.413599
-0.494358
0.396603
-1.000000
0.211301
0.780012
-0.460565
1.000000
-0.507782
0.487691
-1.000000
0.440024
-1.000000
-0.910298
-0.616642
0.392376
-0.939978
-0.099524
-0.899863
-0.119127
0.455457
-0.231488
0.632037
-0.186207
0.101918
-0.193897
0.703855
-0.670291
-0.152571
0.257135
-0.040676
0.445408
-0.091311
0.586074
0.498846
-0.014506
0.963366
-0.671549
0.795166
0.297444
-0.136148
-0.182142
-0.911620
0.150626
-0.964023
-0.078062
-0.409755
-0.424705
0.682099
0.260223
-0.286847
-0.632951
-0.515506
0.813783
-0.489630
0.072674
0.125206
-0.105630
1.000000
0.186020
0.320712
-0.818550
-0.365880
0.804642
-0.290922
-0.826588
-0.579806
-0.305131
0.871556
0.640586
-0.759999
-0.094608
-0.517098
-0.852489
-0.240559
-0.677806
0.171678
0.140882
-1.000000
0.601959
0.484095
0.365501
0.923023
0.946112
-0.472947
-0.945202
-0.388888
-0.273075
-0.954327
0.474050
-0.313023
0.998398
0.392201
-0.292864
-0.148204
-0.073317
-0.909842
0.612943
-0.174726
-0.759395
0.854154
0.498093
-0.282834
0.658765
0.967528
0.906961
0.537427
0.123046
-0.674051
-0.315301
-0.778238
-0.015066
0.275952
-0.356987
0.594546
-0.674944
0.112691
-0.519967
0.275186
0.718953
-0.191740
-0.803134
-0.389368
-0.868855
-0.538575
-0.832470
-0.541488
0.452619
-0.530423
0.698043
0.882880
-0.548440
1.000000
0.661404
-0.372857
0.777741
0.903412
-0.310540
0.175568
-0.777004
0.917160
-1.000000
0.279662
0.729918
0.178270
-0.444419
0.919811
-0.962872
0.663948
0.121221
0.857371
-0.767735
-0.566321
-0.920422
0.588859
-0.238103
-0.586707
0.181789
-0.968154
0.437869
0.450693
-0.957279
-0.455320
-0.740641
0.994630
0.909098
-0.693566
0.135588
-0.463926
-0.524649
-0.501763
-0.167806
0.923065
0.316198
0.898243
-0.254682
0.040429
0.243338
0.965265
0.408945
0.464639
-0.863272
0.844099
0.702260
-0.971982
0.474652
0.969917
-0.759382
-0.293926
0.912152
-0.603211
0.041775
-0.214894
0.602887
-0.103945
-0.003838
-0.598451
-0.308513
-0.109193
-0.560909
-0.418788
0.461007
0.388815
-0.928974
0.969091
0.130032
0.870804
-0.822591
-0.731605
0.124764
-0.286640
-0.908743
0.389843
-0.127479
0.470046
-0.688626
0.620976
-0.064327
-1.000000
0.926022
-1.000000
0.598165
0.810544
0.404771
-0.143441
-0.234213
-0.061940
0.219239
-0.897136
0.834398
0.999267
0.315280
0.630257
0.802999
-0.683026
-1.000000
0.774265
-0.705942
0.669301
-0.372947
-0.104843
0.388951
-0.381621
0.648204
-0.311648
0.321264
-0.515304
-0.679264
0.607445
-0.878398
0.410766
0.746113
-0.187069
0.543047
0.115850
0.849197
-1.000000
-0.940132
0.797050
-0.950631
-0.737390
-0.888402
0.678278
-0.625034
-0.634496
1.000000
-0.145589
-1.000000
0.668568
0.221460
-0.399597
0.891641
-0.448660
0.553373
-0.986885
0.586589
0.073724
-0.604066
-0.972259
0.322544
-0.550120
0.924490
1.000000
-0.641650
0.020367
0.715539
-0.228778
-0.441983
-0.984916
0.085540
-0.105016
-0.406172
-0.291282
0.555433
0.204411
-0.098133
0.087755
0.560156
-0.933739
-0.170715
0.812596
0.778446
0.846569
0.075638
0.108229
-0.334093
0.144841
-1.000000
-0.160449
0.124720
-0.963347
-0.273636
0.747005
-0.862206
-1.000000
0.386008
0.581138
-0.813217
0.356431
-0.899265
0.698498
0.018529
0.200191
0.880322
0.000370
0.100819
0.302688
-1.000000
-0.020574
0.388039
-0.609831
-0.514368
-1.000000
-0.500364
-0.011193
-0.093882
0.482331
-0.505303
-1.000000
-0.307016
-0.009435
0.349264
0.249083
0.510877
0.932334
0.549236
1.000000
-0.009789
-0.351808
0.368383
-0.088648
-0.617160
-0.375175
0.770977
-0.451937
-0.688727
-0.374417
0.766886
0.679326
0.119561
-0.259913
0.490495
0.725649
-0.168963
-0.852354
0.043305
-0.090953
-0.436460
0.898549
0.166391
0.536549
0.258592
0.616751
0.040322
-0.100877
-0.151892
-0.208442
0.089215
0.240833
-0.405956
-0.450104
0.394847
-0.911591
-0.175613
-0.778440
-0.421193
-0.850973
-0.721347
0.178747
-0.383666
-0.073198
-0.019169
0.762821
1.000000
0.157122
-0.277628
0.424395
-0.003149
0.475220
-0.375526
-0.178644
0.475865
0.658060
0.395967
0.038626
0.841082
-0.193873
-0.259470
-0.956093
-1.000000
0.875290
-0.319495
1.000000
-0.635851
-1.000000
-0.903884
-0.313023
-0.523337
0.767740
0.687331
-1.000000
-0.883241
-0.341158
-0.722872
-0.856588
0.269158
0.014743
0.350212
0.007319
-0.479914
-0.748720
0.997946
-0.260696
0.540850
0.936265
-0.658435
-0.470877
0.628657
-0.480032
0.318681
0.175843
0.074763
-0.048872
0.659403
-0.730834
-1.000000
0.285267
0.388270
-0.608087
-0.131410
-0.623280
0.915038
-0.488517
-0.913436
-0.815566
0.768887
0.657524
-0.466130
-0.263091
0.532765
-0.382483
-0.213055
0.359391
-0.508740
-0.190006
-0.388035
-0.457793
-0.961969
-0.433619
-0.441002
-0.974928
-0.660717
0.462031
0.364954
0.505543
-0.910657
-0.729164
0.866507
0.862935
0.748448
0.992936
0.808478
0.509445
-0.695788
-0.316216
-0.429161
-0.319892
-0.407593
0.197079
0.538060
-0.117896
0.049122
-0.849946
0.517862
-0.813419
-0.233597
-0.355731
0.181040
0.323079
0.037441
0.245952
-0.534308
1.000000
0.323763
-0.017946
-0.225047
0.476924
0.983970
0.770413
-0.475380
0.766934
0.379348
0.897105
0.358994
-0.749464
-0.477754
-0.062935
-0.983573
-0.365576
-0.040910
-0.841204
-1.000000
0.058320
0.648300
0.199481
-0.822369
0.108063
0.686836
0.736061
0.053169
-0.051986
0.252864
-0.407582
0.053907
0.276920
0.453287
0.458226
0.590782
-0.638390
-0.673115
-0.738973
-0.068858
-0.359868
-0.907970
0.633652
-0.201688
-0.605517
-0.333790
0.001929
0.143561
-0.641461
-0.068117
-0.159412
0.170357
0.953172
0.744752
0.345075
0.294181
-0.581312
-0.837840
0.846522
-0.767199
0.437517
-1.000000
0.164697
0.282768
0.103118
-0.504885
0.961231
-0.188363
-0.920324
0.759823
-0.642781
0.213436
-0.445949
-0.994783
0.124797
0.671607
0.288028
0.012328
0.262803
-0.394308
0.493888
0.147797
-0.564137
-0.752833
0.923732
-0.377117
-0.597576
-0.997039
1.000000
-0.979295
0.874018
0.747326
-1.000000
-0.219716
0.168986
-0.785756
0.578441
-0.259668
0.716959
-0.351440
0.540818
0.263060
0.142574
-0.523588
0.805479
-0.091165
-0.404412
0.190770
0.647101
0.492554
0.846620
0.297892
-1.000000
0.218134
0.239160
-0.362018
0.878419
-0.094538
-0.819134
0.229151
1.000000
-0.480834
0.321397
-0.929415
0.920256
1.000000
0.298557
0.762793
-0.898231
0.421945
0.365171
-0.034463
0.364276
-0.267065
0.406333
-0.232206
-0.514037
0.831019
-0.470943
-0.178393
0.166018
0.184576
-0.333355
-0.689036
-0.712642
0.368517
0.685308
-0.471090
-0.761897
0.191065
-0.826713
0.761022
-0.231066
0.942105
0.656068
-0.721487
0.999860
-1.000000
0.526251
-0.367876
-0.859990
-0.643663
-0.490022
-0.313256
0.085479
-0.795892
0.897299
0.206328
-0.410601
1.000000
0.895859
0.071351
0.960556
0.382992
0.999410
0.960982
0.490164
0.972113
-0.107330
-0.061948
-0.435063
-0.671785
-0.706856
-0.751670
-0.199261
0.322166
0.649602
0.165152
0.470255
0.904411
0.827754
0.090900
0.669179
-0.684780
0.715274
-0.578307
0.095685
0.658151
-0.860098
-0.833959
-0.460657
0.050203
0.945255
0.989709
-0.880232
0.883206
-0.120795
0.456780
-0.709570
0.687605
-0.039541
0.175234
-0.162481
-0.394878
0.187328
1.000000
0.836972
-0.187599
0.815145
0.458556
0.328223
-0.029819
0.147290
-0.992629
-1.000000
0.339117
-0.861263
0.345274
-0.698135
0.410364
0.513245
0.867486
0.694823
0.169284
0.390688
-0.313706
-0.910865
0.465988
-0.862668
-0.580217
0.098310
0.917058
0.410476
-0.282295
-0.850418
0.304018
-0.546242
0.965297
-0.015759
0.206361
0.845290
-0.704228
0.895814
0.017755
-0.771080
0.030885
0.784855
0.212387
0.248548
0.034205
0.179056
0.760278
-0.070743
-0.176456
1.000000
-0.453634
0.774371
-0.864528
-0.061748
0.554352
0.837950
-0.925035
0.999630
-0.418816
0.541464
-0.112730
0.205155
-0.711195
0.943807
-0.334474
0.861575
0.461100
0.344803
0.566272
-0.839455
-0.397082
0.221202
-0.106042
-0.075514
0.988196
-0.095549
0.493455
0.859498
-0.172962
-0.923037
0.247977
0.492812
0.366908
-0.357726
0.055153
-0.538791
0.184937
0.795204
-0.953940
0.109788
0.099913
-0.619217
0.902571
0.793384
0.959108
-0.555548
0.709528
0.750815
-0.325465
0.190898
0.676364
-0.474487
-0.190970
-0.049672
0.171524
-0.053945
-0.599237
-0.401530
1.000000
-0.701589
0.257233
0.332300
-0.307339
-0.672381
0.890222
-0.225602
0.856018
0.092386
-0.128318
0.527443
-0.411341
0.655003
0.141533
-0.246591
-0.764296
0.582029
-0.831649
1.000000
-0.300858
-0.739275
0.077819
-0.519189
-0.855978
-0.255357
-0.345356
0.090737
-0.827937
-0.535218
-0.462079
-0.923802
0.976060
-0.158355
-0.044341
0.825298
-0.028345
1.000000
0.347884
-0.723115
0.360427
0.502361
0.396108
1.000000
-0.915542
0.602814
0.067409
-0.084701
-0.553573
-0.359287
0.041455
0.962608
-0.340026
-0.694610
-0.422870
-0.153948
-0.565501
0.481540
0.416225
0.652990
-0.449609
-0.527645
-1.000000
-0.567427
0.073318
0.658865
-0.630174
0.345829
-0.589574
0.685578
0.464875
0.190116
-0.944116
-0.491327
-0.189003
0.358854
-0.579388
0.480251
-0.726250
-0.837662
0.400221
0.010743
0.634535
-0.343520
-0.378920
0.759990
0.526238
0.391833
1.000000
-0.551217
0.593411
-0.754762
0.551736
0.858543
0.607207
0.703297
0.738067
-0.187690
-0.888419
-0.968939
-0.510857
-0.619680
-0.581380
0.267788
-0.172538
-0.355080
-0.243469
-1.000000
0.481604
-1.000000
-0.848560
0.624323
1.000000
-0.707219
0.760532
0.477609
0.064540
-0.188723
-0.322610
-0.845775
-0.887937
0.808405
0.772831
0.176822
-0.117597
-0.592152
-0.324634
-0.996819
-0.222483
-0.835419
0.690386
0.803489
-0.925509
0.796565
0.790777
-0.773346
-0.464499
-0.528198
0.360766
-0.404344
0.731423
0.976263
-0.444448
-0.618034
0.298659
0.214550
-0.835781
-0.337908
-0.788328
0.417396
-0.399420
0.479424
-0.925880
-0.528136
0.068100
-0.233152
0.856322
-1.000000
0.796234
-0.120841
-0.275103
1.000000
-0.476611
0.633818
-0.552587
-0.384148
0.670367
0.510379
-0.597894
0.674199
0.927794
0.046969
-0.282877
0.248565
0.789455
0.142629
0.032619
-0.047381
-0.019267
-1.000000
-0.264629
0.153686
-0.009101
-0.108843
-0.403854
0.061037
0.859460
-0.780789
-0.980078
0.263871
0.790275
0.061435
0.433174
0.859031
0.413143
-0.244827
0.527243
0.837558
0.195663
-0.386112
0.449619
0.305702
0.395683
0.740202
0.769082
-0.114665
-0.310888
-0.758753
0.264099
0.412561
-0.309856
-0.381529
0.432837
-0.144621
-0.248219
0.324090
0.507855
0.910297
0.366921
-0.289332
0.019491
0.954252
-0.407779
-0.365726
-0.926704
-0.942634
-0.981837
-0.962304
1.000000
-0.833519
0.807417
0.892030
0.849226
-0.823514
0.205775
-0.004901
0.202646
-0.907291
-0.727144
0.251267
-0.834838
0.023054
0.094201
-0.410274
1.000000
0.856369
-0.787260
0.964465
-1.000000
-0.568359
-0.476334
0.113021
0.199742
-0.846422
-1.000000
-0.097126
0.884652
-0.940005
0.382017
0.641585
-0.659502
0.266147
-0.909851
0.137840
-0.548207
-0.565698
0.062502
0.568948
0.110058
0.520630
0.695206
-0.763590
-0.888326
-0.298201
0.440923
0.985430
0.247176
-1.000000
-0.138420
-0.321329
-0.196547
-0.431429
-0.613838
0.258776
-0.735448
0.450229
-0.319665
-0.708509
-0.288863
0.642370
-0.957902
-0.224036
-0.723468
-0.189453
0.405891
-0.749806
0.646936
0.972040
0.493395
-0.447003
-0.542543
-0.431741
-0.054929
-0.168336
-0.668637
-0.415791
-0.022463
0.492967
0.635537
-0.556564
0.632213
1.000000
0.010078
0.892403
-0.749943
0.286676
-0.904678
0.830008
-0.252935
-0.535513
-0.401166
0.916462
0.903601
-0.044396
-0.626883
-0.680480
-0.093908
0.240421
-0.585144
0.098571
-0.584014
-0.083549
-0.788985
-0.636913
0.231608
-1.000000
-0.427681
-0.818471
0.502790
-0.565377
1.000000
-0.882765
0.675140
-0.472146
0.045858
-0.515610
-0.474493
-0.865445
0.716670
-0.846325
-0.869015
-0.441465
-0.270840
0.716676
-1.000000
-1.000000
-0.327334
-0.741923
0.453986
-0.407917
0.569721
-0.319261
1.000000
0.878339
0.889603
-0.245492
1.000000
-0.945450
-0.421508
0.778580
0.417050
-0.053964
0.951307
-0.823135
-0.134193
-0.147675
0.634639
0.326818
-0.970935
0.393796
-0.699048
-0.427276
0.491718
0.647985
-0.496504
-0.054424
0.821091
-0.773531
-0.147793
0.665645
-1.000000
-0.563688
-0.046382
0.968999
-0.390173
-0.758242
0.446703
-0.694207
-0.129472
0.324516
-0.413484
0.984543
-1.000000
-0.446903
-0.702558
0.045803
0.875759
-0.487170
0.939518
0.891411
-0.218354
0.465616
0.796458
-0.319826
-0.748551
0.723890
0.587232
0.248888
0.369696
1.000000
-0.270827
0.865050
-0.329323
-0.207514
1.000000
0.496688
-0.486094
0.351652
0.188526
-0.103601
-0.743773
0.669210
0.665223
-0.408492
0.607253
0.732477
0.115936
-0.670172
-0.068644
0.346042
0.041589
0.848769
-0.911686
-0.167313
0.755558
0.684401
0.295856
0.877057
-0.925157
-0.655470
-0.055016
0.576983
-0.016415
0.100962
-0.109858
-0.011991
0.335196
-0.769158
0.960971
0.214140
-0.716914
-0.980290
0.350913
-0.368760
-0.972304
0.186508
0.022507
-0.227550
1.000000
-0.999199
-0.729927
0.887837
-0.400914
-0.212198
-0.673220
-0.648481
0.164696
-0.552850
0.636932
-0.568314
0.425090
0.305677
0.445295
-0.557105
-0.220792
0.543563
0.386685
0.826511
0.760680
0.172626
-1.000000
-0.744037
-0.344717
-0.083348
-0.818943
0.251950
0.072966
0.639016
0.158074
0.171528
-0.136896
0.371528
0.409028
-0.772255
0.612580
0.399240
-0.859258
0.573468
-0.536186
0.754210
-0.781053
0.276161
-0.845693
0.531313
-0.126014
0.050927
0.028475
-0.270754
-1.000000
0.339078
-0.898687
-0.272476
-0.671554
-0.829319
-0.992593
-0.132900
-0.337011
-0.192693
-0.826805
-0.597861
-0.570709
0.308085
-0.629282
-0.705788
0.441933
0.750442
-0.914869
0.487955
-0.882377
-0.310553
0.150340
-0.033939
0.578036
-0.607335
-0.156419
-1.000000
-0.190128
-0.067294
0.142578
-0.518252
0.283745
-0.441886
0.886898
-0.689957
-0.628048
0.614868
0.555396
-0.184561
-0.356251
0.372044
-0.049451
0.906027
0.425291
0.636304
0.233812
0.006886
0.253473
-0.262484
0.683818
0.142676
0.948780
-1.000000
-0.189675
-0.629026
-0.297784
-0.875537
-0.316206
-0.962464
-0.371211
-0.900957
0.490944
-0.702603
0.593185
0.741444
-0.165994
0.792104
-0.958047
-0.009362
-0.892591
-0.961606
-0.220898
0.857331
-0.352241
1.000000
0.860234
-0.936696
0.947984
-0.379515
0.200286
0.790356
-0.403739
0.158640
-0.493169
0.600165
0.240871
0.387879
-0.153033
1.000000
-0.400707
-0.023668
-0.887194
0.402043
0.591183
-0.695089
1.000000
-0.165247
0.368086
-0.780304
-0.614960
0.765217
-0.034827
-0.133622
0.070467
-0.798983
0.237797
-0.146416
-0.474820
-0.537652
-0.012407
-0.255698
-0.939971
0.080453
0.964296
0.683795
0.160229
-0.151321
0.146991
-0.049543
0.563550
-0.960362
-0.334682
0.543187
-0.900933
0.753582
0.166984
0.279521
-0.800455
-0.949755
-0.142290
-0.364986
-0.210793
0.752731
-0.991518
0.872377
0.469883
-0.551724
0.097498
-0.617196
0.609245
0.957322
-0.033952
-0.241045
-0.183194
0.549314
0.773711
0.824564
0.978664
-0.698995
-1.000000
1.000000
-0.621727
0.860903
-0.340188
0.226238
-0.414425
0.938031
0.176427
0.843526
-0.671920
-0.377762
-0.409324
-0.046047
0.260041
-0.930127
-0.979429
0.901898
-0.167836
-0.709348
0.900189
0.891625
0.937867
0.812138
-0.048693
-0.828025
0.783231
0.400475
0.924014
-0.275166
0.599030
0.915803
-0.733952
-0.198662
0.308980
0.290233
-0.064792
-0.301234
0.238253
0.257460
0.794913
-0.830852
-0.794034
-0.705193
-0.864953
-0.309568
0.887433
0.276183
-0.428245
-0.323284
-0.268215
0.008740
0.509781
0.249589
0.682110
-0.134222
-0.518976
-1.000000
-0.226781
-0.911713
0.476637
0.377254
0.487328
0.422902
-0.848728
0.738680
-0.992249
0.957653
-0.663108
0.199533
0.362811
0.082319
-0.957282
0.471815
0.491005
-0.662127
0.867248
0.678490
0.789930
-0.573362
-0.544798
0.477919
-0.941482
0.846216
-0.740234
-0.724221
-0.735436
1.000000
-0.669198
-0.819575
-0.800821
-0.082955
0.375900
0.413165
0.391549
-0.123996
-0.943609
0.101887
0.859510
-0.579802
-0.468580
0.959781
-0.490491
0.756214
1.000000
0.228213
0.214802
0.036159
-0.800418
-0.991922
-0.773638
-0.622093
-0.489861
0.058137
-0.670210
0.314315
1.000000
1.000000
-0.430485
-0.489507
-0.405293
-0.824624
-0.764939
0.883298
0.073642
-0.046727
0.599324
-0.322809
-0.254930
-0.278265
0.262097
0.070869
0.993669
-0.386386
-0.997263
1.000000
0.355541
-0.882808
1.000000
-0.996046
-0.394630
0.681771
-0.575155
1.000000
-0.092707
0.689960
-0.235616
-0.404934
-0.792574
-0.677175
0.739790
-0.712879
0.532668
-0.650682
-0.968857
0.745628
-0.784479
0.801277
-0.606286
-0.953842
-0.630703
-0.171011
-0.773861
-0.728077
-0.027581
0.580090
-0.064137
-1.000000
-0.107906
-0.365307
1.000000
0.061184
0.143710
-0.971177
-1.000000
0.823733
0.762272
-0.229093
-0.185583
0.544272
-0.583011
0.020167
0.342542
0.859961
-0.915677
0.394688
0.486016
0.037765
-0.733143
0.971278
0.920357
0.052346
0.932854
0.925625
0.493117
0.547709
-0.836015
0.006491
0.716738
-0.889375
0.262033
0.494348
0.374627
0.552521
0.683216
-0.379791
0.284249
-0.354390
-0.064842
-0.422232
0.237849
-0.548453
0.958225
-0.354879
0.461740
0.773207
0.658924
-0.429999
-0.177753
-0.450678
0.147618
-0.852195
0.535551
0.023769
-0.937523
0.110181
0.731374
-0.438162
-0.317762
-0.084564
0.189367
-0.002868
-0.790308
-0.602791
0.277347
0.226126
0.122419
0.547198
-0.211223
0.722171
0.647063
0.056755
-0.271335
-0.040622
0.933956
-0.827118
-0.606883
0.830599
0.440147
0.800948
-0.530251
-0.872721
0.549478
-0.214078
-0.702482
-0.923915
-0.916774
0.076339
0.370250
0.011153
-1.000000
0.443031
0.144171
1.000000
0.854171
0.724945
0.135223
0.660412
0.602817
-0.567891
-0.259983
-0.358026
0.839626
0.098210
-0.000716
0.265140
-0.018198
0.598865
-0.886489
-0.102458
0.079853
0.569226
-0.433750
-0.993071
-0.243758
0.838081
-0.191506
-0.831427
0.222776
-0.162368
-0.592869
-0.415418
0.823099
-0.416052
-0.378620
0.575596
0.238413
0.230464
0.572558
-0.082538
-0.391477
0.680427
-0.847672
1.000000
-0.684049
0.170781
-0.993134
-0.113024
-1.000000
-0.497585
-0.268489
-0.482121
0.019814
-1.000000
-0.079733
0.047096
0.231785
-0.081987
1.000000
-1.000000
-0.447101
0.013211
-0.344699
0.399056
0.659899
-0.122140
0.942859
-0.053116
1.000000
-0.628018
1.000000
0.743331
-1.000000
0.774350
-0.760077
-0.913536
-0.551397
0.454182
0.202477
0.918001
-0.788675
0.032858
-0.870168
0.190065
0.158659
-0.514711
0.182939
0.367334
0.272350
0.967879
-0.571900
-0.998301
-0.640752
0.152391
0.327144
-0.915209
0.816849
1.000000
0.345655
-0.119069
1.000000
-0.344999
0.274670
-0.419456
-0.497322
0.458610
0.839227
0.500109
-0.530033
-0.698727
0.788744
0.712674
0.436391
0.100699
-0.468045
-0.274345
-0.169700
0.338227
0.271013
-0.377476
1.000000
0.682553
0.936438
0.380478
-0.631100
0.627861
0.848629
-0.949225
-0.591608
-0.726983
-0.417921
0.699575
0.127136
-0.472954
-0.708220
0.109533
0.345973
0.093963
-0.240881
0.041216
0.023220
0.242490
-0.340727
0.259157
0.604705
-1.000000
-0.395590
0.943017
0.704186
-0.147068
-0.948073
-0.429520
0.871426
0.405093
0.469704
-0.239191
-0.463160
-0.523576
0.057927
-0.538133
-0.264010
0.210465
0.690048
1.000000
-0.732926
-0.874122
-1.000000
-0.766438
0.595860
-0.907463
-0.539622
1.000000
0.277261
0.422057
-0.741923
0.912604
0.567844
0.428241
-0.130859
-0.987503
0.906500
-0.639077
-1.000000
0.887107
-0.431413
0.957515
0.229125
-0.338551
0.001241
0.193757
0.724482
0.272255
-0.931017
0.122672
-0.215329
-0.228988
0.033337
-0.056470
-0.017894
0.447020
-0.514968
0.728350
-0.176247
-0.685635
0.373128
-0.519251
0.143925
-0.240605
0.448621
-0.689582
-0.776959
0.989700
0.454229
-0.264316
-0.685596
0.631284
0.911406
0.230732
-0.793631
-1.000000
-0.938059
-0.621530
-0.827228
0.433711
0.163172
0.604735
0.320173
0.293978
-0.934311
-0.848941
0.098637
0.449152
0.672620
-0.418314
-0.810137
0.512164
-0.140867
-0.751252
0.385390
0.357641
0.697146
0.970173
-0.738046
-0.609213
0.282882
-0.925335
0.286132
0.112885
0.390566
-0.335555
-0.648083
0.436605
-0.483388
-0.121205
-0.219479
-0.213324
-0.047914
0.995299
0.054419
-0.861153
0.537063
0.147197
0.213936
0.801070
-0.386627
0.535754
0.666154
0.202543
-0.078855
0.689541
0.074582
-0.873721
-0.242090
-0.939799
-1.000000
-0.073363
0.837215
0.948270
0.173825
0.612936
0.306786
-0.002173
-0.777730
0.120759
-0.682177
0.763194
-0.907011
0.606326
0.431960
0.058202
0.455119
-0.427363
0.374499
-0.755832
-0.528742
-1.000000
0.481003
-0.182697
1.000000
-0.334211
1.000000
0.116773
-0.814092
-0.170582
-0.885311
0.708899
-0.578081
0.962791
0.395600
0.157029
0.690879
-0.391692
-0.840329
0.523336
-0.821406
0.064058
0.460914
0.223895
-0.809843
0.005403
0.554073
-0.729465
-0.708418
0.171692
0.603211
0.485502
-0.697480
-0.096792
0.658946
0.006229
-0.812882
0.818416
-0.029570
-0.122068
0.742027
-0.409940
0.774878
-0.767777
-0.443114
1.000000
0.629309
-0.045186
-0.013166
-0.260045
0.766868
-0.242376
-0.834684
-0.530634
-0.607361
-0.872794
0.434086
0.839195
-0.868743
-0.432885
0.609470
1.000000
-0.038705
0.393036
0.683286
-0.881883
-0.397568
0.185519
-0.307883
0.712934
-0.152219
0.432719
-0.439819
0.025481
-0.853487
0.041232
0.022567
0.284957
0.987069
-0.708456
0.534044
0.260779
0.616039
-0.794853
-0.863617
-1.000000
-0.979676
0.580864
0.729371
0.926129
-0.235417
-0.532890
0.440478
1.000000
-0.768010
0.167568
-0.651401
0.463397
-0.448803
0.686724
-0.505474
-0.253516
-0.028720
0.077531
0.396314
0.034985
-0.384365
0.553892
0.574875
0.841054
0.475667
-0.478671
-0.268979
-0.196269
0.026292
-0.319888
-0.486114
-0.434478
0.402582
-0.075221
0.871900
0.258286
-0.260963
0.763193
-0.678325
0.480974
1.000000
-0.602141
0.452064
-0.674080
0.160819
0.214286
0.460539
0.545841
0.543571
-0.194914
-0.650220
-0.176490
1.000000
0.591464
-0.398811
0.344469
0.927235
0.671221
1.000000
-0.121345
0.772994
-0.461991
0.685211
1.000000
-0.139814
0.621161
-0.639169
0.811123
0.543637
-0.843641
0.479880
-0.471245
-0.092035
-0.140522
-0.722630
-0.386064
-0.500434
0.416824
0.640792
-0.735854
-0.770561
-0.032651
0.997113
-0.659561
-0.142678
-0.959571
0.922368
0.807106
-0.188616
-1.000000
-0.137664
-0.066115
-0.784950
-0.406408
0.439711
0.403357
0.660321
0.615546
0.949026
0.349396
0.973355
0.030362
-0.975169
-0.851704
-0.659007
0.640099
0.841221
0.168722
-0.347507
0.557157
0.237310
-0.051070
0.127593
0.065290
0.866060
-0.096137
0.597116
0.453735
-0.596244
-0.255560
0.529464
0.557797
0.027471
-0.917834
0.528677
0.394449
-0.717831
0.179408
0.934468
0.361099
0.691190
0.391339
-0.429754
0.866152
0.910554
-0.545330
0.231736
-0.460810
0.306532
-0.785105
0.363930
0.238938
-0.273460
-0.131738
-0.780589
0.300622
-0.444522
0.604984
-0.777240
0.957622
-0.367039
0.754568
-0.780464
-1.000000
-0.556903
0.927771
0.649520
-0.218070
0.819165
-0.547631
0.857869
0.798702
-1.000000
0.039400
-0.389493
0.039642
-0.664223
-0.595952
0.087075
0.249034
0.879233
0.929159
1.000000
-0.341571
-0.898405
-0.315685
0.797196
-0.038329
0.193708
0.830074
0.322995
0.812621
0.111091
0.538172
-0.167957
0.093619
0.909828
-0.736220
0.950984
-0.282146
0.759245
-0.384017
0.033030
-0.610203
-0.812068
0.449143
-0.694218
0.751097
-0.879856
1.000000
0.809107
-0.434495
-0.426017
-0.704470
-0.754261
0.892754
-0.667921
0.609014
-0.770554
-0.407544
0.607945
-0.525569
-0.653603
0.947693
-0.468538
-0.316422
0.119537
0.483085
-0.559798
-0.321563
0.293791
1.000000
-0.968802
-0.274789
0.702977
-0.125000
-0.172916
-0.017323
0.507115
-0.339673
0.953039
0.910801
-0.587605
0.271335
0.050006
0.535100
0.859202
0.800290
0.417161
-0.374417
-0.355156
0.212311
0.981429
-0.890688
-0.607271
-0.256254
0.934402
-0.729881
-0.458089
0.525734
0.408045
1.000000
-0.626478
0.821659
-0.068363
0.496603
-0.726870
0.020486
-0.858425
-0.756063
0.132705
0.490826
-0.051602
-0.706888
-0.670884
-0.145300
1.000000
1.000000
-0.763354
-0.904358
-0.901226
0.591893
-0.120211
0.880364
-0.527344
-0.505430
-0.137055
0.098869
0.513307
-0.820962
0.700008
0.102536
-0.269486
0.526481
0.276008
1.000000
0.273477
0.359070
-0.165839
0.448700
-0.042795
-0.005953
0.576187
0.374014
0.167587
1.000000
0.266964
-0.297070
-0.327610
-0.766054
0.027911
-1.000000
0.233427
0.473039
0.719814
-0.813630
0.191762
-0.211243
0.561105
-0.910845
-0.208359
0.875829
0.082285
-0.697721
0.902074
0.264342
-0.040693
0.910144
0.547274
-0.406442
0.125265
0.945470
-0.581897
-0.439219
0.095725
-0.206716
-0.310788
-0.573256
0.685242
0.171576
0.400938
-0.725100
0.364460
0.058156
-0.022770
-0.529585
0.197544
-0.971844
1.000000
0.103678
0.130564
-0.238044
0.266180
0.926195
0.922293
-0.221317
0.708556
-0.409657
0.799043
-0.808346
-0.330157
-0.726352
0.308721
-0.078304
0.280154
0.129543
-0.634672
-0.864295
-1.000000
0.058618
0.796359
-0.774087
-0.487801
0.258290
-0.876374
-0.302465
0.202801
0.148245
-0.657609
-1.000000
-1.000000
-0.756231
-0.549578
-0.210911
0.542749
0.931685
0.932896
-0.930677
-0.277476
-0.813505
0.747580
0.742951
-0.154560
-0.497568
-0.028204
0.077915
-0.692912
0.369156
-0.491214
0.408720
1.000000
0.818297
0.978590
-0.077094
-0.219780
0.429636
0.851325
-0.054025
0.137244
1.000000
0.521016
0.768794
-0.439224
0.856704
-0.995387
-0.824412
-0.987946
0.361424
-0.719896
-0.780770
0.567820
-0.362960
-0.991202
0.712651
-0.311808
-0.052985
0.297136
0.376635
0.155191
0.131397
-0.609471
-0.384641
0.166565
-0.695386
0.927971
-0.613666
-0.301207
0.097759
-0.628063
-0.361224
0.189608
0.053170
-0.872804
0.404116
-0.455170
0.409435
0.501952
0.234397
-0.694806
0.700043
-0.254700
-0.604576
0.861778
-0.639590
0.076907
-0.641445
-0.650610
-0.081848
-0.207201
0.178272
0.539793
-0.010620
0.918006
-0.749243
-0.209568
-0.784792
0.140475
0.776304
-0.622118
-0.865946
0.132181
-0.651889
-0.353311
0.777787
-0.505291
0.115531
0.254523
1.000000
-0.099171
-0.865527
0.895993
0.561340
0.794453
-0.344799
0.171159
0.577456
0.293293
-0.181985
0.304725
0.736242
1.000000
0.410598
-0.421080
0.053696
0.003737
-1.000000
0.972222
-0.858670
-0.576003
0.727425
0.395963
0.109608
0.051655
0.635123
-0.217307
0.588387
-0.708999
0.360543
-0.016779
-0.870516
0.165120
0.173896
-0.111606
-0.490574
0.892285
0.110525
0.075966
0.578254
-0.703226
0.598379
-0.232580
0.915019
-0.736477
0.613757
-0.577715
-0.485467
0.072209
0.525184
-1.000000
0.374847
-0.566002
0.955613
-0.879867
0.634802
-0.093376
-0.228995
0.001320
-0.893721
-0.265136
0.041876
-0.360676
0.672334
-0.861850
-0.580398
0.895265
0.162021
0.227668
0.939524
0.216124
-0.097294
0.569300
-0.421884
-0.185832
0.190097
0.865484
-0.788857
-0.529591
0.510208
0.346615
0.402283
-0.708981
0.594673
-0.072219
0.607966
0.573758
-0.017685
0.412294
-0.900637
-0.707994
-0.849640
0.514229
-0.772895
-0.774059
0.091348
-1.000000
-1.000000
0.694807
-0.748863
0.951590
-0.524369
-0.167613
-0.698537
0.826336
0.335724
0.155079
0.865927
0.842045
0.512494
-0.100322
-0.227078
-0.723393
0.617065
-0.916280
0.624223
0.733620
-0.247292
0.191898
-0.986338
0.669597
0.084531
0.719784
-0.917982
-0.689192
-1.000000
-1.000000
-0.744655
-0.772008
-0.648472
-0.366180
1.000000
0.880279
-0.964093
-0.149795
0.395511
-0.492784
-0.378770
0.425617
-0.785595
-0.951453
-0.191970
-0.996583
-0.313914
-0.207740
-0.883833
0.239205
0.301805
-0.330704
0.196253
0.068144
-0.449171
0.757689
-0.919528
0.789465
0.348637
0.507233
0.424640
-0.548532
1.000000
-0.185276
-0.613956
-0.826714
-0.763685
0.756151
0.392235
-0.304349
0.010704
0.149824
1.000000
0.258225
0.221794
-0.033278
-0.876583
-0.530650
-0.408066
0.683904
1.000000
0.081591
0.513964
-1.000000
-0.675224
0.608754
-0.054056
0.250905
0.398379
-0.838501
0.243493
0.781522
-0.547573
-1.000000
0.097749
0.841275
0.474754
-0.004255
0.135413
-0.414104
-0.370494
0.364496
0.155069
0.209531
0.029500
-0.106399
-0.040037
0.722146
-0.649721
-0.811870
0.318074
0.308706
-0.401977
-0.865409
-0.843011
-0.716249
0.723469
-0.620238
-0.382943
-1.000000
0.448542
-0.351180
-0.393791
-0.667305
-0.677954
-0.727379
0.792263
-0.578592
-0.528071
0.286056
-0.616079
0.935839
0.662459
-0.348163
0.378754
0.102026
-0.256647
-0.287042
0.697612
0.669303
-0.703524
0.795247
1.000000
0.405188
0.110928
0.895324
-1.000000
0.992312
0.222760
-0.117924
-0.273684
0.352201
-0.825624
0.408199
-0.143921
-0.948287
0.684721
-0.270198
-0.595196
0.763693
-0.812164
-0.882548
-0.476168
-1.000000
0.088365
-0.357463
-0.514218
-0.598475
0.457914
0.643465
0.062785
-0.854754
-0.461219
0.604218
-0.993278
0.857691
-0.892692
-0.394509
-0.027321
-0.321445
0.565932
0.205348
1.000000
0.786554
0.622304
0.157383
-0.556100
0.296549
-0.488760
-0.299370
0.869961
0.468123
0.015042
0.200366
-0.078348
-0.682359
-0.679438
0.977398
-0.720117
0.471856
-0.306966
-0.388622
0.137105
-0.746243
-0.863017
-0.093696
-0.507855
0.096470
-0.941690
0.280213
-0.579034
-0.871029
0.809724
0.181208
-0.269373
0.481695
0.975005
0.824760
0.929249
0.312902
-0.640831
-0.493165
-0.796530
-0.752381
-0.154491
-0.846505
0.331136
-0.529145
0.314821
0.814304
-0.353878
0.213939
-0.056714
0.039890
-0.343077
0.285238
0.611059
0.016389
0.019979
0.785122
0.234147
0.867273
0.927942
-0.980988
0.559402
0.427966
-0.204823
-0.001359
0.128903
0.509400
-0.086791
0.441386
0.120821
0.664657
0.936094
0.490418
0.436240
0.307839
0.106660
-0.744590
0.091348
-0.241464
-0.231134
0.233232
-0.905890
0.736284
-0.941968
0.385110
-0.007012
1.000000
0.076259
-0.397175
0.737884
-0.804079
-0.338151
-0.604511
-0.389783
0.756923
0.007824
-0.064273
-0.241897
0.195154
0.365651
0.466058
-0.750695
0.504207
0.506353
0.898174
-0.545161
-1.000000
0.351717
-0.437709
-0.900265
0.760946
-0.874786
-0.964581
-0.004041
0.646827
0.018644
0.070529
0.933625
-0.403659
-0.095681
-0.821609
-0.701465
0.397757
-1.000000
-0.463244
0.387178
-0.857254
0.319509
-0.389366
0.931594
0.277958
0.232726
-0.061824
-0.772708
0.766688
-0.465155
0.692421
-0.432801
0.795545
0.969491
0.538892
0.135994
0.264360
-0.774583
0.787767
-0.414636
-0.541711
0.365936
-0.609975
-0.746384
0.373845
1.000000
-0.112144
0.863422
0.047623
-0.721712
0.478481
0.648172
0.946021
-0.126454
-0.145350
0.680527
0.768610
0.937843
0.741952
-0.499665
-1.000000
-0.186547
-0.670432
-0.914214
-0.640080
0.045902
0.018737
-0.643278
-0.053638
-0.634890
-0.294286
-0.111053
0.378719
0.824913
-0.757069
0.321480
0.379988
-0.053132
-0.442295
-0.155070
-0.008909
0.512052
0.171452
0.896860
-0.857348
0.821877
-0.264025
-0.278810
-0.576414
-0.465079
0.998158
0.919389
-0.575998
0.405219
0.044314
0.462111
-0.687888
-0.385756
-0.826774
-0.182023
0.578277
-0.537955
-1.000000
0.963111
-0.709011
-0.419288
0.135181
0.619397
0.346666
-0.973599
-0.903120
1.000000
0.205219
0.985388
0.030718
-0.406819
-1.000000
0.683576
0.800537
0.205283
-0.633704
0.223892
0.351492
-0.011145
-0.259397
-1.000000
0.181348
0.491397
0.970131
0.948904
0.369115
-0.708464
0.067155
0.958892
-0.611612
-0.295346
0.419170
-0.863054
0.929398
-1.000000
-0.588756
0.279615
0.929652
-0.929309
-0.056997
-0.621215
-0.167638
-0.942450
-0.471401
0.788050
-0.119017
-0.403089
-0.236398
0.429590
-0.083814
-0.538774
0.878148
0.482917
-0.298908
0.457991
0.402539
0.016244
0.156955
0.919633
-1.000000
0.855161
-0.765575
0.950993
-1.000000
-0.369755
0.273522
0.149102
-0.700381
-0.441413
-0.527345
-0.691078
-0.981411
0.388304
0.477279
-0.070679
0.539393
-0.279876
-0.702089
-1.000000
-0.798947
-0.773350
0.728438
-0.951193
-0.197832
0.128280
0.080210
-0.683532
-0.867597
-0.157398
-0.941360
0.401812
-0.590172
-0.165767
0.780848
-0.435633
-0.475891
0.497138
-0.904323
-1.000000
-0.207029
0.317445
-0.889503
0.853234
-0.061892
-0.518330
0.556466
-0.215931
0.300982
0.666517
-0.276558
-0.432145
-0.060552
0.618003
-0.010420
-0.468596
0.122725
0.269505
0.006964
-0.352803
0.443149
0.043782
0.312301
-0.928824
-0.995593
-0.963650
0.134310
-0.257167
-0.317716
0.941930
0.343626
0.688663
0.619867
-0.054347
0.391237
-0.048560
0.468803
-0.546640
0.181842
0.885063
-0.265296
0.921936
-0.699967
0.082822
0.538769
0.901741
-0.517436
0.034880
-1.000000
0.667499
0.119058
-0.760496
-0.951170
-0.225928
0.829155
-0.238816
0.194275
-0.800196
0.930840
0.881165
-0.498285
-0.300806
-0.691299
0.159036
-0.112486
0.809965
0.927427
-0.543181
0.635116
0.421566
0.962939
0.589844
0.637911
-0.943992
0.089549
0.100885
0.265114
-0.906072
0.494439
-0.244140
-0.908091
-0.352225
-0.681665
0.625468
0.685227
0.860728
0.134396
-0.159077
-0.684784
0.224125
0.269300
-0.644057
-0.305373
0.705661
-0.766671
-0.900018
0.132614
-0.410778
-0.410350
1.000000
0.227166
-0.443129
0.363719
0.568803
0.934392
0.869411
-0.327657
0.966651
-0.408636
-0.377913
-0.290026
0.147865
0.934885
0.908106
-0.293822
0.845582
0.455796
0.627257
0.137140
0.200226
-0.653918
0.892954
-0.005803
0.084435
0.321660
-0.089002
-0.656441
0.764108
-0.060176
-0.086288
0.189197
-0.248721
1.000000
0.859274
-0.786064
0.645257
-0.219541
0.219735
0.972193
-0.849601
0.820420
-0.201701
-0.768285
0.657421
0.707968
0.420953
-0.531239
0.880630
0.111846
0.089819
-0.277857
-0.979048
0.772232
0.272519
-0.533781
0.974711
0.508442
0.510033
0.800551
0.077380
0.526744
-1.000000
-0.050158
0.828662
0.960925
-0.817419
0.283468
0.720753
0.039725
0.773585
-0.587370
0.498668
-0.465649
-0.910207
0.245840
-0.401073
-0.441913
-0.378431
0.383213
0.246034
-0.803871
-0.451636
0.025760
0.673267
1.000000
-0.111720
0.773109
-0.026379
-0.641271
-0.015080
0.116505
-0.694898
0.304498
-0.607492
0.847251
-0.556203
-0.191874
-0.225464
-0.852814
0.404640
0.336487
0.028412
-0.948138
0.430837
0.366090
-0.063854
0.991428
0.380112
1.000000
0.521982
0.661792
0.560068
0.690381
-0.071594
-0.069951
-0.552808
-0.335355
0.961456
-0.334674
0.144911
0.618344
0.267610
0.791846
0.119555
-0.250959
-0.288965
-0.717767
0.668710
0.624635
0.812476
-0.062915
-0.316455
-0.641770
-0.740108
0.211643
-1.000000
-0.265449
0.646134
-0.816049
0.752126
-0.420305
0.562463
-0.942082
0.493852
0.953231
0.295850
-0.162306
-0.963070
0.882188
0.195612
0.026904
-0.751341
-0.355661
0.861903
0.894779
-0.153537
-0.386052
0.861035
-0.794894
0.060750
0.712908
-0.267303
-1.000000
0.273168
-0.037333
0.397680
-0.224604
0.175760
-0.350966
0.628753
-0.323782
-0.335921
0.962076
0.654011
0.069156
0.325923
-0.348966
-0.405272
-0.144480
0.014689
0.130082
0.099557
-0.850822
-0.907789
-0.571704
0.387885
0.959469
-0.704788
-0.877745
0.584893
-0.449308
-0.263802
0.615619
-0.441608
0.133084
0.519894
0.722500
-0.693797
-0.364307
0.031969
-0.820852
0.046521
-0.111753
-0.873193
-0.159870
0.248108
-0.239982
0.163431
0.853868
-0.098462
-0.805511
-1.000000
0.692105
-0.944501
-0.608279
-0.210639
0.936742
0.914182
-0.293854
0.595198
-0.439842
0.568818
-0.293433
-0.557098
-0.389978
-0.610970
1.000000
0.596445
-0.836558
0.423332
0.501925
0.653362
0.204973
0.912422
-0.278605
-0.721568
-0.128747
-0.643741
0.806496
-0.250945
-0.205073
-0.528985
-0.574785
-0.708794
0.598003
0.222097
0.532698
-0.774911
-0.607807
-0.790380
-0.169574
0.601604
0.110294
-0.141599
0.502269
-0.263755
0.048658
0.742053
-0.219679
0.240162
0.465264
0.758405
0.088885
-0.621553
0.523822
0.202315
-0.935891
-0.564073
0.499517
-0.794050
0.927115
0.801046
0.153643
0.717135
-0.130942
-0.301533
-0.252830
0.307268
0.735757
0.781185
0.854119
-0.643512
-0.281750
-1.000000
0.347883
-0.498239
-0.472434
-0.048431
0.146599
-0.586051
-0.015228
-0.441726
0.542903
-0.102485
-0.816368
-0.948732
-0.890085
-0.318577
1.000000
-0.320838
0.152781
-0.528450
-0.248309
-0.456705
0.837846
-0.583849
0.744550
-0.562851
-0.124219
1.000000
0.209405
-0.544270
-0.132941
0.604117
0.611105
-0.333325
-0.882508
-0.383462
0.507922
-0.430364
0.044607
-0.459963
-0.037253
-0.083384
-0.273253
0.347220
-0.968861
-0.772956
-0.076084
-0.181550
-0.306521
0.345110
-0.021673
-0.352406
-0.132919
-0.195378
0.721749
-0.835160
-0.421516
0.022209
-0.350159
0.451066
0.442455
-1.000000
0.525580
-0.610628
-0.164454
-0.202037
0.870638
0.225438
0.214237
0.266279
0.891139
-0.213141
-0.865882
0.820880
-0.104669
-0.103611
0.031238
0.930235
0.346485
0.735425
0.528840
0.702955
-0.277649
0.759478
0.715809
-0.109285
0.774157
-0.624981
0.949585
0.082384
-1.000000
-0.796149
-0.871506
0.310055
-0.806360
-0.365297
-0.558281
0.573703
-0.913224
0.953668
0.887345
1.000000
-0.332050
-0.183368
-0.698568
0.812087
-0.442102
0.594006
0.283673
0.781501
0.907216
-0.008535
0.575313
-1.000000
0.058943
-0.260971
0.303760
-0.365696
-0.998449
-0.495468
0.763903
-0.053879
0.035077
0.618917
0.956855
0.591936
-1.000000
0.853560
-0.723145
-0.401319
0.367720
-0.042497
-0.621230
-0.017487
-0.956937
0.065183
0.058647
0.012486
0.009251
0.006683
0.087589
0.005068
0.023848
0.031950
0.068889
0.011753
0.129917
0.003033
0.242920
0.002437
0.052534
0.003243
0.020305
0.000757
0.006278
0.099625
0.000457
0.000390
0.012718
0.001692
0.055953
0.020796
0.086548
0.088485
0.006802
0.110956
0.001610
0.005324
0.054554
0.052077
0.047497
0.096697
0.006907
0.049848
0.240745
0.018010
0.000448
0.019404
0.000413
0.001284
0.028263
0.014155
0.012001
0.060926
0.004918
0.012323
0.035165
0.002040
0.065246
0.306279
0.002859
0.070207
0.010545
0.026642
0.050353
0.185650
0.007574
0.747051
0.060139
0.000706
0.706487
0.202421
0.063438
0.152032
0.576774
0.209093
0.004397
0.053139
0.005975
0.093224
0.169518
0.002593
0.014971
0.036797
0.052657
0.010202
0.022719
0.014145
0.008939
0.005427
0.021694
0.006938
0.205772
0.127046
0.014664
0.014426
0.163440
0.002983
0.000487
0.102589
0.063045
0.000769
0.013130
0.001716
0.002536
0.007631
0.048352
0.057259
0.031761
0.055553
0.001067
0.001870
0.171272
0.115192
0.024447
0.040842
0.003204
0.082625
0.044188
0.034390
0.017174
0.015109
0.006546
0.189781
0.402273
0.005340
0.009594
0.016205
0.051130
0.003308
0.000329
0.023663
0.003295
0.009637
0.001091
0.048196
0.003970
0.156919
0.015824
0.110822
0.308163
0.001944
0.050145
0.000907
0.051222
0.090046
0.039432
0.033460
0.001946
0.084072
0.003604
0.120700
0.011856
0.004872
0.009561
0.042119
0.013532
0.066285
0.015809
0.001470
0.019968
0.141541
0.000126
0.079056
0.018373
0.011037
0.344186
0.015997
0.001217
0.108760
0.000170
0.633929
0.003443
0.000797
0.639137
0.058958
0.000381
0.001252
0.204822
0.101984
0.015161
0.457317
0.012834
0.001290
0.007232
0.108519
0.000138
0.002436
0.201860
0.005475
0.028621
0.236269
0.019843
0.058572
0.001737
0.008994
0.002270
0.056351
0.010991
0.020764
0.013535
0.093659
0.044369
0.016178
0.005730
0.120150
0.001587
0.009738
0.006631
0.017661
0.059134
0.089646
0.085418
0.077918
0.422568
0.003555
0.011283
0.090995
0.029323
0.007839
0.046709
0.095270
0.016522
0.006988
0.333741
0.007576
0.087090
0.084665
0.052427
0.022109
0.303720
0.000457
0.158144
0.251287
0.753685
0.023191
0.438704
0.136857
0.016388
0.004403
0.065822
0.106716
0.005831
0.024016
0.056886
0.007458
0.000095
0.006386
0.148258
0.031242
0.177225
0.070158
0.475437
0.000736
0.053388
0.025253
0.000993
0.195161
0.001790
0.076167
0.320460
0.006702
0.001099
0.188046
0.001481
0.003372
0.025960
0.056829
0.153609
0.021240
0.003385
0.026214
0.135011
0.072381
0.006426
0.098114
0.010539
0.056286
0.267635
0.007498
0.003277
0.003171
0.038305
0.003853
0.007323
0.020621
0.008476
0.064234
0.004608
0.166292
0.477605
0.098220
0.015045
0.142333
0.010414
0.000984
0.194278
0.004651
0.003352
0.021637
0.005837
0.957084
0.038811
0.119487
0.191734
0.061962
0.017305
0.335000
0.103387
0.379444
0.160588
0.096587
0.245202
0.318408
0.048008
0.002818
0.113742
0.015212
0.031253
0.040665
0.048204
0.001018
0.033041
0.034571
0.103746
0.116930
0.093843
0.061488
0.097514
0.038336
0.363895
0.472338
0.280051
0.045873
0.144739
0.064847
0.004611
0.004255
0.075475
0.005043
0.024595
0.103616
0.003495
0.014859
0.023196
0.003420
0.013286
0.107645
0.072181
0.171282
0.166550
0.030284
0.040499
0.180092
0.029318
0.083200
0.082833
0.051727
0.087751
0.023223
0.003324
0.003977
0.062478
0.001197
0.010060
0.002364
0.001117
0.081919
0.017756
0.123851
0.137440
0.166796
0.224133
0.033918
0.179485
0.542579
0.000232
0.088273
0.001300
0.230938
0.030764
0.005146
0.006357
0.050192
0.001692
0.002923
0.127182
0.307450
0.001177
0.000342
0.249627
0.084132
0.003381
0.007822
0.091042
0.175223
0.066838
0.008224
0.051587
0.004356
0.033223
0.071297
0.445994
0.000441
0.081933
0.477047
0.025684
0.466715
0.009727
0.003775
0.000875
0.540702
0.037547
0.028249
0.021551
0.003175
0.742486
0.202349
0.264369
0.003439
0.000165
0.007711
0.029762
0.180758
0.003335
0.000029
0.000104
0.046049
0.010226
0.057000
0.002477
0.088723
0.064843
0.014990
0.060113
0.018743
0.037063
0.037267
0.040265
0.012385
0.012505
0.087096
0.025188
0.000626
0.028628
0.013220
0.068807
0.003472
0.045397
0.000036
0.002902
0.009951
0.208875
0.044216
0.029075
0.044001
0.130117
0.058406
0.453376
0.306377
0.050732
0.034536
0.046945
0.062918
0.009696
0.014121
0.011318
0.034980
0.015625
0.011283
0.024051
0.039957
0.002585
0.024324
0.013732
0.189633
0.173295
0.055121
0.333533
0.020531
0.016183
0.026781
0.000269
0.019844
0.014135
0.458844
0.137580
0.040878
0.033040
0.005162
0.013179
0.074284
0.052842
0.012159
0.307050
0.048422
0.026771
0.008686
0.797387
0.159897
0.002790
0.219298
0.015809
0.012759
0.034639
0.007916
0.027881
0.463770
0.016866
0.079095
0.011813
0.048206
0.001976
0.169974
0.330634
0.000085
0.069105
0.000123
0.158318
0.002913
0.594281
0.171018
0.023044
0.245810
0.192005
0.014648
0.001896
0.000354
0.016306
0.119035
0.000904
0.209102
0.003792
0.001876
0.039486
0.053964
0.002911
0.022133
0.007997
0.030243
0.005881
0.010928
0.022654
0.185010
0.001540
0.014445
0.003317
0.194680
0.006295
0.122646
0.006978
0.079091
0.244999
0.309469
0.077854
0.032080
0.000340
0.182074
0.010034
0.156641
0.242637
0.025022
0.032293
0.002258
0.026271
0.056668
0.014144
0.024490
0.001014
0.034060
0.018434
0.008065
0.001540
0.000041
0.000436
0.026490
0.011707
0.023888
0.120111
0.005245
0.009945
0.665538
0.000004
0.037135
0.029549
0.052832
0.001139
0.156907
0.112215
0.128810
0.194223
0.040245
0.006250
0.007146
0.000869
0.036747
0.134688
0.045208
0.298812
0.206642
0.047885
0.019594
0.032141
0.003524
0.119925
0.073481
0.045395
0.020929
0.105389
0.225957
0.000302
0.000098
0.005405
0.006365
0.001528
0.066189
0.059686
0.000407
0.026939
0.013237
0.326827
0.124121
0.040176
0.011144
0.000021
0.043518
0.033275
0.000898
0.123077
0.013409
0.014131
0.423017
0.029470
0.011765
0.007334
0.012912
0.279193
0.015548
0.041693
0.012607
0.012849
0.232087
0.028711
0.008319
0.022310
0.000679
0.000579
0.001917
0.143112
0.068292
0.023293
0.001538
0.014609
0.005217
0.000543
0.002481
0.001012
0.010517
0.058780
0.005108
0.081284
0.000071
0.169155
0.000501
0.273732
0.014233
0.062634
0.199481
0.041279
0.003358
0.037574
0.034066
0.289148
0.006578
0.004832
0.056969
0.253239
0.233073
0.000017
0.000103
0.006666
0.000107
0.164784
0.240928
0.000486
0.017864
0.088823
0.052018
0.003971
0.003935
0.011246
0.055454
0.028911
0.006776
0.032695
0.062126
0.057742
0.028443
0.100051
0.129569
0.706074
0.058235
0.138904
0.018392
0.001054
0.012560
0.218225
0.582644
0.019369
0.159292
0.006986
0.015309
0.064870
0.017924
0.004047
0.000921
0.003114
0.007318
0.001713
0.092512
0.002495
0.000347
0.012111
0.456778
0.099354
0.012084
0.045838
0.029632
0.138285
0.097435
0.010461
0.020249
0.005131
0.000158
0.069519
0.743643
0.011077
0.000532
0.064100
0.000822
0.020635
0.000286
0.010414
0.007276
0.000156
0.005793
0.030960
0.019335
0.025481
0.040098
0.027387
0.629777
0.100142
0.393005
0.003069
0.005831
0.458457
0.002310
0.015113
0.024668
0.010741
0.074042
0.178696
0.002677
0.021029
0.002436
0.045057
0.009401
0.007141
0.008715
0.058135
0.067299
0.030054
0.001964
0.000712
0.172098
0.281944
0.210866
0.135407
0.015901
0.064621
0.087181
0.047202
0.693869
0.163141
0.026419
0.009787
0.091738
0.037716
0.370886
0.123122
0.015328
0.006647
0.023041
0.049809
0.001786
0.075029
0.025526
0.066229
0.024495
0.109602
0.033122
0.024355
0.200543
0.020462
0.046376
0.000957
0.398592
0.025511
0.082175
0.014372
0.076440
0.037507
0.047040
0.016806
0.107809
0.223818
0.083662
0.077138
0.336189
0.008528
0.014063
0.019586
0.002108
0.130916
0.047002
0.041250
0.000258
0.046131
0.289692
0.181567
0.008013
0.004966
0.094047
0.020978
0.017404
0.011535
0.000110
0.057425
0.000440
0.001278
0.016061
0.150330
0.004594
0.013202
0.628400
0.080816
0.031362
0.008056
0.001713
0.354722
0.058975
0.008531
0.000987
0.004005
0.262216
0.141089
0.294900
0.083187
0.001768
0.010658
0.081792
0.000081
0.007921
0.021385
0.001759
0.016273
0.000079
0.107864
0.363356
0.013051
0.030991
0.041761
0.003527
0.113825
0.058538
0.000214
0.011541
0.005188
0.004168
0.357175
0.026255
0.012646
0.215131
0.162176
0.061532
0.013409
0.002216
0.044729
0.020234
0.051104
0.047495
0.209941
0.053951
0.083141
0.008826
0.055058
0.000900
0.003742
0.050009
0.002884
0.211200
0.017577
0.103764
0.013858
0.155172
0.001489
0.001038
0.270423
0.001697
0.071278
0.026240
0.009643
0.012955
0.047454
0.284684
0.006925
0.085963
0.028625
0.022498
0.007928
0.002596
0.039597
0.076188
0.067247
0.000826
0.069293
0.000053
0.043358
0.076559
0.000452
0.058012
0.090141
0.015777
0.059925
0.021223
0.149732
0.062977
0.000221
0.009688
0.007841
0.159704
0.080516
0.033118
0.326438
0.008513
0.012249
0.000209
0.021986
0.075010
0.078394
0.040471
0.010207
0.002222
0.011398
0.003197
0.017325
0.122442
0.000817
0.087897
0.003677
0.037220
0.104165
0.047578
0.008652
0.039336
0.123830
0.019911
0.285948
0.634493
0.007659
0.026485
0.051059
0.068137
0.066175
0.010540
0.086054
0.023246
0.056161
0.000177
0.072828
0.322535
0.057884
0.876792
0.001865
0.012004
0.101501
0.021386
0.130252
0.055182
0.470363
0.511190
0.000729
0.010606
0.005003
0.006929
0.018243
0.003704
0.016661
0.004857
0.000698
0.107475
0.033696
0.089412
0.003875
0.263716
0.034458
0.008108
0.008622
0.023590
0.002434
0.011332
0.000171
0.087639
0.010790
0.002045
0.492879
0.225064
0.161546
0.010042
0.027424
0.140853
0.017947
0.127262
0.009351
0.005223
0.102483
0.125192
0.087989
0.802495
0.291183
0.175385
0.284227
0.975794
0.002413
0.000297
0.131393
0.029411
0.007532
0.014293
0.323057
0.467068
0.220601
0.330273
0.003056
0.178275
0.215876
0.226631
0.000947
0.000517
0.587684
0.013156
0.139401
0.033183
0.396745
0.007181
0.001792
0.065724
0.007745
0.557063
0.000288
0.017464
0.045292
0.129866
0.019264
0.011021
0.013713
0.082839
0.042791
0.010042
0.022662
0.045823
0.002746
0.090324
0.038490
0.001999
0.002633
0.181647
0.162065
0.028584
0.273545
0.002817
0.015184
0.019934
0.110831
0.127353
0.096186
0.946339
0.432357
0.057432
0.001165
0.020212
0.010509
0.003102
0.144310
0.093877
0.002192
0.003204
0.021784
0.353524
0.128280
0.041489
0.125375
0.035343
0.049810
0.001305
0.044427
0.047344
0.175083
0.116858
0.028753
0.074307
0.210933
0.043279
0.145953
0.278559
0.081028
0.002415
0.073490
0.032058
0.806409
0.027911
0.007759
0.000808
0.070389
0.035847
0.044109
0.205969
0.348458
0.000641
0.128364
0.015797
0.003349
0.036138
0.033665
0.023619
0.047712
0.003776
0.010617
0.000585
0.022215
0.075833
0.003221
0.000599
0.006640
0.053740
0.035986
0.012683
0.107524
0.010952
0.010568
0.051337
0.025846
0.127242
0.197481
0.069353
0.288518
0.373368
0.126838
0.009899
0.100703
0.026976
0.035586
0.037649
0.617924
0.021624
0.100292
0.017156
0.047632
0.094149
0.005571
0.001967
0.028759
0.071630
0.045010
0.011322
0.035638
0.081036
0.320763
0.069563
0.001736
0.021204
0.066405
0.043157
0.156459
0.034125
0.060605
0.022113
0.117125
0.090072
0.001994
0.015036
0.274448
0.088368
0.004506
0.028948
0.148072
0.073259
0.068103
0.012643
0.002172
0.017528
0.006022
0.022611
0.458455
0.001527
0.057163
0.000508
0.131534
0.439151
0.063053
0.765420
0.044631
0.186805
0.000152
0.000264
0.330506
0.113942
0.005184
0.141447
0.079855
0.000058
0.167330
0.095118
0.013615
0.129371
0.228075
0.016195
0.021286
0.439389
0.247980
0.001490
0.009381
0.037535
0.023052
0.105992
0.000418
0.047733
0.004265
0.035822
0.021361
0.024795
0.015051
0.003549
0.135464
0.153341
0.391778
0.048356
0.022869
0.209891
0.029547
0.202335
0.028795
0.033723
0.034287
0.080144
0.001865
0.037237
0.000218
0.002189
0.125697
0.038836
0.455320
0.602120
0.007183
0.052770
0.083115
0.123030
0.012196
0.000360
0.005113
0.177520
0.004128
0.008828
0.273545
0.118024
0.008236
0.179921
0.110907
0.000329
0.589869
0.009750
0.080490
0.048175
0.034224
0.087995
0.048879
0.008931
0.050598
0.276316
0.428646
0.158625
0.009172
0.002630
0.045409
0.003716
0.208766
0.004953
0.001141
0.005032
0.071258
0.010359
0.027407
0.060291
0.009262
0.035119
0.590004
0.015160
0.210833
0.028805
0.349607
0.068279
0.230658
0.062887
0.000803
0.060848
0.005209
0.229180
0.573027
0.005089
0.057558
0.433302
0.065796
0.000697
0.194958
0.001508
0.029567
0.002751
0.058821
0.187548
0.558093
0.107866
0.000291
0.006643
0.091793
0.001431
0.065435
0.299560
0.228461
0.013891
0.086063
0.170825
0.014626
0.004838
0.043087
0.257082
0.029687
0.420421
0.182743
0.036006
0.001687
0.361083
0.004561
0.000720
0.103040
0.038945
0.145729
0.038519
0.089289
0.306751
0.001182
0.053214
0.456209
0.217345
0.034636
0.000470
0.179581
0.032646
0.100433
0.001023
0.000240
0.000117
0.000244
0.210646
0.169256
0.099668
0.014541
0.095141
0.117571
0.004220
0.064977
0.306498
0.031317
0.000457
0.005814
0.001797
0.013809
0.006599
0.016227
0.040610
0.006149
0.134750
0.017608
0.089552
0.035291
0.003874
0.011703
0.023603
0.044605
0.047723
0.022349
0.286362
0.061296
0.026082
0.044139
0.049234
0.139271
0.005146
0.004402
0.004642
0.004733
0.033958
0.017285
0.000321
0.016320
0.317786
0.073801
0.002767
0.147136
0.006529
0.044111
0.266762
0.464563
0.087519
0.076360
0.220989
0.096205
0.010981
0.042161
0.038782
0.096888
0.346937
0.004409
0.016218
0.012525
0.121788
0.016673
0.221277
0.000125
0.000909
0.033248
0.006501
0.015906
0.204023
0.057188
0.053910
0.205962
0.013242
0.023356
0.019394
0.079772
0.701866
0.097436
0.092068
0.002830
0.000287
0.284123
0.032468
0.000113
0.014235
0.022102
0.002525
0.004300
0.046338
0.007682
0.020207
0.003945
0.072674
0.115673
0.032783
0.097549
0.110672
0.005009
0.014576
0.158458
0.011178
0.404365
0.008006
0.167522
0.003597
0.000391
0.070082
0.806857
0.105146
0.139899
0.298630
0.038921
0.020530
0.012118
0.139310
0.005305
0.039373
0.033357
0.063857
0.035308
0.020981
0.003958
0.071920
0.035841
0.062454
0.009502
0.216403
0.297974
0.010806
0.027902
0.063734
0.651510
0.103166
0.005338
0.027829
0.020537
0.004523
0.026389
0.020327
0.218956
0.046821
0.000382
0.029212
0.032410
0.074797
0.002430
0.001309
0.002150
0.066662
0.018689
0.118002
0.009240
0.000980
0.090083
0.168698
0.116223
0.024394
0.306399
0.002310
0.010174
0.057057
0.802370
0.001709
0.169324
0.145728
0.052463
0.041568
0.011556
0.007507
0.003338
0.070379
0.242251
0.024641
0.064058
0.000895
0.078462
0.007201
0.005041
0.685872
0.020259
0.005330
0.043744
0.000961
0.021548
0.004134
0.006402
0.006194
0.139478
0.140683
0.115713
0.087491
0.003917
0.955160
0.002926
0.213458
0.067689
0.002738
0.012292
0.007828
0.029314
0.009144
0.010183
0.133168
0.007501
0.894878
0.007283
0.017695
0.204161
0.056857
0.002537
0.061426
0.018728
0.256279
0.032075
0.000216
0.019597
0.087917
0.002556
0.016718
0.040305
0.001201
0.017957
0.003779
0.019731
0.031553
0.713067
0.047883
0.000207
0.008716
0.010013
0.025666
0.098825
0.052365
0.741574
0.626333
0.007955
0.793473
0.063845
0.015466
0.046901
0.000172
0.007250
0.026933
0.019296
0.060402
0.020762
0.336309
0.047122
0.011701
0.003921
0.066866
0.167739
0.009682
0.007515
0.014810
0.009208
0.112826
0.097229
0.043062
0.002672
0.100977
0.054147
0.005345
0.057925
0.000466
0.002224
0.086221
0.084112
0.067087
0.000020
0.036355
0.008935
0.003500
0.003447
0.006775
0.000421
0.290243
0.008230
0.319813
0.000806
0.119173
0.107185
0.016399
0.405354
0.025768
0.087779
0.067164
0.024562
0.003661
0.001270
0.026797
0.002200
0.032888
0.000101
0.196269
0.000575
0.222101
0.022165
0.136292
0.022030
0.032429
0.046471
0.023153
0.040689
0.131129
0.068864
0.104031
0.247510
0.045459
0.046960
0.000034
0.604946
0.115116
0.001259
0.032518
0.561998
0.153597
0.003221
0.078326
0.000626
0.011159
0.002044
0.016910
0.010877
0.001008
0.082826
0.010282
0.011908
0.008738
0.000434
0.044896
0.003314
0.114236
0.005493
0.008710
0.030245
0.000319
0.000079
0.003146
0.216760
0.022695
0.006202
0.035484
0.007908
0.006815
0.255882
0.003574
0.000444
0.003136
0.028489
0.011629
0.017719
0.049730
0.032976
0.021167
0.039246
0.005446
0.083421
0.120461
0.097403
0.018859
0.027006
0.330234
0.001118
0.457454
0.064926
0.000520
0.004433
0.191859
0.176200
0.169636
0.565480
0.010514
0.009436
0.021041
0.018767
0.194358
0.002856
0.257637
0.010696
0.001461
0.744275
0.243467
0.336076
0.059020
0.011005
0.006774
0.110166
0.012901
0.992839
0.016974
0.063736
0.048962
0.036111
0.024370
0.105644
0.242540
0.008108
0.122419
0.004998
0.000123
0.040761
0.005842
0.004040
0.007919
0.012662
0.003931
0.009668
0.041574
0.013700
0.078661
0.005044
0.021272
0.004008
0.815605
0.361915
0.354364
0.119966
0.000211
0.013237
0.050000
0.085357
0.030746
0.001222
0.002359
0.009540
0.029263
0.002957
0.201171
0.307342
0.007039
0.008577
0.224785
0.501179
0.038676
0.025562
0.046073
0.067829
0.031704
0.036792
0.105777
0.007942
0.001589
0.004818
0.011901
0.119856
0.009303
0.042342
0.388743
0.005131
0.113419
0.097056
0.175732
0.008430
0.000046
0.149609
0.048752
0.037919
0.001982
0.035945
0.000507
0.011532
0.048445
0.037419
0.017799
0.000345
0.012564
0.000192
0.013066
0.057889
0.060693
0.895127
0.010114
0.000442
0.012300
0.052108
0.033485
0.013538
0.020355
0.033918
0.061698
0.005525
0.015473
0.002188
0.000328
0.069008
0.043286
0.157732
0.021060
0.088757
0.877031
0.167923
0.005750
0.043383
0.061785
0.000087
0.012248
0.242919
0.089113
0.020288
0.000325
0.000179
0.444149
0.085621
0.690854
0.045474
0.028970
0.037900
0.167110
0.171774
0.032108
0.244193
0.005084
0.001176
0.258000
0.014177
0.210428
0.002263
0.288397
0.015540
0.019916
0.554760
0.001427
0.048511
0.000100
0.003963
0.063949
0.008555
0.102858
0.036277
0.205270
0.010176
0.249652
0.002567
0.231014
0.000771
0.014389
0.077443
0.034987
0.038533
0.015881
0.031665
0.001721
0.228915
0.584580
0.006662
0.113199
0.026074
0.365140
0.062541
0.140489
0.090218
0.008471
0.045853
0.108914
0.100523
0.000252
0.032349
0.002651
0.189792
0.056412
0.019038
0.004256
0.405368
0.125253
0.037529
0.007887
0.000116
0.030613
0.002747
0.062751
0.331403
0.001190
0.019988
0.044390
0.003723
0.014401
0.084051
0.002727
0.022366
0.298566
0.066146
0.000029
0.427053
0.008759
0.006313
0.344625
0.325484
0.303889
0.080753
0.016112
0.126113
0.012034
0.010569
0.009238
0.002810
0.115862
0.062042
0.017111
0.006528
0.118909
0.109499
0.002496
0.032788
0.000045
0.036986
0.028342
0.002258
0.009569
0.351470
0.034160
0.076062
0.077324
0.008141
0.012835
0.022142
0.009534
0.009415
0.000029
0.049659
0.002816
0.001711
0.021204
0.001947
0.053799
0.040382
0.029234
0.025086
0.240914
0.002175
0.011506
0.024806
0.012796
0.018508
0.003201
0.184109
0.003216
0.016651
0.452005
0.002726
0.358718
0.035652
0.005549
0.032615
0.000267
0.000564
0.010717
0.186948
0.005772
0.461551
0.000696
0.364949
0.109424
0.025240
0.064398
0.001483
0.028812
0.060934
0.019551
0.059568
0.015240
0.371984
0.002390
0.002893
0.024124
0.002641
0.164800
0.027285
0.003746
0.002207
0.040025
0.056496
0.423899
0.107496
0.011392
0.062977
0.202234
0.020762
0.001679
0.004216
0.000160
0.077439
0.002330
0.134989
0.140297
0.105917
0.299110
0.036615
0.037832
0.002660
0.318224
0.030867
0.041133
0.058914
0.001225
0.672127
0.092157
0.062332
0.030437
0.680711
0.019960
0.062279
0.023871
0.011784
0.290625
0.058572
0.045087
0.003692
0.028644
0.005959
0.115853
0.059281
0.007183
0.007067
0.002640
0.042116
0.005203
0.049146
0.091095
0.005992
0.010087
0.090085
0.088048
0.000445
0.008538
0.036839
0.001822
0.013825
0.686612
0.000642
0.008973
0.054417
0.005444
0.037706
0.053082
0.341128
0.014122
0.013322
0.178589
0.019974
0.007853
0.004788
0.059763
0.014823
0.054528
0.000547
0.113866
0.172520
0.037977
0.012733
0.062654
0.045112
0.005169
0.852309
0.063409
0.016234
0.116670
0.057729
0.036263
0.021487
0.125138
0.099726
0.017048
0.064863
0.000909
0.003008
0.020098
0.001565
0.014516
0.000040
0.011903
0.154576
0.002353
0.137223
0.000497
0.003394
0.004284
0.046795
0.167435
0.001491
0.030763
0.034254
0.107691
0.000908
0.201223
0.002821
0.000758
0.003548
0.004406
0.036028
0.330156
0.000363
0.019642
0.034801
0.528290
0.119889
0.005655
0.259949
0.000869
0.172688
0.028520
0.184560
0.025798
0.000354
0.099658
0.111532
0.030605
0.031307
0.033759
0.048898
0.095423
0.020550
0.029294
0.219938
0.024994
0.003374
0.117201
0.004278
0.639063
0.052745
0.054672
0.001325
0.034971
0.004246
0.011608
0.014680
0.002414
0.021368
0.189784
0.049062
0.143166
0.436724
0.001128
0.025060
0.368541
0.014164
0.002581
0.165478
0.000014
0.000446
0.000015
0.040267
0.019043
0.006028
0.028046
0.000026
0.001340
0.076101
0.020351
0.012623
0.425077
0.010185
0.009453
0.194218
0.001868
0.105652
0.079044
0.003693
0.000841
0.214101
0.002556
0.002308
0.047382
0.002061
0.028537
0.080119
0.000129
0.008941
0.025325
0.016901
0.099665
0.057819
0.072163
0.017453
0.116461
0.032459
0.404907
0.011886
0.033125
0.065476
0.006531
0.193635
0.057932
0.020562
0.010221
0.001873
0.006538
0.104290
0.033353
0.069879
0.106319
0.070961
0.036138
0.058795
0.446737
0.140856
0.096212
0.020973
0.003063
0.011292
0.004448
0.163378
0.098214
0.024967
0.365104
0.050742
0.600518
0.004108
0.030630
0.010802
0.002555
0.502502
0.017854
0.004861
0.875775
0.030269
0.107333
0.373787
0.015107
0.028160
0.002917
0.002301
0.056497
0.129390
0.003375
0.007563
0.065652
0.008424
0.024703
0.079972
0.030292
0.020874
0.004946
0.000076
0.098158
0.048004
0.017037
0.099061
0.373811
0.005910
0.038375
0.000037
0.013607
0.000689
0.138012
0.037848
0.035957
0.000627
0.076084
0.003218
0.094464
0.186350
0.015147
0.013794
0.035952
0.343510
0.005761
0.019141
0.029862
0.001985
0.002853
0.029885
0.010127
0.011413
0.447314
0.001328
0.578939
0.007390
0.010034
0.005050
0.003087
0.052013
0.020282
0.165345
0.142815
0.005674
0.034580
0.004100
0.000657
0.029930
0.001231
0.000147
0.154400
0.145370
0.029385
0.000171
0.092575
0.008429
0.132718
0.170923
0.000122
0.045649
0.518098
0.042181
0.495068
0.013223
0.324034
0.011400
0.014853
0.066090
0.032474
0.028709
0.001525
0.336884
0.000597
0.052102
0.376757
0.045407
0.018619
0.235632
0.040350
0.054105
0.030444
0.088869
0.000806
0.102947
0.237692
0.007500
0.013052
0.162375
0.005267
0.013761
0.046836
0.001597
0.053533
0.024901
0.043993
0.088833
0.061564
0.007535
0.014445
0.151893
0.000104
0.052410
0.015587
0.079508
0.000922
0.015219
0.296176
0.008262
0.189049
0.247716
0.258110
0.033215
0.018322
0.000332
0.734761
0.033378
0.086647
0.010026
0.026394
0.010085
0.006490
0.006393
0.219360
0.009318
0.057905
0.033964
0.003758
0.029472
0.014570
0.492838
0.000649
0.105487
0.073898
0.004332
0.015164
0.022510
0.006516
0.000534
0.016949
0.388127
0.053417
0.647180
0.013342
0.126950
0.081622
0.005700
0.216942
0.000127
0.002470
0.000306
0.000922
0.270061
0.046718
0.010570
0.008241
0.222024
0.034430
0.265614
0.222084
0.004931
0.011600
0.041333
0.000603
0.179601
0.011022
0.030671
0.003512
0.068961
0.029691
0.044279
0.023083
0.009106
0.031764
0.163031
0.018427
0.051197
0.010389
0.300815
0.001452
0.069409
0.006253
0.486342
0.005084
0.021399
0.003643
0.028771
0.146740
0.497392
0.015463
0.011034
0.013981
0.002345
0.009552
0.001623
0.016997
0.005094
0.037117
0.217874
0.003730
0.037719
0.212519
0.007865
0.055847
0.402684
0.010324
0.160087
0.401432
0.018208
0.503464
0.059401
0.053852
0.099734
0.070484
0.013370
0.000121
0.066415
0.159957
0.607501
0.086057
0.183473
0.000349
0.000210
0.024163
0.065721
0.332642
0.939347
0.018700
0.158187
0.331271
0.023043
0.100241
0.030753
0.020952
0.103719
0.008715
0.011278
0.051653
0.022756
0.021924
0.023068
0.075448
0.001233
0.000806
0.497925
0.038143
0.268033
0.085085
0.000221
0.046071
0.031563
0.007738
0.000417
0.389531
0.012352
0.000889
0.005158
0.298665
0.062645
0.061053
0.049617
0.010214
0.036477
0.056085
0.301164
0.296681
0.453620
0.100796
0.004208
0.066090
0.184628
0.041481
0.308558
0.004522
0.084690
0.325874
0.004929
0.045597
0.012568
0.028694
0.077160
0.021437
0.603574
0.023503
0.265448
0.006008
0.010136
0.263794
0.146107
0.011100
0.092557
0.003517
0.008724
0.052116
0.004040
0.044404
0.000993
0.040413
0.145591
0.008782
0.100594
0.090236
0.005992
0.001420
0.171844
0.021755
0.142537
0.137055
0.009582
0.338328
0.024340
0.025508
0.482265
0.202534
0.036183
0.064063
0.000363
0.002957
0.027816
0.012938
0.000084
0.032244
0.033138
0.017225
0.000059
0.034231
0.166129
0.177136
0.057915
0.050500
0.050956
0.253229
0.003999
0.010640
0.003182
0.203726
0.128334
0.695190
0.001852
0.005562
0.067211
0.085624
0.013590
0.004084
0.027923
0.018863
0.027214
0.128673
0.030573
0.008461
0.218889
0.201147
0.001297
0.120599
0.003978
0.138602
0.442103
0.005578
0.076900
0.384398
0.006020
0.081655
0.028264
0.042073
0.182976
0.008062
0.008310
0.087335
0.406216
0.020315
0.049107
0.001574
0.017999
0.072696
0.569751
0.108252
0.356497
0.005582
0.382930
0.001015
0.009538
0.186101
0.015832
0.003481
0.037412
0.009146
0.007147
0.026890
0.032541
0.002134
0.033699
0.003211
0.139018
0.230401
0.005316
0.053439
0.090153
0.160668
0.029642
0.000540
0.011209
0.303216
0.010938
0.003297
0.002894
0.069338
0.035001
0.009359
0.070009
0.073616
0.003536
0.003811
0.001503
0.003413
0.017411
0.006665
0.057380
0.371921
0.102824
0.055648
0.090290
0.010957
0.013544
0.001745
0.038712
0.005345
0.055723
0.001898
0.016069
0.000638
0.027492
0.010038
0.111954
0.064735
0.055069
0.004099
0.005878
0.188857
0.081484
0.221490
0.017746
0.001731
0.038936
0.046226
0.251344
0.022409
0.161044
0.404324
0.045232
0.013937
0.113505
0.045301
0.046377
0.073815
0.008946
0.030622
0.262834
0.018669
0.723839
0.053218
0.011968
0.000748
0.051568
0.133648
0.507786
0.005413
0.002818
0.000576
0.007072
0.025783
0.359966
0.117602
0.365441
0.009987
0.000511
0.086660
0.009966
0.370538
0.020443
0.038840
0.005413
0.006340
0.157605
0.154184
0.159768
0.018501
0.733465
0.003064
0.001562
0.011635
0.014126
0.008589
0.003123
0.052178
0.003586
0.000812
0.329796
0.004486
0.008971
0.014682
0.409189
0.080412
0.025724
0.017132
0.000388
0.062833
0.413966
0.031220
0.081088
0.133776
0.425687
0.024195
0.054169
0.071636
0.001088
0.014458
0.037421
0.054536
0.044254
0.003131
0.040891
0.003449
0.000137
0.004346
0.053772
0.045778
0.271204
0.022310
0.088031
0.049639
0.000585
0.052645
0.062829
0.002132
0.044574
0.023286
0.090442
0.039752
0.066479
0.095792
0.103144
0.004685
0.006189
0.024157
0.000469
0.008120
0.040035
0.064893
0.000277
0.131003
0.009792
0.042275
0.020212
0.028022
0.016260
0.153935
0.045608
0.011306
0.151294
0.204506
0.023226
0.013058
0.050047
0.143955
0.307980
0.160844
0.065913
0.065440
0.257483
0.000716
0.023240
0.112749
0.000627
0.039061
0.001734
0.002573
0.014815
0.006395
0.064647
0.057112
0.292343
0.012066
0.002617
0.270771
0.046343
0.182530
0.006974
0.119732
0.595706
0.322848
0.195837
0.165658
0.034058
0.013535
0.004442
0.017852
0.003763
0.000718
0.158391
0.068708
0.011278
0.020726
0.020965
0.085037
0.014209
0.070542
0.019600
0.056223
0.048748
0.001146
0.054240
0.005759
0.018355
0.005629
0.012371
0.106452
0.040532
0.028810
0.629904
0.052917
0.042747
0.223952
0.019257
0.079087
0.003629
0.328130
0.040873
0.009130
0.146300
0.018712
0.011667
0.052027
0.042204
0.242360
0.131598
0.638198
0.009573
0.008985
0.037582
0.081331
0.364898
0.015322
0.000966
0.002543
0.007138
0.007865
0.051707
0.279737
0.246686
0.039619
0.062149
0.004855
0.079072
0.038594
0.062647
0.052513
0.086220
0.055540
0.056823
0.024257
0.055379
0.119823
0.000447
0.005071
0.061175
0.057221
0.271233
0.010270
0.005804
0.072697
0.060195
0.075964
0.234642
0.406586
0.057583
0.090744
0.259422
0.001862
0.003622
0.015095
0.052708
0.056890
0.000671
0.013988
0.018130
0.005479
0.308364
0.068592
0.003209
0.008123
0.036054
0.418804
0.082945
0.000304
0.086152
0.002506
0.030710
0.036854
0.374614
0.324039
0.013848
0.053562
0.248687
0.008891
0.006718
0.026707
0.006760
0.051628
0.120767
0.003326
0.000475
0.010880
0.370963
0.131408
0.041661
0.004122
0.119634
0.039267
0.002245
0.123466
0.136887
0.308947
0.139481
0.015825
0.068394
0.220669
0.023363
0.001318
0.003233
0.011761
0.313796
0.039641
0.000370
0.265570
0.039662
0.002259
0.020546
0.001184
0.003531
0.024806
0.035444
0.009747
0.260692
0.000090
0.013185
0.027090
0.002154
0.620276
0.305104
0.155166
0.009815
0.012047
0.008098
0.043786
0.003735
0.012402
0.075953
0.028738
0.069888
0.005448
0.013473
0.018141
0.038265
0.018798
0.286273
0.112022
0.063473
0.032359
0.045597
0.011310
0.322094
0.020410
0.025785
0.026180
0.020424
0.087146
0.015332
0.000604
0.074008
0.012000
0.152257
0.016226
0.130864
0.159540
0.031869
0.018285
0.119665
0.038555
0.300199
0.010337
0.519457
0.324678
0.007182
0.003882
0.166449
0.005599
0.095321
0.005924
0.037657
0.073870
0.009045
0.052538
0.022857
0.010633
0.011594
0.049128
0.012329
0.000416
0.046828
0.201401
0.116080
0.190161
0.074545
0.002273
0.000897
0.004647
0.019979
0.005157
0.014105
0.011674
0.002035
0.016254
0.000576
0.248383
0.068668
0.000354
0.088297
0.008740
0.006475
0.001840
0.000118
0.016967
0.006604
0.056708
0.063121
0.006724
0.004946
0.016043
0.111749
0.547286
0.186743
0.055956
0.005684
0.390951
0.097553
0.012496
0.001171
0.058982
0.013466
0.054298
0.414988
0.031753
0.047447
0.000117
0.053543
0.007313
0.006148
0.221404
0.008559
0.072836
0.041691
0.180119
0.369410
0.035716
0.013090
0.017341
0.004182
0.012228
0.006848
0.001099
0.031468
0.029167
0.004152
0.002725
0.013785
0.141122
0.054473
0.058104
0.000896
0.151045
0.055467
0.101788
0.000579
0.098789
0.000506
0.305271
0.004922
0.286001
0.057584
0.048423
0.108291
0.215602
0.002770
0.082548
0.013684
0.081671
0.074214
0.036699
0.007321
0.437030
0.034102
0.199459
0.003050
0.433273
0.102410
0.038635
0.007843
0.002175
0.005990
0.001604
0.037381
0.042872
0.081442
0.912668
0.096465
0.019736
0.005724
0.086220
0.043355
0.129020
0.431257
0.029410
0.063964
0.021494
0.061516
0.714039
0.008457
0.019751
0.102992
0.075878
0.005395
0.018735
0.002786
0.013695
0.628453
0.008047
0.092816
0.242421
0.034394
0.072144
0.047538
0.027850
0.160758
0.054345
0.007387
0.113638
0.003547
0.030619
0.003918
0.026073
0.323144
0.072258
0.002538
0.120554
0.711806
0.019297
0.196808
0.385445
0.282285
0.020934
0.072521
0.192231
0.044467
0.156292
0.046042
0.050172
0.058792
0.003084
0.116052
0.024660
0.001792
0.033800
0.066195
0.107083
0.028902
0.074745
0.180892
0.004519
0.004109
0.063052
0.006703
0.179925
0.401320
0.054816
0.127603
0.002732
0.115369
0.039667
0.006383
0.106452
0.003179
0.000698
0.058979
0.015001
0.012961
0.017863
0.047361
0.042971
0.005867
0.018798
0.021877
0.364963
0.017196
0.009123
0.009864
0.030787
0.012236
0.037939
0.181809
0.093941
0.437199
0.001249
0.003809
0.019957
0.007140
0.078750
0.041045
0.001218
0.197264
0.027761
0.007859
0.258522
0.018237
0.030401
0.058222
0.012592
0.124037
0.036544
0.033773
0.000437
0.151807
0.008723
0.056765
0.260171
0.001887
0.000111
0.054333
0.193044
0.123958
0.426849
0.225988
0.115075
0.081182
0.000559
0.090637
0.002966
0.009872
0.000023
0.657339
0.239168
0.007557
0.028962
0.270204
0.027715
0.003852
0.006454
0.018520
0.027610
0.002050
0.392876
0.030667
0.008796
0.000918
0.002890
0.004202
0.151852
0.221751
0.011549
0.019578
0.051458
0.003234
0.035202
0.337966
0.141635
0.301465
0.080964
0.114750
0.134459
0.035929
0.001330
0.172381
0.020569
0.000768
0.005214
0.006013
0.000340
0.351972
0.025341
0.010323
0.433574
0.206250
0.098170
0.009450
0.240997
0.184922
0.129879
0.061199
0.142216
0.071132
0.021076
0.001217
0.087015
0.013403
0.010119
0.116113
0.059680
0.006086
0.187815
0.001671
0.019051
0.026783
0.013845
0.017075
0.122823
0.122075
0.020169
0.015647
0.034608
0.105615
0.066245
0.002843
0.030546
0.016112
0.000161
0.051235
0.126630
0.008366
0.121246
0.008010
0.078437
0.063542
0.258743
0.076164
0.008773
0.050725
0.033233
0.050943
0.018558
0.028346
0.106375
0.049891
0.090966
0.284749
0.057434
0.076927
0.028796
0.447514
0.000485
0.044479
0.551221
0.011297
0.053927
0.024604
0.012203
0.052553
0.058887
0.070515
0.014020
0.017300
0.018412
0.082578
0.405034
0.004943
0.016434
0.016251
0.005765
0.000008
0.011105
0.020790
0.307921
0.285585
0.092168
0.068680
0.018501
0.013978
0.019310
0.100770
0.000951
0.258705
0.085401
0.018219
0.004064
0.001909
0.058342
0.001105
0.127675
0.058556
0.003197
0.026491
0.832894
0.002228
0.015081
0.079104
0.003920
0.002901
0.275976
0.012220
0.151083
0.052192
0.004003
0.059027
0.027939
0.039250
0.036252
0.000315
0.169816
0.006023
0.155040
0.011095
0.012486
0.001221
0.591944
0.494284
0.000518
0.004138
0.003926
0.061140
0.003397
0.022928
0.031484
0.019727
0.044301
0.093696
0.059700
0.006360
0.475690
0.045430
0.004690
0.037179
0.222508
0.020804
0.008097
0.036501
0.006520
0.067060
0.008122
0.043847
0.242759
0.036614
0.004759
0.032563
0.308736
0.002081
0.009840
0.012007
0.492375
0.001201
0.407492
0.341568
0.014900
0.012618
0.644715
0.000855
0.011221
0.016420
0.015207
0.030804
0.029807
0.014722
0.108535
0.097200
0.001441
0.065139
0.003677
0.010910
0.037442
0.190562
0.156614
0.083483
0.004187
0.000124
0.055714
0.042225
0.058116
0.013718
0.116061
0.007290
0.474915
0.097720
0.149196
0.005535
0.099811
0.060976
0.180586
0.258062
0.000072
0.036743
0.000575
0.146508
0.045136
0.087315
0.008461
0.006742
0.041280
0.003904
0.020759
0.044025
0.028209
0.010666
0.075256
0.047147
0.002987
0.001575
0.017090
0.005011
0.105277
0.022408
0.379285
0.030338
0.892309
0.006297
0.276603
0.031817
0.003729
0.121001
0.009570
0.000329
0.005417
0.068203
0.041889
0.007087
0.011475
0.003394
0.005197
0.293931
0.000965
0.002078
0.057058
0.005427
0.000443
0.002321
0.031284
0.027122
0.050063
0.000332
0.871579
0.000747
0.019593
0.041360
0.002082
0.010576
0.034266
0.054676
0.254149
0.001176
0.024178
0.133463
0.005708
0.032767
0.310378
0.134416
0.002033
0.100777
0.009991
0.028614
0.339326
0.098541
0.002182
0.093436
0.000322
0.120983
0.019530
0.015004
0.006570
0.084207
0.330643
0.004026
0.123423
0.010504
0.007592
0.358771
0.105471
0.000626
0.092642
0.387192
0.042464
0.004707
0.722856
0.057351
0.129542
0.015594
0.018404
0.002185
0.012905
0.126082
0.058990
0.003860
0.049877
0.205108
0.018703
0.007063
0.030657
0.345562
0.042752
0.007335
0.081240
0.000344
0.086570
0.074652
0.095351
0.003796
0.005956
0.057017
0.054491
0.005325
0.059342
0.037208
0.288298
0.112633
0.002907
0.262653
0.038756
0.000658
0.025631
0.001137
0.364738
0.000843
0.029155
0.054687
0.301082
0.017583
0.068267
0.055960
0.057544
0.079472
0.106018
0.033638
0.007251
0.007534
0.005333
0.076365
0.000825
0.004211
0.027632
0.000071
0.010563
0.008335
0.502957
0.168934
0.074793
0.002117
0.094591
0.074404
0.017139
0.007659
0.029053
0.024502
0.001238
0.003470
0.018828
0.222251
0.518955
0.008597
0.001930
0.030145
0.006960
0.024975
0.000873
0.141489
0.121149
0.009598
0.045509
0.070645
0.078910
0.287806
0.169545
0.029833
0.077033
0.071445
0.019326
0.009740
0.008414
0.044384
0.019560
0.055177
0.021424
0.001535
0.009729
0.055829
0.022199
0.082714
0.034127
0.080376
0.000394
0.000979
0.000155
0.358606
0.378398
0.011072
0.243903
0.466256
0.274674
0.025386
0.042448
0.055486
0.036415
0.024894
0.065437
0.108156
0.034304
0.005137
0.057412
0.019249
0.024219
0.602271
0.001723
0.005956
0.004606
0.000270
0.295546
0.152826
0.000305
0.027941
0.031618
0.007900
0.020922
0.077402
0.048200
0.002082
0.043466
0.239856
0.008234
0.011917
0.004861
0.002178
0.010624
0.032624
0.013357
0.085740
0.309562
0.075003
0.517789
0.015666
0.009097
0.015962
0.035572
0.001347
0.026819
0.056676
0.000680
0.690077
0.373835
0.032811
0.097157
0.000544
0.121873
0.076187
0.000881
0.083544
0.062640
0.200946
0.004569
0.046449
0.003745
0.004302
0.001630
0.060140
0.187799
0.024862
0.058791
0.050402
0.162896
0.032559
0.115389
0.192037
0.029113
0.005667
0.009593
0.067152
0.081997
0.374077
0.034303
0.006415
0.062119
0.062036
0.293286
0.005871
0.042910
0.143028
0.132715
0.025306
0.069360
0.126285
0.028859
0.000399
0.012179
0.246564
0.057314
0.000420
0.364121
0.017016
0.006742
0.023068
0.007623
0.009560
0.004446
0.012207
0.034656
0.183289
0.007609
0.009013
0.001762
0.037875
0.095948
0.027533
0.067467
0.026945
0.119463
0.116151
0.006898
0.535006
0.019207
0.006329
0.137037
0.035328
0.002299
0.296437
0.014993
0.022827
0.002332
0.053561
0.182532
0.061525
0.041313
0.069420
0.000802
0.073248
0.045173
0.004483
0.022257
0.493126
0.010667
0.621958
0.002059
0.012412
0.144787
0.042498
0.126725
0.242720
0.001021
0.011463
0.001803
0.053559
0.032893
0.010327
0.121696
0.040029
0.070772
0.049158
0.001952
0.000996
0.124324
0.001775
0.151140
0.002327
0.043541
0.094504
0.008930
0.000691
0.024742
0.000597
0.022831
0.000596
0.019661
0.020410
0.000451
0.019525
0.089562
0.022283
0.012729
0.007101
0.028432
0.057818
0.018520
0.230722
0.002845
0.185420
0.037403
0.007572
0.019496
0.010882
0.175069
0.002544
0.004652
0.137811
0.009300
0.271322
0.042998
0.007812
0.066018
0.008465
0.013206
0.032104
0.052892
0.002608
0.040159
0.001657
0.000725
0.106195
0.016095
0.002002
0.395875
0.001161
0.131185
0.125086
0.151790
0.001005
0.002735
0.205979
0.364656
0.113099
0.236384
0.010188
0.001095
0.010537
0.001585
0.152479
0.157420
0.013856
0.002041
0.577480
0.109297
0.006341
0.012755
0.005127
0.102351
0.024616
0.174527
0.028205
0.061995
0.031352
0.169812
0.007543
0.000471
0.001674
0.389845
0.156531
0.008387
0.043348
0.018631
0.052082
0.249727
0.065105
0.001770
0.014876
0.043411
0.025316
0.123878
0.007725
0.022947
0.015182
0.008960
0.187464
0.007422
0.064376
0.368140
0.004774
0.003742
0.000154
0.012849
0.006631
0.087678
0.019230
0.167947
0.147062
0.116126
0.016271
0.009581
0.030470
0.048174
0.064817
0.001672
0.003128
0.006882
0.169940
0.090355
0.002057
0.021678
0.173723
0.108589
0.000172
0.002973
0.001246
0.013730
0.059719
0.003029
0.171902
0.025148
0.009438
0.000817
0.002120
0.182776
0.001476
0.017274
0.005823
0.117215
0.169932
0.006690
0.146462
0.018715
0.020796
0.108292
0.001332
0.011962
0.011398
0.051009
0.037279
0.013573
0.090606
0.005571
0.187384
0.013618
0.069714
0.052452
0.005040
0.024328
0.166141
0.210725
0.572486
0.798257
0.170155
0.112905
0.285883
0.187709
0.000220
0.024636
0.007763
0.000046
0.000761
0.214090
0.001490
0.017057
0.129215
0.008068
0.013497
0.060279
0.155628
0.018290
0.049845
0.055719
0.027326
0.005985
0.007905
0.059399
0.039541
0.109926
0.001072
0.005535
0.001760
0.000422
0.129821
0.021471
0.066389
0.073353
0.081380
0.052556
0.069845
0.002388
0.001559
0.000047
0.003469
0.001528
0.181292
0.000011
0.199729
0.016027
0.110759
0.028829
0.001200
0.010847
0.051582
0.129205
0.114713
0.003248
0.053675
0.076330
0.150960
0.150700
0.420074
0.351790
0.082025
0.071100
0.087736
0.019243
0.143713
0.003312
0.027031
0.048867
0.002580
0.760534
0.073178
0.052448
0.151674
0.083304
0.010457
0.102355
0.014285
0.007251
0.000397
0.314166
0.019721
0.062950
0.163333
0.126511
0.030247
0.008512
0.035234
0.039042
0.010022
0.001959
0.015579
0.003878
0.023649
0.005526
0.182239
0.000527
0.011389
0.000395
0.019853
0.036443
0.008313
0.075594
0.057839
0.017500
0.037008
0.088379
0.002853
0.013216
0.254852
0.000683
0.062070
0.035021
0.002514
0.006102
0.039110
0.126606
0.000219
0.760921
0.272384
0.174817
0.244686
0.059438
0.001093
0.020469
0.184159
0.039441
0.156302
0.066487
0.084864
0.001592
0.157258
0.146768
0.086817
0.067987
0.207350
0.045835
0.462117
0.129928
0.006334
0.076322
0.040077
0.023367
0.035613
0.040572
0.000133
0.007974
0.683641
0.112307
0.454836
0.059647
0.078480
0.003725
0.309666
0.018758
0.000571
0.074565
0.008710
0.000030
0.011502
0.015775
0.004090
0.003270
0.013019
0.030369
0.076284
0.017896
0.035805
0.168615
0.015113
0.131152
0.009279
0.524408
0.012107
0.162051
0.003448
0.211049
0.208155
0.003923
0.068403
0.001227
0.053254
0.077017
0.683473
0.097672
0.045587
0.029904
0.009026
0.019948
0.077220
0.009566
0.066441
0.131684
0.171179
0.002438
0.013927
0.009339
0.007867
0.142574
0.000079
0.020095
0.001808
0.012384
0.348745
0.058622
0.015338
0.077743
0.014623
0.051606
0.022779
0.155111
0.047524
0.035206
0.023892
0.015843
0.043005
0.138217
0.040995
0.484228
0.003874
0.004630
0.002328
0.039450
0.340442
0.000421
0.213278
0.003660
0.283926
0.048885
0.036304
0.000104
0.009662
0.093538
0.010463
0.026461
0.429156
0.013629
0.000040
0.105105
0.095444
0.010513
0.021215
0.026933
0.018346
0.033925
0.138727
0.043267
0.376265
0.008175
0.293673
0.082510
0.400030
0.017857
0.046113
0.001247
0.008308
0.024558
0.021926
0.051090
0.119265
0.000520
0.002355
0.060661
0.069427
0.001022
0.002022
0.143745
0.071090
0.202118
0.004578
0.271554
0.002659
0.007477
0.032334
0.005018
0.152808
0.205965
0.004378
0.144776
0.001353
0.041967
0.046107
0.176952
0.112559
0.011140
0.000003
0.042086
0.175329
0.339054
0.047794
0.023306
0.086714
0.416503
0.000033
0.044019
0.011812
0.009029
0.012640
0.065473
0.033659
0.378817
0.002560
0.015725
0.395582
0.076559
0.002781
0.004842
0.007974
0.832972
0.000582
0.639828
0.028643
0.001719
0.001647
0.044044
0.002565
0.127167
0.049739
0.022622
0.005934
0.197775
0.010518
0.569961
0.130472
0.001367
0.180369
0.045005
0.004298
0.027976
0.004022
0.003790
0.022844
0.016742
0.009480
0.030276
0.076309
0.003512
0.011424
0.054859
0.021721
0.014202
0.000352
0.086690
0.051173
0.000221
0.131182
0.187853
0.013305
0.000048
0.011707
0.000231
0.062919
0.130797
0.088687
0.010606
0.005365
0.103560
0.061893
0.021618
0.050195
0.041711
0.107757
0.023876
0.002372
0.047791
0.023270
0.143942
0.016432
0.047241
0.042277
0.442176
0.023992
0.402469
0.007557
0.773883
0.051441
0.005534
0.003226
0.187126
0.004361
0.151737
0.033587
0.026847
0.002968
0.047536
0.121181
0.068570
0.036508
0.007191
0.301036
0.005242
0.012360
0.004687
0.282367
0.060626
0.471241
0.001795
0.018091
0.017524
0.131937
0.004055
0.148957
0.004031
0.554484
0.011250
0.006149
0.049214
0.036034
0.028374
0.099964
0.091562
0.006219
0.027603
0.015611
0.001699
0.109252
0.001347
0.000190
0.007115
0.184839
0.331368
0.060397
0.078821
0.017210
0.022289
0.035369
0.083363
0.088516
0.032507
0.100966
0.082889
0.026382
0.037967
0.015206
0.023768
0.026027
0.011444
0.163141
0.073150
0.139831
0.015276
0.012301
0.003606
0.000476
0.138905
0.145679
0.053856
0.115037
0.004750
0.004018
0.105594
0.020515
0.043238
0.001371
0.000580
0.100191
0.047706
0.123224
0.510502
0.004190
0.014584
0.004044
0.016567
0.047729
0.013586
0.168111
0.238330
0.122386
0.107561
0.067282
0.004085
0.028626
0.081389
0.001968
0.000036
0.006106
0.009213
0.000818
0.241620
0.003742
0.001567
0.191051
0.075311
0.014149
0.039193
0.027844
0.046311
0.035606
0.074318
0.000430
0.022020
0.051758
0.095065
0.005262
0.078553
0.012093
0.271665
0.021650
0.009509
0.024352
0.224599
0.000816
0.037249
0.077497
0.302973
0.012513
0.310115
0.005784
0.068549
0.075921
0.054653
0.037164
0.036118
0.002911
0.038208
0.000343
0.064767
0.038312
0.083162
0.157913
0.024123
0.295930
0.015161
0.152171
0.073002
0.056926
0.504704
0.061803
0.033419
0.044245
0.011552
0.012390
0.000341
0.231527
0.073901
0.031554
0.105325
0.139251
0.027361
0.046541
0.081592
0.019595
0.025626
0.005878
0.163995
0.061659
0.596944
0.022684
0.010058
0.001327
0.183413
0.000235
0.262721
0.011271
0.019903
0.250363
0.463828
0.013105
0.350343
0.016960
0.180898
0.001890
0.045288
0.013061
0.001305
0.007819
0.000201
0.362255
0.199703
0.015902
0.362226
0.416351
0.029965
0.068079
0.040878
0.003095
0.017714
0.000631
0.096054
0.001813
0.004928
0.004221
0.061507
0.039156
0.030601
0.290663
0.244034
0.017904
0.003180
0.000328
0.029947
0.033071
0.000199
0.081191
0.212481
0.007257
0.054305
0.056799
0.116761
0.000054
0.021310
0.006749
0.060510
0.018519
0.548086
0.000441
0.031775
0.025750
0.000864
0.206362
0.111204
0.001107
0.002978
0.512572
0.053293
0.000290
0.147986
0.001717
0.238359
0.255376
0.001400
0.063780
0.206237
0.060409
0.001875
0.108918
0.108179
0.283789
0.028350
0.119791
0.008492
0.109616
0.025995
0.044939
0.031576
0.001494
0.016298
0.137253
0.003446
0.024012
0.080303
0.001361
0.042019
0.253077
0.001190
0.033328
0.629010
0.024829
0.000137
0.004637
0.022536
0.050637
0.260678
0.010764
0.180087
0.001981
0.042439
0.239244
0.005612
0.000956
0.016241
0.123287
0.286702
0.072523
0.001988
0.039206
0.007956
0.000347
0.042230
0.001050
0.018820
0.347290
0.307424
0.004886
0.000549
0.032480
0.006493
0.037399
0.037258
0.009753
0.006127
0.156097
0.056470
0.011865
0.001551
0.001465
0.195610
0.054101
0.068233
0.094353
0.037992
0.000776
0.469614
0.006690
0.022898
0.150519
0.025731
0.061524
0.058185
0.042074
0.000002
0.003043
0.099106
0.125975
0.149411
0.047133
0.001628
0.222341
0.114759
0.000523
0.031416
0.026999
0.078478
0.014904
0.015373
0.157303
0.004811
0.006711
0.014196
0.005745
0.092846
0.702010
0.003452
0.001751
0.073382
0.004131
0.020573
0.103799
0.009379
0.024446
0.156824
0.019848
0.645268
0.057663
0.004013
0.237741
0.309669
0.021957
0.337455
0.021216
0.099313
0.000168
0.000180
0.026802
0.025557
0.001587
0.385593
0.106385
0.002537
0.233196
0.007281
0.001507
0.307966
0.130601
0.038435
0.083530
0.019031
0.017216
0.125289
0.877923
0.026128
0.010852
0.005435
0.000715
0.043336
0.059290
0.001777
0.028372
0.008634
0.009361
0.088999
0.052791
0.003624
0.567879
0.553467
0.004117
0.029076
0.064618
0.086663
0.007670
0.176192
0.020391
0.047132
0.001260
0.002537
0.257832
0.048110
0.009376
0.328304
0.027673
0.018197
0.004229
0.072911
0.496479
0.000649
0.004800
0.000834
0.005875
0.067808
0.036390
0.065770
0.041054
0.001340
0.000679
0.061694
0.002299
0.012382
0.002707
0.005417
0.099944
0.001139
0.073369
0.000478
0.020402
0.004955
0.100355
0.022227
0.042794
0.033391
0.576350
0.013580
0.056290
0.004286
0.016207
0.002177
0.086082
0.014706
0.025969
0.044229
0.004692
0.002010
0.083684
0.000507
0.097719
0.388582
0.003639
0.020218
0.029317
0.089084
0.004234
0.021437
0.063116
0.352095
0.019203
0.014468
0.004407
0.111920
0.014397
0.000181
0.028606
0.003211
0.177609
0.033225
0.067370
0.005526
0.095950
0.118386
0.320820
0.002548
0.020567
0.050793
0.674530
0.145990
0.043447
0.077721
0.094088
0.000957
0.001885
0.120426
0.247712
0.001976
0.005422
0.122570
0.099986
0.436672
0.001226
0.031739
0.250440
0.212712
0.036157
0.000864
0.096722
0.233867
0.120610
0.096375
0.462418
0.125355
0.000127
0.085590
0.014483
0.013720
0.158129
0.119402
0.242271
0.000195
0.115477
0.379435
0.147653
0.000024
0.008983
0.017771
0.027571
0.023257
0.001877
0.002847
0.331215
0.066414
0.011920
0.002908
0.000925
0.066310
0.008417
0.027651
0.101220
0.096573
0.294538
0.027143
0.015186
0.065476
0.029436
0.020223
0.008642
0.026100
0.077685
0.040994
0.307951
0.025155
