1046
1.352841
4
91
40
10
1
5047
0.762163
-0.630476
0.031208
0.378659
0.215951
-0.345657
-0.753879
-0.430603
0.329841
-0.276347
-0.407751
-1.000000
0.837367
0.813350
-0.217779
0.516029
0.633816
-0.357349
-0.835403
0.606452
0.522468
-0.064113
-0.622537
-0.542787
-0.984939
-0.949525
-0.713090
0.157880
0.250077
0.758736
-0.179424
-0.162680
0.063581
-0.243420
0.055712
-0.882116
0.953848
0.376730
0.949619
-1.000000
-0.321491
0.872153
-0.110870
-0.088116
0.726912
-0.008917
-0.981631
-0.648771
-0.413811
0.773753
-0.244546
-0.815792
-0.424565
-0.782884
-0.106697
0.341158
0.427483
-0.334846
0.642027
0.090922
-0.596186
-0.687421
-0.971487
-1.000000
0.039896
-1.000000
0.007693
-0.304105
0.570290
-1.000000
-0.498036
-0.850462
-0.247087
0.580586
-0.105019
0.890898
0.063853
0.977617
0.261260
-0.416346
-0.950971
0.818542
0.541088
0.341626
-0.136760
-0.131135
0.979457
-0.761434
0.890239
0.434598
0.510880
-0.505087
0.265081
0.213740
-0.727002
0.360986
0.122710
0.048104
0.368804
-0.211267
0.962335
0.142004
0.483953
-0.387182
-0.355261
-0.683442
0.576392
-0.084001
-0.007134
0.481374
0.260068
0.861961
0.598132
-0.031298
0.470421
-0.189978
0.979819
-0.033758
-0.794421
0.985369
-0.600080
0.016995
-0.094035
-0.985858
0.546301
0.007193
-0.252920
0.820250
0.976617
0.570399
-0.366987
-0.320966
-0.960655
-0.305447
-0.288577
0.965895
0.685817
0.178118
-0.608175
0.272355
0.469319
-0.202246
0.320347
0.593655
-0.553051
0.106035
-0.281179
-0.058285
-0.465449
0.979941
0.318613
-0.367226
0.434851
0.072889
0.275645
0.277515
-0.083819
0.639695
0.573320
-1.000000
-0.932355
-0.869456
-0.217403
-0.917714
0.843277
0.785451
0.387528
-0.753326
-0.112939
1.000000
-0.049481
-0.059903
-0.042440
0.815044
0.806450
-0.379016
-0.766707
-0.036829
0.611459
-0.822757
-0.726618
-0.209527
-0.422321
-0.387800
-0.486203
-0.562195
-0.354852
-0.691877
0.641356
0.697134
0.808880
0.154996
0.807975
-0.760265
-0.773639
0.894151
0.226930
-0.727278
0.228104
0.326567
-0.448232
-0.134610
-0.409484
-0.665587
-0.609288
-0.878250
0.955129
-0.198492
0.651945
-1.000000
0.038505
0.190317
0.195529
-0.876985
-0.755632
0.021536
0.602501
0.183417
0.780478
-0.436447
-1.000000
-0.635217
0.376687
-0.647390
0.496919
-0.346422
0.975583
-0.648589
-0.282224
-1.000000
0.531440
-0.622723
-0.480030
0.186808
-0.363007
1.000000
0.743163
-0.300843
0.238927
0.137327
-0.731063
0.018388
-0.632869
-1.000000
-1.000000
0.834034
-0.092699
-1.000000
0.886160
0.765072
0.865747
-0.001384
0.617870
-0.124831
0.631960
-0.165833
0.385566
-0.519393
-0.911195
-0.267753
-0.848665
0.174235
0.771162
-0.511877
0.402332
0.283045
-0.576601
-0.103075
0.773190
0.684283
0.044472
-0.685992
0.933097
-0.510392
0.987252
0.354666
0.479205
0.350923
0.947291
0.391684
0.641741
-0.513393
0.589892
-0.835852
-0.542246
0.463638
-0.020157
0.838194
0.102704
-0.262019
0.091472
0.684141
0.881171
0.711040
0.846738
-0.546189
-0.364517
0.467841
0.392385
0.593837
-0.174442
0.839655
-0.923797
0.698572
-0.344361
-0.969726
-0.050842
0.481526
0.453836
-0.243188
-0.016327
0.383377
-0.702097
-0.917057
-0.609169
-0.398162
0.911272
-0.794760
-0.314502
-0.204593
-0.823547
-0.525770
-0.142638
0.235028
-0.306254
-1.000000
0.124203
-0.772926
0.678837
-0.902078
0.796785
-0.421537
0.156733
1.000000
0.447744
0.629205
0.606464
0.045487
0.653690
0.680796
-0.928001
0.789641
0.036840
0.623742
1.000000
-0.369904
-0.495574
0.433865
-0.915024
-0.230388
0.024322
0.537191
-0.113040
-0.164591
0.015139
0.408164
0.448754
-0.510841
0.930824
-0.843345
0.496290
0.102790
0.905509
0.217504
-0.226086
-0.631574
-0.618760
0.418904
-0.234513
0.803047
-0.143554
-0.269565
0.095373
0.003372
-0.474472
-0.478221
-0.344226
0.063004
0.034591
-0.606843
0.312583
-0.501406
0.033653
-0.003629
-0.361919
-0.243153
-0.543061
-0.628339
0.127253
-0.832371
-0.324090
0.645057
0.026779
0.805617
-0.841365
0.765404
-0.109027
-0.937748
-0.965760
-0.375921
-1.000000
0.903858
-0.435809
-0.873192
-0.725524
0.367280
-0.040654
0.380362
0.284242
-0.833055
-0.305070
-1.000000
0.104169
1.000000
-0.296493
-0.218415
0.586568
0.842416
0.751689
-0.242245
0.209904
-0.455558
1.000000
0.934920
0.581194
0.262538
-0.386005
-0.745895
0.531804
-0.041205
0.989433
0.730095
-0.866954
0.045027
0.849092
0.640836
0.528859
-0.386476
-0.803228
0.249023
-0.835454
0.222894
0.885223
0.500771
-0.787798
0.304927
0.011946
-0.835150
-0.705108
-0.115444
-0.980565
0.616864
-0.004354
-0.737332
-0.838713
0.048092
-0.839415
0.934809
1.000000
0.081148
0.732487
-0.599721
-0.765973
-0.038751
-0.508820
0.969053
0.023079
0.862228
0.863031
0.475751
0.320181
0.894340
0.833987
0.538621
-0.305707
-0.737507
-0.395611
-0.074869
-0.678393
-0.154810
1.000000
0.625757
-0.440263
-0.427398
0.097861
-0.105613
-0.322302
0.587964
0.628584
-0.125116
-0.910262
0.413167
0.718429
1.000000
-0.524228
-0.754422
-0.536371
-0.102596
0.000766
0.206753
0.228635
0.591720
0.156939
0.473087
-0.389520
0.860502
0.232544
-0.798255
-0.483266
-0.654292
0.101047
-0.676786
0.317834
0.740565
0.711012
-0.586932
0.269004
0.943426
-0.008858
0.718546
0.123041
0.528269
0.702559
0.419012
-0.530147
0.234021
0.266197
-0.906153
0.688433
-0.859577
0.813301
-0.088001
-0.851511
-0.579217
0.445317
-0.720824
0.615478
-0.462140
-0.782632
0.722346
-0.927044
0.040778
-0.614880
0.478368
-0.293661
0.713632
-0.494894
-0.190623
0.411902
0.489928
0.120784
-0.415179
-0.280193
0.234474
-0.178383
1.000000
-0.995351
-0.604667
0.714190
-0.448258
-0.783511
-0.846781
0.975975
0.798619
-0.315855
0.068380
1.000000
-0.924907
0.090049
0.271118
0.224385
-0.614577
0.947152
0.902728
0.157445
-0.448411
-0.649996
-0.219436
-0.851222
0.072449
0.202757
-0.222639
0.866799
-0.170342
-0.008642
0.287279
0.487421
-0.372256
-0.788177
0.009614
1.000000
-0.235298
-0.297040
-0.781744
0.091620
0.546514
-0.367328
-0.090341
-0.907693
-0.549738
0.425694
-0.660731
0.575584
-1.000000
-1.000000
0.428549
0.877907
-0.826268
-0.105811
-0.714566
0.319294
-0.966170
-0.660789
0.643538
0.798702
0.108191
-0.594950
0.309759
-0.021976
0.362753
1.000000
0.887387
0.412116
-0.178514
0.108904
0.934987
1.000000
0.809045
0.249029
-0.569705
-0.027081
-0.340733
-0.702003
-0.528566
-0.003452
0.102456
-0.529046
-0.339257
0.365569
-0.711028
0.109591
-0.328000
0.109200
0.387905
0.714870
-0.002276
-0.151003
-0.860288
-0.097442
0.209626
0.296244
-0.456812
-0.932110
0.301998
-0.876789
-0.079493
-0.241306
-0.805043
0.594481
1.000000
-1.000000
0.576065
0.238248
0.888665
-0.479253
-0.297512
-0.687790
-0.909931
0.226766
-0.221673
0.584852
-1.000000
-0.761460
-0.127757
-0.998034
0.440706
-0.469619
0.854427
1.000000
-0.060526
0.011736
-0.423264
-0.806427
-0.707689
0.973733
0.021161
-0.603700
-0.523369
-0.096709
0.418399
0.012798
0.953534
-0.410094
1.000000
0.762319
0.810598
-0.241352
-0.455103
-0.508514
-0.417121
-0.452388
-1.000000
-1.000000
-0.913328
0.121760
-0.027546
-0.309064
-0.598479
0.197568
-0.494043
0.074547
0.558533
0.352712
0.374781
-0.435180
-0.159937
-0.452260
0.737749
0.087157
-0.424664
0.133940
-0.181597
0.231190
0.633572
-0.158963
0.282269
-0.078674
-0.088178
0.535363
-0.947886
-0.587377
-0.810152
0.813639
0.726043
-0.991627
-0.252230
-0.555260
0.270554
0.502071
0.163757
-0.937203
0.483722
-0.404891
-0.776030
-0.439541
0.407560
-0.962268
0.694586
-1.000000
-0.340913
0.893125
0.607263
0.665781
-0.746012
0.731612
-0.799977
0.720332
1.000000
-0.090281
-0.078701
0.515768
-0.826908
-0.756382
0.246959
-0.803420
-0.668545
0.286194
0.104045
-0.365698
0.996246
0.776867
-0.796564
-0.327855
-0.269301
-0.541847
0.001324
0.136349
1.000000
1.000000
-0.014439
0.532917
0.096627
-0.593766
-0.348653
-1.000000
-0.881824
0.580804
0.415835
0.182850
1.000000
0.939959
-0.621017
-0.476869
0.705918
-0.618053
0.323205
0.114287
0.889471
-0.718556
-0.965517
0.529300
0.930207
-0.891860
0.490907
-0.505035
0.114817
0.509568
-0.112100
-0.934023
-0.580701
-0.115860
0.880219
-0.195840
-0.521450
1.000000
0.365337
-0.201725
0.121611
-0.572176
0.093946
0.043585
-0.481635
0.971150
0.480133
0.123080
-0.010885
0.267049
-0.260895
0.596301
-0.595685
-1.000000
0.278482
0.380743
-0.198472
0.145321
0.354721
-0.149808
-1.000000
-0.215479
0.917264
0.233008
-0.225836
0.702819
0.181051
-0.526923
-1.000000
0.692338
-0.752549
0.947156
0.554950
1.000000
-0.709523
-0.869348
-1.000000
-0.217504
-0.028658
0.583949
0.832631
0.330561
-0.442406
0.200587
0.371125
0.668658
-0.656044
0.095350
-0.343246
-0.700531
0.702453
-0.194020
0.552439
0.683421
-0.224466
0.024112
-0.349070
0.110073
-1.000000
-0.511108
0.342318
-0.151037
0.834450
0.198656
0.408590
0.286642
1.000000
-0.493860
0.773855
0.131475
0.444657
0.204504
-0.456150
0.016219
0.896493
0.110820
0.683883
-0.863199
-0.204572
-0.631606
0.077429
0.165253
-0.763885
-0.876770
0.793245
0.022707
-1.000000
0.399028
-0.783301
-0.101927
-0.275744
-0.614073
0.454175
-0.034326
0.584714
0.924818
-0.036898
0.599902
0.826449
-0.334404
1.000000
-0.398345
0.366482
-0.907874
0.280137
0.567619
0.232626
0.825036
0.231267
-0.633982
-0.578810
0.669834
-0.584431
0.543782
-1.000000
0.784210
0.271608
-0.733931
-0.077969
-0.047636
-0.115178
0.996494
1.000000
-0.226190
-0.599625
0.400765
-0.987725
-0.257424
0.263482
-0.372387
-0.425366
0.155789
0.259249
-0.196604
-0.354495
-0.381172
-0.882911
0.141203
-0.151669
1.000000
0.906929
0.441447
-0.885089
-0.315853
0.860672
-0.422925
0.137782
-1.000000
-0.918903
0.618822
0.367007
0.183971
1.000000
0.140933
0.655558
-0.883376
-0.692573
0.081001
1.000000
-0.223241
0.959698
0.653319
-0.184960
-0.232498
0.876422
0.697210
0.467568
0.118289
-0.348799
0.992916
0.211374
1.000000
0.333874
0.608171
0.748971
-0.578955
-0.072813
0.247618
0.139374
0.205961
0.035785
-1.000000
-0.073409
0.627724
0.352514
0.521573
0.230654
0.936422
0.487518
-0.512534
-0.167316
0.758576
0.164710
0.004158
-0.691134
0.561918
0.161978
0.478021
-0.153460
-0.378869
-0.427097
0.995674
-0.583182
0.075326
0.862242
0.469131
1.000000
0.023363
-0.737121
-0.148721
0.658564
-0.812527
-0.725464
-0.545024
1.000000
-0.026566
-0.781979
0.249890
0.155030
-1.000000
0.365286
-0.079953
-0.174209
-0.086247
-1.000000
0.168496
-0.149371
0.513290
0.422019
-0.386319
-0.001594
1.000000
-0.617576
0.796944
-0.841132
0.630172
0.079144
-1.000000
0.223986
0.908077
-0.179356
-0.831713
0.528718
-0.876214
0.891912
-0.679679
-0.268486
0.745083
-0.404468
-0.050229
0.622937
0.340528
-0.851409
-0.992120
-0.550166
-0.196346
-0.259279
-0.729770
0.197212
-0.396624
-0.904883
-0.339756
0.788096
-0.632032
-0.401427
-0.197597
1.000000
-0.964272
-0.038990
0.208386
-0.357555
-0.374786
-1.000000
0.486012
-0.887826
0.264398
-0.512383
0.796372
0.433856
0.273975
-0.145794
-0.011589
0.843743
0.035120
-0.059883
0.798372
0.778556
-0.650755
0.771340
0.701440
0.747918
-0.908836
0.878973
-0.300282
0.171103
-0.452086
0.918987
-0.377177
0.824331
0.507920
0.987852
0.169942
-0.659713
0.739743
-0.547168
-0.771433
0.190286
0.538845
0.530062
-0.433814
-0.332351
-0.293233
-0.759792
-0.340048
-0.933688
-0.976268
-0.387599
0.276941
-0.546935
0.447040
0.079554
-0.134413
0.222121
-0.240579
0.677808
-0.788073
-0.813672
0.136632
-0.932994
0.978071
0.446948
-1.000000
1.000000
-0.184780
-0.768199
0.809653
-0.479103
0.904894
-0.053800
0.959839
0.437138
-0.060443
-1.000000
-0.896995
0.633556
0.329581
-0.514476
0.899295
-0.277791
-0.960544
0.653095
-0.456947
-0.441724
-0.550740
0.598235
0.286351
0.403913
-0.029844
0.250822
0.068235
-0.751606
0.182349
-0.456298
-0.497054
0.554174
0.060493
0.746333
0.973696
0.548014
0.518091
-0.150212
0.233089
-0.159276
0.276141
-0.630733
0.457666
0.053140
-0.358363
0.558541
-0.596310
-0.874021
0.021163
0.874980
0.095456
-0.053424
0.805035
-0.333786
-1.000000
1.000000
0.819869
-0.480545
-0.752378
0.468830
-0.760804
0.605830
-0.175774
-0.216833
0.795904
-0.851812
-0.582977
-0.969640
-0.630418
-0.256344
0.964913
-0.947352
0.160685
0.902480
-0.959757
-0.518164
-0.790592
-0.930210
0.509233
-0.358587
0.820257
0.701672
-0.219479
0.858669
-0.669427
-0.946759
-0.775661
-0.735960
0.715431
-0.061025
0.510189
0.917172
0.507846
-0.026234
-0.667299
-0.765615
-0.963792
-0.796744
-0.461268
-0.799097
0.461851
0.272862
0.249391
0.881699
0.735647
0.945695
1.000000
-0.510367
-1.000000
-0.590656
0.574913
0.602363
-0.251073
-0.935294
0.793938
-0.236324
-0.381556
-0.896602
0.305019
0.859965
-0.465289
-0.888715
0.972048
-0.360131
0.583006
-0.579741
-0.985169
-0.216114
0.927177
0.197477
-0.100523
-0.428465
-0.024172
0.815968
-0.935247
0.879189
0.671859
-0.542393
0.821481
0.281490
-0.389929
-0.120916
0.973123
0.671051
-0.227779
-0.963210
0.659943
-0.486753
-0.021846
-0.078432
-1.000000
-1.000000
0.890568
0.946197
0.408941
-0.044539
1.000000
-1.000000
0.866285
-0.560297
0.236472
0.816988
-0.361161
-0.563495
0.064435
-0.050582
0.169964
-0.582544
-0.600732
0.501559
-0.894600
0.342381
0.138353
-0.181101
-0.821133
-0.746116
-0.528001
-0.006096
-0.105169
-0.277490
-0.880076
0.300491
-0.041462
-0.742107
-0.173843
-0.196247
0.279936
-1.000000
0.837748
-0.314662
-0.339636
0.409696
0.988142
0.180730
0.559816
-0.455807
0.203769
-0.508152
0.488918
-0.105763
0.588761
-0.844417
-0.666380
-0.645537
0.852255
-0.934396
-0.427048
-0.506147
0.424053
0.757631
-0.231019
0.548738
-0.140129
0.561070
-0.188899
0.704195
-0.670432
-0.153271
-0.691396
-0.164229
0.627778
-0.043788
0.583754
1.000000
0.031540
0.862200
-0.845784
0.868768
0.296089
-0.142067
-0.194374
-0.959658
0.081010
-0.985544
-0.290632
-0.382266
0.367379
0.676530
0.125998
-0.181631
-0.643645
-0.478303
0.755492
-0.654645
-0.206450
0.197768
-1.000000
0.820514
0.184915
0.169708
-0.682292
-0.508217
0.818486
-0.306789
-0.862868
-0.580922
-0.192260
0.945177
0.640760
-0.785014
0.052522
-0.974070
-0.852090
-1.000000
-0.730665
0.129197
0.079047
0.521502
0.278870
0.656353
0.871656
1.000000
0.928931
-0.149546
-0.851264
0.050728
0.465844
-0.935547
0.470019
-0.233251
0.914018
0.428237
-0.674675
-0.146969
-0.071390
-0.579353
0.652806
-0.236073
0.020862
0.373554
0.644967
-0.471592
0.732629
0.943844
0.701878
0.128499
0.612007
-0.999785
0.867223
-0.767983
-0.015811
0.989634
-0.118178
0.595459
-0.566382
0.085121
-0.519879
0.258555
0.880331
-0.284219
-0.845860
-0.377294
-0.348510
-0.525875
-0.758233
-0.084041
0.578657
-0.523742
0.726755
0.368432
-0.587733
0.933758
0.719783
-0.467718
0.784643
0.904849
-0.342808
1.000000
-0.780148
-0.617261
-0.827706
0.444697
0.670519
0.124622
-0.204549
0.936996
-0.973891
0.399601
0.434060
0.858634
-0.767163
-0.548638
-1.000000
0.895784
-0.395124
-0.623541
-0.016157
-0.220424
0.486085
0.361295
-1.000000
-0.579703
-0.866058
0.885804
0.741352
-0.643182
0.149576
-0.463626
-0.517649
-0.926223
-0.132640
0.923973
0.418523
0.746167
-0.188506
0.029978
0.245684
0.949649
0.038872
0.537489
-0.344321
0.794285
0.702604
-0.891373
0.437268
0.323266
-0.782506
0.205053
0.915874
-0.618734
0.268303
-0.122219
0.604861
0.077684
1.000000
-0.717804
-0.584343
-0.097429
-0.528552
-0.432370
0.766405
0.652457
-0.951723
0.811621
0.127903
0.825039
-0.888210
-0.752356
1.000000
-0.196418
-0.917174
0.631518
-0.126622
0.451104
-0.663844
0.636367
-0.032314
-0.772421
0.590962
-0.275893
0.350370
0.820729
0.088549
-0.163925
-0.334590
-0.090706
0.219610
-0.883104
0.921395
1.000000
0.280686
0.594957
0.571216
-0.714288
-1.000000
0.776294
-0.688686
0.725982
-0.554989
-0.113132
0.743671
-0.350713
-0.437870
-0.226613
0.320727
-0.577864
-0.638301
0.619725
-0.926321
0.494732
0.744952
-0.191352
0.561961
-0.080894
0.756525
0.767211
-0.950029
0.796818
-0.971487
-0.723084
-0.989259
0.776751
-0.916891
-0.644059
-0.491606
-0.126175
0.169554
0.587653
0.301947
0.383787
0.890767
-0.447305
0.598673
-0.869128
0.992902
0.023365
0.211306
-0.773312
0.323231
-0.534252
0.830069
-0.429932
-0.684087
0.020366
0.813809
-0.197684
-0.971855
-0.331407
0.233906
-0.108491
-0.027007
-0.008366
0.553945
0.253707
-0.099832
0.079804
0.091207
-1.000000
-0.082218
0.812601
0.748525
0.783635
0.084019
0.112695
-0.313646
0.145578
1.000000
-0.170909
-0.016708
-0.967251
0.688717
0.857936
-0.860577
-0.937008
0.447540
1.000000
-1.000000
0.370740
-0.930967
0.702697
0.093513
0.193779
0.984990
0.000645
0.742609
0.299182
0.211128
-0.082862
-0.224119
-0.591531
-0.261487
-0.825546
-0.413578
0.000656
-0.138664
0.361130
-0.569762
-1.000000
-0.410301
0.004763
0.349331
1.000000
0.591984
0.925978
0.602692
-0.852451
0.325514
-0.348734
0.817322
-0.091571
-0.602670
-0.391089
0.637005
-0.417694
-0.686453
-0.623210
0.738995
0.729193
0.107289
-0.259047
0.412252
0.727067
0.133327
-0.820453
0.149988
0.063387
-0.437495
0.898573
0.177089
0.726323
0.304058
0.649705
-0.108255
-0.115958
-0.153770
-0.800021
0.075309
0.239364
-0.394419
-0.303790
0.422831
-0.903377
0.079870
-0.830798
-0.290739
-0.845441
-0.750539
0.524559
-0.233670
0.088832
-0.006956
0.611060
0.505547
0.159569
0.952132
0.430931
-0.002523
0.484901
0.790929
-0.568926
0.152247
0.914298
0.414234
0.008975
0.998533
-0.212980
-0.656869
-0.955636
-0.374897
0.821228
-0.320725
-0.678368
0.996717
0.450561
-0.720142
-0.263882
-0.482398
0.889931
0.670852
1.000000
-0.924749
-0.649334
-0.579688
-0.909309
0.211564
-0.258011
-0.434027
0.020529
-0.472857
-0.734932
0.998315
-0.261979
0.527885
0.927153
-0.674918
-0.549674
0.599303
-0.404375
0.091734
0.183401
-0.063969
-0.031426
0.664312
-0.691695
0.615284
-0.200967
-1.000000
-0.109283
-0.131577
-0.544018
0.053608
-0.563815
-1.000000
-0.817205
0.753983
0.706426
-0.268628
-0.252585
0.441417
-1.000000
-0.223658
0.360889
-0.837524
1.000000
-0.646377
-0.631644
-0.738544
0.190169
-0.374327
-0.968494
-0.653173
0.473440
0.359222
0.488711
-0.998275
-0.854308
0.893707
0.946486
0.347276
0.993863
0.866127
0.633763
-1.000000
-0.295940
-0.428847
-0.304328
-0.350104
-0.023175
0.540547
-0.162509
0.050842
-0.874895
0.496439
-0.781443
-0.218192
-0.355235
0.243296
0.323257
0.091900
0.456850
-0.802859
-0.453902
0.303626
-0.018743
-0.175041
0.431982
0.709340
0.744477
-0.468589
0.901181
0.428638
0.912762
0.279376
-0.747938
-0.478480
-0.414252
-0.935783
0.379518
0.033446
-0.833415
-0.006810
0.395614
0.671596
0.127318
-0.811256
0.108252
0.591909
0.646726
-0.187087
-0.072062
0.254044
-0.406786
-0.586941
0.569177
1.000000
0.445064
0.713609
-0.660558
-0.449742
-0.795742
-0.105885
1.000000
-0.930804
0.628390
1.000000
-0.608354
-0.130414
-0.003323
0.193700
-0.459485
-0.147808
-0.840569
0.167607
0.657418
0.746216
0.316942
0.786378
-0.544527
-0.116326
0.662160
-1.000000
0.398329
-0.843116
0.164281
0.608063
0.101476
-0.439406
0.983472
-0.203205
-0.989684
0.854696
-0.919882
0.197005
-0.907501
-0.546049
0.155605
0.570499
0.348983
-0.661484
0.402949
-0.915172
-0.036171
0.165653
-0.625777
-0.245912
0.092196
-0.376037
-0.658506
-0.996179
0.117853
-0.861624
0.964746
0.741534
-0.094053
-0.091587
0.039911
-0.795622
0.577943
-0.235414
0.745536
-0.672479
-0.413950
0.264551
0.133777
-0.787477
0.835846
-0.057860
-0.282619
0.182571
0.676162
1.000000
0.437354
0.297911
-1.000000
0.235980
0.223214
-0.899689
-1.000000
0.318819
-0.406158
0.163243
0.700621
-0.443789
0.320886
-0.866622
0.937154
0.558533
0.234385
0.814856
-0.849250
0.736600
-0.104537
-0.031935
0.273270
-0.266588
0.555698
-0.171304
-0.522947
0.877292
-0.491734
-0.036662
0.698018
0.113849
-0.339806
-0.644082
-0.892800
0.398401
0.712830
-0.471246
-0.692792
0.175877
-0.827241
0.796934
-0.242588
0.772054
0.535571
-0.721260
0.966220
-1.000000
0.539381
-0.326226
-0.991206
-0.642373
-0.661163
-0.331068
-1.000000
-0.812215
0.857966
-0.668907
-0.422459
0.941759
0.628797
0.086201
0.951169
0.381693
0.998755
0.936101
-0.515980
0.954479
-0.273331
-0.062183
-0.509699
-1.000000
-0.605339
-0.772922
-0.191930
0.469986
0.599549
0.206219
1.000000
0.919147
0.007225
0.086568
0.626255
-0.575500
0.720490
0.392472
0.060453
0.665229
-0.859056
-0.830479
-0.483053
0.049268
0.903188
0.928988
-0.692796
0.244537
-0.105647
0.452206
-0.695407
0.686927
0.349090
0.181264
0.106917
0.560615
0.859296
0.059456
0.833839
-0.584178
0.816923
1.000000
0.328807
-0.043767
0.065512
-0.996133
0.546266
-0.082635
-0.733535
0.587960
-0.867247
0.475210
0.657044
0.972282
0.654059
-0.834473
0.860848
-0.273677
-0.898099
0.488912
-0.879380
-0.257376
0.198292
0.921745
0.428837
-0.268125
-0.989206
0.336648
-0.732061
0.817958
0.006572
0.227118
0.636663
-0.746163
0.896864
-0.013945
-0.587754
0.040184
0.786157
-1.000000
0.247590
0.027481
-0.894239
0.771736
-0.068698
-0.407277
-0.185922
-0.442076
0.736453
-0.830574
0.123107
0.590233
0.850304
-1.000000
0.986069
-0.763204
0.543426
0.153895
-0.501984
-0.608629
0.899403
0.007128
0.945698
0.454363
-0.023915
0.727696
-0.892500
-0.610184
0.229744
0.196191
-0.024621
0.482615
-0.913454
0.561451
0.919650
-0.174446
-0.923495
0.280625
0.484152
0.388794
-0.357732
-0.029784
0.047334
0.190598
0.832979
-0.953281
0.098879
0.095553
-0.796341
0.932152
0.809081
1.000000
-0.615669
1.000000
0.754417
0.675567
0.220519
0.670562
-0.476770
-0.192871
0.105855
0.953113
-0.054015
-0.578905
-0.292876
-1.000000
-0.298411
0.264131
0.417669
-0.307785
0.062688
0.974212
-0.036142
0.964336
0.089322
0.130374
0.733548
-0.151988
0.582700
0.142230
-0.255280
-1.000000
0.503668
-0.893124
-0.033941
-0.311485
-0.724604
-1.000000
-0.571754
1.000000
-0.221978
-0.565853
0.085487
-0.704471
-0.563064
-0.465131
-0.871648
0.985033
-0.175905
0.048638
0.283647
-0.602630
0.073292
0.354105
-0.820307
0.627228
0.538776
0.410793
1.000000
-0.915593
0.604599
0.067512
-0.119742
-0.568862
-0.341205
-0.207763
0.962601
-0.343010
0.028677
-0.409355
-0.122657
-0.613448
0.539184
0.468237
0.624164
-0.443724
-0.069172
-1.000000
-0.568991
0.080326
0.957311
-0.630547
0.338577
-0.733542
0.705850
0.380221
0.512818
-0.944552
-0.474266
-0.255303
0.444828
-0.948891
0.190737
-0.688526
-0.783870
0.576001
-0.039082
0.574927
-0.320657
-0.517092
0.876987
0.563735
-0.060173
1.000000
-0.553633
0.573820
-0.758395
0.560894
0.452041
0.762437
0.942920
0.651335
0.074922
-0.916057
-1.000000
0.455658
-0.105880
-0.738478
0.202164
-0.162763
-0.399365
-0.234886
-0.021293
0.361169
-0.906571
1.000000
0.693752
-1.000000
-0.703697
0.816305
0.439723
0.064911
0.095799
-0.372801
-0.866682
-0.707921
0.923117
0.976189
-0.068741
-0.050831
-0.651296
-0.309810
-1.000000
-0.367333
-0.897479
0.715540
0.797570
-0.736280
0.757757
0.877208
-0.670891
-0.601994
-0.394028
0.346869
-0.404244
0.572407
1.000000
-0.414454
0.018211
0.232492
0.217274
-0.698284
-0.337976
-0.830709
0.416700
-0.746057
0.429158
-0.961619
-0.528640
0.578611
-0.223380
0.649359
-0.960433
0.817668
-0.051706
-0.329236
-0.318559
-0.489606
0.575265
-0.526681
-0.380872
0.664917
0.317908
-0.580993
0.664185
-0.169912
0.044995
0.774612
0.251235
0.794873
0.149299
0.015522
0.133715
-0.036029
-0.516620
0.180277
0.167847
-0.155267
-0.086560
-0.404689
-0.148585
0.862474
-0.781377
-0.847056
1.000000
0.897973
0.062281
0.392202
0.875310
-0.799872
-0.222783
0.526897
0.710301
0.274612
-0.518462
-0.843355
0.219775
0.678850
0.751739
0.821492
-0.215465
-0.322716
-0.799929
0.261841
-0.756177
-0.311856
-0.455024
0.610490
0.024058
-0.247105
-0.583477
0.851941
0.974473
0.222415
-0.855892
0.015169
0.545814
0.042792
-0.415184
-0.855292
-0.576542
-1.000000
-0.911804
0.915931
-0.831622
0.667717
0.929629
0.781493
-0.147476
0.050327
-0.005673
0.037097
-0.256928
-0.726630
0.074543
-0.756022
-0.161786
0.088628
-0.412236
0.583735
0.879824
-1.000000
-0.021568
-0.530236
-0.451825
-0.579699
0.114016
-0.911563
-0.749256
-0.919482
-0.067855
0.896768
-0.888654
0.422699
0.659130
-0.770865
0.249158
-0.971714
0.523788
-0.557204
-0.394416
0.075354
-0.888559
0.109682
0.456962
1.000000
-0.770446
-0.800365
-0.156683
0.399974
0.982889
0.222832
-0.247714
-0.416077
-0.836107
-0.114725
-0.089719
-0.205306
0.226543
0.363737
0.450334
-0.323138
-0.708742
-0.288339
0.829244
-0.319011
-0.235792
-0.709220
-0.590482
0.729628
-0.799093
0.766665
0.907510
0.441719
-0.519803
-0.540445
-0.120138
-0.117709
0.048014
-0.663502
-0.495085
-0.169088
0.512969
0.538819
-0.625768
0.508625
-0.079150
-0.192025
1.000000
-0.732557
0.993522
-0.913038
0.921269
-0.294788
0.676864
-0.390275
0.862344
0.911385
-0.123933
-0.187045
-0.882720
-0.101985
0.219696
-0.505298
0.099177
-0.567008
-0.076405
-0.791404
-0.639638
0.384659
0.373334
-0.417953
-0.848388
-1.000000
-0.643141
0.526382
-0.277266
0.610625
-0.721849
-0.636040
-0.620407
-1.000000
-0.709044
0.817073
-0.662482
-0.897051
-0.337704
-0.271133
0.408918
-1.000000
-1.000000
-0.797929
-0.634564
0.452293
-0.407990
0.531666
-0.504785
-1.000000
-0.487878
0.754120
-0.663151
-0.921499
-1.000000
-0.002863
0.786573
0.408717
0.168099
1.000000
-0.782992
0.102998
-0.092477
0.641960
0.315357
-0.467029
0.404039
-0.700788
-0.358103
0.439210
1.000000
-0.337641
-0.055224
0.822140
-0.757911
-0.125558
0.668611
0.923235
-0.581785
-0.045610
0.952941
-0.541138
-0.665944
0.294624
-0.877332
-0.130114
0.165922
-0.603180
-0.415490
0.104899
0.500728
-0.748275
0.045939
0.914053
-0.685559
0.627874
0.548768
-0.215447
0.476185
0.847964
-0.302526
-0.683058
0.729610
0.467514
0.000173
0.293515
-0.489605
-0.312189
-0.901468
-0.321574
-0.132874
-0.217013
0.529553
-0.448166
0.577120
0.178787
-0.058800
-0.732213
0.698740
0.703102
-0.412987
0.594473
0.756364
0.102693
-0.657121
0.067405
0.332562
0.028775
-1.000000
-0.702104
0.343011
0.792483
0.758743
0.372601
0.958752
-0.917460
0.148109
0.384615
0.672393
0.105485
0.099935
-0.103249
0.023528
0.257815
-0.769815
0.976748
0.423601
-0.607880
-0.980065
0.154562
-0.516059
-0.958497
0.069659
-0.032486
-0.416381
-0.674477
-0.978680
-0.668780
0.885105
-0.016596
-0.087908
0.955927
-0.634873
0.153255
-0.377116
0.915946
-0.505904
0.433733
0.177764
0.565105
-0.641985
-0.619767
0.662509
0.271006
-0.447622
1.000000
0.179248
-0.483113
-0.747503
-1.000000
1.000000
-0.818017
0.479507
1.000000
0.629131
0.571632
0.123241
-0.250017
-0.135084
0.420140
-0.759318
0.265993
1.000000
-0.901790
0.382042
-0.532403
0.629615
-0.809721
0.406433
-1.000000
-0.828331
-0.081048
-0.461239
0.028543
-0.249246
-1.000000
0.399593
-0.906594
-0.396444
-0.641456
-0.788340
-0.929404
-0.208525
-0.335643
-0.159282
-0.825032
0.217291
-0.327280
0.351205
-0.820464
-0.634133
-1.000000
0.657598
-0.914306
0.576813
-0.760656
-0.261843
0.169962
-0.033471
0.700674
-0.332117
-0.129094
-0.959846
-0.091459
-0.087664
0.130875
-0.521908
0.266238
-0.458083
0.891161
-1.000000
-0.313885
0.961448
0.632837
-0.463762
-0.394553
0.260724
-0.041350
0.943908
0.420522
0.489521
0.234398
-0.026939
0.251118
-0.260289
0.629110
-0.898032
1.000000
-0.893099
-0.194355
-0.624869
-1.000000
-0.885224
-0.302855
-0.985530
-0.363631
-0.838306
0.443389
-0.212601
0.562284
0.571838
-0.337478
0.875920
-0.919617
0.609174
-0.945802
-1.000000
0.133789
0.856520
-0.323690
-0.038906
0.786086
0.207625
0.873749
-0.333635
0.193077
1.000000
-0.988172
0.541448
-0.481622
0.589349
0.233960
0.374548
-0.544153
0.756762
-0.249679
-0.201711
-0.844205
0.403363
0.358581
-0.750775
0.619128
-0.370091
0.296928
-0.770100
-0.587282
0.280389
0.727919
0.267598
0.095332
-1.000000
0.239505
-0.134731
-0.612973
-0.630995
0.018817
-0.246592
-0.741708
0.087851
0.960873
1.000000
0.148261
-0.189560
0.183432
-0.260643
0.593658
-0.773912
-0.304465
0.545149
-1.000000
0.842018
0.309378
-0.066664
-0.279529
-0.636561
-0.262949
-0.666769
-0.406060
0.750544
-0.974683
0.999377
0.508553
-0.579621
0.095780
-0.679966
0.582384
0.956153
-0.029277
-0.352307
-0.253567
0.453680
0.928837
0.627879
0.936417
-0.701866
-0.863582
0.876387
-0.615822
1.000000
-0.274243
0.253379
-0.087296
0.703615
-0.000578
0.529397
-0.645344
-0.334763
-0.430783
-0.046478
0.243716
-0.843417
-1.000000
0.902431
-0.508523
-0.747033
0.702433
0.906163
0.815754
0.898303
0.507464
-0.518580
0.846656
0.376093
0.154496
-0.309665
0.587331
0.919524
-0.159467
-0.063118
0.243835
0.758563
-0.193218
-0.144654
0.232893
0.191388
0.433681
-0.826608
-0.604343
-0.704866
-0.848168
-0.248863
0.825166
0.322236
-0.333105
1.000000
-0.216573
0.005512
0.038318
0.162721
-1.000000
-0.145536
0.248564
0.352853
-0.141910
-0.836130
-0.776868
0.389399
0.423024
0.407035
-0.844040
0.758617
-0.988374
0.505669
-0.374078
0.195972
0.423198
0.125810
-0.773686
0.402236
0.496427
-0.651573
1.000000
0.439461
0.794924
-0.536595
-0.557557
0.577420
-0.929231
0.763892
-0.085207
-1.000000
-0.903992
0.116819
-0.560226
-0.840697
0.782671
-0.036375
0.480100
0.414294
-0.180463
-0.291493
-0.917511
-0.372885
0.917107
-0.622837
-0.764356
0.768884
0.261105
-0.102301
0.936615
0.245761
0.202966
-0.053948
-0.926827
-0.263567
-0.672955
-0.627925
-0.482673
0.065763
-0.700183
-0.218516
0.446443
0.460638
-0.689144
-0.453146
-0.438934
-0.676698
-0.635155
0.778487
1.000000
0.240115
0.745148
-0.669432
-0.203941
-0.307548
0.055000
0.070902
1.000000
-0.452142
-0.905335
0.982540
0.331396
-0.857314
0.928162
-0.794730
-0.125684
-0.252475
0.258435
0.656693
0.084587
0.959799
-0.242266
-0.415109
-0.766403
-0.996911
0.498981
-0.711073
0.560275
-0.625967
-0.978589
0.653881
-0.167103
0.799088
-0.628338
-0.907361
-0.830804
-0.781988
-0.775040
-0.899858
-0.032366
0.885110
0.365034
0.913283
0.606758
-0.207731
0.706424
1.000000
0.185918
-0.966038
-0.983112
0.816752
1.000000
-0.937894
-0.204264
0.542657
-0.588657
-0.773810
-0.239215
0.987164
-0.922064
0.502435
0.324194
0.033357
-0.696788
0.555248
-0.872098
0.347169
0.835698
0.810151
0.540137
0.407816
-0.833414
0.000653
0.731818
-0.843428
0.538800
0.494801
1.000000
0.632315
0.677813
-0.382667
0.280694
-0.336456
0.005342
-0.319672
0.254658
-0.825158
0.958025
-0.469325
0.479100
0.768742
0.581503
-0.873664
0.745595
-0.368906
0.190578
-0.849112
0.262137
0.024112
-0.968456
0.047695
0.784467
-0.710803
-0.339319
-0.203649
0.213048
0.118718
-0.857187
1.000000
-0.974731
-0.141586
0.129827
0.545557
-0.165542
1.000000
0.585363
0.252817
-0.197708
-0.088371
0.587530
-0.893256
-0.606171
0.567680
0.443592
0.789287
-0.523785
-1.000000
0.375432
-0.315239
-0.665816
-1.000000
-0.930538
1.000000
0.421627
0.064928
0.119264
0.491785
0.154250
0.882137
0.844751
0.397268
0.164254
0.580731
0.921229
-0.546646
-0.530019
-0.381845
0.854554
0.165949
0.141829
0.250482
-0.017177
0.502585
-0.325342
-0.233153
0.691283
0.423336
-0.430370
-0.989580
-0.260686
0.878283
-0.171171
-0.773555
0.299469
-0.169643
-0.573376
-0.416575
0.978416
-0.336613
-0.378987
0.888984
0.195493
0.205951
0.573706
-0.083476
-0.346404
0.675539
-0.654281
0.892498
-0.717712
0.182255
-0.924034
0.182795
0.407436
-0.972361
-0.162395
-0.500634
-1.000000
-1.000000
-0.061625
0.041308
0.101048
-0.010927
0.877063
-0.909635
-0.493504
0.122369
-0.344228
0.426476
0.641530
-0.117051
1.000000
-0.083358
0.799597
-0.532374
0.855981
1.000000
-0.933583
0.705541
-0.862386
-0.919986
-0.531563
0.400040
0.202107
0.984220
-0.854629
0.036736
-0.860433
0.053503
0.895846
-0.538411
0.317682
0.370251
-0.679521
0.919597
-0.360016
-0.999883
-0.902165
0.151905
0.957621
-0.915129
0.521220
0.626211
0.390442
0.127074
1.000000
-0.347743
0.289843
-0.409017
-0.175690
0.437623
0.826958
0.483892
0.348534
-0.813235
-0.533108
0.707024
-0.195357
-0.212548
-0.497550
-0.254828
-0.165874
0.363927
0.273291
-0.483099
0.998435
0.656521
1.000000
0.584695
-0.681998
0.652343
0.910172
-0.879624
-1.000000
1.000000
-0.395409
0.848750
0.058878
-0.433600
-0.243279
0.114284
0.246914
0.266101
-0.474176
0.031673
-0.032616
0.240566
-0.269902
-0.988705
0.573345
-1.000000
-0.667358
0.972698
0.876602
-0.149237
-0.891863
0.342344
0.696362
0.397637
0.036705
-0.232080
-0.553059
-0.521763
-0.016819
-1.000000
-0.697439
0.200342
0.601870
-0.582558
-0.757274
-0.353695
-0.091543
1.000000
0.649271
-0.919726
-0.862516
0.646323
0.785188
0.243966
-0.964701
1.000000
0.582610
0.921738
-0.049527
-0.991170
0.857309
-0.488139
-0.860925
0.770192
-0.630817
0.590492
0.214123
-0.362243
0.170317
0.189594
0.754796
0.235934
-0.355479
-0.897747
-0.235262
0.464814
-0.118278
-0.067959
0.048431
0.461707
-0.514409
0.431497
-0.225567
-0.750437
0.304792
-0.431411
0.004959
-0.235560
0.405650
-0.827159
-0.392750
0.986452
0.447906
-0.322754
-0.806324
0.732197
1.000000
-0.302532
-0.844090
-1.000000
-0.934094
-0.624128
-0.873509
0.449229
-0.012418
0.568515
0.327810
-0.384891
-0.953923
-0.805678
0.129175
0.503512
0.659526
-0.302942
-0.833880
0.957256
-0.206978
-0.587180
0.385296
0.681957
0.690690
0.728525
-0.080645
-0.610966
0.283460
-0.820953
0.511661
0.384286
0.246400
-0.629580
-0.428375
0.248486
-0.483181
-0.153115
-0.215867
-0.207677
-0.048107
0.761690
-0.378318
-0.874312
0.589053
0.637392
0.300155
0.730540
-0.400408
0.488964
0.541947
0.215709
0.192694
0.533962
0.079710
-0.877609
-0.227307
-0.935688
-0.698632
0.041742
0.800914
0.898116
0.167654
0.627016
0.348353
0.691765
-0.738778
0.675254
-0.491521
0.743563
-0.400647
0.541455
0.432811
0.340889
0.385765
-0.422283
0.362837
-0.772134
-0.532326
-0.451261
0.368103
-0.199097
0.361487
0.777871
1.000000
0.117391
0.338710
-0.494277
-0.822856
0.807615
-1.000000
1.000000
0.373786
0.151914
0.598302
-0.434228
-0.860746
0.928548
-0.570535
0.059094
0.218681
0.223682
-0.771526
-0.077044
0.638171
-0.723486
-0.521931
0.607044
0.458323
0.557412
-0.756474
0.130101
0.692100
-0.011901
-0.818553
0.780224
-0.030002
-0.024313
1.000000
-0.390747
-0.015776
-0.771757
-0.459612
1.000000
0.743069
0.415183
0.032419
0.004471
0.631818
0.342772
-0.725059
-0.576861
-0.857677
-0.940011
0.656319
0.115342
-0.786951
0.099572
0.586079
0.801334
-0.041370
0.428399
0.609443
-0.980602
-0.626051
0.106305
-0.364267
0.585758
-0.045969
0.326756
-0.290886
-0.081252
-0.927690
0.741457
0.917370
0.289576
0.960751
-0.778241
0.508976
0.260760
0.627083
-0.692806
-0.340054
-0.463668
-0.328393
0.368963
0.640084
0.915207
-0.456327
-1.000000
0.443945
-1.000000
-0.683146
0.124572
-0.658455
0.473540
-0.376757
0.687746
0.003428
-0.196120
-0.052640
0.279504
-0.862039
0.042046
-0.407324
0.190054
0.579127
0.857550
0.880430
-0.461023
-0.053004
-0.263813
0.050826
-0.239164
-0.483153
-0.476142
0.362554
-0.075510
0.036572
0.254968
-0.501997
0.695899
-0.593685
0.482559
0.020412
0.483631
0.455007
-0.707926
0.139985
0.082603
0.467347
0.454162
0.507424
-0.335497
-0.225393
0.127013
0.962330
0.591217
-0.956790
0.328490
0.944169
0.845851
0.873259
-0.114593
0.823285
-0.476371
0.715401
0.654102
-0.150897
0.722449
0.188882
0.531120
0.543547
-0.914945
-1.000000
-0.466851
-0.108833
-0.075403
-1.000000
-0.380261
-0.625902
-0.439650
0.693986
-0.745772
-0.002449
-0.039917
0.965688
-0.559178
-0.072102
-0.995858
0.807294
0.855365
0.153065
-0.713031
-0.138685
0.061626
-0.808853
-0.388245
0.221461
0.805495
0.773119
0.681592
0.966578
0.349360
0.853981
-0.049974
-0.559975
-0.858901
-0.937550
0.614022
0.773132
0.121795
-1.000000
0.536550
0.309746
-0.183357
0.320996
1.000000
0.866237
0.064882
0.598276
0.845282
0.768648
0.144430
0.488723
0.530252
-0.235217
-0.879177
0.412888
-0.515085
-0.685219
0.178268
0.838251
0.471465
0.687701
0.389670
-0.409657
0.897609
0.910641
-0.521044
-0.280035
-0.366136
-1.000000
-0.785780
0.906080
0.252156
-0.246485
-0.546016
-0.778565
0.300866
-0.461140
0.964028
-0.768854
0.906762
-0.410354
0.769825
-0.795532
0.323988
-0.553219
0.932634
0.675555
-0.238472
0.815840
-0.569514
0.977942
0.935273
-0.942855
0.038573
0.829032
0.036183
-0.629297
-0.888888
0.097221
0.240835
0.977658
0.954624
0.258635
-0.338599
-0.949277
-0.558471
0.829542
-0.115945
1.000000
0.908169
0.313844
0.995061
0.086935
0.608763
0.793721
0.187083
0.909522
-0.839820
0.953285
0.513764
0.736397
-0.333437
0.069080
-0.909428
0.657445
0.450903
-0.030660
0.880606
-0.884941
-0.587623
1.000000
-0.431390
-0.581062
-0.154321
-0.647234
0.887205
-0.604423
0.675589
-0.873013
-0.563175
0.427228
-0.552386
-0.665727
0.731852
-0.405073
-0.285827
0.178512
-0.273617
-0.473325
-0.304645
0.333366
0.868356
-0.816274
-0.385511
0.639384
-0.127650
-0.324009
-0.348125
0.979916
-0.339836
0.961623
0.831472
-0.349296
0.276612
0.148994
0.446947
0.847350
0.617829
0.404379
-0.753914
-0.430307
0.213868
0.998446
-0.890535
0.772026
-0.250433
0.870352
-0.833229
-0.224133
0.423724
0.686056
0.954626
-0.699892
0.794258
0.008044
0.404813
-0.696704
0.023958
-0.811705
-0.886623
0.130882
0.480269
-0.038819
-0.707095
-0.624591
-0.171399
-0.482993
1.000000
-0.971988
-0.907023
-0.585978
0.746931
-0.210704
0.816370
-0.686187
-0.442080
-0.142327
0.109808
0.536324
-0.408538
-0.183223
0.066922
-0.254123
0.523043
0.236381
0.982022
0.271966
0.737326
-0.471506
0.397918
-0.364855
0.356413
0.649012
0.618952
-0.065832
0.969728
0.139089
0.292255
-0.301812
-0.744158
0.013691
-0.968009
0.155467
0.590450
0.708200
-0.820573
0.214969
-0.435155
0.528936
-0.834608
-0.021648
0.991381
0.082935
-0.697426
0.901982
-0.402156
-0.996882
0.903765
-0.315102
0.056167
-0.387881
1.000000
-0.628073
-0.710514
0.158467
0.035316
-0.465313
-0.779042
0.696639
0.164894
0.514395
-0.836969
0.280205
-0.639380
-0.024182
-0.553378
0.198097
-0.971529
0.049534
0.200678
0.132688
-0.216209
0.440710
0.944052
1.000000
-0.073700
0.810242
-0.403027
0.770287
-0.273524
-0.313499
-0.722286
0.317597
-0.102555
0.323368
0.428002
-0.610965
-0.803154
0.751462
-0.136402
-0.229960
-0.731363
-0.392150
0.249450
-1.000000
-0.298422
0.241677
-0.271039
-0.653488
0.907518
-0.579191
-0.873826
-0.504845
-0.206743
1.000000
0.952541
0.933668
-0.570616
-0.289662
-0.063976
0.744069
0.961102
-0.156356
-0.502273
-0.016504
0.486021
-0.828009
0.385773
-0.900577
0.454439
0.518213
0.743013
0.901368
-0.664289
-0.455922
0.413057
0.790613
0.187790
0.431635
0.247644
0.613502
0.777835
-0.536765
0.844462
0.594496
-0.854287
-0.895287
0.128211
-0.838047
-0.838449
0.247839
0.716766
-0.950439
0.714509
-0.367817
0.937125
0.266620
0.375738
0.637276
0.106903
-0.589809
-0.447135
0.127649
-0.724437
0.916721
-0.566183
-0.425101
-0.474802
-0.575508
-0.351438
0.200337
-0.185831
-0.629160
0.434844
-0.232456
0.257161
-0.178047
0.374134
-0.720450
-1.000000
-0.296802
-0.612653
0.385605
-0.600409
0.062102
0.770223
-0.550698
0.083392
-0.198778
0.051101
1.000000
0.303692
0.930877
-0.725507
-0.207360
-0.884409
0.147484
0.739340
-0.419196
-1.000000
0.141565
-1.000000
-0.361857
0.722690
-1.000000
0.140844
0.660515
0.043582
-0.097405
-0.894195
0.895880
0.384688
0.782434
-0.306819
-0.204136
-0.258731
0.820169
-0.133725
0.314608
0.731829
0.303664
0.413821
-0.258095
0.048463
0.340317
-0.645215
0.982053
-0.859705
-0.728560
0.728541
0.205776
0.110558
0.058694
0.601682
-0.217604
0.700584
-0.979226
0.285909
-0.034604
-0.899027
0.110938
-0.021669
0.022325
-1.000000
0.924087
-0.510536
-0.286240
0.549670
-0.742442
0.600035
-0.597472
0.907330
-0.708020
0.443067
-0.580677
0.695519
0.053145
0.519871
-1.000000
0.418920
-0.605280
0.858834
-0.754612
0.630666
-0.204645
-0.227249
-0.000306
-0.871792
-0.198715
0.046838
-0.485988
0.681389
-0.734486
-0.858057
1.000000
0.159720
0.220973
0.779739
1.000000
0.550195
0.862957
-0.423322
-0.184643
0.201228
0.856722
-0.433189
-0.726422
0.457152
0.353939
0.231572
-0.080941
0.653017
-0.003129
0.576461
0.499511
-0.138347
-0.687041
-0.988985
-0.834381
-0.962277
0.493346
-0.734441
-0.776608
0.089543
-0.605146
1.000000
0.723777
-0.990457
0.947977
-0.451872
-0.732413
-0.632566
0.840658
0.388774
0.140410
0.917580
0.676578
0.529986
-0.111956
-0.203860
-0.711452
-0.795799
-0.894940
0.592692
-0.041225
-0.251028
0.218935
-0.986553
0.727495
0.087310
0.660590
-0.982481
-0.846428
-0.528099
-1.000000
-0.814608
-0.820160
-0.696051
-0.261880
0.748276
0.892522
-0.961781
-0.203541
-0.177039
-0.979386
-0.377607
0.453797
-0.341835
-0.934454
-0.192134
-0.989362
-0.313783
-0.114195
-0.982031
0.236695
-0.074458
-0.295269
0.187981
0.071252
-0.436712
0.501157
-0.914537
0.848995
0.362332
0.583968
0.760132
-0.566052
0.724292
-0.141875
-0.594588
-1.000000
-0.766439
0.723414
0.441558
-0.438269
-0.312393
0.062010
0.493137
0.302201
1.000000
0.022050
-0.743919
-0.368025
-0.411540
0.751844
0.550296
-1.000000
-0.766485
-0.474370
-1.000000
0.056782
0.489606
-0.909101
0.398984
-0.749423
0.203023
0.781544
-0.545382
-0.919846
0.097356
0.801467
-0.169961
-0.018021
0.053076
-0.884563
0.255532
0.282798
-0.034419
-0.042906
-0.190047
-0.111027
-0.051436
0.847953
-0.613211
-0.559770
0.324294
0.266741
-0.410470
-0.867581
-0.266886
-0.669971
1.000000
-0.641445
-0.487757
0.760295
0.383976
-0.363877
-0.394731
-0.667361
-0.699255
-0.737417
-0.381584
-0.578727
-0.254985
0.501554
-0.656827
0.815351
0.661439
-0.394143
0.285404
0.387138
-0.446466
-0.275395
0.341358
0.093581
0.014052
0.767096
0.766217
0.840749
0.245566
0.643771
-0.449057
1.000000
-0.504049
-0.125363
-0.321777
0.235960
-0.818503
-0.061217
-1.000000
-1.000000
-0.273511
-1.000000
-0.655086
-0.425685
-0.834507
-0.903798
-0.475109
1.000000
0.199270
-0.481766
-0.094563
-0.651117
0.324228
0.588993
-0.094552
-0.993895
-0.465423
0.596049
-0.911210
0.874976
-0.894394
-0.397408
-0.066988
-0.324028
0.551592
0.204002
0.949629
0.699952
0.604548
0.497906
-0.845937
0.123083
-0.588381
-0.261182
0.821823
0.487751
0.619491
0.196696
-0.395621
-0.557958
-0.685816
0.969665
-0.652566
-0.490146
-0.308270
-0.502159
-1.000000
0.346779
-0.123247
-0.231596
-0.501258
0.080100
-0.761794
0.500761
-0.313808
-0.949721
0.956077
0.170067
-1.000000
1.000000
0.782058
0.881485
0.794735
0.379448
0.939241
-0.781571
-0.815459
-0.516725
-0.109402
-0.733272
0.291659
-0.433133
0.313901
0.780910
0.381532
0.678090
0.861119
-0.127528
0.347257
0.255751
1.000000
-0.015810
0.017125
0.889951
0.251222
0.867184
0.914167
-0.904782
0.594442
0.425835
-0.225725
-0.224495
-0.089355
0.567911
-0.014545
-0.150940
0.127931
0.830888
1.000000
0.600867
0.428200
-0.320028
0.115043
-0.279622
-0.391181
-0.243953
-0.064312
0.238960
-0.828779
0.912069
-1.000000
-0.508073
0.235713
0.980254
0.117588
-0.444115
0.279071
-0.799477
-0.407324
-0.337216
-0.459838
0.762951
0.000715
-0.065782
-0.214838
0.033735
0.365329
0.486193
-0.749974
0.607742
0.464080
0.828771
-0.589976
-1.000000
0.363263
-0.351465
-0.794120
0.372795
-0.881554
-0.908003
-0.059338
0.655554
-0.065891
1.000000
0.926575
1.000000
-0.105928
-0.823698
-0.710123
0.341414
-1.000000
-0.464752
0.247346
-0.868726
0.711574
-0.193008
0.999594
0.278207
0.218660
-0.338094
-0.789408
0.811090
0.794263
0.699880
-0.432841
1.000000
1.000000
0.593502
-0.226916
0.187183
-0.620779
0.620081
-0.986277
-0.483896
-0.685888
-0.566937
-0.504229
0.811509
-0.088075
-0.075728
0.791417
0.046586
-0.775487
0.559091
0.815437
0.969641
-0.775819
-0.147805
0.684806
0.365313
0.955169
0.741630
-0.484331
-0.874826
0.411582
-0.813971
-0.927490
-0.309722
0.047336
0.018668
-0.456586
-0.040379
-0.931808
-1.000000
-0.094849
0.071632
0.823677
-0.629369
0.435382
-0.024116
0.199655
-0.439942
-0.155078
0.029016
1.000000
-0.119037
0.982586
-1.000000
0.354565
0.198765
-0.278537
-0.582176
-0.441313
0.964361
0.985275
-0.411398
0.387280
1.000000
0.460577
-0.629110
-0.247641
-0.903419
-0.158685
0.616608
-0.620386
-0.993128
0.965016
-0.860850
-0.453695
0.145521
0.616260
-0.023850
-0.981379
-1.000000
0.936684
0.238801
0.986766
-0.078167
-0.399686
-0.239508
0.976802
0.799880
0.584380
-0.608957
0.219282
0.156825
0.005415
-0.292440
-0.835732
0.262945
0.439708
0.887350
0.943264
0.378149
-0.749673
-0.454461
0.912025
-0.630145
-0.296525
0.412024
-0.805259
0.928535
-1.000000
-0.279816
0.300810
0.930051
-0.862019
-0.055893
-0.341434
-0.951749
-0.711653
-0.480817
0.808082
0.216271
-0.340859
-0.278536
0.274312
-0.109114
-1.000000
0.971863
0.468386
-0.390901
0.356971
-0.452826
-0.008242
0.150378
1.000000
0.507792
0.807995
0.442466
0.929018
-0.157063
-0.436763
0.285430
0.146184
-0.996801
-0.429470
-1.000000
-0.636697
-0.937409
0.413905
0.625213
-0.805254
0.557935
-0.204891
-0.735059
1.000000
-0.743035
-0.789334
0.750736
-0.117463
-0.337120
-0.334943
0.074161
-0.639964
-0.902350
0.083092
-0.927378
0.901538
-0.583905
0.611410
0.779422
-0.390451
-0.181681
0.394496
-0.822034
-1.000000
-0.982231
0.330848
-0.837665
0.826196
-0.054987
-0.128479
0.547266
-0.216657
0.287271
0.362632
0.061291
-0.425077
0.251885
0.691645
0.110363
-0.287953
-0.450415
0.129051
-0.022587
0.036478
-0.297924
-0.214268
0.096239
-0.875988
-1.000000
-0.979097
0.119382
0.605606
0.043822
0.893893
0.246833
0.723541
0.612636
-0.051743
-0.134062
0.190230
0.823604
-0.197643
0.213091
0.861860
0.154157
0.914403
-0.837773
0.095520
0.536396
0.524392
-0.145452
-0.465230
-0.380341
0.669621
0.144700
-0.738651
-0.960827
-0.163933
0.781186
0.117515
0.295876
-1.000000
0.357708
1.000000
-0.495120
-0.301045
-0.729143
0.161607
-0.112723
0.795582
0.949562
-0.540747
0.228011
0.424325
0.950694
0.819853
0.692719
-0.984179
0.049215
0.098369
0.148644
-1.000000
0.216074
-0.243561
-0.925797
-0.257080
-0.728575
0.647717
0.709183
0.884940
-1.000000
-0.259631
-0.693072
0.417389
0.611912
-0.643749
-0.569615
0.546951
0.325883
-0.783481
0.289861
-0.464258
-0.953891
0.652746
-0.074273
-0.609656
0.221915
0.582350
0.720603
0.867458
-0.244625
0.941545
-0.414738
-0.173186
-0.346675
0.361446
1.000000
0.096228
-0.309985
0.828118
-0.755737
0.615060
0.239208
0.311560
-0.675036
0.871502
-0.006185
-0.259498
0.145137
-0.168182
-0.835731
-0.547164
0.099200
-0.005603
1.000000
-0.111570
0.922043
0.858311
-0.007880
0.674055
0.752437
0.108247
0.989294
-0.847138
1.000000
-0.201774
0.234973
0.695249
0.778893
-0.739738
1.000000
0.919078
0.607654
0.053162
-0.770706
-0.992873
0.762541
0.271789
-0.526033
0.905740
0.509362
0.186556
1.000000
0.006594
1.000000
0.450956
-0.000948
0.807767
0.548622
-0.798949
0.188933
0.721140
0.080420
0.781506
-0.584723
0.488720
-0.391811
-1.000000
0.595069
-0.129132
-0.904583
-0.448602
0.391348
0.245161
-0.648312
-0.418488
0.025869
0.858621
0.813049
-0.115484
0.778626
0.174791
-0.546650
-0.015530
0.080821
-0.695896
0.613591
-0.627823
0.568446
-0.557124
-0.376375
-0.298659
-0.856107
-1.000000
0.586033
0.030364
-0.934211
-0.255831
0.781415
-0.065029
1.000000
0.381970
0.857439
0.836036
0.653956
0.558596
0.535660
-0.008377
-0.062531
-0.691581
-0.204140
0.895884
-0.478889
0.429463
0.646346
0.489688
0.835638
0.124333
-0.218000
-0.286377
-0.734550
0.510904
0.635289
0.826917
0.573025
-0.321142
-0.521967
-0.485212
0.211782
-0.949193
0.355002
0.657289
-0.815835
0.760275
-0.510641
0.731561
-0.263543
0.564356
0.751489
0.297130
-0.019824
-0.917601
0.821575
0.188788
0.012121
0.437197
0.874030
0.764329
0.878790
-0.080096
-0.424662
0.858769
-0.982547
0.059226
0.836422
0.853066
1.000000
0.282689
-0.036115
0.254365
-0.266179
0.136923
-0.408849
0.641001
-0.361229
-0.202472
0.856229
0.554726
0.076666
0.334103
0.696971
0.140072
0.482695
0.112433
-0.026591
0.103520
0.227765
-0.909042
-0.512550
-0.043161
0.847242
-0.486013
-0.965345
0.878042
-0.449291
-0.243021
0.432374
0.433356
0.533400
0.421014
0.724410
1.000000
-0.958589
0.030085
-0.948983
0.135371
0.178382
-0.854752
-0.262030
-0.111508
-0.225074
0.160939
0.870993
-0.090296
-0.762967
-0.553068
0.699492
-0.938309
-0.437251
-0.208047
0.966390
0.744837
-0.252677
0.615318
0.523577
0.535511
1.000000
-0.691434
-0.377659
-0.951552
1.000000
0.644834
1.000000
0.401031
0.276760
0.654678
0.204747
0.968491
-0.142543
-0.730190
-1.000000
-0.580692
0.830225
1.000000
-0.250042
-0.527587
-1.000000
-0.736568
0.615681
0.028555
0.525541
-0.807412
-0.221642
-0.002765
0.046933
0.630062
0.074748
-0.137013
0.314021
-0.100027
0.053980
0.875173
-0.172889
0.259420
1.000000
0.793592
0.076137
0.736280
-0.540391
0.220328
-0.922916
-0.306643
0.648650
-0.816387
0.860602
0.719711
-0.026971
0.717904
-0.127637
0.804424
-0.008541
0.289262
-0.641248
0.744522
0.951146
-0.699249
-0.518037
0.660456
0.351805
-0.484046
-0.473564
-0.024715
0.406437
-0.425565
-0.240827
-0.339329
0.539848
-0.097840
-1.000000
-0.948189
-0.899740
-0.304734
0.996599
-0.771937
0.149640
-0.421169
-0.247621
-0.701845
0.848117
-0.471806
0.816538
-0.256646
-0.396133
-0.161486
0.199184
-0.311985
-0.127704
0.624480
0.613683
-0.384092
-0.921596
-0.374826
0.332879
-0.452587
0.047543
-0.163302
-0.041051
0.418232
-0.623315
0.346989
-0.842952
-0.867893
-0.019207
-0.166314
-0.236771
0.076146
-0.206699
-0.354901
-0.121409
-0.242684
0.849779
-0.782934
-0.421380
0.189811
-0.345029
0.119573
0.843701
-0.851319
0.513707
-0.739587
-0.131357
-0.041638
0.868406
0.182792
0.041987
0.433586
1.000000
-0.256406
-0.491611
0.392834
-0.107532
-0.110766
0.140770
0.636963
0.352527
0.744074
-0.112218
0.486864
0.720042
0.768012
0.896601
-1.000000
1.000000
-0.794455
0.955942
0.727642
-0.268776
-0.881827
-1.000000
0.724779
-0.257041
-0.364279
-0.600899
0.548561
-1.000000
0.617687
0.910541
0.404075
-0.330341
0.249312
-0.772523
1.000000
-0.442341
0.602269
0.348517
0.753902
0.951686
-0.008529
0.566746
1.000000
0.328417
-0.173170
0.304972
-0.361361
-0.861016
-0.547742
0.638388
0.096268
0.453373
0.189169
0.723188
0.720016
-1.000000
0.862063
-0.793912
-0.390710
0.340805
-0.128883
-0.673489
-0.379192
-0.962553
0.091221
0.063539
0.011974
0.006280
0.004934
0.039300
0.002774
0.021422
0.037686
0.045365
0.010036
0.138425
0.002542
0.189979
0.003345
0.038178
0.002815
0.025730
0.000453
0.005086
0.106592
0.000397
0.000344
0.014423
0.002308
0.045825
0.017141
0.104453
0.083974
0.009190
0.100744
0.001439
0.003128
0.054661
0.089975
0.057791
0.083452
0.005822
0.034792
0.318547
0.019275
0.000282
0.018375
0.000479
0.001723
0.021506
0.026470
0.018904
0.061535
0.006840
0.013933
0.033763
0.002745
0.072176
0.458033
0.003193
0.107716
0.014895
0.030853
0.065919
0.168611
0.006637
0.746619
0.063788
0.001029
0.310158
0.181180
0.069505
0.174711
0.398088
0.232056
0.005421
0.056039
0.004683
0.090693
0.248036
0.001559
0.017002
0.031999
0.067428
0.007862
0.021175
0.006847
0.008287
0.008219
0.019065
0.007037
0.284961
0.172806
0.010926
0.019843
0.109052
0.001990
0.000775
0.113060
0.064129
0.001414
0.013807
0.001900
0.004040
0.006440
0.039731
0.063445
0.026523
0.127352
0.001721
0.001072
0.193494
0.120819
0.039000
0.073653
0.003538
0.052809
0.034698
0.035740
0.027235
0.010290
0.008994
0.169123
0.369728
0.005205
0.023444
0.013956
0.054845
0.003949
0.000497
0.022218
0.005730
0.008206
0.003414
0.080361
0.004555
0.172036
0.020724
0.111252
0.311647
0.002220
0.048304
0.000794
0.055795
0.216815
0.027313
0.019097
0.002083
0.069284
0.003941
0.349247
0.007548
0.005915
0.015110
0.048763
0.023276
0.055317
0.022789
0.001884
0.022086
0.135211
0.000096
0.059389
0.011542
0.010723
0.173811
0.018108
0.001045
0.143483
0.000270
0.505065
0.002396
0.000763
0.398075
0.091647
0.000362
0.000814
0.148194
0.124345
0.020874
0.126280
0.007665
0.001968
0.010881
0.185414
0.000121
0.001725
0.186126
0.006193
0.028092
0.178626
0.018894
0.113416
0.001948
0.009229
0.002147
0.031249
0.011474
0.015646
0.017622
0.075105
0.044066
0.026866
0.006644
0.151817
0.000864
0.010138
0.006302
0.017490
0.058551
0.090007
0.115106
0.071678
0.389387
0.004585
0.010039
0.066295
0.045147
0.014379
0.084802
0.077140
0.013238
0.008166
0.277830
0.011067
0.058107
0.055938
0.028452
0.027517
0.300900
0.000219
0.153160
0.357897
0.769308
0.025291
0.668404
0.083249
0.015519
0.007844
0.063199
0.202082
0.006265
0.017876
0.053717
0.007876
0.000146
0.007687
0.252850
0.037179
0.282585
0.125933
0.281595
0.000544
0.047915
0.031946
0.001300
0.260150
0.001852
0.053976
0.266476
0.004010
0.000977
0.354819
0.001217
0.002616
0.027003
0.029777
0.140924
0.030737
0.003646
0.020561
0.098243
0.053938
0.004558
0.096902
0.011944
0.058019
0.237520
0.009515
0.002086
0.002645
0.059636
0.004790
0.005826
0.019290
0.011225
0.058071
0.006555
0.092119
0.166725
0.174979
0.013247
0.151622
0.007860
0.000830
0.196148
0.007710
0.006271
0.014983
0.008061
0.663372
0.065916
0.121310
0.373098
0.025153
0.021588
0.668135
0.092163
0.315805
0.140646
0.108333
0.213777
0.224650
0.695277
0.002681
0.129324
0.028069
0.030989
0.043673
0.062669
0.000840
0.030409
0.030162
0.132339
0.085126
0.112741
0.072363
0.068917
0.039207
0.181541
0.467087
0.363168
0.116810
0.128879
0.078018
0.010577
0.005900
0.065118
0.005212
0.025780
0.127547
0.005557
0.015788
0.038997
0.003586
0.011227
0.108859
0.058768
0.134938
0.146818
0.040851
0.038355
0.263065
0.037902
0.123042
0.073203
0.046212
0.059686
0.012155
0.002198
0.005008
0.080726
0.001831
0.015278
0.002293
0.000680
0.068185
0.019451
0.116304
0.087267
0.217651
0.277656
0.035389
0.202146
0.322531
0.000385
0.067933
0.001450
0.222917
0.015865
0.004205
0.003937
0.056569
0.002173
0.004938
0.190048
0.273992
0.000990
0.000283
0.201384
0.109694
0.006037
0.005527
0.096203
0.175601
0.043158
0.010083
0.058212
0.003191
0.039636
0.090680
0.262685
0.000414
0.085994
0.420892
0.035848
0.436620
0.004590
0.002589
0.000730
0.571113
0.040451
0.020690
0.025590
0.003952
0.813432
0.269747
0.284600
0.004640
0.000206
0.008055
0.032807
0.260206
0.004561
0.000026
0.000079
0.043026
0.014150
0.082983
0.002871
0.126380
0.063957
0.013739
0.038337
0.010119
0.016353
0.030363
0.049654
0.007666
0.009900
0.109472
0.015435
0.001014
0.014682
0.014755
0.040611
0.005421
0.037337
0.000061
0.002925
0.013668
0.224206
0.100846
0.063282
0.065479
0.182827
0.117068
0.490495
0.146900
0.048723
0.028607
0.030743
0.062091
0.008588
0.017530
0.013206
0.028077
0.018214
0.009432
0.023078
0.070463
0.004899
0.013465
0.019637
0.294489
0.099637
0.051467
0.241334
0.017666
0.017399
0.022939
0.000277
0.015626
0.026096
0.313443
0.357883
0.040244
0.023171
0.007184
0.008669
0.121776
0.036852
0.014062
0.274401
0.081796
0.015477
0.006275
0.528752
0.202730
0.002456
0.242555
0.010691
0.011107
0.046538
0.009198
0.029326
0.485070
0.019456
0.092012
0.008509
0.047336
0.002292
0.235680
0.542295
0.000085
0.078138
0.000112
0.186407
0.003039
0.543396
0.293900
0.027686
0.198984
0.253350
0.010408
0.002018
0.000349
0.022522
0.194473
0.000704
0.237423
0.003800
0.001596
0.027127
0.055573
0.002937
0.032985
0.009798
0.029806
0.005330
0.014971
0.013580
0.148891
0.001112
0.023504
0.003265
0.178924
0.004803
0.093912
0.003589
0.115728
0.326442
0.247638
0.071040
0.040912
0.000283
0.422918
0.011396
0.219526
0.155679
0.023814
0.035580
0.002185
0.022811
0.060441
0.008708
0.022825
0.000680
0.028440
0.014688
0.011717
0.001481
0.000039
0.000488
0.034073
0.014022
0.028750
0.218310
0.007730
0.011497
0.052643
0.000007
0.031317
0.029900
0.055738
0.001147
0.098562
0.137748
0.093715
0.133828
0.635522
0.009441
0.008163
0.000999
0.062415
0.073156
0.047951
0.448286
0.100596
0.042462
0.030228
0.052099
0.002017
0.110382
0.112970
0.027198
0.017591
0.106888
0.256868
0.000364
0.000219
0.006260
0.005210
0.001824
0.074484
0.065234
0.000358
0.033152
0.012140
0.390573
0.096035
0.023314
0.007453
0.000029
0.088014
0.027470
0.000985
0.147665
0.010455
0.012850
0.538880
0.028853
0.010447
0.011547
0.016325
0.258376
0.011838
0.044306
0.010510
0.010064
0.200485
0.034316
0.006407
0.021223
0.001506
0.000581
0.001581
0.098948
0.076061
0.023042
0.001589
0.012773
0.004950
0.000986
0.002287
0.001302
0.004935
0.066334
0.006456
0.052973
0.000063
0.236193
0.000211
0.517863
0.021286
0.103415
0.144061
0.071598
0.003006
0.030547
0.037926
0.215099
0.007274
0.004113
0.061266
0.270010
0.243005
0.000023
0.000143
0.005568
0.000131
0.284594
0.191932
0.000522
0.043216
0.078636
0.099766
0.003795
0.004046
0.010648
0.060002
0.020722
0.004469
0.023734
0.067405
0.062439
0.054975
0.143335
0.169152
0.686843
0.060353
0.125621
0.017408
0.001232
0.026761
0.261107
0.679089
0.019056
0.129800
0.009757
0.020542
0.100887
0.016580
0.003529
0.000863
0.006183
0.006921
0.001491
0.049249
0.003458
0.000482
0.006428
0.285172
0.150340
0.021708
0.057470
0.025323
0.127566
0.058704
0.005863
0.014096
0.004322
0.000107
0.052587
0.446038
0.007641
0.000462
0.059214
0.000612
0.017969
0.000337
0.013558
0.006755
0.000217
0.006113
0.031402
0.028754
0.031840
0.047289
0.028371
0.046853
0.140382
0.397970
0.002042
0.006589
0.284661
0.001812
0.012688
0.023247
0.010411
0.060386
0.109797
0.002618
0.012053
0.002357
0.053657
0.018093
0.007031
0.009589
0.058612
0.069802
0.022384
0.002976
0.000672
0.206945
0.198002
0.189394
0.168124
0.018712
0.068184
0.157830
0.057731
0.520114
0.172840
0.046307
0.012018
0.054420
0.037191
0.502694
0.065432
0.015729
0.006840
0.037391
0.053383
0.001838
0.078201
0.019692
0.035720
0.037457
0.223274
0.058388
0.028807
0.155984
0.018572
0.051437
0.000550
0.267382
0.022863
0.110283
0.012496
0.068406
0.051383
0.106545
0.025585
0.091492
0.304317
0.087758
0.097477
0.291924
0.006802
0.016702
0.020233
0.002113
0.096584
0.047001
0.070552
0.000446
0.037130
0.305565
0.171794
0.007652
0.008438
0.061302
0.032515
0.015671
0.013193
0.000118
0.040941
0.000313
0.001311
0.021615
0.120840
0.004299
0.018067
0.498195
0.047970
0.040171
0.023503
0.002640
0.555061
0.033616
0.006384
0.001957
0.006788
0.446692
0.155564
0.184254
0.141430
0.001896
0.009014
0.053326
0.000090
0.006766
0.022247
0.001094
0.015200
0.000142
0.077182
0.207938
0.005190
0.022467
0.044295
0.006295
0.099916
0.071669
0.000308
0.020120
0.006287
0.002738
0.316244
0.022352
0.009253
0.264443
0.240681
0.065106
0.008451
0.002389
0.065259
0.017361
0.071452
0.030607
0.167781
0.062058
0.072843
0.006601
0.043613
0.001141
0.004199
0.082670
0.002370
0.258936
0.015873
0.085312
0.008885
0.085392
0.001432
0.001042
0.321202
0.001567
0.083849
0.026071
0.018190
0.010769
0.059395
0.235186
0.009709
0.047151
0.040387
0.012564
0.007916
0.002771
0.814198
0.121866
0.067309
0.000928
0.074679
0.000051
0.066567
0.078061
0.000265
0.053601
0.080774
0.011905
0.050337
0.025848
0.110187
0.036195
0.000166
0.010355
0.008306
0.149997
0.105380
0.034320
0.379766
0.005896
0.007327
0.000181
0.027201
0.073421
0.059426
0.030795
0.007764
0.002844
0.010863
0.002610
0.021308
0.182394
0.001082
0.121559
0.003382
0.097733
0.068147
0.035276
0.010060
0.035401
0.143777
0.022243
0.255413
0.731026
0.007266
0.048105
0.045638
0.057360
0.115551
0.012806
0.053721
0.027212
0.075956
0.000170
0.049654
0.528916
0.059007
0.797777
0.001323
0.024782
0.069426
0.024019
0.144528
0.069002
0.481232
0.427318
0.001102
0.013669
0.005293
0.004810
0.015560
0.001788
0.015043
0.005446
0.001081
0.135905
0.036271
0.108201
0.001753
0.276445
0.022577
0.008304
0.008405
0.024102
0.002833
0.016788
0.000108
0.084482
0.006395
0.001724
0.476697
0.444267
0.193473
0.005413
0.049014
0.168557
0.017815
0.055504
0.012097
0.003668
0.085647
0.204993
0.078729
0.694812
0.541253
0.247535
0.187160
0.560389
0.001937
0.000424
0.149680
0.034008
0.006315
0.018485
0.203313
0.639000
0.259283
0.183109
0.005075
0.197442
0.171178
0.125822
0.000716
0.000536
0.478261
0.009869
0.090000
0.046875
0.346845
0.007622
0.001976
0.105617
0.004093
0.914500
0.000321
0.010198
0.104328
0.112701
0.021642
0.010974
0.012525
0.067063
0.038066
0.007965
0.021662
0.050338
0.004150
0.053626
0.062792
0.002514
0.002726
0.168087
0.187353
0.026929
0.181953
0.001886
0.012808
0.022858
0.089158
0.077318
0.070056
0.918335
0.349599
0.035324
0.001281
0.022781
0.014416
0.003594
0.123619
0.125322
0.003480
0.003565
0.018491
0.436663
0.180398
0.062770
0.094915
0.048977
0.032958
0.001017
0.068756
0.044659
0.190997
0.073899
0.014240
0.082370
0.265217
0.027760
0.163553
0.340460
0.100497
0.001836
0.089233
0.025286
0.063220
0.023487
0.011960
0.000653
0.051782
0.040346
0.056103
0.201582
0.365621
0.000400
0.128374
0.015377
0.004711
0.032765
0.043933
0.016582
0.071962
0.003389
0.008452
0.000444
0.021487
0.072049
0.002892
0.000788
0.005960
0.031156
0.042649
0.014616
0.082537
0.020584
0.010351
0.074804
0.021487
0.121488
0.286263
0.061756
0.264300
0.537393
0.133928
0.012591
0.108774
0.032265
0.057703
0.029552
0.660201
0.027211
0.084326
0.016167
0.039920
0.142926
0.006104
0.001617
0.037681
0.116229
0.046194
0.006174
0.041548
0.057340
0.235754
0.028476
0.001655
0.023365
0.077908
0.047631
0.138113
0.040890
0.040082
0.017945
0.082087
0.146487
0.002633
0.011513
0.184517
0.076859
0.004950
0.024849
0.112861
0.073088
0.084052
0.007691
0.002177
0.014719
0.006134
0.047786
0.288744
0.001464
0.076330
0.000386
0.123844
0.567186
0.054470
0.749453
0.021553
0.173058
0.000286
0.000199
0.398735
0.097231
0.003684
0.209007
0.070688
0.000036
0.182658
0.076048
0.015402
0.073468
0.234472
0.010135
0.024411
0.588621
0.188438
0.001420
0.008951
0.043351
0.038577
0.096578
0.000520
0.032270
0.005967
0.072028
0.019175
0.024649
0.015578
0.004636
0.102115
0.153338
0.441379
0.046973
0.025353
0.278966
0.019671
0.151325
0.042045
0.021380
0.048204
0.054784
0.001310
0.042231
0.000245
0.002051
0.090500
0.052364
0.354821
0.520438
0.008160
0.058785
0.114807
0.104396
0.013122
0.000340
0.003825
0.217366
0.003274
0.009180
0.368438
0.144287
0.010623
0.104911
0.117278
0.000410
0.551865
0.011844
0.062383
0.070603
0.037291
0.153848
0.020016
0.010451
0.050713
0.320072
0.308133
0.114675
0.016932
0.003715
0.040510
0.003582
0.355265
0.003661
0.000975
0.008215
0.043908
0.011504
0.036286
0.056970
0.008130
0.033694
0.378751
0.012534
0.152810
0.034953
0.398109
0.050736
0.194406
0.094023
0.001541
0.084127
0.006212
0.203041
0.323621
0.002829
0.041105
0.270605
0.051870
0.000591
0.237965
0.002152
0.036088
0.002897
0.039847
0.125498
0.594995
0.086277
0.000299
0.005899
0.061570
0.001950
0.053500
0.312798
0.111815
0.012788
0.061609
0.200780
0.016540
0.005173
0.041824
0.240433
0.024228
0.303695
0.174985
0.038423
0.000984
0.308351
0.006424
0.000505
0.168476
0.033557
0.109438
0.040414
0.080254
0.352968
0.001230
0.073398
0.433757
0.217287
0.036374
0.000278
0.261465
0.017211
0.068850
0.001625
0.000164
0.000076
0.000174
0.347608
0.196529
0.096072
0.008875
0.091707
0.185119
0.004647
0.068272
0.244941
0.029822
0.000443
0.006013
0.002090
0.015104
0.009552
0.009462
0.038065
0.010294
0.175404
0.010738
0.128421
0.033687
0.005514
0.013384
0.016041
0.031202
0.073565
0.017890
0.177196
0.044770
0.029867
0.063083
0.062416
0.153895
0.012664
0.003483
0.006362
0.006492
0.045081
0.029262
0.000220
0.012351
0.308169
0.074725
0.003464
0.075159
0.009380
0.030115
0.246612
0.386629
0.074582
0.108497
0.192083
0.081600
0.016987
0.036932
0.037408
0.100767
0.200577
0.003015
0.011360
0.011633
0.105057
0.010162
0.272754
0.000225
0.000897
0.070919
0.004926
0.013659
0.281773
0.102793
0.036636
0.162937
0.014671
0.015801
0.036145
0.110262
0.725538
0.071641
0.105113
0.001853
0.000288
0.420538
0.031176
0.000126
0.013157
0.019020
0.003535
0.004660
0.055505
0.008769
0.021516
0.002617
0.044997
0.165439
0.034028
0.082608
0.136724
0.002894
0.014527
0.171548
0.010235
0.400040
0.009102
0.155453
0.004204
0.000979
0.090895
0.657737
0.117617
0.158375
0.238059
0.036879
0.020474
0.007927
0.101834
0.005896
0.028404
0.042855
0.071227
0.035867
0.023191
0.005370
0.045101
0.051315
0.053451
0.006893
0.252758
0.395425
0.010642
0.033388
0.110268
0.475813
0.081069
0.008443
0.027266
0.021774
0.004135
0.036727
0.028055
0.248195
0.059963
0.000466
0.015780
0.029116
0.045099
0.001569
0.001074
0.002366
0.083677
0.044994
0.177928
0.008771
0.001652
0.090946
0.121890
0.082784
0.026044
0.401321
0.001385
0.024514
0.073749
0.033883
0.000970
0.267711
0.189443
0.058238
0.040401
0.012420
0.009843
0.002976
0.097338
0.240641
0.035477
0.059199
0.000657
0.081519
0.005139
0.004058
0.746450
0.020056
0.005688
0.058005
0.000722
0.011219
0.002732
0.007577
0.007491
0.127942
0.116344
0.116600
0.071467
0.004001
0.845247
0.002909
0.159093
0.054495
0.001657
0.011444
0.017413
0.028947
0.011794
0.025713
0.110872
0.007208
0.662047
0.003513
0.020268
0.192465
0.044003
0.001487
0.051151
0.021604
0.218184
0.042524
0.000249
0.018270
0.098029
0.001946
0.024597
0.042385
0.000670
0.025647
0.004742
0.024976
0.016249
0.945466
0.036443
0.000273
0.008349
0.012668
0.023512
0.106947
0.040144
0.519675
0.489967
0.004408
0.697080
0.054375
0.017989
0.819985
0.000142
0.008196
0.019573
0.033528
0.056178
0.038281
0.366929
0.045461
0.009742
0.005890
0.037466
0.197369
0.008221
0.012484
0.012924
0.010662
0.131969
0.068969
0.057903
0.002158
0.090511
0.084385
0.005632
0.061379
0.000275
0.001642
0.139957
0.110832
0.059824
0.000025
0.020497
0.009250
0.002850
0.003517
0.006873
0.000323
0.254761
0.008364
0.233247
0.000664
0.070060
0.118101
0.011650
0.374902
0.019375
0.144065
0.028697
0.029983
0.003721
0.001348
0.027961
0.001443
0.014632
0.000126
0.378884
0.000876
0.324425
0.020981
0.130426
0.034354
0.016390
0.044988
0.031033
0.048964
0.092251
0.075444
0.074372
0.367766
0.053529
0.061918
0.000020
0.713894
0.157528
0.000951
0.027030
0.058026
0.211360
0.002195
0.066517
0.000446
0.012745
0.002285
0.020462
0.006157
0.000907
0.142105
0.008485
0.007965
0.010102
0.000542
0.027724
0.002782
0.099953
0.005772
0.009451
0.037168
0.000285
0.000059
0.003254
0.341090
0.025497
0.008978
0.057170
0.006045
0.005157
0.353522
0.003206
0.000438
0.003000
0.012352
0.013659
0.019407
0.037430
0.033139
0.019566
0.036150
0.006562
0.067503
0.113079
0.076321
0.030381
0.020346
0.361161
0.000692
0.502141
0.100973
0.000670
0.006093
0.161310
0.139177
0.121500
0.421775
0.009610
0.006898
0.023474
0.020522
0.211894
0.002587
0.276944
0.007435
0.001511
0.050000
0.152044
0.568287
0.049883
0.008990
0.006049
0.189602
0.015970
0.667555
0.024374
0.040640
0.048882
0.033028
0.054690
0.073316
0.296840
0.011727
0.175895
0.005734
0.000075
0.054081
0.004444
0.003023
0.006880
0.012198
0.004896
0.011108
0.032533
0.013239
0.104815
0.006646
0.015513
0.003238
0.655828
0.351288
0.172607
0.100770
0.000143
0.011007
0.409343
0.106292
0.034069
0.000942
0.001996
0.008503
0.022034
0.002202
0.248195
0.234674
0.006130
0.016109
0.279484
0.465066
0.037447
0.017773
0.035150
0.040195
0.026197
0.040276
0.098778
0.008889
0.002547
0.004382
0.014713
0.133238
0.005286
0.042475
0.325960
0.002814
0.083697
0.124091
0.130055
0.014046
0.000068
0.144523
0.056357
0.040944
0.001673
0.020411
0.000608
0.007514
0.055336
0.059622
0.019821
0.000253
0.007835
0.000146
0.014965
0.054545
0.081336
0.624884
0.011026
0.000189
0.009090
0.040550
0.052117
0.020727
0.031987
0.035176
0.045601
0.004218
0.008838
0.003739
0.000468
0.052179
0.077414
0.220331
0.017901
0.044172
0.583094
0.281008
0.005937
0.049039
0.042380
0.000072
0.019149
0.267379
0.150210
0.013319
0.000465
0.000173
0.515910
0.067062
0.299589
0.051982
0.021216
0.032643
0.140041
0.108007
0.015947
0.445148
0.003783
0.001233
0.264962
0.011394
0.173119
0.001645
0.298879
0.026970
0.024396
0.477370
0.002030
0.060630
0.000141
0.004044
0.050504
0.011074
0.112787
0.029824
0.201177
0.015186
0.153879
0.003721
0.322139
0.000502
0.026044
0.091395
0.024758
0.020774
0.014207
0.044791
0.001613
0.150016
0.527895
0.007986
0.202218
0.019557
0.253356
0.054071
0.209986
0.116353
0.006814
0.034628
0.087674
0.079097
0.000314
0.043253
0.003076
0.157441
0.072472
0.033389
0.002112
0.441831
0.110942
0.030927
0.008577
0.000192
0.033427
0.002006
0.048403
0.275092
0.001263
0.009200
0.042810
0.005369
0.022673
0.121166
0.002760
0.021757
0.339825
0.075839
0.000026
0.405672
0.015584
0.006936
0.316366
0.327092
0.259802
0.055136
0.014883
0.169586
0.023522
0.006106
0.009879
0.002639
0.097218
0.068828
0.019140
0.011789
0.151013
0.163731
0.002449
0.034917
0.000086
0.039594
0.022945
0.001092
0.005737
0.325677
0.057266
0.099458
0.044834
0.009952
0.010353
0.033005
0.012314
0.009992
0.000017
0.031772
0.003114
0.002250
0.023553
0.002406
0.052719
0.086661
0.013160
0.019087
0.199570
0.002519
0.012094
0.020870
0.007582
0.020234
0.003132
0.163566
0.002122
0.020792
0.344665
0.004242
0.234067
0.058903
0.006198
0.044776
0.000284
0.000401
0.009205
0.269679
0.006520
0.252394
0.000479
0.598260
0.084728
0.036956
0.109792
0.001562
0.017909
0.080052
0.017173
0.040223
0.014738
0.347857
0.002104
0.008282
0.038297
0.002054
0.221872
0.034935
0.005954
0.001571
0.026970
0.032776
0.613530
0.096414
0.008398
0.086227
0.112633
0.040558
0.000631
0.006840
0.000299
0.123209
0.002338
0.176783
0.106967
0.094397
0.438537
0.036906
0.067504
0.002962
0.415019
0.029132
0.058933
0.028305
0.001114
0.526550
0.086427
0.060021
0.050439
0.798238
0.022601
0.021902
0.042143
0.010051
0.421199
0.071957
0.048245
0.002252
0.041325
0.007048
0.141769
0.040574
0.005854
0.010004
0.002458
0.041201
0.004122
0.023472
0.150501
0.006041
0.013575
0.071083
0.083616
0.000412
0.006766
0.026542
0.001662
0.018671
0.652071
0.000519
0.007413
0.047470
0.004114
0.032409
0.064101
0.309585
0.013641
0.015370
0.210712
0.024566
0.004180
0.005448
0.064796
0.011535
0.029806
0.000496
0.174278
0.122125
0.044864
0.009628
0.076533
0.061208
0.007745
0.397523
0.083908
0.019328
0.148992
0.046606
0.046000
0.032810
0.138000
0.083930
0.022086
0.069919
0.000910
0.002391
0.021187
0.001083
0.021190
0.000045
0.012546
0.174419
0.002275
0.145433
0.000554
0.008172
0.003727
0.050801
0.186318
0.004031
0.026855
0.038766
0.122021
0.001034
0.167884
0.004499
0.001053
0.002981
0.005367
0.032044
0.281003
0.000396
0.016479
0.019147
0.375672
0.109076
0.012346
0.226750
0.001324
0.118485
0.034250
0.293783
0.028265
0.000265
0.107176
0.098564
0.039032
0.026750
0.032708
0.034739
0.051641
0.014544
0.042424
0.221105
0.021338
0.002112
0.191148
0.007950
0.637295
0.040805
0.069535
0.002106
0.022278
0.003503
0.013509
0.017385
0.001284
0.021219
0.226397
0.056212
0.237661
0.345490
0.001353
0.032183
0.385802
0.009077
0.004073
0.134573
0.000010
0.000263
0.000018
0.044811
0.029223
0.005356
0.029045
0.000024
0.003077
0.257177
0.014151
0.011959
0.423479
0.015493
0.017109
0.286621
0.002615
0.079515
0.086757
0.002485
0.001207
0.230289
0.001716
0.002563
0.085353
0.002149
0.033439
0.079277
0.000098
0.005256
0.015931
0.015052
0.103893
0.101881
0.096909
0.016038
0.092999
0.015889
0.276511
0.014059
0.042306
0.036842
0.014949
0.176108
0.057099
0.019270
0.016202
0.003198
0.003415
0.063226
0.037777
0.049693
0.079248
0.068248
0.032665
0.047777
0.321500
0.137557
0.099868
0.011726
0.005252
0.017691
0.004251
0.175963
0.075624
0.017056
0.502980
0.079224
0.989164
0.006417
0.027129
0.013509
0.003680
0.751716
0.025315
0.004934
0.085120
0.025117
0.122224
0.264171
0.011274
0.022366
0.002713
0.001771
0.054843
0.152230
0.004508
0.013752
0.072802
0.005158
0.042088
0.083107
0.030626
0.024714
0.006261
0.000064
0.119901
0.072784
0.015040
0.098975
0.195114
0.004501
0.039787
0.000042
0.013614
0.000949
0.187262
0.026722
0.029591
0.000627
0.058168
0.001920
0.097934
0.111528
0.015631
0.012481
0.036703
0.457758
0.004611
0.035464
0.016137
0.002329
0.002273
0.052353
0.016237
0.008873
0.486754
0.001374
0.539681
0.008004
0.008127
0.003421
0.003822
0.037931
0.016113
0.166764
0.154668
0.006234
0.036773
0.004011
0.000625
0.041051
0.001032
0.000202
0.167621
0.204762
0.025458
0.000225
0.100921
0.007062
0.169268
0.158191
0.000122
0.051047
0.380920
0.035692
0.075045
0.011316
0.305555
0.010317
0.015668
0.060673
0.037431
0.052312
0.001444
0.215002
0.000558
0.049942
0.287563
0.034638
0.021022
0.207648
0.041684
0.056059
0.024670
0.122275
0.000728
0.163170
0.338108
0.007565
0.015015
0.109204
0.004069
0.008991
0.044373
0.001390
0.044865
0.025476
0.050448
0.133082
0.049144
0.007141
0.013778
0.153507
0.000074
0.036516
0.011224
0.107172
0.001215
0.012432
0.352407
0.006214
0.114218
0.332075
0.222931
0.043059
0.017023
0.000454
0.048743
0.031977
0.106686
0.017501
0.044875
0.014259
0.005379
0.008160
0.197723
0.007792
0.038793
0.038405
0.005200
0.030020
0.020558
0.441192
0.000450
0.087807
0.064743
0.004013
0.010646
0.026285
0.008178
0.000732
0.012624
0.166749
0.054745
0.257287
0.015708
0.177805
0.068901
0.005707
0.126736
0.000118
0.003270
0.000203
0.001264
0.182851
0.096273
0.011171
0.006068
0.213239
0.055071
0.370247
0.161942
0.006458
0.008505
0.028796
0.000602
0.205405
0.016190
0.029065
0.003229
0.049695
0.042874
0.033253
0.024651
0.007584
0.032907
0.246305
0.046873
0.072388
0.008526
0.386420
0.001189
0.068290
0.006421
0.355227
0.004498
0.025864
0.003778
0.014920
0.134608
0.335374
0.017054
0.006204
0.017243
0.002245
0.031866
0.001724
0.013261
0.006435
0.019996
0.197918
0.002625
0.029092
0.245777
0.014476
0.113027
0.193389
0.015187
0.227353
0.415405
0.020935
0.400198
0.044858
0.049158
0.103612
0.032017
0.011091
0.000152
0.039709
0.142376
0.474820
0.073245
0.161030
0.000271
0.000104
0.021048
0.157522
0.671014
0.510587
0.018881
0.232451
0.259570
0.020109
0.077874
0.037439
0.020535
0.106703
0.009868
0.009100
0.716737
0.014037
0.017165
0.020485
0.074529
0.001249
0.001023
0.832388
0.039528
0.383421
0.088313
0.000245
0.057876
0.033261
0.009358
0.000609
0.382116
0.020236
0.000879
0.005631
0.280504
0.061720
0.077159
0.058977
0.014559
0.045777
0.031813
0.421510
0.186734
0.397231
0.105445
0.005185
0.065163
0.143510
0.032366
0.225407
0.003052
0.072346
0.130474
0.006097
0.033455
0.012697
0.021032
0.096024
0.007643
0.709922
0.019843
0.246827
0.006377
0.004173
0.242738
0.146008
0.021376
0.104048
0.004430
0.008454
0.039457
0.004828
0.048044
0.000497
0.024039
0.183317
0.009668
0.086007
0.072665
0.008477
0.002506
0.342675
0.029313
0.103451
0.182571
0.010650
0.309932
0.018514
0.012236
0.377919
0.312136
0.041996
0.087353
0.000442
0.002315
0.025175
0.017013
0.000065
0.024396
0.039806
0.015893
0.000142
0.018942
0.110891
0.179770
0.093593
0.054843
0.051055
0.417475
0.001893
0.014785
0.007083
0.322809
0.124462
0.827894
0.003703
0.007853
0.066381
0.074803
0.009188
0.003968
0.028694
0.017577
0.038179
0.151561
0.012486
0.013151
0.428315
0.186671
0.001673
0.131623
0.002639
0.099081
0.425818
0.005996
0.042381
0.389219
0.004356
0.111400
0.019100
0.051110
0.111745
0.007683
0.011194
0.060873
0.642946
0.022529
0.042091
0.001206
0.019816
0.072428
0.396806
0.108255
0.253978
0.006468
0.329596
0.000795
0.015697
0.225582
0.011887
0.004123
0.048279
0.008483
0.004883
0.020751
0.016237
0.001596
0.022434
0.002133
0.160224
0.173052
0.008510
0.046019
0.091481
0.275414
0.038435
0.000712
0.007557
0.515202
0.012214
0.003948
0.002764
0.099456
0.028795
0.008540
0.057213
0.066988
0.004969
0.005065
0.001043
0.003262
0.014152
0.007971
0.129966
0.464325
0.086729
0.034596
0.123850
0.006419
0.034112
0.001904
0.026926
0.004440
0.043600
0.002479
0.014233
0.000459
0.030028
0.006722
0.194359
0.056869
0.061436
0.006294
0.005474
0.157186
0.061351
0.186627
0.015669
0.002175
0.025673
0.060963
0.132132
0.037787
0.135357
0.234979
0.048099
0.018148
0.109048
0.079462
0.083402
0.048380
0.010514
0.030748
0.284571
0.028231
0.588784
0.057348
0.008530
0.000759
0.055609
0.121663
0.481799
0.003770
0.002555
0.001096
0.003524
0.023684
0.395488
0.067851
0.344956
0.007122
0.000226
0.114322
0.004847
0.310224
0.019617
0.036129
0.004225
0.007210
0.222442
0.087885
0.130088
0.010315
0.932573
0.004031
0.001627
0.016954
0.015100
0.012347
0.004220
0.083222
0.002372
0.001808
0.363772
0.005507
0.013507
0.014668
0.516941
0.068741
0.034342
0.015629
0.000437
0.040049
0.385314
0.026728
0.066800
0.089035
0.275801
0.025343
0.080802
0.045688
0.001878
0.017301
0.028817
0.055600
0.029881
0.004162
0.028264
0.003414
0.000184
0.005199
0.057537
0.053548
0.153440
0.023350
0.094490
0.038695
0.000646
0.085661
0.072313
0.002134
0.029762
0.018298
0.094281
0.043100
0.060262
0.093367
0.144441
0.005048
0.006679
0.029029
0.000204
0.009292
0.055058
0.112021
0.000241
0.091148
0.005849
0.034021
0.019143
0.024299
0.025769
0.256046
0.035637
0.006153
0.150984
0.166077
0.032936
0.012518
0.069830
0.205011
0.218552
0.094532
0.087246
0.049938
0.146041
0.000592
0.017525
0.117442
0.000491
0.030257
0.001886
0.002979
0.015549
0.009427
0.062655
0.052431
0.326224
0.017498
0.001874
0.182518
0.037501
0.567479
0.010074
0.082516
0.283807
0.367298
0.162963
0.149103
0.012636
0.010986
0.002549
0.009748
0.004937
0.000815
0.129000
0.064789
0.013381
0.013477
0.034575
0.084895
0.019792
0.107316
0.017833
0.051397
0.040117
0.000971
0.039608
0.005293
0.020912
0.003734
0.011679
0.066277
0.036401
0.026927
0.409549
0.039439
0.057415
0.209456
0.022727
0.083958
0.003798
0.283574
0.042190
0.010177
0.097096
0.015262
0.017764
0.062224
0.046788
0.150328
0.218080
0.051132
0.013692
0.005589
0.040350
0.077080
0.315426
0.016564
0.000944
0.001801
0.003858
0.007052
0.059128
0.444348
0.194601
0.060164
0.097395
0.006881
0.081234
0.038972
0.060936
0.102322
0.190428
0.038607
0.049651
0.026109
0.061115
0.157082
0.000290
0.003521
0.089799
0.045430
0.237606
0.008565
0.004337
0.092948
0.048533
0.102430
0.148941
0.191655
0.093012
0.110554
0.267615
0.001750
0.002257
0.021754
0.056432
0.060114
0.000590
0.010952
0.012131
0.005813
0.327360
0.100642
0.004163
0.013208
0.031303
0.243061
0.057942
0.000283
0.077683
0.002664
0.047472
0.075072
0.297591
0.242431
0.014195
0.053447
0.217169
0.009889
0.007253
0.022661
0.010490
0.052584
0.111111
0.006872
0.000412
0.009616
0.383184
0.197615
0.025566
0.004064
0.113668
0.039260
0.002346
0.162663
0.138589
0.447823
0.125918
0.024408
0.065384
0.165518
0.028166
0.001372
0.003051
0.016683
0.270107
0.033696
0.000179
0.172635
0.046264
0.002079
0.013584
0.001255
0.003597
0.022192
0.036416
0.008125
0.392805
0.000115
0.013089
0.010005
0.001643
0.759915
0.384498
0.162921
0.013132
0.011627
0.006221
0.024365
0.002437
0.012903
0.073717
0.038184
0.059110
0.005004
0.024400
0.018713
0.035757
0.021516
0.428318
0.173638
0.086980
0.019661
0.034471
0.011037
0.473483
0.025171
0.059388
0.018940
0.015007
0.240561
0.016272
0.000921
0.077898
0.006759
0.194195
0.015847
0.248289
0.148278
0.027331
0.024732
0.248272
0.041643
0.365437
0.010750
0.625414
0.241275
0.014180
0.006364
0.147080
0.008981
0.097066
0.002908
0.033722
0.097673
0.011397
0.021051
0.020395
0.006980
0.013834
0.043955
0.006563
0.000416
0.040349
0.133529
0.109925
0.149724
0.115380
0.002184
0.000841
0.004746
0.022612
0.004928
0.011016
0.018452
0.002647
0.019760
0.000869
0.226051
0.073966
0.000466
0.091428
0.009219
0.008253
0.001229
0.000243
0.034692
0.006466
0.051324
0.045817
0.007900
0.006264
0.011996
0.138504
0.316692
0.154255
0.042078
0.002854
0.444053
0.096672
0.014342
0.000794
0.043444
0.010557
0.088938
0.702078
0.025411
0.044850
0.000065
0.051591
0.008397
0.004139
0.224165
0.010985
0.056817
0.037976
0.114866
0.397460
0.041889
0.012308
0.019398
0.003565
0.012906
0.009522
0.000914
0.018873
0.026470
0.002373
0.002063
0.021752
0.121438
0.063626
0.081565
0.000830
0.107584
0.056162
0.117819
0.000679
0.058903
0.000472
0.353549
0.006456
0.217545
0.123099
0.064901
0.098032
0.348151
0.002301
0.074274
0.016330
0.084196
0.052982
0.070266
0.004159
0.429497
0.024618
0.239676
0.002908
0.437003
0.182438
0.027595
0.009468
0.002435
0.006638
0.001039
0.030542
0.035957
0.086020
0.740255
0.089771
0.014071
0.005494
0.099792
0.032031
0.145060
0.246461
0.026205
0.086784
0.019833
0.052236
0.633829
0.014370
0.021675
0.106293
0.045855
0.002747
0.021892
0.001529
0.015892
0.920849
0.011559
0.103171
0.129289
0.034752
0.047379
0.050674
0.017417
0.191195
0.034457
0.005490
0.132466
0.002768
0.024504
0.006399
0.024026
0.260242
0.052688
0.002989
0.083551
0.436342
0.009746
0.237171
0.365871
0.362306
0.027960
0.047760
0.156467
0.053332
0.094369
0.045754
0.073900
0.090212
0.003343
0.150027
0.022438
0.002061
0.035462
0.036205
0.053298
0.045856
0.090107
0.294850
0.005331
0.005445
0.036476
0.005857
0.121092
0.417500
0.934021
0.168803
0.003034
0.109846
0.034720
0.006990
0.081694
0.003108
0.001005
0.051012
0.030111
0.021722
0.032423
0.030868
0.033283
0.003149
0.022173
0.025415
0.281458
0.012534
0.006001
0.007889
0.037565
0.018113
0.039734
0.129963
0.114084
0.271740
0.000893
0.002460
0.026759
0.006930
0.074963
0.051958
0.001737
0.133622
0.028612
0.008439
0.171130
0.019019
0.042584
0.078885
0.012916
0.199012
0.042421
0.056147
0.000215
0.063227
0.006046
0.042886
0.211014
0.002145
0.000056
0.116614
0.201182
0.102859
0.600659
0.167813
0.110199
0.101000
0.000706
0.058163
0.002294
0.009283
0.000024
0.406632
0.280061
0.006867
0.034811
0.305092
0.028948
0.008680
0.016217
0.022366
0.030812
0.001383
0.209739
0.039785
0.010264
0.000615
0.004007
0.004718
0.116857
0.104232
0.009080
0.019584
0.060208
0.002153
0.036017
0.302675
0.217459
0.365705
0.090089
0.099795
0.093295
0.065869
0.001180
0.178289
0.025252
0.000659
0.006334
0.009851
0.000696
0.468227
0.017176
0.009597
0.409133
0.193085
0.106144
0.008102
0.225161
0.174679
0.123701
0.076489
0.145834
0.078807
0.033879
0.001181
0.098899
0.008188
0.009892
0.087131
0.098140
0.007202
0.204326
0.001286
0.025152
0.014921
0.024967
0.023522
0.127542
0.133288
0.014532
0.027368
0.024815
0.172774
0.038158
0.002878
0.030155
0.020991
0.000102
0.044853
0.146870
0.009584
0.211702
0.007660
0.142886
0.094996
0.224956
0.136991
0.009726
0.044921
0.035954
0.039447
0.031835
0.025617
0.165607
0.094544
0.091147
0.309582
0.086488
0.081942
0.048798
0.402991
0.000462
0.050270
0.381306
0.021137
0.049450
0.037698
0.005735
0.037684
0.059414
0.044789
0.018553
0.014478
0.021314
0.053374
0.416665
0.005017
0.016362
0.018421
0.004083
0.000013
0.008030
0.024468
0.300328
0.186020
0.073989
0.080163
0.020677
0.017208
0.024497
0.082192
0.000897
0.252504
0.106658
0.016628
0.003762
0.002323
0.069582
0.001211
0.081100
0.042735
0.005684
0.032991
0.694289
0.002319
0.017778
0.125959
0.002971
0.003230
0.247206
0.009766
0.076805
0.031930
0.005482
0.064392
0.030225
0.049833
0.018877
0.000433
0.164968
0.006375
0.097992
0.009799
0.020385
0.002221
0.626348
0.326722
0.000521
0.004517
0.004311
0.043694
0.002256
0.034463
0.055052
0.042570
0.079205
0.094024
0.044845
0.004021
0.308113
0.061821
0.004575
0.051509
0.170784
0.036113
0.006790
0.021984
0.006784
0.082273
0.006744
0.039556
0.226299
0.028607
0.006079
0.038957
0.312055
0.002716
0.016825
0.013494
0.589630
0.000877
0.342329
0.264291
0.009908
0.015441
0.625429
0.000941
0.009375
0.017031
0.020766
0.028165
0.059609
0.018693
0.105138
0.073224
0.001093
0.059178
0.003701
0.013258
0.065577
0.147733
0.160543
0.101579
0.006526
0.000124
0.048614
0.027432
0.047004
0.014290
0.159399
0.009941
0.294644
0.113593
0.409618
0.005954
0.080693
0.054256
0.077145
0.219518
0.000059
0.027782
0.000395
0.133546
0.075765
0.082754
0.008896
0.006671
0.049408
0.005188
0.013435
0.936462
0.033307
0.006929
0.096059
0.035180
0.001982
0.001770
0.016357
0.006190
0.097145
0.024371
0.265661
0.034662
0.793932
0.005002
0.222658
0.028841
0.003266
0.186028
0.007817
0.000460
0.006966
0.070482
0.054252
0.010297
0.014571
0.003229
0.005816
0.207781
0.000902
0.003271
0.042094
0.008861
0.000315
0.004446
0.016341
0.045073
0.057178
0.000247
0.626459
0.000898
0.025222
0.059878
0.001975
0.013880
0.035898
0.089036
0.197148
0.001269
0.027957
0.109374
0.004923
0.052142
0.364163
0.055409
0.002584
0.097066
0.021166
0.032760
0.355719
0.108820
0.001771
0.111220
0.000376
0.156709
0.031097
0.012374
0.009639
0.067109
0.232485
0.005626
0.170567
0.016435
0.011318
0.526049
0.160653
0.001068
0.062400
0.573749
0.064270
0.005080
0.784467
0.056823
0.084363
0.021279
0.019385
0.003665
0.014572
0.142223
0.061053
0.005308
0.020965
0.246068
0.022593
0.007544
0.023301
0.404077
0.051152
0.021493
0.085291
0.000462
0.086120
0.056565
0.152035
0.004439
0.003566
0.060203
0.070456
0.004128
0.037834
0.035693
0.328046
0.126308
0.003372
0.197816
0.036584
0.000531
0.022612
0.001498
0.303831
0.000884
0.025315
0.045086
0.298066
0.013944
0.058429
0.100444
0.054755
0.086609
0.142222
0.026778
0.009326
0.007109
0.004694
0.052464
0.001435
0.007494
0.026333
0.000066
0.006747
0.006752
0.276745
0.229823
0.037309
0.001862
0.072551
0.101899
0.025848
0.005369
0.029394
0.025622
0.001293
0.003734
0.016026
0.295543
0.430553
0.008201
0.002171
0.025919
0.010704
0.011998
0.000374
0.070193
0.118984
0.011746
0.053092
0.060635
0.069601
0.362134
0.184591
0.028269
0.066837
0.071370
0.015051
0.008743
0.007877
0.059580
0.010478
0.048311
0.013129
0.002418
0.014376
0.070919
0.020087
0.041021
0.041755
0.086856
0.000320
0.000808
0.000087
0.521587
0.302594
0.008711
0.185320
0.559989
0.251389
0.022155
0.043257
0.045812
0.052408
0.041899
0.072367
0.104912
0.037267
0.004138
0.082477
0.021808
0.042249
0.341763
0.001070
0.010426
0.006342
0.000228
0.139264
0.242747
0.000353
0.034937
0.028643
0.006036
0.010539
0.076750
0.051303
0.001936
0.034946
0.301016
0.008754
0.010496
0.009268
0.004961
0.011114
0.049119
0.010983
0.056978
0.501431
0.036743
0.725776
0.009424
0.013098
0.018860
0.027596
0.001014
0.027922
0.071040
0.000528
0.664492
0.490582
0.032591
0.069760
0.000894
0.209095
0.053704
0.001056
0.059254
0.064209
0.331137
0.003064
0.032171
0.004133
0.004784
0.001855
0.052083
0.199021
0.021717
0.094415
0.032047
0.127426
0.025493
0.082961
0.245018
0.027279
0.011733
0.008790
0.092074
0.154193
0.285339
0.031674
0.002728
0.049532
0.090933
0.262148
0.007863
0.058658
0.143374
0.221419
0.028417
0.063138
0.175115
0.029075
0.000352
0.012727
0.257431
0.050509
0.000406
0.414891
0.012005
0.006247
0.016346
0.012140
0.006470
0.003030
0.007665
0.052368
0.302251
0.005690
0.008493
0.001879
0.040629
0.143408
0.040419
0.098688
0.026282
0.131772
0.054681
0.004096
0.707841
0.025753
0.009924
0.185618
0.024372
0.001729
0.484645
0.012866
0.028002
0.003046
0.073146
0.238604
0.052933
0.036926
0.108390
0.001273
0.064661
0.069585
0.004499
0.044378
0.478497
0.010861
0.371353
0.002787
0.014006
0.187911
0.047174
0.183785
0.156446
0.001341
0.006397
0.001910
0.027919
0.031090
0.016220
0.084530
0.659986
0.050325
0.061992
0.003654
0.000830
0.101395
0.000865
0.149584
0.001645
0.038334
0.064059
0.004538
0.000561
0.023791
0.000425
0.025709
0.000717
0.022846
0.018513
0.000249
0.031823
0.128874
0.028210
0.012263
0.008781
0.023454
0.067006
0.023158
0.280291
0.005513
0.177944
0.099155
0.008012
0.015554
0.008617
0.200589
0.002467
0.005650
0.092933
0.006798
0.258098
0.087359
0.009174
0.045095
0.004745
0.013331
0.025166
0.036789
0.002527
0.042945
0.001450
0.000820
0.075537
0.022697
0.001430
0.402079
0.001138
0.206604
0.180533
0.140523
0.000520
0.003938
0.159646
0.247150
0.120943
0.208394
0.007847
0.000721
0.009922
0.001877
0.196541
0.105748
0.031012
0.002751
0.509791
0.123371
0.009754
0.023576
0.004376
0.077288
0.023995
0.162978
0.019204
0.027245
0.045633
0.097529
0.004456
0.000560
0.001897
0.384504
0.267937
0.009969
0.055490
0.012236
0.051569
0.250747
0.034324
0.001590
0.010730
0.038763
0.032979
0.085255
0.006946
0.028341
0.011041
0.008990
0.198574
0.008279
0.083053
0.229350
0.007174
0.004125
0.000203
0.011064
0.006348
0.083353
0.019104
0.081226
0.091666
0.083122
0.013255
0.007715
0.034734
0.045848
0.114121
0.001948
0.003839
0.005536
0.265704
0.091178
0.002326
0.014467
0.209028
0.077169
0.000081
0.003420
0.001333
0.014882
0.043766
0.002618
0.190796
0.019578
0.008855
0.000682
0.001874
0.233470
0.002137
0.023082
0.006306
0.087539
0.274744
0.004229
0.128402
0.007313
0.010874
0.089676
0.000941
0.011678
0.013288
0.048554
0.021964
0.012774
0.080338
0.005838
0.231207
0.015391
0.087116
0.060402
0.005386
0.039116
0.129354
0.192457
0.698423
0.652965
0.241699
0.135476
0.264531
0.198140
0.000121
0.026585
0.006827
0.000055
0.000574
0.224248
0.001102
0.015306
0.132084
0.017096
0.020728
0.071054
0.145264
0.019280
0.050902
0.075241
0.021438
0.004463
0.005146
0.070382
0.059814
0.130806
0.001384
0.003476
0.002285
0.000292
0.068191
0.019212
0.080143
0.065787
0.072054
0.758658
0.043132
0.003428
0.001601
0.000039
0.002402
0.003722
0.117789
0.000013
0.274264
0.029981
0.127838
0.036162
0.001096
0.008036
0.059145
0.112145
0.115789
0.002850
0.048319
0.050906
0.130726
0.146189
0.437640
0.571949
0.085559
0.059752
0.091979
0.047233
0.187514
0.003548
0.033189
0.063687
0.004067
0.841691
0.190508
0.036742
0.211686
0.102915
0.009388
0.139006
0.014158
0.005233
0.000503
0.343915
0.030247
0.036049
0.188804
0.074915
0.047783
0.020660
0.049903
0.053090
0.008049
0.002854
0.022710
0.004806
0.028112
0.006507
0.191436
0.000636
0.017620
0.000449
0.020799
0.036197
0.007686
0.092539
0.056057
0.016210
0.033890
0.078405
0.005234
0.014706
0.276077
0.000654
0.116244
0.036025
0.001554
0.006050
0.022086
0.151219
0.000197
0.468726
0.305149
0.140356
0.345190
0.058858
0.001322
0.022396
0.148030
0.050932
0.119413
0.072689
0.116684
0.002569
0.068401
0.161927
0.086482
0.095311
0.186176
0.045608
0.453942
0.165613
0.005747
0.075618
0.030801
0.040518
0.045680
0.045724
0.000109
0.006919
0.521826
0.184141
0.398127
0.056191
0.068693
0.003409
0.446088
0.028656
0.000825
0.054336
0.005849
0.000024
0.014427
0.020027
0.003999
0.002087
0.013010
0.032814
0.113183
0.021016
0.052636
0.244931
0.008511
0.176072
0.015600
0.240927
0.007493
0.285366
0.002905
0.189524
0.199305
0.003650
0.060323
0.001807
0.052063
0.084777
0.294505
0.114409
0.034536
0.017345
0.012780
0.022262
0.125292
0.012912
0.054606
0.141592
0.137659
0.003041
0.014726
0.008655
0.005422
0.140651
0.000052
0.020350
0.001273
0.021055
0.311864
0.050618
0.019561
0.082072
0.009851
0.037099
0.014844
0.151441
0.047178
0.029126
0.031579
0.009542
0.072377
0.128899
0.065710
0.420055
0.004945
0.006336
0.002439
0.035035
0.183113
0.000457
0.260815
0.004372
0.197852
0.065531
0.029426
0.000109
0.008665
0.051432
0.011213
0.027713
0.454165
0.016525
0.000043
0.085482
0.117029
0.020320
0.041847
0.042721
0.028281
0.029634
0.181951
0.024634
0.388987
0.012973
0.311486
0.084654
0.285057
0.016271
0.031053
0.000973
0.010809
0.016499
0.022747
0.053821
0.307591
0.000664
0.001701
0.079357
0.047712
0.001392
0.001663
0.098473
0.083342
0.191723
0.004057
0.278769
0.003063
0.005183
0.033314
0.004522
0.085966
0.142754
0.004240
0.231407
0.000837
0.044863
0.056814
0.192971
0.129224
0.006139
0.000004
0.023157
0.171081
0.402835
0.029484
0.028108
0.082717
0.499987
0.000045
0.060815
0.007827
0.006487
0.012768
0.056526
0.035470
0.387373
0.002085
0.028659
0.234442
0.070871
0.002907
0.004248
0.008251
0.044084
0.000704
0.529348
0.015218
0.002129
0.002749
0.091426
0.002988
0.311937
0.074659
0.033980
0.003082
0.129795
0.015813
0.581127
0.131785
0.000725
0.269045
0.079805
0.004282
0.030037
0.004331
0.004516
0.019312
0.013310
0.007266
0.021234
0.033069
0.003984
0.006383
0.054790
0.031321
0.012334
0.000334
0.116046
0.024523
0.000156
0.175037
0.132288
0.012456
0.000039
0.015007
0.000393
0.050443
0.099640
0.070336
0.011318
0.004102
0.118643
0.047991
0.013847
0.073059
0.028615
0.076512
0.026374
0.002098
0.073244
0.026645
0.096306
0.015172
0.046184
0.046258
0.560445
0.014005
0.407684
0.006154
0.771627
0.048832
0.003980
0.002163
0.153772
0.004881
0.100344
0.032810
0.019089
0.002693
0.045300
0.147670
0.053153
0.029260
0.012521
0.328203
0.007015
0.012913
0.004092
0.291204
0.045146
0.683343
0.002183
0.021571
0.019606
0.126633
0.004334
0.107288
0.003850
0.404585
0.019657
0.008289
0.047625
0.027972
0.035345
0.065986
0.046764
0.008741
0.025217
0.008397
0.004024
0.108118
0.001428
0.000184
0.009308
0.183992
0.215945
0.070936
0.081980
0.010990
0.025457
0.028570
0.142182
0.096770
0.026927
0.123539
0.068472
0.023408
0.036017
0.020877
0.033967
0.027126
0.019165
0.094537
0.078270
0.079236
0.017867
0.008459
0.002825
0.000688
0.136706
0.205086
0.057733
0.094522
0.003854
0.005118
0.163656
0.036425
0.049966
0.001261
0.000827
0.120853
0.070321
0.175904
0.316717
0.003875
0.010151
0.005458
0.009581
0.066056
0.016898
0.178993
0.238655
0.092731
0.116406
0.057226
0.004025
0.033918
0.104356
0.001901
0.000046
0.009696
0.010057
0.001175
0.316063
0.004409
0.001965
0.267770
0.076444
0.010843
0.048483
0.033162
0.020800
0.063498
0.092780
0.000644
0.026746
0.028243
0.103326
0.008942
0.047603
0.015411
0.299358
0.032791
0.006124
0.026063
0.421961
0.000788
0.061854
0.084333
0.252392
0.017988
0.150996
0.009485
0.063871
0.086869
0.056755
0.033312
0.032846
0.001236
0.036231
0.000434
0.118484
0.029119
0.059546
0.149415
0.023204
0.366366
0.018220
0.206109
0.053118
0.031793
0.550020
0.064348
0.029494
0.049308
0.010042
0.007514
0.000284
0.235296
0.077265
0.046257
0.109913
0.171185
0.041281
0.033501
0.092610
0.016513
0.036346
0.006267
0.117281
0.057569
0.554400
0.053279
0.006560
0.001948
0.146718
0.000157
0.451547
0.011932
0.018210
0.187073
0.575663
0.010598
0.222288
0.016416
0.133761
0.002074
0.038822
0.017309
0.001901
0.007382
0.000182
0.307221
0.173173
0.019723
0.461263
0.276098
0.021666
0.043942
0.030183
0.003994
0.031198
0.000280
0.090725
0.001494
0.002924
0.003684
0.046330
0.033903
0.070730
0.184789
0.230740
0.014176
0.003947
0.000409
0.032546
0.044049
0.000158
0.070355
0.352006
0.005195
0.052470
0.060797
0.084581
0.000077
0.016940
0.004545
0.047014
0.020287
0.499274
0.000619
0.041471
0.015309
0.000765
0.206963
0.055639
0.001157
0.002389
0.422940
0.063896
0.000379
0.150524
0.002602
0.348680
0.298326
0.002366
0.082523
0.302599
0.054685
0.002937
0.211593
0.094142
0.225569
0.037769
0.201748
0.005206
0.203930
0.032094
0.041803
0.027659
0.002419
0.012130
0.184161
0.003042
0.016135
0.057551
0.000945
0.025435
0.387888
0.000824
0.042041
0.680372
0.025670
0.000140
0.002784
0.030689
0.090310
0.253449
0.010030
0.154040
0.001097
0.046099
0.252158
0.009723
0.000978
0.021053
0.200318
0.395438
0.055447
0.003572
0.044739
0.005423
0.000440
0.023781
0.001624
0.013712
0.600034
0.263598
0.005228
0.000408
0.040427
0.004557
0.023457
0.050867
0.013394
0.005328
0.268963
0.047381
0.011243
0.001522
0.001967
0.133052
0.061393
0.141300
0.106601
0.048084
0.000969
0.690583
0.003973
0.025077
0.150313
0.025953
0.101064
0.042907
0.030662
0.000002
0.003947
0.067270
0.151395
0.191158
0.046506
0.002328
0.274952
0.104581
0.000765
0.025479
0.037457
0.097951
0.019304
0.019823
0.109998
0.005008
0.007590
0.007758
0.009775
0.053392
0.394703
0.004037
0.001803
0.047333
0.002296
0.029688
0.085286
0.010147
0.019080
0.302252
0.055826
0.692104
0.043036
0.002062
0.158712
0.501386
0.018733
0.217079
0.018201
0.154014
0.000200
0.000144
0.015128
0.020293
0.002005
0.237417
0.058417
0.003215
0.151372
0.008720
0.000817
0.355029
0.155989
0.049753
0.149755
0.015745
0.010753
0.097103
0.877217
0.018955
0.009630
0.006897
0.001148
0.065904
0.058998
0.002087
0.032386
0.013508
0.007178
0.077517
0.031360
0.002935
0.561623
0.390329
0.004294
0.015025
0.052117
0.133617
0.014807
0.302100
0.022981
0.044782
0.002006
0.002048
0.188876
0.063171
0.005603
0.358744
0.031122
0.022653
0.005261
0.084179
0.401954
0.000915
0.006093
0.000789
0.008147
0.078144
0.040561
0.021411
0.035359
0.001679
0.000684
0.029092
0.003353
0.011781
0.004539
0.009206
0.118166
0.001745
0.095200
0.000405
0.025738
0.005178
0.080217
0.032300
0.101421
0.022113
0.639528
0.010752
0.061608
0.003807
0.010061
0.001645
0.084824
0.014530
0.027977
0.035344
0.003854
0.001203
0.054648
0.000491
0.126035
0.486822
0.003066
0.033703
0.025046
0.123297
0.002444
0.030003
0.023718
0.442401
0.026041
0.017161
0.009359
0.188905
0.016136
0.000136
0.038704
0.002422
0.164914
0.052814
0.050410
0.005532
0.134076
0.122436
0.500133
0.001853
0.010820
0.041593
0.393248
0.139759
0.053228
0.077886
0.084448
0.001266
0.002537
0.086590
0.212446
0.002340
0.005530
0.183133
0.086309
0.404550
0.001106
0.019427
0.270964
0.217135
0.025813
0.000696
0.091227
0.124306
0.092200
0.127431
0.352181
0.104968
0.000195
0.046613
0.010880
0.011440
0.138162
0.111167
0.267017
0.000363
0.128577
0.249770
0.255444
0.000040
0.013227
0.024809
0.016949
0.032790
0.001994
0.005725
0.489479
0.079177
0.020334
0.003381
0.001191
0.083260
0.007415
0.023440
0.064196
0.066343
0.292073
0.050647
0.013294
0.098597
0.020587
0.011550
0.006707
0.016018
0.105903
0.052887
0.268610
0.040906
