491
1.801891
4
91
40
10
1
5047
0.589087
-0.142442
-0.276305
0.540939
0.179407
-0.446509
-0.014635
0.073352
-0.600209
-0.937006
-0.208678
0.270630
0.674600
-0.443210
-0.061234
0.619996
-0.908649
0.062003
-0.801426
0.488179
0.932502
-0.075091
-0.555406
-0.864899
0.681107
-0.822154
-0.602397
0.116498
0.118105
0.594927
0.249433
-0.134083
-0.380362
0.133108
-0.067289
-0.715376
-0.545242
0.722171
-0.629983
-0.597321
-0.457232
0.952056
0.117288
-0.118401
0.816602
-0.160481
-0.821730
-0.884100
0.350888
0.949838
-0.738301
-0.806671
-0.472716
0.712516
0.127424
0.452926
1.000000
-1.000000
-0.122854
0.442777
0.564214
-0.873637
-1.000000
0.693716
0.442672
-0.359074
0.532668
-0.025289
0.794254
0.124004
0.474934
-0.551872
0.913210
0.539663
-0.827760
-0.076529
0.315174
0.588782
-0.470729
0.273280
-0.988421
0.293079
1.000000
0.263067
-0.351786
-0.013305
-0.521845
1.000000
-0.317655
-1.000000
-0.234780
0.029636
0.210988
0.312511
-0.078269
1.000000
0.142173
0.115787
0.537171
-0.302925
0.496871
1.000000
-0.206755
0.188802
-0.485898
-0.196632
0.594639
-1.000000
-0.445741
0.335704
-0.223949
-0.804640
-0.573728
1.000000
0.032400
-0.368796
0.538403
-0.018274
0.432790
1.000000
-0.580237
0.502259
-0.124735
-0.121222
-0.143936
0.011320
0.935709
1.000000
0.739428
0.615953
0.357807
-0.309603
-0.978129
0.077471
0.581786
1.000000
0.673569
1.000000
-0.313868
0.283795
-1.000000
-0.235356
-0.858931
0.224074
0.094784
0.072806
-0.590840
0.763701
-0.811065
0.055038
0.286963
-0.338702
0.228088
0.106747
0.920973
-0.063324
0.428381
0.634380
-0.573136
-0.527230
-0.471817
-0.025293
0.107243
-0.759309
0.084436
0.792454
-1.000000
-0.835551
-0.105146
0.839587
0.633745
-0.051271
-0.031820
0.131480
-0.340766
-0.883452
0.155994
-0.599276
0.705300
-0.322069
-0.159867
-0.206849
-0.460578
-0.787093
0.429024
-0.599669
0.449227
-1.000000
0.348896
0.632517
0.130697
0.996475
0.486031
0.916096
-0.820463
0.684770
0.316330
-0.900642
0.326562
0.880606
-0.313753
-0.324142
0.180387
-0.680534
0.461500
0.005941
0.959266
-0.646361
-0.275353
0.313087
-0.632965
-0.267441
-0.758383
-0.787632
-0.577349
0.664389
0.003239
0.889643
0.739541
0.378886
0.387038
0.948679
-0.011544
-0.409050
-1.000000
1.000000
0.749629
0.867639
-0.085969
-0.445857
0.476676
-0.624531
-0.660393
-0.707089
0.107661
0.069792
0.712301
-0.873606
0.608860
0.240153
-0.904556
0.429062
1.000000
-0.239570
1.000000
0.788212
-0.770790
-0.703281
0.192581
-0.370275
0.307096
0.633071
0.303469
0.482487
-0.396065
0.771862
0.306910
-0.410192
0.309479
-0.986147
0.896950
0.200267
1.000000
-0.574510
0.402112
0.073981
-0.254569
0.299272
1.000000
0.874516
-0.483128
-0.584542
-0.193122
-0.365841
0.880895
-0.005662
0.455007
0.687472
0.998448
0.243860
0.051307
0.184388
1.000000
-0.362831
-0.608793
0.561867
0.954373
0.678696
0.955132
-0.968702
0.127770
0.011088
0.791580
0.739066
0.477762
0.715547
-0.644008
0.795174
-0.891177
0.672122
-1.000000
0.338313
-1.000000
0.743692
-0.201380
1.000000
-0.256723
-0.306359
0.196966
-0.719600
-0.099529
0.541013
-0.485242
-0.396034
-0.800982
-1.000000
0.876823
0.824104
-0.385124
-0.552970
-1.000000
0.211899
-0.256517
0.769727
0.080626
-0.196219
-0.165059
0.081996
0.399578
-0.278201
-0.862888
0.302794
0.227771
0.305403
0.319907
-0.442498
0.906460
-0.828316
-1.000000
-0.899273
-0.956236
0.888389
-0.614014
-0.860212
-0.874697
0.570048
1.000000
-0.190607
1.000000
-0.118221
0.634959
0.881444
-0.769496
1.000000
-0.514516
0.223964
0.974202
-0.473180
0.793273
-0.368213
0.406684
0.206118
-0.510405
-1.000000
-0.617388
-1.000000
0.987957
0.011475
0.278734
-0.512854
0.904908
-0.897852
0.127875
-0.005384
-0.450866
-0.917845
-0.560612
0.193700
0.956157
-0.533620
0.614489
-0.004781
-0.354359
0.372895
-0.372568
0.006344
1.000000
-0.697207
0.989072
0.811259
-1.000000
-0.507972
-0.176552
-1.000000
-0.524451
0.798798
-0.172142
0.555574
-0.963924
0.412400
-0.324448
1.000000
-0.141830
-0.404258
-0.662622
0.073823
-0.915865
0.222579
0.555577
-0.971909
-0.408601
0.670536
-0.169417
0.682057
0.014894
-0.219237
0.647010
0.522801
0.620537
-0.898538
0.176366
-0.455603
0.114389
0.933845
0.292212
0.102427
-0.700158
-0.699499
0.759916
-0.364392
-0.288936
1.000000
1.000000
1.000000
0.779696
0.417961
1.000000
0.628105
-0.727533
0.229488
0.674655
1.000000
0.576443
-0.398594
-0.716843
0.170780
0.247256
0.185074
-0.744472
-0.311013
-0.607719
1.000000
0.742548
0.781958
-0.245606
-0.187117
-0.624119
0.110532
-0.602897
-0.261559
0.853640
-0.916154
0.775613
0.092935
-0.316121
0.858622
0.120895
0.963022
-0.768039
0.148560
-1.000000
0.293028
-0.404495
0.582926
-0.826541
0.607827
-0.060875
-0.106508
0.949702
-0.624294
1.000000
0.088982
0.663898
-0.252260
0.152448
0.561288
0.647788
-0.494518
-0.280877
0.117553
-0.224573
0.430720
0.701432
0.616947
0.509080
-0.472913
0.326860
0.727357
-0.876414
-0.664024
0.014555
0.312565
-0.332695
0.714604
0.323106
0.772560
-0.790364
-0.709482
-0.465624
0.862732
0.103277
-1.000000
0.205695
0.062258
0.647478
-0.811353
0.988150
0.848280
-0.763465
-0.049753
-1.000000
0.496246
0.656746
-0.165711
0.735121
0.212218
-0.956339
-0.861966
0.664519
-0.045881
-0.923047
-0.130327
0.927353
-0.620668
0.214976
-0.623824
0.978974
0.647057
-1.000000
0.709355
-0.681058
-0.197482
0.995700
0.497864
0.546422
0.539943
0.557470
-0.925351
0.636151
0.416439
-0.169263
-0.416979
-0.218654
-0.012675
-0.411112
-0.051237
-0.783515
0.141874
0.451262
-0.887098
-0.124737
0.041152
0.033333
0.756788
-0.198559
-0.201354
0.814141
0.296268
0.091867
0.237036
-0.694176
-0.183773
0.909582
0.356403
0.078699
-0.030019
-0.857284
-0.213253
0.459685
-0.598614
0.295359
-0.264483
0.436015
-0.582497
0.082976
0.344090
0.244197
-0.346370
-0.627797
-0.070703
0.734364
-1.000000
1.000000
-0.090322
-0.551868
-0.858126
-0.259177
-0.570331
-0.908040
-0.348594
-0.431409
0.041122
0.474279
0.805436
-1.000000
0.710331
0.965634
-0.170670
-0.228013
-0.460660
-0.216359
0.030712
-0.630659
0.151681
-0.598157
-0.983760
-0.960745
-1.000000
0.630940
0.372481
-1.000000
0.968910
0.512299
0.593092
0.280274
-0.997513
0.046548
0.651107
-0.780455
-1.000000
-0.093603
0.391802
1.000000
0.262591
-0.217593
-0.620310
-1.000000
-0.331469
0.392841
0.783196
0.416207
-0.244433
-0.027506
0.815237
-0.203502
0.201608
-0.126748
-0.813553
-0.485538
0.174492
0.947120
-0.447815
-0.047247
0.881081
-0.514758
0.859097
-0.271228
-1.000000
0.621255
0.574412
0.089326
1.000000
-0.288067
0.152210
-0.389658
-0.850035
-0.819186
-0.779505
0.172070
-0.118549
-0.800143
-0.434281
1.000000
-0.124978
-0.983959
0.000839
-0.474821
-0.670108
0.020092
-0.120922
0.460736
-0.187820
0.017081
0.544046
-0.232795
-0.697729
0.072566
-0.887827
0.106027
0.180722
0.560473
0.659883
-1.000000
-1.000000
0.886475
0.657596
-1.000000
-1.000000
-0.787037
-0.276541
-0.339224
1.000000
0.361926
-1.000000
0.271522
0.091703
-0.550697
1.000000
0.552352
-0.631612
0.090637
0.011457
0.825185
0.369433
-0.336404
-1.000000
-0.438771
0.586519
-1.000000
0.693404
-0.801435
-0.682525
0.012276
1.000000
-0.515909
-0.235749
-0.539426
-0.080621
0.539013
-1.000000
0.180003
-0.692574
0.839619
-0.837817
0.160403
1.000000
-0.574103
0.288803
0.652410
0.108031
-0.887338
-0.204233
-0.113869
1.000000
-0.996882
-0.294163
1.000000
0.972629
-0.452387
-0.313338
1.000000
-0.089223
0.633915
-0.938881
0.463410
0.385304
0.162503
-0.612404
-0.507971
0.501709
0.112601
-0.099541
-0.232408
0.489218
-0.058976
0.184474
-0.508674
-0.950420
-0.486396
-0.076916
0.583022
-0.882371
-1.000000
-0.255711
-0.357908
-0.389738
-0.120085
0.279064
0.109561
-1.000000
0.118384
0.043377
0.002420
0.494691
0.514808
0.336105
0.214568
0.397443
0.256251
-0.218972
0.892653
0.297152
1.000000
-0.177461
-0.479795
0.087598
0.554873
0.017386
0.134390
-0.405522
0.519856
0.821788
0.510179
0.925558
0.982220
0.339035
0.804022
0.665336
0.159049
1.000000
0.101434
0.817769
1.000000
0.073281
0.533410
0.451653
-0.343586
-0.041404
-0.533611
-1.000000
0.658863
-0.165656
0.958945
0.367323
-1.000000
0.900488
0.048439
-0.578577
-1.000000
0.635420
0.106592
-0.216725
0.340920
-0.422940
0.148016
0.275278
0.988280
-0.843211
-0.020873
0.348989
-0.481203
0.110293
0.524223
0.813929
-0.647859
-0.146940
0.243265
-0.380960
0.805349
0.409805
-0.465665
-0.498711
0.127288
-0.447112
-0.400345
0.009275
0.669050
0.825925
0.075372
0.548793
0.071494
-1.000000
0.876585
0.826981
-0.298932
-0.264108
-0.899792
0.727007
0.386611
0.335436
-0.286234
-0.160339
0.777963
-0.887008
0.227562
0.569919
-0.537250
-0.855925
-0.703415
-0.397154
0.286466
0.658783
0.032990
-0.066214
0.499020
0.023485
-0.207901
0.565702
-0.784853
0.412364
0.055263
1.000000
0.042935
0.285378
-0.517829
0.006569
-0.126408
0.367706
-0.685081
1.000000
-0.620838
0.802286
-0.012255
0.506437
0.375821
0.516714
-0.308004
-0.125853
0.914485
-0.354295
-0.784122
-0.095096
0.480149
-1.000000
0.399617
-0.564400
-0.963122
-1.000000
-0.614296
-0.183471
-0.559760
0.506854
0.558676
-1.000000
0.325349
0.267327
0.000873
0.464448
-0.414823
0.365821
0.244458
0.594612
0.171563
0.233832
-0.850157
0.042650
-0.316121
-0.235532
-0.194215
0.758217
-0.255640
-0.640647
0.456511
-1.000000
-0.458215
0.490319
-0.156604
0.880396
0.170615
0.118571
-0.535768
1.000000
0.657700
-0.770854
-1.000000
-0.162068
0.692641
-0.114269
0.844963
0.036328
-0.214490
0.325749
-0.133736
0.053159
-0.123045
-0.869250
-1.000000
-1.000000
-0.934494
0.837678
-0.469178
0.940208
-0.951556
-1.000000
0.089363
0.395179
-0.020126
-0.423018
0.355369
-0.330920
-0.617550
-0.275158
0.143950
0.686336
0.365895
0.518266
-0.501979
-0.402981
0.568142
0.396191
0.863850
-0.384372
-0.794524
0.258889
0.375622
-1.000000
0.568465
-0.067398
1.000000
-0.486064
-0.329705
0.137012
0.759255
-0.109111
0.866647
0.780404
-0.426456
-0.172602
-0.256560
-0.469548
-0.003922
0.663829
0.566806
0.831837
-0.049263
-0.542558
-0.646502
0.048461
0.292786
0.438231
0.100876
-0.075215
0.487485
-0.684670
0.557054
0.895075
0.900493
0.998171
-0.685488
-0.898223
-0.547182
0.082796
-0.033981
0.077282
-0.139298
-0.692043
0.313482
-0.701942
-0.582574
-0.149850
-0.070649
0.115208
-0.201242
-0.179124
0.513796
0.726969
-0.500101
-0.244794
-0.158110
0.682471
0.329791
-0.369417
0.226394
0.112191
0.654448
0.227407
1.000000
0.814733
-0.582478
0.320378
-0.749707
1.000000
-0.750648
0.242433
0.338610
-0.604036
0.115128
0.609991
-0.110863
0.379011
-0.957000
-0.524066
0.928082
1.000000
0.212049
-1.000000
-0.402977
-0.334125
0.600321
-0.804788
-0.366623
0.102406
0.841420
0.793446
1.000000
-0.884051
-0.223638
-0.444987
-0.158789
-0.243530
0.887621
-0.994885
-0.151757
-0.368855
-0.174921
-0.740310
-0.478663
-0.575798
0.059063
-0.833419
0.013751
0.319600
0.666519
0.056519
-0.651036
1.000000
0.769435
-0.836797
0.108323
0.785566
-0.223281
0.302133
0.029883
-0.086449
-0.790392
0.535574
-0.508005
0.984555
0.223058
0.854448
0.787200
-0.269600
-0.187857
-0.258662
0.520185
-0.348922
-0.223492
-0.258795
0.376291
-0.272735
0.065759
-0.047136
-0.886965
-0.598821
0.306084
-0.689781
-0.438831
0.059781
-0.148455
0.355851
-0.163668
0.510632
-0.645890
-0.853178
-0.305236
-0.879308
0.265265
-1.000000
-0.240264
-0.465978
0.578160
-0.003417
0.764942
0.570801
-0.712184
-0.775294
1.000000
0.846553
-0.856734
0.440117
-0.022307
0.110968
0.304435
1.000000
-0.229209
-0.651217
-0.462167
0.932740
-0.390344
-1.000000
-0.517026
-0.877776
-0.945665
-0.066870
-0.213930
0.415641
0.116131
0.523787
-0.526813
0.404000
0.043701
1.000000
-0.151057
0.164747
-0.517533
-0.914075
0.151133
0.573685
1.000000
-0.203570
-0.090612
1.000000
0.096589
-0.142768
0.953421
0.703180
-0.365639
-0.066569
-0.292086
-0.799995
0.059725
-0.393472
0.950961
1.000000
0.536653
0.290963
0.965635
-0.838148
-0.491026
0.448791
-0.721951
-0.705552
0.835557
-0.186875
-0.557334
1.000000
-0.582040
-0.338360
-0.884170
0.531825
-0.619471
-0.501959
-1.000000
0.390962
-0.607244
0.182375
-0.838601
-1.000000
-0.157724
-1.000000
0.222719
0.681474
0.666046
0.968432
1.000000
-0.842174
-0.087180
0.368011
-0.801777
0.061547
0.013617
-0.307073
-0.926161
0.471343
0.879614
0.890309
-0.433018
-0.094814
-0.629453
-0.793027
0.479233
-0.361908
0.316128
0.908072
0.509538
0.285244
0.587757
-0.096911
0.413543
-0.148703
0.175299
0.818173
-0.559382
-1.000000
0.783581
-0.167638
-0.988593
-0.982004
-0.713409
-0.112634
0.818054
-0.352502
-1.000000
-0.704689
0.176706
-1.000000
-1.000000
-0.906940
0.249158
0.456187
-0.648263
1.000000
-0.942741
-0.220374
1.000000
1.000000
-0.129184
-0.738609
1.000000
0.315627
-0.326145
0.530688
-0.704034
0.956133
0.702762
-0.450530
0.449583
-0.417637
0.683494
1.000000
-0.162890
0.463889
0.281021
-0.486320
0.522771
0.784210
0.258278
0.452578
0.628589
-0.542647
0.077000
0.149842
-0.004754
0.374265
0.184405
0.588477
0.013055
-0.060503
-0.626098
0.877423
-0.881870
0.248834
0.216594
0.614842
-0.037785
0.879768
0.225954
0.015599
-0.101901
0.538812
-0.790185
-0.302402
0.399094
0.854255
0.150199
1.000000
-0.366964
0.659586
-0.160660
-0.492800
-0.191693
-0.031275
-0.882752
0.717167
-0.915496
1.000000
-0.122968
-0.598162
0.500722
-0.194454
0.359568
1.000000
-0.210746
-0.961331
-0.251922
-0.995528
-0.399571
1.000000
0.426396
-0.207824
-0.208513
-1.000000
-0.680908
-0.501629
-0.134636
0.656085
-0.676585
-0.707509
0.158459
-0.172246
-0.244611
-0.318735
0.215334
-0.676889
-0.264128
0.832513
-1.000000
0.335327
0.317324
1.000000
-0.170622
-0.264542
0.386039
0.708048
-0.700815
-0.066457
-0.336084
0.980123
-0.907292
0.226885
-0.535422
-0.843592
0.814308
-0.483212
-0.932743
-0.787479
-0.667041
0.869474
-0.782267
-0.063754
0.731896
-0.653478
-0.982943
0.061672
-0.874639
-0.775852
0.469675
0.956560
0.749930
0.290598
0.829495
0.046121
-0.577173
-0.528212
-0.030753
-1.000000
-1.000000
-0.787677
-0.238081
1.000000
0.242064
-0.932109
0.285969
0.785235
0.056329
-0.678713
0.276400
-0.938745
-1.000000
-1.000000
0.027473
0.908911
0.895875
-0.139401
0.028684
-0.074754
0.468046
-0.234996
-0.198921
0.688414
0.482389
0.779911
0.608336
0.504852
0.277659
-0.431154
-0.694960
-0.506387
-0.681074
-1.000000
-0.067578
-0.696138
-0.207000
0.637906
-0.042219
0.030338
-0.680435
-0.316108
-0.412519
-0.186151
-0.736520
0.247032
-0.808677
0.215860
0.404266
-0.972830
-0.751442
-0.103766
-0.585913
0.673124
-0.391124
-0.704673
0.383747
0.327621
0.260572
0.816883
0.755345
-1.000000
0.040737
0.637105
-0.317974
0.378364
-0.182872
0.056201
-0.889617
-0.602459
-0.680108
-0.974192
-0.698392
0.753153
-0.434292
-0.516943
-0.938480
-0.670748
0.519415
-0.829639
0.849302
-1.000000
0.647251
0.595210
1.000000
0.411830
-0.638944
0.884211
-0.479692
-0.428208
-0.030753
-0.732885
0.014650
0.813393
-0.034393
0.939305
-0.856644
1.000000
0.584991
-0.125091
0.233693
0.315571
-1.000000
0.888141
0.602454
0.283101
0.754596
-0.120532
0.621015
1.000000
-0.110481
-0.716029
0.895674
0.809997
0.140941
-0.730803
0.642717
0.757851
0.207984
-0.794683
0.950416
-0.497789
1.000000
-0.422758
-0.529055
0.187734
0.338176
0.376741
0.112497
-1.000000
0.806521
-0.826392
0.524053
-0.240720
-0.835022
-0.766666
0.098904
0.013000
-0.597093
0.710529
0.195909
1.000000
-0.175859
-0.333827
-0.070726
0.835068
0.655338
-0.159340
1.000000
-0.257501
-0.061974
0.472312
0.255550
0.926403
-0.098994
0.974883
0.995996
-0.632227
0.710761
0.647596
-0.748793
-0.178932
0.781772
-0.118135
-0.345159
-0.458580
-0.351294
1.000000
0.201438
0.466502
-0.612792
0.444282
-0.476473
0.424510
0.728226
-0.117477
0.748624
0.458572
0.719409
-0.483541
0.277320
0.641068
-0.945514
-0.662082
-0.309884
-0.611388
0.113775
-0.977516
-0.411233
0.357104
0.046877
-0.618510
-0.001981
0.116985
0.842641
0.949052
0.750890
-0.523068
0.161506
-1.000000
0.500889
-0.205375
0.339509
-0.079155
-0.537659
0.959039
-1.000000
-0.116867
-0.503588
-0.435880
-0.924047
0.738996
0.870053
0.052875
-1.000000
-0.328105
1.000000
1.000000
-0.147391
-0.054252
0.577701
0.019542
1.000000
0.826301
0.994565
-0.344761
-0.018050
-0.083252
0.139421
0.067807
0.798426
-0.166752
-0.906920
-0.716134
-0.049958
0.104377
0.796947
-0.132592
0.456337
-0.784073
-1.000000
0.400255
-0.962376
0.699505
0.895167
0.272278
0.742863
0.019780
0.264244
0.143997
-0.669438
0.868603
-0.560317
1.000000
-0.853055
0.886203
-0.641575
-1.000000
-0.325734
-0.641568
-0.344297
0.770605
0.274881
-0.297405
0.350715
0.141244
-0.574916
-0.896111
-0.838481
0.510873
0.343650
-0.355317
0.073579
-0.407961
-0.081727
-0.298030
0.408422
-0.452034
-0.443720
0.000552
0.979210
0.879624
-0.715361
-0.246094
0.506081
0.802889
0.749510
-0.989146
0.473363
-0.018679
-0.349760
0.897429
0.095894
0.210129
0.082577
-0.327339
-0.135838
0.002792
-0.432968
1.000000
0.029216
0.212319
1.000000
-0.131391
0.092909
1.000000
-0.581355
-0.655893
0.994416
-0.409246
-0.952789
0.044759
1.000000
0.177914
0.553674
0.894707
-0.949366
0.162411
-0.593891
0.884328
0.256573
-1.000000
-0.526587
-0.316958
-0.242269
-0.926069
0.072079
0.723044
0.852854
0.123162
0.355216
-0.600018
0.522897
0.433032
-0.276100
0.017330
1.000000
0.745945
-0.770949
0.566393
-0.986118
-0.887645
0.515018
-1.000000
1.000000
-0.833724
0.708097
-0.414212
0.575977
0.903223
-0.450196
0.029782
-0.909902
-0.298664
0.992114
1.000000
0.574974
0.396820
-0.500290
-0.073751
0.722840
0.175938
0.845513
0.320066
-0.878581
-0.207710
0.994006
-0.249193
-0.861611
-0.399118
0.357551
0.285653
-0.042887
-0.741367
1.000000
-0.380546
-0.855890
-0.568292
0.845784
0.277779
0.711967
-0.303788
0.703034
-0.115890
-0.341088
0.510680
-0.451228
-1.000000
0.183689
-1.000000
1.000000
1.000000
0.246646
0.472149
0.685504
-0.371728
0.658645
0.009199
0.644198
-0.119776
0.543791
-0.230814
0.528917
0.549256
0.203552
0.757326
-0.375902
-0.035043
-0.439121
-0.566843
-0.202624
-0.463870
0.420404
0.421920
0.068378
-0.040551
-0.348453
-0.079267
0.052883
-0.361836
-0.377564
0.320050
-0.117801
0.886833
-1.000000
-1.000000
0.067160
-0.294708
-0.365857
0.596965
-1.000000
0.645845
-0.359043
0.271605
0.000883
0.921227
0.166095
-0.377387
-0.394149
-0.340038
-0.470278
0.137280
-0.076726
0.027512
0.303355
-0.754393
-0.509045
0.158186
0.484172
0.160943
0.069095
-0.709650
-0.586222
-0.451479
0.241816
-0.315812
-1.000000
-0.981740
1.000000
-1.000000
0.081630
-0.817911
1.000000
0.085315
-0.489398
0.571258
-0.571584
0.428152
0.684122
0.167163
0.740327
-0.121498
1.000000
-0.436967
-0.618169
-0.631495
0.132201
0.801835
0.728408
0.183497
-0.261577
-0.125606
0.268706
0.718055
-0.035132
0.059264
1.000000
0.084778
0.111584
0.037781
0.737494
-0.293759
0.552656
1.000000
-1.000000
0.599702
0.589835
-0.406321
0.603513
0.211562
0.731470
-1.000000
0.019308
0.847361
0.359619
0.080449
0.423307
-0.959835
0.655607
-0.441104
-0.371136
0.367034
-0.921023
-0.150217
-0.928863
-0.999108
-0.101146
0.855036
0.246595
-1.000000
-0.811629
0.544139
0.810569
0.784783
-0.301904
-0.070233
-0.113544
0.755843
0.207084
-0.273732
0.360642
-0.384768
0.218722
0.956880
0.766111
0.171007
0.302939
-0.530194
-1.000000
0.111815
0.305148
1.000000
0.450308
0.847499
0.104098
-0.522697
-0.932656
0.379849
-0.037054
0.753501
0.973891
0.826160
-0.063804
-0.762000
-0.041311
0.718466
-0.472735
0.220433
-0.232249
0.489726
0.599070
-0.297884
0.646953
0.199781
-0.302736
-0.413981
-0.529399
-0.132092
-0.789778
1.000000
0.330262
-0.141871
-0.449316
-0.370549
0.226756
-0.909907
0.732747
0.826078
0.720058
0.828714
0.895609
0.786536
-0.035851
0.325203
-0.235578
-0.019682
-0.650655
0.760856
-0.665656
-0.047854
0.761672
0.812667
0.313960
0.399662
-0.318499
0.615199
-0.166800
-0.683844
0.382118
0.514920
0.751314
0.066239
0.349336
1.000000
-0.077854
-0.107001
-0.506896
-0.713227
-0.435165
-0.159022
-0.169375
-0.637709
-0.008890
0.833433
0.711482
-0.190405
0.126340
-0.358084
-0.438403
0.119121
-0.837495
0.128606
0.190842
-0.942505
1.000000
-0.595997
-0.186613
-0.182273
0.764405
-0.910226
-0.726487
-1.000000
0.581712
-0.423316
0.527114
-0.254298
0.196026
-0.224683
-0.690882
-0.662584
0.474315
0.006175
-0.990928
0.702355
-0.698866
0.669048
0.931435
-1.000000
-0.929566
0.298967
-0.148798
-0.884037
0.752412
-0.762788
0.959040
-0.960718
-0.681560
0.985466
0.460562
-0.567091
-0.924938
-0.772441
0.145224
0.491077
0.361525
0.649786
0.272822
-0.266862
-0.267180
-0.841398
0.315758
0.869796
-0.272312
0.579979
-0.774956
0.983257
0.186501
-1.000000
-0.183615
-0.289823
0.077371
-0.053309
-0.983919
0.270206
-0.210451
0.862567
0.851824
0.070501
-1.000000
0.266147
0.956858
0.491259
-0.370455
-0.807578
0.076682
0.812129
-1.000000
1.000000
1.000000
0.537848
-1.000000
0.461491
-0.557463
-0.360875
-0.480783
-0.807757
0.470384
0.020585
0.278953
0.011090
-0.376832
-0.074201
-0.143765
0.056601
0.018676
-0.641631
0.399586
-0.127547
-0.267315
-0.751825
0.777154
0.457818
1.000000
-0.354097
1.000000
-0.105766
0.121393
-1.000000
-0.949017
0.217216
-0.041385
0.037792
0.667168
0.696725
-0.452566
0.284344
-0.660040
0.323672
-0.712663
0.294848
0.670620
-0.805625
-0.381520
0.624996
-0.628712
-0.633225
-0.370904
0.966402
0.180870
-1.000000
0.270114
-0.195175
-0.290289
0.886178
0.252620
-1.000000
0.492904
0.035017
0.408822
0.001999
0.721679
-0.123687
1.000000
-1.000000
0.161013
-0.779403
-0.120595
0.920549
-0.846183
-0.631502
-0.456961
-0.538904
0.940980
-0.565939
-0.681593
0.055147
0.753713
0.058090
-0.441281
0.188746
0.826740
0.396850
0.062599
0.170350
-0.526108
-0.731076
0.213086
-0.926849
0.668698
0.670012
0.318337
-0.629636
-0.903296
0.431677
0.065000
-1.000000
-0.875899
-0.344910
-0.900312
0.964093
-0.810908
-0.470971
0.034721
-0.727149
-0.204850
0.382571
0.755470
-0.557300
-0.697970
0.901618
-0.515308
0.178099
0.742549
0.146838
-0.965537
0.495662
-0.178497
0.188630
0.465659
0.237111
-0.940754
-0.498743
-0.697163
0.526848
0.473617
0.501839
-0.338093
-1.000000
-0.515479
0.243898
0.935233
0.527365
-0.847907
-0.066211
0.677696
0.584125
0.424208
1.000000
0.281166
-0.563841
0.111020
0.522212
0.655816
0.039115
0.188145
0.528383
0.385332
0.516406
0.029488
-0.755483
-0.733260
0.154434
-0.156170
-0.855918
-0.140791
-0.554665
-0.743332
-0.382295
0.859731
0.822452
1.000000
-0.888998
0.918983
-0.581601
-0.307862
0.190529
-0.205912
-0.956931
0.021011
-0.343128
0.752660
0.154238
-0.291219
0.909295
-0.953744
-0.948818
-0.575094
-0.220433
0.553990
-0.123188
-0.887984
0.576917
0.838875
0.399580
-1.000000
-1.000000
0.226959
-0.378327
-0.116516
-0.198259
-0.444051
-0.973889
0.396405
-0.210795
-0.244611
-0.333561
-0.176014
0.153130
-0.461193
-0.100448
0.994611
-0.585744
0.806705
-0.276922
0.960213
-1.000000
-0.072277
0.183717
0.519592
-0.540955
-0.357810
0.562398
-0.336880
-0.423882
0.817036
-0.023786
-0.375721
-0.491440
-0.023956
0.017767
0.099520
-0.132503
0.351409
0.205417
-0.292976
-0.252602
-0.400893
-0.654116
-0.576383
0.032789
-0.256886
1.000000
-0.377506
-0.990013
0.660500
-0.769584
-1.000000
0.430919
-0.148897
0.065375
0.796954
-0.524001
0.640735
-0.239211
0.528549
1.000000
0.408546
-0.237818
-0.725401
-1.000000
-0.464124
1.000000
-0.202764
1.000000
0.124623
0.059279
0.367447
-0.418690
-0.028327
-0.408365
0.758408
0.222613
-0.816199
1.000000
0.615790
0.204878
0.020536
-1.000000
0.079163
-0.120291
1.000000
-0.643874
-0.775887
0.441160
-0.958768
-0.553497
1.000000
-0.937763
-0.686989
-0.398328
-1.000000
0.103079
0.922514
0.010368
0.181095
0.825722
-0.735418
-1.000000
-0.918931
-0.205286
0.140876
-0.272068
-0.959152
-1.000000
-0.199059
-0.501254
-0.714374
-0.060588
-0.947980
0.066091
-0.441170
-0.711795
-0.480276
-0.402416
-0.111093
-1.000000
0.229077
-0.395964
0.346333
0.206463
-0.541833
-0.018070
-0.643288
-0.849291
-0.164177
-0.438169
0.009542
-0.163457
-0.053013
-1.000000
-0.458048
-0.348113
0.089513
0.904705
0.421801
0.110646
-0.494288
-0.345749
-1.000000
1.000000
0.921126
0.483763
-0.642282
0.433802
-0.371354
-0.476943
-0.326102
-0.969147
0.619616
0.009159
-0.953754
-1.000000
0.516069
-0.304002
0.033256
0.757197
0.408256
-0.174223
-0.532260
-0.631945
-1.000000
-0.270384
-0.020073
-1.000000
0.288864
-1.000000
0.328630
-0.232898
-0.749580
-0.868556
0.553779
0.877456
-0.649278
1.000000
-0.056114
0.234861
-0.067271
-0.711805
-0.974362
0.021384
0.897926
0.394587
0.556925
-0.688501
0.635605
0.370630
-0.609531
0.026979
1.000000
-0.272931
1.000000
-0.515340
0.029255
-0.268267
-0.425152
-0.548578
-0.734292
1.000000
-0.153384
-0.360055
0.757830
-0.098932
1.000000
-0.253681
0.152651
-0.516923
0.380927
0.625816
1.000000
-0.393846
-0.253811
-0.970622
-0.000697
-0.160062
-0.102787
-0.418800
0.455315
-0.737171
-0.007176
0.499560
-0.437798
0.427446
0.452537
-0.078936
-0.726145
0.475410
-0.222826
0.785847
0.071682
0.831542
0.303292
-0.423416
-0.277306
-0.339753
0.410574
0.260978
-0.656381
0.145418
-0.585521
0.355686
-1.000000
1.000000
-0.515312
-0.063858
0.612504
0.305159
-0.303795
0.598515
-0.496656
-0.667780
-0.028303
0.579399
-0.463380
0.438040
-0.970144
-0.716776
0.455889
-0.897311
-0.936657
-0.340996
0.296300
0.323342
-0.475092
0.170977
-0.844976
0.261655
-0.651265
0.363968
-0.242498
0.928495
0.802239
-0.266092
-1.000000
0.896475
-0.150970
1.000000
0.360155
0.316340
0.153021
-0.377221
-0.579973
-0.901239
1.000000
1.000000
-0.574543
-0.190519
0.410127
0.944996
-0.865288
0.414907
0.292167
-0.391298
0.362828
0.250965
0.197606
-0.356968
-0.191577
-0.265758
-0.193772
-1.000000
0.979639
-0.029241
0.722878
0.464352
0.308942
-1.000000
-0.750935
-0.846703
-0.939114
-0.801210
-0.106730
0.076146
-0.172035
0.027110
-0.114517
-0.772344
1.000000
-0.439971
-0.780450
-0.962692
0.888907
0.417101
-0.863703
0.070234
-0.194922
0.463818
0.200490
-1.000000
1.000000
0.921097
-1.000000
-0.387457
-0.906345
-0.732099
-0.167278
-0.054675
-0.936026
-0.266604
0.385523
0.022811
0.279669
0.090705
-1.000000
0.243636
0.984961
-1.000000
0.294624
0.048522
0.458290
-0.599684
-0.806269
0.465019
-0.775397
-0.743066
-0.507970
0.747511
-0.192174
-0.343687
0.853250
-1.000000
0.533632
-0.711991
0.144760
0.561596
-0.949230
0.731533
-0.523737
-0.865282
0.392519
0.226012
0.307361
-0.258831
-0.305085
0.290009
-0.046086
-0.874396
0.152625
1.000000
-1.000000
-1.000000
1.000000
-0.566201
-0.201612
0.773633
-0.345596
0.661954
-0.988025
0.517298
-0.771187
0.399936
-0.577774
-0.231431
0.107321
0.982391
-0.853157
0.553896
0.405319
-0.682152
0.161444
-0.018110
-0.157452
-0.540401
0.775495
0.446080
0.800054
-0.042651
0.111627
-0.793631
0.959581
-0.914963
0.943160
1.000000
0.486539
-0.931101
1.000000
-0.299223
0.417790
0.782871
-0.044702
1.000000
-1.000000
-0.204865
0.812104
-0.334496
0.264191
-0.081952
0.722589
0.617578
0.644372
0.306867
-0.940877
-0.619258
-0.057950
-0.769925
-0.297941
-0.999191
-0.405478
0.092062
0.749263
-0.045366
-0.966248
-0.968168
-0.887062
-0.185242
0.758475
0.288916
0.135152
0.293039
0.546023
0.803186
-0.394224
0.489673
-0.861445
-0.130336
0.546298
-0.359976
-0.051681
0.606487
0.754057
0.033905
-0.829894
0.617830
0.943417
0.083075
0.811826
0.424297
0.237423
1.000000
-0.997373
0.409432
1.000000
-0.648736
0.153555
0.587258
-0.119921
-0.696946
0.441777
0.101097
0.536946
-0.629241
-0.583568
-0.400012
0.096447
-0.145673
-0.283050
-0.134686
-0.060006
-0.347501
-0.743924
0.047184
1.000000
0.149379
0.932487
-0.394529
-0.038751
0.938109
0.205615
-0.877429
-1.000000
0.506551
-0.921431
-0.990968
0.077842
0.441298
0.455277
-0.725128
-0.420803
-0.560114
0.733615
0.233499
0.010932
0.158207
0.045404
-0.464873
0.104275
0.394486
0.407732
0.831120
-0.123943
0.040562
-0.054353
-0.009110
0.534250
1.000000
-0.048888
-0.522292
-0.905931
-0.976500
-0.662479
-0.735487
-0.942836
-0.056207
0.053167
1.000000
-0.609150
-0.282648
0.730998
-0.344342
0.982765
-0.048233
0.410925
0.380959
0.957271
1.000000
0.889537
-0.926498
0.026508
0.725078
0.043435
0.366288
0.990506
0.194215
-0.039398
-0.370866
-0.629811
0.277573
0.294148
0.917134
-0.089567
0.533111
-0.987125
0.580649
-0.469475
0.733595
0.217690
0.481714
-1.000000
-0.757583
-0.172794
-0.672554
-0.759320
-0.872939
0.991736
-0.338867
-1.000000
0.286933
-0.354667
0.018917
-1.000000
-0.186751
1.000000
-1.000000
0.064062
-0.342154
0.709956
-0.086419
-0.152545
0.545560
-1.000000
-0.375330
-0.658893
-0.336308
-0.904534
-0.855137
-0.403918
0.314288
0.104039
0.390267
0.251222
-1.000000
-0.432121
-0.706224
-0.071174
0.018825
0.821833
0.272026
-0.535788
0.522098
-0.968198
0.828138
0.080912
-1.000000
0.741955
0.220622
0.336114
-0.900987
0.207497
0.236994
-0.298064
0.562181
-0.244204
0.919351
-0.938634
-0.630168
0.824958
-0.892859
-0.298694
0.826185
0.723091
-0.400595
0.665550
-0.291373
-0.253268
-1.000000
-0.742239
1.000000
0.407624
-0.633614
-0.425048
0.392128
-0.645325
0.970575
1.000000
-1.000000
-1.000000
-0.603242
-0.481699
-1.000000
0.457654
-0.942460
-0.103675
0.689250
0.214429
-0.795400
-0.125842
0.438084
1.000000
0.091507
-0.192132
-0.423482
-0.987075
0.015041
0.785947
-0.740403
0.445101
-1.000000
0.485740
-0.605260
0.480011
-1.000000
-0.290066
1.000000
-0.513141
-0.097624
-1.000000
-0.113241
-0.512018
-0.012053
0.203030
-0.335578
-0.250631
0.211439
-0.769987
0.752505
0.187956
-0.727119
-0.360380
-0.287030
-0.981354
-0.219575
0.096087
0.336217
-0.144807
-0.219648
-0.771715
-0.774175
0.027591
-0.134956
-0.008398
-0.392649
0.631553
-0.005605
0.950035
0.208346
0.743245
0.308720
-0.498392
0.250901
-0.582917
-0.118027
-0.164322
-0.538052
-0.991800
-0.138899
-0.599141
-0.007817
-0.550841
0.171445
-0.696078
0.123141
0.756906
1.000000
-0.871601
0.213094
-0.060648
-0.563420
0.770238
0.494600
-0.256438
0.572977
0.669978
-0.355506
0.144898
-0.261605
0.004886
0.805503
0.250535
0.727458
0.960186
-0.477819
0.646227
0.723251
0.081422
0.187741
0.132617
-0.414497
0.019578
-0.934244
-0.174357
-0.368534
-0.990427
-0.803504
-0.942812
-0.142777
-0.693993
-1.000000
-1.000000
0.787152
-0.361289
-0.984590
0.419545
0.652308
0.561018
-0.560430
-0.235722
0.533862
0.650856
-0.900672
-0.130122
1.000000
-1.000000
-1.000000
-0.889851
-0.970046
-0.065664
0.179410
-0.619337
-1.000000
0.132361
-0.479268
-0.038068
1.000000
-0.597674
0.522760
0.826133
-0.528349
0.266888
0.457680
0.828204
0.772200
0.391950
-0.254313
0.393678
0.307249
0.025857
-0.203851
0.205934
1.000000
-1.000000
0.039204
0.402660
0.291070
0.027683
1.000000
0.784987
0.500047
-0.333930
0.489289
-0.088174
-0.998074
-0.387374
0.279067
-0.005054
-0.928298
-1.000000
-0.006879
-0.597747
-0.415742
-0.253647
0.407442
-0.374625
1.000000
0.355906
0.562568
0.611213
-0.065236
-0.069618
-0.861996
-0.802378
-1.000000
0.678700
0.078193
0.524319
-0.236634
-1.000000
0.283277
0.886950
0.866801
-0.554905
-1.000000
-0.203900
0.053159
0.097981
-0.018975
-0.352292
-1.000000
-0.324816
-0.481236
-0.348214
0.667153
-0.756731
-0.481835
0.943393
0.080071
-1.000000
0.864524
-0.748123
-0.209459
-0.270557
-1.000000
-0.859697
-0.922788
-0.482933
0.343757
-0.080686
0.558489
0.500910
-0.079396
-0.507760
0.045371
0.117949
-0.639263
0.897947
0.322085
-0.749791
0.198292
-1.000000
-0.392054
0.020607
0.174441
-0.153090
-0.729418
0.952296
-0.452404
-0.045985
-0.458604
-0.615131
0.724305
-1.000000
-0.124972
0.890439
0.937170
0.160754
0.508753
0.807631
-0.275394
-0.489762
0.749516
0.819225
1.000000
0.659355
0.179291
-0.381895
0.303710
0.477501
0.838909
0.836351
0.342124
-1.000000
0.958671
-0.008330
0.855262
-0.635995
-0.157238
0.950036
-0.228095
-0.958439
-0.603046
-0.894529
-0.491922
0.321934
0.784719
-0.682553
-0.172623
-0.185988
-0.176303
-0.191379
0.154166
-0.313726
0.259046
0.559230
0.943424
0.075387
0.461213
-0.757618
0.934353
1.000000
-0.152063
-0.760650
0.424538
0.442010
-0.441974
0.419479
1.000000
-0.232025
0.927672
-0.331920
-0.080146
-0.916005
-0.774692
-0.640723
0.976125
-1.000000
-0.189069
0.426214
-0.474390
-0.987888
0.519423
-1.000000
0.441171
0.178270
0.552541
0.432369
1.000000
-0.187882
-0.858291
0.021903
-0.425428
0.358238
-0.541108
-0.165531
-0.988935
0.427296
-0.450245
0.090901
0.620805
-0.444848
1.000000
-0.790558
0.895795
-0.095979
0.753951
-0.786455
0.872056
-0.202685
0.005174
-0.522982
0.619240
0.113863
-0.793725
0.043019
-0.737987
1.000000
-0.285395
0.575973
-0.270231
0.179793
-0.088725
0.643954
-0.247694
1.000000
-0.722185
0.578193
-0.399167
0.367812
-1.000000
-0.480541
-0.380310
-0.837629
-0.045226
-0.317010
0.400775
0.398040
0.668819
-1.000000
-0.015486
-0.088586
0.233032
0.716378
0.089159
-0.761538
-0.458707
-0.124749
0.698729
0.418135
-0.160247
0.316219
-0.063662
-0.998575
-0.379645
0.198995
-0.024143
-0.750541
0.854719
-0.195892
-0.394746
-0.267814
0.699312
-0.617896
-0.556490
-0.189902
-0.543768
-0.047676
-0.773885
-0.093840
-0.098019
-0.157612
1.000000
-0.603955
0.887602
-0.623890
0.590682
0.879801
-0.589887
-0.153658
0.992287
-0.275108
-0.949882
-0.054487
0.754928
0.789579
-0.879655
-0.309621
0.369336
0.189794
0.318155
-0.425612
0.260860
0.853600
-0.896563
-0.837652
0.277777
-0.294198
-0.108209
0.975740
-1.000000
-1.000000
-0.743302
1.000000
0.077895
-0.608891
-0.480805
-1.000000
-0.093310
-0.094167
-0.117778
-0.874891
-0.205018
1.000000
-0.127922
-0.868016
0.674711
-0.566331
-0.392951
1.000000
-0.387644
1.000000
-1.000000
-0.183758
0.491426
0.294408
-0.145473
-0.505941
0.068493
-0.288050
-0.758159
0.061606
-0.345847
-0.453132
0.706022
1.000000
0.461759
-1.000000
0.412277
0.064006
0.066483
-0.786888
0.938568
-0.192613
1.000000
-0.250289
-0.756697
-0.506225
-0.014249
-1.000000
-0.167897
-1.000000
-0.425674
-0.168667
-0.371568
0.557733
0.380889
-0.607023
0.383304
0.903771
0.423314
-0.375044
0.503764
1.000000
1.000000
0.481810
0.710314
-0.114173
-0.091620
-0.761012
-0.487539
-1.000000
1.000000
-0.778745
-0.771259
0.850722
0.605075
-0.158080
0.551484
0.377806
-0.328084
-0.264231
0.537160
1.000000
-1.000000
0.324228
0.251606
0.980657
0.879697
-1.000000
-1.000000
-0.461752
0.212615
0.219837
0.426081
1.000000
0.254490
0.410246
0.236362
0.581426
0.575858
-0.569180
0.310172
-0.695016
0.873718
-0.570970
-0.394906
0.057432
-0.420000
-0.885712
0.023472
-0.822994
-1.000000
0.611409
0.382014
-0.786935
0.104679
-0.954939
-0.820645
-0.065547
-0.337071
-0.096912
-0.598554
-0.380365
-0.060092
0.111242
0.308341
-0.309162
0.842288
-0.711354
0.441485
0.689291
0.364007
0.248889
-0.848292
0.135788
0.223973
0.927325
0.747820
-0.333335
-0.619151
0.598036
0.756585
0.771660
-0.835456
-0.403988
-0.817492
0.712415
0.508292
0.641188
-0.098807
1.000000
-1.000000
0.380720
-0.630433
-0.766288
-1.000000
0.607640
1.000000
0.548379
-1.000000
-0.539485
-0.397113
0.305195
-0.136701
-0.729699
-0.327757
0.311482
0.560929
0.698828
-0.231091
0.662320
-0.057691
-0.490531
-0.786067
-1.000000
-0.505638
0.700322
0.154794
0.372146
0.024539
-0.659865
0.132002
0.236024
0.706169
-1.000000
-0.617674
0.021057
-0.427563
0.958629
0.338873
-0.745356
-0.071589
-0.911319
-0.196561
-0.440206
0.591191
-0.552138
-0.590928
-0.252612
0.549332
0.339884
0.421843
0.243881
-0.362639
0.860193
-0.069982
0.393437
-0.373522
0.370869
0.376991
0.762311
-0.387409
-0.898694
0.373334
-0.884904
0.108909
1.000000
0.123646
0.045271
-0.054579
0.780104
0.455114
-1.000000
0.959659
0.556692
-1.000000
0.909048
0.135726
-0.367590
-0.898984
-0.719552
0.416139
-0.229708
-0.991794
-0.643573
0.266296
-0.392725
-0.345043
-1.000000
-0.136843
-0.737907
1.000000
-0.193654
0.694890
-0.535834
0.554006
0.600197
-0.264441
0.860501
-0.483555
1.000000
0.993769
-0.419383
0.017156
-0.783755
-0.023486
0.587575
0.135209
0.207234
0.001928
0.258039
0.999215
-0.707841
-0.362807
0.428644
0.308439
0.124259
-0.894440
0.017980
-0.412115
0.445081
-0.930255
0.178181
-1.000000
-0.369048
-0.861797
0.807210
0.765042
0.985033
-0.134185
-0.691447
-0.379424
-0.089210
-0.952185
0.572503
0.510607
0.671564
-0.268493
0.391566
-0.454135
0.507180
-0.125584
-0.636721
-0.870934
-0.475624
0.907079
0.959631
1.000000
0.843712
-0.566956
-0.180038
-0.257694
0.241438
0.506768
0.743126
-0.419135
0.802794
-0.407192
0.826565
-0.800720
0.930450
0.009224
-0.650317
-0.087975
-0.171031
-0.051357
-0.552615
0.134494
-1.000000
-0.514617
0.856784
-1.000000
-0.050098
-0.147400
0.854556
-0.326687
1.000000
0.055787
0.784659
0.321238
-0.041123
0.204026
0.328505
-0.691909
-0.928553
-0.413509
0.841954
-0.048109
-0.505833
0.426112
0.593694
0.191379
0.903183
0.092408
0.527771
0.248503
-0.970843
0.918808
-0.140610
0.137048
0.155629
0.570150
-0.639104
-0.671722
-0.417922
-0.535798
-0.392625
0.882369
0.923685
-1.000000
-0.981088
-0.220174
-0.251388
-0.470836
-0.814283
-1.000000
-0.121174
0.686185
0.319338
-0.580910
0.663204
-0.769045
-0.290872
-0.818059
-0.347841
-0.307273
0.294186
0.529230
0.899675
-0.848021
-1.000000
-0.268841
-0.214089
-0.564646
-0.621026
-0.956469
0.897121
-0.032090
-0.507171
-0.565836
0.304041
-0.836694
-0.501781
0.258105
0.303174
-1.000000
0.232765
-0.474068
0.157625
-0.244869
-0.932979
0.240947
0.035293
-0.680335
0.797854
-0.225517
-0.772648
0.929702
1.000000
0.255125
0.748826
1.000000
0.659644
0.912095
0.838796
0.583506
0.237859
-0.102202
-0.176936
-0.905158
-1.000000
1.000000
0.563329
1.000000
-0.054625
-0.594288
0.241736
-0.960561
-0.428232
-1.000000
-0.002946
0.770861
0.552584
0.374472
1.000000
-0.652608
0.651389
-0.429792
0.394031
-0.141620
-0.664088
-0.967785
-0.066473
-0.060582
0.260069
-0.414360
-1.000000
-0.609089
0.859218
0.027810
0.872158
-0.675325
-0.485621
-0.420943
0.383311
-0.294962
-0.155962
0.137105
-0.690048
0.529965
-0.602508
-0.361803
0.253495
-0.202239
0.605189
0.946953
0.921369
0.074134
1.000000
0.208536
0.728191
0.735274
0.660252
-0.864156
-0.057881
0.406335
-0.543042
0.267636
-0.672892
-0.020075
-1.000000
0.161014
-1.000000
-0.099214
-0.050045
0.036951
-0.597949
0.745236
0.733568
0.496416
0.914580
1.000000
-0.451165
0.663820
0.520938
-0.563285
-0.181390
0.773618
0.837382
-0.774915
0.699965
0.598579
1.000000
0.558234
-0.179444
0.852573
-0.569202
0.324830
-0.340394
-0.503235
-0.197512
-0.484853
0.342345
-0.700324
-0.857173
0.982365
0.694928
0.172254
-0.985496
-0.376183
0.212325
1.000000
0.332402
-0.157807
0.328478
0.064062
0.494412
0.856839
-0.093228
0.157525
-0.906985
-0.546644
-1.000000
-0.182632
-0.645915
0.081365
0.617848
-0.941299
-0.100640
-0.448729
0.816495
0.035451
0.416669
-0.239029
-0.512231
-0.775675
0.443360
0.922135
0.879311
0.487522
-0.171320
-0.581893
-0.478615
0.031038
0.311003
0.132953
0.220132
0.329408
-0.003145
-0.964831
0.834185
-0.005069
-0.257143
-0.455184
-0.407982
0.201273
0.492451
0.382193
-1.000000
0.941367
-0.209132
0.790742
0.546241
-0.020434
-0.507601
-0.094707
0.889500
-0.814583
-0.793830
0.797788
0.312109
0.624371
-0.860507
0.588919
-0.053647
0.111293
-0.427816
0.495471
0.232562
-0.828820
-0.255456
-0.140533
-0.502763
-0.362023
0.934257
-0.472331
-0.771263
0.790624
-0.114001
-0.304807
0.184580
0.870978
-0.564803
-0.819832
-0.449859
0.494576
-0.074219
0.916083
-0.221004
-0.723071
-0.487500
-0.207628
-0.102868
0.471104
-0.974419
-0.197916
0.066540
-1.000000
0.528123
-0.091305
0.800821
0.736705
-0.189490
-0.003513
0.675115
0.146681
0.332103
0.756833
-0.480573
0.423258
-0.301815
-0.550975
-0.183460
0.294470
0.926227
0.252968
1.000000
0.636980
0.562012
-0.902552
0.590931
0.111626
-0.358753
0.456691
-0.434540
-0.653022
0.338562
-0.524913
-0.592114
-0.610149
0.435393
-0.771706
-0.719074
-0.036100
-0.477130
-0.524947
-0.809240
-0.502508
0.897586
1.000000
0.367257
-0.990850
0.577800
0.146343
0.181551
-0.654717
-0.438926
0.075763
1.000000
0.722430
-0.763001
-0.324265
-0.692262
0.786367
-0.392312
-0.852529
0.237576
-0.973678
-0.041270
0.335537
-0.046994
-0.011112
-0.097972
0.132856
0.063950
0.718867
-0.593578
-0.618670
0.087602
1.000000
-0.442321
-0.074131
-0.362804
0.648170
0.174370
-0.380202
0.390217
-0.196449
-1.000000
-0.157402
-0.472456
-0.102707
0.300692
-0.226189
0.359050
1.000000
0.064371
0.532137
0.049614
-0.436700
1.000000
-0.900228
-0.033853
0.530543
-0.591366
-1.000000
-0.584358
0.584957
-0.703422
-0.590914
0.996985
-0.391812
0.432842
0.899226
-0.697226
-0.530397
0.687838
-0.336977
0.278119
1.000000
-0.172618
0.442053
0.674380
-0.430539
-0.380744
0.468565
0.808326
0.187034
-0.787600
0.201767
1.000000
0.147337
0.314101
0.499832
0.307352
-0.228631
0.702648
-0.637102
0.753451
0.427234
0.581662
0.964585
-0.090551
0.054232
-1.000000
0.228933
0.593697
-0.961165
0.301418
-0.927372
-0.096884
-0.045989
-0.102613
-0.493861
-0.973102
0.382812
0.157374
-0.025296
-0.931547
-0.302412
-0.605171
0.941447
0.343921
0.245116
-0.433789
-0.944594
0.509533
-0.351764
-0.563742
-0.877761
0.287624
0.508315
-0.563328
0.244430
-0.143822
-1.000000
0.067336
0.691912
-0.410202
-0.451297
-0.342420
0.142576
-0.134051
-0.777672
0.542347
-0.672017
0.497185
0.733525
-0.537121
-0.748071
0.508463
0.442580
0.177255
-0.480933
-0.280559
0.629148
0.776875
-0.978923
-0.257830
-1.000000
0.039935
-0.361790
0.722018
-0.491568
-1.000000
-0.013167
-0.490954
-0.256187
-0.147985
-1.000000
-0.155291
0.159943
0.774816
-0.677736
0.790909
0.198089
0.696880
-0.114170
0.641877
-0.926996
0.726880
0.443181
-0.349757
-0.037837
-0.518882
0.983518
-0.191356
-0.277072
0.166893
0.407331
0.415205
0.139221
-0.609148
-0.514765
-0.331727
0.087254
-0.713045
-0.676434
-0.518612
0.778208
-0.389240
-0.759564
0.589465
-0.136870
-0.721555
-0.315925
-0.035240
0.834469
-0.868011
-0.227831
-0.511993
-0.241204
-0.582419
0.338557
-0.124759
0.531948
-0.731145
0.233423
0.232311
-0.405558
-0.162849
-1.000000
0.506605
0.717760
1.000000
-0.291111
0.422110
-0.675562
-0.473743
0.397223
-0.913919
0.512104
-0.189755
0.327301
0.773671
-0.556840
0.273369
0.411804
0.198081
0.258188
-0.462003
0.466642
0.528385
0.000198
0.083319
0.034974
0.894530
1.000000
0.466257
0.551230
0.006402
-0.671232
-0.434055
-1.000000
0.580287
-0.242402
0.325612
0.449878
0.875215
0.483184
0.768433
-0.939309
0.779325
0.102178
-1.000000
-0.001690
-0.237093
0.110819
0.114994
1.000000
0.905610
-1.000000
-0.626855
0.477094
0.045285
-0.572237
-0.058501
-0.926080
0.629674
-1.000000
-0.696200
-1.000000
0.224643
-0.091505
-0.059416
-0.152986
-0.179144
0.276884
-1.000000
-0.764018
-0.970839
0.605896
1.000000
0.541447
-0.740338
0.161462
-0.727307
-0.222971
-0.135173
0.410604
-0.552088
0.065815
-1.000000
0.811606
-0.077568
-0.371797
0.676783
-0.225524
-0.250805
-1.000000
-1.000000
-0.938601
-0.459827
-0.083818
-0.729173
-1.000000
-0.941717
0.710460
0.310479
0.798048
1.000000
-0.695420
-0.416796
0.816595
0.718671
-0.478931
-0.740246
-0.288662
0.799443
1.000000
-0.016478
-0.745700
0.126890
-0.143721
-0.935930
1.000000
-0.257056
-0.292175
-0.138170
-0.791237
-0.349070
-0.321643
0.008712
0.334967
0.951862
0.892059
0.827457
-0.308372
-0.262604
1.000000
0.217061
0.255938
0.693186
-0.402482
-1.000000
-0.391987
0.322091
-0.916561
0.838802
0.037952
0.315385
0.267878
0.382421
0.433169
0.569867
-0.494546
0.446885
0.779032
-0.445826
0.732726
-0.325901
-0.041041
-0.265548
-0.155531
-1.000000
-0.401773
-1.000000
-0.576043
-0.768398
0.550158
0.898191
-0.276148
1.000000
0.136184
0.374893
0.755111
-0.990773
1.000000
-0.847452
0.863060
0.519209
-0.531508
-0.389353
-0.027865
0.413759
-0.104376
1.000000
0.952591
0.138805
0.563868
0.605043
-0.088922
1.000000
-0.348205
0.266019
0.277096
0.991806
-0.838390
-0.808260
-0.788386
-0.597575
0.070980
-1.000000
0.875322
-0.798603
0.967903
0.545828
-0.208005
-0.794067
1.000000
-0.875719
0.374183
0.625644
0.305055
0.441509
0.767461
0.939514
-0.024620
-0.352791
-0.509361
-0.668141
-0.326702
0.835391
0.787825
0.127076
0.358248
0.950844
0.726266
-0.158620
-0.007946
-0.107463
1.000000
-0.166963
-0.636383
0.224965
0.519564
-0.598209
0.288007
0.952005
0.811828
0.265270
0.302463
-0.055982
0.519864
-1.000000
-1.000000
-0.527796
0.068156
-0.321432
0.106191
0.254676
0.215338
0.160541
1.000000
-0.018376
0.093088
-0.338849
-0.857898
-0.685918
0.708304
1.000000
-0.502224
-0.938899
-0.383095
-0.197209
0.424049
-0.861973
0.316990
-0.791050
-0.280878
0.554409
-1.000000
0.869674
-1.000000
0.167313
0.601548
-0.789021
0.853199
-0.643070
-0.910362
-0.439579
-1.000000
0.735779
-0.388325
-0.355250
0.798735
-0.024814
0.744390
-0.611581
-0.249375
-0.097297
-0.408662
0.063065
1.000000
0.711003
-0.238602
0.415512
-0.470477
0.094048
-0.857715
0.565828
-0.213942
1.000000
-0.860659
0.665655
-0.550935
-1.000000
-0.178333
0.132706
0.342898
0.548612
-0.257302
-0.012178
-0.387370
-0.714363
-0.608202
-0.362417
-0.984271
-0.066951
-0.764294
0.168646
-0.004783
-0.463184
-0.537667
-0.674132
-0.590156
0.117927
0.798420
0.519588
0.416968
0.725398
-0.317988
0.536472
0.205587
0.771353
-0.286600
-1.000000
-0.221073
0.193003
0.330740
-0.009868
-0.455929
0.605621
0.547157
0.094401
-0.365171
-0.750500
-0.545136
-0.486766
0.585182
-0.466294
-0.787596
0.034626
0.799405
-1.000000
-0.582132
0.784136
0.015755
0.809388
-1.000000
-0.166542
-0.592109
-0.128627
0.686417
0.368291
0.579937
0.980821
-0.425277
-0.070941
-0.574032
-0.824247
0.313946
-0.453178
-0.058883
-0.430082
-0.850742
-0.567816
-0.918795
0.373740
-0.657226
0.232452
0.741880
-0.471077
-0.731086
-0.717283
-0.059151
-1.000000
-0.530980
-0.386915
0.903561
-0.513443
0.438446
-0.833295
0.926765
-0.152767
0.282688
0.300484
-0.114512
-0.146375
-0.705534
0.239441
-0.266856
-0.121131
0.477789
-0.243167
0.278608
0.298378
0.515252
-0.903695
0.906374
0.048659
0.168369
-1.000000
0.061416
-1.000000
0.449701
-0.055056
0.831026
-0.350589
0.603658
0.456047
0.973162
0.816401
0.635789
0.806513
0.507217
0.577679
-0.610450
1.000000
-0.180351
0.956374
0.172008
0.387845
-0.883379
-0.931193
0.416531
-0.486252
0.965431
-0.204187
0.362397
0.077088
0.955873
-0.698718
0.997856
0.502800
1.000000
-0.340584
-1.000000
0.187722
0.092588
-0.646796
0.885595
-0.252865
-0.338390
0.255196
0.769195
0.671877
0.394007
1.000000
0.422690
0.235784
-0.122834
-1.000000
-0.268496
0.877012
-0.340126
0.354510
0.210633
0.812239
-0.921123
0.036149
-0.286481
0.986701
-0.160285
-0.854944
0.828414
0.267331
-0.019770
0.969632
-1.000000
0.434150
0.018589
-0.394224
-0.474420
-1.000000
0.377422
-0.871974
0.956631
0.455379
0.069709
-0.981966
0.303766
-0.932251
-0.214383
0.410155
0.206732
0.586198
-0.632682
0.700286
-0.522763
-0.462484
-0.353380
0.034626
-1.000000
-0.729630
-0.068705
0.129834
-0.745075
-0.222921
-0.250567
0.170858
0.995849
-0.500292
-0.611473
-0.539869
-0.215475
-0.111296
0.297656
0.969119
-0.338825
-0.060359
-0.180715
0.095622
0.304478
0.171352
0.912792
-0.875662
0.737830
-0.365586
-1.000000
0.460458
0.613885
0.955172
-0.121277
-0.018734
-0.150959
0.864334
0.197008
0.326866
0.049332
0.492592
-1.000000
0.981958
-0.494097
-0.452781
0.648787
-0.262208
0.007080
0.950551
-0.517253
-0.005766
-0.737627
-0.065950
0.255731
0.254969
-1.000000
-0.546890
0.442259
-0.453848
-0.577041
0.081144
0.609962
0.016660
0.333607
-0.052955
-0.937391
0.826252
-0.026724
-0.149933
-0.030234
-0.335633
1.000000
-0.629848
0.334681
0.951550
-0.940109
0.187283
-0.303363
-0.450111
-1.000000
0.726824
-0.494465
0.662750
-0.274637
0.601158
0.570135
-0.600870
0.055782
-0.762558
0.719679
-0.216046
-0.228867
-0.953292
-0.186536
-0.220820
0.181346
0.805154
-0.347023
-1.000000
-0.627641
0.416171
-0.972243
-0.424305
-0.084795
0.684647
-0.469116
1.000000
-0.906736
-0.186471
0.859274
-0.778155
-0.245691
-0.499347
0.121378
-0.200031
0.189391
0.728331
0.440037
-0.706186
0.727801
0.171818
0.892884
-0.115428
-0.106123
0.873782
1.000000
0.348969
-0.390537
-0.448591
-0.420200
0.146271
-1.000000
-0.092074
0.194135
0.509314
-0.339501
-1.000000
0.426128
-0.330358
0.404408
0.050581
-0.150137
-0.172112
-0.277613
0.059670
0.990986
-0.366627
0.964964
0.801780
-1.000000
0.013582
-0.417636
-0.040795
-0.377418
-0.986826
0.058547
-0.376090
-0.584451
-0.465681
-0.829615
0.053041
0.781947
0.018291
-1.000000
0.633344
-0.645466
0.031986
-0.525647
0.761276
-0.325877
-0.272910
-0.323118
0.447790
-0.149766
-0.455315
-0.245311
-0.789518
0.241707
0.838446
0.358215
0.470508
-0.095159
-0.933794
-0.953967
-0.957839
1.000000
0.932994
1.000000
0.140170
-0.888401
-0.299586
-0.470248
0.572034
-0.449588
-1.000000
-0.163211
-0.890539
0.145977
0.426920
0.605097
0.077458
0.531325
0.620193
0.966968
0.530372
0.204775
0.561341
0.069294
0.426009
-0.703302
-0.027340
-0.201138
-0.476323
0.858052
-0.580537
0.121214
0.086190
1.000000
-0.456892
-0.848991
0.452581
-0.962671
0.256517
-0.197018
-0.370375
-1.000000
-0.355742
1.000000
-0.503412
-0.075382
0.412226
-0.890855
0.165201
-0.934861
0.202045
-0.027031
0.932057
0.990585
0.065094
-0.211477
-0.712411
1.000000
-0.590780
-0.354979
-0.159298
-0.182772
-1.000000
1.000000
0.368926
0.435237
-0.695527
0.393723
0.134055
0.890415
-0.132769
-0.440582
-1.000000
-0.452048
0.913094
-0.802642
-0.356651
0.170990
-0.540120
0.329165
1.000000
-0.405366
0.291071
-0.077783
-0.965001
-1.000000
1.000000
-0.265234
-0.223423
-1.000000
0.692348
-0.927155
-0.433165
-0.175890
0.026464
0.733257
0.797587
0.002576
0.675597
0.839001
0.312714
-1.000000
0.047262
-0.163289
0.011142
0.367172
-0.893168
-0.294173
-0.886630
0.791432
0.888800
0.143281
-0.931382
0.951762
-0.945660
-0.416571
0.294843
-1.000000
-0.370640
-0.642664
0.933914
0.109326
0.211490
0.042818
0.009609
0.051786
0.010518
0.125091
0.006823
0.140411
0.248429
0.003960
0.242610
0.011626
0.222674
0.004231
0.036702
0.165970
0.153727
0.017198
0.004970
0.024059
0.001475
0.041116
0.070636
0.269555
0.023790
0.083767
0.218629
0.324383
0.033615
0.167201
0.005745
0.004249
0.124961
0.011287
0.034683
0.035830
0.031852
0.014986
0.034444
0.018974
0.021451
0.012457
0.001203
0.057202
0.019437
0.017840
0.127605
0.042867
0.133195
0.088903
0.070769
0.008411
0.048155
0.095473
0.007397
0.253382
1.855493
0.036512
0.005251
0.025021
0.046396
1.666343
0.056720
0.033823
0.462552
0.010540
0.400368
0.083042
0.068067
0.089631
0.005448
0.325344
0.001997
0.137114
0.008099
0.024923
0.006275
0.492489
0.177549
0.011323
0.157817
1.231087
0.010526
0.016164
0.269819
1.884241
0.245183
0.163205
0.049211
0.083385
0.090625
0.007816
0.021474
0.153305
0.328906
0.000890
0.055096
0.029885
0.005856
0.023819
0.228102
0.033977
0.002840
0.043336
0.232062
0.001214
0.440770
0.359358
0.007422
0.025579
0.075409
0.160554
1.585672
0.004143
0.226891
0.864171
0.009236
0.111630
0.234732
0.010119
0.060399
0.022746
0.129181
0.027037
0.001943
0.146875
0.194601
0.010752
0.010383
0.164571
0.000998
0.041842
0.896260
0.659347
1.708796
0.001039
0.433514
0.017607
0.014964
0.420306
0.071834
0.015194
0.001245
0.320804
0.049514
0.033759
0.175531
0.009012
0.212051
0.458318
0.012611
0.186804
0.017881
0.171782
0.074576
0.039925
0.000665
0.400641
0.022520
0.011222
0.024878
0.023322
0.029103
0.237726
0.001268
0.578600
0.025501
0.000663
0.044447
0.905462
0.000589
0.002347
0.031425
0.185947
0.997168
0.114234
0.002328
0.002212
0.043123
0.530057
0.001565
0.002838
0.177823
0.025218
0.039042
0.278047
76.162866
0.318505
0.009865
0.292441
0.028221
0.067572
0.076463
0.025569
0.008523
1.017961
0.024854
0.571352
0.082871
0.028891
0.011591
0.003250
0.002648
0.141726
0.199566
0.383672
0.125236
0.079769
0.541563
0.123922
0.532727
0.035501
0.711543
0.019445
0.031503
0.054094
0.012592
0.010562
0.110251
0.223155
0.032591
0.056408
0.012682
4.418288
0.957308
0.106430
0.034702
0.109353
0.118201
0.018588
0.201800
0.496045
0.102923
0.019650
0.021813
0.006884
0.006214
0.264941
0.033799
0.006876
0.052007
0.557099
0.031882
0.285197
0.653837
0.234477
0.087958
0.203715
0.176375
0.705215
0.022192
0.108354
0.014728
1.535369
0.032788
0.023473
0.017837
0.084466
0.049365
0.066184
0.014044
0.777091
0.065708
0.088548
0.009419
0.010140
0.011084
2.044938
0.005046
0.333824
0.006694
0.008103
0.297550
0.013300
0.045538
0.004691
1.055061
0.001116
0.006974
0.020183
0.031082
2.150853
0.011059
0.335475
0.412926
0.075489
0.007104
0.029703
0.034651
0.003290
0.024302
0.035706
0.031263
0.346782
0.029378
0.041875
0.030142
0.015009
0.092740
0.527755
0.386346
0.165694
0.039983
0.026159
0.406024
0.404474
1.042779
0.069977
0.022382
0.130600
0.257792
1.088128
0.052769
0.132113
0.257675
0.003755
0.199651
0.090706
0.193411
0.037537
0.185601
0.043820
0.345607
0.057823
0.005977
0.108498
0.970643
1.073282
0.240571
0.011310
0.023622
0.000720
0.040999
0.011954
0.192691
0.086031
0.030118
0.941632
0.015377
0.002958
0.091642
0.587022
1.792897
0.126872
0.041274
1.649238
0.117224
1.294816
0.105981
0.044116
0.217367
0.080473
1.247463
0.601504
0.010177
0.070393
0.103152
0.022773
0.149912
0.001974
0.015480
0.086812
0.344276
0.073012
0.503353
0.372385
0.091378
0.075339
0.966768
2.998082
0.231565
0.000698
0.001849
0.302926
0.013259
0.026088
0.022331
0.037209
0.026598
0.027355
0.025274
0.253418
0.015392
0.000935
0.205042
0.019059
0.396427
1.288163
0.181974
3.552742
0.185067
0.043782
2.092835
0.013104
0.125862
0.390704
0.592656
0.001608
0.562144
0.185332
0.811845
0.227779
0.070415
0.005260
0.065220
0.056845
0.020884
1.199270
0.002121
0.000447
0.146846
0.081987
0.237417
0.059839
0.000404
0.008754
0.189902
0.141100
0.110898
0.000977
0.003870
0.020022
0.086583
0.025373
0.003365
0.525245
0.083225
0.008088
0.130947
0.143095
0.077131
0.435651
2.138757
0.003724
0.002052
0.341392
0.088526
0.019967
0.073385
1.577072
1.220009
0.052053
0.268884
0.007435
0.009489
0.010486
0.110844
0.053108
0.522343
0.069793
0.349410
0.093111
0.010149
0.823466
0.028451
0.005667
0.092478
0.016281
0.258638
0.010808
0.162065
1.043755
0.032588
0.009355
0.020034
0.202033
0.020967
0.209494
0.490596
1.392390
0.078354
0.201542
0.157261
0.071156
0.027153
0.219122
0.001379
0.103615
0.106236
0.087151
0.155041
0.103295
0.312336
0.001167
0.003854
0.332592
0.049408
0.195761
0.873682
0.219531
0.022821
0.005585
0.062121
0.004059
0.000896
0.058244
0.017124
0.009470
0.087925
0.006598
0.188500
0.362481
0.120525
0.006785
0.005968
0.100413
0.010331
0.285297
3.658917
0.003277
19.195599
0.009112
0.031150
0.004848
2.784474
0.020671
0.012430
0.309213
0.021094
0.106197
0.014453
0.004128
0.132980
0.104387
0.001918
0.060849
0.019611
0.001026
0.065932
0.011769
0.000979
1.309175
0.018052
0.298094
0.187255
0.681064
0.019470
0.089693
0.009941
0.074816
0.040014
0.171742
0.011768
0.100646
0.003008
0.125632
0.034024
0.093013
0.033495
0.057195
0.003243
0.001978
0.005782
0.825005
0.027053
0.024991
0.561959
0.006151
0.068090
0.046653
0.083864
0.053491
0.021123
0.001610
0.604205
0.009461
0.067757
0.001462
0.000759
0.039899
0.026166
0.002985
0.258313
0.041285
0.017241
0.126931
0.002846
0.339303
0.150936
0.025798
0.003857
0.061331
0.010242
0.017674
0.104045
0.929119
0.003559
0.007115
0.010615
0.083392
0.258136
0.331309
0.368499
0.017586
0.014829
0.095493
0.007524
0.008266
0.071841
0.043006
0.034621
0.013719
0.034617
0.133637
0.023476
0.010842
0.112793
0.018523
0.031953
0.125002
0.025217
0.000842
0.011569
0.823217
0.128738
0.078338
0.075351
0.047603
0.002431
2.804025
0.009303
0.004731
0.024499
0.001588
0.091213
0.208815
0.044696
0.233393
0.512930
0.008447
0.066088
0.046915
0.069440
0.004576
0.110330
0.555137
0.014146
0.030577
0.117381
0.033568
0.010843
0.062322
0.043386
0.242429
0.002587
0.004471
0.047993
0.077736
0.009301
0.025371
0.014065
0.022818
0.329168
0.017917
0.026415
0.007113
0.137204
0.004031
0.094836
0.660514
4.016603
0.320227
0.354371
0.016285
0.047324
0.001500
0.360880
0.001076
0.005658
0.165625
0.074295
0.775743
0.001664
0.002296
0.007353
0.005322
3.008966
0.154791
0.028541
0.040974
0.934377
0.003798
0.033391
0.720708
0.143239
0.071163
0.010555
0.000431
0.003692
0.012799
0.008273
0.084686
0.108816
0.067678
0.014459
0.917609
0.105031
0.019012
0.031700
0.006216
0.502899
0.157212
0.380989
0.016150
0.004729
0.002576
0.182948
0.002367
0.005140
0.003618
0.136178
0.012388
0.000453
0.001977
0.284014
0.002467
0.438957
1.546673
0.403698
0.107215
0.034362
0.020420
0.911894
0.260933
0.050273
0.009793
0.007972
0.000183
0.984723
0.197781
0.005243
0.006047
0.062543
0.122795
1.243857
0.002344
0.000821
0.025428
0.044244
0.002227
0.090571
0.219713
1.335740
0.135301
0.769163
0.065146
0.011652
0.078153
0.001726
0.260545
0.130807
0.002509
0.000861
0.087722
0.099996
0.049062
0.233566
0.004442
0.031464
0.060147
0.438965
2.347971
0.087146
0.055703
0.123940
0.075399
1.175163
0.030943
0.078398
0.486356
0.007189
0.085729
0.544297
0.082057
0.238099
0.527668
0.039384
0.330614
9.037629
0.252388
0.011772
0.009522
0.177087
0.177270
0.164965
0.002180
0.001122
0.099337
0.105042
0.004014
0.246271
0.284374
0.004544
0.279028
0.023504
0.236087
0.288473
0.106610
0.257610
0.016649
0.014060
0.019453
0.002454
0.125871
0.007037
1.847292
0.010838
0.626972
1.556604
0.037243
0.014793
2.487625
0.039389
0.055395
0.025283
0.002372
0.016052
0.011116
0.157673
0.045518
0.006395
0.006513
0.161241
0.119054
0.137832
0.004014
0.026287
0.418769
0.072788
0.108662
0.318123
0.009188
0.311392
0.000410
0.002289
0.308486
0.061558
0.003484
0.149216
0.049228
0.937354
0.035663
0.401890
0.308741
0.277408
0.133399
0.008526
0.089446
0.017376
0.034453
0.191658
0.056858
0.006494
0.020672
0.013340
0.067894
0.001783
0.059225
0.242060
0.003205
1.000927
0.012494
0.090168
0.169333
0.002800
0.062878
0.237083
0.039682
0.107921
0.061616
0.009793
0.118892
0.004470
0.007940
0.072248
0.002340
0.010964
0.056038
0.339768
0.196246
0.095860
0.010653
0.141049
0.024376
0.014915
0.068076
0.020862
0.022823
0.007570
0.006718
2.536599
0.012173
0.015673
0.148021
0.019141
0.617395
0.067247
0.089355
8.200615
0.086270
0.007259
0.001258
0.130166
0.004868
0.082527
0.002186
0.241100
0.694524
0.053421
0.239694
0.058761
0.157787
6.695962
0.216410
0.446919
0.025968
0.125871
0.009036
0.013319
1.030209
0.106289
0.001634
0.174031
0.140391
0.000821
0.082477
0.791697
0.088265
0.013942
0.107490
1.341678
0.134374
0.006782
0.009563
0.006495
0.120637
0.555648
0.110371
0.345820
0.003711
0.014008
0.005510
0.242202
0.066176
0.048686
0.033740
0.043864
0.003534
0.188471
0.061005
1.983086
0.282865
0.005315
3.434048
0.000928
0.334736
0.048641
0.546239
0.088859
0.145861
0.037099
0.019274
0.050804
0.167122
0.011270
0.249933
2.738212
0.072000
0.548732
0.066987
0.021541
0.002570
0.044381
0.001524
0.037224
0.025488
0.135493
0.097242
0.035325
0.051321
1.022114
0.028178
0.211862
0.098821
0.187811
1.454409
0.017666
0.021036
0.009395
0.200937
0.006528
0.025321
0.174799
0.017032
0.121952
0.063485
0.217843
1.093619
0.021281
0.105158
0.054610
0.018170
0.041156
0.004698
0.012375
0.028494
0.001678
0.049615
0.101590
0.001856
0.014789
0.042449
0.070665
0.026867
0.243484
0.297382
0.153552
0.253585
0.045502
0.022260
0.070368
1.063291
0.001893
0.039929
0.225336
0.236645
0.006982
0.322874
0.237802
0.019404
0.171382
0.012578
0.028231
0.006243
0.190846
0.051264
0.091441
0.214613
0.011522
0.028792
0.222219
0.010025
0.004751
0.000632
0.025003
0.040171
0.070128
0.058338
0.153126
0.022483
0.027144
0.016063
0.012981
0.245572
0.000248
0.033706
0.055125
0.041945
0.133412
0.046064
0.659213
0.074488
0.029202
0.059949
0.033896
0.232666
0.002093
0.048767
0.015648
0.016289
0.001489
0.020666
0.167243
0.074298
0.974693
0.003769
0.039785
0.026215
0.031626
0.418655
0.160390
0.019733
0.022129
2.152373
0.019173
0.011512
0.006574
0.004983
0.063829
0.403420
0.014781
0.028372
0.003742
0.145348
0.923096
0.003964
0.155062
0.029971
0.076119
0.061564
0.122366
0.014305
0.007064
1.019952
3.856419
0.292124
0.045635
0.093918
0.109900
0.068615
0.132752
0.052126
0.043716
0.014078
0.142378
0.292741
1.123651
0.007036
0.319660
0.247864
1.148116
0.051287
0.015459
0.001788
0.264783
0.053069
0.007433
0.171516
0.279195
0.072539
0.025310
0.007341
0.006992
0.029373
0.016648
0.045468
0.082419
0.002068
0.012772
0.044428
0.006647
0.032675
0.199250
0.252922
0.064288
0.011696
0.654635
0.106866
0.211089
0.026961
0.020822
0.021217
0.013673
0.297797
0.359792
0.274490
0.023595
0.182906
0.705742
0.022507
0.074341
0.165767
4.020388
0.042806
0.068808
0.044677
0.013415
0.468072
4.656885
0.005350
0.014893
0.022708
0.012384
0.256508
0.009054
0.002716
0.092848
0.107204
0.138748
0.038629
2.593921
0.089350
0.146760
0.197874
0.103713
0.041819
0.091408
0.160839
0.080641
0.017401
0.044318
0.018233
0.025269
0.248307
0.007420
0.037748
0.029455
0.239587
0.880930
0.001058
0.075711
0.024637
0.140182
0.303440
0.009737
0.052724
0.009437
0.043089
0.000618
0.008424
0.241671
0.234349
0.001182
0.008222
0.061166
0.000478
0.018750
0.146058
0.141163
0.087477
0.721445
0.673494
0.153560
0.148776
0.026149
0.003179
0.011899
0.128074
0.332840
0.010644
0.006033
0.061301
0.003385
0.243243
0.014069
0.006922
0.027549
0.086844
0.034580
0.040187
0.239249
0.038348
0.833697
0.038697
0.070409
0.161358
1.064716
0.032881
0.046807
0.007074
0.180549
0.007670
0.001656
0.046994
0.061673
0.606564
0.075856
0.344279
0.171753
0.280326
0.001427
0.331880
0.004352
0.002491
0.013647
0.028979
0.003588
0.097475
0.410926
0.179663
0.032460
0.364044
0.177724
0.078584
0.335687
0.069299
0.018295
0.932295
0.095200
0.088589
0.183152
0.018277
0.047597
0.631498
0.154608
0.063699
0.021783
0.033924
0.020845
0.009981
0.380254
0.179716
0.019068
0.196290
0.034607
0.015927
0.081358
0.057536
2.585286
0.221811
0.026601
0.036741
0.024109
0.003186
0.096286
0.182156
0.454205
0.065831
0.001015
0.013274
0.005576
0.614191
0.022922
0.003226
0.022044
0.190973
0.039489
0.009798
0.058056
0.005473
0.043432
0.204966
0.042883
0.060001
0.125926
0.182076
0.002749
0.005552
0.412542
0.004639
0.011039
0.016779
0.125904
0.014235
0.627929
0.015932
0.164136
0.062471
0.037242
0.035571
0.044837
0.066653
0.069700
0.041787
0.398711
0.190190
0.007030
0.000500
0.228554
0.001223
1.136718
0.003250
0.045250
0.092874
0.009164
0.090221
1.913378
1.791870
0.252332
0.004391
0.856811
0.049922
0.551282
0.002885
0.003429
0.000741
0.018583
0.234399
0.658671
0.075074
0.009692
0.448215
0.657723
0.029963
0.213003
0.239520
0.020333
0.016513
1.396944
0.008652
2.833613
0.025044
0.083346
0.495439
0.022665
0.088373
0.017952
0.339757
0.027068
0.004991
0.041114
0.033726
0.079094
0.578395
0.002942
0.346539
0.094369
0.050617
0.023448
0.213810
0.526510
0.028805
0.010144
0.008093
0.008334
0.953628
0.064982
0.029772
0.539887
0.124516
0.369395
0.006454
0.177407
0.101788
0.782974
0.203370
0.308320
0.070731
0.496783
0.175110
0.317398
0.044339
0.041218
0.015210
0.098819
0.097119
0.000481
3.146585
1.886076
0.085715
0.041142
0.155327
0.000281
0.013987
1.249269
0.029595
0.024582
0.236994
0.182902
0.091696
0.018454
0.799904
0.048194
0.122981
0.367809
0.075205
0.529204
0.069668
0.436529
0.003387
0.327642
0.005892
0.005820
1.605741
0.004724
0.029880
0.031491
0.012174
0.913500
0.007188
0.217223
0.084026
1.484669
0.379264
0.129140
0.679631
0.005541
0.013752
0.036177
0.019029
0.066216
0.007038
0.154004
0.035163
0.001177
0.025283
0.121102
0.069390
0.033368
0.142241
0.146480
0.187722
0.007198
0.017694
0.613172
0.019786
0.428752
0.045642
0.142874
0.005821
0.001821
0.205436
0.027288
0.090251
0.038892
0.113260
1.782673
0.011093
0.127290
0.813883
4.360347
0.457762
0.053200
0.051430
0.004173
0.002553
0.023709
0.005807
0.018473
0.029667
0.002527
1.141844
0.289768
0.173891
0.005854
0.006082
0.016034
0.223855
0.077169
0.084228
0.019764
0.003288
0.485821
0.032721
0.146212
0.042086
0.024845
0.006682
0.078066
0.066747
0.022674
0.048459
0.162964
0.128145
0.221563
0.004498
0.012438
1.223872
0.006910
0.229424
0.117477
0.001482
0.235552
0.001480
0.115879
0.118306
0.007883
0.564298
0.006790
0.008486
0.024171
0.031038
1.189716
0.026034
0.016651
0.184367
0.485087
0.338886
0.007660
0.102446
0.032758
0.049156
0.002701
0.506467
0.040478
0.019175
0.834912
0.010460
0.050043
0.007694
0.032094
0.034574
0.064613
0.814871
0.018589
0.037389
12.805744
0.180140
0.001463
0.051749
0.278267
0.080622
0.213821
0.014093
4.921777
0.226452
0.342598
0.020978
0.010668
0.009950
0.004175
0.049301
0.051989
0.013753
1.124108
0.199541
0.011150
0.004838
0.006561
0.060105
0.241493
0.032095
0.167851
0.011247
0.023195
0.566847
2.326757
0.019457
0.110361
0.001704
0.198245
0.033772
0.001543
0.206909
0.210596
0.111726
0.427222
0.021254
0.010693
0.021475
0.323924
0.072089
0.025825
0.108752
0.008943
0.007911
0.667775
0.060453
0.026880
1.351631
0.508248
0.044104
1.137095
0.001440
0.004438
0.140068
0.009299
3.004417
0.003985
0.097019
0.085880
0.010720
0.251818
0.011154
0.003321
0.157738
0.004147
0.206125
0.012633
0.027970
0.299111
0.436346
0.035536
0.055228
0.047481
0.374975
0.257526
0.060978
0.009830
2.216790
0.000704
0.077267
0.004606
0.084580
0.083886
0.129480
0.107635
0.370754
0.409796
0.063697
0.089131
0.018582
1.351227
0.058684
0.072254
0.108312
0.026140
0.058608
0.087206
0.001253
0.008568
0.025188
0.162643
0.024521
0.005693
0.028093
0.008254
0.007546
0.017944
0.057487
0.006336
0.126862
0.027478
0.014566
2.211438
0.012597
0.011577
0.137768
0.000646
0.071946
0.003291
0.030736
0.018266
0.030856
0.003743
0.010069
0.001976
0.000305
0.548224
0.007461
0.047041
0.024496
0.018540
0.279692
3.352310
0.023508
0.004128
0.219557
0.020852
0.019481
0.471134
0.027595
0.537756
0.201136
0.029757
0.004083
0.056173
3.887580
0.068882
0.054407
0.286741
0.003940
0.000427
0.553511
0.027496
0.035510
0.093034
0.066009
0.218745
0.003341
0.166121
0.612417
0.343613
0.024368
0.016593
0.188922
0.007350
0.003319
0.035256
0.009391
0.160708
0.174462
0.240841
0.225251
0.050029
0.015915
0.045405
0.916013
0.098933
1.060040
0.060256
0.414452
0.041378
0.002856
0.025422
0.061468
0.001808
0.018573
0.038924
0.001077
0.293181
0.011039
0.055706
0.004628
0.334763
0.014885
0.030092
0.149111
0.077132
0.727654
0.004345
0.107128
0.010884
0.049628
0.061261
0.037577
1.269459
0.008671
0.035222
0.603596
0.728573
1.263560
0.139613
0.003652
0.899854
0.052788
0.003612
0.053405
0.191297
0.027099
0.002545
0.078867
0.528751
0.064610
13.503408
0.121153
2.580054
0.079713
0.038383
0.915865
0.071975
0.503902
0.009634
0.323038
0.003059
0.049576
0.018759
0.087058
0.018450
0.022137
0.112023
0.099055
0.210659
0.004897
0.090261
0.023589
0.101800
0.022854
0.009602
0.001466
5.244247
0.039366
0.071665
0.103130
0.001488
0.008890
0.002728
0.024242
0.169757
1.353961
0.521135
0.008322
0.033369
0.140412
0.139782
4.582267
0.010772
0.025027
0.079127
0.008642
0.025799
0.013299
0.017696
0.003163
1.039360
0.026835
0.253946
0.006045
0.021012
0.090784
0.117768
0.016336
0.090384
0.012792
0.001445
0.018342
0.041093
0.082681
0.094704
0.003680
0.005860
1.463109
0.061434
0.889123
0.234719
0.005816
0.059000
0.282595
0.059277
0.018433
0.040957
0.020235
0.016506
0.030730
0.161832
0.193357
0.033029
0.824484
0.009573
0.039186
0.689087
0.016026
0.008384
0.004780
0.006523
0.869261
0.035445
0.550967
0.070541
0.735761
0.133679
0.304843
0.001758
1.308762
0.002648
0.006772
0.020166
0.248819
0.110946
1.596729
0.023911
0.043252
0.144853
0.232422
0.007968
0.039210
1.995593
0.119476
0.026676
0.101865
0.290397
0.007716
0.028842
0.058690
0.160827
0.000575
0.161395
0.009278
0.030841
0.043857
0.039157
0.061307
0.305528
0.547657
1.070402
0.006970
0.001210
0.376953
0.003297
0.013609
0.070809
0.005137
0.115708
0.023117
0.160360
0.048485
0.109853
0.002396
0.004108
0.179044
0.009983
0.000702
0.163686
4.398867
0.002459
0.055609
0.287734
0.096164
0.036016
0.003246
0.156519
0.021701
0.002603
0.040803
0.007032
0.094284
0.120378
0.106204
0.003712
0.438140
0.024184
0.047817
0.386429
0.008468
0.015817
0.004780
0.014496
0.051745
0.007002
0.010550
0.020401
0.595373
0.011625
0.061778
0.945728
0.008405
0.132845
0.001565
0.162539
0.004100
0.003954
0.065206
0.020410
0.245382
0.322759
0.148072
0.039106
0.356377
0.096294
0.006804
0.054842
0.003648
0.473402
0.003211
0.309049
0.497836
0.023299
0.034910
0.071646
0.025650
0.072690
0.037880
0.261457
0.002005
0.021131
0.064938
0.192238
0.142388
0.644364
0.000686
0.569929
0.356687
0.086108
0.028313
0.001621
0.375622
1.814459
0.001611
0.015014
0.075857
0.124689
0.004968
0.044421
0.020641
0.004581
0.027641
0.005925
0.027096
0.010326
0.429360
0.401796
1.063539
0.065054
0.048085
0.033800
0.046562
1.176847
0.008031
0.018224
0.025089
0.097455
0.002437
0.013336
0.298583
0.018160
0.375176
0.419134
0.003090
0.160389
0.307298
0.040529
0.074296
0.112861
0.010822
0.139486
0.104739
0.104399
1.494303
0.038611
0.029341
0.381304
0.006307
0.031136
0.107928
0.165481
0.335976
0.057382
0.049900
0.174175
0.011264
0.081847
0.036684
0.042463
0.012569
0.120630
0.012938
0.452477
0.042719
0.050992
0.024184
0.031454
0.672981
0.160368
0.010696
0.005935
0.010612
0.031147
0.048936
0.000594
0.042177
0.141444
0.009836
0.214971
0.360265
0.061378
0.023433
0.029047
0.054465
0.111180
0.013248
0.027515
0.301556
0.633001
0.516639
0.006823
2.113856
0.102984
0.485073
0.409884
0.051773
0.605506
0.016944
0.124043
0.772826
0.035818
0.019534
0.041667
0.002105
0.029471
0.004426
0.311276
0.014789
0.203324
0.015151
0.041570
0.069124
0.034496
0.035516
0.000135
0.063158
0.053040
0.004428
0.564116
0.004437
0.016596
0.008719
0.002489
0.102840
0.004037
0.127952
0.092293
0.097936
0.046968
0.082065
0.006554
0.006462
0.011691
0.014679
0.144127
0.031301
0.120427
0.108347
0.006446
0.011432
1.688874
0.016679
0.136768
0.002143
0.734313
0.255115
0.025195
0.003978
0.005796
0.015888
0.305598
0.751760
0.045977
2.933263
1.604015
1.039549
0.164680
0.467624
0.004482
0.060111
0.006633
0.065119
0.053927
0.569001
0.227957
0.072305
0.001397
0.061312
0.099726
0.023526
0.166837
0.002022
0.067877
0.229876
0.022044
0.143461
0.102508
0.016182
0.087665
0.051585
0.021211
0.003634
0.111865
0.001358
0.016195
0.003319
2.255075
0.014517
0.004351
0.002269
0.008370
0.026016
0.579959
0.020845
0.251441
0.153377
0.008360
0.014702
0.019822
0.008105
0.092934
0.168089
0.063128
0.011673
0.703660
0.021945
0.002701
0.080734
0.058507
0.024063
0.039302
0.003209
0.003269
0.450274
0.004852
0.060049
0.048745
0.011270
0.386472
0.024833
0.047724
0.287015
0.033915
0.030244
0.054065
0.270528
0.131656
0.020580
3.368893
0.008023
0.019854
0.020748
0.324399
0.059786
0.014675
0.442987
0.146033
0.155666
0.214863
0.065574
0.341125
0.007472
0.006067
0.004754
0.074693
0.001025
0.067806
0.027402
0.082777
0.002657
0.235012
0.461477
0.005315
0.046487
0.167496
0.070469
0.486268
0.021229
0.031238
0.111480
0.234683
0.065349
0.179614
0.011092
0.032540
0.022442
0.019354
0.140197
0.072061
0.004266
0.007609
0.513416
0.004308
0.002630
0.068292
0.363722
0.094878
0.001989
0.001259
0.157241
0.270526
0.175758
0.054578
0.080589
0.046402
0.090851
0.000431
0.065889
0.032748
0.128240
0.062400
0.029854
0.004358
0.082738
0.011846
0.027772
10.541891
0.078300
0.008341
0.075147
0.016178
0.022229
0.224080
0.015718
0.014534
0.018063
0.011332
0.062833
0.079844
0.011081
0.013606
0.042278
0.045478
0.114326
0.009474
0.013730
0.119054
0.022371
0.036059
0.219461
0.039417
0.068479
0.134581
0.009266
0.262647
0.022917
0.000819
2.707254
0.050314
0.013421
0.001997
0.997483
0.016277
0.038341
0.207118
0.000691
0.109622
0.382223
0.073419
0.017717
1.737624
0.013154
3.509647
0.042149
0.764439
0.415975
0.008915
0.006313
0.037282
0.037298
0.021251
0.121475
0.020657
0.049953
0.404675
0.012817
0.052100
0.015445
0.036639
0.007635
0.027268
0.516481
0.021439
0.022789
0.283803
0.003532
0.048682
1.252443
0.004010
0.186373
0.042371
0.530456
0.039020
1.130390
0.001048
0.035921
0.121871
0.000413
0.230725
0.005334
0.056338
0.000964
0.076565
0.201422
1.606369
0.023061
0.225593
2.142216
0.415534
0.131540
0.005557
0.114055
0.022625
0.082907
0.030098
0.082683
0.052263
0.075002
0.345774
0.561269
0.023735
0.021710
0.009422
0.003928
0.009063
0.006920
0.021043
0.002303
0.423770
0.052096
0.114246
0.105786
0.006403
0.012013
0.000825
0.013297
0.187812
0.028171
0.051366
1.042520
0.376372
0.080929
0.011511
0.034716
0.001576
0.001146
0.175315
0.054623
0.203190
0.559552
0.029022
0.011557
3.832375
0.414307
0.033625
0.594316
0.012319
0.056958
0.004255
0.001582
0.188781
0.793121
0.004185
0.030055
0.063546
0.009389
2.939237
0.023398
0.004214
0.069649
0.337744
0.250732
0.166855
0.014414
0.607268
0.149118
0.010000
0.024634
0.316367
0.028958
0.003653
0.020792
0.123477
0.108746
0.574365
0.217031
0.005092
0.026164
0.008750
0.276976
0.020031
0.946623
0.007248
0.009964
0.207267
0.011252
0.232472
0.108505
1.525797
0.126695
0.021488
0.005932
0.028245
0.018944
0.417456
0.095914
0.408696
0.004064
0.239043
0.473458
0.005519
0.001152
0.020116
0.298119
0.341779
0.055950
0.359826
0.001265
0.005973
0.060353
0.045377
0.119444
0.080542
0.025556
0.013453
0.225893
0.098512
0.051593
1.126021
0.039183
0.253199
0.490340
0.006505
0.035775
0.031689
0.091041
0.002535
0.043026
0.072130
0.003286
0.290142
0.124574
0.771700
0.022146
0.001646
0.431983
0.152513
0.019459
0.004334
0.148762
1.015231
0.001032
0.069546
0.003227
0.043307
0.520135
0.021815
0.173514
0.096725
0.118556
0.150428
0.101685
0.006731
0.112050
0.002154
0.138814
0.053430
0.001209
0.077974
0.012136
0.017173
0.011092
0.001978
0.339256
0.221569
0.160216
0.244041
0.000938
0.049089
0.422289
0.168039
0.008190
0.012829
0.510990
0.452457
0.063201
0.256038
0.012011
0.065235
0.022752
0.009704
0.583975
0.003859
0.015452
0.031514
0.008246
0.002263
0.068396
0.063501
0.000918
0.211721
0.171938
0.198137
0.352241
0.007760
0.076043
0.313637
0.026944
0.190739
0.061247
0.160595
0.059162
0.012663
0.037016
0.007530
0.046048
0.001144
1.073569
0.034516
0.064373
0.003835
0.012897
0.020334
0.304932
0.307635
0.045755
0.285308
0.038925
0.010240
2.324073
0.003636
2.864569
0.007342
0.028875
0.003474
0.108773
0.008845
0.022876
0.025563
0.003413
0.081327
0.019298
0.066137
2.430193
0.159471
0.005975
0.435425
0.000934
0.008524
1.637742
0.004323
0.228729
0.006611
0.011005
0.043830
0.118270
0.041316
0.421786
1.004176
0.114938
0.276911
0.011052
0.110463
0.005540
1.158260
0.008871
0.030765
0.026934
0.219495
0.046022
0.027673
0.109023
0.416737
0.015489
0.020612
0.001399
0.023950
0.096343
0.396993
2.920999
0.148642
0.506600
0.014277
0.009982
0.079482
0.002787
0.119715
0.033921
0.152324
0.034268
0.002654
0.151062
0.009981
0.057490
0.016057
0.002677
0.019956
0.435989
0.010302
0.001853
0.004159
0.103864
0.014320
0.211701
0.100118
0.247404
0.014311
0.000539
0.094298
0.052208
0.130616
0.011685
1.969505
0.081127
0.022649
0.205134
0.138659
0.030455
0.292684
0.002468
0.714395
0.391088
0.091880
0.009224
0.296768
0.003784
0.038313
0.391199
0.006611
0.001741
0.068190
0.030379
0.013755
0.395010
1.014582
0.010339
0.218204
0.004622
0.031038
0.051208
0.064869
0.047174
0.050436
0.078163
0.061510
0.049193
0.022541
0.075124
0.035284
0.009481
0.002369
0.086883
0.181247
0.363563
0.413629
0.035496
0.033972
0.025878
0.040086
0.075275
0.032327
0.036090
0.007988
0.061489
0.076391
0.013977
0.071378
0.062440
0.927216
0.002649
0.000554
0.379804
0.043582
0.168401
0.118794
0.155109
0.039630
0.170620
0.200522
1.385090
1.029457
0.114073
0.337962
0.026134
0.001010
0.503626
0.065144
0.104124
0.014033
0.001921
0.001411
2.031599
0.016709
0.095551
0.006227
0.017051
0.215175
1.789652
0.494510
1.533280
0.028554
0.027785
0.008393
0.068563
0.021045
0.025307
0.110671
0.004622
0.048985
0.052104
0.042480
0.118682
0.194286
0.013591
0.078968
0.004577
0.062934
0.020710
0.042067
0.015961
0.449752
0.102941
0.011602
0.104575
0.204932
0.328034
0.011238
0.159609
0.040621
0.009174
0.143784
0.007940
0.255645
0.289387
0.503545
0.027709
0.121329
0.262765
0.002873
0.041011
0.019948
0.001749
0.085214
0.006623
0.022203
1.983503
0.015009
0.784176
0.134919
0.059323
0.455826
0.614511
0.064384
0.030455
0.128013
0.076539
0.242812
0.056537
0.030875
0.003837
0.015084
0.024189
0.099372
0.362077
0.158337
0.001790
0.044168
0.562933
0.010139
0.670241
0.002630
0.021751
0.015090
0.012396
0.021421
4.943276
0.021270
0.091722
0.002183
4.566267
0.324071
4.099170
3.241792
0.072021
0.839551
0.108254
0.152070
0.323866
0.476108
0.794269
1.261715
0.019944
0.051451
0.020899
0.014988
0.066490
0.055821
0.116879
0.013363
0.090574
0.078194
0.033746
0.565149
0.023184
0.069780
0.038308
0.016244
0.035067
0.021147
0.020799
0.007280
0.728911
0.761925
0.695334
0.040083
0.339053
0.014918
0.067794
0.006623
0.033971
0.007109
0.717768
0.387020
0.015037
0.045387
0.020427
0.182088
0.005046
0.006034
0.013252
0.137949
0.085595
0.002081
0.024898
2.744419
0.030184
2.543728
0.158241
0.001585
0.002749
0.010280
0.003304
0.034120
0.253498
0.901790
0.055309
0.005617
0.027478
1.591106
0.931755
0.958475
0.004919
0.019879
0.594933
0.097236
0.154751
0.086198
2.097124
0.003120
0.055983
0.016794
0.046202
0.105647
0.122182
0.025007
0.016266
0.466223
0.153965
0.011307
0.825391
0.540394
0.060923
1.014166
0.006034
0.012842
0.043351
0.048658
0.620922
0.039479
0.005653
0.004700
0.103177
0.258997
0.010571
0.028677
0.114213
0.128214
0.213567
0.019988
0.019924
0.021481
0.004605
0.014407
0.024044
0.011927
0.128706
0.060335
0.635137
0.005164
0.056642
0.066266
0.069915
0.201762
0.035328
0.147896
0.045457
0.013741
0.054010
0.196219
0.140838
0.318367
0.056159
0.077832
0.018947
0.010024
1.030275
0.115999
0.383225
0.292948
0.185204
0.039151
0.236048
2.110689
0.007906
0.008382
0.030059
0.226828
0.079020
0.000640
0.117256
0.279164
0.005208
0.088600
0.005349
0.007643
0.015131
0.083808
0.001915
0.099528
0.000642
0.002423
0.020624
0.002707
0.053415
0.024833
0.020102
0.043195
0.013051
0.020098
0.002675
0.008867
0.450412
0.050901
0.169085
0.142873
0.415010
0.193188
0.099748
0.108369
0.007450
0.119022
0.230427
0.027652
0.011899
0.032571
0.143074
0.491912
0.002724
0.058085
0.019974
0.394164
0.554401
0.025231
0.011943
0.198854
0.088104
0.359920
0.038383
1.324117
0.687758
0.275570
0.157870
2.363390
0.034052
0.081149
0.033200
0.157688
0.188168
0.000904
0.020372
0.930849
0.031959
1.491974
0.152886
0.066745
0.165648
0.006094
0.034363
0.184351
1.149390
0.005242
0.010453
0.003162
0.002914
1.460411
0.234083
0.021501
0.918786
0.054269
0.007295
0.001518
0.003140
0.014672
0.012245
0.012005
0.567512
0.007120
0.156023
0.000762
6.116240
0.022168
0.001537
2.990576
0.011700
0.069494
0.001829
0.000877
0.008100
0.134147
0.044035
0.843762
1.187776
0.010830
0.064469
0.397130
0.136935
6.297060
0.030084
0.127048
0.038162
0.892791
0.015466
0.001182
0.010495
0.004250
0.187293
0.011797
0.011955
0.496519
0.000250
0.020100
0.036719
0.018612
0.101755
0.051043
0.310170
0.018323
0.113540
0.404298
0.071186
0.607290
0.011918
0.019027
0.007381
0.008708
0.022506
0.055350
0.057744
0.006611
0.163383
0.006671
0.121146
0.009910
0.107783
0.009338
0.229210
0.018505
1.307935
0.032419
0.100236
0.000838
0.048670
0.008856
0.160401
0.025497
0.008465
0.088269
0.051609
0.284443
0.144246
0.019011
0.912767
0.087689
0.157176
0.006554
0.048745
0.032692
0.204055
0.012508
0.034393
1.802011
0.124754
0.026764
0.007550
0.000553
0.008989
0.827757
1.102362
0.010068
0.194006
1.060114
0.286481
0.049824
0.089578
0.001481
0.114465
0.015375
0.275438
0.059679
0.186226
0.174035
0.033179
0.052369
0.124807
0.073967
0.066066
0.017806
0.008155
0.005197
0.196107
0.045542
0.023508
0.246388
0.093684
0.082121
0.258888
0.017929
1.025274
0.041704
0.016226
0.001304
0.119843
0.019193
0.056751
0.035060
0.005764
0.018635
0.571171
0.123010
0.141655
0.130654
0.007807
0.055015
1.339646
0.047586
0.027853
0.277064
0.059984
0.006799
0.427307
0.164501
0.048052
0.198365
0.032478
0.575597
0.005399
0.005428
0.066684
0.002404
0.153558
0.026371
0.408710
0.213930
0.003290
0.006708
0.430018
0.093992
0.248629
3.860573
0.370726
0.145403
0.010789
0.019787
0.028610
0.037138
0.011042
0.032889
0.003009
0.191559
0.005363
0.003990
0.010468
0.210498
1.345027
0.023723
0.093198
0.012309
0.056239
0.060696
0.006273
0.009960
1.492674
0.087565
0.006444
0.071426
0.033932
0.542126
0.005368
0.059160
0.039461
0.004243
0.185919
0.091236
0.035728
0.093256
0.035387
0.106015
0.158531
0.311522
0.009396
0.019611
0.002892
0.021292
0.013100
3.488501
0.014707
0.296314
0.039912
0.218591
0.034808
0.084113
0.001850
0.008784
0.020156
0.184398
1.204332
0.075660
0.016726
0.049507
0.006954
0.752867
0.004972
0.411368
0.001113
0.211245
0.292815
0.023246
0.194076
0.665938
0.039618
0.003593
0.198594
0.011024
0.057068
0.063295
0.027542
0.011144
0.050240
0.005504
0.018049
0.284996
0.082432
0.050811
0.311664
0.018260
0.086232
0.009332
0.004015
0.025012
0.035358
0.009298
0.057108
0.012836
0.055488
0.225875
0.022490
0.327208
0.238820
0.039294
0.592927
0.606371
0.011564
0.189960
1.297788
0.064937
0.031464
0.225234
0.125977
0.009925
0.258701
0.075742
0.106046
0.076492
0.005017
0.031151
0.674594
0.004499
0.369054
0.053702
0.081228
0.647994
0.003479
0.036836
0.051848
0.007037
0.038256
0.048489
0.009798
0.008279
0.163256
0.211291
0.396706
0.005237
0.315807
0.083391
0.010959
0.004117
0.044859
0.012679
0.075437
6.666659
0.230759
0.011175
0.271718
0.040297
0.765112
0.091776
0.512890
0.266415
0.009355
0.005686
0.168352
0.147301
0.042012
0.103930
0.304385
0.055700
0.010373
0.121558
1.544277
1.150496
0.009184
0.174803
0.001478
0.162303
0.103630
0.013909
0.588628
1.521040
0.003369
0.472618
0.060464
0.026089
0.031297
0.011479
0.139653
0.825330
0.016579
0.026135
1.440670
1.673616
0.012043
0.000716
0.025598
0.192366
0.833271
0.078009
0.004558
0.017125
0.067221
0.013711
0.379537
0.730561
0.001142
0.011141
0.039493
0.010823
0.005999
0.012457
0.314444
0.066343
0.464693
0.052999
0.032344
0.020900
0.063103
0.002019
0.311345
0.157972
0.004136
0.058420
0.062503
0.039574
0.071927
0.007570
0.007605
0.128723
0.116712
0.012787
0.022479
0.001091
0.369400
0.022815
0.055571
0.002185
0.035746
0.002781
0.049178
0.336607
0.024541
0.009845
0.004738
0.110405
0.067100
0.002949
0.306041
0.024569
0.170277
0.755700
0.252656
0.543846
0.046302
0.006120
0.033431
0.191090
0.101894
0.338117
2.275169
1.214183
0.004545
0.060849
0.045065
0.514715
0.018666
0.979462
0.001217
0.142038
0.039370
0.010624
0.001887
0.016793
0.067429
0.003069
0.019866
0.131501
0.017960
0.028073
0.002349
0.008217
0.168885
0.119389
0.161373
0.096564
0.013215
0.048204
0.003161
0.174662
0.018535
0.420429
0.084218
0.125104
2.844052
0.020231
0.062517
0.498434
0.001596
0.006973
0.297429
0.015456
0.273874
0.170485
0.012691
0.022133
0.221123
0.133258
0.074117
0.003961
0.014545
0.100993
0.021483
0.172292
0.002318
0.073089
0.003573
0.005401
0.039337
0.109865
0.094095
0.338392
0.118723
0.016636
0.055350
0.511319
1.109062
0.001748
1.749768
0.040007
0.002609
0.000762
0.064987
0.007530
0.137147
0.657162
0.017043
0.419418
0.063820
0.017528
0.068265
0.015887
0.003843
0.144356
0.004283
0.002303
0.005070
0.154485
0.170556
0.132394
0.022231
0.478092
0.164740
0.222665
0.017017
0.018742
0.053502
0.003783
0.010928
0.007748
0.081132
0.238874
0.006762
0.005850
0.608645
0.000912
0.380120
0.043453
0.012371
0.006071
0.167578
0.036171
0.136531
0.001567
0.033483
0.087997
0.018682
0.221967
0.043488
0.070598
0.023525
0.195582
0.164991
0.641575
0.061645
0.009595
0.004598
0.253747
0.005004
0.014104
0.039180
0.000693
0.001798
0.272488
0.042439
0.021303
0.008067
0.199847
0.107312
0.152336
0.571055
0.008961
0.282521
0.192705
0.535740
0.001931
0.024399
0.093452
0.322856
0.070969
0.005604
0.007514
0.012458
0.032549
0.030095
0.016000
0.338097
0.456431
0.241581
0.022314
0.007694
0.036196
0.051126
0.019594
0.041006
0.008964
0.274639
0.064430
0.498429
0.800493
0.033900
4.495178
0.029707
0.032468
0.112283
0.003422
0.374401
0.411863
0.054722
0.041686
0.111899
0.000795
0.069482
0.022130
0.059725
0.010766
0.006419
0.018893
0.019720
0.006837
0.187016
0.008885
0.136971
0.083020
0.037437
0.015407
0.012079
0.045338
0.482370
0.024040
0.018706
0.010165
0.033208
0.002073
0.017221
0.025382
0.189201
0.020793
0.058529
0.026044
0.013956
0.096136
0.040120
0.038368
0.005833
0.352948
0.003886
0.021003
0.014112
0.481917
0.191773
0.056366
0.005614
0.009618
0.178093
0.821097
0.010325
0.909286
0.063715
0.935084
0.899249
0.218066
0.031630
0.122887
0.256283
0.068111
0.519838
0.078478
0.009715
0.084489
0.007224
0.004923
0.067952
0.002630
0.217934
0.032260
0.039561
0.041994
0.006874
0.017561
0.014590
0.053909
0.007839
0.006844
0.008867
0.121720
0.717696
0.003969
0.214135
0.398205
0.079449
1.311295
0.065123
0.138222
0.087711
0.033700
0.050853
0.044203
0.886028
0.029547
0.718908
1.916026
0.055678
0.064135
0.004005
0.013975
0.002705
0.002739
0.769474
0.448729
0.009029
1.665581
0.180560
0.052935
6.542465
0.015610
0.342845
0.002650
0.237131
0.189305
0.021736
0.169589
0.003579
0.006168
0.004124
0.021133
0.069114
0.184262
0.123164
0.061940
0.030982
0.003963
0.009914
0.030114
0.301894
0.007836
0.002482
0.009752
0.005286
0.278107
0.330155
0.059738
0.041273
0.005097
0.091275
0.202073
0.003004
0.613140
1.741119
0.089843
0.000383
0.084122
0.206906
0.025317
0.000686
0.126930
0.142665
0.101485
0.051654
0.035485
0.105179
0.669850
24.647473
0.072351
0.025940
0.017995
0.076808
0.071495
0.125730
0.158102
0.032826
1.942322
0.002430
0.025885
0.006719
0.038532
0.230875
0.074057
0.151142
0.094629
0.479708
0.368208
6.095862
0.010404
0.026082
0.211912
0.061970
0.002040
0.024257
0.033281
0.019047
0.027583
0.005348
0.001520
0.115138
0.035478
0.032797
0.024307
0.032733
0.017790
0.059909
1.138753
0.038575
0.088042
0.023054
0.043767
0.004863
0.099092
0.083722
0.926328
0.011759
0.015373
0.084883
0.020039
0.113854
0.169156
0.086802
0.333341
0.008707
0.010796
0.233320
0.022003
0.226159
0.075934
0.008151
0.064641
0.022401
0.018669
0.031066
0.123658
0.088563
0.127724
0.011498
0.043950
0.084951
0.047433
0.092675
0.115354
0.007766
0.011928
0.025696
0.085185
0.730163
0.006281
0.016220
0.081823
0.135603
0.033272
0.344943
0.004805
0.044384
0.022667
0.337621
0.006992
0.008310
0.012819
0.030491
0.003708
0.060292
0.005832
0.027278
0.026039
0.020429
0.007271
0.073289
0.001937
0.024283
0.009117
0.048247
0.004618
0.027606
0.167201
0.027410
0.124919
0.004576
0.198883
0.020492
0.129007
0.199432
0.120872
0.021815
0.024016
0.013010
0.252548
0.007574
0.030798
0.749381
0.011900
0.097258
0.069992
0.129137
0.002194
0.124758
0.032411
0.497588
0.010372
0.003619
0.962052
0.039678
0.004619
0.280337
0.005673
0.078905
0.580804
0.402265
0.001292
0.012697
0.357347
0.135625
0.060535
1.744515
0.009360
0.001989
0.011593
0.003595
0.004709
0.917622
0.023080
0.045272
0.036577
0.045446
0.004743
0.024944
0.007976
0.022423
0.033586
0.064861
0.136492
0.125217
0.599046
0.116254
0.004458
0.014655
0.003190
0.009334
0.184028
0.174445
0.002215
0.016925
0.385544
0.420313
0.066236
0.019035
0.005011
0.223714
0.047006
0.010902
1.757724
3.113040
2.741504
0.013391
0.268930
0.370207
0.037339
0.022964
0.380284
0.013019
0.003202
0.091203
0.009635
0.089751
0.045580
0.014989
0.072548
0.163463
0.415431
0.058605
0.049208
0.032649
2.295061
0.027432
1.864867
0.080474
0.035909
0.079560
0.003764
0.042161
0.089168
1.121613
0.002084
0.005156
0.040536
0.041553
0.502807
0.040424
0.617654
0.017320
0.050260
0.009555
0.001004
0.057769
0.017914
0.055171
0.022625
0.220413
0.098192
0.020171
0.003231
0.004740
0.008707
0.031234
0.019758
0.022808
0.008282
0.089058
0.101483
0.032216
0.184010
0.002431
0.973089
0.138893
0.782238
0.115449
0.009369
0.742997
0.153909
0.007857
0.032558
0.142765
0.061786
0.434715
0.186509
0.010253
0.005403
0.015786
0.023887
0.006065
0.051749
0.156177
0.057371
0.106068
0.085486
0.010466
0.107702
0.026242
0.112043
0.008875
0.010059
0.008758
0.058166
0.001117
0.004418
0.002117
0.142162
0.138038
0.002008
0.007528
0.008885
0.001449
0.153602
0.008062
1.751473
0.366471
0.093377
0.048499
0.232181
0.094315
0.005143
0.009012
0.078363
0.104512
0.063444
0.001583
0.051951
0.049076
0.132202
0.034376
0.018775
0.007490
0.363157
0.112888
0.503595
0.006245
0.112125
0.075492
0.077347
0.183292
0.057055
0.003354
0.024688
0.545591
0.095057
0.084561
0.071151
0.015472
0.023756
0.107555
0.041570
2.909474
1.521507
0.096804
0.016729
0.034904
0.003783
0.400323
0.133600
0.018202
0.004454
0.223257
1.385161
0.029462
0.292558
0.090032
0.065263
0.027007
0.024857
0.291602
0.053963
0.004670
0.018737
0.008283
0.063486
0.001946
0.070924
0.013363
0.009165
0.036488
0.039043
0.018548
0.015982
0.433680
0.033325
0.029635
0.051189
0.206042
0.047340
0.015089
0.011281
0.038316
0.316105
0.098918
0.004347
0.035517
0.027741
0.214704
0.000762
0.487611
0.089171
0.010691
0.225962
0.109671
0.004672
0.374122
0.172109
0.015617
0.655960
0.049333
0.807288
0.003337
0.010528
0.274902
0.156001
0.091721
0.144486
0.102898
0.380469
0.574677
0.056577
0.229248
1.213803
0.022270
0.043569
0.052443
0.001302
0.003237
0.727572
0.377855
0.049570
0.004613
0.115025
0.125439
0.150487
0.037671
0.003551
0.264225
0.012918
0.032656
2.658404
0.033369
0.034456
0.012087
0.373492
0.018220
1.385656
0.085722
0.045290
0.003746
0.019988
0.028812
0.077195
0.015479
0.167340
0.044444
0.005087
1.220631
0.168460
0.005798
0.010411
0.004323
0.093513
0.042827
0.144790
0.024813
0.019326
0.023668
0.001234
0.089888
0.179062
0.102655
0.351275
0.143284
0.037375
0.370731
0.037563
0.001488
0.008316
0.368008
0.007485
0.405507
0.005164
0.015009
0.026829
4.014016
0.161620
0.007113
0.067643
0.052256
1.413151
0.066530
0.019538
2.641803
0.195206
0.218339
0.203077
0.060116
0.151103
0.044619
0.006047
0.095286
0.009140
1.187533
0.036000
0.000712
0.088421
0.027466
0.382699
0.166469
0.900045
0.001114
0.018792
1.225670
0.002136
0.034892
0.042227
0.002311
0.001804
0.605488
0.229232
0.824535
0.578856
0.202467
0.908201
0.004523
0.060822
0.045069
0.210421
0.061170
0.089708
0.007511
0.020734
0.007216
0.130559
0.003261
0.043819
0.023150
0.226952
0.085877
0.272786
0.028565
0.123153
0.156528
0.173799
0.043929
0.038943
3.383177
0.682006
0.447456
0.015272
0.015016
0.034252
0.018188
0.026132
0.021173
0.662868
0.336442
0.030931
0.038525
0.009768
0.067299
0.024267
0.473489
0.185819
0.020377
0.000228
0.424520
0.595420
0.192366
0.199489
0.003058
0.026380
0.310950
0.000367
0.107847
0.072404
0.023659
0.446695
0.085954
0.198385
0.026175
0.031041
0.039603
0.052873
0.002112
0.033386
0.005583
0.015425
0.075012
0.001688
0.611789
0.074245
0.019898
0.038484
2.333328
0.022791
0.222833
0.187441
0.051820
0.197868
0.084716
0.006700
0.187458
0.198883
0.285563
0.008359
0.244170
0.020642
0.307745
0.037084
0.052363
0.391025
0.012981
0.012331
0.006905
0.182195
0.058963
0.229450
0.066045
0.139572
0.017553
0.007850
0.051752
0.003727
0.013967
0.006601
0.016689
0.000544
0.000793
0.313709
0.002034
0.037752
0.034084
0.520130
0.020660
0.286472
0.108860
0.027851
0.049463
0.041236
0.107702
0.037730
0.007799
0.005405
0.030332
0.010813
0.209221
2.620831
0.071911
0.088641
0.040312
0.087420
0.037133
0.025837
0.285665
2.695361
0.039438
0.016948
0.009941
0.019003
0.035348
0.288007
0.643716
0.106775
0.022589
0.083724
0.151950
0.193105
2.905663
0.039855
0.003526
0.697561
0.090993
1.017671
0.014582
0.559282
0.008734
0.044725
0.119933
0.055931
0.010078
0.187893
0.009352
0.090478
0.013139
0.007303
0.077672
0.117374
0.053897
0.121437
0.018215
0.122802
0.002191
0.015692
0.007168
0.090706
0.023592
0.007640
0.011821
0.417346
0.517737
0.038925
0.073314
0.108333
0.187922
0.019024
0.016634
0.212739
0.959235
0.133036
0.050481
0.051391
0.677903
0.123886
0.132921
0.032282
0.004035
0.045959
0.114096
0.141473
0.012946
0.820643
0.020680
0.003233
0.007069
0.089340
0.103022
0.003787
0.004758
0.016704
0.058446
0.008698
0.039988
0.507345
0.000129
0.281969
0.349060
0.195448
0.298170
0.100689
0.177017
0.097624
0.035591
0.020537
0.001678
0.051452
0.011677
0.047094
0.491758
0.037703
0.002423
0.011742
0.008091
0.063057
0.010748
0.026233
0.075077
0.002379
0.076100
0.025919
0.003018
0.327165
0.021372
0.021185
0.041695
0.015152
0.225019
0.049855
0.003123
0.004746
0.019919
0.137934
0.096461
0.101202
1.303924
1.742940
0.109928
0.022828
0.002212
0.027590
0.117116
0.000681
0.024944
0.142621
0.054539
0.031839
0.044586
0.007769
1.215701
0.065643
0.010616
0.203334
0.020378
0.009123
0.016036
0.011936
0.014803
0.552684
0.172177
0.057353
0.212748
0.021965
0.034412
0.048251
0.011871
0.123132
0.025655
0.300311
0.020390
0.137217
0.067367
0.039682
0.004585
0.336340
0.358921
0.029005
0.141497
0.110787
0.688327
0.115704
0.411388
0.014981
0.020646
0.019304
0.745213
0.110202
0.018595
0.041840
0.063014
0.019479
2.689210
0.003555
0.173884
0.152101
0.014534
0.048788
0.096499
0.033515
0.119690
0.034838
0.519120
0.052879
0.004420
0.022265
0.022142
0.009852
0.001499
8.794947
0.078513
2.187423
0.103495
0.440000
0.055627
0.100386
0.110048
0.011632
0.003429
0.003939
0.065450
0.007198
9.190008
0.041924
0.330928
0.017984
4.694519
0.111773
0.517488
0.072956
0.025489
0.001585
0.203151
0.043390
0.002004
0.940318
0.041655
0.001256
0.159567
0.032241
0.010055
0.000402
0.098646
0.355817
0.006064
0.006126
1.018204
0.006074
0.322621
0.053817
0.006215
0.061092
0.211320
0.006134
0.355985
0.095873
0.037379
0.041252
0.021093
0.011905
0.189407
0.048301
0.003535
0.992627
0.018495
0.056729
0.011035
0.183265
0.030094
0.047809
0.216208
0.506530
0.098062
0.152873
0.689674
0.008272
0.100927
0.076557
0.082469
1.283229
0.011795
0.206501
0.024725
0.001074
0.047948
0.073887
0.005745
0.350106
0.178939
0.018233
0.017379
0.004689
0.010788
5.573103
0.169077
0.003245
0.144748
0.069912
0.033459
0.050520
0.009559
0.010886
2.007247
0.375333
0.013296
0.661962
0.039248
0.025205
0.010068
0.005918
0.012932
0.014804
0.007527
0.057803
0.153015
0.078410
0.001035
0.031202
0.070326
1.552139
0.062872
0.054640
0.012472
0.022275
0.094810
0.004186
0.060569
0.002322
0.004110
0.021039
0.155429
0.645976
0.047801
0.008484
0.336143
0.010533
1.162646
0.037898
0.052696
0.063236
0.654005
0.066468
0.000048
1.319511
0.018762
0.387707
0.070393
0.047341
0.004134
0.055272
0.328695
0.000850
0.374115
0.056586
0.022064
0.032017
0.427087
0.087894
0.055660
0.005535
0.054646
0.088840
0.198860
0.085012
0.078154
0.000543
0.132191
0.059571
0.028133
0.009957
1.513584
0.643834
0.302958
0.099016
0.036277
0.048032
0.005058
0.013882
0.021376
0.055580
0.016767
0.065575
0.148342
0.007006
0.005910
0.008978
0.210656
0.016158
0.248524
0.563605
1.401731
1.186159
0.024178
0.008305
0.007019
0.693288
0.192840
0.071712
0.025330
0.223729
0.541001
0.164805
0.004267
0.002927
0.005370
0.008836
0.436041
0.013862
0.001425
0.017264
0.005318
0.013332
0.033829
0.250749
0.003489
1.098778
0.378959
0.080033
0.039480
0.014275
2.287319
0.014456
0.360828
0.107558
0.145793
0.052214
0.012409
1.950070
0.044691
0.063375
0.090685
0.057379
0.119615
0.017736
0.044750
0.053590
0.013210
0.034068
0.001748
0.112009
0.230215
0.119512
0.013968
0.031940
0.011093
0.001249
0.099741
0.020858
0.012614
0.723121
0.008319
3.442932
0.011705
0.075041
0.002425
0.024441
0.013028
0.030616
0.207741
0.126380
0.076572
0.079161
0.032441
0.620116
0.006937
0.016476
0.002861
0.010835
0.088079
0.105439
0.117660
0.126627
0.016058
0.063335
0.001311
0.029826
0.084531
0.067206
0.020412
0.098895
0.009360
0.697192
0.065222
0.176666
0.554413
0.366920
0.062234
0.008926
1.283553
0.880428
0.002552
0.198622
0.004875
0.003706
0.010798
0.003842
0.119883
0.019835
0.202162
0.051251
0.040696
0.091318
0.070416
0.047171
0.258471
4.358005
0.290958
0.059898
0.004131
0.009806
0.154813
0.831841
0.000725
0.014127
0.068031
0.062172
0.009312
0.024998
0.036875
0.104263
1.454744
0.017733
0.033699
0.038462
0.009130
0.187227
0.355151
0.010780
1.606414
0.004280
0.125381
0.040283
0.033431
0.670344
0.197599
0.408143
0.004314
0.524816
0.365262
0.027507
0.001109
0.071559
0.003667
0.019032
0.161519
0.002816
0.051147
0.037212
0.570736
0.167808
1.021814
0.013902
0.016469
0.047560
1.535084
0.009621
0.271795
0.015763
0.009070
0.040600
0.026814
0.081740
0.028458
0.001836
0.005790
4.497993
0.159116
0.003340
0.366331
