490
1.916335
4
91
40
10
1
5047
0.535371
-0.485432
-0.258687
0.526404
0.114363
-0.461680
-0.046618
0.063181
-1.000000
-1.000000
-0.217169
0.307762
0.688539
0.167499
-0.050730
0.566527
-0.486100
0.499947
-0.807142
0.494013
0.943147
-0.078436
-0.513746
-0.949243
0.957874
-0.803802
-0.487125
-0.332206
1.000000
0.549423
0.145339
-0.132787
-0.372996
0.179495
-0.051958
-0.667952
-0.600102
0.653415
-0.653263
-0.665300
-0.453121
1.000000
0.124183
-0.119475
0.778609
-0.181766
-0.831494
-0.578853
0.440575
0.864880
-0.669786
-0.730101
-0.484284
0.615081
0.116435
0.454973
0.565415
1.000000
-0.068667
0.449512
0.563284
-0.750553
-1.000000
0.761127
0.518312
-0.251983
0.543953
0.152252
0.879129
-0.078738
0.305717
-0.553611
0.805989
0.542498
-0.337775
-0.069406
0.280012
0.578028
0.229259
0.240016
-0.965892
0.330576
-1.000000
0.272623
-0.375114
-0.686351
-0.124918
0.524998
-0.533820
-0.974336
-0.051854
-0.009782
0.222516
0.332620
0.001310
-0.007223
0.142660
0.040978
0.512540
-0.301515
0.555592
0.517015
-0.198713
0.191741
-0.542746
-0.447545
0.593963
-1.000000
-0.325513
0.330077
-0.172808
-0.703929
-0.363427
1.000000
0.030149
-0.066296
1.000000
0.017221
0.213843
1.000000
-0.602296
0.557625
-0.136553
-0.410037
-0.092641
0.018069
0.913251
0.525626
0.739633
0.617289
0.221865
-0.308951
-1.000000
-0.372754
0.449150
0.467132
0.673584
0.368865
-0.319519
0.280436
-1.000000
-0.227026
-0.911422
0.217926
0.370944
0.090874
-0.608486
0.611635
-0.834572
0.695242
0.509312
-0.369550
0.636094
0.130563
0.778730
-0.092633
0.366420
0.634478
-0.398486
-0.562379
-0.486117
-0.043435
0.099351
-0.740763
0.347919
0.792405
-0.252018
-0.775028
-0.104099
0.798446
-0.626884
-0.050804
-0.027818
0.150555
-0.610792
-1.000000
0.367282
-0.598930
0.706928
-0.308066
-0.916155
-0.205638
-0.459966
-1.000000
0.433810
-0.630641
0.346107
-1.000000
-0.367972
0.632786
-0.234345
0.973006
0.697261
0.814961
-0.901437
0.708944
1.000000
-0.882892
0.286793
0.847966
-0.393949
-0.324129
0.182771
-0.675062
0.143260
0.186071
0.542536
-0.965540
-0.247613
0.284199
-0.289850
-0.665364
-0.681427
0.302449
-0.547183
0.623318
-0.012978
0.912401
0.739464
0.476993
1.000000
0.817050
0.059259
-0.420049
1.000000
0.422905
0.741117
0.895247
0.075659
-0.190905
0.429585
-0.371991
-1.000000
-0.650282
0.037061
0.149704
0.709305
-0.880327
0.690928
0.135890
-0.905753
0.368684
0.526547
-0.244692
0.604515
0.754107
-1.000000
-0.800628
0.624382
-0.610905
0.082392
0.637549
0.163114
0.466328
1.000000
0.736737
0.337757
-0.415983
0.170639
-0.881867
1.000000
0.234804
0.410657
-0.847969
0.465145
0.114647
-0.243184
0.297800
1.000000
0.875183
0.218759
-0.570545
-0.199095
0.058502
0.928293
0.011713
0.450444
0.253924
0.997635
0.234195
0.136409
0.152910
-1.000000
-0.371328
-0.084764
1.000000
1.000000
0.682606
0.957945
-0.963969
0.124181
0.005152
0.740147
0.703352
1.000000
0.702185
-0.589075
0.941797
-0.906052
0.768817
-0.404316
1.000000
-0.478650
0.680966
-0.178586
0.727337
-1.000000
0.770023
0.283212
-0.731329
-0.280147
0.437664
-1.000000
-0.294491
-0.679228
0.219897
0.865095
0.835723
-0.465171
-0.471368
-0.928365
0.230653
-0.265969
0.076663
0.096226
-0.191636
-0.270199
-0.282630
0.262351
0.402008
-0.893144
0.247016
0.226517
0.296013
0.298143
-0.834977
0.658653
-0.846908
-0.827125
-0.895025
-0.960051
1.000000
-0.329122
-1.000000
-0.487375
0.399531
0.650464
-0.082449
0.935721
-0.100586
0.658026
0.667923
-0.706759
-1.000000
0.100264
0.246111
1.000000
-0.356771
0.787939
-0.481992
0.410352
0.191445
-0.571050
-1.000000
-0.703554
-0.500962
0.245437
-0.106461
0.112364
-1.000000
-1.000000
-0.808566
0.128028
-0.000648
-0.321471
-0.907539
-0.580223
0.191640
0.938833
-0.487379
0.603546
-0.029548
-0.418602
0.353424
-0.372924
0.372792
0.997131
0.085385
-1.000000
1.000000
-1.000000
-0.308116
-0.162903
-1.000000
-0.551246
0.976725
0.626374
1.000000
-0.965504
0.299704
-0.871913
0.744714
-0.125900
-0.219252
-0.655813
0.247071
-0.868461
0.237514
-1.000000
-0.973581
-0.409330
0.610358
-0.160967
1.000000
-0.168390
-0.219254
0.646087
0.688740
1.000000
-1.000000
0.175317
-0.462135
0.153113
1.000000
0.354754
0.101885
-1.000000
-0.923478
0.761204
-0.593051
-0.322526
0.851816
-0.178074
1.000000
0.786222
0.414082
0.934965
0.778039
-0.772847
0.141207
1.000000
0.574519
0.645254
-0.748121
-0.741031
0.183782
0.238282
-0.353282
-0.640051
0.599440
-0.402130
1.000000
0.880069
0.791137
0.043592
-0.190099
-0.605377
0.115007
-0.609070
-0.686814
0.866701
-0.991440
-0.476285
0.095780
-0.340498
0.843974
-0.464410
0.939255
-1.000000
-0.896114
0.997441
0.456113
-0.042537
0.638819
-0.821757
0.616497
-0.141668
-0.110944
1.000000
-0.627335
0.923980
-0.352379
0.583953
-0.193768
0.157159
0.559359
1.000000
-0.801641
0.044690
-0.311060
-0.163536
0.387866
0.711797
0.787580
0.505119
-0.473847
0.263935
0.755896
-0.871266
-0.759154
0.024072
1.000000
-0.095292
0.571644
0.327678
0.757712
-0.712543
-0.686088
-0.911079
-1.000000
0.106185
-1.000000
0.204023
0.100657
0.643955
1.000000
1.000000
0.844720
-1.000000
-0.060634
-1.000000
0.501236
0.661860
-0.395644
0.753591
0.212130
-0.889771
-0.851059
0.661514
-0.006396
-0.943634
-0.130625
1.000000
-0.587234
-0.279681
-0.744956
0.902736
0.649721
-0.996716
0.720393
-0.520059
-0.237106
0.865553
0.516037
0.384369
0.537670
0.489172
-0.899106
0.624975
0.318390
-0.089165
-0.411720
-0.220959
0.000834
-0.651718
-0.084972
-0.781654
0.221764
0.451547
-0.980198
-0.159788
-0.071481
0.150310
0.766214
-0.199108
-0.405823
0.796275
0.227873
0.090838
0.234369
-0.717524
-0.160049
0.909997
0.630577
0.138898
-0.065226
-0.954358
-0.210143
0.617079
-0.251948
0.306281
-0.260688
0.300830
-0.596568
0.097365
0.328388
0.653135
-0.339944
-0.634257
-0.080205
0.600843
-0.926662
0.255195
0.458809
-0.536284
-0.853052
-0.022881
-0.567551
-0.895141
-0.238368
-0.426338
0.011623
0.435215
0.783152
-1.000000
0.745089
0.959138
-0.389923
-0.246390
-0.490041
-0.076323
-0.031429
-0.629142
0.154966
0.767352
-0.681984
-0.826467
-0.990323
0.577165
0.375704
1.000000
0.958726
0.508440
0.599806
0.282831
-0.981206
-0.124319
0.654092
-0.729718
-0.858875
-0.096033
0.364220
0.965010
0.124952
-0.225172
-0.696710
-0.145912
-0.269664
0.493096
0.395488
0.380020
-0.225427
-0.042490
0.735380
-0.250900
0.198250
-0.116712
-0.727696
-0.561054
0.169194
0.847774
-0.443426
0.014083
0.621279
-0.497168
0.893924
-0.276236
-1.000000
0.620333
0.352114
-1.000000
-1.000000
-0.127563
0.369723
-0.408428
-0.944641
-0.815901
-0.188109
0.173771
-0.110257
-0.272353
-0.451794
0.769441
-0.120931
-0.985171
0.001827
-0.486366
1.000000
-0.070151
-0.140616
0.516676
-1.000000
0.024886
0.528106
-1.000000
-0.844945
0.038277
-0.870550
0.106879
0.182738
0.564282
0.638766
-0.925371
-0.989429
0.766553
0.623170
-0.184690
-0.963695
-0.822527
-0.304742
-0.328359
0.515790
0.242996
-0.413175
0.275858
0.088950
-0.548900
0.832731
0.549296
-0.629600
0.097239
0.045928
0.799724
0.368651
-0.326346
-0.600992
-0.435756
0.861423
-1.000000
0.974432
-0.743256
-0.662513
-0.041330
1.000000
0.112377
-0.443578
-0.561293
-0.078670
0.538612
-0.193530
0.616851
-0.684996
0.831068
-0.632896
0.330067
0.124631
-0.572506
0.285672
0.628054
0.153837
-0.891294
-0.205672
0.101670
-0.463415
-0.702227
-1.000000
0.906452
0.958720
-0.442939
-0.313439
0.926811
-0.264983
0.635216
-0.941304
0.629091
0.532019
0.001681
-1.000000
-0.501115
0.561991
0.063844
-0.457399
1.000000
0.178217
0.152803
0.166541
-0.562906
1.000000
-0.509407
0.086295
0.445213
-0.900371
-1.000000
-1.000000
-0.306075
-0.112217
0.660434
0.404866
0.304071
-1.000000
0.441077
0.034609
0.017952
0.386272
0.261013
-0.017156
0.210697
0.399331
0.403301
0.017684
0.896269
0.054417
0.618804
-0.183798
-0.705634
0.096488
-0.378967
0.317187
0.110721
0.083275
0.546845
0.827737
0.530904
0.938468
0.990655
0.332902
1.000000
0.661123
-1.000000
1.000000
0.128064
0.781516
-1.000000
0.005415
0.594464
0.425894
-0.349030
-0.040985
-0.530623
-0.737224
0.470177
-0.156757
0.938687
0.278524
-0.548998
0.996449
0.041489
-0.517653
-1.000000
0.723670
-0.007034
-0.963364
0.317917
-0.231747
0.148729
0.279817
0.507205
-0.967679
-0.017138
0.222916
-0.534533
0.368611
0.545210
0.740179
-1.000000
-0.590419
0.020052
-0.393636
0.707389
0.433408
-0.456695
-0.323900
0.086568
-0.457666
-0.374902
-0.016390
0.676667
0.830362
0.037456
0.394592
0.071539
0.315809
0.859852
0.781698
-0.368352
-0.270201
-0.969778
0.449793
0.327611
0.434729
-0.270578
-0.148446
0.756703
-0.888390
0.235512
0.746721
-0.537990
-0.870651
-0.665130
0.315921
-0.451717
0.826404
0.052138
-0.042988
0.509446
0.010645
-0.081625
0.549078
-0.840202
0.413862
0.041398
0.521077
0.043886
0.277325
-0.459339
0.032443
1.000000
0.390943
-0.968022
-1.000000
-0.464066
0.807897
-0.015548
0.556787
0.364373
0.312972
-0.308160
-0.793949
0.443456
-0.475042
-0.869731
-0.117534
0.599437
0.039173
0.471944
-1.000000
-1.000000
-0.894523
-0.631982
-0.226273
-1.000000
0.873521
0.559002
-0.737055
0.437292
0.267362
-0.004080
0.130124
-0.301328
0.372511
0.598511
-0.651018
0.255256
0.232252
-0.829405
0.053818
-0.232813
0.803218
-0.285453
0.588432
-0.246444
-0.603746
0.459732
-0.865453
-0.570471
0.384297
-0.163826
0.931433
0.172227
0.040807
-0.522966
-1.000000
0.799990
-0.774062
1.000000
-0.161130
0.351959
-0.071431
0.684273
0.389013
0.000361
0.380705
-0.046028
-0.055632
-0.393911
-0.867394
-0.734198
-1.000000
-0.870124
0.147057
-0.382165
0.944586
-0.941046
-0.862126
0.088783
0.419005
0.038628
-0.339058
0.395490
-0.304340
-0.747615
-1.000000
0.152440
0.362291
0.554905
-0.121093
-0.184062
-0.389909
0.559992
0.393258
0.365563
-0.377778
-0.735172
-0.379619
0.319519
-1.000000
0.620932
0.297726
-0.836243
-0.483176
-0.341062
0.286264
0.769504
0.007468
0.861591
0.818517
-0.407579
-0.171081
-0.122858
-0.127564
-0.005787
0.668845
0.613941
0.831278
0.008335
-0.286240
-0.109718
0.062060
0.023097
0.411981
0.090270
0.099398
-0.438588
-0.686657
0.660787
0.628273
0.481509
1.000000
-1.000000
-0.985541
-0.524306
0.170872
-0.034264
0.131364
-0.144005
-0.768180
0.259424
-0.846923
-0.588582
-0.169490
-0.076311
0.609431
-0.177848
-0.180157
0.513102
0.740809
-0.475544
0.003540
-0.023646
0.614116
0.334688
-0.294509
0.172277
0.092601
1.000000
0.227785
1.000000
0.777772
-0.510897
0.398496
-0.690615
1.000000
-0.801873
0.265983
0.348891
-0.543015
0.442076
0.611156
-0.345337
0.371248
-0.963236
-0.520008
0.916612
0.828394
0.076964
0.170280
-0.398052
-0.324051
0.638741
-0.891298
-0.931161
0.562756
0.822986
0.776419
-1.000000
-0.843899
-0.226034
-0.462481
-0.151009
-0.186611
0.886687
-1.000000
-0.153281
-0.370019
-0.140522
-0.689739
-0.489285
-0.571437
0.030945
-0.583012
0.020809
0.560324
0.679355
0.051981
1.000000
-1.000000
0.168507
-0.837404
-0.128167
0.643651
-0.488271
0.126880
-0.037356
-0.138235
-0.782953
0.359948
-0.936993
-0.367829
0.211367
0.706214
0.999685
-1.000000
-0.032486
-0.288916
0.520825
0.119199
-0.228565
-0.272185
0.166063
0.077443
0.017319
-0.101459
-0.901050
-0.610041
0.336404
-0.704904
-0.401638
0.005854
-0.147683
0.354374
-0.164273
0.502585
-0.603225
-0.900243
-0.693397
-0.980781
0.263976
-0.948766
-0.074644
-0.751765
0.618410
0.085844
0.794312
0.539162
-0.118181
-1.000000
1.000000
0.847807
-0.734949
0.462472
-0.065809
0.331174
0.321442
-1.000000
-0.328978
-0.869260
-0.502332
0.907118
-1.000000
-1.000000
-0.500406
-0.898648
-0.900261
-0.076849
0.413108
0.416228
0.107887
0.549171
-0.333491
-0.122679
0.010334
-1.000000
-0.068497
0.265238
-0.300970
-0.994226
0.108063
0.456101
0.741374
-0.263463
-0.107283
0.927588
0.104162
-0.154426
0.855173
0.694946
-0.546743
-0.035048
-0.004258
1.000000
0.055971
-0.303981
0.961954
0.991992
-0.916246
0.309368
0.913882
-0.817477
-0.533296
0.449273
-0.719110
-1.000000
1.000000
-0.188890
-0.541850
0.905017
-0.582085
-0.370131
-0.962411
0.435937
-0.474418
0.586495
-1.000000
0.451407
-0.017276
0.112494
-0.839894
-1.000000
0.007655
-0.526255
0.241606
0.676198
0.799450
0.968136
0.216816
-0.828542
-0.090277
0.285862
-1.000000
0.008522
0.095171
0.330573
-0.992699
1.000000
0.877285
0.848413
-0.427114
-0.570192
-0.590121
-0.725243
0.475669
-0.247416
0.319610
0.907619
0.547537
0.262148
1.000000
-0.047448
0.749638
0.026160
0.380502
0.819467
-0.838391
-0.994999
0.784190
-0.179294
-1.000000
-0.977319
-0.798811
-1.000000
0.913173
-0.368562
-0.840029
-0.358623
0.311402
-0.666458
-0.960867
-0.974652
-1.000000
0.596716
-0.782476
0.899022
-0.936741
-0.220575
1.000000
0.688876
-0.073465
-0.766154
0.947883
0.344720
-0.344510
0.887806
-0.507994
0.922951
0.591576
-0.508928
0.432211
-0.582860
0.818629
-0.311727
-0.090628
0.412128
0.359897
-0.450101
0.520868
0.848704
0.552392
-0.101733
0.705717
-0.543211
0.049312
0.148211
-0.380915
0.336927
0.178536
0.576986
0.606107
-0.113175
-0.634241
0.900694
-0.881004
0.450274
0.381331
0.629401
-0.000587
0.943609
0.165879
0.011720
-0.092334
0.892715
-0.794277
-0.274015
0.439232
0.930501
0.147674
0.971227
-0.344727
0.822600
-0.212588
-0.489244
-0.183515
0.005251
-0.962465
0.728454
-0.940310
-0.081490
-0.610225
-0.586882
0.500250
-0.504779
0.359760
-1.000000
-0.209773
-0.943059
0.008746
-0.984049
-0.401557
-0.972020
-1.000000
-0.171243
-0.214182
-1.000000
-0.635597
-0.322566
-0.140722
0.667967
-0.674474
-0.664904
-0.080832
-0.030201
-0.377128
-0.319186
1.000000
-0.413251
-0.224439
0.555497
-0.467196
0.333392
0.320632
-0.813996
-0.143945
-0.651341
0.378210
0.428014
0.402367
-0.074124
-0.201657
0.955812
-0.806646
0.211832
-0.530150
-0.855951
0.856431
-0.374171
0.223844
-0.790215
-1.000000
0.903348
-0.804520
-0.044184
0.353114
-0.414836
-1.000000
0.054771
-0.889584
-0.793394
1.000000
0.921262
0.798261
1.000000
0.923583
-0.350758
-0.594652
-0.412315
0.084500
-0.808483
-1.000000
-1.000000
-0.269105
0.738218
-0.001200
-0.848654
0.326991
0.719017
0.010429
-0.569622
0.174485
-0.938492
-0.023856
1.000000
0.204869
0.866725
1.000000
-0.139001
0.078082
-1.000000
0.510836
-0.151924
-0.551697
1.000000
0.761222
0.736319
0.141671
0.549141
0.239352
0.248582
-0.507741
-0.978853
-0.528861
-1.000000
-0.060730
-1.000000
-0.193717
0.635023
1.000000
0.018753
-0.562941
-0.279704
-0.390146
0.236877
-0.730618
0.567083
-0.735792
0.945140
0.586859
-0.969967
-0.291564
-0.101486
-0.564508
0.598502
-0.357362
-0.727535
0.372419
0.813585
0.209600
0.817185
0.757714
-0.733872
-0.017064
0.651207
-0.685711
0.111020
-0.292266
0.036268
-0.902615
0.804544
-0.739923
-0.511505
-0.654797
0.675161
-0.432620
-0.516802
-0.624836
-0.588795
0.498112
-0.845385
1.000000
-1.000000
0.672174
0.567367
-0.410790
-1.000000
-1.000000
0.946125
-0.342890
-0.419328
-0.025799
-0.773256
0.018499
0.865987
-0.006061
0.937973
-0.168256
0.244931
-0.089724
-0.129237
0.235990
0.340660
-0.889454
0.860868
0.599024
0.291277
0.757969
0.177088
0.672378
1.000000
-0.111268
-0.693861
0.889927
0.544043
-0.103600
-0.734254
0.522854
0.607984
-0.423567
-0.638485
0.944373
-0.504002
0.893302
-0.422088
-0.548244
0.053491
0.335145
0.219480
0.113517
-0.757034
0.785493
-0.821232
1.000000
-0.240990
-0.840460
-0.745705
0.072808
-1.000000
-0.635946
0.725812
-0.024844
0.864219
-0.170657
-0.356687
-0.169049
0.778776
0.502173
-0.158375
1.000000
-0.334884
-0.095332
1.000000
0.282997
0.913186
-0.092381
0.965350
0.995834
-0.664958
1.000000
0.666096
-0.727428
1.000000
0.025726
-0.118409
-0.286142
0.615020
-0.090844
0.751304
0.206618
-1.000000
-0.572741
1.000000
-0.498767
0.455042
0.747489
-0.133290
0.741194
0.351049
0.705466
-1.000000
0.389007
0.631614
-0.932222
-0.645424
-0.355814
-0.857641
0.126746
-0.976591
-0.397718
0.389793
1.000000
1.000000
0.007550
-0.032671
0.844586
1.000000
0.707046
-0.526276
0.005418
-0.861280
0.681620
0.515621
0.347935
-0.069742
-0.528502
-0.065837
-0.870660
-0.120950
-0.581619
-0.440876
-0.924668
0.839942
0.939993
0.016144
-0.437925
-0.473624
0.932490
-0.877544
-0.147299
-0.058678
0.534770
0.030497
1.000000
0.823803
0.948532
-0.330011
0.016129
0.069776
0.149253
0.062177
0.694143
-0.163433
-0.970648
-0.690562
-0.119979
-0.966561
1.000000
-0.098532
0.327279
-0.939173
-0.031162
0.642004
-1.000000
0.701741
-0.501643
0.273304
0.751014
0.009630
0.439983
0.217628
-0.348686
0.671405
-0.462619
0.723729
-0.999873
0.843652
-0.626933
-0.933687
-0.235339
-0.690533
-0.298010
0.783476
0.400441
-0.345653
0.353906
0.152130
-0.556699
-0.207856
-0.769410
0.521208
0.300484
-0.354225
0.072883
-0.405349
-0.106183
-0.285107
-0.054930
-0.458889
-0.501675
1.000000
1.000000
0.878116
-0.850783
-0.246302
0.618409
0.801868
0.734684
-0.946269
0.558432
-0.013453
-0.370581
0.894498
0.095971
-1.000000
0.071763
-0.378829
-0.171865
0.001627
-1.000000
1.000000
0.045817
0.211995
0.295001
-0.157476
0.048279
1.000000
-0.526280
0.541368
0.910197
-0.481872
-0.944485
0.062502
1.000000
0.077420
0.627576
1.000000
-0.939790
0.162775
-0.000910
0.818617
0.330478
-0.971809
-0.586405
-0.128295
-0.245582
-0.777853
-0.719876
0.327997
0.863177
0.071819
0.242599
-0.605381
0.516002
0.484484
-0.280159
-0.276543
1.000000
0.660088
0.036605
0.530546
-0.994834
-0.799361
-1.000000
-1.000000
0.713502
-0.764852
1.000000
-0.343733
0.574744
0.914760
-0.308656
0.031034
-0.841683
-0.235038
0.991440
0.702652
0.591390
0.278139
-0.503993
0.263173
0.738716
0.181825
0.573571
0.274641
-0.398371
-0.214858
1.000000
-0.254536
-0.868753
-0.184529
0.365729
0.486644
-0.053295
-0.618838
0.991500
-0.706820
-1.000000
-0.511661
0.842572
-0.642006
0.747152
-0.303377
0.655594
-0.721578
-0.279198
0.518601
-0.551350
0.040626
0.316805
0.560949
1.000000
-0.460447
0.331665
0.575061
0.166645
-0.366871
0.828426
0.019256
1.000000
-0.113413
0.723125
-0.260311
0.511829
0.566824
0.216135
0.265762
-0.275630
-0.707995
-0.442752
-0.546829
-0.195595
-0.529904
0.415698
0.416043
0.064457
0.568862
-0.251438
-0.205538
-0.113866
-0.358647
-0.374752
0.326746
-0.091223
0.554189
-0.439798
-1.000000
0.081965
-0.301696
-0.449310
0.380239
0.137917
0.626453
-0.338561
0.225081
-0.002033
0.916346
0.189386
-0.392762
-0.392920
-0.636253
-0.470234
0.427274
-0.072139
-0.017885
0.335434
-1.000000
-0.531184
0.005560
0.473036
0.161162
0.056612
-0.674966
-0.504376
-0.604294
0.224347
-0.317996
-1.000000
-0.964629
1.000000
-0.493594
0.092965
-0.872506
0.582554
0.102079
-0.480793
0.581084
-0.591176
0.383205
0.642842
0.256279
0.886040
0.030485
0.791027
-0.417023
-0.652795
-1.000000
0.117228
0.782972
0.730392
0.181858
-0.721046
-0.165620
-0.598378
0.867935
-1.000000
-0.006798
1.000000
0.087358
0.731761
0.031655
0.757768
-0.351109
-0.068050
0.868101
-1.000000
0.577669
0.679134
-0.444803
0.035728
0.209428
0.724821
1.000000
-0.301325
0.888979
0.369714
0.327345
0.399666
-0.855315
0.742979
-0.300030
-0.371784
0.871054
-0.930049
-0.168079
-0.898997
-1.000000
-0.158347
0.464760
0.104414
0.747317
-0.805253
0.547612
0.984468
0.790823
-0.367210
-0.103171
-0.098667
0.455116
0.256959
-0.067851
0.214831
-0.691707
0.214571
0.957735
0.558023
0.154794
0.303647
-0.217430
-1.000000
0.111041
0.254573
0.619284
0.311079
0.825605
0.101531
-0.605604
-0.936321
0.382349
-0.040901
0.762526
0.833931
1.000000
-0.144749
-0.765559
-1.000000
0.719449
-0.453017
-0.350264
-0.204356
0.470574
0.601330
-0.308146
0.703196
0.200526
-0.294999
-0.402786
-1.000000
-0.101121
-0.943230
0.244889
0.339053
-0.081093
-0.450061
-0.499497
0.218494
-0.906544
0.654758
0.806371
0.283918
0.838244
1.000000
0.781614
0.726655
0.436365
-0.224190
0.053668
-0.651735
0.600351
-0.665852
-0.986603
1.000000
0.822360
0.378715
0.511383
-0.298012
0.468637
-0.104910
-0.555022
0.388846
0.512689
0.782667
-0.109304
0.362447
0.897787
-0.078922
1.000000
1.000000
-0.989369
-0.446225
-0.157823
-0.619194
-1.000000
-0.009057
0.839837
0.736862
-0.143274
0.121842
-0.335208
-0.445842
0.117339
-0.857143
0.131381
0.203788
-0.949904
0.978259
-1.000000
0.374699
-0.264494
0.863103
-0.923876
-0.802762
-1.000000
0.567872
-0.425881
0.591906
-0.159720
0.195726
-0.236854
-0.432957
-0.661260
0.053411
0.028543
-0.976099
0.947515
-0.342103
0.621130
0.752567
-0.752869
-0.942616
0.068977
0.110091
-0.694560
-0.164433
-0.847328
0.968613
-0.928395
-0.672620
1.000000
0.719724
-0.245368
-0.739203
-0.686509
0.079064
-0.158311
0.346535
0.615837
0.211901
-0.208207
-0.249714
-0.602261
0.318711
0.308794
-0.132080
0.644931
-0.738209
0.966036
-1.000000
-0.670960
-0.171734
-0.289830
0.093740
-0.000325
-1.000000
0.270707
-0.204617
0.959838
0.829851
0.222933
-1.000000
0.745597
0.948727
0.419618
-0.391765
-1.000000
0.090181
0.724464
-1.000000
-0.268227
1.000000
0.521067
-1.000000
0.540777
-0.666003
-0.476623
-0.403678
-0.380064
0.460268
-0.081489
0.984677
-0.030070
-0.388929
0.011092
-0.139037
-0.028133
0.021508
-0.513285
0.397198
-0.210910
-0.285247
-0.763662
0.922865
0.472224
0.992248
-0.354049
0.837790
-0.040312
0.119643
-0.950528
-0.941507
0.178403
-0.050445
0.042775
0.497751
0.696730
-0.412035
0.246785
-0.376181
0.337413
-0.814563
0.306277
0.673166
-0.794649
-0.361536
0.694153
-0.663647
-0.574414
-0.446364
0.929945
0.171518
0.916708
0.234238
-0.276660
-0.287096
0.738307
0.606782
-0.913921
0.499437
0.023120
0.418079
0.714149
-0.495565
-0.004229
1.000000
1.000000
-0.990183
-0.739059
-0.152240
0.924550
-0.915597
-0.625519
-0.538531
-0.473706
-0.406394
-0.482347
-0.699137
0.056345
0.746583
0.319302
-0.493220
0.485520
0.830572
0.346493
-0.153423
0.205881
-0.091396
-0.434384
0.216415
-0.903802
0.702088
0.665738
0.315232
-0.634167
-0.900056
0.427424
0.068010
1.000000
-0.824983
-0.337199
-0.898646
0.972601
-0.771024
-1.000000
-0.051422
-1.000000
-0.381729
0.347785
0.790010
-0.555880
-0.699824
0.794293
-0.145977
0.244361
0.764775
-0.408107
-0.965446
0.486120
-0.168469
0.279134
0.494600
0.121792
-0.942806
-0.497754
-1.000000
0.526998
0.661863
0.670078
-0.372212
-1.000000
-0.463516
0.079976
0.541485
0.519585
-0.752172
0.129782
0.219220
0.362393
0.417658
1.000000
0.277759
-0.606087
0.135355
-0.441810
0.761333
0.053916
-0.048161
1.000000
0.461548
0.432853
-0.054628
-1.000000
-0.741559
0.168004
-0.151617
-1.000000
-0.141721
-0.391722
-0.625101
-0.439955
0.859657
0.451716
0.866979
-0.876914
0.786921
-0.465423
-0.335307
0.642461
-0.238225
-0.949185
-0.075682
0.032979
0.645702
0.078572
-0.292428
0.939055
-0.923419
-0.926672
-0.750463
-0.227651
0.557265
-0.119645
-1.000000
0.584970
0.838903
0.159699
-1.000000
-1.000000
0.228123
-0.380883
-0.200455
-0.319394
0.246570
-0.839758
0.409394
-0.241212
-0.244335
-0.334409
-0.235386
0.188382
-0.726766
0.001631
0.986181
-0.595840
0.778491
-0.296811
0.885143
1.000000
0.031080
0.173891
0.459332
-0.570628
-0.411671
0.283067
-0.343973
-0.451919
0.812473
-0.028460
-0.428577
-0.502133
-0.024138
-0.014649
0.094938
-0.256500
0.307842
0.182954
-0.257349
-0.017416
-0.411181
-0.738307
-0.680173
0.044312
-0.140795
0.571871
-0.383054
-0.706051
0.654184
-0.769658
-1.000000
0.581168
-0.153828
0.068650
-0.495870
-0.510836
0.631154
-0.023244
0.528093
1.000000
0.262695
-0.050493
-0.695964
0.812534
-0.466379
1.000000
-0.205644
0.673230
0.007462
0.057306
0.389138
-0.260018
-0.113927
-0.396998
0.686022
0.251804
-0.821135
0.910590
0.634620
0.158471
0.052346
-0.992423
0.088826
-0.110644
0.393520
-0.642122
-0.750189
0.903973
-0.949946
-0.542230
-0.224573
-0.921238
-1.000000
-0.409143
-0.900659
0.151995
1.000000
0.010883
0.154959
0.961156
-0.736389
-1.000000
-0.904854
-0.202761
0.140280
-0.085957
-0.745592
-1.000000
-0.143038
-0.264104
-1.000000
-1.000000
-1.000000
0.085914
-0.175102
-0.735521
-0.696613
-0.391874
0.079678
-0.949430
0.247731
-0.341328
0.640792
0.226088
-0.551747
-0.010161
-0.634707
-0.853535
-0.159238
-0.413141
0.008590
-0.447034
-0.038900
-0.782704
-0.466608
-0.348394
0.087913
0.905676
0.406914
-0.320499
-0.409499
-0.174823
0.141079
1.000000
0.921986
0.465151
-0.578818
0.437050
-0.369899
-0.311588
-0.494455
-0.881921
1.000000
-0.052871
-0.958688
-0.428198
0.751175
-0.234069
0.112759
0.735672
0.392541
-0.176697
-0.530515
-0.874675
1.000000
-0.278573
-0.001001
-0.986839
0.265352
-1.000000
0.332916
-0.229363
-0.651832
-1.000000
0.502537
0.853939
-0.658647
0.513168
0.087877
0.253650
-0.067491
-1.000000
-0.889065
0.020705
0.929992
0.747780
0.654639
-1.000000
-0.227509
0.367637
-0.686442
0.038447
1.000000
-0.246943
-0.489287
-0.523796
0.029760
-0.315262
-0.452614
-0.815386
-0.563664
1.000000
-0.225757
-0.366550
0.759878
-0.169528
1.000000
-0.463919
-0.140689
-1.000000
0.373370
0.673121
0.496570
-0.392077
-0.251988
-0.929645
-0.110032
0.058854
-0.215928
-1.000000
0.458356
-0.732065
-0.148577
0.668022
-0.332285
0.675066
0.472766
-0.053928
-0.663263
0.308659
-0.236141
1.000000
0.016584
1.000000
0.108595
-0.454988
-0.275532
-0.317347
0.252199
0.254487
-0.692339
0.091559
-0.586535
-0.708594
-0.994012
-0.586108
-0.542860
-0.061810
1.000000
0.215355
-0.355405
0.603703
-0.706849
0.961306
-0.026948
0.779913
-0.457203
0.382301
-0.758110
-0.733400
0.737624
-0.806396
-0.895547
-0.345283
0.198339
0.318871
-0.479908
0.175154
-0.609796
0.423105
-0.653498
0.263977
-0.222848
0.943266
0.798094
-0.262722
-0.338146
0.856634
0.040909
1.000000
0.361783
0.060689
0.723309
-0.353553
-0.563524
-0.942136
0.938724
-0.251912
-0.682316
-0.150557
0.383248
0.847117
-0.897468
0.409543
-0.596723
-0.390560
0.363469
0.317268
0.215204
-0.358099
-0.140629
-0.208197
-0.193165
-0.768826
0.791880
0.064353
0.360544
0.454708
0.244897
-0.907260
-0.768770
-0.808681
-0.828579
-0.805950
-0.215554
0.076583
-0.262187
0.014138
-0.065262
-0.774953
-0.437513
-0.429416
-0.904334
-0.957367
0.941471
0.430300
-1.000000
0.088386
-0.078120
0.851577
0.273086
-0.972932
-1.000000
0.920727
-1.000000
-0.379133
-0.914460
-0.728748
-0.321902
-0.061221
-0.866609
-0.222122
0.380246
0.062043
0.266049
0.380962
-1.000000
0.137427
0.987642
-1.000000
0.294926
0.066231
-1.000000
-0.603733
-0.977037
0.467895
-0.768469
-0.777719
-0.924144
0.688427
0.622879
-1.000000
0.626132
-0.676371
0.566024
-0.418035
0.144507
0.553958
-0.936756
0.685618
-0.463873
-1.000000
0.293462
0.265674
0.435497
-1.000000
-0.291502
0.256651
-0.046422
-0.853409
0.228410
0.134223
-0.967202
-1.000000
1.000000
-0.539894
-0.180727
0.716527
-0.345502
0.844638
-0.949934
0.580289
-0.812910
0.393564
-0.462671
-0.225323
0.230456
0.993583
-0.853141
0.534254
1.000000
-0.667223
0.157253
-0.018408
0.383445
-0.524143
0.518420
0.288375
1.000000
-0.046349
0.113043
-0.720862
0.850445
-0.989422
0.935552
-1.000000
0.285266
-0.940384
1.000000
0.148956
0.412131
1.000000
-0.044254
0.069031
-1.000000
0.001640
0.807082
-0.266397
0.258196
-0.122060
0.671982
0.603476
0.644067
0.425455
-0.905384
-0.620009
-1.000000
1.000000
-0.279125
-1.000000
-0.405977
0.122842
0.786079
-0.080204
-0.897006
-0.902922
-0.882850
-0.106166
0.708469
0.276619
0.240023
0.180311
0.540459
0.800041
-0.234074
0.955868
-1.000000
-1.000000
0.493565
-0.417186
-0.032792
0.625972
0.856265
0.067677
-0.847913
0.626650
0.785511
0.127258
0.790890
0.315953
0.329420
-0.175289
-0.998588
0.408104
0.982756
-0.671034
-0.177329
0.236154
-0.260538
-0.805851
0.478628
0.733772
0.551858
-0.484632
-0.346119
-1.000000
0.090996
-0.142822
-1.000000
-0.197853
0.183118
-0.432644
-0.747203
0.047384
-0.962249
0.120861
0.732007
-0.406788
-0.021672
1.000000
1.000000
-1.000000
-0.651129
0.488484
-0.996797
-1.000000
-0.017959
0.425015
0.464241
-0.443890
-0.423359
-0.439515
0.515039
0.226366
0.027986
0.654440
0.005197
-0.255153
0.108860
0.308150
0.409784
0.815002
-0.159097
0.596851
0.349466
0.009447
0.809538
0.627821
0.214203
-0.531536
-0.943614
-0.898980
-0.674782
-0.873973
-0.924566
0.048352
0.158851
0.603749
-0.637578
-0.162014
0.439687
-0.343393
0.956867
-0.078038
0.414152
0.257332
0.971620
0.933588
-1.000000
-0.933369
0.010270
0.645098
0.147962
-0.110664
1.000000
0.172135
-0.006263
-0.600472
-0.659649
0.987978
0.335734
0.960207
-0.101811
0.537606
-0.981088
0.497207
-0.524759
0.977741
0.220612
0.522030
-1.000000
-0.730714
0.039064
-0.667387
-0.724842
-0.857096
1.000000
-0.375570
1.000000
0.299421
-0.244558
0.020786
0.279471
-0.985985
0.306387
0.870375
-0.208316
1.000000
0.730975
-0.095126
-0.433125
-0.083144
-0.108246
-1.000000
-0.681958
-0.289100
-0.940516
-0.844425
-0.306067
0.253227
0.044365
0.428598
0.092215
-0.955767
-0.379815
-0.931371
-0.147431
-0.056912
0.875682
0.218315
-0.541319
0.529935
-0.983029
0.851064
1.000000
-1.000000
-0.098385
0.305948
0.211830
-0.923428
0.214775
0.239127
-0.357792
0.571808
0.364971
0.532381
-0.988363
-0.620662
0.833783
-1.000000
-0.308125
0.830708
0.731611
-0.083554
0.877109
-0.289680
-0.311174
0.421450
-0.854967
1.000000
0.308827
-0.633058
-0.419255
0.384239
-0.645076
0.989314
1.000000
-1.000000
-1.000000
-0.612809
-0.539975
-0.206455
-0.151283
1.000000
-0.104615
0.770348
0.404706
-0.843434
-0.056209
0.320626
-0.785735
0.091457
-0.240538
-0.406064
-0.987956
-0.040467
0.730200
-0.763021
0.471238
-1.000000
0.383169
-0.570525
-0.112151
-1.000000
-0.349642
1.000000
-0.494811
-0.122397
-0.996346
-0.143077
-0.618787
-0.039883
0.206255
-0.325142
-0.407263
0.423369
-0.782332
0.811562
0.197676
-0.344023
-0.151973
-0.265003
-0.935994
-0.150340
0.070678
0.317386
-0.192778
-0.210857
-1.000000
-0.732885
-1.000000
-0.137039
0.053340
-0.366539
0.700184
-0.573266
1.000000
-0.380743
0.725220
0.314543
-0.438716
-0.086778
-0.395102
-0.823446
-0.099571
-0.309799
-1.000000
-0.164337
-1.000000
0.477077
-0.146966
-0.487790
-0.908526
0.154150
0.488790
-1.000000
-0.873423
0.205399
-0.088402
-0.582952
0.913632
0.495028
-0.679043
0.101642
0.664800
-0.465482
0.139157
-0.261720
0.001570
1.000000
0.253884
0.633422
0.958969
-0.475837
0.661654
0.725570
0.150055
0.217086
0.137204
-0.350529
0.049338
-0.952058
-0.176938
-0.360444
-1.000000
-0.793419
-0.620990
-0.209262
-1.000000
-0.651492
-1.000000
0.815411
-0.353728
-0.674970
0.683986
0.636761
0.562681
-0.620535
-0.072909
-0.231697
0.652066
-0.872774
-0.110035
1.000000
-1.000000
-1.000000
-0.902456
-0.621121
0.087019
-0.115640
-0.533385
0.853934
-1.000000
-0.369276
-0.351814
0.966142
-0.589366
0.481562
0.892988
-0.622117
-0.058003
0.458977
0.799399
1.000000
0.353026
1.000000
0.489739
0.187727
0.084008
-0.205737
0.176367
0.991223
0.413425
0.041312
0.408990
0.285103
0.030067
0.103180
0.761925
0.574858
0.351635
0.572033
-0.097575
-0.996387
-0.387634
0.271232
-0.004355
-0.939950
-1.000000
-0.004923
-0.630980
-0.417941
1.000000
0.455479
-0.376311
-1.000000
0.343608
0.630354
0.611465
-0.065528
-0.047988
-0.999145
-0.774850
0.284393
1.000000
0.107554
0.590636
-0.736196
-1.000000
1.000000
0.826885
0.964631
-0.578590
0.834768
-0.197320
0.056234
0.087976
-0.014384
-0.400466
-0.989248
-0.355870
-0.103388
-0.348491
0.682938
-0.621775
-0.439275
1.000000
0.035297
-0.774427
0.852165
-0.719469
0.408173
-0.335995
0.773322
-0.846880
-0.882723
-0.482576
0.337207
-0.098068
0.444894
0.634637
-0.074651
-0.644134
0.019127
0.307759
-0.660355
0.973902
0.309646
-0.695962
0.189546
-1.000000
-0.411412
0.012446
0.174454
-0.043961
-0.733140
1.000000
-0.400235
-0.027628
-0.349849
-0.800998
-0.039918
-1.000000
-0.156146
0.522905
0.890283
-0.104557
0.524673
0.823070
-0.305478
-0.854086
0.746576
0.844358
0.817467
0.750880
0.246822
-0.389184
0.303807
0.444242
1.000000
0.090362
0.352127
-0.806992
0.404605
0.154723
0.991656
-0.519807
-0.153000
0.882513
-0.215239
-0.930625
-0.689653
-1.000000
-0.529276
0.275956
0.734484
-0.151479
0.055585
-0.224425
-0.184225
-0.188788
0.148705
-0.147038
0.229130
0.664046
1.000000
0.175697
0.694979
-1.000000
0.934170
0.875100
-0.076771
-0.763343
0.426050
0.421811
-0.436978
0.419588
0.999911
-0.212490
0.879327
0.510800
-0.091089
-0.973068
-0.657408
-0.634067
0.875556
-1.000000
-0.096017
0.417493
-0.342804
-1.000000
0.537075
-1.000000
-0.024600
0.236544
0.138903
0.420826
-0.508976
-0.194087
-0.862923
-0.022373
-0.428237
0.340467
-0.480265
1.000000
-0.943361
0.428467
-0.463363
-0.453462
0.522602
-1.000000
-1.000000
-0.812765
0.827176
-0.115057
0.714073
-0.762931
0.867673
-0.208537
0.013327
-0.527696
0.777785
0.109285
-0.779068
0.062148
-0.631229
-1.000000
-0.273766
0.602793
-0.268228
0.333780
-0.278941
0.649549
-0.238374
0.135975
-0.651631
0.568064
-0.395020
0.292831
-0.415413
-0.478774
-0.360914
-0.723266
-0.048407
-0.508063
0.441189
0.395357
0.647810
-1.000000
-0.181502
0.390004
0.045769
0.698840
0.119022
-0.763392
-0.408367
-0.153661
-0.319737
0.392828
-0.899390
0.217942
-0.555911
-1.000000
-0.479238
0.201431
-0.001228
-0.679798
0.558857
0.225611
-0.414415
-0.272975
0.677457
-0.614777
-0.635402
-0.180769
0.173777
-0.049218
-0.605504
0.511325
-0.104422
-0.098141
1.000000
-0.635441
0.878411
-1.000000
0.609293
0.995538
-0.438591
-0.166931
0.983316
-0.375496
-0.966540
-0.028515
1.000000
0.673661
-0.841489
-0.327520
0.394255
-0.098322
0.307427
-0.434042
0.206756
0.891898
-0.912795
-0.752223
0.256993
-0.236993
-0.579825
0.894690
-0.632612
-1.000000
-0.754843
0.761497
0.168605
-0.618832
-0.870836
1.000000
0.058164
-0.065951
-0.283666
-0.971246
-0.212490
0.697155
-0.071939
-0.918119
0.763219
-0.554250
-0.515010
0.552198
-0.383373
0.550191
-0.909438
0.046766
0.266656
0.291827
-0.203544
-0.473299
0.045334
-0.302518
-0.745538
0.047748
-0.343274
-0.436734
0.871806
0.966973
0.479269
-1.000000
0.236433
0.081735
0.076657
-0.667735
0.891248
-0.003465
-1.000000
-0.480293
-0.781794
-0.679927
-0.026490
-1.000000
-0.132597
-0.611269
0.350206
-0.157111
-0.392088
0.925423
0.257330
-0.627130
0.579458
0.517978
0.236314
-0.380400
0.495636
0.873820
0.195894
0.455265
1.000000
-0.118630
0.078257
-0.888726
-0.511669
-0.403863
-1.000000
-0.780886
-1.000000
0.856885
0.620299
-0.169280
0.561283
0.646437
-0.777331
-0.231143
0.530933
1.000000
1.000000
0.339364
0.252936
0.894557
1.000000
0.051442
-0.974844
-0.471051
0.239072
0.186766
0.388065
0.349611
-0.905419
0.406803
0.206764
0.474781
0.560742
-0.548599
0.313919
-1.000000
0.847950
-0.448609
-0.316819
0.138169
-0.390855
-0.726566
0.018846
-0.460844
-1.000000
0.610303
0.394507
-0.855399
0.134440
-0.814001
-0.830689
-0.050038
-0.108386
-0.089147
-0.595081
-0.358324
-0.063059
-1.000000
0.330110
-0.459990
0.839416
-0.780600
0.450083
0.733458
-0.033757
0.290514
-0.812089
0.129742
0.261897
0.960439
0.746016
-0.225390
-0.628612
0.644767
-0.728665
0.821618
-1.000000
-0.444481
-0.811724
0.827758
0.819360
0.665414
0.166810
-0.075259
1.000000
0.370384
-0.571028
-0.755592
-0.751994
0.637202
0.335880
0.543769
-0.858991
-0.607946
-0.396456
0.304765
-0.110636
-0.779196
-0.328567
0.324434
0.304665
0.617196
-0.302145
0.662637
-0.057371
-0.373467
-0.382733
-0.933159
-0.582951
0.658091
0.138264
0.367464
0.238955
-0.647730
0.180925
0.179948
0.752836
1.000000
-0.655373
0.058722
0.514768
0.963440
0.339161
-1.000000
-0.081253
-0.994124
-0.134324
-0.483744
0.628280
-0.648096
-0.279014
-0.207604
0.553927
0.296165
0.454478
0.271444
-0.751754
0.860591
-0.242875
0.396224
-0.377965
0.349320
0.284743
0.923469
0.076573
-0.988352
0.345913
-0.792810
-0.173271
-0.239124
0.120056
-0.767417
-0.164227
0.778139
0.456020
-1.000000
0.968319
0.359771
0.333204
0.917146
0.541469
-0.416299
-0.876015
-0.905900
0.407135
-0.224157
-1.000000
-0.645140
0.262994
-0.396029
0.028255
-1.000000
0.354079
-0.743354
1.000000
-0.388735
0.129717
-0.553473
0.580929
0.624270
-0.262580
0.853164
-0.501890
1.000000
0.663913
-0.419625
0.024907
0.317727
-0.024432
0.506397
0.045562
0.215028
-0.013429
0.477594
0.894609
-0.980811
-0.363148
0.435286
0.328153
0.046414
-0.634379
-0.059609
-0.375400
0.435764
-0.503533
0.849724
-1.000000
-0.377128
-0.842755
0.794079
0.412135
0.987027
-0.127230
-0.635383
-0.378838
-0.089511
-0.796994
0.622711
0.455631
0.674317
-0.398201
0.750779
-0.722995
0.937100
-0.129847
-1.000000
-0.603043
0.457737
0.907074
0.957667
1.000000
0.082716
-0.488558
-0.170782
-0.266350
0.231182
0.518412
0.770267
-0.418508
1.000000
-0.985119
0.746088
-0.861408
0.915417
0.017304
-0.553424
-0.103058
-0.123073
-0.050318
-0.524069
-0.049682
-1.000000
0.297484
0.859969
1.000000
-0.154794
-0.205434
0.812832
-0.333367
0.059431
-0.208126
0.845704
0.235471
-0.433893
0.204003
0.351766
-0.604073
-0.950378
-0.401802
0.840948
-0.041661
-0.431263
0.438829
0.792774
0.192974
1.000000
0.071752
0.518847
0.277332
-0.956487
0.892647
-0.040754
0.208383
0.160970
0.572335
-0.581011
-0.670948
-0.390280
-0.606022
-0.294600
0.967919
0.976424
-0.928640
-0.940497
-0.390646
-0.284697
-0.408424
-0.818374
-1.000000
-0.112154
0.684863
0.351206
-0.408613
0.821699
-0.778434
-0.282744
-0.855529
-0.433407
-1.000000
0.264758
-0.330683
1.000000
0.244722
-0.704945
-0.243997
-0.194388
-0.539859
-0.354983
-0.746431
0.817786
0.069164
-0.468858
-0.404449
0.316801
-0.834752
-0.489198
0.256773
0.842021
-0.992289
0.250318
-0.415338
0.165603
-0.254640
-0.883580
0.287322
0.032076
-0.660846
0.796093
0.080669
-1.000000
0.925434
1.000000
-0.589478
0.919986
-0.961683
0.555029
1.000000
0.650736
0.592903
0.224693
-0.139330
0.394764
-0.875914
-1.000000
0.971236
0.552418
1.000000
-0.055612
-0.561727
0.238586
-0.955577
-0.075103
-1.000000
0.005822
1.000000
0.923502
0.469760
-1.000000
-0.658527
0.579460
-0.433986
0.778656
-0.322758
-0.619003
-0.643885
-0.065827
-0.051093
0.264200
-0.423725
-0.959874
-0.485948
0.675129
0.017151
0.947206
-0.674623
-0.488144
-0.452681
-0.064793
-0.319110
-0.160734
0.134878
-0.693354
0.137762
-1.000000
-0.333850
0.276413
-0.198357
0.898942
0.907387
0.916618
0.028751
0.221790
-0.115858
0.728098
0.655726
0.594166
-0.868475
-0.056070
0.380887
-0.723772
0.404692
-0.698179
-0.118714
-0.968852
0.472166
-1.000000
0.120865
-0.127147
0.089401
-0.576193
0.677876
1.000000
0.548461
0.841834
-1.000000
-0.449582
0.717284
0.521457
-0.685654
0.147409
0.923780
1.000000
-0.623371
0.792847
0.381429
1.000000
0.554016
-0.170131
0.744038
-0.685981
0.322540
-0.330130
-0.457479
-0.220621
-0.439292
0.351669
-0.697554
-0.874964
1.000000
0.683437
0.230896
-1.000000
-0.383767
0.103529
0.295146
0.354916
-0.173553
0.408675
0.028903
0.490416
0.817206
-0.073122
1.000000
-0.942844
-0.550400
-0.973121
-0.183253
-0.637579
0.475828
0.631083
-0.949993
-0.098489
-0.466591
1.000000
0.016314
1.000000
-0.285282
-0.536386
-0.796124
0.449251
0.909652
0.890000
0.567235
-0.209031
-0.505074
-0.464270
0.026802
0.374685
0.124118
0.491508
0.668576
-0.009667
-0.987479
0.863501
-0.183083
0.055998
-0.470352
-0.457424
0.268156
0.298464
0.345951
-1.000000
0.924810
-0.284341
0.749948
0.519518
-0.008970
-0.482396
-0.095876
0.831035
-0.817331
-0.739067
0.808365
0.302144
0.596230
-0.843458
0.598513
-0.102853
0.108426
-0.513085
0.493366
0.172666
-0.834404
-0.241083
0.212480
-0.511746
-0.214622
0.942292
-0.443352
-0.832266
0.668159
0.070967
-0.216566
0.227941
0.810213
-0.608795
-0.054956
-0.460577
0.544467
1.000000
0.927478
-0.294780
-0.615151
-0.308383
-0.204710
0.130893
0.403778
-1.000000
-0.163048
0.061190
-1.000000
0.599370
-0.094979
0.300722
0.740188
-0.316768
-1.000000
0.968173
0.147805
0.289780
0.827876
-0.750249
0.318133
1.000000
-0.569706
-0.183472
0.304503
0.915904
0.260787
-0.103825
0.598540
0.522676
-0.913146
0.510127
0.115607
-0.366473
0.445074
-0.370094
-0.595278
0.424843
-0.535260
-0.664125
-1.000000
0.423766
-0.770778
-0.726012
-0.032529
-0.490863
-0.647954
-1.000000
-0.504724
0.900731
0.464367
1.000000
-0.862877
0.616001
0.151041
0.161464
-0.785469
-0.445493
-0.952254
1.000000
-1.000000
-0.753850
-0.994563
-0.449662
0.788646
-0.372602
-0.163222
0.242033
-0.976326
0.043991
0.297517
-0.005891
-0.056016
-0.085204
0.233407
-0.411522
0.444822
-0.669144
-0.593179
0.067883
-0.670833
-0.403519
1.000000
-0.157840
0.669458
0.153864
-0.386931
0.329539
0.230543
-0.165214
-0.158954
-0.468512
-0.097692
0.277989
0.605202
0.358572
-1.000000
0.040630
0.526629
0.075200
-0.437499
0.998413
-0.912543
-0.275017
0.503501
-0.938104
-1.000000
-0.623860
0.582617
-0.707041
-0.585768
1.000000
-0.371124
0.471026
0.897175
-0.821854
-0.485758
0.792770
-0.141096
0.276003
-0.699724
0.314255
0.510639
1.000000
-0.437542
-0.642000
0.585522
0.802731
0.155796
-0.952865
0.046072
0.636302
0.020048
0.322600
0.489871
0.306868
-0.257120
0.719432
-0.705247
1.000000
0.524721
0.614119
0.823673
-0.078980
-0.141881
-1.000000
0.312826
0.582913
-0.942671
0.324109
-1.000000
-0.095692
-0.051774
-0.105836
-0.189512
-0.681481
0.382165
0.130342
-0.002295
-0.929736
-0.305034
-0.605786
0.286282
0.558022
0.062982
-0.362455
-0.625391
0.285786
-0.364960
-0.570221
-0.496701
0.478660
0.594583
-0.565052
0.150032
0.015953
-1.000000
0.065490
0.703333
-0.416131
-1.000000
-0.105611
0.691065
-0.137448
-0.478331
0.387726
-0.426220
0.396175
0.706825
-0.539831
-0.752859
0.877018
0.444046
0.314688
-0.479692
-0.236710
0.677248
0.735156
-0.922123
-1.000000
-0.838903
0.180109
-0.335349
0.790646
-0.480729
-0.853285
0.071786
-0.518829
-0.252591
0.683869
1.000000
-0.102806
-0.731117
0.483618
-0.585664
0.760540
0.212552
1.000000
-0.164878
0.632251
-0.940121
0.712655
0.465867
-0.344567
-0.001024
-0.505038
0.975013
-0.185509
-0.357630
0.134969
0.421625
1.000000
0.032412
-0.613237
-0.566294
-0.031823
0.215375
-0.651103
-0.649973
-0.499262
0.396240
-0.518426
-0.779153
0.620599
-0.046685
-0.900118
-0.317083
0.490205
0.995094
-0.874576
-0.287691
-0.791736
-0.249468
-0.522362
0.880640
-0.141442
1.000000
-0.631633
1.000000
0.228186
-0.389937
0.142238
-1.000000
0.298712
0.805932
0.951409
-0.442697
0.800949
-0.847936
-0.822528
0.309187
-0.938479
0.423271
-0.225239
0.329158
0.770994
0.090412
0.909572
0.401064
0.186248
0.321285
-0.470763
0.399439
0.411258
-0.000557
-0.535338
0.020917
0.851684
0.258787
0.428736
0.602345
-0.011501
-0.634036
-0.395743
0.088373
0.519095
-0.277165
0.329888
0.472328
0.840199
0.430937
0.836436
-1.000000
0.863386
0.103197
-0.932211
0.116962
-0.241999
0.129465
0.113214
0.943614
0.945911
-1.000000
-0.603277
0.517671
0.031184
-0.572590
-0.099261
-0.986358
0.664014
0.212967
-0.655034
-0.999073
0.865658
-0.034348
-0.056358
-0.158344
0.108037
0.275355
-0.982760
-0.768392
-0.963724
0.655774
1.000000
0.493266
-0.713918
0.098947
-0.778650
-0.895906
-0.255259
0.388406
0.126892
0.055496
-0.727451
0.394802
0.007492
-0.388047
0.742945
-0.235960
-0.466530
-0.999675
0.027739
-0.979880
-0.459101
-0.077519
-0.775847
-0.605671
-0.773209
0.298824
0.309384
0.771583
0.665478
-0.697146
-0.413132
0.775740
0.723417
-0.481960
1.000000
-0.095880
1.000000
0.075538
-0.316518
-1.000000
0.122165
-0.001192
-0.801284
0.908732
-0.331601
-0.305847
-0.143589
-0.810619
-0.338984
-0.323764
0.015235
0.372356
0.988528
0.297973
1.000000
-0.210578
-0.245524
0.751957
-0.013719
-0.116555
0.571291
-0.355428
-1.000000
0.832596
1.000000
-0.926006
0.845323
0.104041
0.312248
0.221769
0.391677
0.968148
1.000000
-0.488354
0.496604
0.761779
-0.534391
0.701341
1.000000
0.014946
-0.287741
-0.155529
-0.445202
-0.327547
-0.995275
-0.808480
-0.765996
0.559608
-0.054556
-0.276268
0.993734
0.051913
0.439654
1.000000
-0.791595
0.756890
-0.862138
0.829683
0.563276
-0.444252
-0.392753
0.010285
0.418910
-0.099027
0.980637
0.949393
-0.016796
0.526579
0.636074
-0.166187
1.000000
-0.310875
0.204818
1.000000
0.903391
-0.193351
-0.738195
-0.787122
-0.940497
-0.056311
-1.000000
0.873018
-0.926904
0.945109
0.940721
-0.166950
-0.856873
-0.067712
-0.931675
0.397611
0.637520
0.702541
0.617458
0.736999
0.838649
0.424111
-0.370679
-0.495474
-0.686955
-0.322655
0.854197
0.760471
0.087257
0.357326
0.950517
0.462817
-0.153659
-0.047736
-0.133489
0.096897
-0.126352
-0.528932
0.112596
0.535807
-0.619507
0.229719
0.789463
0.924486
0.268136
0.312034
0.051159
0.503975
-0.947669
-1.000000
-0.800646
0.205712
-0.363961
0.185369
0.166340
0.131241
-0.615353
0.682450
0.171710
0.063437
-0.354199
-0.833797
-0.734981
0.446908
1.000000
-0.343887
-0.962718
-0.602832
-0.087483
0.300249
-1.000000
0.405475
-0.795260
0.347382
0.225179
-1.000000
0.843483
-0.848088
0.168893
0.486236
-0.942492
0.811343
-0.667094
-0.781882
-0.419913
-1.000000
0.738974
-0.383526
-0.419953
0.444455
-0.186030
0.831376
-0.624450
-0.242070
-0.097617
-0.427657
0.083183
0.968919
0.742964
-0.251111
0.427081
-0.473231
0.738261
-0.890231
0.579841
-0.266194
0.868137
-0.853621
0.671076
-0.655311
1.000000
-0.160933
0.209144
0.253222
-0.706518
0.072136
0.111504
-0.426140
-0.711276
-0.570293
-0.508653
-0.998154
-0.042900
0.324539
0.216109
-0.002180
-0.444549
-0.553217
-0.596882
-0.595290
0.121660
0.808246
0.436938
0.443275
0.821698
0.190397
0.536472
-0.647107
1.000000
0.264306
-0.853893
-0.271781
0.510526
0.080304
-0.040070
-0.415873
0.605591
0.541093
0.096503
-0.226969
0.205876
-0.447499
-0.485639
0.579221
-0.480278
-0.874143
0.037617
0.748254
-0.829255
-0.583488
0.981400
0.031487
0.808896
-0.761159
-0.179688
-0.661440
-0.050847
0.684438
0.670081
0.526733
0.970487
-0.431273
-0.138396
-0.764989
-0.955057
0.372885
-1.000000
-0.528309
-0.517185
-0.907309
-0.563618
-1.000000
0.144573
-0.658194
0.273270
0.663761
-0.396837
-0.778035
-0.675395
-0.063063
0.286766
-0.617586
-0.401877
0.405837
-0.543710
0.438578
-0.792129
0.941769
-0.151100
0.115091
0.256860
-0.105799
0.133276
-0.728965
0.336294
-0.279407
-0.106142
0.684879
-0.273514
-0.033303
0.291525
0.622828
-0.849675
0.947821
0.043461
0.692081
-0.806129
0.043445
-0.745423
0.434169
0.151766
0.344792
0.340759
0.594804
0.471396
0.939017
1.000000
0.639489
0.817599
0.523029
0.437363
-0.650291
-1.000000
-0.177768
0.774235
0.333404
0.362108
-0.775510
-1.000000
0.416622
-0.829828
0.893914
-1.000000
0.486952
0.073444
0.952262
-0.732824
0.990300
0.502102
1.000000
-0.326926
-1.000000
0.469480
-0.691441
-0.695224
0.695620
-0.035759
-0.363515
0.250658
0.771119
0.695291
0.405293
-1.000000
0.481236
-0.532578
-0.089895
-0.186111
-0.179084
1.000000
-0.234309
0.325159
0.210006
0.793831
-1.000000
0.039936
-0.904089
1.000000
-0.161232
-0.866440
0.856050
0.275379
-0.019856
0.944037
-0.313431
0.418708
0.022129
1.000000
-0.474803
-1.000000
0.337923
-0.854528
0.991450
0.904139
0.054843
-1.000000
0.595239
-0.995940
-0.292862
0.390615
0.208778
0.070786
-0.636265
0.706895
-1.000000
-0.426736
-0.155079
0.042373
-0.695318
-0.758197
0.058720
0.066134
-0.223049
-0.218451
-0.162186
0.579765
1.000000
-0.553661
-0.315764
-0.517187
0.048132
-0.114843
0.008314
0.975247
-0.336734
-0.091358
-0.259978
0.106395
0.174696
0.784794
0.895368
-0.875158
0.739503
-0.357826
-1.000000
0.415219
0.614121
1.000000
-0.118820
-0.051020
-0.015482
0.875339
0.193097
1.000000
0.185651
0.523755
0.473842
0.987456
-0.498303
-0.445402
0.640074
-0.277399
0.017823
0.935736
-0.563420
-0.651843
-0.887167
-0.067259
0.228248
0.351472
-1.000000
-0.363801
0.582627
-0.407962
-0.573248
0.389670
0.612955
-0.100132
0.327876
-0.045827
-0.950176
0.821265
-0.079928
-0.047139
-0.039596
0.668349
0.988157
-0.252801
0.371163
1.000000
-0.968466
-0.839382
-0.373711
-0.450123
0.640782
0.778608
-0.629556
0.505728
-0.291402
0.601185
0.365813
0.171375
0.054157
-0.351212
0.457646
-0.284952
-0.113190
-0.770297
-0.089075
-0.197032
0.163184
0.870195
-0.123962
-0.694911
-0.520341
0.427865
-0.973881
-0.185221
-0.046374
0.684342
-0.480111
1.000000
0.014271
0.001261
0.775997
-0.776996
-0.216627
-0.506933
0.111194
-0.188032
0.146351
0.708720
0.477350
-0.971712
0.698945
0.154465
0.877801
0.195688
-0.104866
1.000000
1.000000
0.744370
-1.000000
-0.393326
-0.432332
0.160170
-1.000000
0.229270
0.200438
0.479545
-0.060228
-1.000000
0.525328
-0.336081
0.412677
0.029246
-0.123878
-1.000000
-0.317432
0.059352
0.984588
-0.358850
0.908538
0.861641
-1.000000
0.011680
0.406400
-0.138258
-0.358436
-0.839408
0.067305
1.000000
-0.572779
-0.553511
-0.615293
-0.113316
0.836371
0.034295
-0.005263
0.768242
-0.559491
0.098136
-0.601807
0.854683
-0.345918
-0.294399
-0.303924
0.447037
-0.214375
-0.455378
-0.020520
-0.727379
0.182346
0.828600
0.286998
0.470375
-0.092874
-0.985901
-0.958097
-0.989721
0.197323
0.934305
-1.000000
0.131078
-0.752888
-0.295927
-0.501007
0.552036
-0.434965
-0.841399
-0.379187
-0.840979
0.313896
0.436489
0.982205
0.111336
0.452929
0.621208
0.955007
0.390511
0.137411
0.479349
0.138044
0.388805
-0.562019
-0.027169
-0.240023
-0.541540
1.000000
-0.591201
-0.126966
0.091293
1.000000
-0.336770
-0.940378
-1.000000
-0.180353
0.438268
-0.192782
-1.000000
1.000000
-0.351039
0.597051
-0.507766
-0.080978
0.417754
-0.891098
-0.264701
-0.963258
-0.056520
0.028322
0.900851
1.000000
-0.273104
-0.221836
-1.000000
1.000000
-0.839456
-0.229831
-0.163336
-0.160941
-0.621394
-1.000000
0.366460
0.398994
-0.844150
0.433593
0.152581
0.896850
-0.105703
-0.444606
-1.000000
-0.413854
0.911045
-0.814270
-0.379611
-0.295100
-1.000000
0.314054
-1.000000
-0.394514
0.173980
-0.170038
-0.953683
-0.025409
1.000000
-0.618557
-0.228485
-1.000000
0.528821
-0.921276
-0.429853
-0.376309
0.034950
0.732493
0.487540
0.005407
0.668682
0.819500
0.665413
-1.000000
0.552956
-0.143071
-0.001639
0.257499
-0.544059
-0.283445
-0.346774
0.805898
0.890108
0.122043
-0.969847
0.862932
-1.000000
-0.418909
0.298722
1.000000
-0.260885
-0.652297
0.402767
0.092071
0.243326
0.042147
0.006713
0.047199
0.010004
0.122235
0.008696
0.139826
0.213043
0.004928
0.251335
0.011769
0.164456
0.003603
0.034484
0.189273
0.177757
0.018827
0.005341
0.020854
0.001361
0.042520
0.065553
0.261081
0.023738
0.097584
0.250808
0.348371
0.046778
0.134742
0.007639
0.004608
0.146184
0.010260
0.032154
0.036924
0.032921
0.015217
0.029626
0.022209
0.022010
0.011079
0.001283
0.057324
0.020062
0.017482
0.108859
0.038409
0.143680
0.075633
0.067735
0.009432
0.046009
0.106241
0.006678
0.250151
1.651698
0.036144
0.006755
0.021533
0.048469
1.957592
0.050406
0.041002
0.489259
0.013947
0.439021
0.079598
0.065020
0.084202
0.005412
0.453528
0.002067
0.156457
0.007358
0.020894
0.005713
0.528387
0.211900
0.012565
0.142217
1.430370
0.013024
0.017422
0.202718
1.659532
0.216485
0.177101
0.053144
0.080608
0.090554
0.007442
0.019832
0.155333
0.350387
0.000965
0.049071
0.027478
0.004754
0.025862
0.191617
0.047558
0.002427
0.032147
0.255684
0.001170
0.400674
0.374286
0.007444
0.026845
0.069250
0.171940
1.648738
0.003573
0.213766
0.858629
0.008227
0.107733
0.238539
0.008329
0.054606
0.032197
0.125128
0.024314
0.002108
0.146346
0.157366
0.011262
0.010020
0.141953
0.001048
0.047920
1.016265
0.667735
1.611952
0.000887
0.446220
0.016045
0.015406
0.428026
0.081911
0.015288
0.001417
0.339006
0.044350
0.030117
0.140013
0.009206
0.199318
0.437275
0.012712
0.198653
0.022928
0.174087
0.085623
0.038414
0.000545
0.391279
0.027292
0.011012
0.026729
0.024108
0.027951
0.206661
0.001112
0.517234
0.027564
0.000694
0.046115
0.657929
0.000760
0.002560
0.025480
0.209950
1.141408
0.116695
0.002069
0.002116
0.039150
0.559595
0.001793
0.002743
0.214166
0.028536
0.032565
0.269321
69.135757
0.330151
0.009160
0.266401
0.029143
0.047931
0.057611
0.028814
0.007256
0.803886
0.029244
0.607531
0.075279
0.043658
0.013763
0.003143
0.002935
0.190738
0.155057
0.380762
0.147037
0.077395
0.542183
0.156044
0.641013
0.050045
0.574385
0.015643
0.030424
0.062729
0.012844
0.009579
0.099468
0.192690
0.030149
0.061104
0.011506
3.981594
0.837270
0.119573
0.030977
0.083011
0.137830
0.017330
0.208077
0.468065
0.081344
0.019935
0.021871
0.006762
0.006359
0.236304
0.033278
0.006440
0.059163
0.564164
0.034473
0.214207
0.560496
0.302253
0.113164
0.193733
0.129980
0.555337
0.018923
0.109991
0.012971
2.010875
0.028679
0.021860
0.017068
0.083382
0.056442
0.063108
0.016224
0.754094
0.058341
0.094171
0.011799
0.009963
0.012653
1.649057
0.004380
0.367559
0.007281
0.008971
0.357087
0.013640
0.047854
0.004705
0.977584
0.001205
0.006438
0.020757
0.035782
2.216544
0.013740
0.329085
0.326863
0.082736
0.006373
0.022561
0.030483
0.002906
0.033416
0.035496
0.030403
0.384564
0.035145
0.046670
0.031184
0.015954
0.075106
0.559640
0.376264
0.144934
0.038841
0.025188
0.292923
0.357821
1.128588
0.070103
0.025262
0.128184
0.272479
1.044689
0.056944
0.123383
0.279784
0.004029
0.195653
0.082838
0.215778
0.047158
0.156602
0.045963
0.405013
0.057804
0.005876
0.105428
0.906830
0.902638
0.249854
0.012496
0.019627
0.000690
0.048823
0.009810
0.159208
0.103282
0.032294
1.020457
0.016982
0.002816
0.076445
0.564573
2.070556
0.135235
0.052536
1.381324
0.146648
1.082076
0.103028
0.039500
0.193648
0.084968
1.367590
0.630086
0.009038
0.073597
0.082640
0.022818
0.125752
0.001435
0.011728
0.072164
0.360470
0.093446
0.488636
0.325183
0.075821
0.066319
0.920093
3.180592
0.166513
0.000671
0.001587
0.396044
0.011684
0.028170
0.021022
0.039498
0.029363
0.024625
0.022994
0.241889
0.017871
0.001010
0.226625
0.021972
0.433714
1.539097
0.158042
3.634361
0.209537
0.047941
2.721471
0.009741
0.129384
0.369935
0.719178
0.002020
0.578260
0.188175
0.754875
0.233508
0.059343
0.005575
0.054084
0.043271
0.027951
1.376056
0.003258
0.000444
0.151026
0.080832
0.216582
0.070405
0.000399
0.006815
0.178502
0.133320
0.137242
0.001130
0.003373
0.019857
0.095694
0.029419
0.003178
0.430610
0.069550
0.009086
0.105094
0.136760
0.087428
0.380576
2.071321
0.003056
0.002161
0.296648
0.094843
0.018254
0.078751
1.760974
1.210139
0.048422
0.280101
0.009520
0.011358
0.009676
0.110617
0.047235
0.528508
0.064033
0.304454
0.102596
0.009274
0.704372
0.020375
0.007636
0.094085
0.014878
0.245136
0.008584
0.167934
1.082684
0.039358
0.006948
0.018807
0.208540
0.021945
0.210693
0.675851
1.200934
0.065279
0.194811
0.178353
0.079089
0.026404
0.186823
0.001325
0.160938
0.133802
0.084065
0.234921
0.110817
0.260819
0.001108
0.003200
0.305524
0.066212
0.223461
0.840639
0.206865
0.024989
0.007162
0.059095
0.003902
0.000746
0.054940
0.018914
0.009187
0.092936
0.005555
0.183659
0.433606
0.105412
0.006579
0.007366
0.088006
0.012975
0.210037
4.997902
0.003307
18.602171
0.007589
0.038878
0.005437
3.133531
0.020932
0.010790
0.387629
0.019505
0.095664
0.015920
0.004903
0.162469
0.085702
0.002197
0.062223
0.023007
0.001085
0.077573
0.010869
0.000746
1.441019
0.018030
0.322444
0.205079
0.571659
0.019138
0.081926
0.008509
0.076972
0.034343
0.156883
0.011049
0.095552
0.003124
0.134851
0.026884
0.090122
0.031083
0.056557
0.002257
0.002216
0.006968
0.709506
0.026182
0.026484
0.547526
0.007054
0.067938
0.036598
0.081131
0.054312
0.026298
0.001722
0.613421
0.009445
0.052953
0.001227
0.000559
0.032847
0.033999
0.003084
0.248807
0.045511
0.017584
0.106909
0.002788
0.380733
0.160228
0.025916
0.003844
0.053839
0.010327
0.015669
0.087829
0.781237
0.003721
0.006454
0.012948
0.075675
0.310839
0.397619
0.422354
0.016755
0.012876
0.103926
0.006071
0.009167
0.083690
0.049220
0.036388
0.014751
0.034393
0.132109
0.027389
0.011453
0.118572
0.016529
0.038193
0.138020
0.023990
0.000862
0.008962
0.699262
0.098367
0.073020
0.106574
0.043010
0.002312
2.988894
0.008479
0.004962
0.024551
0.001708
0.082467
0.180991
0.043644
0.273926
0.488285
0.007452
0.049501
0.035605
0.065353
0.005175
0.101274
0.437171
0.018354
0.029506
0.111660
0.041306
0.011243
0.062011
0.036148
0.249968
0.002447
0.003535
0.039913
0.076134
0.009646
0.031022
0.012257
0.021931
0.307198
0.016214
0.023962
0.007723
0.158589
0.004185
0.107776
0.723356
4.519292
0.307343
0.339919
0.014381
0.046979
0.001463
0.370320
0.001030
0.005459
0.190482
0.076795
0.652310
0.001711
0.002728
0.008796
0.005759
2.393755
0.136919
0.025661
0.043350
0.850876
0.003322
0.035641
0.648620
0.133331
0.061564
0.011098
0.000419
0.004186
0.010664
0.008142
0.086594
0.106267
0.065951
0.015036
1.118876
0.094240
0.017352
0.033340
0.006005
0.514612
0.212720
0.293097
0.015605
0.004405
0.002816
0.129209
0.002320
0.004547
0.003731
0.130145
0.009722
0.000568
0.002390
0.268905
0.002479
0.462571
1.527222
0.329108
0.096317
0.030297
0.024271
0.953635
0.338405
0.053378
0.009711
0.008597
0.000213
0.935226
0.190606
0.004200
0.004928
0.070489
0.133151
1.334450
0.002400
0.000798
0.024953
0.050628
0.002277
0.073434
0.181472
1.144729
0.108980
0.833377
0.071187
0.012337
0.075996
0.001626
0.264884
0.164176
0.002246
0.001165
0.079231
0.095604
0.066192
0.267707
0.004823
0.022925
0.049705
0.494004
2.068542
0.069299
0.047904
0.112162
0.088757
0.955017
0.036047
0.066136
0.490930
0.008629
0.083093
0.522794
0.082926
0.261360
0.501512
0.044161
0.287459
9.420888
0.289816
0.011944
0.009031
0.165744
0.162184
0.165259
0.002370
0.001081
0.097510
0.093946
0.003534
0.219563
0.289812
0.003585
0.259315
0.016119
0.208614
0.339797
0.126955
0.238704
0.015930
0.014426
0.021941
0.002828
0.171928
0.006263
1.252556
0.012327
0.649894
1.453982
0.033479
0.016288
2.397851
0.039328
0.060837
0.027995
0.002724
0.014487
0.013280
0.142311
0.052083
0.005904
0.006578
0.208786
0.137077
0.140990
0.003804
0.023135
0.396107
0.056327
0.108801
0.280138
0.009525
0.259058
0.000389
0.002394
0.231543
0.054105
0.003320
0.136491
0.039885
1.034372
0.036873
0.385651
0.306022
0.252612
0.145078
0.008379
0.082494
0.016857
0.032557
0.205558
0.044505
0.007776
0.015982
0.014221
0.076804
0.001431
0.064486
0.232477
0.003349
0.907048
0.015732
0.085731
0.138656
0.002554
0.054263
0.276756
0.045372
0.123341
0.057942
0.009614
0.106865
0.003301
0.007756
0.058021
0.002054
0.012705
0.051732
0.314973
0.199825
0.098867
0.009965
0.100216
0.025675
0.017050
0.068561
0.017848
0.024891
0.008032
0.005329
2.948441
0.009615
0.017138
0.161865
0.017380
0.629507
0.061900
0.115536
7.456386
0.082909
0.005744
0.001303
0.132559
0.006277
0.066825
0.002345
0.223218
0.658007
0.046522
0.230134
0.052925
0.163752
5.145574
0.268392
0.565609
0.026793
0.128242
0.011112
0.014226
0.820888
0.101134
0.001450
0.166979
0.143591
0.000861
0.071702
0.665710
0.071281
0.012574
0.107385
1.162669
0.160451
0.007189
0.009051
0.006971
0.129836
0.644489
0.091517
0.384224
0.002965
0.012330
0.006745
0.213414
0.076010
0.055234
0.036363
0.041255
0.003841
0.171649
0.072481
1.719404
0.251449
0.004635
3.330384
0.001139
0.274346
0.048600
0.519374
0.090616
0.155643
0.038883
0.020620
0.043313
0.143505
0.012286
0.284509
2.558038
0.080536
0.566002
0.063075
0.023553
0.002630
0.046037
0.001635
0.037212
0.023476
0.165156
0.081127
0.034390
0.034874
1.090006
0.023937
0.166356
0.099274
0.234771
1.600628
0.018207
0.022440
0.010772
0.176978
0.005818
0.021926
0.186789
0.024317
0.109047
0.061684
0.200026
1.032412
0.019613
0.079046
0.054333
0.021321
0.043783
0.003898
0.015918
0.029274
0.001665
0.040745
0.122642
0.001605
0.015092
0.042933
0.070422
0.025818
0.250859
0.280716
0.176271
0.347487
0.060798
0.018837
0.085310
1.299202
0.001770
0.038548
0.201798
0.226410
0.007438
0.333036
0.203264
0.016268
0.169460
0.011272
0.031895
0.005867
0.201959
0.050523
0.087915
0.219619
0.012093
0.026733
0.249693
0.010558
0.004445
0.000549
0.024180
0.037000
0.072701
0.050650
0.126085
0.023811
0.025577
0.020289
0.011363
0.232341
0.000289
0.035767
0.055822
0.039971
0.124167
0.031817
0.801242
0.063291
0.024767
0.068218
0.033043
0.233181
0.002723
0.063709
0.018154
0.013657
0.001743
0.017908
0.169978
0.068660
0.977467
0.003225
0.034776
0.022813
0.033311
0.395359
0.160858
0.018026
0.022300
1.716491
0.016042
0.011171
0.007501
0.004012
0.073863
0.404985
0.012802
0.026225
0.003417
0.142470
0.939415
0.005430
0.156449
0.023468
0.091226
0.062861
0.120066
0.016049
0.006086
1.141749
3.568699
0.268358
0.035674
0.064161
0.121856
0.083902
0.155109
0.043147
0.052978
0.011366
0.118744
0.316093
1.076967
0.008865
0.311461
0.276128
1.095098
0.050103
0.011500
0.002119
0.294364
0.060358
0.006279
0.191232
0.267389
0.068129
0.028328
0.007631
0.007822
0.025713
0.016809
0.041759
0.092068
0.001923
0.011005
0.040243
0.005504
0.031614
0.182533
0.264792
0.067941
0.009744
0.707981
0.097852
0.174947
0.019481
0.020995
0.019036
0.015678
0.287359
0.318875
0.303299
0.027746
0.191426
0.833466
0.023539
0.060298
0.139673
3.450983
0.043904
0.095502
0.049221
0.012548
0.485088
4.755792
0.004343
0.013179
0.021643
0.012045
0.293135
0.010186
0.002349
0.105500
0.095563
0.179496
0.036442
2.698524
0.078660
0.176374
0.166523
0.116519
0.040132
0.078497
0.177518
0.076505
0.015370
0.044497
0.018960
0.029467
0.241454
0.007007
0.044082
0.025171
0.261808
0.918555
0.001621
0.058550
0.028635
0.161136
0.282329
0.006747
0.059564
0.011378
0.046520
0.000561
0.009163
0.217501
0.211142
0.001218
0.009680
0.060985
0.000351
0.023054
0.128486
0.180116
0.076058
0.808923
0.521021
0.159184
0.146979
0.027774
0.003562
0.016252
0.104406
0.300740
0.010856
0.007005
0.065668
0.002985
0.324469
0.014321
0.008046
0.028604
0.117291
0.041959
0.041705
0.267169
0.036160
0.927898
0.033942
0.061375
0.138365
0.994883
0.035139
0.046959
0.005568
0.208077
0.006460
0.001629
0.039205
0.058585
0.604912
0.085203
0.341208
0.194468
0.252677
0.001174
0.304218
0.004604
0.002597
0.013190
0.033553
0.004137
0.086978
0.386143
0.167207
0.025715
0.334140
0.235007
0.095205
0.336072
0.074745
0.021676
1.115878
0.098371
0.104066
0.228990
0.019060
0.049228
0.523106
0.195538
0.053886
0.023814
0.037649
0.018813
0.008709
0.370944
0.166604
0.016133
0.170168
0.029850
0.019262
0.069522
0.062759
2.701509
0.248934
0.022530
0.036831
0.019408
0.003466
0.088528
0.200904
0.555172
0.059550
0.001118
0.011482
0.005597
0.543498
0.027099
0.002828
0.022813
0.182644
0.038304
0.010021
0.048796
0.006135
0.045177
0.165786
0.046419
0.064920
0.127980
0.166021
0.003393
0.004441
0.359556
0.005129
0.010126
0.018239
0.100785
0.018912
0.594779
0.017073
0.164546
0.056667
0.044415
0.034600
0.050161
0.070327
0.056847
0.041654
0.424615
0.197778
0.007357
0.000440
0.186649
0.001091
1.160004
0.003199
0.042731
0.122757
0.012288
0.084927
1.757599
1.626403
0.253133
0.004557
0.670492
0.048611
0.495568
0.003051
0.004079
0.000717
0.020893
0.221189
0.819801
0.084220
0.013628
0.419227
0.734604
0.035180
0.191650
0.214646
0.021264
0.016509
0.988529
0.008526
2.848612
0.028191
0.065146
0.430433
0.024302
0.098183
0.019628
0.403425
0.024672
0.004050
0.043284
0.036062
0.079278
0.705674
0.002692
0.344243
0.084575
0.049321
0.024039
0.201307
0.521696
0.028102
0.010855
0.008274
0.008038
0.992731
0.077024
0.028482
0.586632
0.136437
0.345682
0.007708
0.144509
0.093039
0.629263
0.194863
0.332288
0.076969
0.556214
0.154014
0.392296
0.051624
0.039881
0.018062
0.087209
0.075404
0.000431
3.360508
2.000541
0.064069
0.040120
0.161330
0.000316
0.012281
1.396494
0.040048
0.026881
0.230022
0.158413
0.102160
0.023847
0.994790
0.037766
0.116023
0.356373
0.078378
0.494192
0.076505
0.455610
0.003039
0.434598
0.006194
0.006408
1.309056
0.004222
0.019931
0.029845
0.012567
0.751322
0.005418
0.219088
0.101709
1.431230
0.332364
0.098982
0.676116
0.006934
0.013875
0.030522
0.022461
0.077500
0.006030
0.165489
0.026971
0.000948
0.025266
0.112148
0.065391
0.045681
0.168094
0.151943
0.176045
0.007911
0.023406
0.563722
0.019603
0.440072
0.044913
0.163565
0.005478
0.002045
0.191184
0.019562
0.083529
0.038623
0.126297
1.315029
0.008338
0.108920
0.873572
4.419148
0.398543
0.075666
0.060198
0.004211
0.002615
0.026203
0.005804
0.017544
0.026690
0.002106
1.327201
0.303722
0.167968
0.005980
0.005562
0.013575
0.250611
0.087427
0.077010
0.019270
0.003139
0.713501
0.031544
0.151645
0.054420
0.022228
0.006288
0.079072
0.075117
0.024377
0.047515
0.145127
0.111426
0.251982
0.004335
0.016327
1.423825
0.006789
0.209859
0.100711
0.001573
0.187861
0.001487
0.132171
0.120271
0.011012
0.543339
0.008939
0.006953
0.021646
0.021914
1.125758
0.022608
0.018852
0.153910
0.481630
0.328294
0.006117
0.093259
0.030568
0.060893
0.002623
0.556947
0.035229
0.024466
0.671486
0.011055
0.041560
0.007062
0.036475
0.033180
0.064078
0.581906
0.016701
0.035023
14.374154
0.201894
0.001598
0.059866
0.270088
0.080816
0.200137
0.014154
4.040832
0.264099
0.432654
0.024413
0.010919
0.009431
0.004213
0.083662
0.051626
0.012124
1.196648
0.192226
0.012227
0.004389
0.007621
0.054366
0.223628
0.033915
0.139557
0.013338
0.026971
0.522907
2.211835
0.017747
0.106369
0.002571
0.200154
0.041735
0.001594
0.212791
0.179216
0.122576
0.366474
0.018636
0.011911
0.019568
0.309427
0.062317
0.019950
0.100514
0.011740
0.007372
0.488858
0.050471
0.026431
1.301181
0.561566
0.040826
1.306203
0.001854
0.004786
0.129638
0.010565
3.269393
0.004165
0.098552
0.098166
0.012296
0.254877
0.011401
0.002990
0.162477
0.004098
0.217109
0.011793
0.027924
0.309534
0.436954
0.044134
0.048340
0.054001
0.344030
0.269945
0.051841
0.009763
1.975302
0.000610
0.083410
0.004217
0.066815
0.090792
0.133161
0.080184
0.525964
0.376312
0.051321
0.111015
0.018205
1.288203
0.057603
0.071181
0.092768
0.026135
0.055731
0.082059
0.001048
0.007965
0.024926
0.177666
0.031308
0.005139
0.027284
0.007416
0.008620
0.021092
0.044087
0.004847
0.120583
0.028419
0.015987
2.338662
0.013924
0.009591
0.140664
0.000587
0.068168
0.003784
0.037035
0.016522
0.031758
0.003277
0.009504
0.001828
0.000318
0.632207
0.006444
0.045042
0.020267
0.014914
0.217681
2.830819
0.021418
0.003867
0.228093
0.016783
0.025153
0.491344
0.035917
0.536730
0.216723
0.031192
0.003211
0.057390
3.097473
0.072010
0.049474
0.298587
0.004088
0.000486
0.457064
0.032018
0.041050
0.105388
0.051130
0.186333
0.004431
0.213258
0.577735
0.435836
0.025498
0.016562
0.178393
0.007619
0.003181
0.032723
0.008021
0.173648
0.176006
0.237629
0.299329
0.059759
0.015721
0.054687
0.771111
0.088534
1.146053
0.059525
0.403937
0.053996
0.004112
0.028259
0.059253
0.002167
0.014683
0.036625
0.000880
0.277155
0.014586
0.048888
0.005265
0.326876
0.016308
0.023256
0.125937
0.072832
0.808417
0.004581
0.086829
0.013985
0.059108
0.059125
0.036423
1.318367
0.008844
0.037110
0.611271
0.714160
1.316797
0.140113
0.003535
0.964042
0.045569
0.002482
0.048625
0.196160
0.026471
0.002796
0.087698
0.397186
0.083929
13.888500
0.106633
2.430352
0.091201
0.041524
0.918021
0.071558
0.457807
0.009734
0.352617
0.003289
0.039092
0.017980
0.073012
0.018612
0.025532
0.106284
0.094462
0.196758
0.004105
0.112811
0.021085
0.140983
0.021851
0.010401
0.002004
5.716742
0.042965
0.088229
0.110813
0.001316
0.008781
0.002810
0.019587
0.141346
1.093769
0.486633
0.009548
0.037777
0.148797
0.139144
4.739438
0.012166
0.019244
0.087392
0.008058
0.024172
0.012023
0.018539
0.003259
1.036321
0.025613
0.222543
0.005810
0.022326
0.100772
0.120436
0.017666
0.085254
0.014206
0.001318
0.018519
0.037443
0.071490
0.086741
0.003803
0.007101
1.307327
0.070308
0.761663
0.229991
0.005016
0.070556
0.327142
0.050792
0.017835
0.036652
0.018968
0.015970
0.024134
0.125970
0.196839
0.034210
0.653030
0.012567
0.040313
0.711207
0.018218
0.008232
0.004738
0.008617
0.867191
0.044968
0.582376
0.066960
0.980035
0.113818
0.241445
0.001365
1.195298
0.002420
0.006786
0.023999
0.312115
0.105680
1.838805
0.031631
0.052034
0.158551
0.195654
0.006984
0.034135
2.217211
0.123356
0.031118
0.103712
0.379390
0.009989
0.023581
0.066089
0.151896
0.000570
0.138985
0.008238
0.031681
0.044949
0.047042
0.073171
0.342567
0.563293
1.165124
0.006596
0.001460
0.337461
0.002957
0.015060
0.076276
0.005449
0.107087
0.023007
0.176089
0.048130
0.121054
0.002140
0.004093
0.210233
0.010965
0.000740
0.150163
4.233854
0.003125
0.072571
0.242708
0.079724
0.045609
0.002967
0.131604
0.019778
0.003496
0.032717
0.006957
0.099726
0.105636
0.104610
0.003822
0.425790
0.024390
0.033485
0.463846
0.007504
0.015908
0.005355
0.013448
0.041383
0.007764
0.009370
0.017868
0.548505
0.012036
0.068865
1.099506
0.006581
0.151912
0.001927
0.105696
0.004796
0.003675
0.094375
0.018567
0.226506
0.283361
0.128101
0.026400
0.473722
0.091404
0.005858
0.052000
0.004316
0.463243
0.003440
0.303131
0.600563
0.020349
0.045744
0.077606
0.023613
0.084600
0.041917
0.381560
0.001802
0.023465
0.056518
0.167553
0.123638
0.628414
0.000808
0.584560
0.286807
0.080303
0.024849
0.001966
0.388129
1.943397
0.001700
0.015872
0.062562
0.121180
0.005255
0.041246
0.020107
0.004628
0.017655
0.007265
0.022241
0.009896
0.454087
0.494070
1.162327
0.077880
0.041818
0.033142
0.039523
1.202248
0.009227
0.017519
0.025640
0.136324
0.002388
0.014669
0.333921
0.015093
0.323410
0.350514
0.003829
0.122493
0.333740
0.039902
0.059060
0.125133
0.010257
0.152912
0.103634
0.103514
1.101579
0.039706
0.026365
0.369939
0.005868
0.030936
0.099942
0.182372
0.318909
0.059867
0.045096
0.154040
0.012904
0.070894
0.036821
0.042389
0.010046
0.128314
0.011997
0.531377
0.037598
0.054781
0.025016
0.034939
0.879315
0.181786
0.009967
0.006024
0.009968
0.026566
0.045904
0.000480
0.043601
0.163147
0.009198
0.191309
0.377547
0.076300
0.028493
0.028649
0.050350
0.087834
0.013369
0.025963
0.288259
0.748668
0.693043
0.007964
2.147815
0.095215
0.565537
0.455064
0.060599
0.556247
0.015670
0.104338
0.673615
0.032535
0.023252
0.042555
0.002183
0.025881
0.004811
0.288582
0.011519
0.228900
0.018634
0.053284
0.063576
0.028152
0.040606
0.000124
0.070326
0.053298
0.004354
0.520136
0.004772
0.020361
0.009353
0.003169
0.107478
0.004875
0.139368
0.100653
0.103532
0.050653
0.092852
0.007525
0.006937
0.009648
0.013911
0.125433
0.024131
0.162629
0.098811
0.007231
0.013893
1.653330
0.015368
0.160101
0.001935
0.659688
0.223021
0.025338
0.003352
0.006043
0.022408
0.256282
0.944938
0.049307
3.581718
1.689436
1.109448
0.135793
0.576446
0.004016
0.060883
0.007863
0.082756
0.052412
0.756430
0.176119
0.072491
0.001687
0.085822
0.100457
0.021194
0.145784
0.002581
0.056370
0.225885
0.021370
0.158870
0.101197
0.017457
0.074593
0.048616
0.023860
0.003293
0.123252
0.001813
0.015945
0.003407
1.758776
0.014011
0.004197
0.001833
0.007837
0.030401
0.551637
0.017701
0.236223
0.142525
0.010357
0.014389
0.024881
0.009551
0.080843
0.151519
0.084313
0.012384
0.797767
0.019400
0.002713
0.100201
0.051712
0.020280
0.036294
0.004203
0.003135
0.372453
0.005158
0.063689
0.050206
0.011420
0.422041
0.025266
0.047895
0.238569
0.024698
0.034377
0.056295
0.290205
0.128588
0.020643
3.303063
0.007326
0.024768
0.019198
0.302938
0.059084
0.011569
0.493978
0.150302
0.145179
0.277057
0.052310
0.363951
0.007972
0.006454
0.004285
0.078779
0.001156
0.088728
0.033798
0.093190
0.002988
0.244200
0.467834
0.005101
0.040802
0.188889
0.084742
0.450957
0.023233
0.028178
0.124855
0.210656
0.066091
0.205392
0.011603
0.029239
0.022436
0.017580
0.152723
0.083771
0.005651
0.008585
0.715204
0.005017
0.002606
0.061419
0.271426
0.083564
0.002393
0.001186
0.151347
0.257336
0.165797
0.063472
0.082546
0.041853
0.083169
0.000446
0.071896
0.030036
0.148728
0.070488
0.030700
0.004295
0.087475
0.011994
0.023663
10.410068
0.072521
0.009245
0.060483
0.017023
0.019421
0.212098
0.015910
0.014143
0.018427
0.009430
0.061737
0.118328
0.010458
0.013400
0.048707
0.048217
0.154492
0.008584
0.014766
0.117415
0.024332
0.027649
0.191214
0.055733
0.064375
0.165510
0.008181
0.230856
0.027226
0.000699
2.352186
0.046770
0.014394
0.002442
1.258766
0.016408
0.032619
0.221403
0.000673
0.133052
0.329511
0.067463
0.020562
1.617886
0.012684
3.480675
0.035756
0.750086
0.383500
0.009069
0.006456
0.040994
0.049599
0.014015
0.094246
0.018239
0.047977
0.409009
0.010354
0.040664
0.014517
0.043460
0.008579
0.029896
0.626348
0.020800
0.022705
0.287182
0.003394
0.057270
1.247484
0.004485
0.166444
0.035151
0.628872
0.031424
0.960344
0.000947
0.026333
0.116005
0.000383
0.204441
0.005619
0.059942
0.000995
0.069421
0.156102
2.138496
0.027800
0.243913
1.980014
0.493661
0.129619
0.005650
0.099099
0.026962
0.076486
0.026253
0.084003
0.051866
0.092578
0.315229
0.512332
0.020989
0.019163
0.010199
0.004145
0.009876
0.006160
0.023530
0.002182
0.555878
0.047385
0.106098
0.104581
0.006388
0.010423
0.000783
0.013497
0.232900
0.030608
0.057068
1.083714
0.506296
0.074607
0.009593
0.044067
0.001585
0.001145
0.178986
0.048253
0.161614
0.475298
0.033941
0.010655
3.975774
0.316672
0.038762
0.478569
0.012645
0.048321
0.005554
0.001495
0.205480
0.865874
0.003633
0.024182
0.070119
0.009793
3.282281
0.020993
0.004688
0.073034
0.454553
0.214704
0.150790
0.017741
0.607454
0.120974
0.008281
0.020497
0.296398
0.031334
0.003107
0.015625
0.112542
0.111408
0.651294
0.199221
0.005478
0.022284
0.007885
0.288394
0.017032
0.782410
0.009056
0.011763
0.243414
0.012710
0.291774
0.106989
1.438482
0.128218
0.024965
0.007476
0.024303
0.023817
0.347746
0.088731
0.364927
0.004763
0.244387
0.511967
0.005715
0.000849
0.018342
0.276668
0.400899
0.062971
0.349955
0.001392
0.006131
0.063796
0.046722
0.100365
0.079921
0.018961
0.014518
0.179006
0.128033
0.051436
0.847762
0.036394
0.222533
0.530228
0.005714
0.042526
0.030788
0.097639
0.003258
0.036965
0.082258
0.003559
0.289808
0.108099
0.711652
0.024428
0.001672
0.467063
0.197395
0.018499
0.005304
0.168778
0.875950
0.000941
0.073756
0.003403
0.036119
0.517658
0.018417
0.164779
0.099169
0.089871
0.116755
0.096089
0.006714
0.154264
0.001766
0.175622
0.065823
0.001235
0.074749
0.013660
0.015962
0.012678
0.002500
0.355919
0.253139
0.174154
0.209076
0.000999
0.041078
0.460215
0.147817
0.010094
0.010487
0.467691
0.372623
0.064001
0.266438
0.014110
0.078677
0.024127
0.009324
0.497813
0.003705
0.012013
0.032327
0.007150
0.002618
0.071952
0.068333
0.001013
0.216330
0.166976
0.211692
0.355846
0.008117
0.081651
0.320166
0.028724
0.161171
0.066139
0.133889
0.054943
0.015383
0.035422
0.008359
0.045816
0.001196
1.034885
0.049874
0.068452
0.004007
0.010553
0.023007
0.339519
0.386560
0.053479
0.298666
0.050121
0.008981
2.020575
0.003311
2.925456
0.007221
0.023979
0.002997
0.104436
0.008355
0.027055
0.023823
0.003848
0.090639
0.021676
0.078393
1.942736
0.228142
0.005838
0.379531
0.000881
0.007565
2.218995
0.005821
0.220814
0.006102
0.009617
0.056734
0.124918
0.034917
0.401268
1.237819
0.102531
0.243169
0.008984
0.083659
0.004807
1.452955
0.008618
0.033168
0.029426
0.195709
0.049952
0.040080
0.109498
0.535345
0.016078
0.019598
0.001505
0.026544
0.123304
0.374338
3.226724
0.171949
0.432047
0.016011
0.011019
0.080319
0.002039
0.141794
0.031394
0.134932
0.036925
0.003144
0.129720
0.011640
0.070527
0.017493
0.003285
0.016310
0.352701
0.011038
0.001875
0.003734
0.128943
0.014691
0.267583
0.099578
0.196177
0.011993
0.000458
0.100438
0.067889
0.119716
0.011368
1.796993
0.083823
0.023678
0.180550
0.128766
0.027609
0.359845
0.003325
0.683076
0.402115
0.104514
0.008160
0.434902
0.003837
0.039438
0.340208
0.006556
0.001394
0.056532
0.024405
0.012102
0.425637
1.136944
0.010366
0.205650
0.004431
0.029193
0.047331
0.070027
0.046663
0.039711
0.077976
0.046851
0.042024
0.019496
0.074549
0.046737
0.011161
0.002730
0.083271
0.161740
0.365168
0.430214
0.039609
0.036427
0.030552
0.033758
0.084999
0.041266
0.034349
0.008969
0.053157
0.062716
0.011965
0.073945
0.062945
0.837946
0.002518
0.000550
0.445345
0.042752
0.156493
0.139189
0.164059
0.051777
0.183366
0.209929
1.373477
1.060761
0.110861
0.356665
0.028092
0.001022
0.529920
0.079600
0.108602
0.016036
0.002517
0.001214
1.948094
0.019832
0.086639
0.005703
0.016088
0.323223
1.463329
0.603001
1.234921
0.027598
0.032796
0.010606
0.067702
0.018607
0.030286
0.099843
0.004847
0.046535
0.054046
0.036366
0.114666
0.234590
0.014145
0.083768
0.004489
0.080667
0.019445
0.042597
0.019512
0.363593
0.123435
0.010124
0.106786
0.237386
0.322736
0.012114
0.176595
0.041523
0.008976
0.123473
0.008666
0.307343
0.321778
0.445341
0.022744
0.126864
0.291098
0.003031
0.037547
0.018022
0.001547
0.079978
0.005413
0.024954
1.741511
0.016941
1.134031
0.202987
0.061234
0.431309
0.704030
0.063855
0.023615
0.124245
0.076739
0.281755
0.047530
0.044740
0.003665
0.013133
0.025405
0.106034
0.360844
0.163708
0.002208
0.038883
0.407404
0.011770
0.699839
0.003201
0.024259
0.018797
0.012654
0.019871
5.071229
0.019386
0.096974
0.001988
3.794225
0.260611
4.500152
3.052762
0.076655
0.907743
0.114551
0.167799
0.293796
0.435696
0.617843
1.175196
0.017083
0.043020
0.019206
0.011961
0.068616
0.058377
0.092787
0.015710
0.097217
0.076536
0.042527
0.705664
0.027746
0.068543
0.038723
0.016140
0.038982
0.021812
0.017224
0.007272
0.901874
0.604110
0.574963
0.034164
0.335143
0.016164
0.070099
0.005745
0.030814
0.009031
0.672787
0.363718
0.015915
0.047570
0.019410
0.169060
0.005727
0.005571
0.010968
0.138906
0.098555
0.002246
0.025368
2.863428
0.035913
2.682025
0.145870
0.001400
0.002722
0.011639
0.003121
0.038760
0.278868
0.982027
0.058304
0.005612
0.021458
1.407219
0.796417
0.809071
0.003901
0.025055
0.528608
0.117991
0.152376
0.078589
1.782061
0.002711
0.061674
0.016935
0.048677
0.093856
0.120892
0.021700
0.014680
0.432553
0.174782
0.011913
0.910048
0.615655
0.047041
0.731176
0.005151
0.010884
0.041789
0.058345
0.451421
0.044205
0.005551
0.004497
0.139773
0.314096
0.012312
0.025908
0.115009
0.118897
0.166665
0.014059
0.020018
0.018387
0.004572
0.017738
0.024102
0.012377
0.148634
0.046894
0.666317
0.004414
0.045459
0.059452
0.082536
0.195077
0.041918
0.157048
0.038482
0.013007
0.046896
0.199036
0.166483
0.261523
0.056525
0.090427
0.026010
0.011124
1.387734
0.091810
0.335985
0.258582
0.193669
0.037794
0.247557
2.114006
0.008285
0.007806
0.028083
0.176452
0.079036
0.000469
0.140287
0.293144
0.005291
0.077110
0.006711
0.006672
0.017968
0.086098
0.001887
0.105213
0.000739
0.003491
0.019115
0.002587
0.050356
0.020858
0.022017
0.038214
0.011924
0.019267
0.003172
0.008460
0.431088
0.055695
0.151991
0.143144
0.435723
0.203952
0.087747
0.109250
0.007065
0.100687
0.215608
0.036696
0.012152
0.026436
0.173976
0.666926
0.002671
0.052374
0.022774
0.382620
0.471720
0.025693
0.014604
0.187027
0.081518
0.334387
0.040525
1.238923
0.759665
0.253376
0.206850
2.587258
0.033547
0.086613
0.030421
0.144647
0.172578
0.001245
0.022317
1.390178
0.030844
1.409317
0.152451
0.057059
0.192576
0.006262
0.031924
0.178780
1.070654
0.005562
0.009886
0.002769
0.003385
1.391472
0.253787
0.019932
0.895712
0.055220
0.006865
0.001402
0.002890
0.018512
0.013541
0.012077
0.688307
0.006636
0.119455
0.000770
4.621530
0.021191
0.001622
3.683292
0.009792
0.078598
0.001697
0.000887
0.006033
0.133370
0.038505
0.974208
1.092575
0.012065
0.054778
0.400638
0.119289
6.193999
0.024854
0.109572
0.041902
0.988799
0.015504
0.001243
0.012656
0.003833
0.187813
0.009439
0.014360
0.524321
0.000234
0.016888
0.041116
0.015538
0.134904
0.054478
0.333854
0.015242
0.125922
0.348018
0.070506
0.821971
0.014151
0.017057
0.007405
0.008273
0.024445
0.075168
0.043604
0.006718
0.139404
0.006134
0.134045
0.013517
0.094009
0.007928
0.222512
0.017699
1.327550
0.029519
0.104835
0.000695
0.064182
0.007386
0.182898
0.036200
0.005563
0.085340
0.050844
0.278152
0.122718
0.020230
1.016978
0.096145
0.158177
0.004586
0.048084
0.031310
0.145766
0.010212
0.039436
1.332729
0.119520
0.027643
0.008480
0.000606
0.007924
0.856386
1.386048
0.010520
0.236592
0.876063
0.256772
0.054622
0.096262
0.001492
0.105146
0.014836
0.356545
0.059579
0.168882
0.132401
0.037320
0.053405
0.150269
0.079049
0.066610
0.014455
0.009429
0.005366
0.188104
0.034301
0.028094
0.250176
0.118127
0.077779
0.229908
0.021388
1.116530
0.032695
0.015636
0.001396
0.120276
0.019826
0.064535
0.032122
0.006493
0.018155
0.521156
0.121325
0.141328
0.110091
0.009995
0.057262
1.255871
0.044994
0.030122
0.247634
0.045790
0.007395
0.504210
0.160929
0.029979
0.177949
0.036617
0.779404
0.005229
0.006783
0.060100
0.002122
0.150269
0.025464
0.410598
0.219694
0.003603
0.005079
0.333471
0.086993
0.246410
2.624184
0.477196
0.147389
0.008684
0.015513
0.025428
0.036096
0.010536
0.039460
0.002889
0.219559
0.005298
0.003859
0.011564
0.203901
1.557222
0.024515
0.067385
0.009703
0.055885
0.069703
0.006321
0.008244
1.454255
0.093334
0.005115
0.072998
0.022570
0.503223
0.004908
0.052247
0.036893
0.003677
0.184331
0.096560
0.031539
0.081759
0.033881
0.145470
0.139980
0.308295
0.009843
0.020099
0.002609
0.022625
0.015384
3.269464
0.014810
0.232393
0.035412
0.235180
0.034157
0.082451
0.002059
0.010935
0.023406
0.166124
1.322481
0.075310
0.017737
0.039853
0.007469
0.992178
0.005501
0.500286
0.000998
0.221404
0.295569
0.019298
0.203936
0.711859
0.057356
0.002933
0.225357
0.010441
0.065117
0.081944
0.024780
0.013491
0.047849
0.006148
0.020479
0.263654
0.101411
0.046069
0.251588
0.016752
0.104174
0.009823
0.004805
0.020072
0.035567
0.008186
0.060472
0.012701
0.060073
0.191123
0.023652
0.358147
0.249398
0.031120
0.626056
0.652484
0.012483
0.198432
2.237070
0.066994
0.028495
0.265744
0.134091
0.009671
0.271959
0.086655
0.113864
0.062173
0.006073
0.031083
0.568141
0.004280
0.402867
0.045948
0.088873
0.852977
0.003740
0.033769
0.058774
0.006144
0.051288
0.045212
0.011299
0.007976
0.172498
0.215306
0.346306
0.005801
0.333518
0.075142
0.009284
0.004152
0.042857
0.010521
0.085750
5.861147
0.199909
0.012060
0.246454
0.047744
0.617875
0.092240
0.440376
0.258070
0.008016
0.005709
0.200538
0.148179
0.041855
0.112210
0.314478
0.071270
0.009439
0.122380
1.415778
0.900822
0.009952
0.165359
0.001387
0.161249
0.098775
0.013433
0.556116
1.500121
0.003688
0.399097
0.044389
0.028776
0.031429
0.011324
0.139125
0.814088
0.014479
0.025176
1.543496
2.030506
0.011573
0.000688
0.028894
0.207706
0.843159
0.064345
0.004576
0.015752
0.077225
0.013155
0.393189
0.861436
0.001274
0.012363
0.034917
0.008335
0.005603
0.011779
0.293892
0.081170
0.480772
0.050743
0.043905
0.024643
0.061694
0.001447
0.232215
0.192851
0.005477
0.061145
0.064237
0.043168
0.101936
0.007081
0.008567
0.119665
0.102637
0.011539
0.021544
0.001101
0.399134
0.023845
0.047209
0.002809
0.050285
0.002955
0.040421
0.381829
0.022918
0.011153
0.006724
0.108889
0.077916
0.003206
0.392240
0.030257
0.191933
0.818370
0.243129
0.414388
0.051196
0.006692
0.032085
0.249197
0.092318
0.376717
2.409724
1.192588
0.003936
0.064463
0.042938
0.456771
0.016600
0.904146
0.001606
0.144080
0.035659
0.011848
0.001784
0.013825
0.071406
0.003340
0.021005
0.130303
0.020144
0.026144
0.002669
0.006545
0.160431
0.111712
0.163997
0.101079
0.012159
0.049586
0.003768
0.182960
0.019891
0.394222
0.081688
0.111285
2.610514
0.020627
0.062192
0.485232
0.001647
0.008087
0.342362
0.017143
0.286734
0.157498
0.013185
0.016243
0.259532
0.121004
0.074899
0.005331
0.016610
0.105233
0.023748
0.150207
0.002008
0.078820
0.003599
0.005161
0.043957
0.120641
0.085199
0.307295
0.112001
0.014627
0.063825
0.548408
1.290523
0.001696
1.744548
0.036548
0.002633
0.000831
0.065489
0.007000
0.124151
0.686992
0.020821
0.396636
0.062031
0.013363
0.089791
0.012437
0.004447
0.114667
0.004637
0.001832
0.005263
0.182976
0.182069
0.158915
0.019050
0.490506
0.150331
0.217656
0.014599
0.018058
0.033785
0.003826
0.010217
0.008778
0.075414
0.227042
0.008485
0.005419
0.567076
0.000991
0.437552
0.042137
0.011827
0.006734
0.213810
0.038041
0.133589
0.001674
0.031344
0.080732
0.024155
0.252206
0.040014
0.073578
0.020565
0.165684
0.152012
0.742341
0.070207
0.011239
0.004346
0.253887
0.004859
0.014012
0.049325
0.000658
0.001661
0.227354
0.041595
0.018036
0.007841
0.207434
0.101429
0.178724
0.653982
0.008766
0.265111
0.209534
0.567395
0.002128
0.023735
0.092640
0.377163
0.065823
0.004933
0.007250
0.013464
0.031892
0.028666
0.016127
0.321909
0.428952
0.221844
0.023513
0.008474
0.031504
0.053813
0.014889
0.046032
0.008458
0.268333
0.083673
0.437456
0.816482
0.035978
4.229850
0.040577
0.028542
0.132916
0.003116
0.364599
0.384132
0.067187
0.038801
0.124456
0.000752
0.084195
0.027566
0.049788
0.010486
0.005153
0.018371
0.019219
0.006931
0.192339
0.009891
0.136695
0.099717
0.027093
0.015733
0.012027
0.045755
0.527085
0.019694
0.020534
0.010143
0.032714
0.002722
0.021152
0.028592
0.141287
0.028624
0.063087
0.027406
0.011677
0.103685
0.047308
0.035629
0.006177
0.303104
0.004081
0.020164
0.015126
0.388077
0.164477
0.055314
0.005084
0.009746
0.163217
0.916440
0.010368
0.850199
0.064814
0.769077
0.795435
0.234491
0.025807
0.114134
0.218780
0.097798
0.544529
0.070374
0.009412
0.080323
0.007041
0.005594
0.075871
0.002726
0.220860
0.032558
0.041550
0.042260
0.005946
0.021500
0.018778
0.050523
0.009025
0.006860
0.010909
0.112404
0.882348
0.002777
0.206783
0.412560
0.086646
1.285583
0.054759
0.151715
0.081284
0.029173
0.051501
0.057076
0.743295
0.030644
0.782517
2.033728
0.053938
0.065991
0.005050
0.012115
0.003326
0.002904
0.858345
0.376973
0.012244
1.691990
0.188574
0.052519
5.756948
0.019590
0.381600
0.002622
0.237819
0.177672
0.023815
0.176686
0.003827
0.005516
0.004427
0.024295
0.068634
0.195197
0.096938
0.057739
0.031380
0.003924
0.010017
0.026158
0.327063
0.008716
0.002866
0.012082
0.005711
0.266565
0.419232
0.053229
0.044133
0.004273
0.086227
0.231321
0.003021
0.614352
1.602878
0.083169
0.000337
0.064659
0.164622
0.022779
0.000654
0.127877
0.119661
0.104218
0.051149
0.037277
0.094182
0.610770
24.824946
0.075798
0.027385
0.020177
0.075161
0.073573
0.106081
0.198348
0.031731
1.648339
0.002544
0.028152
0.006493
0.043927
0.237856
0.097158
0.133481
0.082075
0.514423
0.344118
7.073636
0.011886
0.028379
0.166510
0.081118
0.002392
0.021277
0.037231
0.019696
0.029305
0.006388
0.001354
0.102961
0.025838
0.033208
0.021378
0.024605
0.017318
0.052891
1.261318
0.024916
0.070219
0.027878
0.063439
0.005067
0.095476
0.097072
0.818538
0.010894
0.014154
0.085541
0.023407
0.140777
0.142655
0.086351
0.355558
0.006997
0.012797
0.223633
0.020831
0.231499
0.076849
0.006738
0.079974
0.025184
0.018217
0.033118
0.154185
0.085481
0.103093
0.010512
0.044973
0.081595
0.053776
0.102867
0.096713
0.006517
0.012168
0.022199
0.069249
0.792450
0.006408
0.018095
0.119048
0.112189
0.033766
0.302293
0.005626
0.045227
0.023780
0.339282
0.008764
0.005748
0.014140
0.036639
0.003904
0.067979
0.005664
0.027353
0.025502
0.019831
0.007030
0.064778
0.002146
0.017750
0.008288
0.051371
0.004675
0.028261
0.149380
0.029998
0.120247
0.005336
0.177099
0.023190
0.115740
0.231836
0.120233
0.025407
0.018766
0.015013
0.211469
0.007555
0.030225
0.842283
0.010361
0.088667
0.071292
0.117967
0.002278
0.122059
0.034783
0.496961
0.012897
0.003905
0.740971
0.040744
0.003590
0.321066
0.005094
0.073032
0.596046
0.554031
0.001066
0.011894
0.340456
0.111883
0.066742
1.599169
0.009415
0.002139
0.009735
0.004039
0.004509
0.893569
0.020225
0.043281
0.032965
0.043308
0.005135
0.025009
0.007301
0.029014
0.037798
0.071666
0.134941
0.148225
0.434728
0.094188
0.004251
0.014870
0.003967
0.010752
0.181766
0.187522
0.001814
0.016457
0.439825
0.335045
0.063231
0.020014
0.004585
0.246816
0.051067
0.009785
1.931995
2.393273
2.685107
0.013329
0.242672
0.366252
0.048375
0.021408
0.346932
0.014241
0.003636
0.108352
0.008388
0.095129
0.037371
0.016667
0.079210
0.181078
0.434661
0.058465
0.042920
0.037539
2.206566
0.025232
1.552810
0.076375
0.031270
0.098709
0.004032
0.042044
0.109422
1.129109
0.002002
0.004059
0.048452
0.043364
0.593643
0.050421
0.590849
0.019130
0.050388
0.010526
0.000816
0.053073
0.019075
0.047318
0.033000
0.185619
0.145324
0.016483
0.003204
0.004924
0.007547
0.029601
0.022547
0.023916
0.008233
0.085864
0.096017
0.029187
0.186065
0.002909
1.192592
0.125865
0.736834
0.120754
0.008260
0.884013
0.168926
0.008769
0.028138
0.158822
0.064207
0.485638
0.200858
0.007856
0.005018
0.017602
0.025662
0.005764
0.048798
0.156818
0.073504
0.118348
0.095305
0.011040
0.105666
0.023489
0.115760
0.009879
0.011872
0.010206
0.059236
0.001173
0.005094
0.002040
0.119632
0.114756
0.002166
0.006838
0.008018
0.001320
0.152297
0.007730
1.744908
0.331332
0.069479
0.050754
0.211443
0.119886
0.005056
0.007534
0.108446
0.077421
0.049300
0.001685
0.048055
0.051391
0.133719
0.038426
0.021634
0.008233
0.318435
0.103789
0.577921
0.007979
0.105917
0.080839
0.092970
0.182901
0.061070
0.003225
0.018210
0.586896
0.095866
0.080777
0.055624
0.014591
0.023577
0.115739
0.030445
2.637854
1.195370
0.088373
0.016019
0.036143
0.004190
0.446866
0.113388
0.017460
0.004022
0.206765
1.620101
0.026824
0.284334
0.111939
0.065256
0.025816
0.028028
0.271424
0.072689
0.005557
0.017248
0.008551
0.053240
0.001920
0.075103
0.014289
0.009749
0.030169
0.048103
0.016752
0.015676
0.455348
0.043375
0.033537
0.055930
0.188487
0.046054
0.014174
0.012729
0.046321
0.309676
0.080770
0.004288
0.030596
0.026423
0.173108
0.000751
0.584036
0.086295
0.009983
0.308908
0.145669
0.004410
0.367751
0.177237
0.014892
0.539925
0.053683
1.050798
0.003872
0.009331
0.261540
0.155215
0.073836
0.154147
0.085551
0.276081
0.524480
0.053282
0.207728
1.479673
0.017590
0.048753
0.049363
0.001576
0.003418
0.813998
0.347989
0.051910
0.005048
0.141889
0.126569
0.155624
0.046559
0.003673
0.212784
0.011427
0.032616
2.519452
0.035786
0.030336
0.011154
0.429391
0.013772
1.253899
0.083280
0.039723
0.003438
0.020815
0.025681
0.076240
0.015409
0.150713
0.040120
0.004521
1.176056
0.163205
0.007551
0.013043
0.005504
0.110725
0.041155
0.170729
0.024781
0.015551
0.022049
0.001050
0.099479
0.163764
0.124410
0.354993
0.132286
0.041645
0.391562
0.037774
0.001531
0.007979
0.295558
0.005717
0.403911
0.005372
0.014548
0.025867
3.887342
0.113363
0.005967
0.054258
0.050014
1.040885
0.059730
0.016456
2.547827
0.191519
0.199811
0.221158
0.050017
0.149008
0.048023
0.007407
0.094036
0.007692
1.562639
0.042287
0.000662
0.084579
0.033341
0.406507
0.162055
0.690195
0.001206
0.017976
1.324863
0.001966
0.037087
0.042140
0.002195
0.001667
0.568666
0.238847
0.769428
0.577085
0.175516
0.859329
0.003727
0.059636
0.051564
0.262896
0.058983
0.081126
0.007539
0.017690
0.007389
0.117999
0.002989
0.055074
0.020506
0.245187
0.106249
0.233920
0.034799
0.146927
0.159326
0.142370
0.046686
0.044305
3.290546
0.661467
0.443190
0.015505
0.018625
0.029637
0.026847
0.024292
0.018327
0.507909
0.318370
0.032079
0.039800
0.009949
0.058773
0.021885
0.421765
0.185370
0.022479
0.000245
0.485003
0.601659
0.191749
0.193277
0.004284
0.026017
0.309447
0.000430
0.091103
0.080782
0.030059
0.440715
0.089650
0.205686
0.029121
0.026674
0.036761
0.060532
0.002139
0.026068
0.005044
0.012756
0.091557
0.001536
0.513983
0.069687
0.016992
0.043957
2.229970
0.017092
0.221076
0.181979
0.042024
0.175864
0.092016
0.008163
0.248199
0.192330
0.303718
0.005984
0.257976
0.019143
0.305244
0.036529
0.046156
0.250039
0.013667
0.013602
0.006865
0.162733
0.071398
0.286183
0.058867
0.165281
0.023185
0.007374
0.059085
0.004106
0.020271
0.008415
0.016673
0.000630
0.000775
0.253728
0.002549
0.037539
0.031974
0.461883
0.018392
0.313115
0.105484
0.032647
0.054182
0.047429
0.114238
0.037134
0.006297
0.006103
0.027578
0.009622
0.188450
3.044658
0.077193
0.100916
0.039936
0.100464
0.041945
0.029366
0.242995
2.935457
0.048525
0.017178
0.009225
0.022471
0.042047
0.279743
0.565918
0.081613
0.021630
0.093572
0.128927
0.159693
2.912137
0.046984
0.003595
0.576970
0.075351
1.034893
0.017131
0.448531
0.007756
0.042465
0.085945
0.061099
0.012519
0.198286
0.008688
0.124079
0.013955
0.007247
0.070499
0.122350
0.063433
0.115983
0.015423
0.099368
0.002180
0.021263
0.007053
0.065700
0.023437
0.007791
0.012002
0.500455
0.586952
0.038828
0.079004
0.098841
0.150588
0.019474
0.016980
0.192254
0.901357
0.141502
0.063345
0.051498
0.746573
0.121054
0.131960
0.037059
0.004026
0.042391
0.119214
0.115213
0.016058
0.847498
0.017896
0.002854
0.007566
0.101349
0.082819
0.003604
0.004723
0.017541
0.048815
0.009628
0.030534
0.571015
0.000137
0.257507
0.326147
0.186163
0.314041
0.109434
0.189038
0.102415
0.038710
0.025570
0.002066
0.042249
0.012179
0.043648
0.512420
0.042207
0.003001
0.012385
0.008437
0.060646
0.010841
0.029275
0.060221
0.002256
0.097833
0.025953
0.002770
0.303084
0.021686
0.022215
0.033557
0.011717
0.195974
0.054888
0.002889
0.004177
0.019455
0.168631
0.104212
0.112059
1.006172
2.365437
0.121385
0.021257
0.002764
0.032763
0.134732
0.000935
0.021794
0.135804
0.063349
0.033401
0.056890
0.010197
1.188728
0.075519
0.010516
0.194854
0.025748
0.008410
0.014361
0.015102
0.013986
0.567515
0.167788
0.061175
0.213518
0.016927
0.031597
0.040258
0.013059
0.159862
0.025108
0.377498
0.023872
0.137384
0.068488
0.038254
0.005701
0.325917
0.443320
0.032920
0.151460
0.118841
0.753723
0.115329
0.500126
0.011324
0.019275
0.020907
0.711652
0.133753
0.017098
0.031532
0.060228
0.023471
3.060998
0.003920
0.159671
0.155187
0.012065
0.056185
0.087406
0.044780
0.146173
0.035013
0.475318
0.057328
0.005017
0.021743
0.022937
0.011918
0.001772
11.336884
0.087556
1.764499
0.113136
0.396585
0.048520
0.096886
0.089216
0.011271
0.003106
0.004360
0.073175
0.007396
9.905181
0.048147
0.317272
0.018650
6.245813
0.124122
0.584516
0.074347
0.021402
0.001609
0.161529
0.038607
0.002534
0.791489
0.041329
0.001209
0.145620
0.032277
0.012250
0.000343
0.084515
0.349808
0.004494
0.008062
1.097696
0.005830
0.263584
0.053271
0.006155
0.063749
0.221036
0.005950
0.353821
0.120826
0.033494
0.035949
0.022585
0.012089
0.201575
0.044259
0.003871
1.187693
0.017838
0.064309
0.009620
0.189109
0.026020
0.054917
0.258153
0.562037
0.102447
0.140441
0.817404
0.007839
0.098440
0.049637
0.078215
1.121516
0.012399
0.180716
0.029604
0.001034
0.042611
0.065095
0.005094
0.335537
0.195755
0.020371
0.019862
0.003553
0.009424
5.329222
0.160347
0.003038
0.131757
0.069081
0.039921
0.036872
0.008356
0.010384
1.491640
0.407835
0.017128
0.765904
0.044487
0.028130
0.010921
0.007076
0.015544
0.014652
0.007809
0.079497
0.149126
0.097809
0.001248
0.039120
0.071165
1.665443
0.058378
0.075899
0.013922
0.019613
0.138786
0.003111
0.062263
0.002598
0.003501
0.023960
0.175923
0.617080
0.048945
0.007016
0.461279
0.009728
1.414861
0.034486
0.052538
0.061372
0.572114
0.072834
0.000048
1.242807
0.019735
0.341890
0.078912
0.048620
0.003709
0.051113
0.312218
0.000993
0.334006
0.055213
0.022513
0.032431
0.447990
0.101351
0.050425
0.004835
0.042691
0.097647
0.165401
0.081478
0.077713
0.000541
0.174658
0.054045
0.027609
0.009341
1.190091
0.542985
0.280314
0.130477
0.046385
0.045415
0.005257
0.010338
0.022579
0.059382
0.014869
0.072319
0.147149
0.005987
0.006938
0.008886
0.170607
0.014486
0.254414
0.632933
1.489215
1.254243
0.023904
0.007448
0.005153
0.631495
0.219991
0.104987
0.026193
0.214508
0.564868
0.149301
0.005247
0.002318
0.005477
0.009540
0.534917
0.012041
0.001455
0.016343
0.006195
0.013910
0.046798
0.319228
0.002853
1.002963
0.323787
0.075130
0.044950
0.016545
2.219267
0.015711
0.369752
0.132566
0.147146
0.051949
0.018160
1.611166
0.039114
0.051734
0.095182
0.061434
0.130628
0.018499
0.046940
0.068416
0.013036
0.032251
0.001872
0.108611
0.309655
0.146087
0.013049
0.043839
0.009715
0.000893
0.081493
0.022810
0.015017
0.796720
0.008203
3.400189
0.016045
0.071946
0.002784
0.024669
0.015171
0.030971
0.248493
0.139711
0.057389
0.075127
0.025213
0.614734
0.011474
0.019916
0.002337
0.011324
0.083791
0.108986
0.104363
0.128358
0.016660
0.059436
0.001218
0.031375
0.075222
0.082035
0.023166
0.110746
0.008781
0.813841
0.067869
0.158087
0.556677
0.364951
0.064119
0.007142
1.256220
1.118257
0.002855
0.206799
0.006238
0.003553
0.013725
0.002921
0.127154
0.023239
0.200882
0.052402
0.040461
0.089035
0.093204
0.062617
0.237915
3.885159
0.306333
0.049617
0.004782
0.008761
0.173742
0.967670
0.000688
0.015887
0.071234
0.055180
0.008751
0.030342
0.032727
0.114185
1.362026
0.014268
0.037030
0.033647
0.011259
0.173391
0.397552
0.008822
1.823635
0.004396
0.188835
0.035807
0.032428
0.631808
0.228766
0.454328
0.004336
0.505578
0.388555
0.031679
0.001176
0.060372
0.003734
0.016865
0.145107
0.002590
0.046137
0.034947
0.658539
0.210024
1.255980
0.015088
0.019529
0.052617
1.442348
0.007608
0.264744
0.011741
0.009418
0.034824
0.031179
0.068902
0.035201
0.002002
0.006406
4.426385
0.184866
0.003788
0.332545
